-116.0 -189.0 -171.0 -153.0 -249.0 -115.0 20.0 
-133.0 -230.0 -176.0 -109.0 -87.0 -68.0 19.0 
54.0 -36.0 -89.0 -61.0 -74.0 -46.0 39.0 
51.0 80.0 14.0 -17.0 -50.0 -107.0 57.0 
-2.0 -66.0 26.0 14.0 -25.0 -131.0 -101.0 
-64.0 -138.0 -145.0 -125.0 -95.0 -44.0 -58.0 
-105.0 -69.0 -121.0 -157.0 -87.0 -32.0 -9.0 
-116.0 -167.0 -174.0 -173.0 -90.0 -86.0 -121.0 
-180.0 -224.0 -240.0 -198.0 -82.0 -10.0 -40.0 
-185.0 -242.0 -148.0 -74.0 -118.0 -179.0 -163.0 
-159.0 -144.0 -176.0 -301.0 -221.0 -24.0 -28.0 
-166.0 -202.0 -122.0 -208.0 -211.0 -15.0 -5.0 
-21.0 41.0 33.0 39.0 -9.0 -13.0 79.0 
135.0 176.0 141.0 161.0 91.0 38.0 62.0 
112.0 242.0 103.0 74.0 145.0 133.0 102.0 
26.0 36.0 37.0 99.0 83.0 84.0 42.0 
-136.0 -75.0 22.0 9.0 -51.0 -243.0 -285.0 
-194.0 -187.0 -199.0 -328.0 -458.0 -416.0 -317.0 
-340.0 -351.0 -250.0 -310.0 -371.0 -280.0 -152.0 
-31.0 -154.0 -259.0 -115.0 -27.0 -22.0 -61.0 
-32.0 15.0 60.0 47.0 -147.0 -90.0 14.0 
11.0 17.0 -12.0 -15.0 -76.0 -44.0 -8.0 
-7.0 -98.0 -124.0 -74.0 -125.0 -87.0 -81.0 
-129.0 -120.0 -14.0 -18.0 -150.0 -196.0 -85.0 
-17.0 -131.0 -34.0 16.0 -110.0 -35.0 -1.0 
-90.0 -132.0 -33.0 123.0 95.0 24.0 -13.0 
4.0 88.0 45.0 59.0 48.0 -37.0 -68.0 
-140.0 -51.0 -4.0 -59.0 -35.0 -127.0 -220.0 
-212.0 -160.0 -80.0 -105.0 -186.0 -145.0 -144.0 
-224.0 -308.0 -267.0 -155.0 -128.0 -164.0 -182.0 
-71.0 -120.0 -236.0 -280.0 -212.0 -95.0 -151.0 
-111.0 -130.0 -189.0 -107.0 -120.0 -84.0 -3.0 
-32.0 -38.0 -36.0 -88.0 -85.0 7.0 96.0 
175.0 197.0 63.0 -66.0 -64.0 30.0 103.0 
68.0 133.0 111.0 -20.0 -43.0 -79.0 -39.0 
-54.0 -55.0 -2.0 -41.0 -23.0 -65.0 -140.0 
-56.0 14.0 -74.0 -130.0 -112.0 -105.0 -136.0 
-124.0 4.0 11.0 -113.0 -169.0 -150.0 -77.0 
19.0 32.0 30.0 19.0 -85.0 -198.0 -141.0 
-28.0 -25.0 23.0 -48.0 -112.0 -114.0 -131.0 
-86.0 -171.0 -180.0 -130.0 -176.0 -244.0 -217.0 
-184.0 -179.0 3.0 96.0 108.0 4.0 -160.0 
-75.0 -29.0 -26.0 32.0 49.0 55.0 23.0 
-8.0 -6.0 -11.0 -54.0 -75.0 6.0 59.0 
72.0 127.0 132.0 96.0 -14.0 -15.0 146.0 
67.0 -7.0 90.0 103.0 -27.0 -69.0 33.0 
-86.0 -89.0 -18.0 -104.0 -9.0 -4.0 -79.0 
-72.0 -134.0 -32.0 77.0 24.0 28.0 -56.0 
-85.0 27.0 81.0 100.0 1.0 -87.0 -86.0 
-70.0 -15.0 47.0 50.0 -2.0 8.0 -18.0 
3.0 30.0 -8.0 36.0 -46.0 -9.0 39.0 
-56.0 5.0 69.0 55.0 -11.0 71.0 168.0 
61.0 24.0 31.0 -74.0 -25.0 58.0 31.0 
101.0 72.0 1.0 -42.0 -114.0 -43.0 53.0 
114.0 81.0 16.0 -60.0 -171.0 -55.0 23.0 
30.0 40.0 -28.0 3.0 -76.0 -154.0 -30.0 
5.0 -24.0 116.0 177.0 43.0 -29.0 53.0 
173.0 201.0 205.0 178.0 120.0 74.0 51.0 
184.0 231.0 152.0 197.0 153.0 78.0 36.0 
19.0 179.0 232.0 158.0 73.0 -5.0 -28.0 
0.0 116.0 145.0 115.0 69.0 -25.0 -55.0 
7.0 60.0 98.0 160.0 150.0 139.0 147.0 
130.0 82.0 116.0 235.0 260.0 269.0 221.0 
206.0 149.0 28.0 77.0 86.0 123.0 124.0 
45.0 -17.0 -122.0 -84.0 -49.0 -46.0 -52.0 
-107.0 34.0 92.0 -33.0 64.0 16.0 -93.0 
50.0 25.0 68.0 45.0 -69.0 36.0 52.0 
-4.0 -58.0 -10.0 133.0 95.0 -28.0 -19.0 
15.0 92.0 146.0 228.0 285.0 160.0 188.0 
160.0 135.0 220.0 273.0 331.0 194.0 134.0 
97.0 127.0 240.0 215.0 184.0 21.0 29.0 
144.0 51.0 1.0 131.0 174.0 -6.0 -4.0 
42.0 -24.0 -11.0 35.0 14.0 -76.0 4.0 
7.0 -83.0 40.0 12.0 -55.0 47.0 61.0 
72.0 53.0 -15.0 -35.0 9.0 109.0 131.0 
130.0 39.0 24.0 166.0 161.0 151.0 223.0 
224.0 224.0 239.0 184.0 302.0 428.0 311.0 
265.0 298.0 340.0 392.0 367.0 319.0 215.0 
116.0 188.0 327.0 362.0 212.0 36.0 15.0 
11.0 41.0 205.0 241.0 90.0 9.0 2.0 
-55.0 -48.0 23.0 83.0 137.0 43.0 -28.0 
6.0 101.0 137.0 40.0 44.0 72.0 50.0 
87.0 167.0 69.0 -46.0 33.0 58.0 24.0 
60.0 43.0 -20.0 110.0 205.0 123.0 131.0 
183.0 200.0 224.0 253.0 246.0 254.0 201.0 
133.0 233.0 309.0 349.0 282.0 198.0 177.0 
67.0 55.0 114.0 165.0 203.0 144.0 47.0 
20.0 -39.0 -65.0 63.0 119.0 47.0 -7.0 
12.0 7.0 1.0 4.0 94.0 245.0 157.0 
90.0 121.0 25.0 40.0 204.0 193.0 182.0 
252.0 96.0 51.0 143.0 170.0 138.0 175.0 
279.0 144.0 69.0 22.0 -40.0 49.0 65.0 
72.0 43.0 44.0 -7.0 -29.0 70.0 -38.0 
-33.0 24.0 -46.0 3.0 32.0 37.0 -30.0 
-21.0 40.0 -101.0 0.0 85.0 -2.0 45.0 
58.0 144.0 148.0 138.0 150.0 76.0 101.0 
110.0 177.0 202.0 149.0 245.0 227.0 170.0 
204.0 193.0 185.0 83.0 62.0 54.0 139.0 
330.0 181.0 105.0 177.0 179.0 77.0 -57.0 
46.0 175.0 197.0 83.0 95.0 236.0 168.0 
152.0 165.0 141.0 242.0 328.0 398.0 402.0 
327.0 271.0 209.0 302.0 294.0 193.0 250.0 
300.0 291.0 188.0 165.0 91.0 -65.0 -13.0 
-26.0 -137.0 -62.0 -17.0 -100.0 -155.0 -218.0 
-167.0 8.0 -56.0 -232.0 -186.0 -39.0 71.0 
73.0 101.0 159.0 181.0 277.0 300.0 276.0 
325.0 381.0 426.0 504.0 515.0 437.0 470.0 
508.0 416.0 370.0 389.0 330.0 248.0 298.0 
415.0 358.0 260.0 186.0 165.0 152.0 12.0 
4.0 117.0 176.0 120.0 -40.0 -183.0 -204.0 
-134.0 -40.0 -25.0 27.0 27.0 -93.0 -105.0 
-53.0 -23.0 -31.0 51.0 94.0 54.0 -26.0 
48.0 125.0 8.0 67.0 29.0 7.0 55.0 
35.0 120.0 135.0 235.0 218.0 115.0 111.0 
143.0 283.0 244.0 314.0 282.0 222.0 364.0 
223.0 226.0 200.0 39.0 194.0 298.0 325.0 
343.0 202.0 195.0 232.0 210.0 258.0 181.0 
91.0 166.0 263.0 294.0 160.0 -2.0 90.0 
285.0 333.0 162.0 62.0 66.0 103.0 199.0 
248.0 264.0 177.0 114.0 33.0 -16.0 78.0 
144.0 243.0 298.0 267.0 241.0 144.0 136.0 
204.0 259.0 316.0 255.0 273.0 274.0 126.0 
164.0 281.0 227.0 121.0 226.0 332.0 265.0 
398.0 270.0 36.0 200.0 206.0 207.0 187.0 
95.0 172.0 153.0 141.0 133.0 77.0 60.0 
109.0 210.0 81.0 28.0 94.0 28.0 77.0 
154.0 240.0 176.0 32.0 69.0 88.0 228.0 
281.0 146.0 133.0 128.0 141.0 192.0 206.0 
222.0 243.0 201.0 253.0 306.0 165.0 116.0 
217.0 411.0 456.0 326.0 203.0 110.0 168.0 
258.0 303.0 259.0 213.0 175.0 64.0 54.0 
102.0 160.0 243.0 209.0 123.0 25.0 -69.0 
-29.0 17.0 38.0 64.0 50.0 -26.0 -126.0 
-127.0 -99.0 -26.0 25.0 -77.0 -81.0 -7.0 
-93.0 -2.0 67.0 -65.0 51.0 51.0 -35.0 
23.0 55.0 69.0 92.0 223.0 210.0 155.0 
206.0 130.0 183.0 286.0 240.0 299.0 264.0 
205.0 234.0 151.0 110.0 166.0 260.0 175.0 
91.0 77.0 7.0 59.0 4.0 37.0 49.0 
-81.0 -60.0 -71.0 -11.0 17.0 -37.0 -48.0 
-25.0 3.0 -63.0 -14.0 126.0 101.0 35.0 
108.0 131.0 115.0 176.0 173.0 217.0 244.0 
185.0 177.0 142.0 194.0 158.0 125.0 214.0 
181.0 170.0 139.0 114.0 170.0 190.0 71.0 
65.0 164.0 101.0 26.0 69.0 174.0 97.0 
16.0 41.0 9.0 6.0 -22.0 -74.0 -25.0 
8.0 -45.0 -120.0 -113.0 -15.0 3.0 -76.0 
-90.0 -44.0 -137.0 -145.0 -33.0 16.0 -19.0 
-63.0 -5.0 0.0 59.0 55.0 15.0 108.0 
109.0 123.0 99.0 77.0 120.0 76.0 133.0 
154.0 205.0 235.0 137.0 240.0 301.0 239.0 
124.0 147.0 224.0 139.0 192.0 269.0 192.0 
225.0 340.0 136.0 107.0 285.0 156.0 96.0 
123.0 221.0 254.0 133.0 143.0 91.0 -25.0 
-68.0 47.0 143.0 133.0 92.0 -45.0 -117.0 
-173.0 -69.0 64.0 -49.0 -121.0 -113.0 -210.0 
-234.0 -86.0 -37.0 -106.0 -64.0 -24.0 -71.0 
6.0 89.0 64.0 17.0 116.0 140.0 96.0 
177.0 130.0 233.0 248.0 83.0 138.0 164.0 
123.0 120.0 194.0 127.0 79.0 185.0 106.0 
30.0 113.0 138.0 72.0 93.0 42.0 100.0 
171.0 0.0 -69.0 -41.0 67.0 196.0 153.0 
0.0 57.0 54.0 -60.0 46.0 94.0 149.0 
116.0 -41.0 -66.0 -26.0 88.0 25.0 -78.0 
64.0 44.0 -18.0 -23.0 -81.0 8.0 54.0 
-43.0 -73.0 17.0 -44.0 -104.0 -24.0 -66.0 
-112.0 -25.0 -35.0 -89.0 58.0 87.0 27.0 
-30.0 13.0 86.0 -16.0 26.0 148.0 253.0 
57.0 -34.0 252.0 130.0 19.0 78.0 -10.0 
22.0 97.0 40.0 -103.0 -116.0 -50.0 -124.0 
-28.0 84.0 -74.0 -69.0 -100.0 -68.0 -26.0 
-49.0 39.0 -82.0 -71.0 -82.0 -139.0 -126.0 
-82.0 -11.0 -79.0 -40.0 -152.0 -175.0 -62.0 
-67.0 -59.0 -143.0 -107.0 -128.0 -167.0 -150.0 
-184.0 -113.0 -179.0 -183.0 -113.0 -224.0 -289.0 
-279.0 -201.0 -275.0 -310.0 -214.0 -197.0 -245.0 
-420.0 -298.0 -137.0 -102.0 -79.0 -146.0 -254.0 
-257.0 56.0 85.0 -58.0 -5.0 -138.0 -125.0 
103.0 -1.0 -176.0 -118.0 -12.0 -1.0 -146.0 
-315.0 -236.0 0.0 -5.0 -243.0 -291.0 -234.0 
-233.0 -165.0 -251.0 -258.0 -76.0 -51.0 -260.0 
-396.0 -285.0 -181.0 -182.0 -127.0 -78.0 -175.0 
-180.0 -260.0 -300.0 -226.0 -180.0 -222.0 -332.0 
-245.0 -175.0 -109.0 -292.0 -414.0 -153.0 -166.0 
-394.0 -354.0 -195.0 -191.0 -239.0 -279.0 -258.0 
-305.0 -282.0 -316.0 -266.0 32.0 -217.0 -331.0 
-189.0 -236.0 -8.0 -167.0 -309.0 -181.0 -205.0 
-123.0 -142.0 -136.0 -272.0 -317.0 -252.0 -366.0 
-327.0 -278.0 -242.0 -349.0 -423.0 -482.0 -458.0 
-197.0 -338.0 -428.0 -376.0 -372.0 -296.0 -293.0 
-293.0 -379.0 -183.0 -155.0 -393.0 -153.0 -100.0 
-348.0 -208.0 -79.0 -104.0 -55.0 -37.0 -179.0 
-293.0 -45.0 -80.0 -260.0 -100.0 -88.0 -264.0 
-257.0 -182.0 -256.0 -277.0 -336.0 -489.0 -473.0 
-302.0 -358.0 -366.0 -357.0 -506.0 -434.0 -519.0 
-526.0 -352.0 -295.0 -302.0 -359.0 -450.0 -526.0 
-343.0 -255.0 -326.0 -467.0 -522.0 -416.0 -321.0 
-184.0 -333.0 -573.0 -577.0 -519.0 -509.0 -390.0 
-296.0 -324.0 -305.0 -380.0 -454.0 -390.0 -379.0 
-286.0 -113.0 -198.0 -298.0 -300.0 -302.0 -189.0 
-136.0 -244.0 -259.0 -102.0 -155.0 -322.0 -197.0 
-107.0 -215.0 -249.0 -207.0 -304.0 -366.0 -288.0 
-443.0 -525.0 -430.0 -476.0 -455.0 -483.0 -495.0 
-466.0 -624.0 -638.0 -639.0 -644.0 -559.0 -488.0 
-350.0 -476.0 -517.0 -472.0 -636.0 -517.0 -396.0 
-301.0 -213.0 -383.0 -499.0 -550.0 -381.0 -130.0 
-152.0 -217.0 -347.0 -533.0 -479.0 -325.0 -138.0 
-100.0 -320.0 -302.0 -329.0 -431.0 -402.0 -431.0 
-322.0 -304.0 -364.0 -437.0 -630.0 -570.0 -439.0 
-503.0 -471.0 -473.0 -531.0 -505.0 -500.0 -508.0 
-507.0 -454.0 -431.0 -477.0 -512.0 -428.0 -235.0 
-102.0 -192.0 -343.0 -342.0 -294.0 -193.0 -11.0 
30.0 -110.0 -164.0 -165.0 -163.0 -196.0 -392.0 
-340.0 -166.0 -166.0 -214.0 -552.0 -604.0 -481.0 
-571.0 -471.0 -472.0 -533.0 -693.0 -786.0 -663.0 
-628.0 -587.0 -715.0 -795.0 -743.0 -740.0 -739.0 
-713.0 -601.0 -646.0 -719.0 -641.0 -509.0 -615.0 
-680.0 -488.0 -434.0 -408.0 -484.0 -554.0 -494.0 
-427.0 -440.0 -523.0 -406.0 -441.0 -515.0 -481.0 
-474.0 -313.0 -434.0 -547.0 -489.0 -459.0 -449.0 
-523.0 -490.0 -514.0 -486.0 -454.0 -531.0 -511.0 
-336.0 -303.0 -459.0 -369.0 -343.0 -483.0 -411.0 
-292.0 -153.0 -166.0 -338.0 -414.0 -495.0 -365.0 
-272.0 -304.0 -214.0 -338.0 -448.0 -446.0 -523.0 
-436.0 -393.0 -509.0 -519.0 -552.0 -503.0 -455.0 
-648.0 -705.0 -763.0 -619.0 -506.0 -699.0 -610.0 
-730.0 -667.0 -626.0 -879.0 -580.0 -484.0 -655.0 
-690.0 -699.0 -631.0 -819.0 -956.0 -565.0 -518.0 
-742.0 -612.0 -744.0 -712.0 -634.0 -794.0 -600.0 
-594.0 -705.0 -647.0 -591.0 -580.0 -668.0 -586.0 
-547.0 -542.0 -480.0 -568.0 -533.0 -350.0 -457.0 
-559.0 -405.0 -389.0 -339.0 -371.0 -425.0 -301.0 
-412.0 -366.0 -226.0 -349.0 -296.0 -344.0 -323.0 
-267.0 -549.0 -469.0 -294.0 -296.0 -483.0 -674.0 
-450.0 -528.0 -718.0 -582.0 -514.0 -476.0 -521.0 
-622.0 -518.0 -506.0 -634.0 -495.0 -439.0 -611.0 
-735.0 -631.0 -390.0 -448.0 -590.0 -576.0 -579.0 
-619.0 -620.0 -601.0 -597.0 -606.0 -532.0 -429.0 
-451.0 -599.0 -758.0 -771.0 -658.0 -443.0 -374.0 
-643.0 -776.0 -725.0 -719.0 -579.0 -523.0 -668.0 
-716.0 -644.0 -581.0 -485.0 -515.0 -638.0 -555.0 
-530.0 -485.0 -386.0 -475.0 -531.0 -597.0 -627.0 
-442.0 -298.0 -339.0 -466.0 -723.0 -813.0 -634.0 
-457.0 -350.0 -413.0 -545.0 -742.0 -763.0 -509.0 
-349.0 -455.0 -654.0 -635.0 -489.0 -274.0 -264.0 
-524.0 -640.0 -544.0 -375.0 -219.0 -196.0 -460.0 
-682.0 -573.0 -262.0 -109.0 -325.0 -602.0 -633.0 
-564.0 -443.0 -224.0 -314.0 -505.0 -511.0 -580.0 
-467.0 -363.0 -469.0 -409.0 -354.0 -373.0 -476.0 
-432.0 -277.0 -404.0 -513.0 -505.0 -407.0 -322.0 
-395.0 -522.0 -533.0 -440.0 -369.0 -483.0 -658.0 
-570.0 -510.0 -579.0 -588.0 -577.0 -492.0 -523.0 
-706.0 -715.0 -676.0 -582.0 -408.0 -527.0 -710.0 
-754.0 -679.0 -560.0 -620.0 -445.0 -472.0 -706.0 
-511.0 -414.0 -406.0 -370.0 -314.0 -373.0 -482.0 
-240.0 -248.0 -480.0 -325.0 -158.0 -187.0 -332.0 
-509.0 -464.0 -289.0 -335.0 -546.0 -526.0 -391.0 
-361.0 -402.0 -497.0 -569.0 -610.0 -554.0 -489.0 
-487.0 -497.0 -557.0 -636.0 -635.0 -500.0 -564.0 
-672.0 -602.0 -550.0 -487.0 -508.0 -521.0 -541.0 
-490.0 -450.0 -495.0 -426.0 -458.0 -448.0 -536.0 
-651.0 -521.0 -464.0 -394.0 -377.0 -515.0 -687.0 
-652.0 -506.0 -492.0 -509.0 -571.0 -495.0 -528.0 
-690.0 -591.0 -551.0 -594.0 -590.0 -626.0 -547.0 
-447.0 -423.0 -606.0 -747.0 -519.0 -363.0 -406.0 
-528.0 -541.0 -493.0 -420.0 -429.0 -548.0 -469.0 
-509.0 -489.0 -271.0 -358.0 -510.0 -453.0 -461.0 
-400.0 -190.0 -217.0 -456.0 -519.0 -418.0 -347.0 
-325.0 -325.0 -331.0 -328.0 -247.0 -340.0 -469.0 
-491.0 -452.0 -364.0 -396.0 -380.0 -431.0 -455.0 
-495.0 -480.0 -389.0 -497.0 -441.0 -392.0 -427.0 
-400.0 -342.0 -344.0 -472.0 -446.0 -448.0 -437.0 
-385.0 -405.0 -379.0 -422.0 -407.0 -379.0 -328.0 
-341.0 -473.0 -418.0 -323.0 -279.0 -319.0 -366.0 
-303.0 -338.0 -425.0 -454.0 -343.0 -279.0 -381.0 
-413.0 -430.0 -499.0 -454.0 -273.0 -337.0 -471.0 
-410.0 -416.0 -451.0 -478.0 -383.0 -257.0 -296.0 
-290.0 -263.0 -273.0 -265.0 -342.0 -371.0 -232.0 
-156.0 -243.0 -331.0 -363.0 -377.0 -318.0 -300.0 
-421.0 -531.0 -494.0 -460.0 -478.0 -510.0 -570.0 
-596.0 -590.0 -523.0 -572.0 -572.0 -599.0 -540.0 
-352.0 -527.0 -467.0 -394.0 -534.0 -402.0 -390.0 
-404.0 -340.0 -333.0 -223.0 -169.0 -318.0 -342.0 
-289.0 -177.0 7.0 -295.0 -330.0 -27.0 -167.0 
-168.0 -242.0 -222.0 56.0 -195.0 -319.0 -203.0 
-215.0 -219.0 -202.0 -87.0 -217.0 -285.0 -216.0 
-277.0 -330.0 -357.0 -217.0 -184.0 -465.0 -431.0 
-278.0 -535.0 -557.0 -390.0 -399.0 -559.0 -750.0 
-501.0 -521.0 -758.0 -506.0 -595.0 -552.0 -436.0 
-719.0 -673.0 -573.0 -486.0 -396.0 -396.0 -548.0 
-534.0 -257.0 -299.0 -348.0 -273.0 -303.0 -285.0 
-178.0 -129.0 -222.0 -213.0 -103.0 -191.0 -237.0 
-201.0 -168.0 -154.0 -262.0 -204.0 -182.0 -303.0 
-287.0 -218.0 -107.0 -134.0 -224.0 -224.0 -157.0 
-65.0 -236.0 -245.0 -123.0 -248.0 -303.0 -232.0 
-229.0 -235.0 -154.0 -231.0 -349.0 -241.0 -215.0 
-366.0 -252.0 -229.0 -360.0 -185.0 -225.0 -403.0 
-385.0 -346.0 -289.0 -238.0 -287.0 -450.0 -502.0 
-463.0 -476.0 -490.0 -504.0 -497.0 -481.0 -578.0 
-541.0 -448.0 -561.0 -553.0 -517.0 -562.0 -574.0 
-517.0 -478.0 -566.0 -461.0 -397.0 -540.0 -345.0 
-255.0 -461.0 -488.0 -452.0 -310.0 -283.0 -358.0 
-285.0 -326.0 -345.0 -234.0 -252.0 -270.0 -185.0 
-260.0 -360.0 -317.0 -219.0 -216.0 -279.0 -244.0 
-368.0 -368.0 -245.0 -199.0 -113.0 -125.0 -209.0 
-432.0 -373.0 -232.0 -284.0 -153.0 -173.0 -236.0 
-148.0 -242.0 -365.0 -276.0 -163.0 -97.0 -84.0 
-200.0 -307.0 -217.0 -127.0 -274.0 -309.0 -229.0 
-200.0 -254.0 -466.0 -421.0 -279.0 -317.0 -363.0 
-498.0 -548.0 -446.0 -513.0 -528.0 -459.0 -606.0 
-546.0 -522.0 -590.0 -537.0 -683.0 -558.0 -384.0 
-555.0 -574.0 -511.0 -509.0 -455.0 -379.0 -305.0 
-353.0 -308.0 -345.0 -468.0 -208.0 -170.0 -244.0 
-178.0 -258.0 -296.0 -284.0 -235.0 -248.0 -247.0 
-412.0 -461.0 -251.0 -423.0 -484.0 -342.0 -320.0 
-389.0 -461.0 -407.0 -482.0 -385.0 -228.0 -361.0 
-316.0 -221.0 -297.0 -238.0 -180.0 -276.0 -338.0 
-282.0 -203.0 -69.0 -65.0 -247.0 -158.0 -171.0 
-327.0 -205.0 -206.0 -328.0 -266.0 -248.0 -416.0 
-430.0 -322.0 -360.0 -429.0 -443.0 -474.0 -466.0 
-481.0 -592.0 -523.0 -474.0 -568.0 -560.0 -615.0 
-663.0 -662.0 -708.0 -726.0 -594.0 -490.0 -599.0 
-592.0 -622.0 -685.0 -525.0 -379.0 -372.0 -456.0 
-467.0 -422.0 -377.0 -332.0 -293.0 -268.0 -325.0 
-328.0 -262.0 -243.0 -314.0 -249.0 -155.0 -212.0 
-231.0 -367.0 -377.0 -318.0 -356.0 -264.0 -202.0 
-297.0 -507.0 -474.0 -305.0 -316.0 -364.0 -423.0 
-485.0 -404.0 -269.0 -326.0 -304.0 -254.0 -408.0 
-327.0 -285.0 -340.0 -200.0 -185.0 -184.0 -292.0 
-331.0 -188.0 -246.0 -281.0 -234.0 -156.0 -93.0 
-194.0 -304.0 -313.0 -284.0 -225.0 -218.0 -269.0 
-273.0 -329.0 -382.0 -304.0 -316.0 -426.0 -481.0 
-480.0 -450.0 -433.0 -430.0 -480.0 -523.0 -512.0 
-523.0 -595.0 -499.0 -438.0 -487.0 -452.0 -401.0 
-311.0 -443.0 -381.0 -304.0 -390.0 -276.0 -330.0 
-304.0 -297.0 -375.0 -359.0 -347.0 -282.0 -306.0 
-333.0 -410.0 -485.0 -408.0 -276.0 -245.0 -393.0 
-344.0 -202.0 -282.0 -302.0 -294.0 -357.0 -329.0 
-286.0 -157.0 -94.0 -211.0 -367.0 -478.0 -281.0 
-160.0 -297.0 -352.0 -422.0 -374.0 -309.0 -341.0 
-273.0 -321.0 -390.0 -365.0 -324.0 -318.0 -389.0 
-401.0 -345.0 -394.0 -520.0 -516.0 -422.0 -323.0 
-411.0 -455.0 -373.0 -391.0 -357.0 -345.0 -278.0 
-313.0 -388.0 -297.0 -378.0 -408.0 -390.0 -397.0 
-330.0 -420.0 -491.0 -407.0 -455.0 -593.0 -501.0 
-441.0 -430.0 -411.0 -575.0 -598.0 -534.0 -488.0 
-471.0 -502.0 -409.0 -360.0 -372.0 -333.0 -337.0 
-383.0 -348.0 -308.0 -261.0 -196.0 -215.0 -213.0 
-131.0 -129.0 -311.0 -294.0 -188.0 -239.0 -162.0 
-124.0 -136.0 -131.0 -199.0 -196.0 -169.0 -185.0 
-161.0 -157.0 -162.0 -104.0 -265.0 -344.0 -247.0 
-340.0 -306.0 -334.0 -373.0 -317.0 -404.0 -379.0 
-428.0 -399.0 -327.0 -432.0 -328.0 -290.0 -394.0 
-346.0 -263.0 -273.0 -243.0 -208.0 -284.0 -199.0 
-99.0 -188.0 -262.0 -260.0 -312.0 -386.0 -283.0 
-244.0 -387.0 -525.0 -483.0 -387.0 -541.0 -482.0 
-398.0 -551.0 -538.0 -542.0 -483.0 -408.0 -471.0 
-438.0 -385.0 -399.0 -384.0 -406.0 -382.0 -257.0 
-266.0 -367.0 -368.0 -273.0 -234.0 -189.0 -231.0 
-319.0 -249.0 -350.0 -407.0 -344.0 -300.0 -287.0 
-381.0 -335.0 -393.0 -483.0 -422.0 -331.0 -278.0 
-315.0 -348.0 -404.0 -284.0 -277.0 -354.0 -238.0 
-346.0 -473.0 -355.0 -356.0 -484.0 -429.0 -425.0 
-427.0 -309.0 -364.0 -408.0 -419.0 -493.0 -378.0 
-302.0 -357.0 -375.0 -457.0 -567.0 -580.0 -427.0 
-351.0 -419.0 -487.0 -487.0 -540.0 -563.0 -419.0 
-380.0 -288.0 -303.0 -403.0 -394.0 -385.0 -324.0 
-302.0 -237.0 -280.0 -403.0 -402.0 -381.0 -346.0 
-345.0 -343.0 -319.0 -405.0 -517.0 -498.0 -350.0 
-291.0 -417.0 -461.0 -507.0 -509.0 -395.0 -299.0 
-317.0 -539.0 -540.0 -434.0 -453.0 -357.0 -311.0 
-340.0 -385.0 -400.0 -370.0 -304.0 -148.0 -143.0 
-229.0 -243.0 -195.0 -176.0 -110.0 -102.0 -243.0 
-236.0 -236.0 -263.0 -219.0 -202.0 -334.0 -386.0 
-364.0 -485.0 -425.0 -349.0 -391.0 -400.0 -393.0 
-357.0 -415.0 -454.0 -366.0 -357.0 -394.0 -363.0 
-277.0 -185.0 -269.0 -293.0 -86.0 -124.0 -246.0 
-264.0 -220.0 -205.0 -286.0 -251.0 -321.0 -266.0 
-168.0 -392.0 -584.0 -585.0 -474.0 -384.0 -379.0 
-438.0 -516.0 -562.0 -540.0 -495.0 -496.0 -447.0 
-386.0 -391.0 -417.0 -390.0 -286.0 -346.0 -315.0 
-206.0 -240.0 -144.0 -238.0 -348.0 -144.0 -80.0 
-201.0 -182.0 -242.0 -350.0 -247.0 -281.0 -317.0 
-282.0 -313.0 -190.0 -338.0 -577.0 -431.0 -366.0 
-295.0 -225.0 -283.0 -322.0 -301.0 -239.0 -284.0 
-190.0 -199.0 -296.0 -265.0 -306.0 -262.0 -265.0 
-356.0 -272.0 -231.0 -402.0 -411.0 -423.0 -497.0 
-463.0 -437.0 -366.0 -371.0 -436.0 -434.0 -401.0 
-384.0 -367.0 -405.0 -346.0 -342.0 -455.0 -355.0 
-227.0 -288.0 -415.0 -463.0 -629.0 -579.0 -389.0 
-428.0 -344.0 -355.0 -543.0 -581.0 -608.0 -555.0 
-390.0 -358.0 -367.0 -398.0 -429.0 -539.0 -497.0 
-327.0 -315.0 -225.0 -321.0 -439.0 -397.0 -292.0 
-81.0 -122.0 -194.0 -220.0 -338.0 -282.0 -140.0 
-98.0 -127.0 -24.0 -74.0 -232.0 -76.0 -17.0 
-147.0 -217.0 -104.0 -57.0 -217.0 -245.0 -285.0 
-218.0 -117.0 -293.0 -445.0 -455.0 -381.0 -401.0 
-378.0 -311.0 -460.0 -496.0 -408.0 -411.0 -386.0 
-386.0 -390.0 -439.0 -500.0 -449.0 -439.0 -354.0 
-372.0 -434.0 -359.0 -397.0 -437.0 -408.0 -335.0 
-394.0 -431.0 -348.0 -381.0 -371.0 -276.0 -315.0 
-416.0 -276.0 -217.0 -281.0 -317.0 -334.0 -285.0 
-367.0 -265.0 -334.0 -523.0 -366.0 -342.0 -434.0 
-424.0 -374.0 -467.0 -579.0 -534.0 -523.0 -504.0 
-445.0 -598.0 -535.0 -395.0 -558.0 -604.0 -619.0 
-486.0 -453.0 -561.0 -467.0 -476.0 -484.0 -397.0 
-446.0 -520.0 -346.0 -283.0 -438.0 -470.0 -521.0 
-431.0 -309.0 -374.0 -348.0 -304.0 -427.0 -438.0 
-344.0 -371.0 -317.0 -320.0 -339.0 -353.0 -351.0 
-267.0 -357.0 -327.0 -306.0 -384.0 -253.0 -244.0 
-316.0 -233.0 -250.0 -369.0 -347.0 -300.0 -338.0 
-210.0 -144.0 -282.0 -290.0 -266.0 -262.0 -306.0 
-359.0 -395.0 -464.0 -417.0 -413.0 -357.0 -445.0 
-647.0 -494.0 -487.0 -533.0 -457.0 -556.0 -621.0 
-505.0 -442.0 -543.0 -539.0 -486.0 -467.0 -365.0 
-417.0 -500.0 -444.0 -529.0 -432.0 -356.0 -413.0 
-274.0 -344.0 -378.0 -342.0 -390.0 -361.0 -334.0 
-186.0 -202.0 -381.0 -448.0 -400.0 -257.0 -258.0 
-260.0 -312.0 -421.0 -332.0 -346.0 -424.0 -422.0 
-413.0 -343.0 -300.0 -312.0 -364.0 -341.0 -258.0 
-331.0 -357.0 -377.0 -348.0 -206.0 -234.0 -231.0 
-307.0 -453.0 -440.0 -446.0 -458.0 -319.0 -327.0 
-531.0 -513.0 -425.0 -497.0 -584.0 -523.0 -459.0 
-470.0 -563.0 -460.0 -349.0 -487.0 -478.0 -548.0 
-513.0 -423.0 -475.0 -429.0 -400.0 -330.0 -333.0 
-410.0 -387.0 -307.0 -248.0 -288.0 -319.0 -272.0 
-210.0 -145.0 -187.0 -274.0 -242.0 -243.0 -266.0 
-305.0 -369.0 -311.0 -273.0 -242.0 -299.0 -458.0 
-531.0 -552.0 -505.0 -466.0 -462.0 -508.0 -570.0 
-566.0 -448.0 -390.0 -456.0 -463.0 -474.0 -527.0 
-504.0 -325.0 -270.0 -306.0 -301.0 -253.0 -305.0 
-482.0 -442.0 -426.0 -385.0 -290.0 -350.0 -393.0 
-404.0 -490.0 -534.0 -439.0 -436.0 -459.0 -515.0 
-576.0 -476.0 -542.0 -598.0 -495.0 -523.0 -612.0 
-617.0 -556.0 -539.0 -521.0 -494.0 -507.0 -476.0 
-334.0 -321.0 -468.0 -421.0 -310.0 -339.0 -293.0 
-223.0 -204.0 -195.0 -268.0 -332.0 -319.0 -224.0 
-197.0 -135.0 -62.0 -118.0 -113.0 -212.0 -194.0 
-113.0 -172.0 -185.0 -229.0 -205.0 -220.0 -325.0 
-384.0 -243.0 -184.0 -391.0 -422.0 -437.0 -438.0 
-372.0 -375.0 -342.0 -438.0 -549.0 -562.0 -606.0 
-562.0 -457.0 -454.0 -515.0 -534.0 -556.0 -530.0 
-459.0 -498.0 -603.0 -582.0 -488.0 -413.0 -395.0 
-424.0 -425.0 -540.0 -546.0 -533.0 -458.0 -401.0 
-593.0 -509.0 -354.0 -405.0 -483.0 -464.0 -349.0 
-327.0 -420.0 -381.0 -306.0 -297.0 -254.0 -319.0 
-314.0 -199.0 -327.0 -430.0 -337.0 -356.0 -350.0 
-290.0 -309.0 -433.0 -443.0 -421.0 -467.0 -448.0 
-476.0 -302.0 -299.0 -427.0 -331.0 -446.0 -483.0 
-329.0 -300.0 -399.0 -465.0 -355.0 -392.0 -326.0 
-219.0 -353.0 -318.0 -454.0 -442.0 -279.0 -446.0 
-353.0 -304.0 -370.0 -198.0 -198.0 -308.0 -401.0 
-417.0 -358.0 -353.0 -252.0 -280.0 -330.0 -348.0 
-352.0 -350.0 -433.0 -344.0 -337.0 -181.0 -266.0 
-433.0 -224.0 -329.0 -317.0 -305.0 -270.0 -164.0 
-303.0 -326.0 -323.0 -334.0 -313.0 -322.0 -396.0 
-406.0 -361.0 -469.0 -505.0 -530.0 -645.0 -562.0 
-433.0 -375.0 -405.0 -518.0 -576.0 -563.0 -463.0 
-429.0 -424.0 -344.0 -365.0 -411.0 -312.0 -337.0 
-484.0 -332.0 -277.0 -362.0 -218.0 -179.0 -131.0 
-115.0 -202.0 -188.0 -245.0 -225.0 -160.0 -169.0 
-178.0 -174.0 -211.0 -385.0 -391.0 -316.0 -337.0 
-292.0 -329.0 -405.0 -373.0 -412.0 -418.0 -338.0 
-430.0 -506.0 -462.0 -362.0 -258.0 -249.0 -231.0 
-278.0 -335.0 -327.0 -333.0 -198.0 -162.0 -297.0 
-272.0 -198.0 -218.0 -298.0 -337.0 -322.0 -399.0 
-456.0 -383.0 -366.0 -424.0 -452.0 -545.0 -493.0 
-428.0 -466.0 -373.0 -502.0 -542.0 -514.0 -545.0 
-465.0 -471.0 -380.0 -346.0 -299.0 -348.0 -473.0 
-441.0 -354.0 -152.0 -170.0 -355.0 -337.0 -247.0 
-216.0 -184.0 -181.0 -208.0 -165.0 -231.0 -351.0 
-284.0 -166.0 -122.0 -188.0 -224.0 -282.0 -313.0 
-344.0 -340.0 -164.0 -216.0 -295.0 -271.0 -256.0 
-220.0 -323.0 -371.0 -279.0 -225.0 -257.0 -292.0 
-299.0 -365.0 -407.0 -397.0 -353.0 -304.0 -292.0 
-271.0 -384.0 -454.0 -355.0 -267.0 -204.0 -204.0 
-200.0 -221.0 -372.0 -422.0 -297.0 -240.0 -232.0 
-261.0 -265.0 -265.0 -318.0 -294.0 -326.0 -265.0 
-223.0 -272.0 -265.0 -213.0 -165.0 -296.0 -360.0 
-338.0 -235.0 -234.0 -241.0 -261.0 -395.0 -313.0 
-254.0 -241.0 -255.0 -181.0 -275.0 -303.0 -109.0 
-216.0 -170.0 -190.0 -243.0 -147.0 -239.0 -238.0 
-229.0 -177.0 -217.0 -275.0 -174.0 -265.0 -267.0 
-268.0 -267.0 -208.0 -250.0 -208.0 -182.0 -161.0 
-218.0 -330.0 -286.0 -270.0 -275.0 -184.0 -164.0 
-167.0 -259.0 -382.0 -429.0 -393.0 -251.0 -245.0 
-280.0 -293.0 -307.0 -359.0 -329.0 -326.0 -403.0 
-279.0 -226.0 -122.0 -108.0 -204.0 -161.0 -197.0 
-214.0 -266.0 -205.0 -129.0 -126.0 -132.0 -233.0 
-209.0 -165.0 -114.0 -243.0 -345.0 -161.0 -133.0 
-159.0 -277.0 -391.0 -303.0 -256.0 -203.0 -229.0 
-344.0 -406.0 -576.0 -576.0 -440.0 -445.0 -413.0 
-437.0 -412.0 -431.0 -581.0 -637.0 -661.0 -611.0 
-402.0 -243.0 -297.0 -419.0 -550.0 -466.0 -284.0 
-289.0 -269.0 -301.0 -362.0 -273.0 -208.0 -152.0 
-84.0 -43.0 -46.0 -264.0 -312.0 -89.0 7.0 
-29.0 -176.0 -216.0 -105.0 -82.0 -249.0 -326.0 
-219.0 -142.0 -93.0 -253.0 -322.0 -212.0 -232.0 
-326.0 -414.0 -331.0 -194.0 -125.0 -239.0 -451.0 
-512.0 -481.0 -419.0 -294.0 -179.0 -265.0 -403.0 
-517.0 -547.0 -466.0 -384.0 -326.0 -363.0 -414.0 
-495.0 -506.0 -462.0 -549.0 -493.0 -351.0 -353.0 
-336.0 -394.0 -417.0 -332.0 -291.0 -197.0 -174.0 
-257.0 -286.0 -264.0 -248.0 -235.0 -95.0 -28.0 
-166.0 -227.0 -245.0 -273.0 -319.0 -254.0 -94.0 
-120.0 -220.0 -308.0 -297.0 -135.0 -48.0 -158.0 
-286.0 -319.0 -280.0 -135.0 -43.0 -183.0 -312.0 
-320.0 -397.0 -372.0 -355.0 -482.0 -473.0 -425.0 
-407.0 -416.0 -506.0 -574.0 -645.0 -626.0 -527.0 
-462.0 -432.0 -399.0 -394.0 -522.0 -573.0 -522.0 
-471.0 -377.0 -381.0 -405.0 -425.0 -449.0 -375.0 
-424.0 -357.0 -308.0 -435.0 -493.0 -457.0 -386.0 
-410.0 -248.0 -162.0 -195.0 -292.0 -402.0 -381.0 
-316.0 -156.0 -196.0 -143.0 -210.0 -435.0 -378.0 
-319.0 -299.0 -304.0 -238.0 -246.0 -262.0 -207.0 
-263.0 -383.0 -411.0 -326.0 -340.0 -339.0 -330.0 
-342.0 -331.0 -341.0 -377.0 -423.0 -396.0 -317.0 
-346.0 -500.0 -466.0 -370.0 -288.0 -205.0 -318.0 
-411.0 -451.0 -463.0 -412.0 -331.0 -281.0 -335.0 
-401.0 -365.0 -375.0 -499.0 -507.0 -497.0 -485.0 
-444.0 -496.0 -546.0 -473.0 -435.0 -436.0 -419.0 
-539.0 -560.0 -568.0 -541.0 -431.0 -479.0 -416.0 
-377.0 -546.0 -522.0 -388.0 -408.0 -341.0 -347.0 
-365.0 -296.0 -270.0 -166.0 -250.0 -331.0 -278.0 
-327.0 -240.0 -213.0 -308.0 -194.0 -217.0 -339.0 
-292.0 -332.0 -366.0 -334.0 -407.0 -421.0 -284.0 
-290.0 -466.0 -460.0 -442.0 -547.0 -543.0 -439.0 
-270.0 -295.0 -451.0 -470.0 -452.0 -482.0 -509.0 
-361.0 -271.0 -271.0 -305.0 -367.0 -314.0 -350.0 
-321.0 -214.0 -300.0 -371.0 -324.0 -267.0 -261.0 
-404.0 -396.0 -405.0 -489.0 -397.0 -498.0 -450.0 
-417.0 -469.0 -358.0 -414.0 -377.0 -460.0 -637.0 
-478.0 -369.0 -399.0 -334.0 -380.0 -502.0 -555.0 
-531.0 -456.0 -475.0 -377.0 -454.0 -649.0 -619.0 
-692.0 -429.0 -335.0 -560.0 -452.0 -650.0 -706.0 
-491.0 -426.0 -367.0 -541.0 -608.0 -410.0 -362.0 
-388.0 -313.0 -397.0 -410.0 -332.0 -506.0 -321.0 
-153.0 -350.0 -369.0 -451.0 -359.0 -364.0 -456.0 
-330.0 -402.0 -338.0 -341.0 -474.0 -512.0 -378.0 
-174.0 -393.0 -439.0 -299.0 -313.0 -208.0 -292.0 
-332.0 -262.0 -292.0 -222.0 -174.0 -89.0 -151.0 
-297.0 -344.0 -404.0 -318.0 -361.0 -312.0 -219.0 
-417.0 -490.0 -594.0 -660.0 -549.0 -537.0 -488.0 
-467.0 -564.0 -649.0 -698.0 -720.0 -628.0 -463.0 
-577.0 -704.0 -681.0 -694.0 -584.0 -565.0 -521.0 
-484.0 -594.0 -645.0 -651.0 -514.0 -434.0 -430.0 
-413.0 -370.0 -298.0 -337.0 -386.0 -362.0 -276.0 
-237.0 -183.0 -219.0 -276.0 -193.0 -292.0 -162.0 
17.0 -440.0 -378.0 -92.0 -301.0 -123.0 -83.0 
-154.0 -271.0 -434.0 -159.0 -43.0 -251.0 -362.0 
-359.0 -418.0 -259.0 -206.0 -253.0 -308.0 -445.0 
-466.0 -551.0 -399.0 -256.0 -372.0 -342.0 -218.0 
-361.0 -355.0 -328.0 -458.0 -198.0 -40.0 -208.0 
-262.0 -173.0 -265.0 -357.0 -164.0 -302.0 -486.0 
-204.0 -347.0 -388.0 -234.0 -389.0 -356.0 -474.0 
-563.0 -455.0 -461.0 -331.0 -144.0 -420.0 -527.0 
-363.0 -405.0 -364.0 -370.0 -380.0 -366.0 -284.0 
-213.0 -350.0 -468.0 -399.0 -316.0 -274.0 -281.0 
-446.0 -441.0 -427.0 -460.0 -236.0 -257.0 -424.0 
-327.0 -337.0 -504.0 -457.0 -257.0 -249.0 -146.0 
-53.0 -264.0 -328.0 -328.0 -241.0 -95.0 -75.0 
-11.0 -2.0 -10.0 -42.0 -45.0 -88.0 -155.0 
-39.0 38.0 64.0 23.0 -33.0 24.0 -85.0 
-128.0 -109.0 -243.0 -278.0 -285.0 -168.0 -61.0 
-196.0 -316.0 -307.0 -318.0 -361.0 -399.0 -459.0 
-332.0 -196.0 -278.0 -395.0 -364.0 -325.0 -429.0 
-269.0 -111.0 -275.0 -252.0 -249.0 -335.0 -245.0 
-191.0 -162.0 -130.0 -82.0 -136.0 -168.0 -51.0 
-87.0 -152.0 -190.0 -195.0 -184.0 -131.0 -72.0 
-213.0 -177.0 -183.0 -318.0 -219.0 -187.0 -216.0 
-266.0 -262.0 -162.0 -196.0 -240.0 -205.0 -124.0 
-124.0 -120.0 -31.0 -34.0 -85.0 -61.0 62.0 
-15.0 -115.0 -20.0 31.0 71.0 62.0 55.0 
15.0 -87.0 -75.0 -46.0 -29.0 -42.0 -145.0 
-149.0 -143.0 -208.0 -233.0 -245.0 -156.0 -108.0 
-192.0 -222.0 -235.0 -278.0 -220.0 -158.0 -265.0 
-290.0 -203.0 -186.0 -135.0 -143.0 -202.0 -153.0 
-190.0 -331.0 -294.0 -103.0 -15.0 -65.0 -130.0 
-107.0 -199.0 -271.0 -91.0 -22.0 74.0 115.0 
10.0 45.0 -96.0 -182.0 -17.0 33.0 89.0 
123.0 -13.0 -10.0 3.0 -129.0 -140.0 -140.0 
-176.0 -235.0 -222.0 -173.0 -250.0 -358.0 -454.0 
-386.0 -325.0 -310.0 -293.0 -298.0 -235.0 -232.0 
-229.0 -253.0 -191.0 -27.0 -58.0 -160.0 -156.0 
-115.0 -102.0 -42.0 89.0 122.0 86.0 73.0 
66.0 79.0 76.0 105.0 103.0 104.0 197.0 
247.0 256.0 175.0 50.0 42.0 55.0 76.0 
55.0 52.0 103.0 15.0 -57.0 -79.0 -87.0 
-136.0 -197.0 -212.0 -188.0 -101.0 -173.0 -238.0 
-255.0 -304.0 -352.0 -426.0 -296.0 -167.0 -166.0 
-142.0 -234.0 -241.0 -136.0 -203.0 -160.0 -107.0 
-164.0 -115.0 -60.0 10.0 -101.0 -122.0 -19.0 
-42.0 89.0 123.0 115.0 118.0 82.0 105.0 
64.0 241.0 361.0 211.0 269.0 263.0 110.0 
144.0 150.0 85.0 83.0 19.0 -46.0 -43.0 
-114.0 -195.0 -230.0 -211.0 -190.0 -199.0 -225.0 
-260.0 -271.0 -248.0 -259.0 -379.0 -324.0 -195.0 
-114.0 -52.0 -171.0 -245.0 -220.0 -102.0 -10.0 
-100.0 -109.0 -126.0 -95.0 21.0 -25.0 -9.0 
-44.0 -39.0 84.0 132.0 76.0 -13.0 155.0 
166.0 194.0 230.0 82.0 218.0 201.0 138.0 
239.0 179.0 120.0 169.0 136.0 51.0 54.0 
-30.0 -68.0 -38.0 -73.0 -52.0 -105.0 -123.0 
-99.0 -196.0 -193.0 -97.0 -154.0 -221.0 -171.0 
-132.0 -132.0 -158.0 -174.0 -158.0 -220.0 -264.0 
-152.0 -164.0 -138.0 -76.0 -214.0 -232.0 -242.0 
-235.0 -115.0 -165.0 -226.0 -192.0 -126.0 -114.0 
-211.0 -149.0 -13.0 -36.0 -171.0 -229.0 -121.0 
-8.0 17.0 -35.0 -72.0 -10.0 55.0 -13.0 
-10.0 27.0 -32.0 81.0 145.0 108.0 129.0 
53.0 89.0 102.0 85.0 223.0 208.0 95.0 
39.0 121.0 187.0 102.0 87.0 97.0 50.0 
10.0 28.0 23.0 17.0 27.0 72.0 104.0 
-33.0 -61.0 0.0 3.0 47.0 23.0 -61.0 
-97.0 -96.0 -141.0 -199.0 -212.0 -144.0 -120.0 
-165.0 -125.0 -137.0 -263.0 -341.0 -274.0 -219.0 
-97.0 15.0 -81.0 -142.0 -154.0 -228.0 -279.0 
-79.0 -20.0 -80.0 6.0 2.0 -5.0 -100.0 
-122.0 -135.0 -76.0 91.0 13.0 -46.0 -110.0 
-118.0 -91.0 -173.0 -125.0 -64.0 -77.0 -99.0 
-73.0 -69.0 -93.0 -21.0 0.0 -21.0 -91.0 
-55.0 40.0 -45.0 -28.0 39.0 43.0 21.0 
10.0 49.0 14.0 34.0 81.0 14.0 63.0 
107.0 20.0 19.0 14.0 64.0 84.0 -5.0 
-60.0 -97.0 -50.0 -27.0 -100.0 -99.0 -71.0 
-160.0 -207.0 -168.0 -249.0 -242.0 -104.0 -53.0 
-110.0 -203.0 -194.0 -183.0 -151.0 -63.0 -13.0 
-88.0 -68.0 -9.0 -123.0 -126.0 -120.0 -70.0 
-7.0 -48.0 -49.0 -55.0 -127.0 -187.0 -150.0 
-116.0 -106.0 -128.0 -133.0 -142.0 -161.0 -102.0 
-107.0 -100.0 -96.0 -119.0 -73.0 -27.0 71.0 
86.0 3.0 -42.0 -47.0 -27.0 27.0 66.0 
80.0 123.0 109.0 42.0 13.0 101.0 97.0 
58.0 107.0 7.0 -108.0 -40.0 78.0 138.0 
65.0 -42.0 -65.0 -114.0 -107.0 -128.0 -150.0 
-62.0 22.0 -7.0 -83.0 -66.0 -179.0 -249.0 
-131.0 -81.0 -8.0 112.0 20.0 -57.0 31.0 
-47.0 -70.0 68.0 126.0 124.0 145.0 112.0 
43.0 43.0 49.0 43.0 -23.0 -78.0 -38.0 
-5.0 44.0 19.0 -32.0 -86.0 -286.0 -294.0 
-171.0 -94.0 -107.0 -235.0 -184.0 -208.0 -254.0 
-211.0 -258.0 -240.0 -223.0 -266.0 -271.0 -180.0 
-63.0 4.0 65.0 48.0 -64.0 -3.0 33.0 
-7.0 40.0 -12.0 61.0 206.0 196.0 27.0 
15.0 132.0 -33.0 -122.0 -94.0 -56.0 -18.0 
-13.0 -4.0 -121.0 -154.0 -110.0 -165.0 -226.0 
-187.0 -136.0 -69.0 16.0 -46.0 -119.0 -83.0 
-5.0 -38.0 -58.0 -10.0 10.0 64.0 26.0 
47.0 23.0 -127.0 -144.0 -107.0 -96.0 -120.0 
-99.0 -82.0 -114.0 -123.0 -213.0 -322.0 -193.0 
-83.0 -95.0 -60.0 -148.0 -143.0 -58.0 -118.0 
-59.0 111.0 19.0 -223.0 -281.0 -175.0 -76.0 
-40.0 -62.0 -97.0 -137.0 -267.0 -309.0 -256.0 
-178.0 -151.0 -201.0 -189.0 -216.0 -220.0 -181.0 
-205.0 -247.0 -182.0 -111.0 -134.0 -86.0 -34.0 
-107.0 -191.0 -107.0 -24.0 -7.0 8.0 -18.0 
-15.0 -44.0 -16.0 37.0 68.0 68.0 15.0 
42.0 71.0 -22.0 -58.0 99.0 225.0 282.0 
119.0 -1.0 25.0 4.0 142.0 170.0 75.0 
44.0 77.0 146.0 126.0 -32.0 -127.0 -83.0 
-56.0 -58.0 -93.0 -128.0 -187.0 -177.0 -222.0 
-287.0 -259.0 -276.0 -283.0 -335.0 -303.0 -282.0 
-369.0 -318.0 -260.0 -286.0 -262.0 -252.0 -192.0 
-117.0 -85.0 -68.0 -78.0 54.0 44.0 -21.0 
-6.0 -29.0 8.0 64.0 133.0 111.0 37.0 
-10.0 19.0 -22.0 -41.0 45.0 51.0 -25.0 
-70.0 -2.0 -16.0 -34.0 -25.0 -58.0 -49.0 
-11.0 1.0 -35.0 -14.0 21.0 -19.0 60.0 
136.0 65.0 70.0 19.0 -7.0 38.0 39.0 
33.0 6.0 34.0 19.0 33.0 4.0 -148.0 
-89.0 22.0 -72.0 -126.0 -162.0 -185.0 -132.0 
-107.0 -86.0 -146.0 -166.0 -131.0 -147.0 -189.0 
-162.0 -74.0 -62.0 -61.0 -87.0 -167.0 -198.0 
-52.0 48.0 -27.0 -53.0 -66.0 -67.0 -44.0 
-47.0 -32.0 -2.0 -54.0 -95.0 -83.0 -161.0 
-138.0 -51.0 -81.0 -133.0 -116.0 -86.0 -104.0 
-75.0 -79.0 -118.0 -88.0 -94.0 -188.0 -117.0 
94.0 62.0 -72.0 -80.0 -91.0 -141.0 -124.0 
-18.0 19.0 16.0 21.0 -67.0 -106.0 -79.0 
31.0 146.0 131.0 104.0 73.0 91.0 50.0 
63.0 162.0 104.0 26.0 20.0 43.0 99.0 
166.0 82.0 -46.0 -92.0 -112.0 -79.0 22.0 
86.0 -11.0 -110.0 -173.0 -219.0 -156.0 -108.0 
-157.0 -201.0 -253.0 -267.0 -212.0 -175.0 -121.0 
-121.0 -77.0 -43.0 -125.0 -95.0 -3.0 104.0 
150.0 99.0 114.0 127.0 111.0 200.0 203.0 
90.0 119.0 119.0 83.0 36.0 92.0 244.0 
150.0 26.0 -22.0 -62.0 -105.0 -118.0 -43.0 
26.0 6.0 -43.0 -4.0 -118.0 -279.0 -210.0 
-127.0 -106.0 -137.0 -148.0 -154.0 -283.0 -236.0 
-101.0 -116.0 -158.0 -215.0 -166.0 -32.0 -57.0 
-119.0 -55.0 -95.0 -153.0 -53.0 -59.0 -143.0 
-91.0 -36.0 -65.0 -67.0 -20.0 -91.0 -178.0 
-150.0 -120.0 -68.0 -9.0 54.0 -3.0 -74.0 
-38.0 -66.0 -63.0 -12.0 14.0 -72.0 -167.0 
-115.0 -48.0 -56.0 -79.0 -67.0 -89.0 -162.0 
-180.0 -141.0 -149.0 -137.0 -76.0 -51.0 -111.0 
-153.0 -157.0 -136.0 -56.0 -49.0 -3.0 -29.0 
-134.0 -129.0 -117.0 -55.0 -54.0 -131.0 -188.0 
-138.0 -73.0 -160.0 -167.0 -146.0 -199.0 -291.0 
-348.0 -274.0 -254.0 -154.0 -94.0 -221.0 -198.0 
-181.0 -197.0 -92.0 -53.0 -75.0 -56.0 -33.0 
54.0 135.0 86.0 77.0 126.0 113.0 108.0 
222.0 226.0 133.0 165.0 200.0 245.0 134.0 
38.0 93.0 99.0 102.0 9.0 20.0 77.0 
13.0 -36.0 -84.0 -71.0 -82.0 -101.0 -131.0 
-157.0 -82.0 -96.0 -132.0 -221.0 -302.0 -214.0 
-117.0 -89.0 -186.0 -215.0 -205.0 -257.0 -172.0 
-155.0 -186.0 -103.0 -169.0 -237.0 -226.0 -238.0 
-90.0 31.0 -3.0 -66.0 -42.0 -58.0 -81.0 
6.0 -35.0 18.0 91.0 -4.0 -30.0 48.0 
110.0 51.0 35.0 15.0 27.0 82.0 51.0 
-17.0 -90.0 -31.0 -48.0 -132.0 -132.0 -174.0 
-204.0 -235.0 -276.0 -273.0 -143.0 -94.0 -241.0 
-347.0 -342.0 -279.0 -194.0 -99.0 -112.0 -183.0 
-158.0 -173.0 -254.0 -137.0 64.0 99.0 5.0 
-117.0 -143.0 -149.0 -173.0 -69.0 86.0 47.0 
-71.0 -134.0 -227.0 -225.0 -117.0 7.0 56.0 
47.0 -44.0 -192.0 -110.0 -54.0 -64.0 38.0 
17.0 1.0 -41.0 -65.0 47.0 24.0 32.0 
37.0 -82.0 -180.0 -159.0 -31.0 -110.0 -100.0 
-77.0 -193.0 -208.0 -301.0 -254.0 -206.0 -184.0 
-153.0 -244.0 -257.0 -236.0 -224.0 -223.0 -140.0 
-79.0 -115.0 -141.0 -124.0 -118.0 -89.0 -23.0 
-10.0 -33.0 -44.0 -49.0 -174.0 -142.0 -82.0 
-117.0 -77.0 -117.0 -173.0 -251.0 -240.0 -216.0 
-197.0 -179.0 -254.0 -282.0 -321.0 -293.0 -235.0 
-218.0 -236.0 -227.0 -163.0 -184.0 -118.0 -27.0 
-5.0 -19.0 -8.0 62.0 40.0 50.0 89.0 
104.0 158.0 160.0 154.0 180.0 177.0 196.0 
214.0 198.0 171.0 89.0 95.0 136.0 21.0 
-92.0 -87.0 -34.0 -37.0 -137.0 -180.0 -220.0 
-237.0 -221.0 -233.0 -189.0 -255.0 -309.0 -321.0 
-303.0 -242.0 -221.0 -121.0 -160.0 -235.0 -227.0 
-169.0 -171.0 -273.0 -166.0 -114.0 -109.0 -79.0 
-123.0 -106.0 -125.0 -106.0 -53.0 -58.0 -83.0 
-51.0 32.0 -1.0 -147.0 -187.0 -105.0 -100.0 
-137.0 -168.0 -168.0 -200.0 -212.0 -127.0 -138.0 
-229.0 -173.0 -137.0 -228.0 -83.0 -46.0 -193.0 
-231.0 -226.0 -174.0 -114.0 -39.0 -144.0 -163.0 
-146.0 -245.0 -159.0 -30.0 32.0 -17.0 -97.0 
-196.0 -232.0 -124.0 -7.0 73.0 -4.0 -96.0 
-87.0 -121.0 -53.0 5.0 -11.0 33.0 -15.0 
-61.0 -50.0 -1.0 17.0 22.0 64.0 7.0 
-65.0 -62.0 -38.0 -89.0 -115.0 -35.0 6.0 
-67.0 -146.0 -140.0 -100.0 -134.0 -192.0 -170.0 
-208.0 -276.0 -236.0 -227.0 -225.0 -197.0 -212.0 
-174.0 -231.0 -254.0 -151.0 -215.0 -195.0 -71.0 
-148.0 -172.0 -53.0 -31.0 24.0 92.0 14.0 
-3.0 65.0 109.0 193.0 212.0 196.0 190.0 
79.0 64.0 126.0 137.0 111.0 67.0 35.0 
15.0 -27.0 -132.0 -101.0 -29.0 -45.0 -25.0 
-109.0 -286.0 -292.0 -156.0 -119.0 -172.0 -250.0 
-256.0 -274.0 -344.0 -229.0 -138.0 -94.0 -137.0 
-252.0 -223.0 -243.0 -199.0 -65.0 -19.0 2.0 
-46.0 -58.0 -15.0 -28.0 -9.0 13.0 21.0 
-34.0 -26.0 -14.0 -87.0 -59.0 -56.0 -73.0 
-64.0 -66.0 -84.0 -115.0 -122.0 -160.0 -177.0 
-96.0 -29.0 -26.0 35.0 31.0 -118.0 -63.0 
19.0 46.0 126.0 101.0 118.0 51.0 -23.0 
-9.0 17.0 41.0 -50.0 -106.0 -167.0 -180.0 
-153.0 -170.0 -184.0 -272.0 -274.0 -144.0 -127.0 
-280.0 -263.0 -189.0 -255.0 -249.0 -173.0 -207.0 
-305.0 -265.0 -261.0 -145.0 -79.0 -215.0 -164.0 
-146.0 -141.0 -155.0 -115.0 -14.0 -64.0 -92.0 
-139.0 -46.0 39.0 19.0 -19.0 -154.0 -108.0 
-12.0 13.0 10.0 22.0 102.0 43.0 -14.0 
-10.0 3.0 -7.0 -40.0 20.0 99.0 114.0 
-14.0 -92.0 -126.0 -155.0 -72.0 -92.0 -82.0 
-14.0 -108.0 -190.0 -181.0 -104.0 -128.0 -194.0 
-112.0 -131.0 -173.0 -160.0 -173.0 -140.0 -141.0 
-161.0 -178.0 -148.0 -43.0 -45.0 -74.0 -81.0 
-85.0 -87.0 -126.0 -109.0 -88.0 -53.0 -75.0 
-168.0 -215.0 -288.0 -327.0 -244.0 -202.0 -303.0 
-326.0 -264.0 -298.0 -316.0 -224.0 -133.0 -183.0 
-212.0 -123.0 -45.0 -54.0 -98.0 -76.0 -50.0 
-10.0 5.0 13.0 42.0 9.0 -12.0 -11.0 
-85.0 -56.0 -10.0 -27.0 -19.0 -105.0 -38.0 
-8.0 -46.0 -9.0 -9.0 46.0 5.0 -6.0 
10.0 15.0 55.0 -34.0 -27.0 24.0 30.0 
69.0 28.0 33.0 -58.0 -130.0 -86.0 -107.0 
-15.0 -52.0 -133.0 -44.0 -153.0 -264.0 -143.0 
-128.0 -281.0 -273.0 -171.0 -259.0 -324.0 -309.0 
-268.0 -249.0 -235.0 -134.0 -188.0 -213.0 -227.0 
-272.0 -195.0 -207.0 -164.0 -95.0 -99.0 -93.0 
-177.0 -126.0 -91.0 -172.0 -104.0 -124.0 -110.0 
-105.0 -182.0 -146.0 -144.0 -113.0 -97.0 -147.0 
-131.0 -86.0 -106.0 -85.0 -79.0 -71.0 -2.0 
-121.0 -177.0 -42.0 40.0 -14.0 -99.0 -46.0 
-18.0 -17.0 -17.0 -100.0 -66.0 4.0 -35.0 
-54.0 -38.0 -29.0 -77.0 -74.0 -49.0 -109.0 
-112.0 -20.0 59.0 65.0 76.0 -17.0 -145.0 
-144.0 -56.0 -4.0 -10.0 39.0 14.0 -109.0 
-197.0 -132.0 -41.0 -108.0 -149.0 -127.0 -176.0 
-267.0 -265.0 -141.0 -126.0 -120.0 -119.0 -249.0 
-269.0 -266.0 -216.0 -151.0 -160.0 -159.0 -187.0 
-226.0 -268.0 -163.0 -145.0 -287.0 -252.0 -204.0 
-150.0 -55.0 -69.0 -106.0 -154.0 -135.0 -87.0 
-78.0 -5.0 79.0 123.0 8.0 -63.0 9.0 
6.0 19.0 55.0 88.0 43.0 -51.0 -111.0 
-96.0 -30.0 -126.0 -124.0 -79.0 -147.0 -168.0 
-169.0 -114.0 -78.0 24.0 3.0 -139.0 -93.0 
-44.0 -3.0 17.0 -11.0 19.0 49.0 -78.0 
-153.0 -55.0 -101.0 -169.0 -85.0 -81.0 -212.0 
-224.0 -152.0 -135.0 -184.0 -287.0 -256.0 -190.0 
-126.0 -78.0 -184.0 -210.0 -154.0 -122.0 -153.0 
-195.0 -165.0 -236.0 -208.0 -35.0 -60.0 -111.0 
-52.0 -74.0 -85.0 -107.0 -123.0 -10.0 103.0 
144.0 75.0 38.0 32.0 2.0 76.0 95.0 
127.0 252.0 217.0 139.0 149.0 189.0 228.0 
172.0 193.0 204.0 98.0 63.0 50.0 26.0 
-87.0 -114.0 -60.0 -145.0 -129.0 -81.0 -158.0 
-227.0 -251.0 -262.0 -247.0 -244.0 -216.0 -224.0 
-305.0 -249.0 -226.0 -283.0 -260.0 -264.0 -314.0 
-314.0 -232.0 -177.0 -222.0 -221.0 -191.0 -196.0 
-174.0 -129.0 -24.0 10.0 45.0 85.0 -2.0 
-8.0 34.0 23.0 89.0 224.0 187.0 184.0 
222.0 58.0 8.0 108.0 185.0 211.0 186.0 
103.0 -5.0 -11.0 -7.0 14.0 33.0 -6.0 
61.0 -13.0 -173.0 -182.0 -245.0 -204.0 -82.0 
-152.0 -239.0 -251.0 -191.0 -125.0 -187.0 -242.0 
-268.0 -232.0 -169.0 -178.0 -170.0 -154.0 -156.0 
-124.0 -89.0 -192.0 -201.0 -83.0 -36.0 16.0 
-10.0 -55.0 -65.0 -89.0 -73.0 -71.0 -99.0 
-61.0 -67.0 -91.0 -94.0 -206.0 -242.0 -195.0 
-229.0 -248.0 -225.0 -270.0 -295.0 -183.0 -223.0 
-319.0 -240.0 -223.0 -159.0 -70.0 -82.0 -76.0 
-43.0 -18.0 -16.0 6.0 84.0 122.0 33.0 
-27.0 20.0 72.0 99.0 87.0 39.0 24.0 
3.0 16.0 -37.0 -66.0 2.0 -142.0 -220.0 
-202.0 -129.0 -127.0 -303.0 -236.0 -177.0 -135.0 
-177.0 -265.0 -115.0 -125.0 -140.0 -152.0 -129.0 
-17.0 -15.0 -64.0 -126.0 -9.0 9.0 -71.0 
-21.0 39.0 42.0 -45.0 -83.0 -91.0 -48.0 
56.0 59.0 20.0 55.0 45.0 -42.0 -51.0 
-14.0 -43.0 -59.0 -21.0 33.0 25.0 -2.0 
-132.0 -267.0 -80.0 -14.0 -49.0 -50.0 -128.0 
-60.0 -112.0 -162.0 -74.0 -63.0 -57.0 -74.0 
-87.0 -112.0 -142.0 -93.0 -86.0 -82.0 -21.0 
11.0 -43.0 -189.0 -86.0 53.0 -54.0 -24.0 
5.0 -164.0 -248.0 -177.0 -116.0 -26.0 -22.0 
-84.0 -61.0 -174.0 -235.0 -142.0 -106.0 -120.0 
-152.0 -197.0 -235.0 -233.0 -292.0 -337.0 -209.0 
-103.0 -174.0 -245.0 -292.0 -321.0 -263.0 -181.0 
-43.0 -44.0 -149.0 -138.0 -37.0 30.0 -8.0 
10.0 17.0 42.0 53.0 14.0 35.0 39.0 
46.0 -51.0 -41.0 -2.0 -115.0 -104.0 -90.0 
-109.0 -159.0 -99.0 -59.0 -124.0 -85.0 -142.0 
-114.0 -77.0 -44.0 -106.0 -231.0 -103.0 -119.0 
-178.0 -151.0 -116.0 -144.0 -215.0 -175.0 -146.0 
-94.0 -82.0 -163.0 -169.0 -120.0 -182.0 -220.0 
-94.0 55.0 46.0 -27.0 -82.0 -175.0 -136.0 
-30.0 -122.0 -137.0 -30.0 -70.0 -44.0 -109.0 
-200.0 -106.0 -95.0 -161.0 -198.0 -126.0 -56.0 
-85.0 -96.0 -124.0 -148.0 -135.0 -152.0 -95.0 
-37.0 -76.0 -117.0 -59.0 24.0 -95.0 -147.0 
-67.0 -21.0 15.0 -73.0 -65.0 -12.0 -29.0 
-65.0 -116.0 -57.0 -58.0 -48.0 -53.0 -64.0 
-29.0 -35.0 -33.0 -33.0 47.0 41.0 -75.0 
-180.0 -211.0 -180.0 -143.0 -80.0 -97.0 -105.0 
-137.0 -196.0 -172.0 -125.0 -41.0 -133.0 -173.0 
-29.0 -100.0 -133.0 -61.0 -19.0 -66.0 -134.0 
-59.0 -70.0 -78.0 -148.0 -145.0 -8.0 -43.0 
25.0 15.0 -54.0 -12.0 -47.0 -28.0 -55.0 
-36.0 62.0 25.0 -41.0 -67.0 -102.0 -117.0 
-27.0 -36.0 -165.0 -197.0 -170.0 -153.0 -127.0 
-138.0 -225.0 -242.0 -227.0 -268.0 -201.0 -157.0 
-267.0 -264.0 -179.0 -183.0 -213.0 -215.0 -191.0 
-141.0 -135.0 -112.0 -84.0 -115.0 -131.0 -150.0 
-96.0 -75.0 -94.0 -183.0 -293.0 -191.0 -118.0 
-87.0 -81.0 -110.0 -147.0 -209.0 -193.0 -81.0 
-34.0 -146.0 -137.0 -143.0 -145.0 -43.0 35.0 
68.0 -40.0 -32.0 -12.0 -8.0 55.0 113.0 
232.0 177.0 86.0 73.0 99.0 179.0 174.0 
109.0 97.0 76.0 85.0 117.0 52.0 43.0 
8.0 -5.0 21.0 -23.0 -4.0 -16.0 -48.0 
-50.0 0.0 -47.0 -118.0 -24.0 -18.0 -34.0 
-68.0 -83.0 -48.0 -39.0 -41.0 -131.0 -113.0 
-134.0 -144.0 -99.0 -238.0 -187.0 -142.0 -241.0 
-257.0 -245.0 -238.0 -316.0 -326.0 -318.0 -303.0 
-253.0 -225.0 -218.0 -290.0 -201.0 -184.0 -318.0 
-216.0 -171.0 -104.0 34.0 71.0 103.0 -17.0 
-19.0 -6.0 -25.0 122.0 186.0 164.0 91.0 
78.0 113.0 34.0 6.0 9.0 -4.0 190.0 
169.0 -63.0 18.0 13.0 4.0 111.0 96.0 
147.0 124.0 98.0 87.0 73.0 127.0 46.0 
-28.0 -7.0 13.0 -29.0 -20.0 -5.0 -123.0 
-174.0 -149.0 -194.0 -146.0 -81.0 -199.0 -247.0 
-201.0 -187.0 -177.0 -55.0 10.0 -103.0 -182.0 
-199.0 -124.0 -53.0 32.0 69.0 -52.0 -92.0 
-59.0 -84.0 -140.0 -117.0 -68.0 -45.0 24.0 
-17.0 -89.0 -131.0 -190.0 -71.0 6.0 -70.0 
-43.0 -69.0 -181.0 -152.0 -68.0 35.0 127.0 
91.0 29.0 -48.0 -66.0 56.0 151.0 239.0 
230.0 138.0 105.0 99.0 162.0 144.0 163.0 
239.0 115.0 8.0 30.0 7.0 -21.0 6.0 
21.0 -41.0 -91.0 -49.0 -55.0 -17.0 23.0 
-59.0 -127.0 -23.0 60.0 -35.0 46.0 98.0 
-19.0 17.0 92.0 35.0 -3.0 80.0 71.0 
20.0 68.0 26.0 -23.0 -29.0 -56.0 50.0 
29.0 -37.0 -15.0 -28.0 -18.0 -74.0 -71.0 
-59.0 -40.0 32.0 84.0 -17.0 -110.0 -25.0 
-9.0 36.0 40.0 58.0 89.0 30.0 66.0 
142.0 235.0 168.0 92.0 146.0 132.0 162.0 
146.0 126.0 159.0 79.0 60.0 57.0 50.0 
74.0 6.0 12.0 -12.0 -74.0 -21.0 30.0 
-15.0 15.0 98.0 12.0 -30.0 8.0 6.0 
32.0 54.0 2.0 11.0 -4.0 -87.0 -57.0 
-41.0 16.0 59.0 -8.0 -82.0 -84.0 8.0 
30.0 -33.0 -90.0 -89.0 -49.0 -25.0 -7.0 
72.0 140.0 82.0 3.0 15.0 54.0 -49.0 
-75.0 16.0 39.0 66.0 -7.0 -45.0 -48.0 
-51.0 -55.0 -147.0 -154.0 -78.0 8.0 -36.0 
-137.0 -161.0 -199.0 -196.0 -45.0 2.0 -22.0 
18.0 -74.0 -35.0 -11.0 24.0 115.0 20.0 
30.0 22.0 105.0 172.0 91.0 107.0 -11.0 
-84.0 11.0 107.0 104.0 16.0 -39.0 -75.0 
-23.0 8.0 47.0 81.0 -39.0 -74.0 2.0 
50.0 76.0 151.0 187.0 86.0 90.0 146.0 
69.0 55.0 111.0 149.0 90.0 22.0 43.0 
30.0 26.0 -14.0 -41.0 -84.0 -86.0 -130.0 
-195.0 -72.0 -25.0 -39.0 -115.0 -63.0 -32.0 
-90.0 8.0 17.0 69.0 97.0 134.0 92.0 
-3.0 137.0 169.0 149.0 123.0 81.0 132.0 
166.0 147.0 93.0 165.0 184.0 87.0 59.0 
53.0 133.0 135.0 29.0 -33.0 -65.0 -137.0 
-196.0 -88.0 19.0 55.0 -5.0 -123.0 -180.0 
-112.0 71.0 179.0 145.0 121.0 120.0 41.0 
67.0 175.0 274.0 293.0 204.0 167.0 164.0 
160.0 104.0 73.0 159.0 270.0 229.0 84.0 
18.0 2.0 -16.0 11.0 97.0 106.0 85.0 
43.0 -49.0 -26.0 156.0 232.0 143.0 185.0 
196.0 117.0 7.0 -89.0 -59.0 17.0 159.0 
163.0 47.0 34.0 -99.0 -204.0 -76.0 -3.0 
25.0 2.0 -19.0 -146.0 -206.0 -54.0 -52.0 
44.0 20.0 -47.0 -52.0 -66.0 -3.0 -29.0 
91.0 153.0 114.0 86.0 22.0 6.0 168.0 
296.0 178.0 126.0 136.0 137.0 196.0 280.0 
281.0 245.0 174.0 142.0 199.0 241.0 235.0 
188.0 264.0 245.0 112.0 146.0 203.0 232.0 
256.0 256.0 313.0 331.0 372.0 390.0 269.0 
274.0 351.0 406.0 411.0 378.0 313.0 239.0 
245.0 220.0 272.0 211.0 104.0 31.0 -42.0 
-10.0 -62.0 -100.0 -185.0 -186.0 -110.0 -116.0 
-221.0 -382.0 -187.0 -56.0 -173.0 -234.0 -240.0 
-18.0 23.0 -55.0 45.0 37.0 27.0 2.0 
91.0 226.0 250.0 334.0 275.0 142.0 223.0 
331.0 234.0 258.0 365.0 317.0 333.0 275.0 
234.0 366.0 391.0 291.0 217.0 232.0 281.0 
315.0 277.0 208.0 185.0 102.0 129.0 155.0 
55.0 116.0 134.0 50.0 -4.0 -20.0 42.0 
-7.0 -52.0 -68.0 -134.0 -107.0 -108.0 -110.0 
-73.0 -31.0 -13.0 -79.0 -71.0 79.0 234.0 
287.0 235.0 203.0 298.0 297.0 205.0 211.0 
319.0 373.0 261.0 135.0 98.0 220.0 216.0 
104.0 98.0 73.0 22.0 32.0 139.0 10.0 
-57.0 71.0 -19.0 -59.0 4.0 -12.0 -58.0 
-66.0 -93.0 -24.0 70.0 33.0 40.0 4.0 
-3.0 61.0 119.0 130.0 6.0 63.0 92.0 
11.0 169.0 193.0 123.0 128.0 34.0 -54.0 
17.0 143.0 69.0 42.0 41.0 -29.0 -46.0 
-94.0 -29.0 -24.0 48.0 141.0 -20.0 -40.0 
-31.0 21.0 84.0 62.0 167.0 106.0 24.0 
87.0 119.0 136.0 197.0 275.0 188.0 126.0 
170.0 126.0 137.0 258.0 406.0 387.0 205.0 
167.0 299.0 308.0 259.0 341.0 230.0 160.0 
247.0 270.0 193.0 74.0 141.0 46.0 -34.0 
34.0 67.0 61.0 -57.0 3.0 12.0 -72.0 
-20.0 -35.0 -93.0 -36.0 -38.0 -43.0 44.0 
31.0 73.0 121.0 82.0 51.0 24.0 3.0 
116.0 274.0 192.0 25.0 16.0 106.0 36.0 
13.0 111.0 10.0 38.0 64.0 -78.0 8.0 
87.0 65.0 29.0 -34.0 -60.0 -56.0 44.0 
131.0 143.0 54.0 -8.0 34.0 24.0 32.0 
-39.0 1.0 130.0 100.0 102.0 -18.0 -44.0 
122.0 57.0 -46.0 67.0 125.0 57.0 88.0 
137.0 119.0 158.0 126.0 65.0 93.0 79.0 
73.0 135.0 207.0 205.0 275.0 284.0 99.0 
31.0 109.0 160.0 180.0 203.0 167.0 164.0 
151.0 -17.0 -161.0 -20.0 118.0 103.0 114.0 
24.0 -46.0 -48.0 -91.0 -197.0 -188.0 -54.0 
-118.0 -95.0 54.0 -59.0 -184.0 -139.0 -98.0 
-59.0 -68.0 -192.0 -196.0 -125.0 -175.0 -79.0 
15.0 -129.0 -217.0 -238.0 -248.0 -207.0 -180.0 
-159.0 -134.0 -65.0 -93.0 -119.0 -58.0 -161.0 
-96.0 53.0 4.0 133.0 237.0 145.0 180.0 
264.0 269.0 196.0 134.0 165.0 207.0 270.0 
269.0 276.0 288.0 176.0 172.0 249.0 205.0 
178.0 268.0 272.0 190.0 159.0 91.0 -40.0 
22.0 48.0 -154.0 -147.0 -143.0 -233.0 -162.0 
-199.0 -256.0 -209.0 -273.0 -389.0 -387.0 -226.0 
-166.0 -206.0 -149.0 -141.0 -203.0 -255.0 -275.0 
-233.0 -137.0 -95.0 -42.0 26.0 -114.0 -154.0 
-34.0 -78.0 -46.0 70.0 -11.0 -119.0 -4.0 
42.0 5.0 57.0 -4.0 -41.0 -48.0 -79.0 
-137.0 -122.0 -80.0 -109.0 25.0 23.0 -17.0 
-41.0 -177.0 -207.0 -167.0 0.0 11.0 -62.0 
52.0 7.0 -80.0 -61.0 -106.0 -84.0 20.0 
142.0 148.0 122.0 130.0 82.0 123.0 74.0 
37.0 105.0 49.0 8.0 46.0 126.0 161.0 
68.0 -5.0 -37.0 -94.0 -168.0 -177.0 -30.0 
1.0 -66.0 -93.0 -187.0 -238.0 -242.0 -284.0 
-307.0 -241.0 -171.0 -170.0 -210.0 -259.0 -379.0 
-347.0 -266.0 -397.0 -362.0 -286.0 -301.0 -247.0 
-202.0 -218.0 -298.0 -297.0 -241.0 -226.0 -132.0 
-99.0 -144.0 -74.0 -10.0 37.0 15.0 -66.0 
-126.0 -109.0 37.0 62.0 29.0 47.0 9.0 
-45.0 -92.0 -131.0 -144.0 -114.0 -37.0 -50.0 
-126.0 -64.0 -81.0 -244.0 -232.0 -183.0 -264.0 
-301.0 -314.0 -250.0 -180.0 -238.0 -244.0 -246.0 
-270.0 -216.0 -158.0 -129.0 -76.0 -36.0 -95.0 
-172.0 -44.0 -47.0 -216.0 -134.0 -99.0 -146.0 
-119.0 -161.0 -210.0 -119.0 -89.0 -143.0 -125.0 
-252.0 -318.0 -278.0 -196.0 -18.0 -21.0 -91.0 
-145.0 -228.0 -256.0 -159.0 -60.0 12.0 132.0 
29.0 -137.0 -205.0 -243.0 -189.0 -64.0 -7.0 
-70.0 -158.0 -232.0 -251.0 -199.0 -114.0 -161.0 
-203.0 -263.0 -354.0 -289.0 -287.0 -241.0 -226.0 
-322.0 -328.0 -359.0 -311.0 -216.0 -243.0 -165.0 
-79.0 -193.0 -226.0 -165.0 -119.0 -115.0 -107.0 
-20.0 -114.0 -172.0 -60.0 20.0 86.0 4.0 
4.0 57.0 -42.0 -25.0 107.0 202.0 183.0 
161.0 61.0 -10.0 92.0 89.0 104.0 76.0 
56.0 41.0 -47.0 13.0 -2.0 -84.0 -175.0 
-150.0 -82.0 -95.0 -5.0 -90.0 -150.0 -147.0 
-268.0 -179.0 -141.0 -167.0 -84.0 -79.0 -153.0 
-269.0 -216.0 -194.0 -215.0 -143.0 -158.0 -182.0 
-206.0 -181.0 -138.0 -126.0 -113.0 -129.0 -183.0 
-189.0 -178.0 -121.0 -76.0 -141.0 -48.0 -9.0 
-98.0 -126.0 -105.0 -74.0 -68.0 -33.0 -93.0 
-86.0 -33.0 -77.0 -101.0 -82.0 -52.0 -85.0 
-41.0 -11.0 -72.0 -105.0 -161.0 -194.0 -166.0 
-108.0 -128.0 -142.0 -163.0 -159.0 -75.0 -122.0 
-178.0 -222.0 -187.0 -208.0 -251.0 -123.0 -58.0 
34.0 -42.0 -180.0 -195.0 -140.0 -39.0 -48.0 
12.0 61.0 66.0 33.0 37.0 38.0 5.0 
154.0 193.0 163.0 206.0 85.0 6.0 103.0 
121.0 89.0 147.0 175.0 74.0 -38.0 -45.0 
-23.0 -22.0 -114.0 -138.0 -51.0 -165.0 -190.0 
-141.0 -255.0 -246.0 -170.0 -140.0 -153.0 -160.0 
-142.0 -220.0 -231.0 -90.0 8.0 16.0 61.0 
27.0 -52.0 -49.0 -119.0 -32.0 37.0 32.0 
63.0 -118.0 -158.0 -97.0 -150.0 -114.0 0.0 
37.0 -75.0 -204.0 -165.0 -73.0 -97.0 -45.0 
89.0 11.0 -88.0 -54.0 -78.0 -76.0 -22.0 
59.0 135.0 28.0 -69.0 -103.0 -92.0 86.0 
147.0 122.0 157.0 92.0 -44.0 -29.0 33.0 
-48.0 -48.0 77.0 116.0 53.0 23.0 -3.0 
-61.0 -19.0 126.0 76.0 -93.0 -54.0 -17.0 
-67.0 -66.0 -17.0 74.0 36.0 -18.0 -8.0 
-91.0 -188.0 -102.0 104.0 30.0 -52.0 -47.0 
-154.0 -215.0 -231.0 -137.0 -51.0 -10.0 -104.0 
-259.0 -222.0 -204.0 -250.0 -244.0 -86.0 55.0 
-54.0 -155.0 -220.0 -185.0 -80.0 -141.0 -96.0 
-34.0 -46.0 -34.0 -141.0 -107.0 89.0 79.0 
-5.0 42.0 116.0 49.0 -38.0 59.0 148.0 
124.0 69.0 158.0 216.0 172.0 173.0 70.0 
49.0 83.0 120.0 117.0 88.0 109.0 -12.0 
45.0 72.0 -131.0 -79.0 54.0 -6.0 -151.0 
-147.0 -57.0 -70.0 -12.0 22.0 18.0 26.0 
-105.0 -110.0 69.0 103.0 8.0 51.0 65.0 
-95.0 -33.0 47.0 -11.0 56.0 71.0 14.0 
-16.0 8.0 47.0 88.0 98.0 3.0 21.0 
126.0 116.0 128.0 147.0 19.0 -24.0 138.0 
162.0 2.0 -63.0 -3.0 69.0 76.0 36.0 
31.0 32.0 -17.0 -5.0 74.0 62.0 26.0 
17.0 44.0 78.0 29.0 81.0 112.0 65.0 
127.0 101.0 37.0 20.0 76.0 194.0 207.0 
145.0 103.0 125.0 107.0 -5.0 52.0 284.0 
299.0 204.0 217.0 141.0 93.0 161.0 214.0 
177.0 160.0 126.0 21.0 39.0 -4.0 -38.0 
-15.0 -11.0 -56.0 -141.0 -108.0 -156.0 -161.0 
-69.0 -76.0 -89.0 -71.0 -137.0 -256.0 -244.0 
-90.0 17.0 13.0 -6.0 -57.0 -50.0 -58.0 
-152.0 -143.0 -39.0 36.0 57.0 117.0 146.0 
47.0 3.0 107.0 166.0 170.0 222.0 226.0 
234.0 296.0 289.0 202.0 212.0 278.0 252.0 
147.0 107.0 206.0 186.0 86.0 49.0 3.0 
-57.0 -33.0 58.0 -78.0 -173.0 -60.0 -54.0 
-52.0 -116.0 -110.0 -35.0 -66.0 19.0 32.0 
55.0 140.0 205.0 255.0 123.0 145.0 206.0 
133.0 208.0 248.0 153.0 92.0 149.0 139.0 
92.0 130.0 64.0 21.0 56.0 39.0 23.0 
47.0 24.0 -27.0 20.0 46.0 35.0 57.0 
106.0 87.0 93.0 173.0 153.0 142.0 216.0 
231.0 133.0 162.0 248.0 292.0 299.0 276.0 
279.0 206.0 224.0 254.0 205.0 268.0 218.0 
125.0 207.0 208.0 184.0 182.0 149.0 69.0 
-5.0 -3.0 9.0 79.0 81.0 41.0 -6.0 
-60.0 -39.0 -49.0 -10.0 62.0 23.0 -8.0 
-25.0 -18.0 26.0 36.0 132.0 222.0 123.0 
32.0 9.0 21.0 97.0 144.0 205.0 158.0 
15.0 -11.0 4.0 24.0 98.0 83.0 60.0 
24.0 -10.0 37.0 -49.0 -9.0 80.0 31.0 
53.0 83.0 97.0 42.0 -67.0 -58.0 94.0 
196.0 134.0 98.0 137.0 79.0 51.0 87.0 
164.0 227.0 182.0 93.0 -39.0 5.0 18.0 
-40.0 -14.0 -41.0 -2.0 -85.0 -179.0 -109.0 
-44.0 -6.0 -52.0 -76.0 -37.0 -41.0 -66.0 
7.0 54.0 11.0 29.0 19.0 63.0 52.0 
-69.0 -78.0 -70.0 1.0 88.0 85.0 54.0 
63.0 -8.0 -137.0 -48.0 57.0 140.0 195.0 
84.0 4.0 -10.0 -9.0 44.0 133.0 127.0 
61.0 131.0 225.0 152.0 144.0 211.0 217.0 
229.0 204.0 194.0 145.0 145.0 162.0 182.0 
232.0 149.0 66.0 10.0 -17.0 -32.0 -50.0 
-43.0 -24.0 -7.0 21.0 20.0 24.0 101.0 
6.0 8.0 161.0 151.0 125.0 210.0 278.0 
186.0 218.0 277.0 169.0 173.0 259.0 285.0 
283.0 324.0 295.0 179.0 208.0 223.0 164.0 
129.0 26.0 20.0 46.0 44.0 19.0 -174.0 
-196.0 -146.0 -237.0 -175.0 -79.0 -80.0 -152.0 
-215.0 -210.0 -219.0 -136.0 -25.0 -64.0 -85.0 
-21.0 -79.0 -118.0 -15.0 32.0 15.0 -47.0 
-89.0 -95.0 -70.0 28.0 22.0 60.0 124.0 
27.0 25.0 11.0 -45.0 8.0 148.0 176.0 
174.0 220.0 62.0 31.0 72.0 42.0 49.0 
55.0 94.0 122.0 170.0 137.0 57.0 -43.0 
-108.0 -120.0 -47.0 80.0 115.0 46.0 -67.0 
-111.0 -218.0 -217.0 -124.0 -21.0 -32.0 -242.0 
-282.0 -355.0 -366.0 -298.0 -222.0 -154.0 -267.0 
-298.0 -240.0 -132.0 -138.0 -17.0 77.0 -100.0 
-15.0 -73.0 -170.0 -43.0 18.0 113.0 121.0 
172.0 121.0 -81.0 -75.0 -12.0 50.0 114.0 
139.0 99.0 22.0 36.0 10.0 -28.0 23.0 
8.0 -27.0 -5.0 -12.0 -33.0 -34.0 -40.0 
-95.0 -118.0 -92.0 -88.0 -44.0 8.0 -21.0 
-39.0 -19.0 11.0 64.0 47.0 35.0 79.0 
72.0 41.0 119.0 214.0 192.0 105.0 87.0 
79.0 -39.0 -6.0 76.0 104.0 108.0 50.0 
2.0 -79.0 -120.0 -120.0 -71.0 -65.0 -94.0 
-135.0 -205.0 -175.0 -115.0 -114.0 -125.0 -163.0 
-234.0 -176.0 -173.0 -144.0 -43.0 -117.0 -135.0 
-82.0 -117.0 -221.0 -141.0 -55.0 -89.0 -44.0 
-129.0 -116.0 -55.0 -58.0 -43.0 -156.0 -134.0 
-97.0 -96.0 -34.0 5.0 14.0 -75.0 -25.0 
-28.0 -128.0 -93.0 -121.0 -95.0 -66.0 -83.0 
-103.0 -173.0 -198.0 -208.0 -147.0 -148.0 -164.0 
-157.0 -243.0 -301.0 -268.0 -80.0 -47.0 -180.0 
-274.0 -311.0 -222.0 -153.0 14.0 3.0 -139.0 
-44.0 -57.0 -67.0 30.0 46.0 -79.0 -144.0 
-58.0 -55.0 -124.0 -155.0 -120.0 -173.0 -215.0 
-234.0 -258.0 -203.0 -181.0 -144.0 -187.0 -228.0 
-195.0 -149.0 -176.0 -147.0 -82.0 -138.0 -53.0 
-7.0 3.0 -38.0 -23.0 -24.0 -117.0 -15.0 
-48.0 -63.0 -84.0 -134.0 -157.0 -184.0 -56.0 
-71.0 -95.0 -70.0 -96.0 -93.0 -152.0 -192.0 
-131.0 -80.0 -109.0 -71.0 -60.0 -121.0 -15.0 
-121.0 -274.0 -88.0 -5.0 -7.0 -92.0 -83.0 
-56.0 -203.0 -73.0 -20.0 -74.0 -22.0 -128.0 
-206.0 -137.0 -47.0 -79.0 -142.0 -36.0 0.0 
-131.0 -154.0 -152.0 -151.0 -68.0 -46.0 -75.0 
-120.0 -121.0 -119.0 -105.0 -8.0 -14.0 -42.0 
7.0 64.0 15.0 -45.0 67.0 85.0 58.0 
-16.0 -40.0 61.0 3.0 -19.0 -3.0 -6.0 
-59.0 -134.0 -107.0 -101.0 -95.0 -44.0 -52.0 
-164.0 -203.0 -216.0 -248.0 -143.0 -144.0 -224.0 
-250.0 -292.0 -278.0 -234.0 -130.0 -121.0 -210.0 
-222.0 -258.0 -271.0 -214.0 -167.0 -126.0 -93.0 
-80.0 -171.0 -190.0 -110.0 -111.0 17.0 64.0 
29.0 71.0 62.0 89.0 76.0 95.0 88.0 
66.0 115.0 69.0 28.0 -11.0 -78.0 -69.0 
-71.0 -133.0 -160.0 -213.0 -259.0 -223.0 -189.0 
-194.0 -210.0 -205.0 -272.0 -286.0 -320.0 -367.0 
-240.0 -236.0 -250.0 -286.0 -359.0 -319.0 -357.0 
-343.0 -385.0 -393.0 -310.0 -339.0 -376.0 -430.0 
-362.0 -312.0 -313.0 -302.0 -284.0 -251.0 -323.0 
-259.0 -125.0 -60.0 -28.0 -8.0 51.0 -52.0 
-102.0 -1.0 -6.0 39.0 94.0 85.0 14.0 
-68.0 -105.0 -49.0 56.0 -81.0 -109.0 -72.0 
-148.0 -92.0 -32.0 -22.0 -70.0 -115.0 -170.0 
-149.0 -96.0 -152.0 -176.0 -132.0 -78.0 -98.0 
-158.0 -182.0 -208.0 -200.0 -236.0 -300.0 -198.0 
-155.0 -155.0 -128.0 -233.0 -251.0 -197.0 -165.0 
-160.0 -253.0 -281.0 -260.0 -193.0 -110.0 -206.0 
-307.0 -284.0 -191.0 -150.0 -195.0 -268.0 -272.0 
-241.0 -242.0 -204.0 -213.0 -177.0 -201.0 -213.0 
-280.0 -302.0 -90.0 -127.0 -122.0 -70.0 -122.0 
-187.0 -196.0 -154.0 -123.0 -16.0 -65.0 -86.0 
-63.0 -125.0 -233.0 -153.0 -141.0 -280.0 -93.0 
-117.0 -228.0 -185.0 -261.0 -247.0 -277.0 -324.0 
-252.0 -220.0 -270.0 -219.0 -155.0 -237.0 -331.0 
-334.0 -236.0 -257.0 -266.0 -207.0 -282.0 -341.0 
-255.0 -169.0 -177.0 -107.0 -131.0 -216.0 -200.0 
-198.0 -141.0 -86.0 -44.0 20.0 23.0 -77.0 
-131.0 -90.0 -63.0 -3.0 80.0 118.0 45.0 
11.0 -40.0 -110.0 -90.0 -157.0 -120.0 -80.0 
-138.0 -158.0 -222.0 -211.0 -268.0 -361.0 -355.0 
-404.0 -412.0 -468.0 -428.0 -301.0 -394.0 -460.0 
-423.0 -464.0 -456.0 -354.0 -372.0 -345.0 -264.0 
-287.0 -279.0 -288.0 -216.0 -122.0 -139.0 -133.0 
-111.0 -46.0 -42.0 -3.0 16.0 -40.0 70.0 
75.0 82.0 63.0 73.0 244.0 223.0 178.0 
132.0 40.0 -35.0 -6.0 108.0 46.0 -28.0 
-6.0 -68.0 -184.0 -207.0 -172.0 -203.0 -202.0 
-143.0 -197.0 -290.0 -294.0 -194.0 -142.0 -194.0 
-268.0 -289.0 -239.0 -202.0 -176.0 -179.0 -144.0 
-83.0 -201.0 -294.0 -210.0 -212.0 -174.0 -142.0 
-132.0 -106.0 -145.0 -154.0 -320.0 -340.0 -173.0 
-127.0 -113.0 -141.0 -113.0 -142.0 -275.0 -302.0 
-237.0 -202.0 -281.0 -252.0 -239.0 -282.0 -212.0 
-192.0 -183.0 -260.0 -278.0 -271.0 -265.0 -133.0 
-148.0 -83.0 9.0 -69.0 -77.0 -122.0 -119.0 
-78.0 -96.0 -82.0 -33.0 -38.0 -106.0 -42.0 
-56.0 -134.0 -208.0 -193.0 -144.0 -134.0 -43.0 
-99.0 -72.0 -31.0 -96.0 -140.0 -167.0 -86.0 
-127.0 -176.0 -143.0 -77.0 -24.0 -185.0 -208.0 
-205.0 -262.0 -252.0 -209.0 -161.0 -270.0 -156.0 
-115.0 -293.0 -307.0 -366.0 -453.0 -432.0 -340.0 
-292.0 -352.0 -269.0 -194.0 -373.0 -419.0 -365.0 
-362.0 -347.0 -321.0 -233.0 -201.0 -194.0 -253.0 
-334.0 -241.0 -183.0 -141.0 -99.0 -143.0 -124.0 
-168.0 -193.0 -47.0 14.0 -79.0 -52.0 -22.0 
-102.0 -75.0 -21.0 -27.0 -13.0 90.0 62.0 
-142.0 -178.0 -147.0 -121.0 -67.0 -53.0 -11.0 
-91.0 -223.0 -266.0 -240.0 -191.0 -183.0 -157.0 
-148.0 -162.0 -229.0 -298.0 -264.0 -273.0 -263.0 
-219.0 -254.0 -224.0 -248.0 -255.0 -197.0 -236.0 
-186.0 -145.0 -201.0 -326.0 -306.0 -185.0 -228.0 
-188.0 -141.0 -127.0 -187.0 -220.0 -156.0 -236.0 
-214.0 -94.0 -110.0 -146.0 -143.0 -169.0 -154.0 
-263.0 -226.0 -83.0 -165.0 -201.0 -176.0 -151.0 
-218.0 -234.0 -248.0 -276.0 -217.0 -229.0 -295.0 
-320.0 -307.0 -286.0 -290.0 -365.0 -397.0 -411.0 
-380.0 -400.0 -373.0 -292.0 -331.0 -289.0 -225.0 
-243.0 -293.0 -246.0 -207.0 -186.0 -196.0 -232.0 
-137.0 -57.0 -77.0 -138.0 -140.0 -146.0 -131.0 
-147.0 -245.0 -171.0 -70.0 -116.0 -178.0 -284.0 
-311.0 -200.0 -212.0 -278.0 -243.0 -195.0 -174.0 
-183.0 -273.0 -357.0 -339.0 -194.0 -126.0 -182.0 
-244.0 -380.0 -279.0 -196.0 -243.0 -165.0 -126.0 
-137.0 -288.0 -363.0 -314.0 -224.0 -100.0 -53.0 
-70.0 -176.0 -166.0 -125.0 -171.0 -21.0 6.0 
-110.0 -22.0 1.0 -47.0 -46.0 -77.0 -128.0 
-143.0 -125.0 -166.0 -201.0 -76.0 -28.0 -110.0 
-110.0 -171.0 -126.0 -49.0 -197.0 -267.0 -270.0 
-247.0 -140.0 -100.0 -111.0 -149.0 -193.0 -255.0 
-269.0 -188.0 -95.0 -42.0 -101.0 -189.0 -259.0 
-304.0 -224.0 -179.0 -212.0 -196.0 -210.0 -306.0 
-353.0 -280.0 -178.0 -138.0 -177.0 -201.0 -175.0 
-207.0 -197.0 -106.0 -5.0 113.0 65.0 -81.0 
-141.0 -89.0 -38.0 -49.0 -68.0 -115.0 -144.0 
-205.0 -214.0 -160.0 -170.0 -201.0 -237.0 -227.0 
-177.0 -250.0 -285.0 -167.0 -66.0 -48.0 -167.0 
-228.0 -145.0 -93.0 -112.0 -82.0 22.0 -3.0 
-47.0 -93.0 -138.0 -46.0 -36.0 -68.0 -159.0 
-150.0 -90.0 -207.0 -189.0 -175.0 -118.0 -117.0 
-204.0 -214.0 -251.0 -187.0 -217.0 -206.0 -138.0 
-153.0 -215.0 -319.0 -268.0 -193.0 -202.0 -278.0 
-243.0 -173.0 -243.0 -261.0 -219.0 -224.0 -246.0 
-240.0 -226.0 -87.0 -74.0 -179.0 -216.0 -324.0 
-241.0 -126.0 -98.0 -64.0 -189.0 -231.0 -229.0 
-208.0 -205.0 -279.0 -187.0 -205.0 -242.0 -245.0 
-304.0 -253.0 -261.0 -274.0 -217.0 -221.0 -199.0 
-118.0 -101.0 -168.0 -294.0 -224.0 -75.0 -50.0 
4.0 -36.0 -111.0 -86.0 -63.0 -4.0 34.0 
-96.0 -184.0 -139.0 -174.0 -192.0 -68.0 -41.0 
-102.0 -155.0 -265.0 -236.0 -141.0 -156.0 -148.0 
-117.0 -110.0 -82.0 -83.0 -127.0 -117.0 -100.0 
-78.0 -110.0 -122.0 -88.0 -176.0 -143.0 -45.0 
-125.0 -157.0 -120.0 -205.0 -293.0 -272.0 -191.0 
-144.0 -187.0 -200.0 -289.0 -347.0 -270.0 -243.0 
-237.0 -238.0 -183.0 -170.0 -232.0 -220.0 -230.0 
-291.0 -316.0 -296.0 -208.0 -170.0 -269.0 -276.0 
-241.0 -323.0 -368.0 -324.0 -302.0 -327.0 -314.0 
-320.0 -393.0 -295.0 -226.0 -366.0 -329.0 -270.0 
-306.0 -290.0 -298.0 -189.0 -159.0 -111.0 -38.0 
-154.0 -117.0 -64.0 -86.0 -98.0 -72.0 -81.0 
-84.0 -15.0 -23.0 -33.0 -131.0 -155.0 -153.0 
-217.0 -154.0 -145.0 -148.0 -187.0 -237.0 -263.0 
-334.0 -310.0 -284.0 -230.0 -167.0 -147.0 -254.0 
-439.0 -412.0 -332.0 -260.0 -186.0 -269.0 -302.0 
-260.0 -267.0 -206.0 -230.0 -176.0 -124.0 -212.0 
-210.0 -261.0 -228.0 -207.0 -159.0 -98.0 -191.0 
-194.0 -239.0 -286.0 -208.0 -174.0 -147.0 -137.0 
-163.0 -77.0 -52.0 -125.0 -92.0 -55.0 15.0 
64.0 42.0 40.0 -9.0 -6.0 -19.0 -78.0 
-99.0 -107.0 -38.0 13.0 -1.0 -103.0 -178.0 
-202.0 -218.0 -172.0 -174.0 -135.0 -101.0 -99.0 
-159.0 -256.0 -207.0 -254.0 -262.0 -149.0 -213.0 
-264.0 -273.0 -314.0 -242.0 -207.0 -279.0 -385.0 
-340.0 -191.0 -324.0 -379.0 -241.0 -136.0 -108.0 
-162.0 -150.0 -177.0 -128.0 -85.0 -103.0 -99.0 
-90.0 -19.0 -10.0 -94.0 -159.0 -181.0 -156.0 
-62.0 -39.0 -18.0 -11.0 -54.0 -76.0 -71.0 
-2.0 3.0 -50.0 -17.0 34.0 -10.0 -28.0 
21.0 20.0 22.0 -4.0 -63.0 -68.0 -166.0 
-132.0 53.0 58.0 5.0 -104.0 -164.0 -104.0 
-67.0 -24.0 15.0 9.0 -79.0 -62.0 -20.0 
-95.0 -48.0 -35.0 -136.0 -183.0 -199.0 -246.0 
-321.0 -267.0 -247.0 -312.0 -355.0 -415.0 -390.0 
-426.0 -334.0 -235.0 -259.0 -275.0 -341.0 -341.0 
-421.0 -338.0 -196.0 -281.0 -349.0 -248.0 -114.0 
-154.0 -170.0 -173.0 -253.0 -181.0 -66.0 -139.0 
-143.0 -94.0 -90.0 -40.0 -9.0 -7.0 -136.0 
-201.0 -136.0 -73.0 -31.0 -141.0 -187.0 -154.0 
-239.0 -266.0 -183.0 -133.0 -165.0 -183.0 -163.0 
-150.0 -150.0 -158.0 -105.0 -167.0 -197.0 -188.0 
-280.0 -175.0 -107.0 -83.0 -152.0 -298.0 -222.0 
-127.0 -157.0 -204.0 -166.0 -157.0 -147.0 -292.0 
-292.0 -132.0 -213.0 -153.0 -131.0 -114.0 -71.0 
-187.0 -201.0 -246.0 -186.0 -117.0 -171.0 -143.0 
-208.0 -192.0 -164.0 -182.0 -101.0 -105.0 -96.0 
-94.0 -81.0 -44.0 -14.0 17.0 -6.0 -8.0 
-13.0 80.0 109.0 68.0 75.0 -3.0 -14.0 
53.0 52.0 -17.0 -63.0 -152.0 -211.0 -168.0 
-109.0 -105.0 -137.0 -97.0 -163.0 -285.0 -258.0 
-189.0 -152.0 -163.0 -189.0 -184.0 -160.0 -68.0 
-66.0 -68.0 -120.0 -242.0 -214.0 -185.0 -194.0 
-222.0 -202.0 -227.0 -267.0 -311.0 -287.0 -309.0 
-379.0 -263.0 -225.0 -225.0 -311.0 -328.0 -298.0 
-367.0 -337.0 -314.0 -320.0 -278.0 -220.0 -282.0 
-313.0 -216.0 -135.0 -139.0 -150.0 -154.0 -166.0 
-67.0 33.0 26.0 -10.0 -100.0 -131.0 -105.0 
-185.0 -130.0 -56.0 -67.0 -66.0 -128.0 -177.0 
-179.0 -175.0 -192.0 -158.0 -254.0 -312.0 -214.0 
-263.0 -348.0 -299.0 -280.0 -331.0 -357.0 -393.0 
-331.0 -274.0 -234.0 -229.0 -240.0 -167.0 -161.0 
-154.0 -159.0 -113.0 -38.0 -66.0 -45.0 -69.0 
-144.0 -77.0 -30.0 -106.0 -114.0 -69.0 -90.0 
-102.0 -106.0 -137.0 -143.0 -126.0 -103.0 -66.0 
-171.0 -259.0 -183.0 -123.0 -81.0 -59.0 -153.0 
-270.0 -194.0 -230.0 -246.0 -98.0 -84.0 -123.0 
-151.0 -151.0 -261.0 -301.0 -182.0 -159.0 -167.0 
-110.0 -146.0 -223.0 -128.0 -48.0 -111.0 -194.0 
-177.0 -77.0 -9.0 16.0 53.0 6.0 -62.0 
10.0 14.0 -28.0 61.0 67.0 57.0 105.0 
31.0 -23.0 10.0 -9.0 -58.0 5.0 -7.0 
-108.0 -108.0 -156.0 -154.0 -161.0 -202.0 -163.0 
-207.0 -231.0 -276.0 -347.0 -312.0 -288.0 -194.0 
-198.0 -262.0 -208.0 -281.0 -270.0 -276.0 -305.0 
-169.0 -141.0 -135.0 -138.0 -195.0 -253.0 -261.0 
-227.0 -155.0 -91.0 -29.0 -67.0 -255.0 -212.0 
-175.0 -133.0 -74.0 -82.0 13.0 -93.0 -142.0 
-151.0 -219.0 -154.0 -96.0 -32.0 -29.0 -159.0 
-284.0 -235.0 -210.0 -229.0 -130.0 -123.0 -202.0 
-212.0 -225.0 -267.0 -273.0 -239.0 -210.0 -207.0 
-193.0 -182.0 -304.0 -343.0 -175.0 -69.0 -44.0 
-113.0 -98.0 -30.0 -77.0 -11.0 64.0 47.0 
-39.0 -10.0 32.0 -73.0 -4.0 -41.0 -116.0 
-127.0 -174.0 -117.0 -168.0 -140.0 -223.0 -403.0 
-308.0 -217.0 -330.0 -427.0 -354.0 -333.0 -362.0 
-363.0 -340.0 -399.0 -480.0 -373.0 -285.0 -293.0 
-264.0 -280.0 -227.0 -177.0 -209.0 -170.0 -193.0 
-113.0 -20.0 12.0 -27.0 -142.0 46.0 94.0 
13.0 93.0 158.0 133.0 1.0 67.0 121.0 
152.0 102.0 -79.0 13.0 70.0 56.0 16.0 
-63.0 -59.0 -127.0 -179.0 -195.0 -178.0 -169.0 
-206.0 -263.0 -360.0 -436.0 -486.0 -434.0 -361.0 
-265.0 -267.0 -414.0 -410.0 -364.0 -329.0 -269.0 
-231.0 -136.0 -101.0 -179.0 -179.0 -143.0 -146.0 
-43.0 75.0 30.0 -69.0 -118.0 -144.0 -98.0 
2.0 -6.0 22.0 42.0 -4.0 -38.0 -128.0 
-83.0 -43.0 -61.0 -28.0 -20.0 -70.0 -188.0 
-162.0 -152.0 -144.0 -82.0 -129.0 -182.0 -279.0 
-216.0 -69.0 10.0 -66.0 -226.0 -103.0 -85.0 
-190.0 -120.0 -91.0 -175.0 -168.0 -130.0 -190.0 
-147.0 -199.0 -255.0 -158.0 -132.0 -130.0 -162.0 
-150.0 -177.0 -252.0 -186.0 -78.0 -99.0 -148.0 
-116.0 -106.0 -107.0 -143.0 -148.0 -112.0 -71.0 
-72.0 -140.0 -157.0 -141.0 -47.0 16.0 -92.0 
-169.0 -166.0 -70.0 -60.0 -150.0 -113.0 -62.0 
15.0 -58.0 -181.0 -174.0 -100.0 15.0 11.0 
-36.0 -45.0 0.0 7.0 17.0 88.0 112.0 
75.0 48.0 137.0 182.0 165.0 94.0 -64.0 
-63.0 -91.0 -219.0 -151.0 -137.0 -255.0 -192.0 
-158.0 -306.0 -351.0 -274.0 -227.0 -194.0 -139.0 
-130.0 -173.0 -80.0 20.0 3.0 41.0 86.0 
127.0 130.0 161.0 225.0 175.0 128.0 197.0 
287.0 261.0 178.0 145.0 181.0 184.0 157.0 
97.0 110.0 150.0 179.0 223.0 49.0 -45.0 
34.0 73.0 64.0 102.0 105.0 43.0 46.0 
39.0 69.0 74.0 60.0 36.0 -14.0 -18.0 
-35.0 -48.0 -7.0 34.0 -23.0 -82.0 -79.0 
-127.0 -113.0 8.0 84.0 27.0 -101.0 -105.0 
-24.0 133.0 95.0 -34.0 135.0 115.0 7.0 
126.0 223.0 226.0 94.0 78.0 142.0 120.0 
33.0 0.0 192.0 131.0 109.0 219.0 70.0 
89.0 72.0 118.0 291.0 188.0 97.0 242.0 
280.0 199.0 205.0 113.0 142.0 188.0 263.0 
343.0 190.0 218.0 143.0 82.0 137.0 70.0 
246.0 254.0 54.0 55.0 48.0 22.0 31.0 
-11.0 47.0 153.0 173.0 122.0 63.0 106.0 
100.0 129.0 271.0 344.0 293.0 235.0 305.0 
430.0 464.0 454.0 484.0 421.0 470.0 563.0 
470.0 457.0 442.0 399.0 384.0 417.0 397.0 
216.0 213.0 133.0 120.0 201.0 125.0 262.0 
229.0 153.0 202.0 262.0 334.0 311.0 393.0 
368.0 437.0 515.0 413.0 500.0 462.0 414.0 
491.0 471.0 445.0 384.0 378.0 337.0 368.0 
403.0 328.0 318.0 231.0 270.0 232.0 174.0 
263.0 225.0 197.0 174.0 204.0 166.0 242.0 
364.0 274.0 302.0 371.0 383.0 384.0 423.0 
464.0 510.0 474.0 360.0 422.0 460.0 500.0 
584.0 523.0 547.0 528.0 421.0 427.0 447.0 
509.0 582.0 617.0 563.0 484.0 496.0 451.0 
417.0 452.0 487.0 566.0 481.0 397.0 418.0 
336.0 317.0 352.0 312.0 279.0 265.0 241.0 
259.0 226.0 154.0 137.0 207.0 244.0 175.0 
152.0 187.0 177.0 195.0 213.0 239.0 290.0 
242.0 232.0 237.0 287.0 393.0 474.0 498.0 
471.0 434.0 464.0 508.0 497.0 593.0 571.0 
501.0 509.0 484.0 497.0 493.0 506.0 460.0 
446.0 442.0 345.0 329.0 395.0 510.0 443.0 
339.0 368.0 390.0 370.0 345.0 430.0 458.0 
425.0 377.0 354.0 323.0 300.0 366.0 352.0 
351.0 387.0 455.0 430.0 301.0 338.0 270.0 
230.0 297.0 307.0 380.0 347.0 388.0 413.0 
391.0 436.0 329.0 303.0 313.0 319.0 389.0 
350.0 375.0 376.0 310.0 333.0 279.0 243.0 
292.0 362.0 330.0 249.0 284.0 299.0 359.0 
395.0 312.0 278.0 334.0 310.0 249.0 281.0 
320.0 387.0 373.0 300.0 236.0 158.0 167.0 
175.0 294.0 388.0 282.0 305.0 322.0 195.0 
228.0 334.0 320.0 308.0 322.0 354.0 342.0 
321.0 446.0 485.0 373.0 365.0 396.0 521.0 
600.0 435.0 313.0 377.0 508.0 493.0 397.0 
340.0 356.0 397.0 316.0 306.0 334.0 287.0 
259.0 170.0 152.0 217.0 205.0 237.0 225.0 
143.0 81.0 36.0 92.0 182.0 228.0 136.0 
98.0 203.0 168.0 142.0 200.0 216.0 216.0 
221.0 157.0 155.0 254.0 254.0 269.0 262.0 
245.0 187.0 66.0 101.0 125.0 59.0 143.0 
203.0 111.0 38.0 -37.0 3.0 64.0 96.0 
155.0 96.0 37.0 50.0 101.0 153.0 182.0 
160.0 119.0 113.0 128.0 220.0 325.0 316.0 
271.0 266.0 252.0 210.0 260.0 349.0 249.0 
209.0 348.0 371.0 314.0 310.0 222.0 205.0 
341.0 319.0 224.0 216.0 270.0 273.0 262.0 
286.0 175.0 106.0 138.0 105.0 159.0 328.0 
297.0 199.0 154.0 27.0 29.0 56.0 62.0 
158.0 233.0 166.0 39.0 45.0 55.0 -41.0 
-89.0 -32.0 -23.0 -93.0 -69.0 43.0 46.0 
-18.0 -98.0 -120.0 -54.0 66.0 96.0 20.0 
29.0 9.0 92.0 143.0 52.0 70.0 140.0 
80.0 -7.0 155.0 202.0 170.0 289.0 208.0 
111.0 135.0 139.0 162.0 182.0 250.0 332.0 
286.0 138.0 69.0 47.0 52.0 134.0 159.0 
110.0 131.0 203.0 120.0 63.0 110.0 123.0 
113.0 136.0 143.0 83.0 33.0 53.0 193.0 
176.0 115.0 72.0 -39.0 11.0 17.0 68.0 
105.0 56.0 39.0 -63.0 -84.0 -31.0 38.0 
-39.0 -112.0 18.0 19.0 5.0 72.0 37.0 
-21.0 -12.0 5.0 -72.0 -112.0 20.0 116.0 
52.0 0.0 9.0 7.0 59.0 25.0 -67.0 
-47.0 1.0 12.0 -14.0 54.0 24.0 -76.0 
-137.0 -209.0 -109.0 90.0 192.0 128.0 47.0 
10.0 -33.0 -8.0 66.0 50.0 63.0 108.0 
104.0 49.0 -25.0 64.0 132.0 168.0 88.0 
-90.0 -11.0 57.0 85.0 84.0 24.0 58.0 
0.0 -56.0 -22.0 45.0 -4.0 -29.0 76.0 
53.0 19.0 -52.0 -90.0 -98.0 -108.0 -3.0 
52.0 6.0 -56.0 -86.0 -122.0 -82.0 -56.0 
-43.0 -50.0 -118.0 -159.0 -99.0 102.0 61.0 
-67.0 -40.0 -46.0 -9.0 0.0 2.0 51.0 
-5.0 -49.0 8.0 40.0 64.0 79.0 18.0 
-92.0 -137.0 -74.0 7.0 60.0 -11.0 -126.0 
-180.0 -185.0 -147.0 -194.0 -181.0 -153.0 -240.0 
-195.0 -165.0 -256.0 -327.0 -385.0 -309.0 -275.0 
-318.0 -183.0 -142.0 -240.0 -246.0 -198.0 -169.0 
-44.0 84.0 -38.0 -46.0 17.0 22.0 116.0 
118.0 181.0 220.0 87.0 47.0 123.0 123.0 
78.0 119.0 92.0 16.0 72.0 50.0 14.0 
83.0 -21.0 -124.0 -106.0 -110.0 -80.0 -131.0 
-146.0 -84.0 -119.0 -209.0 -305.0 -342.0 -337.0 
-233.0 -188.0 -241.0 -218.0 -219.0 -156.0 -151.0 
-276.0 -325.0 -291.0 -198.0 -177.0 -182.0 -221.0 
-285.0 -314.0 -289.0 -159.0 -136.0 -113.0 -146.0 
-105.0 -9.0 -140.0 -106.0 66.0 6.0 -158.0 
-96.0 41.0 60.0 -57.0 -208.0 -116.0 14.0 
-69.0 -141.0 -177.0 -160.0 -124.0 -151.0 -161.0 
-252.0 -174.0 -128.0 -219.0 -146.0 -208.0 -298.0 
-311.0 -281.0 -181.0 -246.0 -265.0 -285.0 -287.0 
-215.0 -292.0 -224.0 -161.0 -128.0 -134.0 -230.0 
-186.0 -216.0 -205.0 -218.0 -287.0 -233.0 -161.0 
-79.0 -167.0 -214.0 -183.0 -245.0 -176.0 -156.0 
-133.0 -133.0 -138.0 -126.0 -244.0 -116.0 -71.0 
-206.0 -235.0 -305.0 -257.0 -257.0 -221.0 -220.0 
-327.0 -275.0 -343.0 -362.0 -406.0 -410.0 -344.0 
-390.0 -276.0 -296.0 -370.0 -437.0 -433.0 -356.0 
-360.0 -277.0 -348.0 -226.0 -110.0 -239.0 -274.0 
-381.0 -397.0 -338.0 -292.0 -238.0 -169.0 -161.0 
-162.0 -121.0 -231.0 -238.0 -161.0 -254.0 -289.0 
-121.0 -38.0 -89.0 -170.0 -220.0 -189.0 -200.0 
-235.0 -279.0 -299.0 -262.0 -194.0 -92.0 -79.0 
-210.0 -153.0 -71.0 -233.0 -198.0 -99.0 -159.0 
-74.0 -29.0 -69.0 -14.0 -69.0 -123.0 -153.0 
-135.0 -43.0 -79.0 -148.0 -186.0 -105.0 -111.0 
-205.0 -135.0 -149.0 -229.0 -255.0 -212.0 -141.0 
-186.0 -192.0 -180.0 -253.0 -359.0 -435.0 -347.0 
-276.0 -293.0 -290.0 -343.0 -348.0 -372.0 -392.0 
-286.0 -252.0 -254.0 -178.0 -157.0 -158.0 -132.0 
-148.0 -184.0 -218.0 -137.0 -165.0 -259.0 -240.0 
-263.0 -279.0 -292.0 -251.0 -275.0 -387.0 -389.0 
-382.0 -402.0 -328.0 -352.0 -393.0 -299.0 -321.0 
-370.0 -436.0 -401.0 -266.0 -343.0 -243.0 -117.0 
-189.0 -236.0 -247.0 -154.0 -180.0 -164.0 -86.0 
-45.0 -74.0 -138.0 -123.0 -197.0 -123.0 -93.0 
-117.0 -29.0 -104.0 -138.0 -64.0 3.0 85.0 
68.0 -4.0 -52.0 -66.0 -51.0 -79.0 22.0 
54.0 -55.0 -66.0 -179.0 -174.0 -130.0 -220.0 
-293.0 -301.0 -172.0 -258.0 -311.0 -332.0 -439.0 
-362.0 -331.0 -343.0 -394.0 -366.0 -342.0 -405.0 
-402.0 -390.0 -399.0 -418.0 -341.0 -321.0 -338.0 
-337.0 -413.0 -425.0 -415.0 -352.0 -270.0 -346.0 
-415.0 -497.0 -437.0 -246.0 -319.0 -318.0 -236.0 
-285.0 -343.0 -251.0 -212.0 -282.0 -147.0 -135.0 
-56.0 -8.0 -113.0 -79.0 -95.0 54.0 100.0 
-92.0 -86.0 -69.0 -138.0 -132.0 -94.0 -105.0 
-167.0 -206.0 -231.0 -217.0 -214.0 -202.0 -143.0 
-216.0 -223.0 -146.0 -254.0 -372.0 -265.0 -95.0 
-147.0 -162.0 -109.0 -185.0 -231.0 -188.0 -84.0 
-84.0 -77.0 11.0 -58.0 -211.0 -216.0 -107.0 
-21.0 -128.0 -203.0 -129.0 -212.0 -223.0 -282.0 
-368.0 -299.0 -251.0 -301.0 -370.0 -360.0 -412.0 
-366.0 -338.0 -395.0 -447.0 -498.0 -474.0 -353.0 
-224.0 -235.0 -230.0 -270.0 -307.0 -320.0 -273.0 
-229.0 -244.0 -148.0 -154.0 -203.0 -265.0 -274.0 
-216.0 -246.0 -205.0 -167.0 -153.0 -169.0 -236.0 
-251.0 -219.0 -150.0 -214.0 -332.0 -311.0 -288.0 
-272.0 -296.0 -314.0 -213.0 -191.0 -274.0 -328.0 
-247.0 -246.0 -317.0 -216.0 -147.0 -96.0 -73.0 
-76.0 -111.0 -118.0 -115.0 -169.0 -96.0 -90.0 
-130.0 -73.0 -30.0 -104.0 -223.0 -275.0 -274.0 
-165.0 -154.0 -228.0 -140.0 -122.0 -229.0 -260.0 
-235.0 -185.0 -213.0 -264.0 -115.0 -63.0 -197.0 
-224.0 -266.0 -291.0 -192.0 -192.0 -257.0 -275.0 
-262.0 -295.0 -333.0 -225.0 -233.0 -325.0 -403.0 
-401.0 -319.0 -407.0 -355.0 -336.0 -463.0 -444.0 
-381.0 -359.0 -419.0 -455.0 -380.0 -315.0 -314.0 
-274.0 -295.0 -246.0 -164.0 -292.0 -396.0 -358.0 
-242.0 -154.0 -134.0 -141.0 -232.0 -348.0 -315.0 
-251.0 -295.0 -374.0 -373.0 -299.0 -248.0 -220.0 
-261.0 -336.0 -345.0 -229.0 -161.0 -256.0 -180.0 
-61.0 -78.0 7.0 5.0 -37.0 -90.0 -178.0 
-35.0 -37.0 -42.0 31.0 -114.0 -107.0 -118.0 
-175.0 -157.0 -297.0 -306.0 -198.0 -224.0 -232.0 
-272.0 -345.0 -412.0 -443.0 -398.0 -461.0 -398.0 
-281.0 -378.0 -355.0 -310.0 -378.0 -377.0 -321.0 
-277.0 -276.0 -256.0 -282.0 -224.0 -169.0 -148.0 
-66.0 -246.0 -254.0 -156.0 -282.0 -224.0 -164.0 
-177.0 -215.0 -317.0 -325.0 -320.0 -334.0 -330.0 
-283.0 -290.0 -393.0 -371.0 -277.0 -220.0 -216.0 
-275.0 -324.0 -352.0 -312.0 -253.0 -196.0 -153.0 
-123.0 -146.0 -189.0 -138.0 -185.0 -104.0 -32.0 
-126.0 -100.0 -111.0 -19.0 -5.0 -146.0 -114.0 
-45.0 -44.0 -36.0 -52.0 -140.0 -22.0 67.0 
-116.0 -135.0 -123.0 -256.0 -278.0 -267.0 -293.0 
-267.0 -252.0 -286.0 -360.0 -415.0 -535.0 -538.0 
-344.0 -350.0 -454.0 -486.0 -455.0 -553.0 -527.0 
-402.0 -494.0 -457.0 -457.0 -483.0 -409.0 -300.0 
-297.0 -347.0 -289.0 -306.0 -280.0 -224.0 -186.0 
-196.0 -137.0 -58.0 -94.0 -72.0 -96.0 -73.0 
-31.0 41.0 84.0 -9.0 127.0 228.0 162.0 
105.0 29.0 53.0 144.0 253.0 196.0 34.0 
44.0 25.0 -23.0 -21.0 -65.0 -99.0 -183.0 
-222.0 -282.0 -284.0 -273.0 -404.0 -429.0 -423.0 
-400.0 -468.0 -477.0 -427.0 -475.0 -451.0 -487.0 
-521.0 -468.0 -467.0 -468.0 -360.0 -368.0 -465.0 
-456.0 -372.0 -384.0 -402.0 -311.0 -253.0 -172.0 
-236.0 -252.0 -120.0 -114.0 -155.0 -210.0 -180.0 
-141.0 -145.0 -28.0 -9.0 -96.0 -118.0 -124.0 
-34.0 17.0 15.0 2.0 -76.0 -105.0 -79.0 
-21.0 4.0 47.0 -1.0 -134.0 -126.0 -76.0 
-39.0 1.0 6.0 -89.0 -161.0 -135.0 -122.0 
-27.0 -95.0 -217.0 -85.0 -103.0 -161.0 -113.0 
-197.0 -209.0 -138.0 -202.0 -333.0 -352.0 -183.0 
-137.0 -231.0 -226.0 -209.0 -232.0 -286.0 -206.0 
-182.0 -238.0 -168.0 -173.0 -174.0 -164.0 -166.0 
-190.0 -298.0 -212.0 -71.0 -106.0 -251.0 -407.0 
-410.0 -337.0 -283.0 -337.0 -331.0 -244.0 -311.0 
-410.0 -424.0 -338.0 -313.0 -244.0 -209.0 -298.0 
-284.0 -325.0 -345.0 -268.0 -153.0 -92.0 -115.0 
-152.0 -283.0 -307.0 -217.0 -146.0 -109.0 -158.0 
-176.0 -163.0 -174.0 -307.0 -358.0 -237.0 -261.0 
-244.0 -231.0 -284.0 -281.0 -359.0 -448.0 -476.0 
-447.0 -379.0 -284.0 -309.0 -410.0 -421.0 -549.0 
-575.0 -346.0 -336.0 -396.0 -379.0 -381.0 -336.0 
-395.0 -383.0 -307.0 -246.0 -288.0 -312.0 -200.0 
-276.0 -199.0 -116.0 -218.0 -119.0 -79.0 -201.0 
-297.0 -248.0 -146.0 -161.0 -81.0 -80.0 -171.0 
-85.0 -100.0 -176.0 -189.0 -134.0 -99.0 -125.0 
-111.0 -202.0 -246.0 -284.0 -344.0 -274.0 -218.0 
-222.0 -286.0 -422.0 -501.0 -428.0 -371.0 -268.0 
-203.0 -284.0 -369.0 -374.0 -237.0 -274.0 -320.0 
-293.0 -301.0 -283.0 -370.0 -303.0 -349.0 -388.0 
-296.0 -390.0 -489.0 -618.0 -541.0 -565.0 -651.0 
-484.0 -511.0 -537.0 -479.0 -533.0 -588.0 -596.0 
-523.0 -462.0 -429.0 -295.0 -277.0 -378.0 -422.0 
-337.0 -249.0 -269.0 -194.0 -168.0 -132.0 -150.0 
-164.0 -68.0 -161.0 -189.0 -155.0 -267.0 -311.0 
-182.0 -180.0 -266.0 -256.0 -210.0 -309.0 -440.0 
-371.0 -417.0 -367.0 -249.0 -346.0 -458.0 -408.0 
-359.0 -403.0 -364.0 -415.0 -411.0 -371.0 -367.0 
-371.0 -411.0 -372.0 -443.0 -439.0 -418.0 -432.0 
-450.0 -551.0 -469.0 -398.0 -360.0 -392.0 -397.0 
-401.0 -526.0 -551.0 -409.0 -231.0 -367.0 -428.0 
-417.0 -449.0 -387.0 -418.0 -438.0 -452.0 -375.0 
-404.0 -482.0 -377.0 -356.0 -432.0 -498.0 -441.0 
-551.0 -698.0 -541.0 -449.0 -387.0 -347.0 -345.0 
-411.0 -535.0 -443.0 -360.0 -407.0 -408.0 -281.0 
-325.0 -494.0 -372.0 -270.0 -283.0 -349.0 -517.0 
-455.0 -265.0 -224.0 -331.0 -386.0 -316.0 -264.0 
-178.0 -290.0 -454.0 -348.0 -306.0 -325.0 -176.0 
-124.0 -253.0 -262.0 -277.0 -281.0 -266.0 -326.0 
-295.0 -251.0 -311.0 -333.0 -355.0 -514.0 -499.0 
-530.0 -507.0 -465.0 -484.0 -482.0 -627.0 -513.0 
-508.0 -461.0 -485.0 -710.0 -545.0 -460.0 -571.0 
-501.0 -488.0 -519.0 -427.0 -515.0 -554.0 -477.0 
-443.0 -522.0 -560.0 -420.0 -434.0 -438.0 -422.0 
-512.0 -463.0 -435.0 -445.0 -380.0 -525.0 -589.0 
-341.0 -336.0 -490.0 -428.0 -421.0 -468.0 -432.0 
-395.0 -321.0 -345.0 -262.0 -225.0 -503.0 -424.0 
-322.0 -363.0 -330.0 -340.0 -224.0 -343.0 -404.0 
-369.0 -398.0 -328.0 -302.0 -258.0 -282.0 -324.0 
-386.0 -348.0 -324.0 -311.0 -237.0 -299.0 -323.0 
-374.0 -354.0 -318.0 -234.0 -233.0 -343.0 -368.0 
-431.0 -374.0 -469.0 -449.0 -325.0 -429.0 -441.0 
-443.0 -501.0 -530.0 -541.0 -560.0 -562.0 -604.0 
-530.0 -471.0 -627.0 -648.0 -601.0 -654.0 -668.0 
-547.0 -550.0 -630.0 -602.0 -641.0 -484.0 -457.0 
-594.0 -539.0 -641.0 -663.0 -484.0 -470.0 -507.0 
-389.0 -377.0 -501.0 -533.0 -434.0 -361.0 -373.0 
-364.0 -493.0 -383.0 -261.0 -401.0 -256.0 -290.0 
-313.0 -268.0 -483.0 -268.0 -257.0 -423.0 -118.0 
-261.0 -407.0 -344.0 -525.0 -468.0 -495.0 -435.0 
-276.0 -390.0 -537.0 -689.0 -644.0 -613.0 -715.0 
-651.0 -474.0 -494.0 -691.0 -702.0 -642.0 -534.0 
-496.0 -524.0 -499.0 -527.0 -419.0 -467.0 -457.0 
-359.0 -471.0 -378.0 -375.0 -424.0 -382.0 -459.0 
-408.0 -373.0 -393.0 -420.0 -541.0 -559.0 -622.0 
-680.0 -537.0 -465.0 -525.0 -545.0 -529.0 -604.0 
-682.0 -661.0 -552.0 -500.0 -510.0 -467.0 -536.0 
-574.0 -334.0 -304.0 -517.0 -471.0 -418.0 -380.0 
-390.0 -412.0 -322.0 -396.0 -432.0 -364.0 -379.0 
-461.0 -475.0 -505.0 -536.0 -456.0 -419.0 -466.0 
-536.0 -541.0 -576.0 -637.0 -555.0 -533.0 -514.0 
-416.0 -471.0 -518.0 -550.0 -529.0 -393.0 -304.0 
-292.0 -321.0 -344.0 -424.0 -373.0 -295.0 -332.0 
-313.0 -302.0 -350.0 -338.0 -357.0 -452.0 -338.0 
-318.0 -424.0 -392.0 -374.0 -346.0 -439.0 -519.0 
-395.0 -322.0 -415.0 -567.0 -572.0 -432.0 -453.0 
-410.0 -382.0 -606.0 -555.0 -482.0 -548.0 -529.0 
-522.0 -566.0 -624.0 -590.0 -585.0 -613.0 -657.0 
-616.0 -591.0 -527.0 -390.0 -496.0 -579.0 -498.0 
-362.0 -409.0 -416.0 -385.0 -484.0 -344.0 -341.0 
-345.0 -327.0 -469.0 -478.0 -419.0 -314.0 -470.0 
-546.0 -501.0 -500.0 -398.0 -528.0 -565.0 -635.0 
-621.0 -424.0 -519.0 -559.0 -575.0 -594.0 -516.0 
-523.0 -439.0 -359.0 -401.0 -430.0 -484.0 -439.0 
-361.0 -424.0 -358.0 -238.0 -346.0 -305.0 -234.0 
-378.0 -380.0 -287.0 -178.0 -222.0 -346.0 -437.0 
-580.0 -335.0 -145.0 -382.0 -309.0 -294.0 -535.0 
-505.0 -384.0 -239.0 -300.0 -474.0 -392.0 -470.0 
-532.0 -414.0 -446.0 -390.0 -367.0 -492.0 -623.0 
-646.0 -505.0 -464.0 -467.0 -473.0 -573.0 -606.0 
-542.0 -501.0 -623.0 -672.0 -572.0 -595.0 -579.0 
-581.0 -606.0 -617.0 -651.0 -635.0 -588.0 -504.0 
-511.0 -445.0 -426.0 -521.0 -452.0 -437.0 -500.0 
-437.0 -310.0 -210.0 -194.0 -143.0 -179.0 -277.0 
-215.0 -199.0 -140.0 -117.0 -61.0 -87.0 -213.0 
-105.0 -205.0 -166.0 -93.0 -201.0 -249.0 -389.0 
-324.0 -355.0 -349.0 -275.0 -392.0 -445.0 -402.0 
-312.0 -332.0 -420.0 -519.0 -503.0 -512.0 -528.0 
-367.0 -378.0 -429.0 -506.0 -533.0 -492.0 -635.0 
-476.0 -464.0 -576.0 -412.0 -582.0 -668.0 -519.0 
-466.0 -461.0 -484.0 -561.0 -509.0 -369.0 -365.0 
-395.0 -459.0 -447.0 -391.0 -380.0 -514.0 -566.0 
-431.0 -433.0 -428.0 -509.0 -644.0 -599.0 -486.0 
-475.0 -524.0 -437.0 -582.0 -745.0 -549.0 -430.0 
-493.0 -518.0 -388.0 -447.0 -511.0 -518.0 -644.0 
-433.0 -361.0 -450.0 -315.0 -387.0 -461.0 -356.0 
-410.0 -408.0 -414.0 -440.0 -269.0 -279.0 -214.0 
-176.0 -444.0 -484.0 -289.0 -240.0 -323.0 -256.0 
-223.0 -377.0 -312.0 -285.0 -380.0 -240.0 -320.0 
-356.0 -266.0 -397.0 -395.0 -380.0 -278.0 -245.0 
-350.0 -445.0 -545.0 -361.0 -471.0 -587.0 -442.0 
-498.0 -503.0 -723.0 -764.0 -517.0 -640.0 -751.0 
-604.0 -542.0 -655.0 -657.0 -638.0 -790.0 -693.0 
-388.0 -470.0 -683.0 -579.0 -600.0 -604.0 -479.0 
-472.0 -333.0 -523.0 -706.0 -470.0 -453.0 -475.0 
-382.0 -416.0 -463.0 -372.0 -447.0 -487.0 -367.0 
-442.0 -499.0 -458.0 -347.0 -313.0 -349.0 -350.0 
-308.0 -261.0 -252.0 -122.0 -203.0 -240.0 -102.0 
-120.0 -181.0 -217.0 -162.0 -237.0 -219.0 -162.0 
-239.0 -303.0 -284.0 -252.0 -412.0 -308.0 -225.0 
-313.0 -340.0 -448.0 -446.0 -288.0 -209.0 -446.0 
-432.0 -323.0 -474.0 -414.0 -454.0 -452.0 -395.0 
-483.0 -463.0 -640.0 -601.0 -548.0 -682.0 -645.0 
-752.0 -672.0 -580.0 -582.0 -590.0 -675.0 -613.0 
-489.0 -423.0 -463.0 -366.0 -289.0 -416.0 -374.0 
-301.0 -328.0 -200.0 -194.0 -395.0 -345.0 -238.0 
-297.0 -330.0 -302.0 -282.0 -399.0 -271.0 -224.0 
-334.0 -185.0 -222.0 -238.0 -399.0 -425.0 -119.0 
-165.0 -110.0 -95.0 -227.0 -222.0 -243.0 -288.0 
-436.0 -259.0 -70.0 -204.0 -309.0 -387.0 -358.0 
-364.0 -485.0 -548.0 -358.0 -255.0 -395.0 -354.0 
-371.0 -486.0 -429.0 -341.0 -296.0 -273.0 -320.0 
-428.0 -344.0 -245.0 -264.0 -187.0 -168.0 -237.0 
-253.0 -224.0 -271.0 -333.0 -310.0 -244.0 -169.0 
-206.0 -389.0 -498.0 -575.0 -475.0 -344.0 -504.0 
-492.0 -404.0 -387.0 -470.0 -576.0 -529.0 -474.0 
-350.0 -300.0 -261.0 -239.0 -256.0 -206.0 -222.0 
-265.0 -241.0 -165.0 -239.0 -214.0 -107.0 -260.0 
-248.0 -245.0 -306.0 -248.0 -369.0 -359.0 -320.0 
-483.0 -438.0 -267.0 -254.0 -283.0 -333.0 -403.0 
-400.0 -301.0 -175.0 -182.0 -151.0 -181.0 -327.0 
-226.0 -118.0 -37.0 -129.0 -335.0 -180.0 -168.0 
-245.0 -239.0 -257.0 -167.0 -213.0 -290.0 -239.0 
-170.0 -306.0 -453.0 -389.0 -255.0 -214.0 -300.0 
-269.0 -268.0 -332.0 -311.0 -275.0 -268.0 -205.0 
-34.0 -38.0 -246.0 -307.0 -183.0 -229.0 -260.0 
-78.0 -134.0 -279.0 -229.0 -228.0 -242.0 -180.0 
-280.0 -343.0 -164.0 -212.0 -400.0 -498.0 -397.0 
-279.0 -463.0 