-536.0 -522.0 -506.0 -572.0 -641.0 -662.0 -661.0 
-673.0 -699.0 -719.0 -783.0 -826.0 -828.0 -832.0 
-800.0 -833.0 -864.0 -857.0 -876.0 -881.0 -888.0 
-831.0 -839.0 -869.0 -844.0 -849.0 -812.0 -753.0 
-694.0 -705.0 -683.0 -627.0 -626.0 -550.0 -496.0 
-458.0 -442.0 -479.0 -446.0 -408.0 -382.0 -390.0 
-424.0 -394.0 -403.0 -491.0 -558.0 -526.0 -501.0 
-523.0 -519.0 -567.0 -611.0 -614.0 -606.0 -571.0 
-536.0 -492.0 -500.0 -546.0 -518.0 -482.0 -449.0 
-386.0 -392.0 -464.0 -456.0 -362.0 -358.0 -414.0 
-459.0 -477.0 -475.0 -473.0 -468.0 -527.0 -551.0 
-567.0 -604.0 -579.0 -618.0 -706.0 -668.0 -598.0 
-632.0 -702.0 -716.0 -651.0 -696.0 -708.0 -651.0 
-692.0 -692.0 -685.0 -614.0 -594.0 -635.0 -611.0 
-543.0 -523.0 -586.0 -555.0 -546.0 -536.0 -531.0 
-581.0 -561.0 -573.0 -627.0 -605.0 -603.0 -656.0 
-672.0 -702.0 -700.0 -676.0 -705.0 -705.0 -704.0 
-694.0 -654.0 -661.0 -635.0 -571.0 -552.0 -523.0 
-495.0 -481.0 -417.0 -411.0 -474.0 -444.0 -369.0 
-390.0 -400.0 -358.0 -423.0 -442.0 -409.0 -449.0 
-456.0 -440.0 -396.0 -434.0 -529.0 -522.0 -547.0 
-564.0 -551.0 -611.0 -622.0 -592.0 -611.0 -652.0 
-643.0 -607.0 -585.0 -580.0 -583.0 -533.0 -505.0 
-562.0 -550.0 -472.0 -482.0 -484.0 -477.0 -542.0 
-528.0 -476.0 -509.0 -537.0 -541.0 -543.0 -524.0 
-561.0 -584.0 -553.0 -596.0 -610.0 -595.0 -622.0 
-661.0 -686.0 -660.0 -683.0 -671.0 -654.0 -712.0 
-691.0 -727.0 -748.0 -685.0 -699.0 -699.0 -672.0 
-664.0 -700.0 -690.0 -646.0 -621.0 -620.0 -603.0 
-542.0 -543.0 -510.0 -469.0 -445.0 -485.0 -491.0 
-363.0 -406.0 -489.0 -445.0 -468.0 -503.0 -458.0 
-446.0 -491.0 -505.0 -499.0 -569.0 -579.0 -552.0 
-601.0 -619.0 -647.0 -676.0 -716.0 -765.0 -749.0 
-721.0 -747.0 -751.0 -741.0 -765.0 -724.0 -731.0 
-700.0 -595.0 -619.0 -574.0 -508.0 -528.0 -522.0 
-529.0 -442.0 -357.0 -407.0 -388.0 -368.0 -420.0 
-454.0 -475.0 -453.0 -439.0 -486.0 -521.0 -539.0 
-555.0 -544.0 -565.0 -586.0 -573.0 -596.0 -620.0 
-619.0 -583.0 -578.0 -609.0 -630.0 -630.0 -603.0 
-570.0 -521.0 -539.0 -560.0 -519.0 -509.0 -468.0 
-449.0 -456.0 -418.0 -450.0 -437.0 -400.0 -455.0 
-446.0 -420.0 -400.0 -377.0 -382.0 -384.0 -420.0 
-409.0 -333.0 -317.0 -423.0 -405.0 -343.0 -428.0 
-406.0 -405.0 -405.0 -442.0 -521.0 -510.0 -567.0 
-567.0 -579.0 -577.0 -592.0 -680.0 -638.0 -639.0 
-687.0 -678.0 -642.0 -657.0 -692.0 -668.0 -714.0 
-734.0 -687.0 -711.0 -735.0 -717.0 -707.0 -683.0 
-707.0 -769.0 -761.0 -763.0 -788.0 -793.0 -765.0 
-757.0 -844.0 -849.0 -743.0 -702.0 -702.0 -690.0 
-716.0 -735.0 -649.0 -593.0 -606.0 -554.0 -514.0 
-578.0 -583.0 -510.0 -522.0 -524.0 -524.0 -545.0 
-526.0 -546.0 -562.0 -533.0 -549.0 -540.0 -483.0 
-492.0 -524.0 -516.0 -466.0 -452.0 -448.0 -422.0 
-444.0 -451.0 -414.0 -424.0 -471.0 -437.0 -400.0 
-463.0 -505.0 -487.0 -490.0 -492.0 -505.0 -510.0 
-519.0 -548.0 -512.0 -489.0 -488.0 -449.0 -450.0 
-490.0 -440.0 -395.0 -429.0 -397.0 -443.0 -510.0 
-485.0 -471.0 -453.0 -476.0 -480.0 -498.0 -586.0 
-591.0 -531.0 -561.0 -646.0 -628.0 -627.0 -675.0 
-652.0 -683.0 -684.0 -650.0 -721.0 -732.0 -731.0 
-775.0 -759.0 -731.0 -739.0 -753.0 -733.0 -727.0 
-703.0 -655.0 -650.0 -627.0 -622.0 -599.0 -546.0 
-590.0 -551.0 -532.0 -564.0 -518.0 -550.0 -563.0 
-579.0 -605.0 -594.0 -596.0 -651.0 -650.0 -565.0 
-603.0 -638.0 -637.0 -653.0 -607.0 -561.0 -537.0 
-530.0 -550.0 -568.0 -527.0 -521.0 -547.0 -496.0 
-486.0 -456.0 -470.0 -520.0 -513.0 -497.0 -452.0 
-487.0 -513.0 -508.0 -499.0 -508.0 -545.0 -575.0 
-544.0 -529.0 -602.0 -583.0 -570.0 -588.0 -669.0 
-710.0 -677.0 -738.0 -695.0 -688.0 -769.0 -761.0 
-771.0 -798.0 -711.0 -683.0 -763.0 -742.0 -721.0 
-715.0 -693.0 -639.0 -589.0 -616.0 -617.0 -598.0 
-579.0 -592.0 -558.0 -505.0 -523.0 -518.0 -514.0 
-503.0 -485.0 -484.0 -416.0 -424.0 -506.0 -460.0 
-409.0 -432.0 -446.0 -414.0 -384.0 -373.0 -368.0 
-379.0 -372.0 -403.0 -363.0 -297.0 -352.0 -395.0 
-423.0 -420.0 -421.0 -438.0 -444.0 -529.0 -583.0 
-576.0 -602.0 -628.0 -632.0 -692.0 -760.0 -741.0 
-733.0 -779.0 -776.0 -752.0 -773.0 -755.0 -725.0 
-753.0 -778.0 -734.0 -734.0 -742.0 -722.0 -754.0 
-739.0 -726.0 -744.0 -693.0 -695.0 -738.0 -701.0 
-726.0 -731.0 -659.0 -708.0 -699.0 -595.0 -629.0 
-662.0 -589.0 -568.0 -577.0 -499.0 -469.0 -449.0 
-407.0 -418.0 -379.0 -344.0 -300.0 -270.0 -262.0 
-244.0 -234.0 -240.0 -254.0 -216.0 -251.0 -279.0 
-279.0 -310.0 -302.0 -305.0 -301.0 -377.0 -402.0 
-344.0 -384.0 -415.0 -434.0 -488.0 -544.0 -544.0 
-550.0 -566.0 -576.0 -634.0 -648.0 -643.0 -681.0 
-691.0 -705.0 -747.0 -702.0 -699.0 -764.0 -735.0 
-710.0 -806.0 -828.0 -701.0 -698.0 -726.0 -729.0 
-707.0 -679.0 -699.0 -607.0 -598.0 -628.0 -580.0 
-576.0 -598.0 -587.0 -517.0 -518.0 -520.0 -485.0 
-493.0 -516.0 -513.0 -515.0 -537.0 -508.0 -528.0 
-554.0 -550.0 -590.0 -580.0 -568.0 -623.0 -642.0 
-589.0 -584.0 -649.0 -681.0 -611.0 -556.0 -583.0 
-552.0 -559.0 -593.0 -566.0 -576.0 -547.0 -485.0 
-495.0 -555.0 -572.0 -537.0 -572.0 -569.0 -498.0 
-504.0 -500.0 -507.0 -548.0 -537.0 -527.0 -518.0 
-512.0 -514.0 -540.0 -599.0 -591.0 -563.0 -598.0 
-592.0 -587.0 -646.0 -643.0 -629.0 -611.0 -593.0 
-605.0 -595.0 -615.0 -561.0 -546.0 -599.0 -574.0 
-544.0 -550.0 -555.0 -523.0 -570.0 -629.0 -619.0 
-539.0 -535.0 -602.0 -565.0 -595.0 -587.0 -537.0 
-533.0 -540.0 -543.0 -467.0 -455.0 -471.0 -476.0 
-467.0 -394.0 -408.0 -429.0 -370.0 -366.0 -387.0 
-383.0 -408.0 -427.0 -429.0 -455.0 -464.0 -526.0 
-553.0 -546.0 -675.0 -702.0 -658.0 -728.0 -743.0 
-728.0 -767.0 -816.0 -853.0 -852.0 -816.0 -804.0 
-806.0 -782.0 -860.0 -840.0 -745.0 -796.0 -755.0 
-718.0 -711.0 -659.0 -659.0 -654.0 -656.0 -600.0 
-532.0 -583.0 -588.0 -512.0 -490.0 -475.0 -446.0 
-431.0 -453.0 -466.0 -442.0 -454.0 -465.0 -445.0 
-408.0 -421.0 -493.0 -495.0 -475.0 -527.0 -506.0 
-451.0 -495.0 -537.0 -559.0 -560.0 -525.0 -563.0 
-611.0 -542.0 -545.0 -592.0 -573.0 -617.0 -626.0 
-596.0 -587.0 -574.0 -648.0 -669.0 -590.0 -649.0 
-700.0 -632.0 -674.0 -729.0 -692.0 -712.0 -729.0 
-666.0 -655.0 -665.0 -661.0 -719.0 -712.0 -668.0 
-619.0 -540.0 -584.0 -584.0 -546.0 -594.0 -537.0 
-494.0 -497.0 -457.0 -519.0 -534.0 -484.0 -504.0 
-408.0 -358.0 -454.0 -468.0 -466.0 -480.0 -455.0 
-429.0 -433.0 -448.0 -447.0 -442.0 -521.0 -552.0 
-470.0 -476.0 -524.0 -589.0 -636.0 -690.0 -696.0 
-667.0 -708.0 -717.0 -744.0 -732.0 -734.0 -769.0 
-757.0 -735.0 -665.0 -656.0 -625.0 -613.0 -671.0 
-576.0 -544.0 -538.0 -444.0 -473.0 -442.0 -383.0 
-372.0 -348.0 -355.0 -292.0 -281.0 -314.0 -326.0 
-362.0 -326.0 -300.0 -274.0 -286.0 -410.0 -443.0 
-430.0 -411.0 -366.0 -418.0 -501.0 -535.0 -584.0 
-617.0 -598.0 -654.0 -690.0 -671.0 -673.0 -731.0 
-762.0 -748.0 -787.0 -658.0 -643.0 -760.0 -722.0 
-715.0 -667.0 -678.0 -682.0 -627.0 -692.0 -704.0 
-678.0 -707.0 -674.0 -641.0 -667.0 -705.0 -740.0 
-710.0 -670.0 -643.0 -639.0 -616.0 -610.0 -634.0 
-543.0 -525.0 -560.0 -503.0 -444.0 -480.0 -523.0 
-424.0 -405.0 -448.0 -441.0 -438.0 -422.0 -457.0 
-449.0 -400.0 -414.0 -502.0 -522.0 -491.0 -550.0 
-549.0 -547.0 -605.0 -594.0 -604.0 -651.0 -663.0 
-692.0 -658.0 -614.0 -647.0 -640.0 -612.0 -620.0 
-599.0 -554.0 -546.0 -542.0 -526.0 -525.0 -539.0 
-511.0 -450.0 -488.0 -497.0 -443.0 -489.0 -506.0 
-447.0 -412.0 -474.0 -484.0 -436.0 -456.0 -462.0 
-495.0 -477.0 -478.0 -540.0 -523.0 -493.0 -542.0 
-618.0 -584.0 -610.0 -704.0 -659.0 -625.0 -678.0 
-737.0 -703.0 -688.0 -779.0 -697.0 -631.0 -765.0 
-738.0 -667.0 -742.0 -718.0 -640.0 -643.0 -733.0 
-704.0 -644.0 -714.0 -649.0 -595.0 -644.0 -676.0 
-577.0 -491.0 -559.0 -494.0 -403.0 -452.0 -476.0 
-360.0 -323.0 -374.0 -327.0 -335.0 -311.0 -305.0 
-308.0 -233.0 -273.0 -280.0 -281.0 -250.0 -242.0 
-296.0 -238.0 -324.0 -384.0 -297.0 -374.0 -511.0 
-484.0 -506.0 -592.0 -569.0 -595.0 -706.0 -740.0 
-709.0 -855.0 -869.0 -788.0 -857.0 -846.0 -940.0 
-936.0 -840.0 -870.0 -862.0 -831.0 -815.0 -849.0 
-787.0 -755.0 -763.0 -737.0 -712.0 -678.0 -772.0 
-744.0 -618.0 -609.0 -610.0 -551.0 -506.0 -543.0 
-485.0 -384.0 -376.0 -381.0 -341.0 -321.0 -378.0 
-366.0 -329.0 -331.0 -360.0 -386.0 -416.0 -506.0 
-479.0 -447.0 -497.0 -473.0 -510.0 -582.0 -581.0 
-572.0 -488.0 -487.0 -550.0 -551.0 -551.0 -534.0 
-531.0 -500.0 -516.0 -476.0 -493.0 -536.0 -448.0 
-470.0 -470.0 -473.0 -465.0 -430.0 -415.0 -399.0 
-407.0 -399.0 -415.0 -407.0 -426.0 -412.0 -417.0 
-443.0 -405.0 -457.0 -554.0 -531.0 -508.0 -642.0 
-654.0 -575.0 -659.0 -749.0 -728.0 -766.0 -816.0 
-731.0 -768.0 -831.0 -747.0 -785.0 -851.0 -763.0 
-745.0 -811.0 -791.0 -785.0 -787.0 -748.0 -751.0 
-786.0 -761.0 -702.0 -735.0 -707.0 -624.0 -671.0 
-648.0 -554.0 -607.0 -610.0 -518.0 -534.0 -533.0 
-526.0 -466.0 -391.0 -438.0 -357.0 -319.0 -362.0 
-265.0 -225.0 -276.0 -252.0 -189.0 -221.0 -250.0 
-197.0 -209.0 -308.0 -306.0 -274.0 -369.0 -380.0 
-411.0 -452.0 -389.0 -470.0 -582.0 -626.0 -600.0 
-604.0 -627.0 -643.0 -760.0 -815.0 -797.0 -815.0 
-848.0 -828.0 -904.0 -894.0 -792.0 -850.0 -845.0 
-787.0 -810.0 -785.0 -698.0 -724.0 -703.0 -690.0 
-707.0 -648.0 -655.0 -621.0 -609.0 -617.0 -588.0 
-642.0 -641.0 -563.0 -595.0 -591.0 -571.0 -581.0 
-551.0 -575.0 -528.0 -505.0 -505.0 -503.0 -528.0 
-513.0 -488.0 -428.0 -414.0 -402.0 -412.0 -436.0 
-423.0 -397.0 -339.0 -329.0 -289.0 -366.0 -447.0 
-377.0 -400.0 -355.0 -413.0 -438.0 -386.0 -483.0 
-504.0 -517.0 -500.0 -545.0 -554.0 -559.0 -622.0 
-579.0 -623.0 -659.0 -655.0 -650.0 -667.0 -744.0 
-769.0 -746.0 -724.0 -733.0 -742.0 -720.0 -743.0 
-774.0 -770.0 -744.0 -676.0 -634.0 -653.0 -717.0 
-672.0 -590.0 -673.0 -641.0 -551.0 -599.0 -574.0 
-587.0 -608.0 -606.0 -558.0 -533.0 -608.0 -584.0 
-592.0 -595.0 -509.0 -496.0 -576.0 -533.0 -522.0 
-541.0 -455.0 -427.0 -435.0 -456.0 -406.0 -394.0 
-381.0 -330.0 -320.0 -368.0 -378.0 -298.0 -363.0 
-438.0 -419.0 -413.0 -491.0 -491.0 -511.0 -669.0 
-638.0 -610.0 -750.0 -820.0 -786.0 -834.0 -919.0 
-963.0 -969.0 -931.0 -969.0 -963.0 -957.0 -988.0 
-942.0 -913.0 -866.0 -882.0 -863.0 -766.0 -801.0 
-741.0 -690.0 -704.0 -674.0 -601.0 -487.0 -608.0 
-594.0 -451.0 -518.0 -489.0 -422.0 -447.0 -470.0 
-429.0 -342.0 -368.0 -431.0 -391.0 -361.0 -379.0 
-391.0 -383.0 -338.0 -388.0 -437.0 -417.0 -478.0 
-437.0 -402.0 -437.0 -451.0 -487.0 -420.0 -435.0 
-495.0 -487.0 -441.0 -430.0 -554.0 -513.0 -472.0 
-559.0 -563.0 -617.0 -661.0 -653.0 -665.0 -718.0 
-706.0 -708.0 -793.0 -762.0 -767.0 -720.0 -687.0 
-759.0 -710.0 -676.0 -695.0 -674.0 -646.0 -630.0 
-597.0 -580.0 -540.0 -588.0 -643.0 -577.0 -567.0 
-596.0 -558.0 -526.0 -615.0 -603.0 -511.0 -493.0 
-523.0 -467.0 -383.0 -459.0 -468.0 -377.0 -349.0 
-390.0 -344.0 -343.0 -379.0 -346.0 -386.0 -399.0 
-457.0 -366.0 -324.0 -485.0 -458.0 -484.0 -542.0 
-460.0 -434.0 -519.0 -548.0 -551.0 -536.0 -474.0 
-462.0 -431.0 -519.0 -598.0 -479.0 -441.0 -471.0 
-470.0 -522.0 -574.0 -585.0 -637.0 -697.0 -655.0 
-665.0 -761.0 -793.0 -862.0 -859.0 -847.0 -933.0 
-912.0 -905.0 -909.0 -895.0 -861.0 -849.0 -870.0 
-786.0 -758.0 -791.0 -727.0 -682.0 -697.0 -676.0 
-625.0 -610.0 -670.0 -618.0 -498.0 -482.0 -522.0 
-529.0 -485.0 -509.0 -493.0 -437.0 -443.0 -444.0 
-416.0 -433.0 -469.0 -407.0 -411.0 -490.0 -452.0 
-435.0 -443.0 -450.0 -525.0 -473.0 -435.0 -473.0 
-424.0 -378.0 -380.0 -381.0 -330.0 -245.0 -260.0 
-293.0 -161.0 -147.0 -212.0 -128.0 -126.0 -135.0 
-93.0 -117.0 -186.0 -230.0 -222.0 -272.0 -310.0 
-305.0 -354.0 -439.0 -519.0 -579.0 -646.0 -650.0 
-651.0 -761.0 -819.0 -836.0 -906.0 -982.0 -972.0 
-932.0 -985.0 -1003.0 -969.0 -940.0 -990.0 -973.0 
-914.0 -958.0 -822.0 -796.0 -835.0 -712.0 -784.0 
-770.0 -641.0 -671.0 -734.0 -737.0 -689.0 -680.0 
-704.0 -687.0 -685.0 -762.0 -714.0 -698.0 -740.0 
-642.0 -615.0 -615.0 -618.0 -643.0 -579.0 -470.0 
-437.0 -460.0 -418.0 -349.0 -309.0 -303.0 -293.0 
-253.0 -240.0 -217.0 -231.0 -206.0 -158.0 -213.0 
-197.0 -250.0 -290.0 -219.0 -282.0 -319.0 -342.0 
-405.0 -454.0 -476.0 -495.0 -581.0 -576.0 -598.0 
-686.0 -757.0 -762.0 -718.0 -776.0 -834.0 -866.0 
-769.0 -788.0 -904.0 -821.0 -806.0 -857.0 -866.0 
-831.0 -854.0 -849.0 -829.0 -840.0 -770.0 -835.0 
-871.0 -765.0 -753.0 -799.0 -739.0 -688.0 -733.0 
-684.0 -631.0 -633.0 -629.0 -542.0 -489.0 -512.0 
-453.0 -486.0 -502.0 -425.0 -406.0 -420.0 -416.0 
-405.0 -425.0 -378.0 -380.0 -445.0 -414.0 -379.0 
-412.0 -461.0 -421.0 -438.0 -494.0 -443.0 -478.0 
-518.0 -446.0 -446.0 -507.0 -517.0 -547.0 -549.0 
-453.0 -483.0 -561.0 -582.0 -639.0 -633.0 -619.0 
-596.0 -580.0 -646.0 -674.0 -697.0 -711.0 -694.0 
-661.0 -662.0 -707.0 -680.0 -631.0 -583.0 -643.0 
-671.0 -560.0 -597.0 -589.0 -475.0 -505.0 -542.0 
-531.0 -531.0 -504.0 -528.0 -533.0 -540.0 -557.0 
-509.0 -487.0 -485.0 -521.0 -504.0 -484.0 -491.0 
-467.0 -516.0 -476.0 -438.0 -487.0 -468.0 -510.0 
-494.0 -470.0 -526.0 -496.0 -537.0 -567.0 -527.0 
-575.0 -626.0 -657.0 -653.0 -619.0 -668.0 -751.0 
-783.0 -790.0 -754.0 -798.0 -841.0 -792.0 -853.0 
-878.0 -836.0 -835.0 -778.0 -750.0 -786.0 -782.0 
-715.0 -664.0 -638.0 -566.0 -517.0 -526.0 -471.0 
-428.0 -430.0 -346.0 -347.0 -407.0 -368.0 -328.0 
-344.0 -400.0 -391.0 -408.0 -414.0 -376.0 -420.0 
-392.0 -347.0 -391.0 -412.0 -395.0 -383.0 -357.0 
-338.0 -358.0 -400.0 -454.0 -407.0 -429.0 -505.0 
-450.0 -496.0 -584.0 -582.0 -573.0 -584.0 -606.0 
-651.0 -651.0 -589.0 -603.0 -599.0 -614.0 -623.0 
-620.0 -667.0 -609.0 -617.0 -646.0 -639.0 -622.0 
-610.0 -700.0 -659.0 -591.0 -636.0 -639.0 -611.0 
-624.0 -602.0 -545.0 -622.0 -656.0 -567.0 -578.0 
-632.0 -637.0 -671.0 -644.0 -608.0 -748.0 -772.0 
-625.0 -681.0 -793.0 -729.0 -720.0 -751.0 -695.0 
-617.0 -616.0 -649.0 -602.0 -608.0 -536.0 -498.0 
-557.0 -468.0 -444.0 -449.0 -395.0 -400.0 -424.0 
-370.0 -291.0 -337.0 -350.0 -284.0 -366.0 -377.0 
-263.0 -313.0 -376.0 -325.0 -359.0 -425.0 -388.0 
-416.0 -486.0 -461.0 -528.0 -597.0 -528.0 -574.0 
-633.0 -569.0 -589.0 -683.0 -649.0 -600.0 -688.0 
-711.0 -624.0 -694.0 -742.0 -634.0 -663.0 -703.0 
-720.0 -688.0 -645.0 -719.0 -680.0 -611.0 -609.0 
-644.0 -671.0 -655.0 -610.0 -582.0 -616.0 -605.0 
-608.0 -639.0 -640.0 -643.0 -603.0 -559.0 -579.0 
-603.0 -603.0 -603.0 -535.0 -504.0 -575.0 -568.0 
-521.0 -545.0 -574.0 -518.0 -498.0 -533.0 -486.0 
-484.0 -574.0 -557.0 -464.0 -453.0 -463.0 -452.0 
-483.0 -491.0 -466.0 -464.0 -453.0 -488.0 -525.0 
-502.0 -522.0 -604.0 -609.0 -603.0 -610.0 -559.0 
-623.0 -642.0 -634.0 -644.0 -587.0 -614.0 -650.0 
-638.0 -597.0 -620.0 -592.0 -592.0 -683.0 -608.0 
-554.0 -579.0 -588.0 -532.0 -467.0 -559.0 -579.0 
-489.0 -460.0 -525.0 -558.0 -526.0 -550.0 -531.0 
-580.0 -645.0 -613.0 -658.0 -660.0 -673.0 -694.0 
-642.0 -738.0 -739.0 -684.0 -738.0 -701.0 -679.0 
-653.0 -688.0 -681.0 -628.0 -660.0 -613.0 -613.0 
-598.0 -602.0 -665.0 -640.0 -572.0 -559.0 -642.0 
-678.0 -563.0 -532.0 -720.0 -568.0 -457.0 -645.0 
-563.0 -513.0 -482.0 -487.0 -552.0 -521.0 -514.0 
-446.0 -480.0 -527.0 -501.0 -517.0 -483.0 -503.0 
-496.0 -497.0 -452.0 -347.0 -494.0 -480.0 -376.0 
-421.0 -304.0 -321.0 -382.0 -296.0 -364.0 -378.0 
-297.0 -335.0 -401.0 -378.0 -416.0 -522.0 -510.0 
-574.0 -637.0 -600.0 -664.0 -758.0 -746.0 -746.0 
-829.0 -830.0 -783.0 -813.0 -845.0 -815.0 -850.0 
-847.0 -803.0 -827.0 -745.0 -761.0 -798.0 -704.0 
-717.0 -744.0 -724.0 -689.0 -655.0 -667.0 -678.0 
-663.0 -630.0 -614.0 -626.0 -607.0 -598.0 -630.0 
-603.0 -538.0 -588.0 -647.0 -575.0 -591.0 -616.0 
-585.0 -626.0 -588.0 -549.0 -562.0 -564.0 -582.0 
-546.0 -479.0 -470.0 -467.0 -497.0 -533.0 -453.0 
-423.0 -435.0 -370.0 -407.0 -419.0 -306.0 -313.0 
-372.0 -335.0 -305.0 -359.0 -316.0 -247.0 -304.0 
-266.0 -232.0 -309.0 -306.0 -256.0 -252.0 -323.0 
-394.0 -415.0 -503.0 -541.0 -492.0 -553.0 -663.0 
-678.0 -680.0 -730.0 -765.0 -773.0 -823.0 -845.0 
-793.0 -833.0 -855.0 -802.0 -818.0 -883.0 -840.0 
-744.0 -790.0 -770.0 -706.0 -740.0 -703.0 -688.0 
-665.0 -546.0 -561.0 -636.0 -555.0 -452.0 -481.0 
-551.0 -510.0 -441.0 -502.0 -535.0 -479.0 -487.0 
-510.0 -421.0 -375.0 -457.0 -425.0 -366.0 -352.0 
-305.0 -265.0 -245.0 -294.0 -331.0 -291.0 -284.0 
-407.0 -386.0 -338.0 -471.0 -482.0 -517.0 -587.0 
-573.0 -593.0 -605.0 -643.0 -704.0 -645.0 -627.0 
-694.0 -643.0 -664.0 -691.0 -638.0 -696.0 -679.0 
-704.0 -770.0 -690.0 -749.0 -764.0 -729.0 -843.0 
-834.0 -796.0 -792.0 -828.0 -821.0 -759.0 -822.0 
-793.0 -782.0 -755.0 -663.0 -665.0 -639.0 -664.0 
-638.0 -581.0 -510.0 -466.0 -473.0 -409.0 -464.0 
-481.0 -378.0 -357.0 -333.0 -306.0 -363.0 -413.0 
-408.0 -388.0 -410.0 -382.0 -396.0 -539.0 -485.0 
-460.0 -560.0 -538.0 -534.0 -556.0 -605.0 -617.0 
-610.0 -580.0 -536.0 -552.0 -518.0 -560.0 -552.0 
-504.0 -530.0 -490.0 -484.0 -519.0 -517.0 -536.0 
-597.0 -577.0 -580.0 -607.0 -632.0 -683.0 -650.0 
-696.0 -713.0 -663.0 -703.0 -624.0 -582.0 -645.0 
-611.0 -627.0 -628.0 -542.0 -538.0 -626.0 -594.0 
-540.0 -619.0 -606.0 -634.0 -629.0 -585.0 -649.0 
-610.0 -600.0 -596.0 -564.0 -557.0 -527.0 -504.0 
-479.0 -492.0 -488.0 -484.0 -503.0 -510.0 -496.0 
-476.0 -529.0 -558.0 -533.0 -562.0 -548.0 -525.0 
-566.0 -582.0 -571.0 -542.0 -588.0 -577.0 -503.0 
-564.0 -536.0 -470.0 -534.0 -549.0 -488.0 -440.0 
-478.0 -504.0 -473.0 -501.0 -516.0 -527.0 -516.0 
-485.0 -493.0 -517.0 -546.0 -511.0 -520.0 -541.0 
-508.0 -511.0 -565.0 -580.0 -598.0 -662.0 -638.0 
-655.0 -718.0 -729.0 -792.0 -814.0 -787.0 -813.0 
-784.0 -792.0 -828.0 -797.0 -798.0 -757.0 -700.0 
-658.0 -680.0 -645.0 -554.0 -546.0 -449.0 -441.0 
-466.0 -416.0 -417.0 -386.0 -392.0 -396.0 -427.0 
-450.0 -418.0 -451.0 -489.0 -462.0 -462.0 -532.0 
-507.0 -508.0 -536.0 -514.0 -580.0 -583.0 -534.0 
-568.0 -574.0 -562.0 -604.0 -588.0 -582.0 -585.0 
-596.0 -611.0 -547.0 -582.0 -555.0 -516.0 -553.0 
-527.0 -501.0 -473.0 -529.0 -521.0 -484.0 -502.0 
-474.0 -516.0 -577.0 -590.0 -574.0 -573.0 -642.0 
-633.0 -626.0 -740.0 -686.0 -645.0 -714.0 -700.0 
-721.0 -700.0 -654.0 -649.0 -613.0 -560.0 -554.0 
-543.0 -521.0 -512.0 -464.0 -433.0 -431.0 -412.0 
-454.0 -484.0 -407.0 -428.0 -436.0 -380.0 -422.0 
-447.0 -459.0 -469.0 -471.0 -451.0 -425.0 -487.0 
-492.0 -455.0 -500.0 -510.0 -526.0 -556.0 -558.0 
-585.0 -616.0 -667.0 -688.0 -695.0 -722.0 -755.0 
-755.0 -748.0 -791.0 -794.0 -761.0 -773.0 -798.0 
-769.0 -749.0 -778.0 -761.0 -679.0 -706.0 -674.0 
-603.0 -663.0 -559.0 -522.0 -552.0 -430.0 -434.0 
-424.0 -370.0 -403.0 -383.0 -360.0 -330.0 -304.0 
-313.0 -259.0 -273.0 -329.0 -280.0 -263.0 -347.0 
-337.0 -315.0 -365.0 -375.0 -403.0 -351.0 -376.0 
-452.0 -407.0 -474.0 -468.0 -449.0 -533.0 -528.0 
-504.0 -558.0 -590.0 -515.0 -632.0 -642.0 -538.0 
-637.0 -610.0 -637.0 -682.0 -648.0 -701.0 -688.0 
-685.0 -771.0 -752.0 -747.0 -844.0 -823.0 -770.0 
-822.0 -845.0 -827.0 -866.0 -834.0 -853.0 -875.0 
-759.0 -770.0 -747.0 -708.0 -770.0 -661.0 -572.0 
-616.0 -561.0 -486.0 -493.0 -484.0 -440.0 -453.0 
-420.0 -387.0 -408.0 -387.0 -432.0 -446.0 -436.0 
-439.0 -414.0 -490.0 -509.0 -476.0 -497.0 -521.0 
-534.0 -515.0 -561.0 -562.0 -464.0 -506.0 -582.0 
-516.0 -525.0 -553.0 -526.0 -503.0 -508.0 -543.0 
-454.0 -483.0 -550.0 -469.0 -495.0 -559.0 -540.0 
-531.0 -597.0 -647.0 -622.0 -616.0 -674.0 -687.0 
-670.0 -707.0 -682.0 -635.0 -666.0 -667.0 -596.0 
-615.0 -663.0 -639.0 -650.0 -644.0 -643.0 -628.0 
-651.0 -670.0 -640.0 -698.0 -692.0 -639.0 -672.0 
-688.0 -639.0 -665.0 -686.0 -646.0 -646.0 -605.0 
-594.0 -625.0 -592.0 -582.0 -577.0 -527.0 -525.0 
-509.0 -511.0 -537.0 -492.0 -460.0 -388.0 -394.0 
-428.0 -400.0 -418.0 -414.0 -413.0 -355.0 -399.0 
-429.0 -375.0 -477.0 -494.0 -455.0 -475.0 -529.0 
-562.0 -506.0 -530.0 -589.0 -567.0 -546.0 -553.0 
-564.0 -516.0 -477.0 -526.0 -521.0 -511.0 -502.0 
-425.0 -383.0 -450.0 -491.0 -441.0 -433.0 -395.0 
-392.0 -455.0 -483.0 -484.0 -512.0 -527.0 -557.0 
-609.0 -593.0 -677.0 -712.0 -724.0 -729.0 -747.0 
-824.0 -778.0 -834.0 -838.0 -791.0 -801.0 -770.0 
-736.0 -725.0 -768.0 -710.0 -662.0 -658.0 -631.0 
-594.0 -609.0 -610.0 -563.0 -645.0 -608.0 -526.0 
-559.0 -602.0 -642.0 -667.0 -647.0 -607.0 -601.0 
-557.0 -575.0 -593.0 -596.0 -595.0 -559.0 -539.0 
-473.0 -477.0 -486.0 -445.0 -461.0 -477.0 -384.0 
-360.0 -471.0 -410.0 -360.0 -432.0 -468.0 -454.0 
-381.0 -380.0 -396.0 -466.0 -500.0 -410.0 -437.0 
-475.0 -446.0 -449.0 -487.0 -497.0 -513.0 -534.0 
-565.0 -601.0 -543.0 -574.0 -661.0 -621.0 -658.0 
-714.0 -656.0 -667.0 -669.0 -648.0 -660.0 -673.0 
-696.0 -655.0 -641.0 -628.0 -582.0 -660.0 -714.0 
-610.0 -571.0 -650.0 -620.0 -595.0 -650.0 -576.0 
-551.0 -611.0 -578.0 -532.0 -552.0 -529.0 -508.0 
-518.0 -447.0 -452.0 -513.0 -478.0 -455.0 -485.0 
-484.0 -484.0 -461.0 -511.0 -543.0 -478.0 -522.0 
-514.0 -534.0 -582.0 -509.0 -540.0 -530.0 -531.0 
-554.0 -506.0 -565.0 -529.0 -452.0 -463.0 -476.0 
-448.0 -470.0 -476.0 -390.0 -416.0 -405.0 -423.0 
-431.0 -388.0 -404.0 -390.0 -410.0 -440.0 -445.0 
-480.0 -492.0 -423.0 -525.0 -528.0 -477.0 -580.0 
-489.0 -535.0 -606.0 -541.0 -605.0 -595.0 -598.0 
-667.0 -615.0 -667.0 -727.0 -653.0 -632.0 -666.0 
-696.0 -678.0 -691.0 -709.0 -649.0 -572.0 -626.0 
-622.0 -581.0 -577.0 -567.0 -627.0 -542.0 -555.0 
-598.0 -573.0 -639.0 -624.0 -657.0 -695.0 -628.0 
-649.0 -715.0 -689.0 -688.0 -680.0 -640.0 -658.0 
-686.0 -659.0 -664.0 -701.0 -680.0 -711.0 -693.0 
-710.0 -728.0 -705.0 -729.0 -708.0 -761.0 -720.0 
-666.0 -653.0 -640.0 -611.0 -526.0 -531.0 -485.0 
-454.0 -414.0 -362.0 -375.0 -344.0 -341.0 -330.0 
-261.0 -281.0 -347.0 -307.0 -327.0 -410.0 -422.0 
-462.0 -458.0 -480.0 -560.0 -571.0 -630.0 -635.0 
-639.0 -679.0 -675.0 -725.0 -687.0 -719.0 -744.0 
-737.0 -774.0 -674.0 -774.0 -824.0 -762.0 -798.0 
-778.0 -784.0 -783.0 -808.0 -766.0 -731.0 -760.0 
-741.0 -716.0 -621.0 -607.0 -673.0 -628.0 -542.0 
-507.0 -477.0 -437.0 -475.0 -456.0 -388.0 -373.0 
-317.0 -308.0 -326.0 -307.0 -342.0 -354.0 -300.0 
-315.0 -329.0 -367.0 -371.0 -358.0 -464.0 -452.0 
-421.0 -491.0 -559.0 -560.0 -533.0 -517.0 -551.0 
-600.0 -577.0 -630.0 -591.0 -533.0 -604.0 -587.0 
-630.0 -652.0 -580.0 -615.0 -592.0 -595.0 -651.0 
-613.0 -614.0 -621.0 -658.0 -680.0 -622.0 -670.0 
-698.0 -657.0 -699.0 -699.0 -675.0 -675.0 -669.0 
-690.0 -664.0 -672.0 -684.0 -652.0 -675.0 -636.0 
-627.0 -696.0 -681.0 -704.0 -738.0 -691.0 -691.0 
-693.0 -714.0 -736.0 -685.0 -669.0 -643.0 -564.0 
-509.0 -524.0 -524.0 -476.0 -459.0 -356.0 -261.0 
-287.0 -268.0 -292.0 -276.0 -211.0 -218.0 -195.0 
-214.0 -213.0 -229.0 -294.0 -320.0 -300.0 -288.0 
-436.0 -464.0 -431.0 -510.0 -536.0 -594.0 -579.0 
-600.0 -607.0 -598.0 -705.0 -674.0 -651.0 -671.0 
-670.0 -677.0 -691.0 -712.0 -716.0 -753.0 -726.0 
-718.0 -747.0 -745.0 -762.0 -761.0 -769.0 -738.0 
-666.0 -662.0 -652.0 -638.0 -636.0 -591.0 -560.0 
-559.0 -528.0 -513.0 -555.0 -501.0 -464.0 -429.0 
-432.0 -516.0 -449.0 -493.0 -506.0 -408.0 -482.0 
-500.0 -507.0 -562.0 -559.0 -547.0 -555.0 -618.0 
-671.0 -616.0 -574.0 -672.0 -644.0 -589.0 -699.0 
-664.0 -578.0 -605.0 -609.0 -591.0 -578.0 -559.0 
-535.0 -486.0 -440.0 -456.0 -421.0 -382.0 -367.0 
-310.0 -343.0 -373.0 -332.0 -344.0 -370.0 -320.0 
-348.0 -401.0 -424.0 -453.0 -463.0 -547.0 -523.0 
-540.0 -584.0 -530.0 -594.0 -657.0 -675.0 -669.0 
-667.0 -654.0 -670.0 -680.0 -621.0 -663.0 -689.0 
-675.0 -662.0 -647.0 -644.0 -619.0 -688.0 -723.0 
-702.0 -743.0 -722.0 -717.0 -777.0 -726.0 -737.0 
-781.0 -699.0 -719.0 -728.0 -699.0 -715.0 -713.0 
-732.0 -691.0 -631.0 -628.0 -677.0 -697.0 -625.0 
-607.0 -627.0 -561.0 -522.0 -516.0 -470.0 -460.0 
-405.0 -372.0 -319.0 -261.0 -291.0 -214.0 -264.0 
-323.0 -194.0 -188.0 -268.0 -259.0 -180.0 -202.0 
-293.0 -313.0 -280.0 -305.0 -380.0 -367.0 -359.0 
-421.0 -488.0 -515.0 -559.0 -581.0 -591.0 -666.0 
-683.0 -687.0 -712.0 -781.0 -811.0 -866.0 -892.0 
-803.0 -893.0 -888.0 -866.0 -971.0 -937.0 -925.0 
-926.0 -874.0 -822.0 -814.0 -846.0 -819.0 -714.0 
-670.0 -708.0 -690.0 -627.0 -585.0 -560.0 -495.0 
-465.0 -463.0 -434.0 -436.0 -435.0 -414.0 -430.0 
-407.0 -375.0 -389.0 -406.0 -480.0 -475.0 -496.0 
-511.0 -370.0 -452.0 -506.0 -390.0 -413.0 -440.0 
-451.0 -422.0 -395.0 -368.0 -315.0 -344.0 -428.0 
-413.0 -424.0 -477.0 -440.0 -523.0 -522.0 -509.0 
-621.0 -624.0 -630.0 -670.0 -676.0 -694.0 -751.0 
-741.0 -727.0 -741.0 -774.0 -804.0 -787.0 -828.0 
-810.0 -769.0 -767.0 -749.0 -736.0 -703.0 -744.0 
-791.0 -747.0 -722.0 -722.0 -724.0 -716.0 -679.0 
-736.0 -753.0 -690.0 -737.0 -682.0 -617.0 -630.0 
-625.0 -676.0 -642.0 -611.0 -640.0 -552.0 -497.0 
-535.0 -537.0 -524.0 -508.0 -538.0 -519.0 -488.0 
-458.0 -418.0 -474.0 -440.0 -416.0 -436.0 -441.0 
-446.0 -421.0 -449.0 -417.0 -373.0 -418.0 -492.0 
-444.0 -449.0 -540.0 -471.0 -431.0 -437.0 -447.0 
-465.0 -491.0 -506.0 -504.0 -513.0 -535.0 -573.0 
-537.0 -548.0 -581.0 -616.0 -655.0 -668.0 -671.0 
-649.0 -653.0 -635.0 -631.0 -591.0 -602.0 -656.0 
-660.0 -650.0 -610.0 -675.0 -660.0 -655.0 -742.0 
-693.0 -703.0 -749.0 -727.0 -707.0 -686.0 -728.0 
-712.0 -577.0 -600.0 -657.0 -593.0 -544.0 -471.0 
-462.0 -413.0 -310.0 -360.0 -374.0 -300.0 -289.0 
-295.0 -253.0 -250.0 -267.0 -291.0 -325.0 -344.0 
-444.0 -477.0 -460.0 -496.0 -490.0 -547.0 -625.0 
-633.0 -684.0 -716.0 -670.0 -678.0 -703.0 -692.0 
-707.0 -736.0 -743.0 -683.0 -676.0 -722.0 -725.0 
-777.0 -731.0 -672.0 -746.0 -686.0 -620.0 -680.0 
-648.0 -622.0 -616.0 -528.0 -496.0 -534.0 -541.0 
-539.0 -536.0 -473.0 -501.0 -503.0 -469.0 -543.0 
-531.0 -535.0 -493.0 -386.0 -420.0 -462.0 -449.0 
-439.0 -430.0 -443.0 -463.0 -425.0 -412.0 -405.0 
-397.0 -451.0 -397.0 -363.0 -389.0 -413.0 -457.0 
-441.0 -375.0 -338.0 -426.0 -397.0 -392.0 -463.0 
-446.0 -478.0 -488.0 -517.0 -558.0 -643.0 -675.0 
-694.0 -770.0 -784.0 -819.0 -807.0 -814.0 -894.0 
-885.0 -829.0 -890.0 -867.0 -844.0 -858.0 -779.0 
-811.0 -753.0 -724.0 -767.0 -711.0 -698.0 -680.0 
-642.0 -578.0 -569.0 -594.0 -591.0 -573.0 -494.0 
-504.0 -584.0 -544.0 -466.0 -475.0 -488.0 -543.0 
-540.0 -500.0 -538.0 -462.0 -477.0 -496.0 -429.0 
-408.0 -303.0 -331.0 -393.0 -328.0 -316.0 -373.0 
-316.0 -271.0 -373.0 -388.0 -414.0 -424.0 -425.0 
-486.0 -475.0 -501.0 -522.0 -527.0 -562.0 -583.0 
-575.0 -615.0 -612.0 -552.0 -580.0 -538.0 -553.0 
-643.0 -596.0 -514.0 -519.0 -520.0 -506.0 -550.0 
-536.0 -542.0 -569.0 -591.0 -659.0 -642.0 -678.0 
-740.0 -685.0 -728.0 -803.0 -807.0 -809.0 -818.0 
-843.0 -793.0 -778.0 -830.0 -793.0 -781.0 -840.0 
-843.0 -782.0 -737.0 -736.0 -773.0 -740.0 -685.0 
-748.0 -734.0 -652.0 -635.0 -628.0 -598.0 -582.0 
-601.0 -587.0 -584.0 -548.0 -512.0 -510.0 -430.0 
-431.0 -460.0 -416.0 -463.0 -485.0 -389.0 -328.0 
-339.0 -353.0 -341.0 -321.0 -319.0 -309.0 -340.0 
-351.0 -323.0 -362.0 -361.0 -326.0 -309.0 -384.0 
-454.0 -463.0 -473.0 -427.0 -493.0 -548.0 -524.0 
-597.0 -603.0 -614.0 -640.0 -575.0 -639.0 -691.0 
-699.0 -741.0 -705.0 -663.0 -626.0 -672.0 -675.0 
-624.0 -633.0 -583.0 -520.0 -497.0 -539.0 -510.0 
-454.0 -448.0 -408.0 -414.0 -395.0 -397.0 -468.0 
-486.0 -493.0 -541.0 -560.0 -545.0 -517.0 -532.0 
-626.0 -675.0 -677.0 -669.0 -639.0 -608.0 -600.0 
-594.0 -568.0 -595.0 -617.0 -594.0 -595.0 -570.0 
-559.0 -581.0 -551.0 -555.0 -554.0 -561.0 -603.0 
-571.0 -604.0 -586.0 -577.0 -630.0 -618.0 -666.0 
-588.0 -585.0 -638.0 -610.0 -652.0 -579.0 -554.0 
-536.0 -574.0 -642.0 -611.0 -636.0 -560.0 -528.0 
-565.0 -537.0 -578.0 -551.0 -501.0 -579.0 -526.0 
-480.0 -445.0 -377.0 -461.0 -468.0 -497.0 -490.0 
-456.0 -504.0 -507.0 -551.0 -547.0 -563.0 -677.0 
-621.0 -585.0 -696.0 -644.0 -637.0 -658.0 -628.0 
-621.0 -535.0 -550.0 -610.0 -564.0 -484.0 -413.0 
-472.0 -539.0 -391.0 -371.0 -460.0 -436.0 -375.0 
-316.0 -374.0 -417.0 -358.0 -370.0 -441.0 -424.0 
-423.0 -453.0 -479.0 -499.0 -590.0 -624.0 -589.0 
-723.0 -685.0 -679.0 -707.0 -639.0 -749.0 -775.0 
-753.0 -764.0 -758.0 -801.0 -793.0 -754.0 -819.0 
-828.0 -839.0 -904.0 -869.0 -838.0 -798.0 -827.0 
-856.0 -784.0 -804.0 -776.0 -715.0 -677.0 -637.0 
-704.0 -675.0 -585.0 -551.0 -585.0 -588.0 -472.0 
-487.0 -481.0 -419.0 -411.0 -386.0 -411.0 -388.0 
-349.0 -335.0 -332.0 -396.0 -376.0 -324.0 -341.0 
-351.0 -367.0 -357.0 -354.0 -385.0 -416.0 -379.0 
-373.0 -385.0 -306.0 -387.0 -430.0 -418.0 -426.0 
-390.0 -482.0 -434.0 -389.0 -455.0 -451.0 -466.0 
-478.0 -466.0 -504.0 -599.0 -571.0 -602.0 -676.0 
-641.0 -634.0 -732.0 -807.0 -791.0 -822.0 -829.0 
-831.0 -781.0 -826.0 -884.0 -825.0 -821.0 -816.0 
-794.0 -731.0 -758.0 -767.0 -729.0 -727.0 -725.0 
-702.0 -647.0 -591.0 -611.0 -687.0 -614.0 -571.0 
-563.0 -547.0 -536.0 -508.0 -588.0 -614.0 -550.0 
-564.0 -566.0 -519.0 -559.0 -633.0 -625.0 -542.0 
-591.0 -558.0 -455.0 -539.0 -526.0 -490.0 -509.0 
-502.0 -464.0 -411.0 -430.0 -411.0 -399.0 -416.0 
-334.0 -323.0 -343.0 -274.0 -262.0 -298.0 -287.0 
-263.0 -267.0 -263.0 -251.0 -277.0 -319.0 -335.0 
-341.0 -349.0 -393.0 -456.0 -513.0 -581.0 -590.0 
-625.0 -648.0 -703.0 -816.0 -784.0 -797.0 -864.0 
-911.0 -928.0 -878.0 -945.0 -998.0 -955.0 -975.0 
-985.0 -926.0 -932.0 -948.0 -848.0 -783.0 -777.0 
-748.0 -709.0 -688.0 -639.0 -603.0 -664.0 -595.0 
-524.0 -562.0 -511.0 -457.0 -441.0 -470.0 -450.0 
-376.0 -381.0 -385.0 -333.0 -381.0 -436.0 -378.0 
-384.0 -416.0 -419.0 -420.0 -480.0 -511.0 -507.0 
-558.0 -549.0 -536.0 -594.0 -612.0 -561.0 -569.0 
-546.0 -496.0 -506.0 -496.0 -495.0 -514.0 -531.0 
-492.0 -457.0 -473.0 -524.0 -589.0 -569.0 -598.0 
-603.0 -506.0 -548.0 -576.0 -574.0 -621.0 -601.0 
-597.0 -588.0 -550.0 -521.0 -541.0 -540.0 -537.0 
-518.0 -483.0 -491.0 -470.0 -504.0 -463.0 -456.0 
-473.0 -422.0 -421.0 -454.0 -515.0 -513.0 -506.0 
-454.0 -466.0 -531.0 -566.0 -644.0 -688.0 -716.0 
-663.0 -630.0 -681.0 -700.0 -706.0 -732.0 -752.0 
-699.0 -648.0 -641.0 -661.0 -673.0 -665.0 -647.0 
-570.0 -600.0 -609.0 -570.0 -590.0 -465.0 -452.0 
-509.0 -462.0 -504.0 -488.0 -478.0 -490.0 -391.0 
-438.0 -495.0 -524.0 -617.0 -582.0 -606.0 -622.0 
-608.0 -658.0 -634.0 -660.0 -651.0 -612.0 -638.0 
-574.0 -523.0 -494.0 -489.0 -450.0 -373.0 -392.0 
-386.0 -388.0 -379.0 -340.0 -350.0 -337.0 -344.0 
-362.0 -385.0 -402.0 -389.0 -424.0 -396.0 -412.0 
-467.0 -429.0 -458.0 -503.0 -540.0 -563.0 -600.0 
-674.0 -675.0 -689.0 -745.0 -782.0 -819.0 -847.0 
-899.0 -967.0 -991.0 -978.0 -997.0 -1043.0 -1049.0 
-1046.0 -1060.0 -1074.0 -1016.0 -984.0 -989.0 -893.0 
-823.0 -840.0 -801.0 -687.0 -622.0 -588.0 -545.0 
-490.0 -420.0 -367.0 -364.0 -347.0 -307.0 -284.0 
-248.0 -217.0 -175.0 -196.0 -159.0 -145.0 -209.0 
-157.0 -169.0 -191.0 -182.0 -170.0 -177.0 -255.0 
-277.0 -264.0 -323.0 -384.0 -354.0 -423.0 -493.0 
-508.0 -567.0 -588.0 -624.0 -673.0 -735.0 -715.0 
-689.0 -776.0 -816.0 -793.0 -796.0 -802.0 -774.0 
-794.0 -782.0 -719.0 -730.0 -746.0 -762.0 -750.0 
-704.0 -679.0 -598.0 -610.0 -677.0 -614.0 -598.0 
-610.0 -615.0 -607.0 -599.0 -639.0 -572.0 -578.0 
-613.0 -595.0 -627.0 -621.0 -659.0 -624.0 -585.0 
-569.0 -530.0 -593.0 -572.0 -561.0 -542.0 -489.0 
-522.0 -488.0 -466.0 -493.0 -499.0 -502.0 -489.0 
-494.0 -521.0 -549.0 -544.0 -579.0 -616.0 -587.0 
-631.0 -634.0 -590.0 -633.0 -648.0 -639.0 -598.0 
-570.0 -583.0 -581.0 -569.0 -520.0 -511.0 -490.0 
-483.0 -465.0 -403.0 -467.0 -502.0 -502.0 -490.0 
-435.0 -463.0 -458.0 -462.0 -475.0 -428.0 -433.0 
-500.0 -498.0 -494.0 -603.0 -600.0 -555.0 -575.0 
-578.0 -622.0 -665.0 -690.0 -670.0 -661.0 -660.0 
-626.0 -665.0 -684.0 -671.0 -635.0 -606.0 -656.0 
-602.0 -612.0 -668.0 -565.0 -563.0 -609.0 -590.0 
-568.0 -558.0 -595.0 -582.0 -549.0 -587.0 -601.0 
-557.0 -545.0 -562.0 -563.0 -547.0 -565.0 -565.0 
-554.0 -570.0 -506.0 -522.0 -571.0 -532.0 -553.0 
-546.0 -513.0 -509.0 -503.0 -511.0 -479.0 -435.0 
-398.0 -370.0 -372.0 -376.0 -364.0 -371.0 -378.0 
-345.0 -348.0 -377.0 -411.0 -423.0 -456.0 -490.0 
-514.0 -543.0 -500.0 -520.0 -548.0 -566.0 -598.0 
-637.0 -692.0 -670.0 -668.0 -683.0 -733.0 -792.0 
-808.0 -831.0 -845.0 -854.0 -852.0 -883.0 -911.0 
-891.0 -914.0 -902.0 -857.0 -877.0 -848.0 -816.0 
-823.0 -765.0 -689.0 -691.0 -642.0 -540.0 -518.0 
-486.0 -453.0 -426.0 -389.0 -369.0 -343.0 -355.0 
-338.0 -309.0 -357.0 -365.0 -312.0 -330.0 -378.0 
-400.0 -414.0 -405.0 -376.0 -377.0 -398.0 -390.0 
-399.0 -408.0 -380.0 -371.0 -411.0 -397.0 -399.0 
-465.0 -463.0 -448.0 -473.0 -492.0 -513.0 -564.0 
-526.0 -543.0 -606.0 -573.0 -642.0 -671.0 -685.0 
-724.0 -705.0 -767.0 -804.0 -770.0 -830.0 -897.0 
-850.0 -864.0 -881.0 -832.0 -853.0 -859.0 -809.0 
-765.0 -748.0 -728.0 -677.0 -648.0 -624.0 -581.0 
-589.0 -556.0 -495.0 -501.0 -474.0 -470.0 -506.0 
-495.0 -444.0 -430.0 -509.0 -521.0 -459.0 -471.0 
-511.0 -491.0 -467.0 -534.0 -503.0 -442.0 -497.0 
-469.0 -449.0 -420.0 -419.0 -457.0 -448.0 -467.0 
-375.0 -375.0 -431.0 -402.0 -453.0 -460.0 -467.0 
-482.0 -450.0 -452.0 -453.0 -507.0 -563.0 -557.0 
-595.0 -585.0 -575.0 -622.0 -637.0 -690.0 -728.0 
-762.0 -795.0 -751.0 -765.0 -798.0 -791.0 -784.0 
-775.0 -763.0 -740.0 -723.0 -695.0 -717.0 -694.0 
-600.0 -588.0 -591.0 -577.0 -554.0 -503.0 -483.0 
-494.0 -495.0 -461.0 -457.0 -514.0 -505.0 -483.0 
-473.0 -467.0 -489.0 -483.0 -490.0 -435.0 -412.0 
-426.0 -402.0 -407.0 -385.0 -366.0 -337.0 -335.0 
-335.0 -364.0 -405.0 -410.0 -427.0 -399.0 -450.0 
-514.0 -525.0 -517.0 -500.0 -550.0 -565.0 -500.0 
-482.0 -556.0 -559.0 -503.0 -470.0 -487.0 -536.0 
-583.0 -578.0 -545.0 -551.0 -562.0 -633.0 -649.0 
-675.0 -736.0 -720.0 -764.0 -752.0 -721.0 -796.0 
-825.0 -813.0 -809.0 -793.0 -794.0 -836.0 -847.0 
-804.0 -794.0 -814.0 -805.0 -746.0 -771.0 -834.0 
-712.0 -624.0 -647.0 -625.0 -607.0 -554.0 -509.0 
-444.0 -392.0 -401.0 -322.0 -267.0 -277.0 -292.0 
-282.0 -250.0 -208.0 -188.0 -257.0 -244.0 -251.0 
-312.0 -300.0 -323.0 -369.0 -416.0 -404.0 -404.0 
-438.0 -450.0 -467.0 -505.0 -509.0 -436.0 -464.0 
-522.0 -518.0 -510.0 -507.0 -485.0 -510.0 -568.0 
-551.0 -562.0 -586.0 -624.0 -671.0 -707.0 -734.0 
-729.0 -786.0 -850.0 -859.0 -883.0 -886.0 -841.0 
-883.0 -950.0 -939.0 -936.0 -899.0 -844.0 -861.0 
-877.0 -853.0 -842.0 -855.0 -813.0 -751.0 -710.0 
-650.0 -650.0 -647.0 -577.0 -535.0 -495.0 -494.0 
-477.0 -429.0 -428.0 -330.0 -298.0 -347.0 -311.0 
-283.0 -230.0 -232.0 -224.0 -241.0 -288.0 -219.0 
-245.0 -281.0 -287.0 -314.0 -295.0 -320.0 -375.0 
-401.0 -438.0 -503.0 -549.0 -551.0 -556.0 -589.0 
-667.0 -710.0 -663.0 -733.0 -756.0 -760.0 -876.0 
-822.0 -763.0 -804.0 -858.0 -828.0 -793.0 -807.0 
-808.0 -814.0 -733.0 -712.0 -739.0 -731.0 -726.0 
-729.0 -707.0 -703.0 -705.0 -637.0 -656.0 -668.0 
-659.0 -659.0 -615.0 -604.0 -578.0 -557.0 -523.0 
-470.0 -466.0 -489.0 -474.0 -421.0 -407.0 -392.0 
-366.0 -376.0 -362.0 -370.0 -417.0 -392.0 -385.0 
-449.0 -472.0 -417.0 -397.0 -450.0 -464.0 -455.0 
-465.0 -457.0 -487.0 -522.0 -454.0 -468.0 -518.0 
-503.0 -524.0 -474.0 -495.0 -527.0 -486.0 -526.0 
-502.0 -488.0 -555.0 -550.0 -572.0 -637.0 -603.0 
-591.0 -618.0 -601.0 -603.0 -659.0 -677.0 -611.0 
-603.0 -620.0 -550.0 -519.0 -588.0 -563.0 -516.0 
-538.0 -535.0 -511.0 -482.0 -493.0 -487.0 -518.0 
-531.0 -521.0 -581.0 -565.0 -583.0 -611.0 -608.0 
-631.0 -627.0 -701.0 -682.0 -636.0 -713.0 -727.0 
-725.0 -700.0 -685.0 -679.0 -651.0 -646.0 -653.0 
-651.0 -584.0 -577.0 -559.0 -517.0 -533.0 -497.0 
-494.0 -486.0 -459.0 -470.0 -443.0 -424.0 -450.0 
-511.0 -496.0 -475.0 -547.0 -548.0 -552.0 -617.0 
-648.0 -628.0 -643.0 -709.0 -689.0 -669.0 -674.0 
-683.0 -688.0 -639.0 -665.0 -656.0 -595.0 -619.0 
-602.0 -545.0 -538.0 -561.0 -550.0 -508.0 -514.0 
-546.0 -565.0 -530.0 -535.0 -587.0 -578.0 -576.0 
-556.0 -567.0 -575.0 -579.0 -592.0 -554.0 -572.0 
-577.0 -559.0 -549.0 -506.0 -484.0 -526.0 -528.0 
-476.0 -478.0 -493.0 -458.0 -435.0 -463.0 -455.0 
-461.0 -469.0 -430.0 -411.0 -429.0 -458.0 -468.0 
-485.0 -489.0 -486.0 -525.0 -536.0 -541.0 -583.0 
-581.0 -613.0 -656.0 -656.0 -627.0 -640.0 -700.0 
-660.0 -667.0 -695.0 -683.0 -673.0 -656.0 -684.0 
-689.0 -673.0 -686.0 -690.0 -646.0 -670.0 -671.0 
-642.0 -682.0 -652.0 -624.0 -638.0 -607.0 -590.0 
-585.0 -576.0 -588.0 -495.0 -457.0 -534.0 -496.0 
-454.0 -428.0 -401.0 -395.0 -327.0 -309.0 -330.0 
-267.0 -222.0 -232.0 -196.0 -162.0 -187.0 -184.0 
-195.0 -228.0 -253.0 -290.0 -280.0 -332.0 -404.0 
-444.0 -483.0 -476.0 -542.0 -570.0 -582.0 -649.0 
-686.0 -734.0 -729.0 -758.0 -786.0 -806.0 -848.0 
-851.0 -881.0 -882.0 -895.0 -880.0 -862.0 -904.0 
-937.0 -930.0 -888.0 -903.0 -888.0 -866.0 -870.0 
-832.0 -842.0 -854.0 -825.0 -805.0 -772.0 -766.0 
-776.0 -748.0 -740.0 -736.0 -710.0 -696.0 -637.0 
-609.0 -654.0 -630.0 -580.0 -553.0 -515.0 -475.0 
-458.0 -433.0 -420.0 -411.0 -371.0 -337.0 -294.0 
-277.0 -303.0 -356.0 -337.0 -300.0 -277.0 -245.0 
-275.0 -270.0 -273.0 -274.0 -236.0 -219.0 -182.0 
-181.0 -189.0 -196.0 -219.0 -219.0 -224.0 -209.0 
-238.0 -298.0 -327.0 -367.0 -395.0 -396.0 -416.0 
-475.0 -540.0 -610.0 -622.0 -626.0 -714.0 -729.0 
-701.0 -770.0 -840.0 -837.0 -844.0 -852.0 -826.0 
-834.0 -867.0 -876.0 -863.0 -843.0 -842.0 -821.0 
-773.0 -782.0 -793.0 -790.0 -805.0 -748.0 -755.0 
-781.0 -723.0 -718.0 -726.0 -745.0 -721.0 -665.0 
-660.0 -636.0 -609.0 -577.0 -538.0 -534.0 -495.0 
-424.0 -416.0 -406.0 -343.0 -325.0 -318.0 -284.0 
-281.0 -295.0 -285.0 -230.0 -248.0 -289.0 -274.0 
-292.0 -305.0 -347.0 -388.0 -421.0 -438.0 -439.0 
-521.0 -560.0 -590.0 -648.0 -684.0 -752.0 -788.0 
-782.0 -758.0 -746.0 -761.0 -744.0 -725.0 -737.0 
-717.0 -669.0 -669.0 -653.0 -598.0 -590.0 -626.0 
-619.0 -582.0 -587.0 -562.0 -559.0 -590.0 -536.0 
-556.0 -548.0 -519.0 -600.0 -577.0 -568.0 -600.0 
-634.0 -667.0 -624.0 -669.0 -750.0 -732.0 -721.0 
-752.0 -776.0 -797.0 -793.0 -801.0 -796.0 -807.0 
-794.0 -748.0 -773.0 -734.0 -674.0 -655.0 -616.0 
-571.0 -544.0 -563.0 -522.0 -484.0 -498.0 -418.0 
-422.0 -440.0 -370.0 -376.0 -358.0 -395.0 -362.0 
-305.0 -361.0 -282.0 -279.0 -314.0 -246.0 -217.0 
-235.0 -259.0 -244.0 -281.0 -273.0 -271.0 -335.0 
-341.0 -359.0 -433.0 -535.0 -515.0 -504.0 -581.0 
-596.0 -641.0 -674.0 -678.0 -680.0 -665.0 -666.0 
-671.0 -684.0 -676.0 -695.0 -691.0 -668.0 -671.0 
-651.0 -657.0 -645.0 -618.0 -619.0 -602.0 -568.0 
-536.0 -530.0 -554.0 -557.0 -554.0 -510.0 -454.0 
-491.0 -500.0 -526.0 -551.0 -500.0 -451.0 -464.0 
-514.0 -468.0 -481.0 -525.0 -515.0 -532.0 -503.0 
-501.0 -564.0 -617.0 -622.0 -601.0 -620.0 -683.0 
-670.0 -681.0 -731.0 -721.0 -749.0 -753.0 -728.0 
-663.0 -657.0 -714.0 -677.0 -654.0 -663.0 -616.0 
-572.0 -567.0 -555.0 -568.0 -562.0 -557.0 -552.0 
-538.0 -536.0 -526.0 -564.0 -579.0 -555.0 -546.0 
-560.0 -590.0 -577.0 -569.0 -602.0 -602.0 -580.0 
-627.0 -666.0 -657.0 -664.0 -684.0 -717.0 -703.0 
-680.0 -729.0 -736.0 -724.0 -698.0 -683.0 -709.0 
-653.0 -704.0 -775.0 -688.0 -646.0 -666.0 -691.0 
-681.0 -682.0 -689.0 -682.0 -703.0 -687.0 -674.0 
-683.0 -673.0 -637.0 -631.0 -614.0 -582.0 -544.0 
-468.0 -485.0 -488.0 -402.0 -362.0 -326.0 -314.0 
-284.0 -237.0 -270.0 -240.0 -214.0 -225.0 -227.0 
-257.0 -226.0 -271.0 -330.0 -312.0 -303.0 -328.0 
-359.0 -334.0 -384.0 -436.0 -435.0 -478.0 -482.0 
-468.0 -501.0 -547.0 -579.0 -587.0 -632.0 -687.0 
-664.0 -675.0 -682.0 -677.0 -714.0 -715.0 -744.0 
-712.0 -710.0 -713.0 -696.0 -756.0 -711.0 -709.0 
-692.0 -681.0 -736.0 -682.0 -680.0 -664.0 -625.0 
-644.0 -625.0 -644.0 -628.0 -573.0 -609.0 -577.0 
-505.0 -522.0 -546.0 -491.0 -465.0 -520.0 -470.0 
-437.0 -488.0 -493.0 -477.0 -462.0 -467.0 -442.0 
-430.0 -457.0 -455.0 -439.0 -412.0 -395.0 -399.0 
-435.0 -425.0 -428.0 -505.0 -479.0 -484.0 -530.0 
-544.0 -590.0 -571.0 -623.0 -640.0 -596.0 -657.0 
-639.0 -635.0 -668.0 -667.0 -671.0 -672.0 -661.0 
-643.0 -648.0 -642.0 -669.0 -667.0 -637.0 -675.0 
-678.0 -660.0 -659.0 -689.0 -755.0 -747.0 -713.0 
-719.0 -738.0 -782.0 -787.0 -743.0 -740.0 -757.0 
-763.0 -785.0 -773.0 -762.0 -758.0 -709.0 -699.0 
-731.0 -727.0 -689.0 -681.0 -616.0 -584.0 -630.0 
-564.0 -563.0 -565.0 -518.0 -505.0 -445.0 -450.0 
-450.0 -415.0 -403.0 -382.0 -366.0 -336.0 -314.0 
-318.0 -362.0 -348.0 -283.0 -320.0 -288.0 -244.0 
-300.0 -284.0 -260.0 -246.0 -255.0 -259.0 -247.0 
-307.0 -322.0 -319.0 -323.0 -354.0 -419.0 -449.0 
-453.0 -449.0 -491.0 -544.0 -561.0 -532.0 -525.0 
-583.0 -649.0 -650.0 -626.0 -699.0 -723.0 -703.0 
-724.0 -712.0 -713.0 -757.0 -788.0 -747.0 -723.0 
-735.0 -735.0 -733.0 -700.0 -683.0 -698.0 -690.0 
-652.0 -640.0 -616.0 -627.0 -629.0 -579.0 -595.0 
-606.0 -602.0 -608.0 -599.0 -576.0 -529.0 -528.0 
-541.0 -543.0 -566.0 -510.0 -522.0 -573.0 -510.0 
-519.0 -504.0 -507.0 -533.0 -494.0 -520.0 -498.0 
-485.0 -518.0 -489.0 -469.0 -485.0 -486.0 -476.0 
-479.0 -500.0 -497.0 -484.0 -511.0 -521.0 -516.0 
-503.0 -529.0 -532.0 -542.0 -613.0 -633.0 -662.0 
-636.0 -648.0 -726.0 -742.0 -773.0 -783.0 -800.0 
-794.0 -796.0 -853.0 -817.0 -825.0 -882.0 -845.0 
-844.0 -856.0 -818.0 -814.0 -823.0 -792.0 -777.0 
-735.0 -698.0 -679.0 -633.0 -636.0 -622.0 -588.0 
-563.0 -539.0 -531.0 -520.0 -483.0 -467.0 -445.0 
-412.0 -426.0 -422.0 -438.0 -446.0 -430.0 -424.0 
-432.0 -452.0 -439.0 -440.0 -443.0 -437.0 -406.0 
-402.0 -418.0 -375.0 -396.0 -421.0 -379.0 -362.0 
-362.0 -358.0 -374.0 -407.0 -363.0 -325.0 -390.0 
-436.0 -447.0 -461.0 -467.0 -472.0 -505.0 -549.0 
-559.0 -592.0 -641.0 -666.0 -615.0 -600.0 -675.0 
-691.0 -705.0 -676.0 -650.0 -653.0 -628.0 -655.0 
-680.0 -681.0 -643.0 -663.0 -662.0 -632.0 -690.0 
-664.0 -624.0 -679.0 -677.0 -597.0 -623.0 -659.0 
-631.0 -622.0 -590.0 -598.0 -589.0 -573.0 -577.0 
-528.0 -515.0 -535.0 -503.0 -473.0 -488.0 -447.0 
-432.0 -453.0 -450.0 -455.0 -417.0 -416.0 -419.0 
-421.0 -412.0 -441.0 -532.0 -483.0 -414.0 -454.0 
-492.0 -472.0 -493.0 -513.0 -510.0 -515.0 -509.0 
-546.0 -523.0 -503.0 -560.0 -576.0 -562.0 -580.0 
-590.0 -608.0 -674.0 -693.0 -698.0 -742.0 -770.0 
-789.0 -831.0 -857.0 -853.0 -829.0 -835.0 -831.0 
-788.0 -805.0 -786.0 -768.0 -765.0 -723.0 -715.0 
-682.0 -678.0 -675.0 -657.0 -643.0 -616.0 -647.0 
-607.0 -570.0 -593.0 -552.0 -492.0 -469.0 -493.0 
-483.0 -461.0 -423.0 -384.0 -351.0 -338.0 -374.0 
-317.0 -278.0 -333.0 -346.0 -316.0 -288.0 -279.0 
-330.0 -371.0 -341.0 -363.0 -406.0 -378.0 -437.0 
-522.0 -499.0 -545.0 -591.0 -609.0 -631.0 -601.0 
-679.0 -755.0 -725.0 -765.0 -792.0 -756.0 -802.0 
-787.0 -767.0 -821.0 -788.0 -736.0 -700.0 -695.0 
-678.0 -678.0 -688.0 -598.0 -578.0 -553.0 -492.0 
-519.0 -477.0 -461.0 -449.0 -410.0 -456.0 -424.0 
-435.0 -497.0 -477.0 -516.0 -526.0 -529.0 -558.0 
-552.0 -594.0 -622.0 -660.0 -678.0 -630.0 -609.0 
-616.0 -609.0 -644.0 -656.0 -560.0 -528.0 -492.0 
-418.0 -435.0 -420.0 -401.0 -419.0 -379.0 -321.0 
-305.0 -325.0 -376.0 -409.0 -406.0 -422.0 -410.0 
-437.0 -505.0 -475.0 -477.0 -548.0 -562.0 -584.0 
-626.0 -645.0 -691.0 -691.0 -684.0 -736.0 -753.0 
-726.0 -723.0 -765.0 -745.0 -716.0 -724.0 -710.0 
-711.0 -689.0 -649.0 -645.0 -653.0 -648.0 -643.0 
-599.0 -556.0 -590.0 -554.0 -519.0 -562.0 -566.0 
-548.0 -519.0 -521.0 -521.0 -500.0 -523.0 -564.0 
-556.0 -569.0 -591.0 -543.0 -555.0 -595.0 -599.0 
-638.0 -623.0 -601.0 -626.0 -585.0 -568.0 -594.0 
-611.0 -623.0 -559.0 -539.0 -549.0 -517.0 -502.0 
-499.0 -492.0 -461.0 -477.0 -475.0 -441.0 -465.0 
-491.0 -493.0 -484.0 -520.0 -558.0 -574.0 -642.0 
-658.0 -610.0 -644.0 -694.0 -710.0 -724.0 -715.0 
-694.0 -674.0 -689.0 -723.0 -676.0 -632.0 -626.0 
-560.0 -589.0 -618.0 -522.0 -499.0 -504.0 -487.0 
-456.0 -438.0 -463.0 -408.0 -415.0 -443.0 -380.0 
-383.0 -349.0 -329.0 -346.0 -331.0 -345.0 -331.0 
-338.0 -305.0 -312.0 -365.0 -362.0 -396.0 -412.0 
-455.0 -460.0 -453.0 -490.0 -512.0 -559.0 -583.0 
-607.0 -578.0 -578.0 -633.0 -623.0 -632.0 -647.0 
-678.0 -678.0 -643.0 -696.0 -693.0 -671.0 -675.0 
-660.0 -692.0 -722.0 -719.0 -695.0 -699.0 -692.0 
-677.0 -643.0 -642.0 -660.0 -606.0 -591.0 -571.0 
-560.0 -579.0 -577.0 -530.0 -558.0 -597.0 -560.0 
-588.0 -589.0 -600.0 -601.0 -587.0 -626.0 -619.0 
-633.0 -651.0 -634.0 -636.0 -642.0 -626.0 -655.0 
-668.0 -619.0 -663.0 -704.0 -675.0 -672.0 -701.0 
-699.0 -658.0 -657.0 -676.0 -640.0 -599.0 -613.0 
-552.0 -524.0 -570.0 -548.0 -551.0 -515.0 -493.0 
-495.0 -440.0 -471.0 -479.0 -446.0 -430.0 -393.0 
-403.0 -367.0 -328.0 -333.0 -303.0 -308.0 -341.0 
-336.0 -279.0 -305.0 -373.0 -359.0 -373.0 -404.0 
-435.0 -481.0 -500.0 -512.0 -562.0 -620.0 -599.0 
-645.0 -736.0 -678.0 -689.0 -769.0 -760.0 -760.0 
-793.0 -827.0 -802.0 -777.0 -808.0 -799.0 -780.0 
-776.0 -723.0 -701.0 -703.0 -630.0 -630.0 -602.0 
-524.0 -547.0 -552.0 -558.0 -508.0 -491.0 -522.0 
-465.0 -485.0 -559.0 -552.0 -519.0 -556.0 -534.0 
-510.0 -596.0 -592.0 -538.0 -544.0 -522.0 -513.0 
-541.0 -546.0 -548.0 -535.0 -485.0 -437.0 -461.0 
-479.0 -447.0 -469.0 -465.0 -435.0 -413.0 -417.0 
-440.0 -406.0 -460.0 -545.0 -509.0 -472.0 -514.0 
-550.0 -558.0 -630.0 -662.0 -609.0 -653.0 -693.0 
-667.0 -711.0 -722.0 -708.0 -730.0 -756.0 -704.0 
-630.0 -668.0 -678.0 -674.0 -628.0 -607.0 -634.0 
-592.0 -600.0 -572.0 -562.0 -579.0 -509.0 -475.0 
-477.0 -469.0 -476.0 -495.0 -468.0 -438.0 -449.0 
-409.0 -400.0 -448.0 -463.0 -474.0 -459.0 -457.0 
-507.0 -487.0 -489.0 -520.0 -526.0 -588.0 -590.0 
-584.0 -607.0 -659.0 -706.0 -674.0 -731.0 -778.0 
-773.0 -765.0 -794.0 -818.0 -759.0 -810.0 -813.0 
-734.0 -757.0 -763.0 -708.0 -692.0 -654.0 -599.0 
-639.0 -621.0 -538.0 -504.0 -520.0 -493.0 -430.0 
-413.0 -397.0 -376.0 -313.0 -329.0 -363.0 -322.0 
-319.0 -311.0 -303.0 -282.0 -292.0 -322.0 -306.0 
-329.0 -369.0 -342.0 -337.0 -401.0 -460.0 -480.0 
-475.0 -488.0 -516.0 -549.0 -584.0 -604.0 -612.0 
-655.0 -695.0 -678.0 -718.0 -805.0 -810.0 -799.0 
-834.0 -814.0 -846.0 -929.0 -893.0 -836.0 -847.0 
-839.0 -818.0 -800.0 -747.0 -751.0 -729.0 -670.0 
-622.0 -607.0 -640.0 -588.0 -550.0 -573.0 -535.0 
-456.0 -482.0 -523.0 -464.0 -457.0 -476.0 -455.0 
-448.0 -416.0 -394.0 -406.0 -419.0 -452.0 -427.0 
-416.0 -441.0 -397.0 -402.0 -394.0 -391.0 -444.0 
-410.0 -375.0 -365.0 -368.0 -356.0 -324.0 -318.0 
-305.0 -311.0 -350.0 -391.0 -367.0 -353.0 -396.0 
-419.0 -462.0 -543.0 -590.0 -568.0 -586.0 -628.0 
-630.0 -651.0 -727.0 -771.0 -753.0 -782.0 -797.0 
-804.0 -848.0 -865.0 -834.0 -866.0 -876.0 -803.0 
-833.0 -835.0 -777.0 -761.0 -752.0 -711.0 -692.0 
-700.0 -649.0 -638.0 -645.0 -605.0 -580.0 -581.0 
-585.0 -558.0 -547.0 -594.0 -561.0 -512.0 -536.0 
-504.0 -495.0 -495.0 -452.0 -439.0 -437.0 -456.0 
-421.0 -401.0 -406.0 -354.0 -360.0 -384.0 -385.0 
-368.0 -394.0 -391.0 -359.0 -417.0 -447.0 -464.0 
-427.0 -460.0 -498.0 -419.0 -449.0 -503.0 -511.0 
-466.0 -489.0 -506.0 -463.0 -513.0 -503.0 -512.0 
-538.0 -512.0 -541.0 -551.0 -510.0 -568.0 -657.0 
-676.0 -691.0 -685.0 -706.0 -715.0 -706.0 -749.0 
-813.0 -814.0 -775.0 -789.0 -754.0 -718.0 -750.0 
-779.0 -757.0 -697.0 -678.0 -636.0 -561.0 -541.0 
-557.0 -541.0 -468.0 -415.0 -389.0 -349.0 -340.0 
-359.0 -349.0 -286.0 -301.0 -359.0 -344.0 -366.0 
-438.0 -442.0 -430.0 -493.0 -545.0 -580.0 -629.0 
-672.0 -705.0 -737.0 -744.0 -711.0 -725.0 -777.0 
-829.0 -820.0 -811.0 -826.0 -783.0 -771.0 -756.0 
-763.0 -787.0 -752.0 -673.0 -652.0 -705.0 -643.0 
-631.0 -646.0 -540.0 -519.0 -543.0 -550.0 -530.0 
-471.0 -468.0 -434.0 -390.0 -400.0 -352.0 -344.0 
-350.0 -294.0 -289.0 -283.0 -282.0 -312.0 -318.0 
-300.0 -282.0 -322.0 -358.0 -373.0 -422.0 -421.0 
-438.0 -499.0 -534.0 -566.0 -590.0 -664.0 -722.0 
-729.0 -775.0 -791.0 -795.0 -857.0 -843.0 -806.0 
-868.0 -869.0 -846.0 -851.0 -814.0 -792.0 -795.0 
-802.0 -760.0 -672.0 -660.0 -632.0 -607.0 -622.0 
-557.0 -547.0 -566.0 -520.0 -490.0 -502.0 -517.0 
-530.0 -534.0 -524.0 -553.0 -519.0 -494.0 -527.0 
-522.0 -585.0 -656.0 -601.0 -601.0 -657.0 -628.0 
-643.0 -667.0 -699.0 -706.0 -625.0 -586.0 -544.0 
-514.0 -516.0 -494.0 -414.0 -330.0 -288.0 -249.0 
-287.0 -281.0 -264.0 -304.0 -241.0 -209.0 -236.0 
-299.0 -375.0 -368.0 -395.0 -397.0 -375.0 -406.0 
-488.0 -580.0 -624.0 -665.0 -638.0 -644.0 -693.0 
-712.0 -792.0 -834.0 -823.0 -822.0 -799.0 -790.0 
-814.0 -870.0 -914.0 -878.0 -853.0 -797.0 -754.0 
-770.0 -801.0 -821.0 -753.0 -715.0 -653.0 -615.0 
-656.0 -644.0 -612.0 -591.0 -596.0 -592.0 -518.0 
-490.0 -535.0 -528.0 -551.0 -527.0 -472.0 -492.0 
-491.0 -458.0 -440.0 -498.0 -494.0 -470.0 -509.0 
-460.0 -449.0 -474.0 -449.0 -458.0 -440.0 -424.0 
-366.0 -338.0 -400.0 -361.0 -343.0 -357.0 -310.0 
-289.0 -308.0 -336.0 -345.0 -325.0 -295.0 -263.0 
-244.0 -284.0 -304.0 -302.0 -344.0 -336.0 -295.0 
-335.0 -405.0 -434.0 -456.0 -489.0 -543.0 -556.0 
-556.0 -624.0 -682.0 -717.0 -745.0 -779.0 -778.0 
-826.0 -861.0 -831.0 -895.0 -896.0 -906.0 -939.0 
-908.0 -903.0 -922.0 -891.0 -852.0 -886.0 -829.0 
-777.0 -744.0 -732.0 -717.0 -603.0 -580.0 -573.0 
-507.0 -474.0 -427.0 -366.0 -375.0 -398.0 -393.0 
-408.0 -365.0 -353.0 -364.0 -341.0 -418.0 -443.0 
-425.0 -432.0 -447.0 -465.0 -458.0 -535.0 -582.0 
-573.0 -602.0 -613.0 -628.0 -648.0 -667.0 -714.0 
-707.0 -704.0 -682.0 -641.0 -666.0 -639.0 -658.0 
-718.0 -689.0 -609.0 -597.0 -613.0 -578.0 -604.0 
-595.0 -543.0 -528.0 -469.0 -417.0 -410.0 -411.0 
-423.0 -383.0 -340.0 -336.0 -359.0 -452.0 -441.0 
-417.0 -510.0 -502.0 -504.0 -567.0 -642.0 -713.0 
-670.0 -692.0 -728.0 -722.0 -754.0 -768.0 -795.0 
-810.0 -802.0 -737.0 -725.0 -755.0 -739.0 -747.0 
-704.0 -674.0 -666.0 -627.0 -598.0 -566.0 -544.0 
-510.0 -463.0 -451.0 -437.0 -384.0 -333.0 -329.0 
-348.0 -313.0 -282.0 -294.0 -270.0 -292.0 -338.0 
-355.0 -352.0 -357.0 -407.0 -412.0 -445.0 -485.0 
-522.0 -575.0 -596.0 -644.0 -678.0 -691.0 -692.0 
-686.0 -722.0 -765.0 -772.0 -797.0 -788.0 -744.0 
-723.0 -711.0 -718.0 -714.0 -667.0 -638.0 -602.0 
-554.0 -576.0 -504.0 -484.0 -536.0 -447.0 -387.0 
-389.0 -376.0 -369.0 -378.0 -401.0 -436.0 -426.0 
-398.0 -402.0 -460.0 -523.0 -553.0 -589.0 -591.0 
-575.0 -572.0 -638.0 -676.0 -669.0 -699.0 -714.0 
-735.0 -731.0 -728.0 -722.0 -761.0 -816.0 -761.0 
-734.0 -754.0 -737.0 -715.0 -737.0 -712.0 -637.0 
-630.0 -601.0 -534.0 -535.0 -591.0 -573.0 -503.0 
-490.0 -440.0 -446.0 -526.0 -487.0 -467.0 -440.0 
-341.0 -360.0 -371.0 -321.0 -363.0 -376.0 -344.0 
-340.0 -359.0 -400.0 -397.0 -502.0 -602.0 -553.0 
-598.0 -654.0 -673.0 -691.0 -753.0 -830.0 -817.0 
-862.0 -844.0 -831.0 -893.0 -902.0 -892.0 -834.0 
-830.0 -841.0 -795.0 -758.0 -754.0 -720.0 -639.0 
-588.0 -552.0 -489.0 -436.0 -436.0 -452.0 -415.0 
-358.0 -335.0 -323.0 -319.0 -332.0 -392.0 -421.0 
-381.0 -341.0 -362.0 -424.0 -440.0 -453.0 -492.0 
-485.0 -448.0 -477.0 -515.0 -533.0 -556.0 -545.0 
-577.0 -574.0 -543.0 -589.0 -645.0 -693.0 -693.0 
-682.0 -649.0 -662.0 -720.0 -723.0 -752.0 -708.0 
-669.0 -676.0 -621.0 -601.0 -613.0 -631.0 -626.0 
-549.0 -522.0 -580.0 -535.0 -538.0 -561.0 -486.0 
-526.0 -491.0 -438.0 -447.0 -417.0 -461.0 -460.0 
-381.0 -373.0 -384.0 -335.0 -390.0 -449.0 -458.0 
-482.0 -465.0 -511.0 -533.0 -567.0 -644.0 -659.0 
-711.0 -739.0 -686.0 -670.0 -729.0 -736.0 -738.0 
-781.0 -756.0 -704.0 -667.0 -619.0 -601.0 -649.0 
-650.0 -627.0 -625.0 -597.0 -579.0 -567.0 -603.0 
-651.0 -649.0 -622.0 -588.0 -547.0 -505.0 -508.0 
-538.0 -524.0 -463.0 -439.0 -433.0 -401.0 -429.0 
-465.0 -481.0 -463.0 -427.0 -451.0 -476.0 -512.0 
-551.0 -612.0 -647.0 -653.0 -642.0 -628.0 -707.0 
-746.0 -757.0 -767.0 -741.0 -730.0 -702.0 -674.0 
-719.0 -711.0 -643.0 -646.0 -582.0 -503.0 -505.0 
-497.0 -455.0 -400.0 -377.0 -363.0 -342.0 -312.0 
-293.0 -324.0 -322.0 -347.0 -355.0 -304.0 -362.0 
-410.0 -427.0 -450.0 -482.0 -490.0 -476.0 -555.0 
-596.0 -604.0 -640.0 -658.0 -646.0 -626.0 -642.0 
-698.0 -705.0 -688.0 -725.0 -695.0 -663.0 -714.0 
-717.0 -649.0 -658.0 -679.0 -637.0 -620.0 -608.0 
-610.0 -590.0 -561.0 -531.0 -530.0 -564.0 -547.0 
-542.0 -568.0 -612.0 -617.0 -603.0 -651.0 -654.0 
-641.0 -657.0 -655.0 -653.0 -674.0 -655.0 -576.0 
-570.0 -563.0 -509.0 -484.0 -493.0 -466.0 -379.0 
-379.0 -364.0 -352.0 -388.0 -348.0 -302.0 -300.0 
-324.0 -304.0 -319.0 -302.0 -304.0 -391.0 -350.0 
-342.0 -395.0 -441.0 -452.0 -464.0 -555.0 -576.0 
-576.0 -617.0 -605.0 -592.0 -643.0 -665.0 -706.0 
-740.0 -708.0 -721.0 -754.0 -779.0 -782.0 -789.0 
-770.0 -744.0 -775.0 -751.0 -729.0 -724.0 -669.0 
-641.0 -636.0 -559.0 -496.0 -522.0 -520.0 -503.0 
-459.0 -438.0 -410.0 -360.0 -429.0 -432.0 -411.0 
-475.0 -470.0 -467.0 -508.0 -545.0 -585.0 -642.0 
-654.0 -658.0 -718.0 -739.0 -783.0 -812.0 -839.0 
-870.0 -820.0 -850.0 -895.0 -900.0 -909.0 -908.0 
-857.0 -782.0 -747.0 -736.0 -747.0 -659.0 -595.0 
-576.0 -482.0 -415.0 -410.0 -385.0 -368.0 -361.0 
-324.0 -316.0 -304.0 -343.0 -363.0 -362.0 -398.0 
-400.0 -419.0 -424.0 -436.0 -458.0 -451.0 -456.0 
-495.0 -512.0 -536.0 -536.0 -539.0 -609.0 -629.0 
-626.0 -674.0 -724.0 -692.0 -721.0 -789.0 -773.0 
-752.0 -743.0 -714.0 -705.0 -766.0 -725.0 -707.0 
-714.0 -635.0 -588.0 -538.0 -551.0 -564.0 -561.0 
-544.0 -527.0 -536.0 -517.0 -521.0 -506.0 -542.0 
-532.0 -512.0 -577.0 -539.0 -489.0 -476.0 -467.0 
-505.0 -488.0 -418.0 -426.0 -384.0 -366.0 -427.0 
-390.0 -387.0 -402.0 -381.0 -379.0 -383.0 -446.0 
-496.0 -485.0 -506.0 -547.0 -564.0 -591.0 -618.0 
-644.0 -693.0 -724.0 -715.0 -723.0 -777.0 -781.0 
-777.0 -775.0 -732.0 -736.0 -738.0 -706.0 -666.0 
-670.0 -655.0 -632.0 -590.0 -508.0 -536.0 -500.0 
-463.0 -439.0 -363.0 -384.0 -395.0 -339.0 -282.0 
-287.0 -339.0 -384.0 -341.0 -292.0 -339.0 -354.0 
-323.0 -380.0 -426.0 -396.0 -391.0 -396.0 -408.0 
-385.0 -454.0 -533.0 -462.0 -493.0 -583.0 -606.0 
-626.0 -641.0 -717.0 -780.0 -740.0 -786.0 -879.0 
-909.0 -920.0 -938.0 -951.0 -908.0 -903.0 -928.0 
-934.0 -885.0 -822.0 -808.0 -724.0 -633.0 -670.0 
-687.0 -636.0 -614.0 -542.0 -531.0 -524.0 -501.0 
-544.0 -550.0 -576.0 -521.0 -493.0 -497.0 -472.0 
-504.0 -474.0 -458.0 -451.0 -454.0 -440.0 -424.0 
-433.0 -373.0 -383.0 -391.0 -384.0 -390.0 -360.0 
-419.0 -415.0 -366.0 -406.0 -405.0 -407.0 -469.0 
-489.0 -507.0 -515.0 -531.0 -642.0 -665.0 -643.0 
-719.0 -741.0 -749.0 -783.0 -810.0 -848.0 -846.0 
-819.0 -810.0 -824.0 -813.0 -810.0 -793.0 -766.0 
-731.0 -679.0 -665.0 -614.0 -629.0 -636.0 -575.0 
-566.0 -539.0 -502.0 -459.0 -444.0 -426.0 -380.0 
-380.0 -351.0 -307.0 -297.0 -251.0 -233.0 -271.0 
-274.0 -252.0 -246.0 -220.0 -172.0 -239.0 -313.0 
-268.0 -216.0 -244.0 -297.0 -290.0 -321.0 -354.0 
-314.0 -326.0 -367.0 -350.0 -372.0 -411.0 -416.0 
-407.0 -439.0 -482.0 -472.0 -519.0 -567.0 -573.0 
-586.0 -643.0 -681.0 -692.0 -730.0 -713.0 -775.0 
-867.0 -904.0 -909.0 -897.0 -958.0 -1004.0 -1024.0 
-1042.0 -1014.0 -1008.0 -1034.0 -991.0 -978.0 -950.0 
-905.0 -900.0 -821.0 -784.0 -750.0 -693.0 -710.0 
-685.0 -613.0 -585.0 -551.0 -516.0 -504.0 -525.0 
-543.0 -489.0 -441.0 -419.0 -438.0 -431.0 -415.0 
-436.0 -401.0 -392.0 -393.0 -379.0 -376.0 -393.0 
-396.0 -377.0 -383.0 -335.0 -335.0 -405.0 -385.0 
-376.0 -430.0 -397.0 -362.0 -385.0 -392.0 -428.0 
-457.0 -491.0 -495.0 -505.0 -526.0 -548.0 -600.0 
-577.0 -627.0 -642.0 -634.0 -630.0 -602.0 -695.0 
-716.0 -683.0 -658.0 -645.0 -644.0 -669.0 -692.0 
-684.0 -694.0 -698.0 -733.0 -702.0 -664.0 -684.0 
-715.0 -750.0 -711.0 -710.0 -727.0 -696.0 -688.0 
-702.0 -770.0 -735.0 -701.0 -760.0 -718.0 -704.0 
-664.0 -650.0 -740.0 -739.0 -729.0 -721.0 -697.0 
-689.0 -712.0 -727.0 -670.0 -661.0 -662.0 -609.0 
-560.0 -552.0 -539.0 -442.0 -372.0 -373.0 -328.0 
-284.0 -285.0 -212.0 -174.0 -198.0 -147.0 -135.0 
-170.0 -149.0 -166.0 -210.0 -204.0 -179.0 -216.0 
-300.0 -313.0 -349.0 -374.0 -388.0 -496.0 -523.0 
-496.0 -509.0 -545.0 -609.0 -629.0 -623.0 -656.0 
-668.0 -741.0 -781.0 -716.0 -752.0 -798.0 -808.0 
-808.0 -830.0 -846.0 -791.0 -780.0 -743.0 -726.0 
-801.0 -767.0 -726.0 -703.0 -635.0 -681.0 -679.0 
-649.0 -664.0 -668.0 -672.0 -618.0 -615.0 -662.0 
-669.0 -657.0 -656.0 -660.0 -598.0 -550.0 -572.0 
-571.0 -586.0 -581.0 -534.0 -516.0 -508.0 -531.0 
-522.0 -512.0 -519.0 -489.0 -518.0 -491.0 -388.0 
-436.0 -489.0 -444.0 -408.0 -364.0 -364.0 -391.0 
-413.0 -438.0 -399.0 -384.0 -395.0 -379.0 -404.0 
-436.0 -461.0 -462.0 -429.0 -403.0 -427.0 -451.0 
-412.0 -416.0 -431.0 -427.0 -422.0 -432.0 -459.0 
-460.0 -489.0 -502.0 -510.0 -564.0 -583.0 -573.0 
-628.0 -695.0 -703.0 -695.0 -721.0 -741.0 -724.0 
-743.0 -727.0 -721.0 -747.0 -710.0 -697.0 -682.0 
-662.0 -687.0 -651.0 -592.0 -599.0 -617.0 -606.0 
-590.0 -603.0 -598.0 -582.0 -608.0 -608.0 -617.0 
-645.0 -644.0 -661.0 -622.0 -617.0 -657.0 -631.0 
-624.0 -604.0 -585.0 -552.0 -528.0 -539.0 -511.0 
-508.0 -460.0 -421.0 -463.0 -463.0 -455.0 -429.0 
-423.0 -467.0 -457.0 -466.0 -532.0 -493.0 -462.0 
-521.0 -527.0 -522.0 -527.0 -570.0 -566.0 -537.0 
-589.0 -622.0 -652.0 -624.0 -639.0 -663.0 -590.0 
-626.0 -676.0 -685.0 -646.0 -595.0 -598.0 -579.0 
-580.0 -571.0 -530.0 -482.0 -439.0 -406.0 -404.0 
-442.0 -412.0 -361.0 -375.0 -378.0 -396.0 -400.0 
-415.0 -448.0 -430.0 -452.0 -493.0 -531.0 -552.0 
-559.0 -592.0 -666.0 -755.0 -754.0 -750.0 -805.0 
-859.0 -845.0 -841.0 -902.0 -890.0 -884.0 -904.0 
-837.0 -794.0 -794.0 -792.0 -823.0 -797.0 -793.0 
-790.0 -715.0 -712.0 -701.0 -689.0 -671.0 -652.0 
-715.0 -655.0 -561.0 -580.0 -598.0 -601.0 -575.0 
-585.0 -542.0 -499.0 -592.0 -581.0 -551.0 -577.0 
-557.0 -558.0 -566.0 -559.0 -535.0 -552.0 -545.0 
-519.0 -523.0 -467.0 -491.0 -543.0 -547.0 -523.0 
-436.0 -422.0 -366.0 -338.0 -371.0 -346.0 -322.0 
-267.0 -293.0 -264.0 -201.0 -293.0 -339.0 -326.0 
-327.0 -340.0 -342.0 -402.0 -482.0 -468.0 -525.0 
-563.0 -527.0 -575.0 -656.0 -700.0 -719.0 -754.0 
-766.0 -741.0 -750.0 -785.0 -806.0 -835.0 -865.0 
-851.0 -810.0 -744.0 -736.0 -793.0 -786.0 -752.0 
-705.0 -630.0 -557.0 -548.0 -559.0 -497.0 -488.0 
-496.0 -450.0 -432.0 -363.0 -345.0 -431.0 -434.0 
-413.0 -408.0 -392.0 -352.0 -334.0 -389.0 -415.0 
-428.0 -393.0 -360.0 -390.0 -425.0 -473.0 -464.0 
-463.0 -506.0 -516.0 -504.0 -553.0 -595.0 -570.0 
-629.0 -661.0 -613.0 -625.0 -638.0 -646.0 -663.0 
-635.0 -622.0 -603.0 -586.0 -624.0 -589.0 -525.0 
-564.0 -570.0 -522.0 -514.0 -497.0 -505.0 -537.0 
-548.0 -573.0 -588.0 -576.0 -587.0 -567.0 -562.0 
-639.0 -616.0 -559.0 -549.0 -505.0 -494.0 -526.0 
-556.0 -535.0 -485.0 -478.0 -514.0 -506.0 -490.0 
-536.0 -599.0 -639.0 -590.0 -590.0 -631.0 -637.0 
-697.0 -725.0 -712.0 -719.0 -727.0 -697.0 -676.0 
-694.0 -725.0 -735.0 -683.0 -623.0 -600.0 -636.0 
-657.0 -591.0 -540.0 -580.0 -562.0 -526.0 -559.0 
-556.0 -562.0 -531.0 -508.0 -506.0 -481.0 -497.0 
-484.0 -477.0 -427.0 -405.0 -473.0 -449.0 -435.0 
-456.0 -482.0 -536.0 -524.0 -560.0 -568.0 -513.0 
-581.0 -613.0 -600.0 -598.0 -597.0 -604.0 -516.0 
-578.0 -630.0 -549.0 -584.0 -552.0 -472.0 -490.0 
-533.0 -525.0 -520.0 -487.0 -464.0 -496.0 -465.0 
-453.0 -488.0 -475.0 -427.0 -417.0 -409.0 -369.0 
-376.0 -430.0 -461.0 -432.0 -422.0 -453.0 -498.0 
-548.0 -564.0 -590.0 -622.0 -632.0 -690.0 -738.0 
-733.0 -772.0 -780.0 -777.0 -806.0 -768.0 -742.0 
-778.0 -765.0 -720.0 -769.0 -730.0 -644.0 -675.0 
-632.0 -575.0 -552.0 -536.0 -513.0 -441.0 -463.0 
-467.0 -403.0 -408.0 -411.0 -393.0 -389.0 -403.0 
-427.0 -440.0 -434.0 -429.0 -488.0 -523.0 -524.0 
-536.0 -532.0 -590.0 -609.0 -617.0 -645.0 -638.0 
-672.0 -670.0 -679.0 -680.0 -704.0 -722.0 -667.0 
-749.0 -770.0 -739.0 -771.0 -785.0 -789.0 -698.0 
-712.0 -768.0 -719.0 -706.0 -683.0 -626.0 -589.0 
-579.0 -585.0 -603.0 -585.0 -505.0 -459.0 -473.0 
-481.0 -478.0 -485.0 -465.0 -435.0 -494.0 -517.0 
-490.0 -540.0 -549.0 -511.0 -553.0 -602.0 -602.0 
-617.0 -590.0 -600.0 -646.0 -631.0 -645.0 -690.0 
-714.0 -702.0 -688.0 -687.0 -727.0 -730.0 -724.0 
-750.0 -708.0 -693.0 -691.0 -688.0 -663.0 -618.0 
-581.0 -507.0 -497.0 -506.0 -460.0 -423.0 -419.0 
-387.0 -385.0 -434.0 -388.0 -349.0 -426.0 -446.0 
-422.0 -451.0 -460.0 -466.0 -471.0 -462.0 -493.0 
-533.0 -535.0 -519.0 -543.0 -556.0 -529.0 -530.0 
-580.0 -628.0 -566.0 -569.0 -591.0 -547.0 -616.0 
-628.0 -649.0 -697.0 -680.0 -689.0 -680.0 -715.0 
-688.0 -693.0 -760.0 -726.0 -749.0 -726.0 -658.0 
-684.0 -729.0 -692.0 -643.0 -654.0 -640.0 -605.0 
-584.0 -561.0 -511.0 -491.0 -494.0 -515.0 -482.0 
-442.0 -470.0 -407.0 -388.0 -407.0 -374.0 -391.0 
-395.0 -363.0 -347.0 -324.0 -299.0 -329.0 -343.0 
-340.0 -349.0 -330.0 -338.0 -346.0 -393.0 -461.0 
-423.0 -393.0 -430.0 -478.0 -488.0 -495.0 -536.0 
-533.0 -529.0 -567.0 -599.0 -618.0 -621.0 -627.0 
-639.0 -638.0 -661.0 -678.0 -663.0 -666.0 -659.0 
-676.0 -670.0 -654.0 -696.0 -679.0 -648.0 -662.0 
-674.0 -674.0 -658.0 -632.0 -619.0 -604.0 -593.0 
-609.0 -570.0 -516.0 -542.0 -559.0 -514.0 -495.0 
-516.0 -528.0 -537.0 -537.0 -506.0 -541.0 -566.0 
-560.0 -595.0 -587.0 -613.0 -631.0 -635.0 -619.0 
-562.0 -599.0 -621.0 -565.0 -548.0 -534.0 -493.0 
-460.0 -425.0 -451.0 -455.0 -391.0 -375.0 -400.0 
-417.0 -429.0 -484.0 -482.0 -477.0 -475.0 -474.0 
-546.0 -517.0 -561.0 -561.0 -546.0 -613.0 -529.0 
-532.0 -493.0 -491.0 -474.0 -411.0 -511.0 -434.0 
-442.0 -468.0 -380.0 -414.0 -427.0 -443.0 -419.0 
-417.0 -437.0 -457.0 -502.0 -483.0 -507.0 -515.0 
-544.0 -610.0 -589.0 -611.0 -666.0 -700.0 -699.0 
-661.0 -714.0 -767.0 -766.0 -771.0 -744.0 -749.0 
-743.0 -760.0 -861.0 -814.0 -742.0 -818.0 -815.0 
-820.0 -913.0 -890.0 -894.0 -935.0 -877.0 -895.0 
-871.0 -834.0 -901.0 -824.0 -748.0 -767.0 -750.0 
-709.0 -722.0 -695.0 -616.0 -665.0 -639.0 -590.0 
-557.0 -455.0 -482.0 -477.0 -409.0 -382.0 -335.0 
-288.0 -268.0 -289.0 -257.0 -222.0 -215.0 -197.0 
-221.0 -198.0 -228.0 -292.0 -268.0 -307.0 -334.0 
-302.0 -368.0 -454.0 -473.0 -487.0 -479.0 -500.0 
-553.0 -614.0 -651.0 -645.0 -673.0 -709.0 -713.0 
-674.0 -688.0 -705.0 -653.0 -647.0 -657.0 -655.0 
-648.0 -652.0 -653.0 -618.0 -633.0 -642.0 -662.0 
-737.0 -729.0 -731.0 -782.0 -784.0 -806.0 -828.0 
-793.0 -786.0 -810.0 -799.0 -785.0 -787.0 -749.0 
-728.0 -724.0 -672.0 -638.0 -630.0 -628.0 -553.0 
-490.0 -517.0 -507.0 -476.0 -453.0 -447.0 -442.0 
-461.0 -479.0 -493.0 -516.0 -521.0 -554.0 -586.0 
-596.0 -605.0 -601.0 -590.0 -600.0 -576.0 -582.0 
-557.0 -444.0 -473.0 -471.0 -426.0 -433.0 -376.0 
-370.0 -373.0 -356.0 -364.0 -372.0 -386.0 -406.0 
-427.0 -393.0 -402.0 -451.0 -422.0 -477.0 -499.0 
-449.0 -486.0 -471.0 -484.0 -523.0 -525.0 -499.0 
-464.0 -498.0 -484.0 -502.0 -539.0 -528.0 -561.0 
-546.0 -552.0 -588.0 -592.0 -670.0 -686.0 -664.0 
-722.0 -737.0 -744.0 -793.0 -812.0 -829.0 -858.0 
-865.0 -852.0 -797.0 -801.0 -799.0 -757.0 -775.0 
-743.0 -716.0 -690.0 -623.0 -593.0 -576.0 -591.0 
-569.0 -465.0 -455.0 -490.0 -443.0 -373.0 -348.0 
-371.0 -352.0 -340.0 -309.0 -297.0 -362.0 -353.0 
-335.0 -359.0 -380.0 -413.0 -435.0 -452.0 -461.0 
-482.0 -517.0 -495.0 -514.0 -552.0 -551.0 -584.0 
-564.0 -536.0 -551.0 -576.0 -624.0 -611.0 -580.0 
-580.0 -592.0 -597.0 -588.0 -591.0 -582.0 -570.0 
-561.0 -577.0 -568.0 -556.0 -544.0 -501.0 -500.0 
-546.0 -574.0 -521.0 -535.0 -540.0 -498.0 -544.0 
-572.0 -567.0 -591.0 -572.0 -544.0 -585.0 -575.0 
-616.0 -642.0 -659.0 -684.0 -649.0 -680.0 -652.0 
-721.0 -783.0 -725.0 -719.0 -779.0 -817.0 -752.0 
-822.0 -845.0 -777.0 -773.0 -746.0 -763.0 -733.0 
-697.0 -706.0 -644.0 -587.0 -582.0 -507.0 -437.0 
-446.0 -421.0 -372.0 -323.0 -304.0 -289.0 -214.0 
-196.0 -223.0 -224.0 -249.0 -219.0 -208.0 -203.0 
-214.0 -318.0 -302.0 -303.0 -367.0 -364.0 -392.0 
-422.0 -462.0 -512.0 -539.0 -561.0 -565.0 -599.0 
-647.0 -635.0 -655.0 -692.0 -686.0 -710.0 -643.0 
-618.0 -709.0 -688.0 -654.0 -638.0 -590.0 -550.0 
-560.0 -575.0 -537.0 -520.0 -525.0 -515.0 -484.0 
-530.0 -575.0 -590.0 -620.0 -635.0 -675.0 -651.0 
-715.0 -780.0 -765.0 -816.0 -808.0 -826.0 -880.0 
-880.0 -858.0 -858.0 -857.0 -855.0 -853.0 -825.0 
-825.0 -786.0 -753.0 -755.0 -723.0 -712.0 -691.0 
-642.0 -576.0 -537.0 -577.0 -573.0 -509.0 -452.0 
-429.0 -438.0 -420.0 -422.0 -430.0 -406.0 -409.0 
-418.0 -410.0 -419.0 -429.0 -419.0 -427.0 -417.0 
-416.0 -451.0 -450.0 -438.0 -439.0 -450.0 -485.0 
-543.0 -523.0 -454.0 -464.0 -472.0 -468.0 -494.0 
-496.0 -491.0 -497.0 -467.0 -432.0 -439.0 -487.0 
-535.0 -547.0 -535.0 -494.0 -517.0 -543.0 -528.0 
-592.0 -564.0 -500.0 -558.0 -588.0 -589.0 -565.0 
-601.0 -676.0 -677.0 -685.0 -733.0 -824.0 -806.0 
-821.0 -921.0 -913.0 -943.0 -941.0 -943.0 -964.0 
-963.0 -998.0 -963.0 -941.0 -919.0 -916.0 -863.0 
-812.0 -865.0 -818.0 -757.0 -705.0 -637.0 -592.0 
-553.0 -512.0 -457.0 -384.0 -299.0 -223.0 -156.0 
-128.0 -103.0 -48.0 -31.0 -50.0 12.0 17.0 
-29.0 0.0 -65.0 -97.0 -106.0 -172.0 -193.0 
-289.0 -314.0 -296.0 -397.0 -461.0 -487.0 -541.0 
-556.0 -566.0 -631.0 -626.0 -674.0 -754.0 -737.0 
-718.0 -702.0 -718.0 -684.0 -693.0 -699.0 -656.0 
-679.0 -654.0 -629.0 -617.0 -613.0 -605.0 -595.0 
-619.0 -587.0 -597.0 -667.0 -666.0 -646.0 -650.0 
-644.0 -663.0 -679.0 -670.0 -653.0 -606.0 -655.0 
-661.0 -562.0 -590.0 -586.0 -549.0 -588.0 -565.0 
-542.0 -577.0 -550.0 -537.0 -544.0 -526.0 -555.0 
-539.0 -489.0 -425.0 -434.0 -459.0 -423.0 -442.0 
-419.0 -379.0 -377.0 -389.0 -410.0 -442.0 -455.0 
-427.0 -427.0 -459.0 -515.0 -521.0 -517.0 -552.0 
-541.0 -552.0 -584.0 -597.0 -635.0 -673.0 -668.0 
-668.0 -686.0 -687.0 -745.0 -750.0 -738.0 -749.0 
-698.0 -720.0 -690.0 -699.0 -730.0 -629.0 -618.0 
-612.0 -591.0 -596.0 -569.0 -566.0 -555.0 -525.0 
-477.0 -481.0 -512.0 -495.0 -508.0 -507.0 -506.0 
-488.0 -485.0 -542.0 -579.0 -583.0 -543.0 -562.0 
-570.0 -526.0 -587.0 -638.0 -619.0 -661.0 -639.0 
-600.0 -633.0 -673.0 -706.0 -669.0 -682.0 -687.0 
-667.0 -637.0 -641.0 -676.0 -623.0 -645.0 -680.0 
-639.0 -570.0 -579.0 -623.0 -572.0 -589.0 -596.0 
-575.0 -580.0 -519.0 -478.0 -463.0 -475.0 -501.0 
-479.0 -451.0 -404.0 -375.0 -428.0 -460.0 -443.0 
-438.0 -452.0 -461.0 -481.0 -489.0 -451.0 -453.0 
-457.0 -420.0 -437.0 -430.0 -356.0 -362.0 -372.0 
-338.0 -344.0 -357.0 -383.0 -429.0 -457.0 -453.0 
-495.0 -541.0 -575.0 -644.0 -639.0 -656.0 -735.0 
-748.0 -805.0 -852.0 -831.0 -869.0 -876.0 -918.0 
-980.0 -951.0 -981.0 -977.0 -918.0 -916.0 -906.0 
-916.0 -906.0 -878.0 -881.0 -802.0 -727.0 -726.0 
-730.0 -730.0 -694.0 -622.0 -551.0 -521.0 -484.0 
-410.0 -373.0 -366.0 -345.0 -283.0 -201.0 -189.0 
-180.0 -142.0 -151.0 -150.0 -161.0 -168.0 -138.0 
-136.0 -176.0 -218.0 -268.0 -311.0 -297.0 -340.0 
-361.0 -367.0 -487.0 -557.0 -594.0 -656.0 -722.0 
-768.0 -771.0 -826.0 -874.0 -861.0 -881.0 -887.0 
-851.0 -805.0 -771.0 -748.0 -718.0 -731.0 -696.0 
-631.0 -619.0 -623.0 -627.0 -613.0 -632.0 -608.0 
-594.0 -633.0 -630.0 -649.0 -644.0 -646.0 -687.0 
-659.0 -623.0 -651.0 -688.0 -703.0 -702.0 -661.0 
-625.0 -594.0 -555.0 -596.0 -580.0 -526.0 -554.0 
-504.0 -449.0 -448.0 -440.0 -427.0 -448.0 -487.0 
-455.0 -463.0 -441.0 -416.0 -502.0 -481.0 -461.0 
-522.0 -503.0 -469.0 -486.0 -501.0 -534.0 -542.0 
-511.0 -531.0 -544.0 -570.0 -575.0 -541.0 -567.0 
-579.0 -560.0 -528.0 -486.0 -477.0 -507.0 -479.0 
-460.0 -504.0 -455.0 -451.0 -500.0 -507.0 -542.0 
-559.0 -598.0 -601.0 -582.0 -605.0 -611.0 -651.0 
-664.0 -684.0 -732.0 -718.0 -721.0 -748.0 -789.0 
-784.0 -773.0 -797.0 -767.0 -728.0 -744.0 -804.0 
-741.0 -675.0 -693.0 -641.0 -607.0 -581.0 -571.0 
-533.0 -507.0 -526.0 -447.0 -401.0 -381.0 -373.0 
-345.0 -326.0 -334.0 -282.0 -333.0 -319.0 -274.0 
-293.0 -291.0 -364.0 -395.0 -436.0 -465.0 -441.0 
-515.0 -574.0 -576.0 -640.0 -680.0 -628.0 -604.0 
-629.0 -645.0 -624.0 -606.0 -596.0 -572.0 -542.0 
-528.0 -565.0 -546.0 -536.0 -547.0 -514.0 -501.0 
-519.0 -520.0 -480.0 -551.0 -578.0 -524.0 -555.0 
-545.0 -543.0 -603.0 -625.0 -640.0 -687.0 -657.0 
-611.0 -636.0 -663.0 -710.0 -714.0 -686.0 -692.0 
-680.0 -692.0 -687.0 -647.0 -631.0 -583.0 -549.0 
-511.0 -490.0 -474.0 -402.0 -358.0 -326.0 -334.0 
-321.0 -275.0 -299.0 -349.0 -358.0 -340.0 -394.0 
-435.0 -416.0 -462.0 -516.0 -571.0 -605.0 -611.0 
-635.0 -638.0 -682.0 -698.0 -715.0 -770.0 -760.0 
-753.0 -745.0 -746.0 -774.0 -798.0 -797.0 -772.0 
-738.0 -706.0 -732.0 -702.0 -629.0 -638.0 -572.0 
-477.0 -455.0 -448.0 -438.0 -397.0 -377.0 -347.0 
-318.0 -348.0 -391.0 -413.0 -416.0 -456.0 -503.0 
-500.0 -523.0 -582.0 -623.0 -678.0 -727.0 -763.0 
-805.0 -796.0 -807.0 -896.0 -903.0 -895.0 -964.0 
-946.0 -914.0 -921.0 -922.0 -905.0 -866.0 -851.0 
-790.0 -764.0 -736.0 -690.0 -682.0 -586.0 -538.0 
-493.0 -416.0 -388.0 -344.0 -321.0 -256.0 -247.0 
-270.0 -213.0 -222.0 -222.0 -188.0 -245.0 -273.0 
-271.0 -316.0 -316.0 -303.0 -338.0 -382.0 -435.0 
-489.0 -508.0 -510.0 -529.0 -545.0 -560.0 -596.0 
-649.0 -661.0 -631.0 -648.0 -670.0 -686.0 -712.0 
-723.0 -729.0 -711.0 -756.0 -778.0 -747.0 -789.0 
-798.0 -780.0 -781.0 -800.0 -794.0 -751.0 -752.0 
-750.0 -740.0 -706.0 -684.0 -653.0 -604.0 -605.0 
-597.0 -552.0 -551.0 -555.0 -478.0 -494.0 -521.0 
-437.0 -453.0 -496.0 -442.0 -418.0 -430.0 -421.0 
-426.0 -433.0 -410.0 -424.0 -429.0 -372.0 -433.0 
-462.0 -400.0 -452.0 -430.0 -371.0 -384.0 -395.0 
-404.0 -399.0 -419.0 -401.0 -370.0 -356.0 -343.0 
-376.0 -368.0 -361.0 -377.0 -369.0 -367.0 -356.0 
-344.0 -336.0 -389.0 -400.0 -394.0 -459.0 -471.0 
-527.0 -548.0 -579.0 -660.0 -665.0 -721.0 -778.0 
-791.0 -823.0 -865.0 -904.0 -901.0 -879.0 -950.0 
-949.0 -873.0 -876.0 -824.0 -772.0 -797.0 -817.0 
-713.0 -646.0 -699.0 -649.0 -596.0 -610.0 -608.0 
-564.0 -520.0 -525.0 -525.0 -490.0 -506.0 -526.0 
-477.0 -468.0 -422.0 -432.0 -448.0 -429.0 -441.0 
-350.0 -360.0 -365.0 -347.0 -351.0 -365.0 -372.0 
-324.0 -363.0 -345.0 -372.0 -394.0 -395.0 -448.0 
-418.0 -450.0 -493.0 -520.0 -543.0 -575.0 -618.0 
-610.0 -673.0 -729.0 -733.0 -761.0 -764.0 -754.0 
-808.0 -808.0 -764.0 -796.0 -725.0 -734.0 -737.0 
-607.0 -654.0 -641.0 -571.0 -583.0 -586.0 -562.0 
-548.0 -584.0 -570.0 -570.0 -566.0 -574.0 -589.0 
-564.0 -562.0 -567.0 -579.0 -573.0 -569.0 -547.0 
-552.0 -549.0 -515.0 -545.0 -538.0 -548.0 -563.0 
-532.0 -515.0 -551.0 -531.0 -467.0 -515.0 -465.0 
-477.0 -517.0 -413.0 -441.0 -458.0 -432.0 -430.0 
-420.0 -453.0 -482.0 -493.0 -494.0 -509.0 -533.0 
-547.0 -510.0 -522.0 -569.0 -555.0 -544.0 -508.0 
-529.0 -525.0 -459.0 -505.0 -511.0 -468.0 -507.0 
-516.0 -482.0 -518.0 -491.0 -487.0 -563.0 -532.0 
-522.0 -519.0 -510.0 -523.0 -551.0 -586.0 -587.0 
-612.0 -650.0 -668.0 -641.0 -691.0 -741.0 -763.0 
-777.0 -722.0 -745.0 -775.0 -758.0 -766.0 -771.0 
-736.0 -702.0 -711.0 -694.0 -665.0 -658.0 -642.0 
-610.0 -571.0 -599.0 -593.0 -551.0 -602.0 -565.0 
-543.0 -579.0 -544.0 -566.0 -592.0 -615.0 -611.0 
-578.0 -576.0 -558.0 -535.0 -565.0 -589.0 -515.0 
-535.0 -571.0 -473.0 -437.0 -451.0 -402.0 -366.0 
-410.0 -401.0 -315.0 -310.0 -345.0 -326.0 -356.0 
-419.0 -439.0 -431.0 -437.0 -520.0 -574.0 -602.0 
-607.0 -632.0 -686.0 -714.0 -729.0 -716.0 -792.0 
-746.0 -741.0 -822.0 -727.0 -718.0 -768.0 -770.0 
-704.0 -721.0 -763.0 -702.0 -700.0 -692.0 -749.0 
-758.0 -733.0 -775.0 -726.0 -732.0 -756.0 -740.0 
-722.0 -684.0 -691.0 -657.0 -609.0 -618.0 -600.0 
-567.0 -537.0 -488.0 -435.0 -376.0 -375.0 -389.0 
-344.0 -289.0 -262.0 -283.0 -269.0 -254.0 -319.0 
-356.0 -297.0 -303.0 -440.0 -450.0 -424.0 -523.0 
-557.0 -554.0 -548.0 -584.0 -661.0 -664.0 -658.0 
-728.0 -757.0 -709.0 -740.0 -763.0 -762.0 -770.0 
-757.0 -770.0 -745.0 -726.0 -737.0 -749.0 -698.0 
-664.0 -682.0 -586.0 -514.0 -508.0 -509.0 -485.0 
-418.0 -390.0 -351.0 -308.0 -313.0 -321.0 -290.0 
-260.0 -267.0 -244.0 -210.0 -240.0 -275.0 -287.0 
-271.0 -274.0 -289.0 -302.0 -364.0 -399.0 -432.0 
-459.0 -451.0 -494.0 -564.0 -599.0 -602.0 -590.0 
-654.0 -733.0 -705.0 -702.0 -708.0 -684.0 -709.0 
-705.0 -710.0 -709.0 -682.0 -695.0 -655.0 -639.0 
-705.0 -725.0 -724.0 -740.0 -717.0 -716.0 -741.0 
-728.0 -736.0 -753.0 -745.0 -730.0 -767.0 -788.0 
-765.0 -769.0 -735.0 -699.0 -705.0 -712.0 -693.0 
-655.0 -640.0 -595.0 -545.0 -528.0 -489.0 -494.0 
-473.0 -405.0 -420.0 -415.0 -409.0 -422.0 -385.0 
-408.0 -412.0 -353.0 -363.0 -373.0 -376.0 -412.0 
-406.0 -382.0 -422.0 -441.0 -432.0 -462.0 -434.0 
-470.0 -513.0 -495.0 -514.0 -534.0 -590.0 -616.0 
-645.0 -635.0 -637.0 -665.0 -663.0 -705.0 -708.0 
-779.0 -786.0 -725.0 -735.0 -764.0 -788.0 -785.0 
-821.0 -826.0 -789.0 -708.0 -709.0 -726.0 -669.0 
-657.0 -636.0 -596.0 -563.0 -560.0 -534.0 -483.0 
-473.0 -498.0 -479.0 -402.0 -387.0 -406.0 -368.0 
-403.0 -417.0 -324.0 -337.0 -344.0 -338.0 -340.0 
-334.0 -344.0 -331.0 -375.0 -322.0 -316.0 -393.0 
-389.0 -412.0 -458.0 -461.0 -424.0 -475.0 -525.0 
-526.0 -511.0 -501.0 -543.0 -511.0 -505.0 -544.0 
-568.0 -592.0 -571.0 -583.0 -594.0 -604.0 -592.0 
-598.0 -637.0 -638.0 -639.0 -621.0 -640.0 -607.0 
-586.0 -616.0 -588.0 -635.0 -682.0 -584.0 -576.0 
-639.0 -613.0 -642.0 -659.0 -628.0 -619.0 -632.0 
-645.0 -649.0 -648.0 -628.0 -624.0 -601.0 -602.0 
-607.0 -634.0 -692.0 -648.0 -646.0 -683.0 -671.0 
-690.0 -705.0 -734.0 -722.0 -688.0 -732.0 -735.0 
-718.0 -742.0 -727.0 -727.0 -716.0 -692.0 -700.0 
-662.0 -636.0 -640.0 -605.0 -557.0 -563.0 -516.0 
-485.0 -500.0 -425.0 -427.0 -404.0 -375.0 -395.0 
-328.0 -274.0 -292.0 -313.0 -251.0 -268.0 -280.0 
-300.0 -356.0 -327.0 -405.0 -411.0 -450.0 -568.0 
-545.0 -524.0 -573.0 -612.0 -630.0 -669.0 -635.0 
-641.0 -692.0 -692.0 -684.0 -677.0 -671.0 -649.0 
-731.0 -759.0 -664.0 -665.0 -687.0 -674.0 -631.0 
-583.0 -613.0 -585.0 -544.0 -576.0 -542.0 -533.0 
-584.0 -575.0 -544.0 -524.0 -575.0 -623.0 -607.0 
-610.0 -633.0 -665.0 -683.0 -698.0 -722.0 -723.0 
-713.0 -744.0 -756.0 -698.0 -678.0 -708.0 -717.0 
-693.0 -648.0 -611.0 -620.0 -600.0 -520.0 -480.0 
-456.0 -436.0 -422.0 -400.0 -355.0 -307.0 -296.0 
-269.0 -227.0 -201.0 -251.0 -256.0 -250.0 -279.0 
-225.0 -247.0 -283.0 -324.0 -370.0 -336.0 -369.0 
-414.0 -421.0 -473.0 -490.0 -531.0 -641.0 -657.0 
-634.0 -678.0 -706.0 -765.0 -835.0 -802.0 -829.0 
-885.0 -867.0 -880.0 -895.0 -915.0 -918.0 -890.0 
-901.0 -842.0 -820.0 -885.0 -880.0 -815.0 -796.0 
-793.0 -689.0 -733.0 -777.0 -681.0 -648.0 -641.0 
-656.0 -572.0 -539.0 -556.0 -517.0 -484.0 -447.0 
-439.0 -397.0 -394.0 -365.0 -336.0 -341.0 -312.0 
-326.0 -276.0 -229.0 -246.0 -241.0 -243.0 -270.0 
-294.0 -279.0 -306.0 -318.0 -313.0 -342.0 -377.0 
-439.0 -409.0 -401.0 -484.0 -508.0 -512.0 -557.0 
-588.0 -561.0 -617.0 -711.0 -744.0 -757.0 -753.0 
-761.0 -753.0 -765.0 -763.0 -727.0 -718.0 -694.0 
-691.0 -647.0 -577.0 -543.0 -548.0 -575.0 -532.0 
-530.0 -525.0 -508.0 -552.0 -579.0 -610.0 -611.0 
-641.0 -627.0 -597.0 -676.0 -694.0 -692.0 -722.0 
-714.0 -664.0 -663.0 -701.0 -678.0 -666.0 -688.0 
-684.0 -634.0 -606.0 -590.0 -560.0 -602.0 -603.0 
-545.0 -551.0 -538.0 -490.0 -487.0 -555.0 -568.0 
-524.0 -532.0 -507.0 -478.0 -481.0 -506.0 -526.0 
-502.0 -513.0 -482.0 -437.0 -487.0 -484.0 -469.0 
-481.0 -453.0 -459.0 -443.0 -424.0 -454.0 -473.0 
-442.0 -424.0 -451.0 -442.0 -438.0 -438.0 -493.0 
-505.0 -475.0 -561.0 -571.0 -557.0 -567.0 -579.0 
-614.0 -643.0 -720.0 -735.0 -745.0 -754.0 -719.0 
-739.0 -782.0 -790.0 -814.0 -849.0 -789.0 -730.0 
-731.0 -756.0 -755.0 -757.0 -758.0 -695.0 -697.0 
-727.0 -672.0 -641.0 -686.0 -643.0 -585.0 -604.0 
-608.0 -587.0 -552.0 -568.0 -561.0 -530.0 -551.0 
-536.0 -535.0 -559.0 -496.0 -482.0 -493.0 -463.0 
-478.0 -472.0 -449.0 -407.0 -409.0 -429.0 -379.0 
-389.0 -390.0 -342.0 -352.0 -394.0 -356.0 -293.0 
-342.0 -367.0 -339.0 -364.0 -391.0 -390.0 -389.0 
-410.0 -408.0 -421.0 -479.0 -520.0 -583.0 -576.0 
-569.0 -645.0 -671.0 -720.0 -731.0 -758.0 -832.0 
-828.0 -843.0 -842.0 -870.0 -935.0 -924.0 -894.0 
-826.0 -807.0 -841.0 -783.0 -778.0 -772.0 -701.0 
-648.0 -589.0 -617.0 -588.0 -500.0 -526.0 -522.0 
-452.0 -424.0 -448.0 -442.0 -431.0 -426.0 -410.0 
-444.0 -444.0 -464.0 -481.0 -460.0 -516.0 -559.0 
-536.0 -507.0 -532.0 -521.0 -507.0 -482.0 -438.0 
-480.0 -404.0 -337.0 -334.0 -307.0 -315.0 -278.0 
-270.0 -211.0 -207.0 -243.0 -275.0 -310.0 -241.0 
-311.0 -335.0 -299.0 -357.0 -397.0 -463.0 -497.0 
-505.0 -518.0 -506.0 -589.0 -659.0 -665.0 -721.0 
-704.0 -738.0 -810.0 -809.0 -828.0 -851.0 -880.0 
-902.0 -883.0 -860.0 -857.0 -834.0 -845.0 -813.0 
-725.0 -721.0 -740.0 -718.0 -674.0 -695.0 -651.0 
-585.0 -631.0 -627.0 -595.0 -589.0 -577.0 -503.0 
-512.0 -568.0 -525.0 -526.0 -540.0 -570.0 -541.0 
-515.0 -554.0 -595.0 -631.0 -579.0 -589.0 -625.0 
-616.0 -641.0 -629.0 -578.0 -580.0 -625.0 -646.0 
-606.0 -578.0 -590.0 -580.0 -569.0 -536.0 -549.0 
-568.0 -495.0 -471.0 -492.0 -459.0 -436.0 -445.0 
-442.0 -401.0 -373.0 -386.0 -367.0 -339.0 -359.0 
-353.0 -345.0 -359.0 -326.0 -327.0 -349.0 -403.0 
-399.0 -399.0 -506.0 -476.0 -483.0 -545.0 -541.0 
-642.0 -701.0 -700.0 -725.0 -743.0 -793.0 -816.0 
-796.0 -788.0 -756.0 -732.0 -752.0 -743.0 -712.0 
-686.0 -676.0 -647.0 -604.0 -559.0 -542.0 -559.0 
-498.0 -482.0 -491.0 -428.0 -427.0 -474.0 -479.0 
-481.0 -503.0 -512.0 -532.0 -525.0 -539.0 -576.0 
-610.0 -681.0 -642.0 -608.0 -656.0 -682.0 -687.0 
-658.0 -654.0 -651.0 -636.0 -637.0 -604.0 -555.0 
-557.0 -554.0 -537.0 -502.0 -459.0 -462.0 -437.0 
-456.0 -489.0 -459.0 -442.0 -449.0 -507.0 -485.0 
-459.0 -515.0 -521.0 -535.0 -508.0 -558.0 -613.0 
-566.0 -629.0 -678.0 -632.0 -648.0 -705.0 -700.0 
-713.0 -756.0 -765.0 -744.0 -719.0 -694.0 -660.0 
-700.0 -738.0 -673.0 -628.0 -646.0 -597.0 -587.0 
-600.0 -557.0 -550.0 -503.0 -515.0 -509.0 -441.0 
-454.0 -441.0 -431.0 -416.0 -363.0 -378.0 -400.0 
-348.0 -350.0 -371.0 -317.0 -340.0 -358.0 -361.0 
-404.0 -389.0 -394.0 -413.0 -483.0 -516.0 -526.0 
-562.0 -534.0 -602.0 -613.0 -615.0 -673.0 -646.0 
-683.0 -620.0 -589.0 -661.0 -660.0 -702.0 -653.0 
-651.0 -685.0 -604.0 -628.0 -644.0 -611.0 -640.0 
-693.0 -677.0 -636.0 -648.0 -621.0 -680.0 -709.0 
-670.0 -700.0 -672.0 -680.0 -667.0 -655.0 -666.0 
-663.0 -629.0 -579.0 -630.0 -608.0 -561.0 -521.0 
-518.0 -518.0 -467.0 -511.0 -516.0 -505.0 -507.0 
-485.0 -456.0 -459.0 -519.0 -532.0 -509.0 -568.0 
-620.0 -608.0 -622.0 -611.0 -623.0 -638.0 -649.0 
-664.0 -674.0 -691.0 -625.0 -571.0 -550.0 -515.0 
-537.0 -500.0 -426.0 -433.0 -444.0 -396.0 -323.0 
-358.0 -368.0 -343.0 -362.0 -361.0 -385.0 -370.0 
-387.0 -414.0 -385.0 -415.0 -475.0 -473.0 -436.0 
-463.0 -489.0 -486.0 -576.0 -595.0 -564.0 -624.0 
-645.0 -644.0 -653.0 -698.0 -738.0 -725.0 -711.0 
-722.0 -710.0 -738.0 -759.0 -694.0 -719.0 -709.0 
-666.0 -661.0 -652.0 -697.0 -672.0 -651.0 -671.0 
-662.0 -666.0 -641.0 -653.0 -690.0 -713.0 -708.0 
-680.0 -706.0 -716.0 -732.0 -728.0 -700.0 -739.0 
-746.0 -697.0 -688.0 -709.0 -679.0 -661.0 -665.0 
-607.0 -588.0 -570.0 -507.0 -466.0 -428.0 -396.0 
-382.0 -347.0 -296.0 -307.0 -278.0 -236.0 -209.0 
-211.0 -284.0 -240.0 -244.0 -284.0 -242.0 -274.0 
-325.0 -320.0 -299.0 -348.0 -390.0 -397.0 -416.0 
-431.0 -439.0 -440.0 -477.0 -500.0 -520.0 -586.0 
-593.0 -585.0 -649.0 -604.0 -553.0 -647.0 -697.0 
-714.0 -727.0 -730.0 -749.0 -759.0 -794.0 -818.0 
-820.0 -895.0 -934.0 -884.0 -876.0 -914.0 -915.0 
-875.0 -866.0 -831.0 -774.0 -746.0 -691.0 -638.0 
-647.0 -625.0 -559.0 -538.0 -472.0 -404.0 -406.0 
-377.0 -338.0 -339.0 -268.0 -217.0 -224.0 -196.0 
-221.0 -223.0 -222.0 -174.0 -157.0 -236.0 -239.0 
-247.0 -283.0 -309.0 -289.0 -311.0 -354.0 -345.0 
-390.0 -436.0 -434.0 -393.0 -470.0 -586.0 -567.0 
-580.0 -629.0 -623.0 -602.0 -634.0 -727.0 -722.0 
-698.0 -765.0 -769.0 -811.0 -828.0 -797.0 -877.0 
-881.0 -887.0 -976.0 -932.0 -899.0 -949.0 -951.0 
-910.0 -920.0 -927.0 -850.0 -845.0 -816.0 -809.0 
-781.0 -663.0 -693.0 -638.0 -611.0 -661.0 -562.0 
-561.0 -539.0 -493.0 -487.0 -472.0 -491.0 -431.0 
-457.0 -459.0 -427.0 -469.0 -468.0 -477.0 -455.0 
-466.0 -512.0 -515.0 -502.0 -524.0 -567.0 -566.0 
-546.0 -543.0 -577.0 -579.0 -563.0 -540.0 -531.0 
-561.0 -555.0 -541.0 -487.0 -489.0 -562.0 -507.0 
-478.0 -529.0 -494.0 -471.0 -482.0 -492.0 -514.0 
-523.0 -535.0 -518.0 -511.0 -533.0 -503.0 -491.0 
-542.0 -537.0 -503.0 -537.0 -559.0 -498.0 -539.0 
-567.0 -522.0 -605.0 -594.0 -570.0 -625.0 -635.0 
-621.0 -635.0 -709.0 -668.0 -621.0 -679.0 -720.0 
-660.0 -637.0 -716.0 -616.0 -587.0 -668.0 -584.0 
-547.0 -544.0 -545.0 -523.0 -439.0 -440.0 -451.0 
-409.0 -399.0 -378.0 -367.0 -376.0 -343.0 -304.0 
-273.0 -302.0 -288.0 -256.0 -295.0 -297.0 -300.0 
-271.0 -270.0 -294.0 -275.0 -316.0 -340.0 -363.0 
-410.0 -440.0 -482.0 -521.0 -585.0 -656.0 -696.0 
-764.0 -851.0 -900.0 -955.0 -975.0 -1023.0 -1080.0 
-1087.0 -1099.0 -1117.0 -1138.0 -1110.0 -1070.0 -1023.0 
-1016.0 -991.0 -926.0 -905.0 -830.0 -756.0 -744.0 
-694.0 -607.0 -552.0 -484.0 -466.0 -437.0 -386.0 
-390.0 -341.0 -304.0 -262.0 -286.0 -335.0 -311.0 
-307.0 -300.0 -300.0 -295.0 -318.0 -348.0 -327.0 
-359.0 -386.0 -334.0 -363.0 -445.0 -457.0 -428.0 
-432.0 -461.0 -462.0 -510.0 -563.0 -545.0 -548.0 
-584.0 -566.0 -570.0 -586.0 -574.0 -639.0 -655.0 
-628.0 -650.0 -637.0 -649.0 -658.0 -663.0 -696.0 
-662.0 -664.0 -721.0 -695.0 -674.0 -706.0 -685.0 
-667.0 -693.0 -671.0 -632.0 -615.0 -612.0 -623.0 
-586.0 -540.0 -534.0 -516.0 -503.0 -511.0 -466.0 
-446.0 -450.0 -408.0 -412.0 -395.0 -410.0 -414.0 
-397.0 -415.0 -372.0 -395.0 -433.0 -448.0 -482.0 
-503.0 -496.0 -481.0 -535.0 -575.0 -558.0 -561.0 
-592.0 -544.0 -587.0 -652.0 -601.0 -617.0 -649.0 
-662.0 -662.0 -695.0 -690.0 -704.0 -722.0 -704.0 
-759.0 -719.0 -731.0 -776.0 -725.0 -754.0 -735.0 
-702.0 -724.0 -745.0 -722.0 -620.0 -636.0 -645.0 
-561.0 -510.0 -515.0 -518.0 -485.0 -506.0 -466.0 
-461.0 -507.0 -452.0 -428.0 -439.0 -461.0 -499.0 
-491.0 -481.0 -487.0 -491.0 -483.0 -481.0 -519.0 
-526.0 -538.0 -550.0 -546.0 -530.0 -493.0 -550.0 
-538.0 -500.0 -539.0 -519.0 -545.0 -518.0 -514.0 
-558.0 -513.0 -518.0 -512.0 -530.0 -526.0 -493.0 
-503.0 -444.0 -422.0 -410.0 -412.0 -424.0 -380.0 
-390.0 -407.0 -409.0 -430.0 -471.0 -481.0 -486.0 
-538.0 -556.0 -599.0 -668.0 -709.0 -687.0 -658.0 
-709.0 -798.0 -819.0 -797.0 -845.0 -852.0 -858.0 
-829.0 -821.0 -874.0 -869.0 -884.0 -873.0 -864.0 
-818.0 -775.0 -768.0 -730.0 -708.0 -678.0 -612.0 
-540.0 -550.0 -486.0 -399.0 -412.0 -352.0 -305.0 
-313.0 -304.0 -261.0 -245.0 -294.0 -243.0 -186.0 
-221.0 -228.0 -226.0 -257.0 -290.0 -256.0 -278.0 
-351.0 -320.0 -368.0 -467.0 -469.0 -514.0 -536.0 
-532.0 -571.0 -599.0 -677.0 -696.0 -691.0 -682.0 
-692.0 -736.0 -693.0 -693.0 -666.0 -659.0 -643.0 
-619.0 -644.0 -605.0 -627.0 -574.0 -523.0 -533.0 
-526.0 -567.0 -528.0 -539.0 -603.0 -560.0 -541.0 
-603.0 -646.0 -651.0 -695.0 -738.0 -731.0 -746.0 
-760.0 -816.0 -868.0 -853.0 -889.0 -866.0 -785.0 
-783.0 -802.0 -745.0 -719.0 -688.0 -616.0 -598.0 
-539.0 -544.0 -533.0 -447.0 -411.0 -375.0 -399.0 
-412.0 -380.0 -401.0 -392.0 -402.0 -378.0 -370.0 
-473.0 -439.0 -408.0 -448.0 -493.0 -489.0 -458.0 
-526.0 -470.0 -487.0 -542.0 -481.0 -522.0 -504.0 
-475.0 -490.0 -511.0 -532.0 -469.0 -432.0 -427.0 
-434.0 -450.0 -419.0 -406.0 -438.0 -480.0 -460.0 
-426.0 -503.0 -523.0 -482.0 -482.0 -573.0 -589.0 
-512.0 -583.0 -563.0 -599.0 -639.0 -607.0 -674.0 
-659.0 -636.0 -648.0 -697.0 -683.0 -726.0 -791.0 
-741.0 -725.0 -739.0 -791.0 -762.0 -741.0 -737.0 
-720.0 -714.0 -685.0 -732.0 -710.0 -642.0 -624.0 
-567.0 -596.0 -625.0 -545.0 -565.0 -522.0 -485.0 
-494.0 -434.0 -479.0 -479.0 -484.0 -516.0 -483.0 
-482.0 -509.0 -515.0 -522.0 -586.0 -565.0 -555.0 
-609.0 -573.0 -544.0 -575.0 -612.0 -651.0 -609.0 
-554.0 -644.0 -626.0 -531.0 -543.0 -518.0 -520.0 
-511.0 -477.0 -470.0 -461.0 -465.0 -466.0 -440.0 
-413.0 -463.0 -437.0 -382.0 -454.0 -439.0 -397.0 
-448.0 -437.0 -382.0 -386.0 -436.0 -414.0 -383.0 
-421.0 -429.0 -434.0 -457.0 -479.0 -511.0 -488.0 
-490.0 -530.0 -551.0 -601.0 -588.0 -620.0 -673.0 
-665.0 -677.0 -701.0 -751.0 -768.0 -821.0 -828.0 
-797.0 -820.0 -840.0 -874.0 -910.0 -902.0 -866.0 
-857.0 -790.0 -790.0 -810.0 -780.0 -758.0 -688.0 
-662.0 -631.0 -615.0 -630.0 -594.0 -528.0 -555.0 
-504.0 -411.0 -472.0 -436.0 -449.0 -437.0 -346.0 
-382.0 -358.0 -343.0 -368.0 -331.0 -320.0 -315.0 
-333.0 -351.0 -335.0 -363.0 -361.0 -366.0 -381.0 
-357.0 -338.0 -352.0 -409.0 -421.0 -458.0 -445.0 
-391.0 -410.0 -396.0 -432.0 -508.0 -500.0 -464.0 
-473.0 -453.0 -465.0 -539.0 -564.0 -558.0 -542.0 
-556.0 -599.0 -613.0 -635.0 -684.0 -655.0 -673.0 
-702.0 -683.0 -795.0 -771.0 -731.0 -816.0 -745.0 
-697.0 -709.0 -726.0 -771.0 -711.0 -687.0 -702.0 
-669.0 -673.0 -672.0 -687.0 -659.0 -664.0 -706.0 
-630.0 -623.0 -691.0 -684.0 -631.0 -630.0 -660.0 
-608.0 -593.0 -611.0 -616.0 -579.0 -525.0 -576.0 
-579.0 -552.0 -572.0 -549.0 -510.0 -487.0 -500.0 
-514.0 -485.0 -518.0 -520.0 -495.0 -475.0 -486.0 
-545.0 -454.0 -473.0 -506.0 -457.0 -495.0 -508.0 
-563.0 -549.0 -490.0 -528.0 -567.0 -583.0 -639.0 
-610.0 -622.0 -697.0 -658.0 -677.0 -692.0 -698.0 
-703.0 -723.0 -716.0 -641.0 -710.0 -679.0 -602.0 
-623.0 -576.0 -599.0 -564.0 -440.0 -460.0 -470.0 
-428.0 -436.0 -397.0 -367.0 -336.0 -309.0 -350.0 
-321.0 -320.0 -358.0 -310.0 -312.0 -356.0 -356.0 
-419.0 -486.0 -479.0 -523.0 -565.0 -601.0 -681.0 
-749.0 -831.0 -884.0 -842.0 -872.0 -944.0 -912.0 
-910.0 -904.0 -871.0 -833.0 -780.0 -778.0 -733.0 
-644.0 -592.0 -610.0 -584.0 -482.0 -507.0 -504.0 
-441.0 -473.0 -487.0 -437.0 -404.0 -423.0 -449.0 
-501.0 -479.0 -441.0 -507.0 -475.0 -386.0 -414.0 
-451.0 -430.0 -421.0 -388.0 -333.0 -311.0 -334.0 
-358.0 -320.0 -325.0 -385.0 -388.0 -355.0 -388.0 
-439.0 -407.0 -436.0 -507.0 -556.0 -590.0 -607.0 
-695.0 -671.0 -686.0 -798.0 -774.0 -809.0 -817.0 
-820.0 -824.0 -800.0 -858.0 -852.0 -866.0 -857.0 
-832.0 -861.0 -861.0 -880.0 -836.0 -784.0 -771.0 
-765.0 -776.0 -738.0 -688.0 -668.0 -657.0 -602.0 
-572.0 -590.0 -569.0 -580.0 -549.0 -447.0 -489.0 
-508.0 -439.0 -429.0 -393.0 -337.0 -381.0 -418.0 
-291.0 -275.0 -338.0 -351.0 -319.0 -278.0 -376.0 
-375.0 -362.0 -426.0 -390.0 -411.0 -518.0 -518.0 
-475.0 -541.0 -576.0 -599.0 -640.0 -604.0 -618.0 
-636.0 -629.0 -685.0 -694.0 -689.0 -663.0 -641.0 
-681.0 -640.0 -615.0 -647.0 -653.0 -676.0 -613.0 
-535.0 -587.0 -623.0 -605.0 -554.0 -525.0 -550.0 
-580.0 -556.0 -504.0 -535.0 -542.0 -566.0 -583.0 
-563.0 -586.0 -619.0 -629.0 -612.0 -696.0 -728.0 
-699.0 -735.0 -704.0 -691.0 -711.0 -694.0 -667.0 
-625.0 -587.0 -544.0 -501.0 -497.0 -503.0 -429.0 
-378.0 -381.0 -352.0 -358.0 -355.0 -380.0 -388.0 
-359.0 -335.0 -370.0 -443.0 -413.0 -461.0 -524.0 
-554.0 -556.0 -589.0 -637.0 -563.0 -662.0 -694.0 
-618.0 -647.0 -630.0 -655.0 -628.0 -566.0 -538.0 
-502.0 -550.0 -557.0 -489.0 -483.0 -448.0 -455.0 
-487.0 -408.0 -366.0 -382.0 -393.0 -342.0 -297.0 
-312.0 -319.0 -317.0 -326.0 -343.0 -348.0 -374.0 
-437.0 -456.0 -497.0 -621.0 -651.0 -655.0 -760.0 
-773.0 -756.0 -904.0 -954.0 -923.0 -944.0 -912.0 
-924.0 -893.0 -893.0 -933.0 -846.0 -871.0 -828.0 
-742.0 -805.0 -692.0 -615.0 -632.0 -592.0 -565.0 
-537.0 -550.0 -470.0 -409.0 -453.0 -449.0 -361.0 
-362.0 -481.0 -443.0 -425.0 -465.0 -442.0 -540.0 
-603.0 -570.0 -568.0 -583.0 -636.0 -704.0 -728.0 
-723.0 -735.0 -697.0 -704.0 -730.0 -719.0 -744.0 
-687.0 -676.0 -680.0 -607.0 -578.0 -613.0 -556.0 
-418.0 -419.0 -429.0 -402.0 -369.0 -357.0 -343.0 
-306.0 -352.0 -368.0 -339.0 -327.0 -409.0 -491.0 
-470.0 -490.0 -574.0 -587.0 -560.0 -608.0 -628.0 
-661.0 -725.0 -696.0 -656.0 -700.0 -697.0 -646.0 
-620.0 -635.0 -632.0 -531.0 -572.0 -628.0 -537.0 
-520.0 -576.0 -522.0 -418.0 -499.0 -542.0 -530.0 
-541.0 -507.0 -498.0 -515.0 -544.0 -490.0 -514.0 
-528.0 -491.0 -547.0 -558.0 -515.0 -524.0 -547.0 
-506.0 -549.0 -554.0 -561.0 -558.0 -490.0 -518.0 
-495.0 -481.0 -523.0 -518.0 -449.0 -457.0 -492.0 
-503.0 -551.0 -511.0 -540.0 -567.0 -514.0 -598.0 
-623.0 -539.0 -548.0 -575.0 -538.0 -555.0 -577.0 
-522.0 -515.0 -511.0 -492.0 -464.0 -443.0 -479.0 
-490.0 -499.0 -490.0 -448.0 -497.0 -544.0 -531.0 
-511.0 -486.0 -573.0 -607.0 -545.0 -545.0 -565.0 
-615.0 -616.0 -633.0 -657.0 -605.0 -608.0 -625.0 
-649.0 -680.0 -692.0 -703.0 -681.0 -738.0 -789.0 
-741.0 -736.0 -798.0 -792.0 -754.0 -825.0 -834.0 
-846.0 -870.0 -820.0 -824.0 -842.0 -815.0 -796.0 
-879.0 -867.0 -805.0 -819.0 -805.0 -777.0 -730.0 
-743.0 -735.0 -666.0 -666.0 -663.0 -624.0 -588.0 
-514.0 -521.0 -537.0 -451.0 -427.0 -428.0 -415.0 
-417.0 -365.0 -352.0 -338.0 -278.0 -290.0 -298.0 
-323.0 -337.0 -317.0 -326.0 -314.0 -318.0 -302.0 
-329.0 -370.0 -410.0 -429.0 -397.0 -445.0 -442.0 
-445.0 -483.0 -508.0 -498.0 -483.0 -523.0 -481.0 
-483.0 -510.0 -483.0 -519.0 -527.0 -514.0 -532.0 
-522.0 -545.0 -597.0 -629.0 -626.0 -602.0 -632.0 
-672.0 -697.0 -747.0 -755.0 -738.0 -749.0 -730.0 
-741.0 -765.0 