-915.0 -564.0 -587.0 -867.0 -1021.0 -851.0 -730.0 
-908.0 -924.0 -661.0 -729.0 -1046.0 -886.0 -491.0 
-619.0 -976.0 -782.0 -421.0 -572.0 -826.0 -526.0 
-167.0 -411.0 -780.0 -706.0 -367.0 -237.0 -505.0 
-753.0 -570.0 -437.0 -701.0 -771.0 -437.0 -475.0 
-857.0 -748.0 -454.0 -707.0 -1004.0 -833.0 -826.0 
-701.0 -636.0 -1214.0 -1143.0 -189.0 -333.0 -1337.0 
-1087.0 -148.0 -181.0 -878.0 -1056.0 -501.0 84.0 
-273.0 -992.0 -643.0 84.0 -158.0 -794.0 -866.0 
-270.0 222.0 -537.0 -1125.0 -187.0 133.0 -798.0 
-885.0 -94.0 -20.0 -500.0 -619.0 -440.0 1.0 
52.0 -541.0 -570.0 -30.0 75.0 -329.0 -648.0 
-318.0 207.0 -292.0 -1002.0 -407.0 158.0 -554.0 
-998.0 -446.0 -113.0 -532.0 -810.0 -629.0 -448.0 
-438.0 -564.0 -515.0 -403.0 -626.0 -696.0 -314.0 
-159.0 -467.0 -704.0 -665.0 -265.0 -135.0 -810.0 
-968.0 -409.0 -249.0 -646.0 -968.0 -789.0 -320.0 
-306.0 -766.0 -1052.0 -743.0 -294.0 -510.0 -921.0 
-693.0 -497.0 -697.0 -543.0 -261.0 -512.0 -805.0 
-537.0 -61.0 -314.0 -971.0 -682.0 96.0 -223.0 
-981.0 -790.0 -201.0 -185.0 -604.0 -773.0 -271.0 
13.0 -388.0 -770.0 -548.0 -77.0 -372.0 -759.0 
-440.0 -170.0 -502.0 -869.0 -464.0 -10.0 -336.0 
-757.0 -475.0 -173.0 -337.0 -438.0 -417.0 -415.0 
-159.0 -179.0 -534.0 -414.0 172.0 194.0 -534.0 
-722.0 34.0 416.0 -204.0 -659.0 -388.0 154.0 
72.0 -420.0 -462.0 -68.0 80.0 -306.0 -434.0 
-319.0 -253.0 -161.0 -336.0 -656.0 -272.0 336.0 
-138.0 -762.0 -335.0 398.0 59.0 -507.0 -166.0 
331.0 236.0 -265.0 -289.0 277.0 211.0 -553.0 
-409.0 277.0 23.0 -608.0 -442.0 -25.0 -200.0 
-544.0 -530.0 -305.0 -438.0 -513.0 -173.0 -419.0 
-780.0 -272.0 -5.0 -487.0 -730.0 -207.0 196.0 
-191.0 -597.0 -161.0 408.0 41.0 -495.0 -107.0 
373.0 -12.0 -469.0 -197.0 -38.0 -284.0 -308.0 
-437.0 -754.0 -697.0 -446.0 -366.0 -583.0 -895.0 
-764.0 -301.0 -317.0 -829.0 -984.0 -478.0 7.0 
-313.0 -877.0 -289.0 405.0 -184.0 -658.0 -75.0 
356.0 17.0 -349.0 2.0 290.0 -166.0 -266.0 
-7.0 -29.0 -72.0 -141.0 -266.0 -337.0 -417.0 
-309.0 -88.0 -457.0 -745.0 -356.0 -1.0 -234.0 
-540.0 -372.0 -99.0 -100.0 -293.0 -384.0 -237.0 
-51.0 -218.0 -549.0 -136.0 265.0 -246.0 -634.0 
-238.0 28.0 -348.0 -563.0 -224.0 93.0 -170.0 
-670.0 -429.0 156.0 92.0 -361.0 -553.0 -200.0 
435.0 290.0 -622.0 -541.0 479.0 342.0 -643.0 
-471.0 339.0 379.0 -62.0 -296.0 -88.0 141.0 
90.0 95.0 -25.0 -369.0 -119.0 519.0 59.0 
-779.0 -158.0 448.0 -127.0 -402.0 -217.0 -196.0 
-153.0 -294.0 -347.0 -217.0 -425.0 -428.0 -74.0 
-450.0 -906.0 -356.0 139.0 -314.0 -785.0 -357.0 
195.0 48.0 -341.0 -454.0 -4.0 432.0 109.0 
-238.0 9.0 231.0 289.0 35.0 -356.0 58.0 
656.0 111.0 -605.0 -131.0 576.0 422.0 -215.0 
-407.0 43.0 309.0 -54.0 -303.0 43.0 37.0 
-249.0 -308.0 -324.0 -169.0 114.0 -8.0 -462.0 
-306.0 188.0 119.0 -198.0 -317.0 -143.0 348.0 
47.0 -482.0 192.0 723.0 -116.0 -513.0 406.0 
731.0 12.0 -352.0 138.0 635.0 229.0 -285.0 
51.0 611.0 297.0 -315.0 -187.0 385.0 512.0 
-113.0 -481.0 121.0 408.0 -378.0 -749.0 23.0 
328.0 -328.0 -451.0 -220.0 -351.0 -269.0 -200.0 
-375.0 -251.0 -227.0 -267.0 101.0 30.0 -454.0 
-274.0 207.0 130.0 -176.0 -180.0 96.0 234.0 
-119.0 -206.0 235.0 238.0 -105.0 -5.0 138.0 
25.0 -67.0 -11.0 347.0 328.0 -328.0 -377.0 
395.0 388.0 -275.0 -257.0 41.0 72.0 -8.0 
-233.0 -237.0 78.0 33.0 -194.0 -26.0 32.0 
-81.0 170.0 127.0 -123.0 104.0 84.0 -223.0 
-41.0 175.0 65.0 -32.0 -112.0 -158.0 62.0 
140.0 -156.0 -324.0 -141.0 69.0 2.0 -222.0 
-138.0 100.0 58.0 -131.0 -18.0 318.0 259.0 
-131.0 -43.0 347.0 272.0 -39.0 101.0 455.0 
373.0 28.0 62.0 355.0 306.0 47.0 -12.0 
126.0 434.0 310.0 -177.0 20.0 521.0 256.0 
-262.0 -138.0 479.0 462.0 -352.0 -530.0 132.0 
354.0 -209.0 -456.0 65.0 205.0 -166.0 -193.0 
83.0 243.0 20.0 -155.0 90.0 410.0 231.0 
-79.0 54.0 179.0 127.0 10.0 -122.0 52.0 
166.0 -114.0 -260.0 -108.0 -197.0 -320.0 -74.0 
-34.0 -376.0 -585.0 -209.0 216.0 -94.0 -642.0 
-502.0 159.0 202.0 -370.0 -358.0 65.0 119.0 
-77.0 -114.0 -121.0 -150.0 -233.0 -234.0 -111.0 
-294.0 -676.0 -491.0 39.0 -147.0 -765.0 -687.0 
-64.0 34.0 -532.0 -685.0 -6.0 239.0 -439.0 
-622.0 81.0 373.0 -257.0 -647.0 -185.0 271.0 
157.0 -424.0 -661.0 -3.0 336.0 -339.0 -729.0 
-250.0 85.0 -322.0 -727.0 -232.0 186.0 -178.0 
-388.0 24.0 8.0 -546.0 -182.0 499.0 -53.0 
-539.0 15.0 180.0 -117.0 -75.0 -148.0 -358.0 
68.0 157.0 -683.0 -769.0 131.0 208.0 -713.0 
-855.0 188.0 422.0 -520.0 -702.0 168.0 484.0 
-74.0 -182.0 329.0 272.0 -147.0 -28.0 178.0 
-32.0 -89.0 37.0 -64.0 -199.0 -318.0 -380.0 
-243.0 -341.0 -470.0 -354.0 -513.0 -674.0 -435.0 
-333.0 -539.0 -629.0 -445.0 -156.0 -137.0 -458.0 
-528.0 -74.0 103.0 -299.0 -480.0 -199.0 52.0 
76.0 -207.0 -471.0 -143.0 111.0 -355.0 -465.0 
-33.0 -58.0 -289.0 -282.0 -257.0 -189.0 -183.0 
-239.0 -139.0 -95.0 -115.0 83.0 13.0 -458.0 
-396.0 23.0 -103.0 -395.0 -377.0 -424.0 -495.0 
-306.0 -208.0 -501.0 -671.0 -432.0 -134.0 100.0 
-257.0 -891.0 -228.0 651.0 11.0 -696.0 -213.0 
404.0 87.0 -593.0 -529.0 -1.0 -12.0 -506.0 
-694.0 -323.0 -119.0 -411.0 -637.0 -564.0 -203.0 
-92.0 -520.0 -622.0 -50.0 155.0 -405.0 -697.0 
-275.0 184.0 -56.0 -485.0 -326.0 1.0 -51.0 
-367.0 -310.0 41.0 -104.0 -459.0 -201.0 -47.0 
-395.0 -646.0 -309.0 102.0 -207.0 -631.0 -376.0 
116.0 -139.0 -651.0 -338.0 157.0 -187.0 -752.0 
-419.0 274.0 81.0 -647.0 -627.0 185.0 302.0 
-576.0 -526.0 371.0 317.0 -338.0 -604.0 -142.0 
643.0 373.0 -591.0 -321.0 512.0 226.0 -479.0 
-289.0 164.0 -6.0 -435.0 -419.0 -75.0 -233.0 
-500.0 -334.0 -177.0 -288.0 -343.0 -85.0 -92.0 
-455.0 -335.0 27.0 -173.0 -407.0 -254.0 -48.0 
154.0 -68.0 -320.0 -21.0 117.0 -213.0 -225.0 
-33.0 -78.0 -69.0 -127.0 -274.0 -299.0 -195.0 
-82.0 -45.0 -131.0 -467.0 -486.0 -21.0 -12.0 
-546.0 -512.0 -123.0 -283.0 -358.0 -210.0 -444.0 
-302.0 -155.0 -405.0 -203.0 -189.0 -378.0 -224.0 
-132.0 -87.0 -242.0 -434.0 -58.0 126.0 -402.0 
-689.0 -192.0 -8.0 -741.0 -734.0 219.0 0.0 
-952.0 -690.0 66.0 -130.0 -636.0 -509.0 -151.0 
-199.0 -526.0 -414.0 -78.0 -83.0 -385.0 -519.0 
-257.0 -150.0 -285.0 -412.0 -397.0 -288.0 -238.0 
-277.0 -275.0 -335.0 -342.0 -294.0 -272.0 -334.0 
-420.0 -300.0 -122.0 -62.0 -193.0 -386.0 -205.0 
-160.0 -434.0 -36.0 15.0 -722.0 -588.0 -30.0 
-198.0 -586.0 -576.0 -367.0 -350.0 -471.0 -596.0 
-355.0 -162.0 -583.0 -635.0 -189.0 -189.0 -499.0 
-576.0 -283.0 -67.0 -368.0 -611.0 -216.0 31.0 
-458.0 -641.0 -192.0 -174.0 -379.0 -429.0 -395.0 
-159.0 -18.0 -454.0 -673.0 -32.0 209.0 -442.0 
-515.0 -4.0 -71.0 -356.0 -330.0 -95.0 62.0 
-152.0 -557.0 -512.0 86.0 78.0 -705.0 -769.0 
151.0 259.0 -702.0 -842.0 -64.0 133.0 -461.0 
-854.0 -355.0 109.0 -353.0 -720.0 -369.0 25.0 
64.0 -282.0 -604.0 -76.0 512.0 -23.0 -474.0 
-68.0 130.0 -103.0 -91.0 -164.0 -381.0 -172.0 
-124.0 -516.0 -528.0 -308.0 -379.0 -373.0 -562.0 
-866.0 -454.0 -200.0 -720.0 -853.0 -431.0 -366.0 
-632.0 -582.0 -477.0 -555.0 -398.0 -319.0 -426.0 
-384.0 -526.0 -287.0 177.0 -453.0 -950.0 -74.0 
344.0 -421.0 -701.0 -147.0 84.0 39.0 -77.0 
-604.0 -443.0 279.0 -232.0 -1006.0 -439.0 84.0 
-341.0 -692.0 -540.0 -211.0 -301.0 -741.0 -659.0 
-243.0 -464.0 -803.0 -286.0 -183.0 -752.0 -549.0 
-154.0 -466.0 -619.0 -503.0 -404.0 -106.0 -104.0 
-742.0 -971.0 -36.0 461.0 -314.0 -903.0 -510.0 
340.0 229.0 -732.0 -666.0 286.0 471.0 -272.0 
-756.0 -473.0 337.0 399.0 -583.0 -870.0 -175.0 
218.0 -217.0 -779.0 -435.0 28.0 -332.0 -633.0 
-454.0 -276.0 -381.0 -399.0 -319.0 -401.0 -429.0 
-324.0 -282.0 -502.0 -608.0 -302.0 -129.0 -368.0 
-661.0 -626.0 -394.0 -179.0 -247.0 -559.0 -595.0 
-321.0 -160.0 -244.0 -472.0 -396.0 -269.0 -453.0 
-316.0 -48.0 -472.0 -827.0 -292.0 31.0 -524.0 
-987.0 -540.0 73.0 -233.0 -855.0 -644.0 51.0 
-56.0 -618.0 -453.0 -25.0 -30.0 -219.0 -268.0 
-170.0 -166.0 -274.0 -175.0 -19.0 -124.0 -534.0 
-497.0 24.0 -206.0 -591.0 -386.0 -210.0 -338.0 
-410.0 -469.0 -589.0 -276.0 -148.0 -478.0 -520.0 
-275.0 -207.0 -241.0 -121.0 -374.0 -675.0 -103.0 
95.0 -421.0 -714.0 -424.0 72.0 -333.0 -631.0 
-372.0 -372.0 -414.0 -374.0 -276.0 -310.0 -478.0 
-454.0 -354.0 -163.0 -249.0 -606.0 -322.0 86.0 
-278.0 -700.0 -414.0 -1.0 -469.0 -916.0 -401.0 
-54.0 -559.0 -909.0 -564.0 -266.0 -481.0 -691.0 
-536.0 -468.0 -551.0 -476.0 -420.0 -524.0 -454.0 
-423.0 -654.0 -503.0 0.0 -234.0 -704.0 -400.0 
-69.0 -234.0 -344.0 -144.0 -174.0 -367.0 -265.0 
-138.0 -210.0 -196.0 -35.0 -131.0 -409.0 -320.0 
98.0 133.0 -580.0 -708.0 170.0 368.0 -431.0 
-768.0 -97.0 389.0 -289.0 -880.0 -334.0 193.0 
-95.0 -520.0 -427.0 2.0 98.0 -414.0 -555.0 
10.0 301.0 -108.0 -616.0 -248.0 336.0 92.0 
-420.0 -467.0 -25.0 193.0 -267.0 -597.0 -216.0 
89.0 -71.0 -311.0 -358.0 -208.0 -266.0 -433.0 
-397.0 -341.0 -432.0 -465.0 -234.0 -262.0 -521.0 
-560.0 -489.0 -128.0 -26.0 -749.0 -914.0 -171.0 
40.0 -615.0 -1010.0 -428.0 48.0 -415.0 -880.0 
-624.0 -224.0 -340.0 -743.0 -487.0 -105.0 -447.0 
-575.0 -265.0 -141.0 -238.0 -419.0 -310.0 66.0 
-163.0 -747.0 -470.0 156.0 -208.0 -981.0 -631.0 
22.0 -278.0 -914.0 -767.0 -165.0 -358.0 -772.0 
-462.0 -204.0 -460.0 -641.0 -429.0 -282.0 -470.0 
-719.0 -420.0 -115.0 -448.0 -970.0 -657.0 237.0 
107.0 -990.0 -1066.0 89.0 568.0 -373.0 -1181.0 
-400.0 656.0 35.0 -1040.0 -647.0 452.0 427.0 
-587.0 -953.0 -28.0 603.0 -168.0 -915.0 -346.0 
594.0 107.0 -943.0 -534.0 316.0 -77.0 -929.0 
-701.0 97.0 -123.0 -793.0 -511.0 -49.0 -229.0 
-517.0 -389.0 -100.0 -91.0 -497.0 -590.0 169.0 
204.0 -817.0 -750.0 65.0 151.0 -298.0 -916.0 
-681.0 361.0 93.0 -1050.0 -550.0 439.0 -192.0 
-921.0 -309.0 185.0 -232.0 -607.0 -489.0 -80.0 
-110.0 -618.0 -565.0 -17.0 -270.0 -692.0 -348.0 
-154.0 -300.0 -350.0 -414.0 -303.0 54.0 -104.0 
-722.0 -461.0 222.0 -90.0 -575.0 -314.0 -14.0 
-98.0 -324.0 -423.0 -235.0 -128.0 -423.0 -422.0 
-37.0 -79.0 -508.0 -511.0 -167.0 0.0 -179.0 
-508.0 -230.0 309.0 155.0 -226.0 -153.0 169.0 
160.0 -92.0 12.0 210.0 80.0 -135.0 -214.0 
4.0 152.0 -137.0 -387.0 -350.0 -194.0 42.0 
-53.0 -554.0 -605.0 -255.0 -246.0 -357.0 -363.0 
-567.0 -680.0 -309.0 -193.0 -606.0 -591.0 -193.0 
-82.0 -271.0 -574.0 -481.0 -12.0 -35.0 -425.0 
-349.0 84.0 69.0 -461.0 -420.0 146.0 -4.0 
-575.0 -516.0 207.0 292.0 -674.0 -1090.0 -8.0 
665.0 -453.0 -1267.0 -640.0 19.0 0.0 -713.0 
-1025.0 -322.0 132.0 -259.0 -963.0 -913.0 -25.0 
179.0 -389.0 -798.0 -471.0 34.0 -154.0 -388.0 
-362.0 -281.0 -164.0 -363.0 -493.0 -97.0 91.0 
-471.0 -656.0 323.0 437.0 -739.0 -719.0 342.0 
357.0 -361.0 -679.0 -260.0 381.0 136.0 -527.0 
-442.0 195.0 190.0 -567.0 -482.0 343.0 268.0 
-489.0 -523.0 264.0 292.0 -444.0 -474.0 -8.0 
76.0 -158.0 -323.0 -400.0 -138.0 175.0 -25.0 
-357.0 -342.0 -119.0 279.0 456.0 -178.0 -643.0 
55.0 743.0 448.0 -109.0 -52.0 464.0 660.0 
417.0 176.0 113.0 335.0 435.0 231.0 59.0 
138.0 167.0 57.0 105.0 202.0 39.0 -93.0 
-114.0 -43.0 65.0 81.0 127.0 -42.0 -223.0 
211.0 654.0 304.0 -234.0 105.0 878.0 864.0 
244.0 66.0 591.0 963.0 551.0 144.0 343.0 
570.0 562.0 553.0 358.0 181.0 467.0 712.0 
245.0 30.0 405.0 537.0 415.0 306.0 368.0 
735.0 739.0 180.0 326.0 912.0 739.0 491.0 
617.0 644.0 495.0 545.0 783.0 649.0 359.0 
555.0 745.0 520.0 368.0 581.0 743.0 607.0 
292.0 354.0 831.0 744.0 257.0 395.0 701.0 
722.0 585.0 452.0 536.0 718.0 736.0 662.0 
561.0 605.0 711.0 573.0 580.0 977.0 890.0 
400.0 506.0 1038.0 1089.0 545.0 400.0 1104.0 
1425.0 756.0 202.0 795.0 1483.0 872.0 256.0 
813.0 1213.0 822.0 565.0 735.0 968.0 938.0 
623.0 754.0 1019.0 698.0 611.0 1079.0 989.0 
623.0 719.0 760.0 707.0 749.0 807.0 754.0 
689.0 627.0 722.0 1246.0 1154.0 113.0 408.0 
1689.0 1334.0 64.0 220.0 1350.0 1557.0 830.0 
300.0 757.0 1523.0 1089.0 317.0 861.0 1294.0 
733.0 580.0 982.0 1078.0 796.0 597.0 885.0 
1170.0 647.0 -27.0 535.0 1411.0 916.0 -3.0 
133.0 772.0 1030.0 442.0 -215.0 305.0 1137.0 
779.0 8.0 78.0 517.0 767.0 602.0 162.0 
265.0 807.0 845.0 399.0 484.0 924.0 974.0 
834.0 660.0 695.0 1192.0 1174.0 359.0 305.0 
1278.0 1519.0 456.0 21.0 981.0 1555.0 748.0 
-96.0 491.0 1359.0 982.0 239.0 360.0 864.0 
940.0 739.0 571.0 616.0 977.0 949.0 481.0 
667.0 1187.0 979.0 385.0 555.0 1136.0 1025.0 
561.0 573.0 961.0 1028.0 698.0 602.0 838.0 
1008.0 878.0 624.0 688.0 962.0 872.0 419.0 
360.0 958.0 1104.0 356.0 -23.0 573.0 1072.0 
649.0 -91.0 211.0 1105.0 984.0 9.0 -102.0 
911.0 1357.0 690.0 95.0 451.0 1166.0 1385.0 
905.0 637.0 972.0 1234.0 1233.0 792.0 644.0 
1064.0 1286.0 768.0 152.0 1078.0 2059.0 967.0 
-309.0 389.0 1923.0 1683.0 154.0 -75.0 1357.0 
2163.0 889.0 0.0 1113.0 1847.0 1205.0 476.0 
748.0 1801.0 1694.0 508.0 630.0 1923.0 1963.0 
720.0 669.0 1707.0 1991.0 1341.0 888.0 1365.0 
1922.0 1571.0 894.0 1029.0 1764.0 1763.0 1131.0 
1007.0 1400.0 1806.0 1775.0 1149.0 1024.0 1784.0 
1989.0 1273.0 1141.0 1707.0 1708.0 1389.0 1224.0 
1283.0 1607.0 1629.0 1167.0 1037.0 1577.0 1846.0 
1273.0 1041.0 1414.0 1501.0 1261.0 1067.0 1296.0 
1567.0 1180.0 882.0 1409.0 1610.0 961.0 803.0 
1351.0 1278.0 872.0 1014.0 1127.0 1013.0 1158.0 
1237.0 982.0 798.0 930.0 1290.0 1256.0 662.0 
587.0 1134.0 1141.0 707.0 697.0 1028.0 1088.0 
791.0 706.0 985.0 1124.0 949.0 765.0 740.0 
946.0 1157.0 958.0 570.0 764.0 1309.0 1204.0 
516.0 314.0 1148.0 1606.0 597.0 -81.0 853.0 
1475.0 558.0 -49.0 582.0 1036.0 738.0 391.0 
548.0 896.0 802.0 536.0 785.0 953.0 654.0 
577.0 725.0 701.0 657.0 704.0 500.0 459.0 
757.0 753.0 416.0 231.0 629.0 978.0 754.0 
430.0 435.0 873.0 1137.0 687.0 316.0 1023.0 
1343.0 536.0 113.0 702.0 1433.0 872.0 28.0 
536.0 1298.0 892.0 88.0 410.0 1233.0 1077.0 
378.0 250.0 746.0 1153.0 720.0 210.0 669.0 
1202.0 890.0 418.0 545.0 943.0 1031.0 608.0 
308.0 588.0 784.0 671.0 487.0 346.0 274.0 
281.0 270.0 214.0 182.0 104.0 238.0 500.0 
204.0 -101.0 321.0 630.0 251.0 41.0 321.0 
504.0 239.0 91.0 491.0 567.0 108.0 22.0 
95.0 214.0 374.0 144.0 1.0 271.0 302.0 
-53.0 -57.0 391.0 470.0 19.0 -245.0 -94.0 
256.0 446.0 -103.0 -577.0 23.0 584.0 2.0 
-657.0 -189.0 522.0 -77.0 -840.0 -141.0 448.0 
-301.0 -843.0 -69.0 485.0 -121.0 -804.0 -508.0 
419.0 543.0 -159.0 -267.0 248.0 404.0 308.0 
146.0 37.0 323.0 493.0 49.0 -59.0 141.0 
-85.0 -98.0 93.0 19.0 -152.0 -175.0 -18.0 
-6.0 -130.0 -142.0 37.0 153.0 -167.0 -123.0 
291.0 11.0 -320.0 139.0 547.0 13.0 -476.0 
49.0 521.0 -43.0 -696.0 -164.0 624.0 -23.0 
-873.0 -141.0 288.0 -427.0 -663.0 -228.0 28.0 
-183.0 -478.0 -450.0 -108.0 -49.0 -268.0 -363.0 
-215.0 -125.0 -183.0 -72.0 -247.0 -417.0 -57.0 
-48.0 -514.0 -506.0 -12.0 155.0 -442.0 -852.0 
-177.0 175.0 -457.0 -597.0 -160.0 95.0 -151.0 
-608.0 -317.0 141.0 -322.0 -532.0 -82.0 -150.0 
-404.0 -368.0 -426.0 -522.0 -264.0 -155.0 -545.0 
-658.0 -277.0 -173.0 -472.0 -490.0 -297.0 -319.0 
-373.0 -323.0 -159.0 -268.0 -592.0 -376.0 -3.0 
-281.0 -443.0 -400.0 -380.0 -56.0 -90.0 -459.0 
-380.0 -148.0 -162.0 -245.0 -305.0 -300.0 -202.0 
-248.0 -413.0 -417.0 -334.0 -332.0 -391.0 -458.0 
-605.0 -602.0 -512.0 -566.0 -458.0 -356.0 -631.0 
-634.0 -159.0 -320.0 -657.0 -296.0 0.0 -263.0 
-356.0 -165.0 -239.0 -187.0 -106.0 -368.0 -477.0 
-175.0 -32.0 -419.0 -701.0 -508.0 -114.0 -83.0 
-491.0 -721.0 -472.0 -230.0 -268.0 -452.0 -736.0 
-599.0 -242.0 -432.0 -777.0 -862.0 -638.0 -434.0 
-770.0 -1124.0 -870.0 -432.0 -501.0 -933.0 -1009.0 
-460.0 -221.0 -711.0 -724.0 -233.0 -208.0 -585.0 
-557.0 -224.0 -42.0 -219.0 -581.0 -304.0 17.0 
-429.0 -742.0 -489.0 -231.0 -486.0 -857.0 -719.0 
-520.0 -561.0 -707.0 -955.0 -971.0 -605.0 -463.0 
-903.0 -1152.0 -682.0 -296.0 -697.0 -1006.0 -624.0 
-424.0 -604.0 -584.0 -362.0 -289.0 -486.0 -586.0 
-329.0 -132.0 -480.0 -736.0 -358.0 -210.0 -622.0 
-779.0 -493.0 -401.0 -683.0 -906.0 -636.0 -335.0 
-762.0 -1175.0 -633.0 -174.0 -808.0 -1411.0 -839.0 
-152.0 -575.0 -1171.0 -990.0 -374.0 -310.0 -985.0 
-1135.0 -460.0 -265.0 -779.0 -900.0 -571.0 -492.0 
-729.0 -907.0 -633.0 -288.0 -570.0 -1108.0 -1056.0 
-476.0 -389.0 -896.0 -969.0 -518.0 -448.0 -781.0 
-815.0 -525.0 -438.0 -678.0 -767.0 -397.0 -359.0 
-911.0 -936.0 -300.0 -357.0 -1089.0 -1202.0 -597.0 
-355.0 -1050.0 -1307.0 -719.0 -510.0 -1046.0 -1259.0 
-675.0 -594.0 -1157.0 -1045.0 -653.0 -869.0 -1142.0 
-981.0 -765.0 -782.0 -881.0 -959.0 -915.0 -718.0 
-724.0 -883.0 -885.0 -694.0 -414.0 -624.0 -1190.0 
-1063.0 -292.0 -288.0 -1193.0 -1415.0 -717.0 -410.0 
-944.0 -1573.0 -1319.0 -494.0 -576.0 -1323.0 -1424.0 
-722.0 -316.0 -910.0 -1272.0 -681.0 -275.0 -683.0 
-1059.0 -552.0 -160.0 -885.0 -1229.0 -383.0 2.0 
-777.0 -1412.0 -829.0 -129.0 -575.0 -1140.0 -1004.0 
-882.0 -954.0 -754.0 -470.0 -859.0 -1332.0 -868.0 
-251.0 -389.0 -1014.0 -1238.0 -540.0 -112.0 -565.0 
-778.0 -576.0 -608.0 -620.0 -586.0 -706.0 -677.0 
-529.0 -910.0 -1166.0 -354.0 -74.0 -1006.0 -1268.0 
-517.0 -137.0 -524.0 -964.0 -853.0 -232.0 -242.0 
-915.0 -776.0 -374.0 -529.0 -566.0 -491.0 -414.0 
-556.0 -824.0 -584.0 -248.0 -427.0 -840.0 -1006.0 
-707.0 -491.0 -711.0 -1098.0 -1238.0 -757.0 -471.0 
-1110.0 -1481.0 -1007.0 -755.0 -986.0 -1197.0 -1024.0 
-658.0 -824.0 -1270.0 -988.0 -521.0 -727.0 -981.0 
-838.0 -647.0 -695.0 -822.0 -787.0 -602.0 -539.0 
-600.0 -765.0 -863.0 -657.0 -590.0 -826.0 -1055.0 
-1017.0 -626.0 -609.0 -1226.0 -1318.0 -732.0 -710.0 
-1143.0 -1188.0 -1103.0 -879.0 -647.0 -1052.0 -1398.0 
-900.0 -416.0 -719.0 -1242.0 -993.0 -442.0 -505.0 
-890.0 -868.0 -568.0 -492.0 -668.0 -928.0 -1020.0 
-730.0 -491.0 -750.0 -1036.0 -998.0 -876.0 -843.0 
-853.0 -915.0 -934.0 -868.0 -739.0 -554.0 -668.0 
-929.0 -678.0 -394.0 -693.0 -786.0 -364.0 -342.0 
-873.0 -953.0 -467.0 -409.0 -674.0 -849.0 -853.0 
-653.0 -759.0 -872.0 -622.0 -689.0 -1034.0 -829.0 
-455.0 -638.0 -874.0 -884.0 -741.0 -382.0 -525.0 
-1106.0 -946.0 -402.0 -459.0 -746.0 -784.0 -902.0 
-967.0 -577.0 -456.0 -904.0 -1251.0 -1205.0 -749.0 
-490.0 -873.0 -1178.0 -779.0 -611.0 -934.0 -796.0 
-662.0 -1008.0 -1050.0 -573.0 -417.0 -751.0 -1053.0 
-1077.0 -669.0 -554.0 -1100.0 -1159.0 -723.0 -721.0 
-1065.0 -1183.0 -943.0 -637.0 -658.0 -869.0 -793.0 
-602.0 -705.0 -807.0 -527.0 -340.0 -653.0 -808.0 
-554.0 -428.0 -681.0 -879.0 -787.0 -597.0 -599.0 
-913.0 -1037.0 -859.0 -716.0 -864.0 -1157.0 -1257.0 
-1103.0 -882.0 -920.0 -1162.0 -1157.0 -965.0 -1035.0 
-1155.0 -945.0 -693.0 -669.0 -1032.0 -1156.0 -610.0 
-430.0 -1039.0 -1184.0 -578.0 -364.0 -727.0 -867.0 
-682.0 -630.0 -797.0 -912.0 -471.0 -235.0 -906.0 
-1084.0 -509.0 -479.0 -811.0 -663.0 -699.0 -864.0 
-698.0 -716.0 -672.0 -789.0 -1176.0 -840.0 -326.0 
-833.0 -1411.0 -917.0 -393.0 -815.0 -1289.0 -1112.0 
-873.0 -792.0 -1083.0 -1432.0 -901.0 -609.0 -1339.0 
-1403.0 -654.0 -522.0 -965.0 -1241.0 -901.0 -466.0 
-583.0 -894.0 -784.0 -390.0 -511.0 -708.0 -572.0 
-564.0 -684.0 -539.0 -516.0 -656.0 -652.0 -710.0 
-786.0 -673.0 -631.0 -728.0 -696.0 -723.0 -876.0 
-742.0 -660.0 -920.0 -1034.0 -690.0 -420.0 -791.0 
-1213.0 -968.0 -564.0 -661.0 -1018.0 -1137.0 -978.0 
-633.0 -544.0 -904.0 -1134.0 -895.0 -603.0 -560.0 
-793.0 -913.0 -666.0 -453.0 -570.0 -697.0 -577.0 
-656.0 -901.0 -731.0 -356.0 -559.0 -1122.0 -1052.0 
-609.0 -642.0 -1044.0 -1220.0 -977.0 -553.0 -819.0 
-1532.0 -1351.0 -363.0 -369.0 -1313.0 -1357.0 -474.0 
-306.0 -848.0 -859.0 -473.0 -532.0 -814.0 -701.0 
-310.0 -562.0 -1138.0 -762.0 -363.0 -944.0 -1195.0 
-806.0 -621.0 -844.0 -1251.0 -1227.0 -725.0 -578.0 
-1019.0 -1365.0 -1052.0 -735.0 -799.0 -896.0 -1030.0 
-1017.0 -677.0 -571.0 -1049.0 -1260.0 -875.0 -494.0 
-613.0 -1037.0 -1208.0 -999.0 -625.0 -640.0 -1079.0 
-1227.0 -868.0 -607.0 -839.0 -1179.0 -1115.0 -663.0 
-604.0 -1176.0 -1224.0 -529.0 -521.0 -1234.0 -1250.0 
-459.0 -389.0 -1181.0 -1340.0 -757.0 -371.0 -811.0 
-1250.0 -1012.0 -777.0 -876.0 -908.0 -954.0 -1028.0 
-955.0 -875.0 -865.0 -773.0 -1056.0 -1193.0 -603.0 
-400.0 -1102.0 -1452.0 -614.0 -198.0 -1111.0 -1572.0 
-787.0 -277.0 -960.0 -1417.0 -922.0 -638.0 -1009.0 
-1213.0 -985.0 -869.0 -1035.0 -948.0 -871.0 -1072.0 
-1122.0 -986.0 -927.0 -907.0 -988.0 -1307.0 -1212.0 
-411.0 -582.0 -1641.0 -1330.0 -194.0 -603.0 -1750.0 
-1204.0 3.0 -690.0 -1956.0 -1139.0 181.0 -713.0 
-2052.0 -1291.0 -248.0 -878.0 -1613.0 -1234.0 -733.0 
-859.0 -1256.0 -1431.0 -927.0 -784.0 -1329.0 -1328.0 
-939.0 -1122.0 -1336.0 -1128.0 -1190.0 -1378.0 -1242.0 
-1148.0 -1236.0 -1314.0 -1402.0 -1289.0 -1116.0 -1361.0 
-1371.0 -1057.0 -1276.0 -1609.0 -1311.0 -868.0 -1160.0 
-1703.0 -1525.0 -931.0 -997.0 -1583.0 -1392.0 -830.0 
-975.0 -1330.0 -1378.0 -1106.0 -950.0 -1210.0 -1379.0 
-1240.0 -880.0 -779.0 -1188.0 -1513.0 -1158.0 -692.0 
-900.0 -1352.0 -1336.0 -1098.0 -1064.0 -1173.0 -1242.0 
-1157.0 -932.0 -1023.0 -1180.0 -861.0 -760.0 -1199.0 
-1206.0 -880.0 -841.0 -1084.0 -1052.0 -985.0 -1049.0 
-1052.0 -1098.0 -911.0 -1007.0 -1412.0 -1275.0 -997.0 
-1037.0 -1298.0 -1373.0 -1012.0 -999.0 -1568.0 -1592.0 
-1188.0 -1113.0 -1162.0 -1391.0 -1410.0 -816.0 -714.0 
-1298.0 -1296.0 -875.0 -782.0 -1013.0 -1179.0 -908.0 
-822.0 -994.0 -977.0 -1003.0 -1027.0 -963.0 -847.0 
-936.0 -1203.0 -1218.0 -1101.0 -1159.0 -1247.0 -1482.0 
-1681.0 -1298.0 -1053.0 -1775.0 -2190.0 -1261.0 -1026.0 
-2174.0 -2420.0 -1373.0 -998.0 -1788.0 -2027.0 -1241.0 
-880.0 -1378.0 -1772.0 -1310.0 -591.0 -945.0 -1601.0 
-1299.0 -700.0 -690.0 -1342.0 -1796.0 -1171.0 -394.0 
-880.0 -1824.0 -1703.0 -903.0 -428.0 -988.0 -2012.0 
-1695.0 -374.0 -397.0 -1858.0 -2017.0 -595.0 -323.0 
-1582.0 -2015.0 -975.0 -474.0 -1165.0 -1740.0 -1371.0 
-606.0 -707.0 -1560.0 -1750.0 -1001.0 -623.0 -1219.0 
-1707.0 -1133.0 -737.0 -1398.0 -1739.0 -1116.0 -889.0 
-1528.0 -1543.0 -668.0 -1024.0 -2151.0 -1590.0 -406.0 
-862.0 -1956.0 -1597.0 -635.0 -970.0 -1710.0 -1153.0 
-563.0 -968.0 -1310.0 -1207.0 -1020.0 -875.0 -977.0 
-1346.0 -1254.0 -761.0 -1082.0 -1430.0 -1082.0 -1201.0 
-1371.0 -959.0 -828.0 -1328.0 -1666.0 -1250.0 -766.0 
-1080.0 -1622.0 -1560.0 -966.0 -657.0 -1134.0 -1603.0 
-1327.0 -802.0 -1040.0 -1684.0 -1534.0 -947.0 -940.0 
-1346.0 -1632.0 -1665.0 -1106.0 -695.0 -1425.0 -2087.0 
-1572.0 -698.0 -894.0 -1890.0 -1930.0 -976.0 -778.0 
-1575.0 -1760.0 -1038.0 -895.0 -1366.0 -1543.0 -1148.0 
-869.0 -1238.0 -1240.0 -1019.0 -1399.0 -1444.0 -896.0 
-959.0 -1511.0 -1407.0 -808.0 -909.0 -1670.0 -1634.0 
-982.0 -1032.0 -1533.0 -1600.0 -1387.0 -1402.0 -1394.0 
-1358.0 -1673.0 -1627.0 -938.0 -1038.0 -1683.0 -1590.0 
-1048.0 -1050.0 -1373.0 -1548.0 -1355.0 -1029.0 -1283.0 
-1866.0 -1642.0 -899.0 -871.0 -1358.0 -1474.0 -1272.0 
-1214.0 -1314.0 -1220.0 -1125.0 -1196.0 -1102.0 -1194.0 
-1421.0 -1384.0 -1302.0 -1230.0 -1045.0 -1093.0 -1570.0 
-1673.0 -1239.0 -813.0 -910.0 -1453.0 -1215.0 -536.0 
-773.0 -1426.0 -1157.0 -277.0 -411.0 -1214.0 -1084.0 
-467.0 -652.0 -1316.0 -1222.0 -517.0 -619.0 -1374.0 
-1350.0 -778.0 -936.0 -1469.0 -1215.0 -715.0 -994.0 
-1423.0 -1078.0 -669.0 -1012.0 -1312.0 -1078.0 -593.0 
-341.0 -902.0 -1242.0 -661.0 -392.0 -885.0 -920.0 
-466.0 -705.0 -1062.0 -877.0 -794.0 -1024.0 -1107.0 
-1095.0 -978.0 -869.0 -1264.0 -1336.0 -786.0 -801.0 
-1296.0 -1122.0 -641.0 -826.0 -1366.0 -1202.0 -407.0 
-301.0 -1193.0 -1572.0 -635.0 -241.0 -1042.0 -1344.0 
-795.0 -424.0 -733.0 -1208.0 -1075.0 -717.0 -832.0 
-1064.0 -884.0 -733.0 -962.0 -1112.0 -906.0 -611.0 
-654.0 -1098.0 -1183.0 -596.0 -557.0 -1101.0 -923.0 
-442.0 -710.0 -1194.0 -1103.0 -574.0 -492.0 -1117.0 
-1276.0 -738.0 -677.0 -1071.0 -960.0 -858.0 -959.0 
-958.0 -905.0 -691.0 -747.0 -1116.0 -1024.0 -621.0 
-629.0 -1014.0 -1082.0 -680.0 -701.0 -1089.0 -896.0 
-553.0 -729.0 -840.0 -665.0 -598.0 -546.0 -632.0 
-858.0 -628.0 -54.0 -218.0 -921.0 -803.0 -79.0 
-10.0 -658.0 -937.0 -252.0 148.0 -702.0 -1233.0 
-448.0 57.0 -634.0 -961.0 -450.0 -208.0 -538.0 
-934.0 -691.0 -124.0 -296.0 -835.0 -765.0 -339.0 
-322.0 -628.0 -734.0 -578.0 -333.0 -297.0 -610.0 
-730.0 -377.0 -407.0 -791.0 -549.0 -74.0 -426.0 
-988.0 -691.0 -257.0 -459.0 -799.0 -824.0 -748.0 
-553.0 -343.0 -625.0 -1130.0 -901.0 -287.0 -437.0 
-1115.0 -1269.0 -546.0 22.0 -557.0 -1329.0 -905.0 
87.0 -41.0 -989.0 -891.0 22.0 118.0 -551.0 
-795.0 -247.0 230.0 -297.0 -997.0 -564.0 332.0 
244.0 -726.0 -1017.0 -90.0 299.0 -454.0 -854.0 
-386.0 -135.0 -458.0 -616.0 -541.0 -596.0 -479.0 
-376.0 -610.0 -558.0 -258.0 -456.0 -680.0 -483.0 
-357.0 -370.0 -318.0 -340.0 -330.0 -271.0 -290.0 
-276.0 -45.0 83.0 -211.0 -223.0 102.0 109.0 
-312.0 -322.0 249.0 30.0 -740.0 -424.0 201.0 
-211.0 -665.0 -332.0 -56.0 -416.0 -617.0 -342.0 
-261.0 -418.0 -399.0 -282.0 -355.0 -340.0 -111.0 
-104.0 -604.0 -595.0 166.0 -146.0 -1018.0 -495.0 
263.0 -307.0 -1048.0 -391.0 145.0 -691.0 -1075.0 
-256.0 -299.0 -900.0 -359.0 45.0 -683.0 -799.0 
123.0 123.0 -734.0 -552.0 279.0 207.0 -344.0 
-253.0 -36.0 -267.0 -219.0 233.0 -93.0 -734.0 
-106.0 307.0 -622.0 -586.0 356.0 -40.0 -670.0 
-63.0 175.0 -430.0 -364.0 156.0 14.0 -110.0 
134.0 -69.0 -486.0 -202.0 549.0 367.0 -609.0 
-455.0 444.0 291.0 -412.0 -501.0 -15.0 317.0 
61.0 -337.0 -378.0 74.0 515.0 79.0 -902.0 
-571.0 747.0 647.0 -704.0 -635.0 514.0 552.0 
-251.0 -591.0 -125.0 540.0 394.0 -364.0 -407.0 
372.0 532.0 -219.0 -521.0 137.0 515.0 72.0 
-399.0 -76.0 424.0 32.0 -493.0 -96.0 314.0 
17.0 -210.0 -107.0 25.0 20.0 -82.0 -69.0 
349.0 280.0 -245.0 -100.0 380.0 278.0 24.0 
143.0 205.0 -24.0 50.0 299.0 114.0 -59.0 
-42.0 -54.0 -71.0 -238.0 -121.0 69.0 -225.0 
-383.0 22.0 128.0 -386.0 -456.0 73.0 137.0 
-222.0 -198.0 113.0 88.0 -135.0 -105.0 281.0 
330.0 -142.0 -42.0 491.0 363.0 -139.0 -6.0 
366.0 241.0 9.0 -28.0 108.0 489.0 240.0 
-516.0 -194.0 757.0 508.0 -492.0 -605.0 323.0 
883.0 -68.0 -879.0 183.0 1048.0 188.0 -660.0 
88.0 1247.0 569.0 -678.0 -132.0 1054.0 717.0 
-142.0 122.0 558.0 524.0 273.0 55.0 174.0 
385.0 269.0 157.0 216.0 190.0 46.0 51.0 
367.0 403.0 110.0 21.0 338.0 646.0 186.0 
-62.0 574.0 667.0 172.0 278.0 599.0 473.0 
346.0 455.0 580.0 610.0 379.0 200.0 288.0 
308.0 270.0 197.0 0.0 -11.0 63.0 35.0 
58.0 -76.0 -80.0 95.0 -12.0 -21.0 188.0 
128.0 -37.0 141.0 308.0 224.0 271.0 283.0 
139.0 175.0 301.0 388.0 502.0 386.0 46.0 
112.0 506.0 458.0 141.0 117.0 322.0 273.0 
37.0 180.0 118.0 -130.0 161.0 285.0 -31.0 
-77.0 67.0 12.0 -120.0 89.0 135.0 -13.0 
226.0 408.0 165.0 60.0 425.0 729.0 472.0 
102.0 314.0 684.0 724.0 384.0 46.0 415.0 
804.0 309.0 -133.0 192.0 563.0 342.0 -57.0 
132.0 581.0 561.0 -9.0 -288.0 439.0 1008.0 
418.0 -244.0 88.0 787.0 805.0 255.0 -35.0 
285.0 623.0 468.0 144.0 285.0 584.0 588.0 
453.0 217.0 279.0 771.0 795.0 199.0 144.0 
743.0 732.0 285.0 333.0 457.0 499.0 708.0 
460.0 134.0 414.0 652.0 328.0 -3.0 189.0 
587.0 436.0 -190.0 21.0 652.0 198.0 -191.0 
181.0 325.0 168.0 204.0 149.0 26.0 273.0 
369.0 360.0 407.0 172.0 423.0 687.0 411.0 
466.0 571.0 410.0 508.0 603.0 572.0 444.0 
307.0 383.0 576.0 616.0 166.0 56.0 507.0 
574.0 405.0 194.0 312.0 444.0 188.0 194.0 
260.0 161.0 354.0 441.0 151.0 177.0 655.0 
491.0 119.0 534.0 871.0 486.0 304.0 723.0 
799.0 422.0 462.0 805.0 784.0 71.0 40.0 
849.0 799.0 68.0 -21.0 474.0 566.0 104.0 
71.0 327.0 213.0 219.0 279.0 20.0 120.0 
292.0 253.0 357.0 337.0 30.0 251.0 631.0 
317.0 199.0 360.0 574.0 743.0 389.0 217.0 
459.0 607.0 496.0 304.0 279.0 536.0 713.0 
241.0 -14.0 477.0 799.0 302.0 -239.0 328.0 
1101.0 831.0 133.0 65.0 727.0 1182.0 504.0 
-73.0 525.0 1007.0 559.0 176.0 402.0 824.0 
721.0 257.0 386.0 855.0 549.0 -33.0 322.0 
919.0 523.0 -47.0 263.0 834.0 645.0 192.0 
394.0 829.0 753.0 322.0 404.0 1049.0 1077.0 
615.0 574.0 788.0 885.0 964.0 861.0 663.0 
770.0 1071.0 1014.0 736.0 669.0 801.0 907.0 
834.0 792.0 696.0 533.0 656.0 703.0 695.0 
561.0 442.0 631.0 641.0 441.0 407.0 703.0 
924.0 656.0 489.0 782.0 1064.0 848.0 526.0 
829.0 1182.0 959.0 698.0 863.0 1024.0 752.0 
598.0 949.0 1190.0 883.0 472.0 697.0 981.0 
749.0 547.0 573.0 769.0 713.0 354.0 349.0 
639.0 713.0 445.0 312.0 482.0 669.0 656.0 
393.0 405.0 651.0 584.0 357.0 330.0 661.0 
879.0 585.0 102.0 230.0 920.0 767.0 11.0 
276.0 906.0 785.0 324.0 109.0 434.0 874.0 
700.0 218.0 247.0 805.0 1024.0 666.0 452.0 
858.0 1238.0 812.0 394.0 959.0 1481.0 1029.0 
421.0 729.0 1171.0 799.0 370.0 386.0 752.0 
784.0 82.0 -110.0 773.0 951.0 -43.0 -225.0 
760.0 1064.0 416.0 275.0 527.0 886.0 1172.0 
748.0 407.0 878.0 1211.0 972.0 790.0 824.0 
909.0 964.0 999.0 753.0 542.0 762.0 955.0 
744.0 326.0 426.0 928.0 849.0 248.0 229.0 
788.0 1069.0 728.0 267.0 529.0 1141.0 1016.0 
383.0 430.0 1136.0 1368.0 851.0 531.0 882.0 
1085.0 893.0 876.0 794.0 821.0 854.0 664.0 
596.0 576.0 561.0 432.0 462.0 558.0 228.0 
81.0 319.0 564.0 352.0 -77.0 263.0 608.0 
227.0 -26.0 383.0 557.0 143.0 155.0 469.0 
686.0 625.0 153.0 192.0 893.0 868.0 123.0 
54.0 756.0 1219.0 582.0 -188.0 325.0 1112.0 
682.0 -154.0 162.0 862.0 570.0 14.0 17.0 
536.0 715.0 139.0 37.0 712.0 827.0 341.0 
305.0 762.0 953.0 759.0 583.0 752.0 1079.0 
810.0 417.0 938.0 1318.0 944.0 680.0 665.0 
925.0 1217.0 888.0 550.0 790.0 819.0 797.0 
835.0 483.0 471.0 833.0 771.0 514.0 608.0 
793.0 669.0 511.0 601.0 715.0 588.0 472.0 
655.0 791.0 562.0 374.0 481.0 597.0 697.0 
674.0 425.0 426.0 751.0 699.0 400.0 514.0 
676.0 726.0 767.0 452.0 382.0 911.0 862.0 
327.0 446.0 845.0 703.0 405.0 510.0 821.0 
733.0 141.0 113.0 747.0 749.0 239.0 92.0 
209.0 321.0 323.0 149.0 88.0 96.0 51.0 
253.0 342.0 0.0 127.0 648.0 451.0 -25.0 
312.0 835.0 675.0 215.0 237.0 607.0 750.0 
512.0 380.0 655.0 819.0 704.0 540.0 510.0 
749.0 1004.0 831.0 464.0 602.0 907.0 892.0 
682.0 458.0 535.0 944.0 1003.0 656.0 618.0 
821.0 773.0 592.0 640.0 648.0 575.0 575.0 
340.0 413.0 843.0 657.0 167.0 291.0 883.0 
874.0 215.0 96.0 549.0 698.0 574.0 535.0 
495.0 414.0 582.0 826.0 633.0 215.0 415.0 
1038.0 927.0 195.0 46.0 630.0 927.0 539.0 
86.0 187.0 583.0 512.0 46.0 82.0 397.0 
191.0 -14.0 178.0 167.0 30.0 -31.0 -113.0 
-4.0 81.0 -54.0 -36.0 -37.0 -200.0 0.0 
266.0 -36.0 -278.0 150.0 492.0 291.0 159.0 
294.0 442.0 490.0 357.0 161.0 325.0 514.0 
331.0 118.0 144.0 319.0 405.0 214.0 -5.0 
131.0 353.0 172.0 23.0 229.0 287.0 201.0 
105.0 -144.0 -130.0 461.0 531.0 -223.0 -282.0 
448.0 473.0 -187.0 -350.0 259.0 645.0 197.0 
-311.0 -80.0 456.0 247.0 -318.0 -271.0 111.0 
300.0 213.0 -3.0 -54.0 385.0 630.0 -46.0 
-153.0 635.0 517.0 120.0 360.0 378.0 438.0 
666.0 195.0 -111.0 480.0 669.0 111.0 -282.0 
-63.0 389.0 257.0 -373.0 -352.0 373.0 341.0 
-442.0 -427.0 118.0 118.0 50.0 16.0 -215.0 
51.0 283.0 -197.0 -235.0 161.0 100.0 -86.0 
-361.0 -493.0 84.0 433.0 -217.0 -522.0 -156.0 
53.0 177.0 -123.0 -635.0 -200.0 611.0 233.0 
-597.0 -401.0 107.0 272.0 117.0 -420.0 -417.0 
328.0 268.0 -337.0 -163.0 148.0 164.0 158.0 
-27.0 -14.0 321.0 363.0 21.0 -51.0 299.0 
208.0 -40.0 263.0 129.0 -331.0 -103.0 188.0 
-31.0 -251.0 -227.0 -30.0 31.0 -197.0 -245.0 
38.0 107.0 -94.0 -172.0 -29.0 107.0 73.0 
-333.0 -469.0 268.0 546.0 -358.0 -991.0 -150.0 
725.0 164.0 -608.0 -385.0 179.0 201.0 -261.0 
-147.0 291.0 -191.0 -427.0 436.0 490.0 -573.0 
-590.0 470.0 413.0 -654.0 -626.0 507.0 540.0 
-612.0 -713.0 425.0 594.0 -544.0 -734.0 298.0 
449.0 -614.0 -959.0 -41.0 462.0 -295.0 -982.0 
-498.0 191.0 -99.0 -659.0 -441.0 -4.0 -104.0 
-459.0 -390.0 68.0 151.0 -272.0 -321.0 214.0 
278.0 -173.0 -198.0 129.0 130.0 -307.0 -534.0 
-144.0 71.0 -311.0 -628.0 -525.0 -278.0 -241.0 
-409.0 -524.0 -428.0 -199.0 -156.0 -157.0 -133.0 
-107.0 32.0 27.0 -80.0 32.0 62.0 -134.0 
-160.0 188.0 300.0 -133.0 -426.0 -238.0 -45.0 
10.0 -186.0 -473.0 -310.0 -64.0 -141.0 -163.0 
-108.0 -303.0 -151.0 264.0 62.0 -224.0 -89.0 
134.0 165.0 -137.0 -202.0 137.0 207.0 -246.0 
-590.0 -206.0 100.0 -353.0 -723.0 -491.0 -97.0 
-172.0 -527.0 -642.0 -502.0 -243.0 -255.0 -471.0 
-506.0 -239.0 57.0 -368.0 -679.0 -23.0 246.0 
-377.0 -643.0 -110.0 262.0 -117.0 -490.0 -309.0 
2.0 -46.0 -412.0 -358.0 32.0 -156.0 -525.0 
-261.0 41.0 -198.0 -449.0 -300.0 -75.0 -65.0 
-246.0 -392.0 -301.0 -100.0 -154.0 -465.0 -361.0 
97.0 108.0 -323.0 -502.0 46.0 329.0 -336.0 
-643.0 96.0 431.0 -204.0 -381.0 63.0 157.0 
38.0 -25.0 -66.0 26.0 143.0 71.0 -17.0 
-14.0 29.0 95.0 62.0 -26.0 43.0 130.0 
35.0 -76.0 -127.0 -15.0 144.0 -30.0 -193.0 
3.0 154.0 -75.0 -309.0 -81.0 91.0 -149.0 
-44.0 142.0 45.0 40.0 166.0 221.0 237.0 
272.0 211.0 210.0 407.0 335.0 38.0 110.0 
284.0 249.0 162.0 -45.0 21.0 212.0 -50.0 
-13.0 222.0 -100.0 -295.0 -20.0 89.0 -168.0 
-273.0 -70.0 28.0 -94.0 -263.0 -161.0 188.0 
233.0 -55.0 -40.0 81.0 16.0 259.0 577.0 
77.0 -578.0 -76.0 866.0 544.0 -704.0 -637.0 
587.0 761.0 -56.0 -595.0 -31.0 856.0 373.0 
-593.0 -249.0 680.0 594.0 -104.0 -105.0 352.0 
562.0 419.0 78.0 -22.0 149.0 316.0 304.0 
-11.0 -136.0 213.0 381.0 137.0 -29.0 -73.0 
-110.0 148.0 469.0 263.0 -104.0 -36.0 272.0 
498.0 452.0 114.0 13.0 352.0 583.0 515.0 
212.0 -172.0 167.0 815.0 480.0 -392.0 -224.0 
852.0 931.0 35.0 -291.0 298.0 887.0 531.0 
-167.0 -132.0 373.0 674.0 290.0 -428.0 -272.0 
466.0 420.0 -323.0 -482.0 144.0 320.0 -119.0 
-229.0 -66.0 126.0 366.0 293.0 33.0 201.0 
433.0 214.0 162.0 458.0 526.0 295.0 208.0 
418.0 500.0 151.0 -19.0 260.0 447.0 279.0 
-216.0 -332.0 374.0 796.0 86.0 -561.0 85.0 
765.0 472.0 50.0 -48.0 91.0 470.0 454.0 
-11.0 -6.0 308.0 159.0 71.0 241.0 33.0 
-145.0 220.0 525.0 201.0 -277.0 -112.0 531.0 
498.0 -196.0 -412.0 -43.0 265.0 155.0 -276.0 
-410.0 126.0 503.0 9.0 -450.0 6.0 459.0 
250.0 44.0 -10.0 -38.0 258.0 399.0 7.0 
-222.0 30.0 384.0 442.0 -47.0 -384.0 15.0 
506.0 327.0 -345.0 -424.0 249.0 552.0 -49.0 
-487.0 70.0 516.0 108.0 -473.0 -53.0 601.0 
153.0 -435.0 78.0 604.0 231.0 -49.0 290.0 
513.0 192.0 -56.0 458.0 1001.0 436.0 -319.0 
308.0 1199.0 541.0 -357.0 96.0 839.0 733.0 
-32.0 -388.0 209.0 797.0 427.0 -251.0 -98.0 
433.0 505.0 115.0 -78.0 255.0 415.0 307.0 
439.0 383.0 13.0 245.0 793.0 616.0 5.0 
-96.0 482.0 801.0 262.0 -76.0 206.0 427.0 
402.0 328.0 203.0 81.0 306.0 720.0 592.0 
-80.0 -269.0 365.0 794.0 234.0 -576.0 -194.0 
793.0 602.0 -473.0 -718.0 240.0 763.0 -60.0 
-760.0 -151.0 786.0 440.0 -407.0 -251.0 649.0 
1028.0 289.0 -202.0 309.0 751.0 740.0 475.0 
63.0 203.0 854.0 798.0 198.0 66.0 477.0 
883.0 623.0 -17.0 51.0 646.0 707.0 323.0 
105.0 138.0 412.0 516.0 315.0 148.0 233.0 
490.0 481.0 263.0 59.0 58.0 467.0 545.0 
94.0 19.0 389.0 445.0 209.0 126.0 131.0 
403.0 734.0 400.0 -4.0 205.0 610.0 706.0 
522.0 277.0 321.0 856.0 973.0 325.0 149.0 
633.0 858.0 683.0 289.0 -37.0 351.0 853.0 
422.0 -449.0 -468.0 429.0 786.0 6.0 -725.0 
-287.0 768.0 534.0 -486.0 -425.0 406.0 642.0 
124.0 -261.0 68.0 572.0 615.0 196.0 40.0 
372.0 571.0 511.0 326.0 73.0 143.0 645.0 
729.0 99.0 -198.0 191.0 592.0 551.0 8.0 
-351.0 173.0 730.0 295.0 -236.0 -4.0 400.0 
546.0 320.0 -94.0 8.0 375.0 407.0 175.0 
-235.0 -357.0 355.0 854.0 154.0 -783.0 -528.0 
715.0 906.0 -385.0 -963.0 134.0 1095.0 527.0 
-428.0 -450.0 333.0 1092.0 591.0 -421.0 -97.0 
741.0 757.0 371.0 -291.0 -540.0 570.0 1241.0 
-40.0 -1178.0 -413.0 932.0 1099.0 -107.0 -1035.0 
-110.0 1235.0 716.0 -491.0 -388.0 376.0 655.0 
371.0 -67.0 -180.0 53.0 437.0 604.0 59.0 
-691.0 -222.0 1054.0 874.0 -269.0 -436.0 295.0 
1155.0 1069.0 -107.0 -422.0 761.0 1584.0 684.0 
-558.0 -198.0 1123.0 1126.0 -182.0 -660.0 31.0 
644.0 638.0 -118.0 -818.0 -234.0 767.0 422.0 
-618.0 -574.0 209.0 552.0 199.0 -398.0 -397.0 
199.0 486.0 362.0 78.0 -442.0 -233.0 913.0 
869.0 -436.0 -533.0 554.0 1037.0 497.0 -529.0 
-303.0 1080.0 939.0 -355.0 -344.0 468.0 423.0 
79.0 35.0 -6.0 219.0 272.0 46.0 165.0 
41.0 -110.0 570.0 740.0 -407.0 -481.0 906.0 
1059.0 -57.0 -451.0 282.0 1045.0 439.0 -500.0 
36.0 862.0 374.0 -229.0 158.0 322.0 -2.0 
294.0 693.0 291.0 -251.0 108.0 979.0 1003.0 
-85.0 -541.0 645.0 1493.0 627.0 -399.0 -17.0 
1155.0 1164.0 79.0 -396.0 120.0 838.0 816.0 
28.0 -254.0 310.0 587.0 219.0 38.0 204.0 
367.0 415.0 336.0 259.0 255.0 357.0 596.0 
666.0 311.0 48.0 507.0 950.0 409.0 -33.0 
493.0 810.0 504.0 106.0 30.0 465.0 637.0 
164.0 -39.0 376.0 618.0 387.0 49.0 42.0 
412.0 618.0 444.0 195.0 -5.0 52.0 540.0 
815.0 224.0 -458.0 -152.0 726.0 901.0 11.0 
-668.0 -47.0 805.0 596.0 -160.0 -451.0 22.0 
633.0 623.0 239.0 1.0 83.0 537.0 962.0 
589.0 -151.0 74.0 813.0 751.0 175.0 -49.0 
265.0 486.0 253.0 84.0 192.0 117.0 -21.0 
86.0 69.0 76.0 94.0 -139.0 145.0 710.0 
247.0 -469.0 -109.0 600.0 603.0 85.0 -335.0 
18.0 709.0 460.0 -129.0 -202.0 -209.0 229.0 
861.0 410.0 -537.0 -490.0 537.0 948.0 93.0 
-422.0 312.0 859.0 459.0 120.0 221.0 241.0 
540.0 876.0 366.0 -201.0 58.0 653.0 700.0 
79.0 -185.0 172.0 554.0 518.0 -5.0 -344.0 
34.0 532.0 296.0 -270.0 -150.0 264.0 341.0 
302.0 47.0 -227.0 83.0 407.0 196.0 50.0 
64.0 -117.0 84.0 486.0 308.0 -104.0 -207.0 
107.0 479.0 287.0 -246.0 -89.0 326.0 125.0 
168.0 321.0 -104.0 -134.0 365.0 654.0 398.0 
-230.0 -272.0 718.0 1189.0 130.0 -657.0 8.0 
720.0 710.0 287.0 -357.0 -472.0 356.0 924.0 
146.0 -692.0 -308.0 331.0 284.0 -144.0 -229.0 
-131.0 -92.0 0.0 50.0 -151.0 -277.0 -22.0 
122.0 107.0 0.0 -265.0 -178.0 146.0 288.0 
303.0 98.0 -216.0 58.0 846.0 709.0 -188.0 
-344.0 262.0 840.0 669.0 19.0 -469.0 -199.0 
640.0 708.0 24.0 -422.0 -257.0 468.0 504.0 
-337.0 -558.0 -71.0 251.0 183.0 -274.0 -710.0 
-291.0 296.0 -110.0 -615.0 -348.0 -86.0 -443.0 
-449.0 65.0 -260.0 -543.0 -100.0 9.0 -167.0 
-214.0 -299.0 -124.0 219.0 -10.0 -319.0 -79.0 
-75.0 -272.0 7.0 25.0 -239.0 -251.0 -220.0 
-9.0 173.0 -104.0 -464.0 -490.0 -252.0 -68.0 
-42.0 -387.0 -665.0 -251.0 -135.0 -370.0 -223.0 
-319.0 -355.0 115.0 -135.0 -665.0 16.0 555.0 
-245.0 -667.0 37.0 431.0 3.0 -210.0 106.0 
205.0 -266.0 -345.0 214.0 280.0 -222.0 -332.0 
-142.0 -248.0 -258.0 -75.0 -347.0 -650.0 -174.0 
78.0 -433.0 -644.0 -335.0 -130.0 -187.0 -439.0 
-678.0 -256.0 116.0 -545.0 -787.0 62.0 42.0 
-786.0 -670.0 -104.0 -62.0 -343.0 -686.0 -686.0 
-160.0 -95.0 -661.0 -750.0 -512.0 -203.0 24.0 
-615.0 -1050.0 -34.0 364.0 -837.0 -1031.0 87.0 
365.0 -331.0 -834.0 -639.0 91.0 252.0 -487.0 
-873.0 -290.0 316.0 -3.0 -581.0 -525.0 -125.0 
-27.0 -470.0 -801.0 -233.0 394.0 20.0 -792.0 
-881.0 -110.0 194.0 -581.0 -999.0 -245.0 271.0 
-365.0 -900.0 -361.0 120.0 -374.0 -664.0 -121.0 
50.0 -385.0 -399.0 -236.0 -449.0 -468.0 -84.0 
-45.0 -732.0 -814.0 184.0 270.0 -887.0 -1047.0 
156.0 510.0 -705.0 -1381.0 -381.0 472.0 -127.0 
-1029.0 -731.0 63.0 -179.0 -1042.0 -835.0 235.0 
208.0 -898.0 -1218.0 -411.0 410.0 -5.0 -978.0 
-650.0 309.0 73.0 -619.0 -345.0 253.0 127.0 
-159.0 -174.0 -301.0 -404.0 -149.0 77.0 -138.0 
-511.0 -764.0 -551.0 44.0 -51.0 -764.0 -835.0 
-312.0 -104.0 -213.0 -432.0 -577.0 -299.0 -38.0 
-238.0 -387.0 -171.0 52.0 -10.0 -374.0 -335.0 
349.0 378.0 -376.0 -451.0 135.0 194.0 -213.0 
-275.0 -116.0 -70.0 -174.0 -186.0 -280.0 -642.0 
-121.0 533.0 34.0 -889.0 -603.0 429.0 411.0 
-665.0 -846.0 214.0 612.0 -449.0 -1017.0 121.0 
709.0 -346.0 -982.0 -178.0 485.0 -51.0 -695.0 
-478.0 -15.0 37.0 -251.0 -525.0 -386.0 -225.0 
-247.0 -367.0 -490.0 -320.0 -223.0 -383.0 -485.0 
-332.0 -247.0 -388.0 -293.0 -133.0 -455.0 -616.0 
-268.0 -192.0 -371.0 -448.0 -526.0 -414.0 -434.0 
-531.0 -167.0 -239.0 -918.0 -789.0 -186.0 -296.0 
-743.0 -851.0 -490.0 -96.0 -431.0 -939.0 -548.0 
-49.0 -300.0 -613.0 -542.0 -263.0 -164.0 -429.0 
-611.0 -255.0 62.0 -273.0 -530.0 -185.0 83.0 
-146.0 -502.0 -469.0 -40.0 114.0 -302.0 -568.0 
-270.0 -59.0 -197.0 -299.0 -171.0 -143.0 -464.0 
-540.0 -52.0 124.0 -348.0 -558.0 -111.0 234.0 
-44.0 -408.0 -227.0 0.0 -255.0 -274.0 -132.0 
-453.0 -311.0 195.0 -153.0 -704.0 -329.0 279.0 
19.0 -700.0 -378.0 563.0 109.0 -829.0 -494.0 
274.0 251.0 -276.0 -565.0 -318.0 162.0 127.0 
-413.0 -448.0 -106.0 -173.0 -405.0 -388.0 -342.0 
-413.0 -427.0 -584.0 -690.0 -418.0 -409.0 -747.0 
-793.0 -515.0 -283.0 -436.0 -807.0 -661.0 -361.0 
-648.0 -825.0 -545.0 -401.0 -410.0 -492.0 -545.0 
-505.0 -572.0 -483.0 -363.0 -560.0 -587.0 -479.0 
-667.0 -720.0 -472.0 -472.0 -734.0 -804.0 -588.0 
-556.0 -581.0 -461.0 -605.0 -621.0 -380.0 -460.0 
-432.0 -199.0 -109.0 -143.0 -245.0 -210.0 68.0 
185.0 -141.0 -187.0 226.0 279.0 -57.0 -369.0 
-34.0 368.0 -28.0 -528.0 -261.0 162.0 -167.0 
-513.0 -224.0 -115.0 -388.0 -418.0 -181.0 -238.0 
-531.0 -492.0 -143.0 -51.0 -407.0 -648.0 -239.0 
153.0 -240.0 -466.0 -33.0 136.0 -221.0 -346.0 
89.0 219.0 -391.0 -534.0 210.0 269.0 -627.0 
-700.0 0.0 82.0 -293.0 -708.0 -804.0 -236.0 
-87.0 -785.0 -1068.0 -706.0 -387.0 -440.0 -1012.0 
-1251.0 -421.0 -187.0 -1162.0 -1138.0 -244.0 -486.0 
-1256.0 -1003.0 -175.0 -223.0 -1072.0 -1069.0 -134.0 
-108.0 -1140.0 -938.0 35.0 -475.0 -1102.0 -586.0 
-625.0 -815.0 -391.0 -905.0 -1281.0 -327.0 -315.0 
-1065.0 -845.0 -715.0 -694.0 -495.0 -1027.0 -817.0 
72.0 -882.0 -1503.0 -17.0 127.0 -1015.0 -657.0 
-188.0 -247.0 199.0 -239.0 -824.0 173.0 411.0 
-578.0 -192.0 234.0 -477.0 -211.0 203.0 -350.0 
-436.0 -236.0 -315.0 -163.0 -406.0 -618.0 -53.0 
-177.0 -857.0 -473.0 -109.0 -569.0 -365.0 -70.0 
-706.0 -515.0 -46.0 -636.0 -574.0 11.0 -502.0 
-812.0 -249.0 -144.0 -427.0 -517.0 -431.0 -311.0 
-463.0 -551.0 -351.0 -358.0 -475.0 -526.0 -625.0 
-438.0 -103.0 -365.0 -745.0 -449.0 -196.0 -443.0 
-503.0 -257.0 -202.0 -431.0 -658.0 -465.0 -75.0 
-301.0 -704.0 -506.0 -431.0 -543.0 -499.0 -850.0 
-1000.0 -452.0 -517.0 -1175.0 -1121.0 -690.0 -673.0 
-873.0 -1031.0 -830.0 -482.0 -801.0 -1145.0 -589.0 
-141.0 -614.0 -972.0 -453.0 55.0 -231.0 -600.0 
-424.0 -13.0 -41.0 -595.0 -599.0 -141.0 -321.0 
-541.0 -416.0 -604.0 -552.0 -259.0 -718.0 -971.0 
-405.0 -375.0 -744.0 -739.0 -690.0 -461.0 -365.0 
-814.0 -734.0 -149.0 -250.0 -567.0 -633.0 -601.0 
-102.0 19.0 -745.0 -840.0 -81.0 66.0 -440.0 
-769.0 -584.0 5.0 -96.0 -1054.0 -792.0 284.0 
-391.0 -1473.0 -732.0 -2.0 -543.0 -1039.0 -1006.0 
-553.0 -178.0 -680.0 -1120.0 -627.0 -492.0 -745.0 
-545.0 -543.0 -541.0 -357.0 -695.0 -573.0 -3.0 
-394.0 -846.0 -260.0 -11.0 -569.0 -582.0 -233.0 
-197.0 -287.0 -625.0 -793.0 -190.0 62.0 -452.0 
-710.0 -538.0 -113.0 85.0 -462.0 -878.0 -288.0 
200.0 -296.0 -787.0 -579.0 -218.0 -31.0 -296.0 
-855.0 -674.0 -135.0 -296.0 -699.0 -761.0 -624.0 
-518.0 -502.0 -515.0 -585.0 -698.0 -476.0 -267.0 
-545.0 -961.0 -627.0 103.0 -325.0 -1182.0 -727.0 
-53.0 -567.0 -1212.0 -875.0 -356.0 -588.0 -1014.0 
-1031.0 -810.0 -724.0 -1001.0 -1190.0 -916.0 -721.0 
-869.0 -1040.0 -970.0 -647.0 -619.0 -809.0 -621.0 
-429.0 -516.0 -578.0 -575.0 -430.0 -303.0 -345.0 
-531.0 -659.0 -458.0 -313.0 -398.0 -482.0 -539.0 
-584.0 -470.0 -302.0 -473.0 -700.0 -417.0 -88.0 
-330.0 -621.0 -401.0 -18.0 29.0 -286.0 -473.0 
-129.0 205.0 -69.0 -445.0 -196.0 262.0 88.0 
-432.0 -448.0 -21.0 161.0 -261.0 -584.0 -209.0 
43.0 -334.0 -588.0 -178.0 -22.0 -559.0 -561.0 
96.0 77.0 -679.0 -684.0 335.0 530.0 -610.0 
-999.0 146.0 721.0 -234.0 -884.0 -139.0 529.0 
-216.0 -1019.0 -377.0 241.0 -313.0 -828.0 -494.0 
-129.0 -510.0 -908.0 -544.0 -216.0 -455.0 -750.0 
-758.0 -448.0 -214.0 -519.0 -751.0 -497.0 -362.0 
-605.0 -604.0 -341.0 -595.0 -1004.0 -610.0 67.0 
-267.0 -1147.0 -1056.0 -192.0 44.0 -668.0 -1178.0 
-669.0 56.0 -212.0 -936.0 -809.0 -179.0 -118.0 
-573.0 -589.0 -219.0 -332.0 -617.0 -517.0 -338.0 
-330.0 -498.0 -572.0 -491.0 -513.0 -452.0 -386.0 
-606.0 -744.0 -560.0 -416.0 -445.0 -546.0 -783.0 
-651.0 -185.0 -192.0 -571.0 -631.0 -133.0 239.0 
-206.0 -710.0 -272.0 414.0 120.0 -649.0 -517.0 
364.0 520.0 -392.0 -749.0 -60.0 396.0 9.0 
-389.0 -246.0 -65.0 10.0 -223.0 -537.0 -280.0 
66.0 -23.0 -204.0 -294.0 -273.0 -113.0 -7.0 
-177.0 -348.0 -195.0 -14.0 -135.0 -484.0 -555.0 
-40.0 153.0 -350.0 -527.0 -77.0 18.0 -304.0 
-329.0 -100.0 8.0 -165.0 -316.0 -227.0 -92.0 
-194.0 -348.0 -291.0 -303.0 -220.0 -158.0 -310.0 
-254.0 -74.0 -64.0 -281.0 -263.0 2.0 -158.0 
-495.0 -394.0 -35.0 -172.0 -650.0 -680.0 -344.0 
-166.0 -623.0 -985.0 -540.0 -99.0 -567.0 -1086.0 
-710.0 -38.0 -250.0 -1007.0 -835.0 -22.0 10.0 
-706.0 -746.0 -301.0 8.0 -183.0 -529.0 -307.0 
125.0 -71.0 -443.0 -186.0 175.0 152.0 -79.0 
-221.0 -242.0 15.0 232.0 -224.0 -475.0 -86.0 
-105.0 -262.0 -95.0 -404.0 -627.0 -78.0 148.0 
-521.0 -782.0 -208.0 177.0 -125.0 -613.0 -435.0 
141.0 205.0 -173.0 -424.0 20.0 473.0 76.0 
-336.0 103.0 482.0 -35.0 -369.0 174.0 466.0 
-22.0 -250.0 144.0 176.0 -132.0 -23.0 106.0 
-120.0 -44.0 80.0 -137.0 -13.0 194.0 -20.0 
-221.0 -90.0 43.0 -222.0 -332.0 -117.0 -100.0 
-388.0 -534.0 -194.0 7.0 -348.0 -626.0 -226.0 
44.0 -305.0 -396.0 -200.0 -314.0 -320.0 46.0 
-11.0 -415.0 -324.0 69.0 159.0 -131.0 -262.0 
1.0 198.0 129.0 -107.0 -155.0 108.0 154.0 
-195.0 -316.0 -65.0 215.0 11.0 -597.0 -470.0 
185.0 -4.0 -595.0 -388.0 -20.0 -257.0 -486.0 
-346.0 -224.0 -293.0 -417.0 -523.0 -425.0 -209.0 
-301.0 -501.0 -419.0 -334.0 -433.0 -430.0 -147.0 
-69.0 -236.0 4.0 313.0 2.0 -191.0 415.0 
689.0 128.0 -43.0 407.0 563.0 278.0 -23.0 
8.0 397.0 214.0 -481.0 -177.0 507.0 -50.0 
-626.0 -135.0 157.0 -132.0 -384.0 -349.0 8.0 
164.0 -295.0 -491.0 165.0 363.0 -90.0 151.0 
347.0 -10.0 81.0 455.0 155.0 -112.0 257.0 
295.0 57.0 244.0 272.0 160.0 478.0 264.0 
-130.0 453.0 781.0 228.0 77.0 352.0 345.0 
269.0 14.0 -70.0 286.0 165.0 -88.0 128.0 
-56.0 -171.0 88.0 -193.0 -236.0 264.0 -104.0 
-499.0 200.0 211.0 -567.0 -206.0 218.0 -333.0 
-198.0 232.0 -151.0 -155.0 248.0 75.0 -107.0 
174.0 370.0 146.0 -244.0 -197.0 340.0 243.0 
-251.0 -29.0 169.0 9.0 195.0 185.0 -364.0 
-357.0 237.0 132.0 -125.0 -19.0 -183.0 -134.0 
101.0 -38.0 -94.0 138.0 41.0 -148.0 264.0 
411.0 -137.0 -132.0 405.0 423.0 26.0 108.0 
219.0 88.0 323.0 287.0 -64.0 100.0 336.0 
241.0 -71.0 -59.0 466.0 231.0 -305.0 244.0 
695.0 188.0 -12.0 144.0 248.0 585.0 411.0 
-49.0 75.0 317.0 266.0 -131.0 -169.0 354.0 
46.0 -444.0 125.0 228.0 -211.0 0.0 -99.0 
-101.0 262.0 -323.0 -346.0 477.0 -213.0 -599.0 
473.0 222.0 -612.0 -83.0 491.0 226.0 -218.0 
-196.0 202.0 291.0 38.0 -124.0 51.0 177.0 
27.0 116.0 192.0 21.0 90.0 53.0 -82.0 
294.0 205.0 -428.0 -94.0 386.0 -138.0 -398.0 
-6.0 44.0 -291.0 -575.0 -414.0 124.0 -136.0 
-769.0 -333.0 128.0 -284.0 -387.0 -83.0 -87.0 
-114.0 58.0 130.0 134.0 178.0 197.0 340.0 
521.0 445.0 333.0 358.0 254.0 286.0 575.0 
303.0 -123.0 129.0 307.0 -21.0 -81.0 136.0 
54.0 -223.0 -288.0 -43.0 36.0 -172.0 -113.0 
-38.0 -244.0 -239.0 55.0 115.0 -103.0 -148.0 
91.0 302.0 251.0 135.0 178.0 343.0 368.0 
152.0 57.0 248.0 374.0 233.0 101.0 19.0 
10.0 224.0 305.0 3.0 -65.0 250.0 251.0 
-45.0 -27.0 269.0 374.0 210.0 18.0 85.0 
338.0 282.0 -38.0 20.0 496.0 502.0 67.0 
-160.0 85.0 448.0 280.0 10.0 88.0 224.0 
135.0 79.0 203.0 227.0 128.0 81.0 12.0 
63.0 186.0 82.0 -25.0 48.0 189.0 176.0 
116.0 264.0 355.0 192.0 -2.0 170.0 353.0 
88.0 58.0 398.0 229.0 -238.0 -70.0 366.0 
101.0 -338.0 -59.0 337.0 167.0 -129.0 -135.0 
84.0 188.0 135.0 194.0 147.0 -21.0 97.0 
348.0 332.0 30.0 -71.0 216.0 461.0 374.0 
18.0 -136.0 333.0 567.0 14.0 -154.0 317.0 
366.0 7.0 18.0 388.0 524.0 251.0 -82.0 
134.0 856.0 788.0 -34.0 159.0 985.0 867.0 
1.0 -130.0 717.0 974.0 77.0 -426.0 202.0 
698.0 258.0 -60.0 117.0 255.0 498.0 511.0 
79.0 -31.0 360.0 556.0 253.0 60.0 215.0 
351.0 183.0 -211.0 -124.0 335.0 95.0 -355.0 
-151.0 141.0 23.0 -254.0 -290.0 55.0 486.0 
300.0 -210.0 -109.0 351.0 506.0 184.0 -180.0 
36.0 602.0 327.0 -500.0 -306.0 515.0 373.0 
-284.0 -397.0 -67.0 460.0 203.0 -520.0 -264.0 
469.0 423.0 -254.0 -339.0 296.0 596.0 98.0 
-316.0 75.0 537.0 278.0 -201.0 -205.0 353.0 
615.0 30.0 -574.0 -157.0 496.0 161.0 -653.0 
-621.0 -19.0 118.0 -85.0 -322.0 -365.0 5.0 
186.0 -57.0 -270.0 -15.0 425.0 247.0 -71.0 
65.0 397.0 384.0 -61.0 183.0 951.0 241.0 
-475.0 489.0 859.0 205.0 114.0 56.0 159.0 
792.0 431.0 -463.0 -169.0 761.0 745.0 -404.0 
-878.0 328.0 1219.0 -78.0 -1194.0 27.0 938.0 
203.0 -245.0 -43.0 351.0 699.0 146.0 -315.0 
419.0 419.0 -278.0 236.0 544.0 -23.0 -58.0 
-19.0 -31.0 172.0 -120.0 -228.0 4.0 -182.0 
-103.0 184.0 -404.0 -675.0 81.0 443.0 11.0 
-503.0 -314.0 473.0 401.0 -376.0 -332.0 283.0 
336.0 -68.0 -171.0 182.0 243.0 -117.0 -45.0 
203.0 -33.0 -93.0 109.0 -139.0 -292.0 41.0 
113.0 -202.0 -21.0 205.0 -81.0 -138.0 72.0 
182.0 147.0 -6.0 -66.0 48.0 212.0 100.0 
-82.0 -194.0 -36.0 344.0 55.0 -293.0 -46.0 
0.0 -11.0 197.0 -34.0 -168.0 272.0 32.0 
-136.0 386.0 313.0 125.0 410.0 373.0 162.0 
240.0 288.0 249.0 258.0 124.0 21.0 182.0 
221.0 -2.0 -93.0 18.0 94.0 -31.0 -175.0 
-18.0 267.0 113.0 -106.0 261.0 430.0 249.0 
388.0 541.0 375.0 328.0 483.0 532.0 525.0 
369.0 214.0 400.0 490.0 370.0 209.0 148.0 
404.0 368.0 -154.0 99.0 667.0 255.0 -315.0 
72.0 622.0 403.0 -123.0 -159.0 509.0 755.0 
-83.0 -381.0 327.0 395.0 -28.0 68.0 140.0 
101.0 272.0 124.0 -181.0 221.0 578.0 95.0 
-270.0 27.0 616.0 536.0 -417.0 -579.0 513.0 
856.0 -138.0 -652.0 150.0 731.0 140.0 -496.0 
-238.0 302.0 202.0 -289.0 -257.0 167.0 209.0 
-149.0 -296.0 146.0 664.0 328.0 -186.0 353.0 
1094.0 704.0 -83.0 -222.0 303.0 539.0 -34.0 
-468.0 0.0 625.0 379.0 -395.0 -302.0 846.0 
1698.0 1120.0 -250.0 -821.0 -116.0 630.0 160.0 
-901.0 -756.0 818.0 1382.0 -114.0 -1340.0 -1053.0 
-368.0 468.0 1065.0 460.0 -534.0 -366.0 532.0 
807.0 623.0 59.0 -583.0 243.0 1210.0 -32.0 
-830.0 1182.0 2340.0 689.0 -780.0 -560.0 719.0 
2342.0 531.0 -3276.0 -2585.0 2247.0 3179.0 -585.0 
-2088.0 554.0 2847.0 1950.0 -2428.0 -4408.0 935.0 
4110.0 1189.0 -2194.0 -2604.0 712.0 3328.0 1244.0 
-1508.0 -404.0 1518.0 -104.0 -1649.0 -659.0 632.0 
2219.0 2772.0 -615.0 -2812.0 -673.0 1411.0 1513.0 
-31.0 -2277.0 -1704.0 2511.0 3356.0 -2219.0 -2515.0 
3568.0 2637.0 -3291.0 -2108.0 2320.0 2284.0 1042.0 
947.0 243.0 -1368.0 -2312.0 712.0 2761.0 -177.0 
-2955.0 -1735.0 2810.0 1570.0 -3034.0 332.0 3680.0 
-302.0 -2426.0 426.0 2482.0 619.0 -188.0 146.0 
-1855.0 -2734.0 218.0 5057.0 3002.0 -4744.0 -3607.0 
2619.0 754.0 -3215.0 -1068.0 2010.0 1388.0 -425.0 
-1566.0 305.0 1879.0 -1608.0 -1268.0 2981.0 548.0 
-3660.0 -159.0 3020.0 493.0 -1196.0 248.0 1080.0 
-89.0 85.0 1756.0 636.0 -2749.0 -1348.0 3095.0 
2037.0 -1355.0 493.0 2905.0 -234.0 -4451.0 -1288.0 
4029.0 1782.0 -3288.0 -2066.0 2034.0 621.0 -2509.0 
-275.0 3390.0 1818.0 -2338.0 -1695.0 446.0 -200.0 
245.0 1653.0 1112.0 -1127.0 -848.0 2375.0 1262.0 
-1655.0 563.0 1672.0 -499.0 -761.0 188.0 835.0 
103.0 -607.0 927.0 424.0 -1198.0 -188.0 760.0 
229.0 -472.0 -876.0 292.0 955.0 -245.0 -421.0 
891.0 1150.0 -535.0 -1723.0 -57.0 1473.0 -279.0 
-473.0 1084.0 -279.0 -1364.0 1571.0 2741.0 -1100.0 
-2663.0 -390.0 -981.0 -2024.0 1800.0 3075.0 -1435.0 
-1330.0 3376.0 2914.0 -1324.0 -2088.0 1124.0 3318.0 
791.0 -2725.0 -916.0 2996.0 2599.0 -1559.0 -2615.0 
693.0 1661.0 1488.0 2007.0 20.0 -1273.0 538.0 
62.0 -1653.0 1193.0 3994.0 -16.0 -4194.0 125.0 
3427.0 185.0 -661.0 -674.0 -1321.0 449.0 1062.0 
-598.0 -1410.0 596.0 3379.0 2032.0 -1155.0 -876.0 
1079.0 2128.0 1365.0 -1545.0 -2041.0 972.0 2041.0 
-189.0 -586.0 2103.0 1768.0 -1786.0 -2123.0 -441.0 
214.0 1191.0 1092.0 -345.0 1209.0 3311.0 876.0 
-1088.0 930.0 1859.0 196.0 -218.0 890.0 878.0 
-370.0 -1790.0 -1348.0 2552.0 4121.0 -511.0 -3601.0 
-658.0 1540.0 -140.0 -1696.0 -384.0 1415.0 1121.0 
1154.0 1452.0 527.0 -1604.0 -1898.0 469.0 1155.0 
463.0 -338.0 -817.0 575.0 1378.0 344.0 -570.0 
-469.0 337.0 772.0 728.0 -93.0 -630.0 569.0 
2284.0 2403.0 95.0 -1247.0 775.0 1789.0 -180.0 
-1712.0 -831.0 924.0 496.0 -398.0 475.0 1244.0 
767.0 -1023.0 -2136.0 -75.0 1832.0 -517.0 -2232.0 
574.0 2553.0 760.0 -182.0 -203.0 -1720.0 -1110.0 
1115.0 917.0 -838.0 -1101.0 460.0 1572.0 1011.0 
-205.0 82.0 1411.0 1199.0 -400.0 -1255.0 -353.0 
868.0 990.0 997.0 1176.0 646.0 1045.0 1956.0 
1784.0 854.0 -346.0 182.0 1248.0 -322.0 -1595.0 
186.0 1995.0 1432.0 -765.0 -1175.0 770.0 1129.0 
-480.0 -1414.0 -605.0 1895.0 2791.0 -207.0 -2316.0 
478.0 2907.0 653.0 -1759.0 -787.0 959.0 29.0 
-843.0 1405.0 2277.0 278.0 -582.0 93.0 -41.0 
-431.0 865.0 2112.0 529.0 -1916.0 -1889.0 385.0 
2401.0 802.0 -2904.0 -1970.0 2062.0 1599.0 -1973.0 
-2479.0 -47.0 1273.0 525.0 342.0 1065.0 1166.0 
641.0 93.0 51.0 101.0 404.0 671.0 322.0 
527.0 405.0 -328.0 1.0 -69.0 -349.0 203.0 
667.0 969.0 339.0 -1051.0 -440.0 1315.0 1385.0 
140.0 -571.0 313.0 723.0 -194.0 -346.0 334.0 
773.0 770.0 82.0 -492.0 181.0 2214.0 1675.0 
-1292.0 -318.0 1813.0 1115.0 604.0 134.0 -803.0 
119.0 2157.0 1711.0 -723.0 -1003.0 1382.0 2459.0 
1084.0 -759.0 -741.0 1888.0 2182.0 -887.0 -974.0 
1792.0 2526.0 1355.0 264.0 290.0 1290.0 1578.0 
-234.0 -1696.0 536.0 3163.0 1479.0 -813.0 -207.0 
790.0 218.0 -1221.0 -216.0 1789.0 117.0 -1395.0 
502.0 1931.0 692.0 -580.0 383.0 1647.0 808.0 
-320.0 295.0 643.0 161.0 1114.0 1567.0 50.0 
-289.0 1219.0 753.0 -992.0 378.0 2320.0 993.0 
-787.0 -92.0 2462.0 3326.0 1437.0 -202.0 -384.0 
583.0 1881.0 1025.0 -1685.0 -1080.0 2681.0 2954.0 
-184.0 -1485.0 301.0 1910.0 667.0 -394.0 1453.0 
2692.0 614.0 -1451.0 -363.0 2063.0 2582.0 207.0 
-1338.0 1599.0 3376.0 -30.0 -1466.0 1335.0 2024.0 
230.0 103.0 1246.0 951.0 523.0 97.0 -460.0 
-403.0 859.0 2194.0 690.0 -756.0 1001.0 1281.0 
-420.0 251.0 2142.0 1709.0 -482.0 -999.0 797.0 
1759.0 474.0 -1240.0 -436.0 2185.0 2142.0 358.0 
218.0 575.0 468.0 87.0 499.0 886.0 -403.0 
30.0 2250.0 1664.0 186.0 894.0 899.0 -701.0 
-966.0 819.0 1962.0 985.0 -1140.0 -2050.0 356.0 
2712.0 1279.0 -226.0 825.0 1557.0 748.0 -32.0 
18.0 2018.0 3110.0 940.0 -647.0 604.0 3004.0 
2447.0 -1091.0 -1605.0 1684.0 2892.0 36.0 -1003.0 
2016.0 2267.0 -53.0 -185.0 398.0 1236.0 1716.0 
1201.0 1176.0 833.0 748.0 837.0 87.0 -655.0 
-426.0 1723.0 1504.0 -1531.0 -910.0 1006.0 616.0 
336.0 802.0 2141.0 2660.0 353.0 -193.0 2045.0 
1340.0 -325.0 1136.0 1742.0 608.0 1051.0 849.0 
-1302.0 -508.0 3090.0 2313.0 -1219.0 -368.0 2601.0 
2619.0 3.0 -1329.0 1219.0 3511.0 1050.0 -2169.0 
-1263.0 1307.0 1547.0 -463.0 -1343.0 1042.0 3241.0 
1911.0 -610.0 -950.0 442.0 1462.0 366.0 -1771.0 
-1080.0 1693.0 1794.0 -223.0 336.0 2570.0 2013.0 
790.0 1016.0 -374.0 -795.0 2041.0 2251.0 -727.0 
-185.0 3120.0 2628.0 -554.0 -1043.0 463.0 382.0 
-469.0 -18.0 1119.0 1160.0 -383.0 -356.0 2019.0 
1766.0 -680.0 -124.0 2444.0 2780.0 30.0 -2312.0 
-561.0 2103.0 2057.0 350.0 -676.0 49.0 1730.0 
1762.0 -323.0 -738.0 944.0 1560.0 461.0 112.0 
1095.0 1815.0 1278.0 -322.0 879.0 3123.0 589.0 
-1847.0 -159.0 388.0 -778.0 -526.0 448.0 736.0 
995.0 1526.0 97.0 -1067.0 2089.0 3235.0 -790.0 
-1277.0 2262.0 1981.0 -976.0 -808.0 1584.0 2066.0 
866.0 -568.0 -1432.0 317.0 3259.0 2387.0 -978.0 
-1115.0 370.0 270.0 472.0 1178.0 1375.0 1813.0 
1616.0 585.0 76.0 -57.0 408.0 1903.0 1907.0 
-4.0 -665.0 586.0 1662.0 722.0 -493.0 704.0 
2270.0 1291.0 -364.0 -1124.0 -978.0 2292.0 5055.0 
100.0 -7431.0 -5428.0 2893.0 3698.0 -2444.0 -3355.0 
697.0 1453.0 -98.0 -1562.0 -509.0 5022.0 6267.0 
-671.0 -4361.0 1049.0 6107.0 2445.0 -3530.0 -4026.0 
-1364.0 -371.0 -325.0 1479.0 1330.0 -1347.0 353.0 
4252.0 2341.0 -1056.0 691.0 3007.0 1278.0 -839.0 
-935.0 -649.0 361.0 474.0 -849.0 716.0 3822.0 
2182.0 -1523.0 -1710.0 -626.0 1270.0 2892.0 194.0 
-3302.0 -1614.0 2439.0 2738.0 -956.0 -2380.0 362.0 
2252.0 461.0 -2673.0 -2355.0 198.0 1257.0 2618.0 
3108.0 -917.0 -4629.0 485.0 7437.0 2295.0 -6409.0 
-1226.0 5733.0 338.0 -4114.0 -103.0 1722.0 -1135.0 
-1942.0 90.0 1556.0 1205.0 1693.0 3015.0 -1503.0 
-5122.0 1539.0 4928.0 -2703.0 -4909.0 2172.0 2998.0 
-161.0 317.0 -324.0 779.0 1063.0 -2766.0 -1843.0 
2833.0 2290.0 -997.0 -1029.0 -1913.0 -1277.0 6004.0 
4048.0 -5290.0 -660.0 4661.0 -3067.0 -5408.0 2418.0 
1777.0 -4902.0 -757.0 4790.0 2180.0 524.0 833.0 
974.0 292.0 -3284.0 -3156.0 3054.0 3399.0 -1833.0 
-1215.0 1806.0 2008.0 422.0 -1142.0 -981.0 -1022.0 
14.0 3355.0 3305.0 339.0 -3160.0 -2572.0 3303.0 
2339.0 -4713.0 -5069.0 -246.0 2216.0 -47.0 -3170.0 
-1487.0 3296.0 4028.0 -803.0 -2664.0 1958.0 3053.0 
-3425.0 -3221.0 3116.0 2093.0 -2253.0 -1848.0 1724.0 
4552.0 2761.0 -1482.0 -2405.0 -413.0 183.0 -1696.0 
-2631.0 -374.0 1284.0 -366.0 -2795.0 -2190.0 1698.0 
2165.0 -3037.0 -4113.0 1943.0 4431.0 856.0 1.0 
1849.0 -241.0 -1997.0 2710.0 4983.0 -102.0 -3200.0 
-871.0 506.0 -726.0 738.0 1948.0 -183.0 -180.0 
558.0 804.0 1346.0 -1018.0 -1285.0 2023.0 1929.0 
-136.0 -920.0 -1705.0 -1645.0 -731.0 -905.0 -1283.0 
-180.0 568.0 1772.0 3394.0 981.0 -1595.0 -5.0 
1778.0 1082.0 -1021.0 -1198.0 415.0 850.0 755.0 
-2567.0 -4688.0 1296.0 5684.0 753.0 -4313.0 -1826.0 
2765.0 1567.0 -1790.0 -1538.0 -184.0 175.0 924.0 
2112.0 1946.0 871.0 -325.0 -1858.0 -1309.0 -102.0 
-622.0 -755.0 -550.0 80.0 1269.0 458.0 -1254.0 
-765.0 608.0 -288.0 -1823.0 43.0 2063.0 -512.0 
-2829.0 -759.0 296.0 -2676.0 -4237.0 -621.0 2731.0 
-717.0 -4102.0 -113.0 3073.0 2074.0 119.0 -2665.0 
-2257.0 2211.0 3103.0 -1113.0 -2860.0 -436.0 484.0 
-157.0 780.0 1785.0 1470.0 676.0 -1228.0 -2314.0 
-339.0 -156.0 -1887.0 -475.0 1110.0 334.0 268.0 
1755.0 1261.0 -2655.0 -4073.0 -270.0 3247.0 2540.0 
-399.0 -1035.0 -32.0 -258.0 -1027.0 -1302.0 -1393.0 
-1529.0 -879.0 996.0 900.0 -2987.0 -3270.0 1444.0 
1720.0 -1472.0 -1848.0 -945.0 -155.0 449.0 -624.0 
-1892.0 -916.0 127.0 -572.0 -1086.0 -331.0 488.0 
577.0 567.0 1112.0 1830.0 664.0 -1871.0 -1349.0 
1354.0 1589.0 -120.0 -1478.0 -487.0 2083.0 1492.0 
-2254.0 -2222.0 1707.0 936.0 -2788.0 -1743.0 1294.0 
1001.0 -573.0 737.0 2078.0 -135.0 -1229.0 1127.0 
1769.0 -995.0 -2282.0 -666.0 -614.0 -1335.0 -103.0 
50.0 -1701.0 -1644.0 -281.0 -787.0 -1043.0 735.0 
702.0 -1395.0 -2078.0 -972.0 1191.0 2252.0 597.0 
-1398.0 -1446.0 420.0 1172.0 -910.0 -1410.0 5.0 
-619.0 -1144.0 721.0 1425.0 -484.0 -1555.0 -654.0 
-76.0 -767.0 -1687.0 -1597.0 -479.0 269.0 243.0 
413.0 985.0 935.0 -67.0 -1321.0 -2137.0 -1778.0 
-295.0 -259.0 -1701.0 -1466.0 12.0 786.0 409.0 
-1025.0 -1508.0 267.0 1388.0 -227.0 -1491.0 -45.0 
1047.0 -577.0 -2578.0 -2380.0 -592.0 -118.0 -1732.0 
-2258.0 -610.0 183.0 -521.0 -795.0 314.0 546.0 
-980.0 -977.0 245.0 -157.0 -457.0 222.0 17.0 
-355.0 -280.0 -1177.0 -1103.0 911.0 815.0 -515.0 
168.0 907.0 179.0 -520.0 -899.0 -1385.0 -1601.0 
-1444.0 -1080.0 -822.0 -129.0 1007.0 489.0 -1805.0 
-1958.0 698.0 2424.0 1512.0 -1024.0 -2700.0 -1765.0 
-113.0 -276.0 -1614.0 -1583.0 -9.0 354.0 -1143.0 
-1780.0 -959.0 -394.0 -669.0 -1154.0 -1097.0 -248.0 
1126.0 1637.0 -455.0 -2898.0 -1164.0 1640.0 23.0 
-2051.0 -325.0 1533.0 444.0 -1498.0 -1766.0 -411.0 
541.0 -285.0 -1392.0 -1102.0 -743.0 -843.0 -71.0 
659.0 350.0 -47.0 -869.0 -1902.0 -2128.0 -1568.0 
-388.0 -34.0 -800.0 -360.0 616.0 -56.0 -744.0 
-356.0 -1000.0 -2027.0 -1103.0 11.0 -419.0 -1203.0 
-1690.0 -1024.0 517.0 222.0 -1427.0 -1014.0 746.0 
597.0 -983.0 -1591.0 -673.0 -323.0 -1558.0 -1688.0 
-91.0 30.0 -978.0 -148.0 910.0 60.0 -724.0 
-691.0 232.0 1456.0 187.0 -1551.0 -237.0 1033.0 
184.0 -242.0 295.0 220.0 -100.0 157.0 124.0 
-307.0 -643.0 -689.0 7.0 62.0 -665.0 -469.0 
-542.0 -1436.0 -1121.0 -24.0 -93.0 -1046.0 -1681.0 
-1236.0 -28.0 125.0 -1323.0 -1203.0 808.0 530.0 
-962.0 -97.0 1596.0 1246.0 -1018.0 -2096.0 -247.0 
1312.0 183.0 -803.0 -137.0 50.0 -1011.0 -1744.0 
-799.0 535.0 -56.0 -1708.0 -1635.0 -41.0 580.0 
-181.0 -804.0 -972.0 -1165.0 -872.0 -113.0 139.0 
-217.0 -297.0 72.0 118.0 -405.0 -1141.0 -741.0 
287.0 -383.0 -1462.0 -655.0 298.0 -195.0 -770.0 
-548.0 148.0 411.0 -448.0 -890.0 -61.0 286.0 
-645.0 -684.0 754.0 661.0 -1076.0 -1225.0 -162.0 
-134.0 -722.0 -762.0 -635.0 -537.0 -288.0 -211.0 
-138.0 212.0 115.0 -1128.0 -1916.0 -532.0 740.0 
-47.0 -1164.0 -1016.0 -21.0 286.0 73.0 642.0 
456.0 -1216.0 -1508.0 359.0 1059.0 166.0 -13.0 
-184.0 -934.0 -1017.0 -323.0 543.0 269.0 -1349.0 
-1370.0 99.0 -387.0 -1698.0 -1111.0 -165.0 -370.0 
-527.0 -406.0 -739.0 -685.0 -99.0 -313.0 -765.0 
-587.0 -109.0 516.0 518.0 -763.0 -1332.0 -218.0 
198.0 -904.0 -1176.0 163.0 712.0 -594.0 -1456.0 
-930.0 -871.0 -1153.0 -477.0 -205.0 -895.0 -682.0 
550.0 526.0 -664.0 -1043.0 -257.0 816.0 717.0 
-89.0 278.0 1001.0 405.0 -622.0 -745.0 -222.0 
-10.0 -950.0 -2200.0 -1603.0 19.0 -243.0 -889.0 
462.0 991.0 -258.0 112.0 867.0 -501.0 -889.0 
589.0 288.0 -1141.0 -668.0 408.0 -34.0 -737.0 
-92.0 761.0 294.0 -701.0 -905.0 -542.0 -155.0 
25.0 -373.0 -576.0 100.0 237.0 -905.0 -1129.0 
213.0 563.0 -356.0 -401.0 370.0 166.0 -644.0 
-606.0 -178.0 -537.0 -896.0 -423.0 193.0 430.0 
-12.0 -560.0 22.0 586.0 -38.0 -210.0 537.0 
710.0 328.0 212.0 -72.0 -525.0 -329.0 -206.0 
-557.0 -592.0 -600.0 -463.0 125.0 143.0 -573.0 
-855.0 -231.0 -207.0 -1242.0 -1498.0 -451.0 296.0 
-314.0 -723.0 186.0 801.0 306.0 46.0 299.0 
-239.0 -968.0 -609.0 -254.0 -442.0 -815.0 -1107.0 
-767.0 0.0 106.0 -220.0 -406.0 -206.0 337.0 
424.0 -86.0 -303.0 290.0 691.0 -152.0 -1052.0 
-833.0 -241.0 -294.0 -952.0 -1164.0 -515.0 -225.0 
-505.0 41.0 970.0 761.0 -158.0 -444.0 124.0 
543.0 79.0 -571.0 -216.0 454.0 101.0 -391.0 
-374.0 -614.0 -992.0 -276.0 416.0 -202.0 -663.0 
113.0 959.0 986.0 460.0 90.0 906.0 1506.0 
316.0 -602.0 83.0 701.0 225.0 -416.0 -235.0 
550.0 660.0 320.0 475.0 353.0 -325.0 -412.0 
-187.0 -323.0 -431.0 208.0 951.0 225.0 -996.0 
-709.0 385.0 691.0 -167.0 -1264.0 -1379.0 -741.0 
-229.0 -263.0 -745.0 -1132.0 -1008.0 -794.0 -898.0 
-832.0 -395.0 -355.0 -861.0 -940.0 -250.0 446.0 
361.0 -363.0 -639.0 -170.0 306.0 -119.0 -1169.0 
-1354.0 -337.0 340.0 -332.0 -998.0 -369.0 198.0 
-372.0 -598.0 -29.0 -41.0 -578.0 -349.0 403.0 
486.0 -238.0 -531.0 43.0 160.0 -651.0 -918.0 
-145.0 202.0 -338.0 -746.0 -400.0 478.0 784.0 
-382.0 -1588.0 -1131.0 -208.0 -429.0 -850.0 -345.0 
109.0 -340.0 -1015.0 -970.0 -238.0 -28.0 -511.0 
-527.0 -183.0 -117.0 -257.0 -573.0 -842.0 -608.0 
-308.0 -420.0 -391.0 -11.0 -4.0 -368.0 -449.0 
-391.0 -218.0 107.0 -51.0 -556.0 -801.0 -793.0 
-555.0 -305.0 -408.0 -408.0 -57.0 -8.0 -46.0 
-52.0 -473.0 -667.0 -406.0 -640.0 -1047.0 -690.0 
-63.0 -124.0 -705.0 -965.0 -581.0 -105.0 -293.0 
-1110.0 -1382.0 -745.0 -406.0 -551.0 -717.0 -788.0 
-431.0 -17.0 -344.0 -549.0 -12.0 76.0 -398.0 
-295.0 -41.0 -539.0 -868.0 -394.0 -164.0 -525.0 
-882.0 -930.0 -501.0 -132.0 -260.0 -280.0 -237.0 
-527.0 -626.0 -320.0 29.0 221.0 72.0 -475.0 
-472.0 113.0 -83.0 -800.0 -886.0 -604.0 -515.0 
-773.0 -942.0 -610.0 -660.0 -1136.0 -1016.0 -290.0 
-166.0 -760.0 -866.0 -640.0 -821.0 -950.0 -1162.0 
-1277.0 -524.0 -242.0 -1219.0 -1418.0 -406.0 -44.0 
-903.0 -1461.0 -638.0 390.0 111.0 -662.0 -495.0 
-49.0 -182.0 -156.0 130.0 -50.0 -502.0 -637.0 
-324.0 -134.0 -576.0 -1061.0 -752.0 -304.0 -709.0 
-1280.0 -890.0 -246.0 -461.0 -1145.0 -1138.0 -317.0 
87.0 -648.0 -1325.0 -813.0 -197.0 -361.0 -718.0 
-826.0 -988.0 -1245.0 -1088.0 -678.0 -590.0 -715.0 
-809.0 -562.0 -443.0 -1232.0 -1671.0 -692.0 -235.0 
-1334.0 -1806.0 -849.0 60.0 141.0 -413.0 -652.0 
-115.0 366.0 49.0 -551.0 -597.0 -308.0 -421.0 
-861.0 -908.0 -362.0 148.0 -291.0 -815.0 -310.0 
-79.0 -765.0 -806.0 -217.0 -232.0 -298.0 71.0 
9.0 -478.0 -593.0 -451.0 -172.0 -4.0 -412.0 
-661.0 -605.0 -622.0 -351.0 -373.0 -908.0 -756.0 
-48.0 -364.0 -1059.0 -875.0 -607.0 -373.0 -192.0 
-905.0 -1701.0 -1218.0 -520.0 -999.0 -1702.0 -1406.0 
-447.0 -225.0 -856.0 -903.0 -212.0 66.0 -648.0 
-1054.0 -243.0 357.0 166.0 -163.0 -288.0 152.0 
473.0 -77.0 -661.0 -514.0 -267.0 -662.0 -1128.0 
-955.0 -513.0 -472.0 -777.0 -895.0 -657.0 -329.0 
-327.0 -583.0 -864.0 -885.0 -552.0 -626.0 -1023.0 
-605.0 -64.0 -564.0 -865.0 -256.0 2.0 -149.0 
66.0 110.0 -402.0 -412.0 421.0 584.0 -5.0 
79.0 544.0 311.0 -273.0 -238.0 84.0 -348.0 
-840.0 -231.0 350.0 -253.0 -839.0 -294.0 390.0 
329.0 -80.0 -402.0 -132.0 346.0 44.0 -375.0 
-74.0 4.0 -287.0 36.0 403.0 -133.0 -454.0 
218.0 603.0 268.0 118.0 248.0 483.0 658.0 
428.0 129.0 150.0 226.0 349.0 381.0 21.0 
-143.0 217.0 448.0 222.0 -27.0 44.0 282.0 
329.0 26.0 -175.0 38.0 320.0 274.0 -13.0 
-14.0 447.0 613.0 248.0 113.0 371.0 337.0 
53.0 73.0 1.0 -295.0 -133.0 220.0 141.0 
-51.0 -166.0 -199.0 -84.0 -160.0 -242.0 -120.0 
-160.0 -19.0 106.0 -66.0 -70.0 205.0 107.0 
-200.0 249.0 726.0 659.0 676.0 484.0 384.0 
1084.0 1314.0 459.0 80.0 476.0 567.0 411.0 
229.0 83.0 465.0 616.0 58.0 214.0 993.0 
733.0 291.0 553.0 424.0 318.0 572.0 313.0 
303.0 897.0 895.0 613.0 831.0 851.0 617.0 
752.0 643.0 267.0 424.0 531.0 385.0 681.0 
757.0 170.0 138.0 589.0 441.0 121.0 159.0 
308.0 482.0 599.0 568.0 594.0 888.0 989.0 
807.0 762.0 686.0 602.0 1036.0 1051.0 584.0 
724.0 616.0 197.0 626.0 758.0 118.0 349.0 
1121.0 1028.0 555.0 549.0 782.0 1052.0 910.0 
450.0 447.0 510.0 628.0 1062.0 563.0 -208.0 
326.0 1094.0 913.0 555.0 410.0 358.0 672.0 
1012.0 713.0 627.0 1062.0 895.0 680.0 1007.0 
932.0 530.0 651.0 931.0 754.0 403.0 374.0 
799.0 838.0 386.0 610.0 1054.0 847.0 969.0 
1577.0 1512.0 1080.0 1164.0 1528.0 1652.0 1566.0 
1462.0 1574.0 1740.0 1446.0 1145.0 1357.0 1503.0 
1249.0 1131.0 1251.0 1052.0 946.0 1582.0 1874.0 
1365.0 1251.0 1606.0 1590.0 1272.0 1106.0 957.0 
931.0 1051.0 885.0 840.0 1260.0 1436.0 1169.0 
1068.0 1494.0 1868.0 1405.0 844.0 1046.0 1125.0 
777.0 904.0 1256.0 812.0 422.0 666.0 560.0 
392.0 646.0 657.0 387.0 354.0 553.0 836.0 
975.0 798.0 937.0 1250.0 1138.0 994.0 936.0 
958.0 1363.0 1391.0 798.0 693.0 1102.0 994.0 
663.0 753.0 835.0 899.0 985.0 815.0 930.0 
1265.0 1009.0 653.0 873.0 857.0 461.0 519.0 
699.0 555.0 545.0 728.0 834.0 873.0 776.0 
602.0 678.0 830.0 658.0 261.0 293.0 753.0 
919.0 861.0 944.0 1066.0 1106.0 1209.0 1393.0 
1278.0 1099.0 1389.0 1686.0 1522.0 1585.0 1988.0 
1790.0 1163.0 1279.0 1732.0 1558.0 1256.0 1283.0 
1158.0 995.0 1209.0 1222.0 677.0 515.0 975.0 
1288.0 1144.0 923.0 1028.0 1316.0 1333.0 1074.0 
856.0 835.0 1034.0 1073.0 583.0 289.0 701.0 
1105.0 1013.0 817.0 1035.0 1479.0 1455.0 1150.0 
1201.0 1278.0 1066.0 1009.0 1214.0 1334.0 1215.0 
1239.0 1492.0 1429.0 1132.0 1298.0 1574.0 1428.0 
1330.0 1403.0 1413.0 1226.0 1122.0 1212.0 1118.0 
907.0 641.0 651.0 1024.0 1045.0 804.0 708.0 
759.0 1106.0 1342.0 1080.0 874.0 851.0 849.0 
1058.0 1087.0 593.0 473.0 1018.0 1139.0 701.0 
604.0 1111.0 1520.0 1115.0 604.0 1050.0 1583.0 
1324.0 878.0 756.0 1041.0 1269.0 985.0 744.0 
841.0 866.0 855.0 1270.0 1515.0 986.0 727.0 
1143.0 1604.0 1739.0 1181.0 664.0 1325.0 2106.0 
1280.0 426.0 1205.0 2227.0 1864.0 598.0 842.0 
2384.0 2245.0 840.0 726.0 1420.0 1463.0 1141.0 
896.0 716.0 844.0 1106.0 1220.0 1162.0 920.0 
997.0 1619.0 1515.0 743.0 1081.0 1750.0 1171.0 
482.0 879.0 1459.0 1177.0 485.0 302.0 882.0 
1065.0 424.0 389.0 919.0 1166.0 1169.0 1128.0 
759.0 443.0 736.0 903.0 745.0 942.0 1142.0 
1105.0 942.0 494.0 495.0 782.0 359.0 -40.0 
421.0 756.0 421.0 502.0 1033.0 1043.0 654.0 
580.0 500.0 360.0 779.0 884.0 229.0 21.0 
395.0 683.0 602.0 -71.0 -172.0 589.0 611.0 
127.0 53.0 143.0 414.0 657.0 403.0 234.0 
598.0 769.0 509.0 616.0 1156.0 939.0 208.0 
265.0 933.0 1275.0 753.0 202.0 808.0 1210.0 
445.0 239.0 851.0 932.0 605.0 481.0 650.0 
893.0 677.0 390.0 839.0 1024.0 480.0 452.0 
757.0 704.0 624.0 213.0 17.0 615.0 628.0 
112.0 451.0 680.0 563.0 1064.0 1051.0 361.0 
525.0 967.0 896.0 768.0 421.0 345.0 1067.0 
1128.0 386.0 293.0 343.0 251.0 603.0 546.0 
206.0 405.0 503.0 347.0 451.0 491.0 536.0 
737.0 613.0 145.0 109.0 453.0 339.0 166.0 
473.0 796.0 886.0 429.0 -34.0 600.0 992.0 
137.0 54.0 746.0 560.0 215.0 274.0 536.0 
704.0 360.0 39.0 348.0 623.0 378.0 130.0 
270.0 501.0 513.0 391.0 310.0 568.0 723.0 
186.0 -87.0 278.0 268.0 -94.0 -225.0 70.0 
256.0 188.0 227.0 83.0 48.0 274.0 270.0 
417.0 742.0 526.0 76.0 -38.0 305.0 955.0 
865.0 189.0 400.0 917.0 596.0 315.0 437.0 
374.0 214.0 193.0 288.0 307.0 -38.0 -511.0 
-505.0 101.0 635.0 541.0 333.0 514.0 581.0 
527.0 452.0 153.0 -6.0 214.0 567.0 500.0 
-191.0 -396.0 360.0 635.0 -95.0 -236.0 274.0 
330.0 108.0 -125.0 -16.0 402.0 13.0 -483.0 
196.0 550.0 -181.0 -261.0 187.0 141.0 141.0 
-123.0 -507.0 -56.0 330.0 -112.0 -202.0 257.0 
161.0 36.0 683.0 774.0 206.0 370.0 891.0 
868.0 398.0 251.0 639.0 732.0 277.0 62.0 
243.0 176.0 359.0 512.0 277.0 293.0 582.0 
499.0 -50.0 -206.0 -127.0 330.0 438.0 -354.0 
-283.0 541.0 442.0 -36.0 -49.0 139.0 548.0 
467.0 -323.0 -512.0 341.0 677.0 101.0 -140.0 
63.0 581.0 832.0 179.0 -258.0 377.0 931.0 
769.0 378.0 -23.0 249.0 945.0 873.0 403.0 
300.0 447.0 503.0 494.0 249.0 106.0 479.0 
533.0 348.0 310.0 192.0 152.0 252.0 158.0 
94.0 250.0 348.0 527.0 656.0 514.0 409.0 
548.0 651.0 421.0 337.0 591.0 523.0 228.0 
129.0 34.0 -111.0 -193.0 -275.0 -212.0 21.0 
35.0 -113.0 -76.0 93.0 343.0 326.0 -126.0 
-226.0 218.0 275.0 -210.0 -334.0 115.0 395.0 
47.0 -214.0 190.0 619.0 363.0 -33.0 74.0 
402.0 487.0 268.0 72.0 186.0 234.0 166.0 
144.0 -82.0 -478.0 -200.0 419.0 171.0 -639.0 
-683.0 130.0 478.0 -167.0 -637.0 32.0 762.0 
327.0 -192.0 44.0 642.0 615.0 -252.0 -561.0 
196.0 237.0 -535.0 -256.0 11.0 -541.0 -210.0 
290.0 -255.0 -446.0 -154.0 -490.0 -569.0 -453.0 
-865.0 -618.0 -74.0 -700.0 -967.0 -26.0 94.0 
-493.0 -241.0 54.0 -473.0 -666.0 -190.0 106.0 
7.0 -183.0 80.0 478.0 12.0 -516.0 4.0 
397.0 174.0 -120.0 -314.0 87.0 449.0 -339.0 
-939.0 -11.0 673.0 -72.0 -708.0 -198.0 450.0 
187.0 -565.0 -613.0 89.0 225.0 -385.0 -435.0 
212.0 215.0 -491.0 -427.0 228.0 208.0 -233.0 
-222.0 200.0 385.0 8.0 -309.0 -20.0 396.0 
253.0 -155.0 81.0 807.0 566.0 -370.0 -149.0 
680.0 474.0 -188.0 78.0 812.0 599.0 -245.0 
-197.0 485.0 230.0 -504.0 -202.0 500.0 310.0 
-128.0 30.0 285.0 182.0 -78.0 -10.0 361.0 
257.0 -271.0 -200.0 356.0 304.0 -367.0 -714.0 
-228.0 177.0 -181.0 -377.0 -13.0 206.0 -31.0 
-502.0 -603.0 -121.0 -14.0 -480.0 -450.0 -204.0 
-280.0 -159.0 -340.0 -811.0 -384.0 135.0 -229.0 
-444.0 -344.0 -354.0 -118.0 -20.0 102.0 414.0 
166.0 -107.0 364.0 644.0 344.0 162.0 161.0 
287.0 368.0 373.0 628.0 491.0 -42.0 -34.0 
313.0 350.0 11.0 -260.0 62.0 523.0 402.0 
88.0 23.0 167.0 421.0 135.0 -200.0 354.0 
479.0 -411.0 -800.0 -124.0 529.0 97.0 -861.0 
-377.0 561.0 216.0 -218.0 -309.0 -314.0 168.0 
300.0 -633.0 -827.0 -143.0 -42.0 -320.0 -231.0 
-117.0 97.0 289.0 -44.0 -320.0 -95.0 136.0 
265.0 269.0 -8.0 173.0 589.0 247.0 -71.0 
140.0 80.0 60.0 466.0 67.0 -364.0 432.0 
666.0 97.0 -20.0 -92.0 -56.0 121.0 -260.0 
-552.0 0.0 284.0 -131.0 -385.0 -301.0 -211.0 
-185.0 -229.0 -335.0 -487.0 -455.0 -226.0 68.0 
303.0 -173.0 -448.0 519.0 834.0 37.0 -154.0 
96.0 166.0 191.0 -70.0 -391.0 -364.0 -246.0 
-108.0 51.0 -51.0 -91.0 321.0 326.0 -162.0 
-59.0 118.0 -174.0 -200.0 32.0 -116.0 -412.0 
-184.0 122.0 -152.0 -453.0 -436.0 -301.0 -281.0 
-466.0 -590.0 -510.0 -425.0 -536.0 -360.0 93.0 
-243.0 -555.0 -51.0 -156.0 -695.0 -413.0 -142.0 
-371.0 -567.0 -529.0 -138.0 -162.0 -584.0 -464.0 
-330.0 -483.0 -370.0 -237.0 -530.0 -608.0 -228.0 
-60.0 -329.0 -609.0 -422.0 -95.0 78.0 109.0 
-264.0 -605.0 -245.0 315.0 -3.0 -761.0 -637.0 
201.0 223.0 -494.0 -776.0 -471.0 114.0 420.0 
41.0 -302.0 128.0 576.0 259.0 -1.0 366.0 
636.0 191.0 -180.0 140.0 379.0 -26.0 -202.0 
310.0 436.0 4.0 -376.0 -366.0 186.0 536.0 
-7.0 -692.0 -185.0 731.0 538.0 -364.0 -730.0 
66.0 865.0 210.0 -817.0 -407.0 511.0 282.0 
-519.0 -548.0 480.0 1019.0 148.0 -613.0 70.0 
982.0 512.0 -253.0 -60.0 501.0 795.0 447.0 
-130.0 -172.0 304.0 600.0 217.0 -334.0 -377.0 
168.0 349.0 -293.0 -605.0 -237.0 -77.0 -375.0 
-479.0 -311.0 -417.0 -484.0 -168.0 -30.0 -222.0 
-222.0 128.0 336.0 -60.0 -437.0 14.0 135.0 
-172.0 114.0 163.0 -445.0 -34.0 462.0 -109.0 
-367.0 56.0 229.0 97.0 251.0 283.0 -107.0 
-254.0 -37.0 -16.0 -407.0 -268.0 382.0 230.0 
-212.0 244.0 368.0 -311.0 -252.0 269.0 -180.0 
-209.0 599.0 333.0 31.0 562.0 407.0 -15.0 
311.0 335.0 -121.0 260.0 515.0 -186.0 12.0 
997.0 837.0 45.0 189.0 906.0 1014.0 488.0 
-130.0 -62.0 531.0 773.0 539.0 29.0 -120.0 
605.0 1164.0 445.0 -58.0 521.0 662.0 368.0 
500.0 393.0 -1.0 303.0 787.0 496.0 -73.0 
-52.0 525.0 845.0 426.0 -197.0 -96.0 495.0 
616.0 367.0 107.0 -289.0 -177.0 598.0 607.0 
-369.0 -623.0 151.0 248.0 -473.0 -763.0 -423.0 
-145.0 -237.0 -405.0 -341.0 -98.0 -203.0 -428.0 
-219.0 -226.0 -594.0 -775.0 -704.0 -487.0 -208.0 
-404.0 -773.0 -273.0 305.0 90.0 -136.0 -194.0 
-387.0 -185.0 -32.0 -581.0 -973.0 -579.0 -114.0 
-12.0 -409.0 -787.0 -170.0 427.0 -271.0 -977.0 
-505.0 41.0 -170.0 -533.0 -628.0 -336.0 -49.0 
-372.0 -567.0 -264.0 -290.0 -270.0 83.0 -170.0 
-737.0 -444.0 -69.0 -350.0 -442.0 -312.0 -276.0 
-102.0 38.0 106.0 204.0 -56.0 -356.0 76.0 
344.0 -418.0 -816.0 -11.0 660.0 60.0 -754.0 
-417.0 398.0 263.0 -419.0 -475.0 -24.0 188.0 
-269.0 -556.0 107.0 697.0 27.0 -664.0 76.0 
641.0 -299.0 -1062.0 -499.0 511.0 430.0 -881.0 
-1111.0 403.0 941.0 -387.0 -937.0 126.0 567.0 
-49.0 -175.0 309.0 502.0 310.0 123.0 195.0 
393.0 396.0 168.0 -84.0 105.0 427.0 -66.0 
-713.0 -411.0 120.0 110.0 -273.0 -629.0 -456.0 
199.0 629.0 239.0 -540.0 -512.0 448.0 722.0 
-291.0 -875.0 -116.0 531.0 88.0 -528.0 -425.0 
27.0 232.0 112.0 -458.0 -635.0 283.0 409.0 
-356.0 -217.0 529.0 619.0 219.0 -99.0 104.0 
592.0 208.0 -86.0 455.0 664.0 179.0 -39.0 
217.0 380.0 282.0 5.0 28.0 650.0 831.0 
97.0 178.0 971.0 852.0 339.0 322.0 575.0 
815.0 663.0 95.0 359.0 843.0 300.0 181.0 
707.0 422.0 -21.0 235.0 346.0 120.0 196.0 
383.0 317.0 -11.0 86.0 865.0 903.0 9.0 
-192.0 335.0 598.0 520.0 215.0 19.0 327.0 
579.0 244.0 36.0 418.0 467.0 -157.0 -114.0 
583.0 413.0 -94.0 69.0 292.0 117.0 39.0 
168.0 208.0 47.0 -171.0 39.0 429.0 299.0 
-55.0 11.0 501.0 777.0 268.0 -54.0 542.0 
812.0 269.0 -67.0 339.0 854.0 752.0 360.0 
191.0 178.0 376.0 608.0 348.0 -70.0 82.0 
508.0 509.0 142.0 -79.0 208.0 530.0 173.0 
-337.0 -102.0 382.0 272.0 -14.0 307.0 665.0 
170.0 -218.0 412.0 991.0 539.0 37.0 450.0 
771.0 212.0 -197.0 180.0 321.0 -25.0 18.0 
399.0 345.0 -43.0 46.0 398.0 21.0 -499.0 
-31.0 436.0 -318.0 -630.0 346.0 707.0 -193.0 
-467.0 534.0 879.0 -124.0 -627.0 53.0 349.0 
-299.0 -477.0 266.0 354.0 -251.0 -247.0 -28.0 
-94.0 33.0 171.0 -38.0 -71.0 162.0 253.0 
84.0 -88.0 -17.0 204.0 24.0 -542.0 -186.0 
420.0 -189.0 -811.0 -186.0 128.0 -476.0 -657.0 
-144.0 35.0 -259.0 -121.0 424.0 180.0 -524.0 
23.0 983.0 389.0 -424.0 212.0 907.0 442.0 
-72.0 365.0 914.0 653.0 37.0 65.0 804.0 
792.0 134.0 383.0 789.0 233.0 -18.0 558.0 
591.0 -28.0 -122.0 429.0 604.0 126.0 -69.0 
270.0 361.0 17.0 -219.0 -327.0 -294.0 -91.0 
-121.0 -309.0 -122.0 122.0 -113.0 -326.0 22.0 
231.0 -225.0 -329.0 200.0 282.0 6.0 94.0 
402.0 347.0 -62.0 13.0 380.0 83.0 -266.0 
106.0 470.0 244.0 -73.0 119.0 355.0 102.0 
-159.0 -135.0 92.0 73.0 -409.0 -345.0 323.0 
392.0 -35.0 -46.0 223.0 322.0 272.0 226.0 
297.0 188.0 40.0 332.0 694.0 551.0 355.0 
594.0 748.0 464.0 340.0 659.0 736.0 340.0 
323.0 777.0 770.0 394.0 389.0 640.0 665.0 
382.0 315.0 533.0 567.0 432.0 275.0 517.0 
1022.0 913.0 507.0 865.0 1497.0 1389.0 761.0 
818.0 1591.0 1401.0 702.0 960.0 1300.0 1020.0 
778.0 945.0 840.0 614.0 743.0 893.0 796.0 
660.0 675.0 578.0 415.0 570.0 815.0 628.0 
390.0 707.0 907.0 451.0 360.0 601.0 622.0 
927.0 983.0 467.0 544.0 1128.0 718.0 15.0 
410.0 999.0 856.0 279.0 351.0 1065.0 1004.0 
-18.0 107.0 1527.0 1419.0 -255.0 -512.0 1013.0 
1557.0 450.0 -231.0 753.0 1707.0 828.0 -301.0 
358.0 1406.0 1023.0 281.0 363.0 885.0 1029.0 
487.0 250.0 882.0 1078.0 444.0 436.0 1105.0 
1015.0 486.0 635.0 881.0 747.0 707.0 834.0 
1035.0 936.0 667.0 971.0 1471.0 949.0 458.0 
1189.0 1536.0 840.0 723.0 1383.0 1515.0 891.0 
475.0 832.0 1379.0 980.0 368.0 915.0 1357.0 
930.0 921.0 1085.0 819.0 741.0 1025.0 1049.0 
974.0 963.0 930.0 952.0 966.0 813.0 979.0 
1146.0 622.0 592.0 1229.0 1079.0 604.0 955.0 
1332.0 1083.0 983.0 1097.0 1201.0 1149.0 902.0 
1218.0 1621.0 1073.0 750.0 1583.0 1722.0 766.0 
998.0 1733.0 1118.0 626.0 1144.0 1310.0 990.0 
831.0 618.0 925.0 1168.0 521.0 741.0 1267.0 
490.0 484.0 1234.0 904.0 557.0 747.0 638.0 
935.0 1114.0 344.0 374.0 1362.0 1213.0 582.0 
749.0 938.0 1130.0 1189.0 494.0 563.0 1440.0 
1044.0 296.0 694.0 959.0 842.0 830.0 546.0 
544.0 1105.0 1109.0 675.0 734.0 838.0 893.0 
1123.0 805.0 554.0 1073.0 1048.0 439.0 736.0 
1221.0 813.0 564.0 827.0 770.0 825.0 880.0 
588.0 685.0 1048.0 946.0 627.0 744.0 958.0 
960.0 911.0 773.0 784.0 1165.0 1177.0 668.0 
693.0 1116.0 1091.0 885.0 928.0 1079.0 1175.0 
1071.0 964.0 1223.0 1455.0 1241.0 1117.0 1298.0 
1126.0 894.0 1099.0 1334.0 1288.0 1195.0 878.0 
617.0 1249.0 1414.0 658.0 660.0 1081.0 852.0 
774.0 863.0 701.0 1014.0 1058.0 455.0 663.0 
1404.0 1203.0 559.0 583.0 1031.0 1064.0 650.0 
498.0 988.0 1239.0 574.0 92.0 434.0 820.0 
801.0 121.0 -387.0 339.0 1053.0 325.0 -382.0 
298.0 894.0 426.0 196.0 767.0 1184.0 796.0 
195.0 630.0 1429.0 959.0 192.0 634.0 1408.0 
1120.0 420.0 550.0 991.0 865.0 538.0 481.0 
827.0 950.0 467.0 455.0 730.0 636.0 745.0 
848.0 684.0 623.0 630.0 724.0 974.0 815.0 
389.0 518.0 1004.0 831.0 476.0 604.0 741.0 
648.0 294.0 228.0 716.0 831.0 274.0 35.0 
536.0 675.0 48.0 -82.0 486.0 761.0 417.0 
-131.0 35.0 997.0 910.0 50.0 191.0 735.0 
661.0 300.0 144.0 397.0 602.0 431.0 230.0 
368.0 728.0 726.0 408.0 371.0 440.0 507.0 
721.0 615.0 392.0 571.0 625.0 400.0 509.0 
807.0 840.0 776.0 602.0 454.0 658.0 848.0 
696.0 631.0 698.0 553.0 420.0 476.0 478.0 
303.0 226.0 293.0 295.0 214.0 62.0 -4.0 
177.0 319.0 202.0 96.0 149.0 289.0 405.0 
287.0 254.0 506.0 556.0 416.0 527.0 725.0 
670.0 508.0 522.0 653.0 717.0 565.0 323.0 
260.0 341.0 486.0 491.0 202.0 140.0 439.0 
485.0 275.0 37.0 8.0 399.0 576.0 138.0 
-237.0 109.0 516.0 282.0 -122.0 -59.0 530.0 
633.0 -3.0 61.0 761.0 610.0 6.0 103.0 
520.0 499.0 253.0 95.0 10.0 303.0 479.0 
215.0 156.0 302.0 327.0 361.0 252.0 125.0 
466.0 625.0 370.0 497.0 576.0 196.0 414.0 
882.0 434.0 67.0 482.0 663.0 323.0 13.0 
75.0 313.0 331.0 66.0 -46.0 199.0 169.0 
-187.0 -235.0 -95.0 55.0 237.0 169.0 -24.0 
6.0 218.0 479.0 413.0 75.0 -26.0 41.0 
125.0 208.0 102.0 -49.0 -12.0 90.0 -13.0 
-91.0 -16.0 -6.0 -23.0 -43.0 -118.0 -4.0 
116.0 -60.0 -176.0 112.0 261.0 -60.0 -225.0 
56.0 302.0 188.0 -212.0 -509.0 -203.0 242.0 
-90.0 -702.0 -486.0 -45.0 -194.0 -608.0 -615.0 
-192.0 -69.0 -390.0 -506.0 -223.0 39.0 -39.0 
-250.0 -193.0 -34.0 0.0 -96.0 -275.0 -143.0 
220.0 116.0 -419.0 -491.0 -117.0 -141.0 -510.0 
-602.0 -451.0 -414.0 -418.0 -419.0 -495.0 -444.0 
-306.0 -202.0 -327.0 -680.0 -424.0 205.0 -100.0 
-726.0 -580.0 30.0 82.0 -632.0 -771.0 -50.0 
161.0 -421.0 -279.0 93.0 -168.0 -187.0 -30.0 
-308.0 -164.0 148.0 -228.0 -365.0 -110.0 -202.0 
-312.0 -176.0 -241.0 -138.0 -104.0 -492.0 -183.0 
321.0 -78.0 -427.0 -1.0 264.0 150.0 104.0 
86.0 197.0 334.0 126.0 125.0 321.0 -30.0 
-91.0 218.0 -21.0 40.0 506.0 34.0 -505.0 
144.0 576.0 -4.0 -394.0 -131.0 208.0 342.0 
-5.0 -508.0 -80.0 562.0 25.0 -661.0 -295.0 
315.0 214.0 -582.0 -844.0 -41.0 224.0 -439.0 
-447.0 23.0 -204.0 -179.0 96.0 -314.0 -503.0 
53.0 276.0 -214.0 -407.0 -13.0 314.0 102.0 
-464.0 -407.0 292.0 372.0 -480.0 -753.0 99.0 
376.0 -381.0 -451.0 191.0 141.0 -504.0 -452.0 
226.0 -23.0 -582.0 -142.0 304.0 -235.0 -757.0 
-432.0 163.0 -123.0 -988.0 -755.0 156.0 13.0 
-753.0 -604.0 109.0 132.0 -527.0 -566.0 4.0 
-73.0 -419.0 -312.0 -111.0 -94.0 -220.0 -289.0 
-154.0 -205.0 -258.0 271.0 516.0 -402.0 -729.0 
216.0 64.0 -821.0 -549.0 189.0 -18.0 -843.0 
-943.0 5.0 211.0 -597.0 -508.0 17.0 -137.0 
-461.0 -325.0 -228.0 -231.0 -217.0 -336.0 -91.0 
168.0 -284.0 -725.0 -387.0 319.0 113.0 -904.0 
-548.0 718.0 147.0 -1011.0 -504.0 299.0 195.0 
-253.0 -647.0 -456.0 191.0 170.0 -682.0 -697.0 
6.0 -81.0 -448.0 -607.0 -728.0 -395.0 -289.0 
-703.0 -850.0 -555.0 -388.0 -476.0 -413.0 -489.0 
-454.0 -380.0 -635.0 -390.0 -161.0 -717.0 -627.0 
9.0 -387.0 -702.0 -337.0 -282.0 -226.0 -203.0 
-662.0 -611.0 167.0 68.0 -528.0 -393.0 -113.0 
-97.0 -223.0 -298.0 -183.0 -154.0 -135.0 41.0 
-91.0 -320.0 49.0 143.0 -279.0 -183.0 74.0 
-40.0 -58.0 -35.0 -49.0 -19.0 43.0 5.0 
-222.0 -230.0 236.0 237.0 -358.0 -325.0 233.0 
123.0 -407.0 -552.0 -299.0 58.0 49.0 -604.0 
-611.0 171.0 -106.0 -739.0 -259.0 -44.0 -473.0 
-326.0 -109.0 -368.0 -353.0 -84.0 -138.0 -181.0 
-68.0 -169.0 -327.0 -195.0 -56.0 -225.0 -406.0 
-244.0 41.0 -82.0 -463.0 -272.0 99.0 -181.0 
-514.0 -324.0 -226.0 -424.0 -336.0 -135.0 -265.0 
-427.0 -492.0 -226.0 6.0 -395.0 -763.0 -275.0 
-27.0 -564.0 -676.0 -282.0 -294.0 -560.0 -559.0 
-451.0 -180.0 -165.0 -518.0 -554.0 -402.0 -310.0 
-202.0 -248.0 -466.0 -181.0 -65.0 -670.0 -548.0 
210.0 -73.0 -903.0 -494.0 286.0 -161.0 -869.0 
-509.0 155.0 -26.0 -524.0 -293.0 228.0 34.0 
-409.0 -126.0 143.0 -116.0 -10.0 35.0 -210.0 
14.0 140.0 -55.0 -217.0 -321.0 -370.0 -282.0 
-71.0 -94.0 -358.0 -462.0 -273.0 -273.0 -552.0 
-533.0 -256.0 -204.0 -358.0 -597.0 -742.0 -435.0 
160.0 95.0 -805.0 -940.0 303.0 792.0 -432.0 
-1094.0 148.0 1060.0 151.0 -780.0 -186.0 642.0 
383.0 -230.0 -179.0 150.0 173.0 -21.0 -179.0 
-386.0 -185.0 419.0 14.0 -740.0 -240.0 383.0 
123.0 -299.0 -430.0 -221.0 129.0 117.0 -111.0 
-77.0 73.0 92.0 10.0 37.0 -13.0 -77.0 
28.0 100.0 68.0 -3.0 109.0 294.0 37.0 
-238.0 77.0 268.0 -105.0 -29.0 326.0 33.0 
-151.0 246.0 220.0 -56.0 233.0 231.0 -215.0 
2.0 492.0 173.0 -338.0 -24.0 565.0 369.0 
-209.0 -168.0 281.0 287.0 -193.0 -208.0 194.0 
-64.0 -353.0 164.0 328.0 -244.0 -433.0 -19.0 
259.0 -79.0 -493.0 46.0 556.0 -77.0 -403.0 
183.0 270.0 -156.0 -90.0 163.0 214.0 121.0 
-98.0 -114.0 182.0 137.0 -165.0 -28.0 76.0 
32.0 326.0 83.0 -446.0 33.0 511.0 -109.0 
-455.0 -123.0 18.0 -115.0 -361.0 -402.0 -190.0 
-117.0 -238.0 -374.0 -518.0 -299.0 32.0 -302.0 
-717.0 -364.0 125.0 10.0 -429.0 -413.0 68.0 
165.0 -280.0 -438.0 -14.0 205.0 -211.0 -436.0 
-117.0 -152.0 -231.0 14.0 -90.0 -277.0 25.0 
208.0 -13.0 -225.0 -137.0 224.0 237.0 -113.0 
83.0 318.0 17.0 205.0 463.0 -183.0 -218.0 
741.0 638.0 -242.0 -208.0 166.0 298.0 284.0 
-139.0 -485.0 117.0 505.0 -395.0 -559.0 225.0 
185.0 -143.0 -586.0 -230.0 635.0 -35.0 -859.0 
-540.0 202.0 284.0 -465.0 -574.0 -46.0 98.0 
-422.0 -522.0 16.0 -308.0 -658.0 -289.0 -217.0 
-198.0 -193.0 -620.0 -459.0 253.0 -91.0 -862.0 
-462.0 346.0 18.0 -472.0 -150.0 33.0 -54.0 
-103.0 -150.0 8.0 103.0 -184.0 -68.0 223.0 
134.0 -81.0 -366.0 -66.0 281.0 -299.0 -548.0 
-27.0 -47.0 -649.0 -290.0 283.0 -373.0 -718.0 
-294.0 44.0 -11.0 -400.0 -252.0 243.0 31.0 
-514.0 -89.0 442.0 -78.0 -409.0 -97.0 110.0 
384.0 61.0 -455.0 474.0 770.0 -422.0 -488.0 
405.0 197.0 -227.0 