376.0 403.0 445.0 423.0 387.0 351.0 308.0 
356.0 419.0 336.0 269.0 338.0 366.0 283.0 
288.0 345.0 300.0 256.0 309.0 338.0 311.0 
289.0 256.0 276.0 329.0 275.0 181.0 156.0 
134.0 93.0 144.0 177.0 52.0 -32.0 73.0 
142.0 118.0 165.0 205.0 188.0 245.0 346.0 
392.0 432.0 463.0 426.0 476.0 628.0 599.0 
464.0 524.0 601.0 530.0 508.0 532.0 485.0 
456.0 487.0 467.0 436.0 459.0 431.0 374.0 
393.0 425.0 377.0 350.0 408.0 390.0 315.0 
358.0 399.0 303.0 293.0 377.0 288.0 152.0 
249.0 343.0 238.0 217.0 285.0 192.0 155.0 
241.0 190.0 134.0 202.0 195.0 121.0 154.0 
134.0 38.0 113.0 248.0 128.0 2.0 114.0 
281.0 302.0 187.0 194.0 364.0 413.0 357.0 
447.0 524.0 405.0 479.0 649.0 525.0 419.0 
556.0 647.0 567.0 555.0 585.0 454.0 453.0 
604.0 496.0 359.0 462.0 413.0 243.0 362.0 
441.0 203.0 153.0 350.0 273.0 59.0 165.0 
298.0 93.0 -42.0 163.0 210.0 -33.0 -57.0 
139.0 146.0 10.0 47.0 181.0 112.0 90.0 
307.0 303.0 135.0 278.0 423.0 284.0 316.0 
497.0 387.0 331.0 493.0 445.0 358.0 510.0 
552.0 433.0 512.0 642.0 556.0 563.0 714.0 
679.0 585.0 662.0 742.0 731.0 760.0 807.0 
815.0 779.0 742.0 780.0 801.0 737.0 719.0 
712.0 647.0 636.0 619.0 533.0 543.0 583.0 
513.0 427.0 394.0 399.0 416.0 397.0 385.0 
406.0 393.0 315.0 279.0 303.0 282.0 226.0 
204.0 180.0 108.0 64.0 90.0 52.0 -61.0 
-46.0 34.0 -49.0 -170.0 -138.0 -116.0 -163.0 
-130.0 -57.0 -143.0 -235.0 -144.0 -92.0 -149.0 
-141.0 -90.0 -82.0 -60.0 21.0 93.0 99.0 
67.0 126.0 267.0 266.0 195.0 276.0 375.0 
326.0 267.0 304.0 344.0 332.0 295.0 278.0 
305.0 323.0 273.0 239.0 284.0 319.0 299.0 
290.0 320.0 328.0 296.0 296.0 346.0 380.0 
374.0 372.0 382.0 348.0 324.0 414.0 450.0 
355.0 300.0 341.0 393.0 405.0 414.0 421.0 
412.0 392.0 404.0 458.0 469.0 433.0 432.0 
455.0 428.0 414.0 451.0 441.0 399.0 427.0 
463.0 395.0 337.0 379.0 422.0 425.0 406.0 
351.0 336.0 375.0 356.0 291.0 297.0 316.0 
212.0 124.0 184.0 219.0 139.0 86.0 67.0 
20.0 15.0 51.0 27.0 -28.0 -32.0 -4.0 
21.0 34.0 46.0 89.0 142.0 134.0 111.0 
118.0 136.0 157.0 176.0 205.0 214.0 172.0 
141.0 149.0 180.0 203.0 185.0 134.0 76.0 
58.0 101.0 154.0 150.0 132.0 142.0 143.0 
136.0 161.0 215.0 255.0 282.0 321.0 348.0 
337.0 358.0 430.0 450.0 435.0 456.0 444.0 
397.0 400.0 442.0 445.0 405.0 391.0 379.0 
338.0 332.0 359.0 364.0 314.0 235.0 182.0 
159.0 161.0 179.0 151.0 91.0 81.0 73.0 
34.0 25.0 41.0 26.0 -25.0 -32.0 -7.0 
-13.0 -26.0 -33.0 -28.0 -21.0 -60.0 -73.0 
-5.0 17.0 -13.0 33.0 69.0 -19.0 -6.0 
145.0 148.0 129.0 214.0 226.0 231.0 283.0 
304.0 332.0 352.0 305.0 271.0 282.0 264.0 
265.0 272.0 240.0 206.0 153.0 105.0 96.0 
127.0 59.0 -8.0 43.0 -37.0 -155.0 -100.0 
-104.0 -190.0 -164.0 -162.0 -249.0 -221.0 -146.0 
-131.0 -101.0 -89.0 -61.0 -9.0 -10.0 20.0 
111.0 123.0 108.0 164.0 177.0 166.0 235.0 
277.0 240.0 207.0 241.0 269.0 188.0 147.0 
229.0 222.0 129.0 125.0 136.0 94.0 148.0 
255.0 204.0 98.0 165.0 296.0 242.0 136.0 
264.0 359.0 206.0 136.0 265.0 330.0 280.0 
294.0 369.0 376.0 345.0 341.0 392.0 424.0 
431.0 431.0 396.0 378.0 385.0 374.0 359.0 
344.0 310.0 286.0 279.0 252.0 237.0 227.0 
205.0 180.0 119.0 73.0 65.0 51.0 23.0 
-43.0 -86.0 -94.0 -158.0 -217.0 -210.0 -244.0 
-323.0 -370.0 -398.0 -424.0 -447.0 -491.0 -522.0 
-498.0 -506.0 -570.0 -569.0 -493.0 -475.0 -497.0 
-471.0 -484.0 -530.0 -506.0 -459.0 -443.0 -466.0 
-494.0 -478.0 -445.0 -417.0 -376.0 -334.0 -305.0 
-285.0 -270.0 -226.0 -170.0 -195.0 -185.0 -95.0 
-92.0 -119.0 -98.0 -87.0 -58.0 17.0 18.0 
-76.0 -97.0 -46.0 -52.0 -89.0 -98.0 -95.0 
-128.0 -140.0 -90.0 -105.0 -78.0 20.0 -30.0 
-118.0 -37.0 32.0 -36.0 -45.0 15.0 -11.0 
-56.0 -16.0 -12.0 -49.0 39.0 95.0 -64.0 
-93.0 79.0 81.0 -25.0 29.0 78.0 9.0 
34.0 116.0 65.0 31.0 120.0 99.0 -20.0 
-8.0 52.0 12.0 -43.0 -67.0 -88.0 -77.0 
-112.0 -249.0 -269.0 -169.0 -211.0 -352.0 -325.0 
-256.0 -371.0 -458.0 -357.0 -318.0 -444.0 -489.0 
-452.0 -449.0 -443.0 -441.0 -439.0 -443.0 -466.0 
-462.0 -447.0 -418.0 -400.0 -403.0 -395.0 -373.0 
-368.0 -369.0 -308.0 -281.0 -342.0 -370.0 -301.0 
-299.0 -382.0 -271.0 -164.0 -293.0 -316.0 -210.0 
-273.0 -344.0 -214.0 -166.0 -310.0 -269.0 -125.0 
-196.0 -245.0 -115.0 -107.0 -219.0 -199.0 -173.0 
-245.0 -225.0 -150.0 -196.0 -228.0 -139.0 -95.0 
-121.0 -56.0 29.0 -17.0 -49.0 33.0 28.0 
-42.0 11.0 68.0 0.0 -54.0 -21.0 -38.0 
-94.0 -74.0 -70.0 -166.0 -236.0 -237.0 -319.0 
-432.0 -408.0 -421.0 -576.0 -605.0 -543.0 -636.0 
-713.0 -650.0 -654.0 -715.0 -727.0 -719.0 -748.0 
-759.0 -690.0 -637.0 -680.0 -678.0 -591.0 -584.0 
-608.0 -497.0 -450.0 -546.0 -463.0 -346.0 -464.0 
-420.0 -238.0 -314.0 -360.0 -185.0 -160.0 -213.0 
-62.0 -3.0 -127.0 -63.0 48.0 -1.0 -18.0 
53.0 74.0 -8.0 -48.0 -18.0 -71.0 -147.0 
-76.0 -71.0 -237.0 -290.0 -265.0 -349.0 -427.0 
-361.0 -362.0 -514.0 -535.0 -474.0 -537.0 -534.0 
-431.0 -465.0 -576.0 -523.0 -440.0 -518.0 -543.0 
-410.0 -419.0 -513.0 -461.0 -422.0 -452.0 -406.0 
-343.0 -374.0 -378.0 -347.0 -389.0 -333.0 -195.0 
-233.0 -334.0 -263.0 -170.0 -204.0 -212.0 -170.0 
-158.0 -167.0 -170.0 -217.0 -299.0 -305.0 -270.0 
-276.0 -331.0 -433.0 -481.0 -414.0 -380.0 -440.0 
-495.0 -552.0 -555.0 -526.0 -573.0 -552.0 -504.0 
-627.0 -699.0 -603.0 -595.0 -682.0 -690.0 -661.0 
-630.0 -645.0 -729.0 -712.0 -629.0 -653.0 -691.0 
-643.0 -657.0 -737.0 -670.0 -507.0 -476.0 -520.0 
-468.0 -387.0 -373.0 -332.0 -243.0 -214.0 -205.0 
-196.0 -216.0 -193.0 -144.0 -176.0 -192.0 -106.0 
-69.0 -158.0 -216.0 -123.0 -40.0 -97.0 -171.0 
-179.0 -210.0 -243.0 -152.0 -120.0 -280.0 -326.0 
-186.0 -190.0 -320.0 -281.0 -206.0 -271.0 -345.0 
-369.0 -369.0 -342.0 -392.0 -500.0 -453.0 -432.0 
-587.0 -645.0 -621.0 -683.0 -722.0 -718.0 -807.0 
-879.0 -862.0 -885.0 -862.0 -823.0 -871.0 -878.0 
-788.0 -771.0 -824.0 -719.0 -600.0 -624.0 -583.0 
-478.0 -485.0 -481.0 -352.0 -301.0 -342.0 -265.0 
-168.0 -235.0 -191.0 -35.0 -107.0 -167.0 -49.0 
-84.0 -210.0 -99.0 -15.0 -206.0 -208.0 -56.0 
-193.0 -299.0 -135.0 -128.0 -306.0 -244.0 -166.0 
-341.0 -364.0 -182.0 -202.0 -330.0 -310.0 -310.0 
-341.0 -259.0 -241.0 -363.0 -395.0 -333.0 -414.0 
-506.0 -428.0 -417.0 -551.0 -588.0 -499.0 -595.0 
-770.0 -686.0 -648.0 -815.0 -837.0 -785.0 -935.0 
-1030.0 -843.0 -769.0 -1005.0 -1129.0 -969.0 -905.0 
-992.0 -970.0 -943.0 -987.0 -933.0 -822.0 -831.0 
-895.0 -858.0 -744.0 -652.0 -616.0 -636.0 -708.0 
-670.0 -498.0 -439.0 -530.0 -603.0 -555.0 -480.0 
-463.0 -456.0 -526.0 -619.0 -530.0 -450.0 -591.0 
-646.0 -524.0 -538.0 -643.0 -599.0 -507.0 -527.0 
-562.0 -517.0 -409.0 -358.0 -461.0 -525.0 -387.0 
-274.0 -387.0 -447.0 -298.0 -372.0 -565.0 -434.0 
-362.0 -593.0 -598.0 -426.0 -606.0 -770.0 -583.0 
-593.0 -800.0 -738.0 -687.0 -867.0 -903.0 -862.0 
-951.0 -927.0 -852.0 -1009.0 -1115.0 -944.0 -915.0 
-1010.0 -913.0 -857.0 -974.0 -956.0 -812.0 -814.0 
-825.0 -715.0 -712.0 -778.0 -666.0 -540.0 -576.0 
-540.0 -458.0 -489.0 -468.0 -388.0 -372.0 -320.0 
-180.0 -177.0 -279.0 -216.0 -90.0 -111.0 -174.0 
-150.0 -108.0 -131.0 -196.0 -221.0 -209.0 -243.0 
-252.0 -215.0 -277.0 -389.0 -411.0 -406.0 -455.0 
-471.0 -490.0 -601.0 -684.0 -659.0 -629.0 -672.0 
-745.0 -792.0 -782.0 -766.0 -787.0 -783.0 -741.0 
-748.0 -828.0 -857.0 -786.0 -743.0 -725.0 -700.0 
-747.0 -777.0 -678.0 -684.0 -816.0 -756.0 -625.0 
-723.0 -835.0 -736.0 -700.0 -753.0 -660.0 -629.0 
-730.0 -669.0 -584.0 -702.0 -718.0 -535.0 -550.0 
-693.0 -608.0 -468.0 -510.0 -547.0 -458.0 -445.0 
-515.0 -504.0 -476.0 -508.0 -515.0 -479.0 -504.0 
-575.0 -614.0 -635.0 -639.0 -654.0 -694.0 -710.0 
-749.0 -814.0 -763.0 -692.0 -777.0 -862.0 -801.0 
-730.0 -771.0 -786.0 -671.0 -587.0 -617.0 -644.0 
-605.0 -629.0 -653.0 -546.0 -472.0 -523.0 -599.0 
-550.0 -446.0 -424.0 -494.0 -511.0 -409.0 -345.0 
-406.0 -469.0 -460.0 -448.0 -431.0 -352.0 -361.0 
-485.0 -488.0 -357.0 -308.0 -325.0 -290.0 -293.0 
-332.0 -301.0 -227.0 -252.0 -316.0 -292.0 -271.0 
-334.0 -384.0 -373.0 -381.0 -416.0 -425.0 -457.0 
-500.0 -476.0 -441.0 -464.0 -488.0 -497.0 -528.0 
-510.0 -486.0 -552.0 -590.0 -534.0 -531.0 -614.0 
-612.0 -538.0 -530.0 -553.0 -537.0 -533.0 -567.0 
-560.0 -520.0 -495.0 -499.0 -497.0 -475.0 -471.0 
-471.0 -454.0 -457.0 -517.0 -565.0 -550.0 -531.0 
-532.0 -562.0 -582.0 -567.0 -564.0 -597.0 -649.0 
-655.0 -616.0 -619.0 -644.0 -609.0 -580.0 -609.0 
-595.0 -546.0 -541.0 -581.0 -617.0 -594.0 -554.0 
-544.0 -535.0 -465.0 -393.0 -409.0 -461.0 -448.0 
-361.0 -309.0 -308.0 -275.0 -210.0 -166.0 -139.0 
-98.0 -71.0 -63.0 -71.0 -91.0 -92.0 -72.0 
-62.0 -77.0 -124.0 -214.0 -263.0 -192.0 -134.0 
-222.0 -336.0 -318.0 -279.0 -307.0 -333.0 -317.0 
-264.0 -211.0 -198.0 -205.0 -175.0 -140.0 -143.0 
-143.0 -127.0 -104.0 -100.0 -112.0 -102.0 -66.0 
-42.0 -44.0 -27.0 -4.0 -7.0 -9.0 -27.0 
-59.0 -42.0 11.0 -19.0 -105.0 -62.0 32.0 
5.0 -78.0 -56.0 -4.0 -25.0 -37.0 -25.0 
-56.0 -91.0 -73.0 -33.0 -23.0 -15.0 -1.0 
6.0 9.0 53.0 93.0 84.0 106.0 126.0 
83.0 59.0 73.0 56.0 25.0 7.0 -53.0 
-99.0 -100.0 -138.0 -211.0 -215.0 -213.0 -283.0 
-282.0 -230.0 -298.0 -414.0 -402.0 -348.0 -385.0 
-419.0 -420.0 -458.0 -517.0 -534.0 -507.0 -519.0 
-568.0 -602.0 -606.0 -617.0 -623.0 -594.0 -565.0 
-542.0 -534.0 -516.0 -464.0 -420.0 -405.0 -401.0 
-389.0 -366.0 -339.0 -323.0 -287.0 -247.0 -262.0 
-266.0 -253.0 -246.0 -221.0 -197.0 -207.0 -182.0 
-119.0 -142.0 -196.0 -196.0 -156.0 -95.0 -77.0 
-113.0 -140.0 -116.0 -76.0 -64.0 -70.0 -77.0 
-85.0 -67.0 -34.0 -41.0 -33.0 29.0 52.0 
2.0 -25.0 29.0 87.0 86.0 67.0 46.0 
43.0 40.0 23.0 25.0 64.0 45.0 -67.0 
-92.0 5.0 9.0 -118.0 -158.0 -132.0 -196.0 
-223.0 -191.0 -238.0 -300.0 -266.0 -233.0 -263.0 
-278.0 -288.0 -289.0 -264.0 -245.0 -232.0 -211.0 
-212.0 -241.0 -200.0 -112.0 -90.0 -106.0 -85.0 
-49.0 -45.0 -21.0 25.0 28.0 -36.0 -84.0 
-62.0 -72.0 -113.0 -110.0 -108.0 -189.0 -293.0 
-304.0 -282.0 -345.0 -439.0 -468.0 -494.0 -554.0 
-591.0 -604.0 -594.0 -571.0 -548.0 -571.0 -591.0 
-545.0 -520.0 -520.0 -468.0 -428.0 -447.0 -415.0 
-313.0 -267.0 -249.0 -220.0 -213.0 -232.0 -226.0 
-157.0 -116.0 -176.0 -225.0 -155.0 -100.0 -189.0 
-237.0 -156.0 -136.0 -187.0 -168.0 -188.0 -263.0 
-170.0 -80.0 -197.0 -248.0 -99.0 -98.0 -262.0 
-250.0 -123.0 -110.0 -166.0 -193.0 -209.0 -179.0 
-139.0 -231.0 -292.0 -200.0 -156.0 -244.0 -331.0 
-323.0 -248.0 -214.0 -278.0 -349.0 -347.0 -300.0 
-280.0 -305.0 -310.0 -306.0 -327.0 -364.0 -360.0 
-307.0 -327.0 -409.0 -435.0 -381.0 -347.0 -391.0 
-385.0 -358.0 -392.0 -404.0 -406.0 -462.0 -519.0 
-506.0 -452.0 -477.0 -597.0 -599.0 -546.0 -586.0 
-613.0 -609.0 -586.0 -589.0 -641.0 -641.0 -575.0 
-522.0 -549.0 -569.0 -512.0 -494.0 -499.0 -423.0 
-388.0 -429.0 -390.0 -322.0 -321.0 -354.0 -323.0 
-241.0 -259.0 -316.0 -334.0 -345.0 -371.0 -376.0 
-372.0 -403.0 -447.0 -488.0 -449.0 -403.0 -460.0 
-437.0 -383.0 -440.0 -457.0 -393.0 -349.0 -324.0 
-362.0 -416.0 -322.0 -293.0 -395.0 -366.0 -273.0 
-315.0 -371.0 -302.0 -267.0 -343.0 -382.0 -321.0 
-265.0 -302.0 -378.0 -415.0 -362.0 -290.0 -276.0 
-294.0 -339.0 -388.0 -366.0 -267.0 -262.0 -359.0 
-379.0 -320.0 -277.0 -319.0 -394.0 -397.0 -356.0 
-366.0 -415.0 -397.0 -357.0 -379.0 -410.0 -389.0 
-385.0 -466.0 -539.0 -536.0 -510.0 -527.0 -563.0 
-557.0 -551.0 -574.0 -602.0 -568.0 -518.0 -549.0 
-599.0 -618.0 -618.0 -606.0 -595.0 -591.0 -575.0 
-573.0 -597.0 -544.0 -463.0 -478.0 -522.0 -486.0 
-427.0 -441.0 -477.0 -473.0 -430.0 -408.0 -424.0 
-416.0 -384.0 -384.0 -411.0 -386.0 -350.0 -402.0 
-466.0 -459.0 -425.0 -457.0 -507.0 -498.0 -443.0 
-438.0 -560.0 -664.0 -620.0 -486.0 -465.0 -607.0 
-706.0 -625.0 -510.0 -522.0 -597.0 -603.0 -560.0 
-534.0 -532.0 -546.0 -540.0 -481.0 -465.0 -515.0 
-520.0 -487.0 -509.0 -574.0 -572.0 -542.0 -592.0 
-650.0 -630.0 -610.0 -638.0 -614.0 -583.0 -627.0 
-640.0 -579.0 -535.0 -560.0 -585.0 -560.0 -515.0 
-519.0 -585.0 -574.0 -477.0 -452.0 -549.0 -581.0 
-503.0 -489.0 -512.0 -495.0 -494.0 -529.0 -539.0 
-519.0 -522.0 -544.0 -536.0 -497.0 -529.0 -595.0 
-602.0 -585.0 -589.0 -636.0 -664.0 -669.0 -704.0 
-745.0 -748.0 -737.0 -767.0 -780.0 -763.0 -789.0 
-806.0 -763.0 -734.0 -762.0 -772.0 -738.0 -707.0 
-720.0 -713.0 -662.0 -649.0 -680.0 -711.0 -725.0 
-727.0 -727.0 -721.0 -712.0 -723.0 -755.0 -734.0 
-686.0 -705.0 -731.0 -696.0 -639.0 -650.0 -686.0 
-639.0 -574.0 -580.0 -600.0 -569.0 -563.0 -605.0 
-627.0 -631.0 -669.0 -727.0 -746.0 -768.0 -833.0 
-875.0 -834.0 -801.0 -873.0 -955.0 -920.0 -792.0 
-779.0 -898.0 -885.0 -725.0 -676.0 -784.0 -710.0 
-509.0 -573.0 -677.0 -521.0 -410.0 -545.0 -632.0 
-514.0 -386.0 -392.0 -486.0 -563.0 -552.0 -447.0 
-386.0 -434.0 -503.0 -533.0 -506.0 -455.0 -430.0 
-455.0 -490.0 -500.0 -515.0 -522.0 -511.0 -497.0 
-532.0 -592.0 -590.0 -560.0 -593.0 -652.0 -643.0 
-599.0 -595.0 -642.0 -700.0 -693.0 -646.0 -651.0 
-722.0 -759.0 -732.0 -741.0 -797.0 -841.0 -829.0 
-772.0 -734.0 -783.0 -871.0 -825.0 -723.0 -759.0 
-829.0 -780.0 -739.0 -779.0 -777.0 -723.0 -683.0 
-694.0 -750.0 -762.0 -686.0 -626.0 -699.0 -772.0 
-690.0 -559.0 -531.0 -602.0 -653.0 -594.0 -488.0 
-496.0 -566.0 -504.0 -433.0 -483.0 -504.0 -445.0 
-464.0 -489.0 -409.0 -429.0 -549.0 -553.0 -493.0 
-564.0 -632.0 -571.0 -592.0 -731.0 -749.0 -627.0 
-591.0 -669.0 -688.0 -639.0 -605.0 -582.0 -549.0 
-583.0 -624.0 -576.0 -546.0 -581.0 -595.0 -583.0 
-618.0 -648.0 -665.0 -732.0 -754.0 -677.0 -679.0 
-821.0 -888.0 -841.0 -876.0 -955.0 -938.0 -922.0 
-1017.0 -1067.0 -985.0 -926.0 -937.0 -953.0 -958.0 
-934.0 -854.0 -826.0 -906.0 -880.0 -721.0 -698.0 
-807.0 -783.0 -673.0 -687.0 -747.0 -734.0 -708.0 
-737.0 -801.0 -813.0 -746.0 -704.0 -749.0 -806.0 
-803.0 -765.0 -766.0 -793.0 -768.0 -761.0 -813.0 
-850.0 -826.0 -789.0 -798.0 -832.0 -855.0 -857.0 
-882.0 -898.0 -853.0 -819.0 -830.0 -828.0 -815.0 
-853.0 -889.0 -863.0 -845.0 -851.0 -851.0 -835.0 
-833.0 -814.0 -759.0 -743.0 -746.0 -715.0 -696.0 
-728.0 -705.0 -637.0 -627.0 -631.0 -578.0 -518.0 
-518.0 -508.0 -450.0 -401.0 -372.0 -357.0 -376.0 
-370.0 -307.0 -246.0 -239.0 -261.0 -323.0 -436.0 
-392.0 -265.0 -365.0 -558.0 -480.0 -413.0 -595.0 
-663.0 -498.0 -480.0 -685.0 -766.0 -690.0 -704.0 
-792.0 -817.0 -817.0 -819.0 -819.0 -880.0 -962.0 
-961.0 -927.0 -928.0 -925.0 -968.0 -1081.0 -1086.0 
-962.0 -928.0 -995.0 -997.0 -980.0 -1049.0 -1052.0 
-955.0 -949.0 -1006.0 -981.0 -920.0 -883.0 -878.0 
-897.0 -877.0 -798.0 -753.0 -794.0 -816.0 -732.0 
-665.0 -696.0 -693.0 -623.0 -608.0 -653.0 -643.0 
-626.0 -615.0 -570.0 -542.0 -603.0 -673.0 -633.0 
-556.0 -549.0 -613.0 -662.0 -641.0 -651.0 -700.0 
-689.0 -666.0 -715.0 -771.0 -771.0 -697.0 -664.0 
-751.0 -754.0 -712.0 -745.0 -794.0 -792.0 -765.0 
-839.0 -824.0 -732.0 -776.0 -807.0 -738.0 -695.0 
-731.0 -718.0 -657.0 -698.0 -724.0 -653.0 -603.0 
-621.0 -602.0 -572.0 -611.0 -619.0 -590.0 -518.0 
-460.0 -438.0 -427.0 -449.0 -453.0 -408.0 -365.0 
-375.0 -439.0 -465.0 -403.0 -429.0 -512.0 -473.0 
-432.0 -486.0 -570.0 -661.0 -676.0 -627.0 -659.0 
-723.0 -771.0 -812.0 -787.0 -811.0 -900.0 -918.0 
-933.0 -947.0 -914.0 -908.0 -1012.0 -1071.0 -964.0 
-869.0 -926.0 -1017.0 -1071.0 -988.0 -857.0 -859.0 
-920.0 -912.0 -842.0 -872.0 -960.0 -939.0 -822.0 
-776.0 -868.0 -931.0 -821.0 -722.0 -751.0 -728.0 
-703.0 -692.0 -620.0 -559.0 -587.0 -682.0 -624.0 
-464.0 -451.0 -553.0 -580.0 -506.0 -475.0 -471.0 
-390.0 -333.0 -387.0 -380.0 -250.0 -178.0 -166.0 
-113.0 -127.0 -219.0 -206.0 -99.0 -60.0 -67.0 
-120.0 -251.0 -328.0 -211.0 -139.0 -284.0 -392.0 
-359.0 -360.0 -451.0 -497.0 -502.0 -559.0 -631.0 
-643.0 -693.0 -783.0 -750.0 -721.0 -849.0 -877.0 
-774.0 -836.0 -945.0 -920.0 -895.0 -902.0 -837.0 
-881.0 -1036.0 -990.0 -816.0 -787.0 -847.0 -879.0 
-916.0 -862.0 -797.0 -799.0 -777.0 -723.0 -708.0 
-790.0 -803.0 -620.0 -458.0 -494.0 -605.0 -564.0 
-384.0 -326.0 -452.0 -461.0 -319.0 -281.0 -368.0 
-392.0 -310.0 -267.0 -268.0 -293.0 -342.0 -318.0 
-281.0 -341.0 -420.0 -361.0 -253.0 -285.0 -396.0 
-444.0 -413.0 -349.0 -292.0 -297.0 -384.0 -446.0 
-418.0 -367.0 -404.0 -427.0 -367.0 -390.0 -506.0 
-521.0 -416.0 -337.0 -336.0 -386.0 -444.0 -440.0 
-396.0 -366.0 -367.0 -374.0 -360.0 -373.0 -401.0 
-381.0 -352.0 -344.0 -317.0 -296.0 -336.0 -393.0 
-372.0 -296.0 -338.0 -451.0 -421.0 -365.0 -435.0 
-519.0 -476.0 -383.0 -391.0 -494.0 -570.0 -526.0 
-454.0 -459.0 -486.0 -508.0 -538.0 -547.0 -518.0 
-498.0 -505.0 -497.0 -478.0 -496.0 -517.0 -485.0 
-463.0 -474.0 -456.0 -441.0 -484.0 -480.0 -427.0 
-433.0 -429.0 -359.0 -334.0 -394.0 -377.0 -256.0 
-193.0 -231.0 -243.0 -161.0 -125.0 -146.0 -87.0 
-21.0 -54.0 -94.0 -23.0 32.0 8.0 4.0 
8.0 7.0 37.0 20.0 -89.0 -108.0 -71.0 
-103.0 -134.0 -126.0 -159.0 -170.0 -125.0 -147.0 
-174.0 -103.0 -90.0 -182.0 -212.0 -152.0 -108.0 
-120.0 -125.0 -120.0 -139.0 -147.0 -117.0 -118.0 
-150.0 -118.0 -57.0 -103.0 -171.0 -131.0 -113.0 
-181.0 -179.0 -138.0 -201.0 -279.0 -266.0 -243.0 
-335.0 -380.0 -275.0 -290.0 -478.0 -499.0 -333.0 
-332.0 -413.0 -326.0 -281.0 -403.0 -383.0 -237.0 
-261.0 -292.0 -234.0 -254.0 -288.0 -191.0 -92.0 
-125.0 -125.0 -64.0 -41.0 -15.0 21.0 14.0 
-45.0 -72.0 -37.0 -28.0 -106.0 -143.0 -121.0 
-171.0 -229.0 -216.0 -233.0 -294.0 -301.0 -276.0 
-251.0 -231.0 -269.0 -301.0 -247.0 -196.0 -208.0 
-218.0 -191.0 -158.0 -161.0 -210.0 -209.0 -116.0 
-92.0 -158.0 -134.0 -34.0 -35.0 -79.0 -12.0 
34.0 6.0 -34.0 -94.0 -71.0 5.0 -29.0 
-101.0 -92.0 -84.0 -127.0 -145.0 -92.0 -84.0 
-153.0 -150.0 -142.0 -140.0 -62.0 -53.0 -150.0 
-190.0 -165.0 -149.0 -153.0 -194.0 -208.0 -183.0 
-194.0 -185.0 -168.0 -200.0 -252.0 -265.0 -208.0 
-205.0 -326.0 -378.0 -272.0 -223.0 -280.0 -267.0 
-227.0 -273.0 -301.0 -185.0 -60.0 -103.0 -149.0 
-116.0 -102.0 -60.0 2.0 -6.0 -46.0 -43.0 
-21.0 -64.0 -89.0 -12.0 3.0 -58.0 -87.0 
-115.0 -95.0 -43.0 -24.0 -10.0 -28.0 -58.0 
-33.0 -2.0 -14.0 -8.0 -4.0 -27.0 -32.0 
-48.0 -76.0 -62.0 -18.0 -32.0 -95.0 -100.0 
-80.0 -101.0 -114.0 -108.0 -118.0 -84.0 -82.0 
-150.0 -99.0 28.0 31.0 -33.0 -20.0 15.0 
37.0 107.0 174.0 206.0 218.0 212.0 248.0 
332.0 400.0 392.0 347.0 384.0 411.0 341.0 
368.0 469.0 428.0 373.0 433.0 412.0 344.0 
389.0 380.0 300.0 318.0 303.0 193.0 190.0 
251.0 178.0 111.0 175.0 121.0 16.0 102.0 
115.0 18.0 103.0 151.0 32.0 81.0 211.0 
178.0 173.0 249.0 238.0 231.0 278.0 255.0 
244.0 294.0 268.0 219.0 221.0 180.0 97.0 
111.0 168.0 85.0 -11.0 27.0 61.0 15.0 
-30.0 -37.0 -13.0 2.0 -44.0 -104.0 -69.0 
7.0 -5.0 -20.0 24.0 2.0 -6.0 78.0 
122.0 96.0 74.0 123.0 160.0 73.0 48.0 
145.0 156.0 126.0 134.0 112.0 78.0 54.0 
38.0 54.0 72.0 46.0 6.0 30.0 96.0 
80.0 19.0 64.0 126.0 42.0 0.0 107.0 
108.0 37.0 87.0 133.0 121.0 112.0 137.0 
214.0 253.0 236.0 241.0 274.0 322.0 293.0 
256.0 285.0 271.0 241.0 202.0 175.0 211.0 
194.0 163.0 192.0 158.0 85.0 149.0 229.0 
150.0 136.0 245.0 198.0 111.0 200.0 263.0 
241.0 230.0 228.0 236.0 248.0 244.0 210.0 
213.0 233.0 164.0 96.0 108.0 102.0 61.0 
50.0 20.0 -64.0 -120.0 -140.0 -174.0 -190.0 
-223.0 -299.0 -332.0 -319.0 -338.0 -382.0 -392.0 
-339.0 -345.0 -384.0 -374.0 -371.0 -333.0 -244.0 
-240.0 -319.0 -287.0 -217.0 -238.0 -171.0 -39.0 
-52.0 -111.0 -30.0 81.0 147.0 226.0 256.0 
233.0 250.0 237.0 209.0 308.0 403.0 321.0 
196.0 215.0 306.0 269.0 190.0 230.0 261.0 
179.0 138.0 175.0 148.0 127.0 195.0 155.0 
20.0 28.0 65.0 -32.0 -67.0 23.0 -66.0 
-272.0 -201.0 -68.0 -207.0 -288.0 -132.0 -111.0 
-270.0 -252.0 -132.0 -138.0 -181.0 -166.0 -161.0 
-87.0 -14.0 -123.0 -133.0 71.0 92.0 -44.0 
6.0 58.0 -27.0 52.0 194.0 48.0 -80.0 
52.0 62.0 -89.0 -72.0 -33.0 -146.0 -185.0 
-143.0 -235.0 -306.0 -196.0 -180.0 -301.0 -301.0 
-255.0 -334.0 -327.0 -188.0 -278.0 -450.0 -314.0 
-210.0 -405.0 -447.0 -234.0 -210.0 -352.0 -302.0 
-177.0 -192.0 -172.0 -38.0 -7.0 -30.0 51.0 
106.0 78.0 137.0 226.0 196.0 178.0 257.0 
268.0 234.0 306.0 349.0 318.0 360.0 393.0 
345.0 367.0 440.0 410.0 381.0 422.0 402.0 
365.0 410.0 424.0 387.0 371.0 351.0 296.0 
218.0 149.0 152.0 155.0 40.0 -30.0 -18.0 
-66.0 -83.0 -38.0 -88.0 -147.0 -114.0 -139.0 
-146.0 -44.0 -72.0 -172.0 -106.0 -31.0 -78.0 
-72.0 -7.0 5.0 3.0 -22.0 -45.0 43.0 
120.0 46.0 28.0 122.0 99.0 27.0 108.0 
169.0 79.0 47.0 135.0 145.0 74.0 98.0 
139.0 47.0 40.0 182.0 171.0 43.0 73.0 
185.0 201.0 173.0 139.0 93.0 132.0 211.0 
155.0 54.0 126.0 211.0 92.0 17.0 81.0 
47.0 3.0 75.0 40.0 -51.0 3.0 49.0 
8.0 8.0 31.0 20.0 29.0 36.0 35.0 
60.0 37.0 51.0 99.0 99.0 99.0 88.0 
71.0 97.0 164.0 199.0 174.0 164.0 153.0 
142.0 177.0 173.0 90.0 45.0 67.0 18.0 
-65.0 -72.0 -101.0 -171.0 -165.0 -148.0 -192.0 
-211.0 -156.0 -92.0 -65.0 -26.0 17.0 39.0 
91.0 135.0 122.0 124.0 165.0 166.0 151.0 
216.0 264.0 229.0 218.0 254.0 286.0 290.0 
284.0 269.0 213.0 177.0 204.0 200.0 140.0 
151.0 175.0 136.0 158.0 232.0 197.0 122.0 
181.0 225.0 152.0 118.0 139.0 101.0 64.0 
112.0 86.0 -10.0 -7.0 23.0 -10.0 -24.0 
5.0 -7.0 -29.0 -25.0 -35.0 -45.0 -16.0 
-24.0 -107.0 -119.0 -60.0 -54.0 -72.0 -66.0 
-58.0 -43.0 -6.0 0.0 -28.0 -6.0 49.0 
13.0 -42.0 35.0 77.0 -10.0 0.0 149.0 
180.0 93.0 138.0 217.0 181.0 208.0 320.0 
311.0 233.0 267.0 321.0 264.0 267.0 362.0 
335.0 241.0 348.0 499.0 420.0 352.0 452.0 
554.0 595.0 600.0 544.0 426.0 500.0 752.0 
686.0 417.0 493.0 685.0 587.0 533.0 625.0 
579.0 494.0 545.0 594.0 509.0 474.0 511.0 
383.0 253.0 348.0 456.0 335.0 139.0 110.0 
185.0 188.0 123.0 71.0 52.0 73.0 111.0 
90.0 64.0 114.0 127.0 55.0 47.0 183.0 
240.0 106.0 58.0 187.0 287.0 294.0 252.0 
217.0 273.0 367.0 378.0 370.0 406.0 445.0 
473.0 514.0 527.0 514.0 558.0 588.0 559.0 
583.0 619.0 594.0 577.0 627.0 671.0 658.0 
646.0 655.0 652.0 673.0 743.0 777.0 746.0 
692.0 691.0 787.0 887.0 831.0 687.0 687.0 
795.0 787.0 692.0 681.0 703.0 665.0 691.0 
755.0 698.0 650.0 701.0 698.0 655.0 690.0 
678.0 585.0 566.0 615.0 618.0 591.0 572.0 
543.0 549.0 577.0 572.0 575.0 588.0 599.0 
608.0 594.0 573.0 574.0 575.0 529.0 468.0 
458.0 472.0 438.0 392.0 402.0 409.0 381.0 
346.0 329.0 327.0 318.0 280.0 247.0 278.0 
290.0 237.0 229.0 277.0 296.0 295.0 315.0 
344.0 351.0 357.0 383.0 401.0 412.0 419.0 
400.0 395.0 435.0 497.0 507.0 419.0 326.0 
340.0 449.0 478.0 364.0 284.0 304.0 332.0 
316.0 285.0 256.0 234.0 235.0 230.0 208.0 
195.0 179.0 147.0 167.0 245.0 259.0 192.0 
170.0 260.0 342.0 333.0 353.0 434.0 472.0 
475.0 521.0 548.0 495.0 491.0 560.0 588.0 
572.0 579.0 575.0 532.0 518.0 569.0 596.0 
525.0 441.0 475.0 559.0 510.0 393.0 388.0 
439.0 402.0 346.0 347.0 339.0 291.0 276.0 
301.0 328.0 337.0 312.0 281.0 322.0 390.0 
381.0 387.0 474.0 514.0 485.0 507.0 583.0 
583.0 545.0 576.0 622.0 602.0 559.0 550.0 
574.0 637.0 663.0 562.0 460.0 478.0 540.0 
555.0 516.0 404.0 335.0 403.0 429.0 339.0 
305.0 345.0 315.0 243.0 286.0 320.0 247.0 
246.0 311.0 317.0 302.0 301.0 288.0 356.0 
480.0 467.0 363.0 368.0 457.0 516.0 509.0 
481.0 465.0 472.0 498.0 509.0 476.0 465.0 
488.0 450.0 409.0 470.0 531.0 478.0 432.0 
526.0 601.0 505.0 378.0 441.0 583.0 574.0 
479.0 472.0 528.0 523.0 449.0 392.0 382.0 
418.0 412.0 291.0 232.0 364.0 391.0 212.0 
191.0 328.0 276.0 190.0 319.0 361.0 230.0 
245.0 350.0 305.0 246.0 325.0 352.0 265.0 
276.0 396.0 385.0 250.0 300.0 469.0 431.0 
324.0 390.0 448.0 385.0 401.0 459.0 420.0 
408.0 439.0 407.0 429.0 510.0 468.0 410.0 
485.0 519.0 455.0 465.0 525.0 483.0 408.0 
463.0 535.0 441.0 386.0 535.0 576.0 437.0 
443.0 543.0 479.0 429.0 521.0 503.0 405.0 
434.0 440.0 380.0 427.0 439.0 332.0 297.0 
315.0 285.0 288.0 316.0 231.0 164.0 251.0 
234.0 93.0 143.0 230.0 83.0 0.0 175.0 
239.0 60.0 7.0 157.0 185.0 63.0 56.0 
153.0 133.0 39.0 61.0 156.0 158.0 66.0 
59.0 176.0 190.0 121.0 205.0 314.0 241.0 
198.0 366.0 501.0 423.0 358.0 484.0 593.0 
519.0 464.0 555.0 611.0 540.0 508.0 575.0 
589.0 528.0 498.0 531.0 550.0 504.0 476.0 
490.0 480.0 451.0 456.0 462.0 430.0 399.0 
396.0 407.0 403.0 390.0 411.0 455.0 434.0 
360.0 369.0 424.0 381.0 292.0 278.0 262.0 
194.0 219.0 286.0 195.0 78.0 102.0 134.0 
96.0 76.0 59.0 16.0 23.0 53.0 12.0 
-39.0 -9.0 9.0 -20.0 -11.0 15.0 23.0 
24.0 41.0 79.0 110.0 88.0 25.0 52.0 
141.0 127.0 86.0 150.0 201.0 155.0 121.0 
125.0 110.0 98.0 85.0 17.0 -32.0 20.0 
25.0 -80.0 -117.0 -51.0 -67.0 -173.0 -171.0 
-136.0 -194.0 -219.0 -183.0 -233.0 -257.0 -179.0 
-182.0 -213.0 -121.0 -83.0 -156.0 -108.0 -5.0 
-30.0 -23.0 55.0 42.0 1.0 60.0 109.0 
57.0 42.0 132.0 163.0 120.0 122.0 145.0 
155.0 187.0 205.0 185.0 202.0 261.0 213.0 
138.0 239.0 325.0 252.0 210.0 256.0 297.0 
268.0 223.0 269.0 333.0 289.0 224.0 262.0 
318.0 291.0 270.0 290.0 291.0 245.0 201.0 
253.0 276.0 176.0 196.0 276.0 149.0 87.0 
203.0 149.0 64.0 147.0 93.0 -17.0 120.0 
125.0 -97.0 -33.0 118.0 -64.0 -187.0 0.0 
77.0 -51.0 -52.0 45.0 -10.0 -121.0 -78.0 
6.0 -12.0 -24.0 -22.0 -98.0 -115.0 -35.0 
-38.0 -137.0 -119.0 -7.0 -80.0 -227.0 -164.0 
-33.0 -67.0 -170.0 -174.0 -133.0 -106.0 -104.0 
-137.0 -132.0 -141.0 -199.0 -186.0 -118.0 -135.0 
-196.0 -186.0 -169.0 -174.0 -148.0 -117.0 -119.0 
-142.0 -155.0 -148.0 -130.0 -152.0 -178.0 -125.0 
-49.0 -50.0 -94.0 -60.0 -4.0 -1.0 42.0 
112.0 130.0 141.0 226.0 291.0 274.0 309.0 
389.0 392.0 383.0 465.0 501.0 454.0 500.0 
564.0 551.0 508.0 492.0 526.0 566.0 575.0 
460.0 356.0 429.0 480.0 398.0 341.0 380.0 
393.0 315.0 282.0 331.0 325.0 301.0 314.0 
294.0 270.0 286.0 308.0 309.0 338.0 366.0 
359.0 392.0 421.0 408.0 389.0 407.0 390.0 
302.0 313.0 375.0 344.0 253.0 247.0 316.0 
286.0 200.0 164.0 147.0 127.0 85.0 66.0 
54.0 -3.0 -13.0 22.0 -19.0 -119.0 -124.0 
-85.0 -116.0 -173.0 -174.0 -130.0 -99.0 -137.0 
-188.0 -122.0 -48.0 -127.0 -153.0 -51.0 -34.0 
-80.0 -54.0 -34.0 -51.0 -32.0 1.0 -13.0 
11.0 104.0 69.0 -61.0 -8.0 186.0 200.0 
69.0 102.0 228.0 213.0 141.0 169.0 192.0 
144.0 148.0 148.0 95.0 102.0 148.0 123.0 
103.0 162.0 167.0 111.0 126.0 175.0 184.0 
203.0 250.0 226.0 192.0 265.0 344.0 337.0 
336.0 387.0 401.0 414.0 473.0 496.0 466.0 
477.0 506.0 455.0 404.0 429.0 448.0 421.0 
391.0 373.0 368.0 392.0 388.0 349.0 355.0 
346.0 266.0 213.0 229.0 204.0 126.0 103.0 
73.0 -10.0 -49.0 -26.0 -33.0 -55.0 -69.0 
-104.0 -111.0 -77.0 -38.0 -7.0 20.0 50.0 
37.0 33.0 76.0 126.0 118.0 78.0 125.0 
189.0 150.0 108.0 173.0 225.0 206.0 197.0 
216.0 224.0 207.0 231.0 278.0 261.0 209.0 
214.0 316.0 370.0 303.0 276.0 331.0 348.0 
314.0 327.0 383.0 391.0 371.0 386.0 385.0 
348.0 343.0 378.0 417.0 386.0 293.0 270.0 
309.0 326.0 265.0 197.0 207.0 225.0 208.0 
229.0 255.0 188.0 160.0 227.0 219.0 121.0 
90.0 135.0 162.0 151.0 93.0 49.0 58.0 
69.0 79.0 83.0 88.0 55.0 37.0 127.0 
196.0 155.0 126.0 154.0 164.0 165.0 201.0 
234.0 238.0 239.0 277.0 343.0 353.0 318.0 
351.0 427.0 420.0 354.0 358.0 417.0 395.0 
335.0 416.0 467.0 293.0 209.0 369.0 442.0 
355.0 402.0 490.0 351.0 274.0 533.0 693.0 
509.0 433.0 584.0 574.0 465.0 586.0 703.0 
552.0 449.0 540.0 577.0 518.0 487.0 492.0 
474.0 448.0 424.0 380.0 378.0 423.0 383.0 
308.0 331.0 356.0 335.0 334.0 322.0 270.0 
262.0 321.0 260.0 127.0 151.0 237.0 167.0 
72.0 118.0 133.0 33.0 -12.0 -36.0 -104.0 
-47.0 -27.0 -225.0 -222.0 24.0 0.0 -220.0 
-141.0 68.0 38.0 -7.0 81.0 104.0 74.0 
131.0 206.0 194.0 158.0 172.0 267.0 336.0 
257.0 212.0 331.0 438.0 363.0 267.0 346.0 
435.0 396.0 359.0 404.0 409.0 370.0 369.0 
352.0 317.0 361.0 399.0 266.0 161.0 257.0 
316.0 210.0 144.0 200.0 174.0 112.0 191.0 
249.0 152.0 92.0 187.0 266.0 253.0 211.0 
182.0 243.0 349.0 338.0 240.0 249.0 319.0 
273.0 214.0 281.0 318.0 217.0 174.0 231.0 
240.0 206.0 191.0 178.0 123.0 95.0 149.0 
169.0 113.0 74.0 101.0 121.0 119.0 168.0 
211.0 164.0 107.0 141.0 194.0 187.0 143.0 
153.0 207.0 203.0 167.0 143.0 166.0 210.0 
165.0 125.0 172.0 158.0 53.0 58.0 160.0 
147.0 56.0 34.0 84.0 129.0 112.0 76.0 
99.0 112.0 49.0 35.0 106.0 128.0 61.0 
34.0 24.0 -58.0 -51.0 80.0 91.0 -13.0 
-21.0 51.0 58.0 52.0 115.0 138.0 85.0 
80.0 147.0 178.0 178.0 207.0 208.0 200.0 
261.0 310.0 267.0 257.0 363.0 450.0 388.0 
297.0 331.0 396.0 388.0 341.0 336.0 359.0 
308.0 229.0 243.0 302.0 266.0 205.0 186.0 
170.0 213.0 303.0 243.0 123.0 186.0 289.0 
268.0 241.0 247.0 216.0 213.0 294.0 237.0 
153.0 293.0 368.0 206.0 188.0 371.0 360.0 
241.0 294.0 332.0 276.0 367.0 466.0 323.0 
228.0 393.0 508.0 389.0 304.0 399.0 408.0 
266.0 265.0 377.0 324.0 208.0 181.0 163.0 
163.0 167.0 118.0 89.0 92.0 54.0 0.0 
-3.0 -7.0 -29.0 -6.0 29.0 -21.0 -39.0 
53.0 69.0 24.0 78.0 107.0 7.0 -30.0 
87.0 154.0 93.0 27.0 7.0 -1.0 5.0 
75.0 144.0 97.0 18.0 28.0 81.0 111.0 
125.0 146.0 179.0 180.0 166.0 231.0 331.0 
337.0 302.0 347.0 389.0 311.0 276.0 389.0 
445.0 332.0 262.0 331.0 355.0 318.0 287.0 
232.0 216.0 278.0 282.0 227.0 205.0 211.0 
225.0 241.0 253.0 251.0 242.0 254.0 260.0 
257.0 269.0 285.0 301.0 332.0 372.0 367.0 
323.0 325.0 359.0 376.0 385.0 383.0 379.0 
389.0 357.0 315.0 329.0 342.0 319.0 305.0 
296.0 242.0 167.0 143.0 129.0 104.0 104.0 
67.0 -50.0 -115.0 -65.0 -39.0 -76.0 -107.0 
-91.0 -83.0 -107.0 -102.0 -52.0 3.0 22.0 
8.0 11.0 37.0 48.0 57.0 71.0 51.0 
17.0 39.0 98.0 75.0 -19.0 -4.0 65.0 
7.0 -62.0 2.0 18.0 -64.0 -78.0 -67.0 
-75.0 -67.0 -71.0 -68.0 -38.0 -52.0 -111.0 
-94.0 -24.0 -38.0 -97.0 -85.0 -48.0 -65.0 
-79.0 -32.0 20.0 -3.0 -15.0 73.0 125.0 
50.0 4.0 101.0 202.0 155.0 92.0 124.0 
154.0 194.0 290.0 286.0 213.0 256.0 316.0 
259.0 236.0 304.0 288.0 203.0 172.0 186.0 
203.0 198.0 158.0 96.0 78.0 105.0 112.0 
96.0 83.0 73.0 66.0 77.0 94.0 100.0 
108.0 95.0 73.0 119.0 197.0 169.0 116.0 
181.0 217.0 171.0 190.0 231.0 216.0 207.0 
239.0 229.0 206.0 247.0 258.0 210.0 212.0 
232.0 176.0 98.0 110.0 167.0 127.0 49.0 
53.0 39.0 -15.0 3.0 15.0 -29.0 -38.0 
-23.0 -79.0 -155.0 -170.0 -194.0 -238.0 -277.0 
-353.0 -380.0 -346.0 -368.0 -416.0 -386.0 -349.0 
-395.0 -438.0 -376.0 -304.0 -326.0 -361.0 -358.0 
-343.0 -335.0 -316.0 -275.0 -259.0 -256.0 -223.0 
-182.0 -165.0 -126.0 -33.0 18.0 1.0 -14.0 
1.0 43.0 96.0 104.0 100.0 123.0 104.0 
76.0 117.0 190.0 201.0 133.0 107.0 136.0 
151.0 137.0 141.0 186.0 198.0 167.0 185.0 
249.0 262.0 264.0 318.0 323.0 273.0 282.0 
316.0 311.0 361.0 429.0 390.0 331.0 321.0 
316.0 330.0 370.0 355.0 325.0 355.0 311.0 
184.0 205.0 338.0 295.0 108.0 24.0 35.0 
32.0 54.0 80.0 -22.0 -139.0 -103.0 -61.0 
-78.0 -58.0 -67.0 -116.0 -131.0 -141.0 -176.0 
-151.0 -134.0 -202.0 -230.0 -230.0 -323.0 -368.0 
-295.0 -332.0 -488.0 -499.0 -409.0 -444.0 -539.0 
-512.0 -467.0 -502.0 -498.0 -469.0 -484.0 -521.0 
-536.0 -495.0 -428.0 -427.0 -477.0 -464.0 -387.0 
-334.0 -286.0 -220.0 -219.0 -249.0 -168.0 -25.0 
4.0 -49.0 -18.0 74.0 113.0 138.0 200.0 
261.0 288.0 278.0 266.0 305.0 369.0 369.0 
340.0 344.0 335.0 285.0 255.0 269.0 286.0 
276.0 245.0 236.0 228.0 198.0 230.0 296.0 
300.0 267.0 249.0 272.0 314.0 336.0 350.0 
365.0 358.0 327.0 307.0 343.0 359.0 310.0 
275.0 266.0 237.0 188.0 148.0 82.0 18.0 
39.0 43.0 -68.0 -124.0 -88.0 -141.0 -245.0 
-232.0 -190.0 -258.0 -316.0 -297.0 -316.0 -371.0 
-347.0 -301.0 -326.0 -372.0 -373.0 -352.0 -352.0 
-339.0 -350.0 -394.0 -395.0 -360.0 -340.0 -353.0 
-375.0 -366.0 -338.0 -334.0 -358.0 -364.0 -301.0 
-250.0 -294.0 -331.0 -304.0 -298.0 -272.0 -175.0 
-185.0 -296.0 -212.0 -48.0 -122.0 -197.0 -62.0 
23.0 -19.0 -37.0 -13.0 -5.0 35.0 120.0 
114.0 0.0 -13.0 104.0 117.0 34.0 78.0 
199.0 160.0 83.0 169.0 255.0 221.0 205.0 
261.0 293.0 274.0 254.0 277.0 322.0 323.0 
308.0 342.0 344.0 291.0 302.0 370.0 364.0 
333.0 349.0 381.0 382.0 346.0 319.0 344.0 
400.0 378.0 256.0 219.0 313.0 340.0 273.0 
239.0 228.0 222.0 275.0 334.0 315.0 269.0 
274.0 299.0 306.0 286.0 268.0 288.0 299.0 
250.0 182.0 164.0 174.0 152.0 121.0 78.0 
-16.0 -104.0 -110.0 -109.0 -153.0 -173.0 -271.0 
-428.0 -411.0 -286.0 -338.0 -463.0 -434.0 -412.0 
-450.0 -317.0 -238.0 -460.0 -550.0 -317.0 -204.0 
-356.0 -436.0 -355.0 -338.0 -323.0 -221.0 -210.0 
-313.0 -318.0 -180.0 -120.0 -146.0 -116.0 -120.0 
-167.0 -97.0 -16.0 -42.0 -24.0 19.0 -43.0 
-49.0 79.0 111.0 102.0 230.0 278.0 148.0 
104.0 253.0 354.0 303.0 264.0 267.0 228.0 
265.0 352.0 328.0 262.0 264.0 273.0 213.0 
154.0 201.0 249.0 194.0 170.0 204.0 157.0 
80.0 128.0 236.0 221.0 109.0 89.0 138.0 
103.0 49.0 125.0 202.0 105.0 -10.0 36.0 
158.0 178.0 98.0 78.0 152.0 176.0 136.0 
152.0 174.0 169.0 166.0 135.0 100.0 114.0 
140.0 113.0 79.0 101.0 107.0 66.0 63.0 
89.0 103.0 136.0 168.0 147.0 111.0 143.0 
206.0 230.0 246.0 233.0 203.0 215.0 243.0 
263.0 262.0 235.0 195.0 158.0 170.0 189.0 
160.0 126.0 91.0 44.0 26.0 24.0 1.0 
-6.0 6.0 -12.0 -54.0 -92.0 -143.0 -163.0 
-106.0 -99.0 -195.0 -265.0 -239.0 -216.0 -240.0 
-225.0 -184.0 -185.0 -200.0 -155.0 -54.0 -19.0 
-50.0 -1.0 92.0 98.0 78.0 111.0 179.0 
218.0 203.0 234.0 327.0 365.0 331.0 366.0 
485.0 503.0 420.0 429.0 500.0 481.0 412.0 
404.0 423.0 403.0 349.0 310.0 309.0 324.0 
296.0 221.0 194.0 235.0 252.0 200.0 163.0 
175.0 175.0 159.0 144.0 98.0 68.0 131.0 
189.0 128.0 47.0 59.0 127.0 164.0 153.0 
123.0 112.0 133.0 136.0 123.0 147.0 155.0 
117.0 107.0 155.0 169.0 122.0 109.0 137.0 
137.0 129.0 148.0 155.0 122.0 97.0 131.0 
159.0 161.0 169.0 164.0 172.0 190.0 198.0 
215.0 238.0 242.0 232.0 274.0 344.0 358.0 
353.0 377.0 379.0 358.0 378.0 418.0 440.0 
421.0 358.0 350.0 423.0 398.0 303.0 344.0 
393.0 301.0 260.0 301.0 276.0 229.0 213.0 
186.0 154.0 128.0 104.0 96.0 102.0 90.0 
62.0 74.0 92.0 58.0 20.0 34.0 72.0 
58.0 4.0 -13.0 -4.0 29.0 112.0 165.0 
156.0 124.0 122.0 182.0 272.0 319.0 308.0 
292.0 322.0 364.0 384.0 400.0 422.0 453.0 
467.0 447.0 445.0 446.0 410.0 394.0 428.0 
407.0 288.0 225.0 282.0 315.0 263.0 232.0 
248.0 204.0 134.0 189.0 286.0 243.0 148.0 
147.0 192.0 220.0 216.0 200.0 211.0 241.0 
234.0 205.0 235.0 286.0 287.0 249.0 215.0 
221.0 229.0 208.0 182.0 132.0 68.0 41.0 
19.0 -22.0 -53.0 -90.0 -114.0 -99.0 -122.0 
-204.0 -233.0 -164.0 -114.0 -122.0 -132.0 -166.0 
-211.0 -145.0 -21.0 -16.0 -83.0 -68.0 -3.0 
25.0 38.0 74.0 131.0 177.0 131.0 87.0 
194.0 319.0 278.0 205.0 277.0 380.0 374.0 
317.0 341.0 451.0 472.0 403.0 382.0 458.0 
539.0 530.0 472.0 484.0 545.0 530.0 472.0 
492.0 517.0 487.0 467.0 480.0 460.0 390.0 
360.0 368.0 345.0 336.0 347.0 277.0 182.0 
184.0 217.0 178.0 116.0 64.0 7.0 15.0 
90.0 67.0 -111.0 -152.0 -57.0 -67.0 -72.0 
-35.0 -144.0 -202.0 -80.0 -43.0 -144.0 -151.0 
-31.0 26.0 0.0 -12.0 -38.0 4.0 117.0 
143.0 125.0 151.0 165.0 163.0 185.0 224.0 
268.0 260.0 197.0 215.0 306.0 298.0 201.0 
193.0 274.0 269.0 168.0 152.0 227.0 221.0 
161.0 194.0 255.0 209.0 164.0 256.0 335.0 
278.0 242.0 286.0 297.0 247.0 184.0 222.0 
357.0 352.0 144.0 90.0 274.0 292.0 131.0 
208.0 285.0 72.0 21.0 210.0 141.0 -62.0 
54.0 226.0 88.0 -67.0 -50.0 21.0 93.0 
80.0 -22.0 -47.0 3.0 7.0 4.0 85.0 
112.0 14.0 8.0 158.0 267.0 219.0 165.0 
254.0 360.0 387.0 395.0 387.0 358.0 392.0 
505.0 591.0 540.0 428.0 443.0 587.0 676.0 
576.0 447.0 491.0 559.0 483.0 398.0 463.0 
484.0 352.0 286.0 341.0 363.0 317.0 273.0 
252.0 242.0 231.0 215.0 207.0 212.0 203.0 
167.0 147.0 154.0 138.0 101.0 63.0 25.0 
13.0 19.0 -46.0 -109.0 -11.0 31.0 -124.0 
-159.0 -44.0 -126.0 -252.0 -111.0 -37.0 -234.0 
-280.0 -121.0 -146.0 -233.0 -125.0 -92.0 -196.0 
-162.0 -61.0 -72.0 -82.0 -50.0 -59.0 -21.0 
34.0 7.0 30.0 124.0 100.0 24.0 98.0 
230.0 272.0 283.0 284.0 245.0 240.0 360.0 
452.0 367.0 257.0 279.0 343.0 348.0 302.0 
264.0 283.0 287.0 220.0 211.0 269.0 225.0 
125.0 105.0 112.0 133.0 163.0 112.0 60.0 
112.0 123.0 34.0 70.0 176.0 86.0 9.0 
104.0 78.0 -32.0 77.0 201.0 79.0 2.0 
144.0 164.0 46.0 80.0 158.0 118.0 92.0 
96.0 111.0 175.0 199.0 150.0 169.0 238.0 
194.0 114.0 165.0 235.0 197.0 152.0 172.0 
165.0 144.0 195.0 258.0 240.0 197.0 199.0 
205.0 167.0 113.0 137.0 179.0 87.0 -26.0 
4.0 76.0 19.0 -56.0 -14.0 23.0 -6.0 
-5.0 13.0 31.0 110.0 124.0 42.0 80.0 
169.0 120.0 89.0 193.0 219.0 103.0 75.0 
172.0 135.0 37.0 63.0 63.0 -16.0 -23.0 
-11.0 -74.0 -134.0 -109.0 -82.0 -85.0 -91.0 
-112.0 -93.0 -26.0 -20.0 -35.0 0.0 34.0 
30.0 50.0 113.0 130.0 65.0 45.0 107.0 
127.0 89.0 57.0 53.0 73.0 79.0 35.0 
25.0 76.0 86.0 28.0 -17.0 14.0 49.0 
-13.0 -64.0 -18.0 24.0 18.0 -8.0 -4.0 
67.0 132.0 158.0 197.0 232.0 240.0 277.0 
325.0 333.0 335.0 343.0 327.0 320.0 336.0 
329.0 324.0 293.0 199.0 150.0 200.0 260.0 
224.0 130.0 115.0 152.0 126.0 117.0 169.0 
181.0 141.0 120.0 120.0 110.0 112.0 158.0 
170.0 99.0 35.0 66.0 131.0 107.0 36.0 
28.0 65.0 44.0 -24.0 -6.0 41.0 8.0 
-17.0 10.0 -21.0 -85.0 -77.0 -82.0 -138.0 
-165.0 -172.0 -216.0 -249.0 -230.0 -181.0 -123.0 
-111.0 -153.0 -163.0 -144.0 -121.0 -84.0 -52.0 
-90.0 -126.0 -59.0 -8.0 -24.0 -10.0 -8.0 
-58.0 -50.0 -17.0 -85.0 -144.0 -100.0 -105.0 
-186.0 -205.0 -152.0 -124.0 -146.0 -184.0 -170.0 
-121.0 -135.0 -190.0 -145.0 -60.0 -86.0 -153.0 
-145.0 -125.0 -128.0 -124.0 -121.0 -113.0 -76.0 
-56.0 -92.0 -95.0 -63.0 -44.0 -15.0 4.0 
33.0 72.0 70.0 66.0 127.0 202.0 170.0 
133.0 182.0 218.0 190.0 178.0 207.0 178.0 
132.0 164.0 131.0 89.0 99.0 48.0 13.0 
57.0 73.0 16.0 -11.0 17.0 64.0 41.0 
-3.0 -10.0 -23.0 6.0 77.0 68.0 6.0 
-51.0 -19.0 63.0 53.0 14.0 8.0 18.0 
0.0 -39.0 -19.0 -7.0 -58.0 -21.0 86.0 
35.0 -89.0 -58.0 35.0 23.0 -24.0 5.0 
20.0 -29.0 -56.0 -42.0 -31.0 -35.0 -39.0 
-94.0 -90.0 -57.0 -94.0 -117.0 -87.0 -55.0 
-95.0 -126.0 -89.0 -40.0 -16.0 6.0 -14.0 
-52.0 -30.0 30.0 58.0 37.0 63.0 70.0 
10.0 41.0 56.0 23.0 19.0 -17.0 -51.0 
-23.0 -9.0 -102.0 -136.0 -85.0 -125.0 -204.0 
-147.0 -187.0 -273.0 -121.0 -63.0 -269.0 -386.0 
-222.0 -51.0 -118.0 -172.0 -108.0 -156.0 -193.0 
-80.0 -13.0 -121.0 -151.0 -66.0 -81.0 -109.0 
-164.0 -164.0 -127.0 -130.0 -142.0 -186.0 -264.0 
-192.0 -184.0 -215.0 -217.0 -214.0 -230.0 -179.0 
-150.0 -163.0 -184.0 -155.0 -68.0 -81.0 -101.0 
-33.0 -18.0 -25.0 -23.0 -14.0 -11.0 15.0 
88.0 117.0 133.0 193.0 169.0 178.0 242.0 
238.0 259.0 249.0 244.0 255.0 226.0 225.0 
191.0 240.0 263.0 216.0 220.0 194.0 188.0 
168.0 144.0 150.0 62.0 63.0 99.0 4.0 
-59.0 -6.0 -124.0 -244.0 -188.0 -219.0 -306.0 
-327.0 -297.0 -417.0 -407.0 -369.0 -441.0 -433.0 
-413.0 -436.0 -463.0 -465.0 -425.0 -427.0 -444.0 
-445.0 -393.0 -385.0 -407.0 -406.0 -345.0 -300.0 
-352.0 -353.0 -288.0 -306.0 -341.0 -265.0 -226.0 
-299.0 -307.0 -276.0 -300.0 -332.0 -294.0 -290.0 
-345.0 -327.0 -284.0 -321.0 -383.0 -332.0 -278.0 
-331.0 -362.0 -314.0 -268.0 -275.0 -292.0 -264.0 
-265.0 -265.0 -258.0 -287.0 -263.0 -219.0 -268.0 
-308.0 -250.0 -217.0 -296.0 -288.0 -205.0 -229.0 
-226.0 -179.0 -156.0 -161.0 -126.0 -82.0 -83.0 
-52.0 8.0 35.0 82.0 95.0 129.0 172.0 
221.0 213.0 200.0 270.0 265.0 228.0 262.0 
266.0 242.0 174.0 194.0 194.0 131.0 113.0 
77.0 139.0 26.0 -47.0 -63.0 -30.0 5.0 
-73.0 -180.0 -115.0 -64.0 -212.0 -234.0 -149.0 
-148.0 -310.0 -340.0 -157.0 -101.0 -256.0 -454.0 
-417.0 -229.0 -224.0 -255.0 -358.0 -445.0 -310.0 
-220.0 -329.0 -478.0 -375.0 -283.0 -354.0 -296.0 
-284.0 -414.0 -399.0 -237.0 -218.0 -324.0 -311.0 
-283.0 -300.0 -270.0 -208.0 -248.0 -297.0 -289.0 
-251.0 -268.0 -348.0 -365.0 -319.0 -284.0 -330.0 
-384.0 -367.0 -307.0 -311.0 -415.0 -395.0 -370.0 
-404.0 -416.0 -445.0 -352.0 -248.0 -262.0 -351.0 
-321.0 -174.0 -141.0 -182.0 -135.0 -149.0 -144.0 
-51.0 19.0 4.0 -34.0 15.0 95.0 110.0 
112.0 63.0 100.0 102.0 84.0 199.0 133.0 
-18.0 4.0 127.0 77.0 1.0 29.0 68.0 
-41.0 6.0 158.0 77.0 -8.0 -39.0 43.0 
74.0 53.0 62.0 30.0 -36.0 74.0 75.0 
14.0 79.0 84.0 43.0 13.0 55.0 91.0 
41.0 -16.0 39.0 16.0 -18.0 4.0 -82.0 
-112.0 -88.0 -102.0 -140.0 -196.0 -215.0 -269.0 
-324.0 -332.0 -308.0 -406.0 -447.0 -445.0 -524.0 
-534.0 -574.0 -535.0 -526.0 -630.0 -661.0 -599.0 
-638.0 -680.0 -719.0 -724.0 -650.0 -683.0 -700.0 
-682.0 -634.0 -567.0 -611.0 -635.0 -577.0 -513.0 
-530.0 -618.0 -581.0 -468.0 -426.0 -446.0 -477.0 
-414.0 -357.0 -360.0 -306.0 -246.0 -220.0 -113.0 
-94.0 -143.0 -57.0 25.0 18.0 -34.0 -44.0 
-18.0 -4.0 -17.0 -9.0 -30.0 -149.0 -211.0 
-99.0 -37.0 -134.0 -178.0 -202.0 -283.0 -276.0 
-162.0 -127.0 -149.0 -162.0 -207.0 -229.0 -235.0 
-193.0 -241.0 -321.0 -207.0 -209.0 -352.0 -279.0 
-199.0 -307.0 -260.0 -107.0 -153.0 -279.0 -220.0 
-106.0 -177.0 -265.0 -133.0 -78.0 -159.0 -185.0 
-177.0 -214.0 -181.0 -130.0 -229.0 -413.0 -317.0 
-116.0 -268.0 -382.0 -239.0 -146.0 -354.0 -419.0 
-222.0 -173.0 -303.0 -280.0 -241.0 -314.0 -256.0 
-112.0 -171.0 -275.0 -235.0 -132.0 -102.0 -136.0 
-222.0 -228.0 -125.0 -48.0 -143.0 -191.0 -152.0 
-170.0 -186.0 -201.0 -208.0 -176.0 -303.0 -373.0 
-149.0 -34.0 -316.0 -485.0 -199.0 -1.0 -141.0 
-184.0 -51.0 -112.0 -136.0 46.0 101.0 -33.0 
-6.0 161.0 127.0 -3.0 69.0 145.0 106.0 
86.0 62.0 49.0 68.0 32.0 50.0 108.0 
45.0 -56.0 12.0 147.0 149.0 3.0 -122.0 
-59.0 88.0 44.0 -71.0 -79.0 -27.0 -61.0 
-89.0 0.0 43.0 -123.0 -136.0 53.0 22.0 
-96.0 -113.0 -57.0 11.0 13.0 -92.0 -192.0 
-201.0 -78.0 -135.0 -332.0 -242.0 -143.0 -436.0 
-524.0 -217.0 -206.0 -458.0 -415.0 -202.0 -330.0 
-475.0 -200.0 -93.0 -434.0 -503.0 -202.0 -167.0 
-335.0 -391.0 -423.0 -352.0 -245.0 -316.0 -413.0 
-296.0 -134.0 -244.0 -348.0 -197.0 -139.0 -217.0 
-118.0 -83.0 -301.0 -273.0 -72.0 -84.0 -269.0 
-326.0 -141.0 -136.0 -259.0 -243.0 -210.0 -219.0 
-294.0 -241.0 -176.0 -246.0 -332.0 -322.0 -210.0 
-201.0 -287.0 -315.0 -278.0 -258.0 -256.0 -210.0 
-239.0 -268.0 -233.0 -213.0 -148.0 -165.0 -264.0 
-221.0 -129.0 -214.0 -281.0 -175.0 -164.0 -294.0 
-344.0 -296.0 -312.0 -342.0 -307.0 -314.0 -349.0 
-330.0 -298.0 -294.0 -270.0 -228.0 -204.0 -187.0 
-164.0 -131.0 -112.0 -118.0 -109.0 -52.0 4.0 
-5.0 -64.0 -87.0 -16.0 66.0 50.0 -24.0 
-30.0 9.0 -9.0 -42.0 -6.0 -5.0 -91.0 
-115.0 -62.0 -65.0 -138.0 -168.0 -150.0 -172.0 
-237.0 -218.0 -146.0 -167.0 -236.0 -206.0 -120.0 
-139.0 -195.0 -162.0 -124.0 -148.0 -173.0 -137.0 
-105.0 -132.0 -137.0 -92.0 -53.0 -58.0 -56.0 
15.0 28.0 -21.0 11.0 70.0 28.0 -15.0 
16.0 23.0 -13.0 -41.0 -56.0 -70.0 -61.0 
-101.0 -232.0 -277.0 -204.0 -237.0 -371.0 -420.0 
-434.0 -505.0 -536.0 -534.0 -591.0 -649.0 -659.0 
-674.0 -696.0 -703.0 -696.0 -707.0 -756.0 -744.0 
-674.0 -628.0 -652.0 -711.0 -693.0 -586.0 -452.0 
-415.0 -508.0 -503.0 -335.0 -229.0 -266.0 -266.0 
-222.0 -251.0 -273.0 -169.0 -92.0 -138.0 -169.0 
-149.0 -85.0 -2.0 -2.0 -66.0 -75.0 -47.0 
-52.0 -78.0 -104.0 -125.0 -122.0 -101.0 -110.0 
-122.0 -98.0 -92.0 -126.0 -136.0 -91.0 -36.0 
-60.0 -115.0 -93.0 -59.0 -62.0 -51.0 -58.0 
-95.0 -88.0 -37.0 -44.0 -123.0 -143.0 -79.0 
-88.0 -163.0 -183.0 -165.0 -187.0 -229.0 -254.0 
-239.0 -190.0 -162.0 -212.0 -245.0 -148.0 -50.0 
-82.0 -142.0 -84.0 -51.0 -137.0 -124.0 -68.0 
-143.0 -203.0 -151.0 -136.0 -217.0 -225.0 -165.0 
-194.0 -240.0 -222.0 -174.0 -156.0 -176.0 -163.0 
-145.0 -126.0 -117.0 -148.0 -176.0 -174.0 -213.0 
-266.0 -197.0 -128.0 -214.0 -366.0 -348.0 -261.0 
-298.0 -374.0 -407.0 -412.0 -496.0 -501.0 -378.0 
-363.0 -460.0 -462.0 -406.0 -449.0 -511.0 -430.0 
-334.0 -386.0 -475.0 -490.0 -462.0 -386.0 -338.0 
-368.0 -408.0 -391.0 -374.0 -424.0 -428.0 -354.0 
-318.0 -335.0 -373.0 -407.0 -409.0 -324.0 -212.0 
-204.0 -261.0 -260.0 -196.0 -134.0 -76.0 -40.0 
-51.0 -53.0 -35.0 25.0 104.0 146.0 183.0 
232.0 285.0 300.0 239.0 260.0 366.0 336.0 
227.0 213.0 231.0 206.0 126.0 37.0 50.0 
61.0 -55.0 -114.0 -100.0 -175.0 -209.0 -144.0 
-189.0 -288.0 -269.0 -280.0 -378.0 -363.0 -273.0 
-306.0 -403.0 -429.0 -373.0 -372.0 -446.0 -467.0 
-443.0 -449.0 -524.0 -604.0 -595.0 -564.0 -633.0 
-684.0 -641.0 -622.0 -688.0 -701.0 -598.0 -544.0 
-577.0 -554.0 -464.0 -413.0 -425.0 -418.0 -380.0 
-348.0 -352.0 -371.0 -326.0 -290.0 -340.0 -357.0 
-302.0 -277.0 -311.0 -316.0 -278.0 -272.0 -301.0 
-309.0 -318.0 -361.0 -377.0 -369.0 -415.0 -474.0 
-480.0 -498.0 -544.0 -558.0 -580.0 -587.0 -545.0 
-546.0 -588.0 -586.0 -566.0 -546.0 -534.0 -560.0 
-559.0 -523.0 -497.0 -469.0 -442.0 -428.0 -419.0 
-460.0 -509.0 -401.0 -251.0 -300.0 -421.0 -390.0 
-272.0 -194.0 -183.0 -238.0 -254.0 -182.0 -169.0 
-223.0 -236.0 -219.0 -197.0 -162.0 -166.0 -230.0 
-213.0 -103.0 -118.0 -215.0 -206.0 -136.0 -172.0 
-231.0 -189.0 -160.0 -220.0 -271.0 -262.0 -263.0 
-314.0 -418.0 -498.0 -496.0 -485.0 -564.0 -695.0 
-755.0 -743.0 -798.0 -908.0 -948.0 -974.0 -1045.0 
-1074.0 -1077.0 -1079.0 -1076.0 -1103.0 -1099.0 -1106.0 
-1136.0 -1068.0 -1002.0 -1034.0 -988.0 -936.0 -982.0 
-943.0 -866.0 -873.0 -870.0 -845.0 -832.0 -819.0 
-808.0 -746.0 -692.0 -698.0 -648.0 -569.0 -586.0 
-567.0 -467.0 -440.0 -443.0 -415.0 -414.0 -427.0 
-387.0 -341.0 -356.0 -386.0 -354.0 -304.0 -332.0 
-375.0 -350.0 -317.0 -328.0 -353.0 -372.0 -437.0 
-500.0 -506.0 -496.0 -526.0 -603.0 -667.0 -688.0 
-664.0 -623.0 -636.0 -696.0 -710.0 -671.0 -639.0 
-632.0 -592.0 -564.0 -574.0 -572.0 -561.0 -542.0 
-508.0 -488.0 -481.0 -463.0 -439.0 -426.0 -422.0 
-373.0 -322.0 -351.0 -368.0 -332.0 -303.0 -302.0 
-266.0 -226.0 -274.0 -313.0 -290.0 -273.0 -271.0 
-249.0 -250.0 -292.0 -310.0 -351.0 -370.0 -309.0 
-305.0 -415.0 -520.0 -508.0 -516.0 -589.0 -589.0 
-581.0 -654.0 -756.0 -828.0 -859.0 -912.0 -947.0 
-941.0 -994.0 -1104.0 -1157.0 -1122.0 -1106.0 -1128.0 
-1127.0 -1112.0 -1121.0 -1161.0 -1149.0 -1082.0 -1082.0 
-1113.0 -1100.0 -1078.0 -1081.0 -1060.0 -993.0 -930.0 
-923.0 -936.0 -904.0 -860.0 -846.0 -821.0 -751.0 
-724.0 -814.0 -848.0 -716.0 -650.0 -729.0 -700.0 
-586.0 -635.0 -716.0 -579.0 -472.0 -593.0 -594.0 
-394.0 -399.0 -558.0 -489.0 -329.0 -384.0 -443.0 
-302.0 -273.0 -419.0 -359.0 -192.0 -282.0 -388.0 
-253.0 -210.0 -393.0 -437.0 -303.0 -369.0 -567.0 
-521.0 -413.0 -557.0 -653.0 -515.0 -519.0 -716.0 
-707.0 -610.0 -735.0 -824.0 -696.0 -713.0 -920.0 
-866.0 -697.0 -770.0 -859.0 -769.0 -753.0 -838.0 
-782.0 -721.0 -792.0 -808.0 -760.0 -776.0 -803.0 
-780.0 -829.0 -935.0 -918.0 -886.0 -981.0 -1065.0 
-1049.0 -1049.0 -1104.0 -1131.0 -1110.0 -1092.0 -1112.0 
-1124.0 -1119.0 -1130.0 -1170.0 -1193.0 -1154.0 -1112.0 
-1155.0 -1225.0 -1200.0 -1157.0 -1229.0 -1247.0 -1123.0 
-1139.0 -1249.0 -1178.0 -1088.0 -1174.0 -1188.0 -1066.0 
-1053.0 -1096.0 -1022.0 -941.0 -961.0 -959.0 -855.0 
-774.0 -774.0 -770.0 -705.0 -648.0 -639.0 -576.0 
-520.0 -553.0 -532.0 -461.0 -463.0 -497.0 -462.0 
-403.0 -394.0 -385.0 -364.0 -381.0 -389.0 -341.0 
-309.0 -356.0 -367.0 -183.0 229.0 714.0 1005.0 
909.0 588.0 531.0 849.0 933.0 228.0 -1214.0 
-2799.0 -2649.0 -251.0 768.0 -1649.0 -4372.0 -3247.0 
983.0 1595.0 -1807.0 -3580.0 -1821.0 2646.0 4123.0 
-2549.0 -7838.0 -3032.0 6413.0 5132.0 -8013.0 -9947.0 
2689.0 7019.0 -1418.0 -8120.0 -3559.0 5233.0 3273.0 
-4383.0 -6332.0 -2484.0 3047.0 1847.0 -3387.0 -2601.0 
-724.0 -1099.0 823.0 2254.0 -2197.0 -4744.0 110.0 
2749.0 64.0 -3307.0 -2353.0 1146.0 674.0 -489.0 
-2323.0 -4190.0 640.0 3465.0 -816.0 -3588.0 -4463.0 
649.0 4167.0 -3108.0 -5207.0 1503.0 2285.0 -3963.0 
-3917.0 2867.0 2804.0 -1620.0 -1962.0 1152.0 2146.0 
-1775.0 -3184.0 -1075.0 365.0 -688.0 -4780.0 -4039.0 
2450.0 1522.0 -2672.0 -3295.0 -1696.0 641.0 1612.0 
1817.0 -1737.0 -5192.0 -1566.0 1624.0 -408.0 -2152.0 
569.0 -377.0 -3911.0 -1166.0 2215.0 5471.0 6039.0 
-2004.0 -7454.0 -3268.0 1466.0 555.0 -2838.0 -2762.0 
-2196.0 -3070.0 -85.0 4504.0 3570.0 -1083.0 -2440.0 
2190.0 6317.0 1872.0 -4027.0 -2626.0 -1090.0 -907.0 
1427.0 -1379.0 -6326.0 -4234.0 888.0 2555.0 469.0 
-937.0 -1275.0 -473.0 1108.0 520.0 -830.0 -822.0 
-666.0 -2247.0 -2402.0 1345.0 2237.0 -265.0 -66.0 
-100.0 -2839.0 -3486.0 -230.0 1467.0 920.0 1054.0 
293.0 -2477.0 -5592.0 -2678.0 2485.0 1075.0 -1423.0 
-1357.0 -945.0 -1218.0 -3370.0 -2598.0 2083.0 2744.0 
-1055.0 -4447.0 -3565.0 148.0 525.0 -48.0 562.0 
-1449.0 -1765.0 1734.0 519.0 -5740.0 -3844.0 3252.0 
2293.0 -1793.0 -3032.0 -1193.0 1678.0 -32.0 -1691.0 
-790.0 -341.0 628.0 -1248.0 -3254.0 -1231.0 -158.0 
813.0 821.0 -1519.0 -1525.0 680.0 55.0 -1151.0 
587.0 1390.0 1302.0 96.0 -3609.0 -2898.0 2539.0 
2909.0 -1374.0 -4671.0 -3626.0 1600.0 2699.0 -549.0 
-1980.0 -1576.0 1064.0 2517.0 -65.0 -2872.0 -1946.0 
1367.0 1322.0 -1510.0 -2177.0 -2044.0 -2580.0 -1745.0 
133.0 335.0 -35.0 1169.0 418.0 -1840.0 -125.0 
2583.0 1692.0 -949.0 -3317.0 -2651.0 296.0 1884.0 
281.0 -2243.0 -3518.0 -2746.0 -7.0 2643.0 2510.0 
-999.0 -3345.0 -2145.0 -115.0 2659.0 2555.0 -3612.0 
-6380.0 628.0 7621.0 3461.0 -5813.0 -4224.0 2496.0 
-916.0 -5579.0 -1924.0 1064.0 -1571.0 -2713.0 5.0 
595.0 11.0 1199.0 981.0 -2188.0 -4653.0 -1515.0 
2703.0 119.0 -2864.0 -1135.0 482.0 1124.0 811.0 
-1315.0 -2819.0 -508.0 2553.0 770.0 -2857.0 -3472.0 
-2645.0 570.0 3334.0 383.0 -4096.0 -4680.0 -1889.0 
2459.0 3549.0 -1840.0 -5121.0 631.0 3957.0 -1817.0 
-4951.0 -1360.0 979.0 1263.0 2289.0 2006.0 -1669.0 
-4462.0 -2081.0 770.0 1204.0 718.0 -1163.0 -1968.0 
-1753.0 -983.0 2103.0 838.0 -3264.0 590.0 6148.0 
3817.0 -1945.0 -5365.0 -2624.0 3064.0 3217.0 -1145.0 
-3462.0 -1670.0 731.0 -100.0 -2189.0 -2659.0 -1780.0 
188.0 2263.0 716.0 -2409.0 -1943.0 -65.0 889.0 
1871.0 1557.0 -525.0 -2226.0 -2451.0 -1128.0 457.0 
-58.0 -2084.0 -1837.0 30.0 966.0 853.0 -440.0 
-1106.0 -939.0 -995.0 439.0 17.0 -3877.0 -4825.0 
-2642.0 -361.0 1964.0 2187.0 488.0 -833.0 200.0 
2465.0 1210.0 -1884.0 -2822.0 -2423.0 -746.0 900.0 
321.0 -1065.0 -1907.0 -439.0 2101.0 171.0 -2741.0 
130.0 4127.0 3540.0 -177.0 -1012.0 1955.0 810.0 
-4434.0 -5140.0 -424.0 3059.0 2808.0 777.0 -599.0 
-192.0 912.0 1880.0 1473.0 -841.0 -2662.0 -1956.0 
-859.0 -2615.0 -1937.0 2519.0 2343.0 -1132.0 -703.0 
1782.0 887.0 -2226.0 -3021.0 -1942.0 -776.0 592.0 
1841.0 2050.0 431.0 -799.0 -738.0 -1106.0 -1534.0 
-1142.0 209.0 997.0 54.0 -1461.0 -1950.0 -1450.0 
875.0 2610.0 694.0 -2704.0 -3650.0 -1488.0 880.0 
1718.0 1538.0 -156.0 -1869.0 -1185.0 -1178.0 -3080.0 
-3242.0 -923.0 978.0 719.0 -932.0 -1742.0 -67.0 
2136.0 525.0 -2579.0 -2115.0 70.0 420.0 -71.0 
-2257.0 -3625.0 649.0 3027.0 -30.0 -1560.0 -442.0 
-188.0 -633.0 -392.0 -1199.0 -2520.0 -1910.0 -1705.0 
-1846.0 -9.0 1416.0 1355.0 562.0 -416.0 -1970.0 
-2619.0 -129.0 731.0 -1250.0 74.0 1229.0 -1775.0 
-3040.0 -334.0 1873.0 116.0 -2071.0 -641.0 406.0 
-942.0 -1191.0 17.0 -214.0 -2065.0 -1797.0 1240.0 
3361.0 1280.0 -2730.0 -3615.0 -1696.0 412.0 2247.0 
2087.0 -249.0 -1591.0 -1647.0 -1027.0 251.0 -1189.0 
-3922.0 -1941.0 1096.0 278.0 -1489.0 -1113.0 1176.0 
1348.0 -268.0 829.0 1497.0 -1206.0 -1435.0 -230.0 
-796.0 -154.0 823.0 -96.0 -550.0 81.0 814.0 
823.0 -2102.0 -3988.0 -612.0 1378.0 -1576.0 -2010.0 
1775.0 1696.0 -1455.0 -739.0 436.0 -1001.0 -924.0 
1174.0 1559.0 229.0 -1267.0 -921.0 911.0 145.0 
-3189.0 -3698.0 -602.0 235.0 -766.0 528.0 1845.0 
-1743.0 -4727.0 -604.0 3286.0 1157.0 -1887.0 -2378.0 
-1846.0 -836.0 731.0 1472.0 201.0 -1953.0 -946.0 
2203.0 1022.0 -2910.0 -3845.0 -1318.0 -604.0 -1812.0 
289.0 1625.0 -944.0 -482.0 2883.0 1085.0 -3940.0 
-4258.0 354.0 2613.0 608.0 82.0 1526.0 1194.0 
-10.0 -482.0 -497.0 -610.0 -1115.0 -740.0 -140.0 
-1279.0 -1534.0 500.0 -370.0 -3007.0 -2324.0 -318.0 
847.0 1397.0 511.0 -351.0 252.0 1796.0 551.0 
-2218.0 -691.0 1053.0 -785.0 -1140.0 -796.0 -2650.0 
-2233.0 611.0 990.0 80.0 189.0 -877.0 -1637.0 
-67.0 -465.0 -1281.0 -720.0 -1808.0 -4252.0 -3570.0 
-1030.0 -2746.0 -3920.0 25.0 2023.0 -57.0 -2311.0 
-2863.0 -885.0 772.0 -177.0 -2343.0 -2056.0 977.0 
1976.0 -2108.0 -8954.0 -9398.0 -1883.0 864.0 -530.0 
2525.0 6135.0 4637.0 1955.0 1599.0 -2678.0 -7455.0 
-3055.0 3205.0 2129.0 -2056.0 -3934.0 -2247.0 1822.0 
4342.0 2970.0 523.0 124.0 346.0 -976.0 -5301.0 
-9877.0 -8426.0 -1704.0 4026.0 4178.0 -322.0 -2510.0 
-1162.0 -1390.0 -1558.0 -1861.0 -3471.0 2931.0 9691.0 
2983.0 -8028.0 -11995.0 -6337.0 5032.0 11228.0 7040.0 
-885.0 -5344.0 -6573.0 -7614.0 -5185.0 1354.0 3041.0 
532.0 3222.0 5776.0 -424.0 -9482.0 -12595.0 -3369.0 
7887.0 7114.0 -3469.0 -11357.0 -5055.0 4864.0 2930.0 
-934.0 952.0 -2048.0 -3352.0 682.0 -2225.0 -6585.0 
-2169.0 -569.0 -8781.0 -5570.0 8860.0 6373.0 -7581.0 
-7073.0 385.0 -886.0 189.0 5406.0 1290.0 -5135.0 
494.0 5339.0 -3037.0 -6332.0 -693.0 -1628.0 -4602.0 
-4117.0 -1614.0 1516.0 -1782.0 -2396.0 7014.0 6947.0 
-2612.0 -3565.0 728.0 3481.0 1618.0 -4891.0 -4294.0 
2249.0 5327.0 3575.0 -3950.0 -7443.0 -1088.0 2080.0 
1193.0 2228.0 1260.0 768.0 3745.0 -1630.0 -10900.0 
-2300.0 4405.0 -4703.0 -3872.0 3057.0 469.0 -2503.0 
-2030.0 -284.0 -2297.0 -6651.0 -1603.0 4491.0 -2474.0 
-7598.0 1424.0 7535.0 -1336.0 -10012.0 -1643.0 6400.0 
-3281.0 -7986.0 7.0 1958.0 -1902.0 -531.0 4245.0 
2667.0 -1074.0 -2059.0 -7693.0 -9185.0 593.0 7773.0 
3772.0 -2990.0 -5449.0 -5416.0 -97.0 7670.0 3843.0 
-5093.0 -3582.0 -1105.0 -6411.0 -5044.0 2740.0 2063.0 
-2010.0 -1816.0 -888.0 -3841.0 -6048.0 1818.0 12784.0 
8984.0 -3639.0 -6315.0 -3078.0 -3928.0 -2034.0 1512.0 
-2331.0 -2614.0 2644.0 1258.0 -3513.0 -2667.0 1391.0 
4473.0 2696.0 191.0 1324.0 -2849.0 -3831.0 1211.0 
-2591.0 -4564.0 -566.0 -1217.0 -2042.0 -1580.0 -1176.0 
-562.0 -2305.0 -2270.0 -1333.0 -2774.0 -1182.0 2952.0 
4799.0 -1438.0 -10070.0 -5160.0 4078.0 -2496.0 -6782.0 
3203.0 4509.0 -1818.0 378.0 4973.0 4615.0 -1182.0 
-4082.0 -142.0 -1191.0 -6262.0 -6156.0 -1973.0 1274.0 
80.0 50.0 1221.0 -5482.0 -6359.0 6069.0 9139.0 
-260.0 -10297.0 -11043.0 673.0 7384.0 3219.0 -182.0 
-3156.0 -6965.0 -4083.0 3265.0 4204.0 -2574.0 -3927.0 
2539.0 2946.0 -2185.0 -2237.0 -103.0 -1730.0 -3119.0 
-2326.0 -3167.0 -876.0 4337.0 2968.0 -1001.0 -1457.0 
-367.0 813.0 -569.0 -1442.0 -2563.0 -6977.0 -6154.0 
-2915.0 -2936.0 1378.0 5635.0 4419.0 1137.0 -2341.0 
-2952.0 -295.0 1235.0 1731.0 836.0 -4179.0 -7146.0 
-3086.0 -1802.0 -3541.0 411.0 3298.0 1516.0 -359.0 
-833.0 -1024.0 1899.0 6141.0 498.0 -7167.0 -4514.0 
-1001.0 -638.0 3077.0 2285.0 -4096.0 -2062.0 6345.0 
5071.0 -3293.0 -4832.0 -2752.0 316.0 1561.0 -4044.0 
-7485.0 -3253.0 -900.0 -4876.0 -5595.0 -1458.0 2131.0 
3071.0 1169.0 -1907.0 -2630.0 1423.0 2913.0 267.0 
-157.0 -2295.0 -5750.0 -3033.0 414.0 -1732.0 -2833.0 
570.0 614.0 -1681.0 676.0 1969.0 -2331.0 -2005.0 
2459.0 -456.0 -3287.0 249.0 2238.0 1524.0 -22.0 
-682.0 16.0 -1476.0 -2176.0 158.0 563.0 -2490.0 
-4370.0 -1526.0 -864.0 -4856.0 -4922.0 -2554.0 -2702.0 
-1498.0 1222.0 1535.0 386.0 1109.0 3530.0 3162.0 
1265.0 1851.0 875.0 -3048.0 -6162.0 -7872.0 -4381.0 
835.0 -309.0 -1015.0 1598.0 2055.0 855.0 -482.0 
-2281.0 -3228.0 -2455.0 -830.0 373.0 -1665.0 -5959.0 
-3746.0 2352.0 3354.0 1819.0 1353.0 3452.0 5032.0 
2091.0 -1530.0 -3340.0 -5336.0 -4014.0 998.0 18.0 
-3489.0 -943.0 1398.0 -172.0 -2613.0 -4396.0 -3225.0 
383.0 2343.0 1076.0 -2046.0 -3273.0 -833.0 2595.0 
3042.0 -730.0 -3428.0 -1336.0 631.0 -667.0 -2268.0 
-3060.0 -2405.0 -261.0 -215.0 -423.0 1991.0 1321.0 
-2919.0 -4227.0 -2843.0 -2051.0 -1912.0 -1060.0 -807.0 
-1186.0 1443.0 3938.0 1219.0 -1985.0 -1730.0 -749.0 
-1569.0 -3818.0 -4723.0 -2812.0 1052.0 1365.0 -3301.0 
-4570.0 -1040.0 200.0 -2282.0 -3412.0 -1675.0 1595.0 
3834.0 17.0 -4935.0 -3781.0 -1724.0 -2019.0 -1223.0 
-2089.0 -3578.0 -738.0 868.0 -2406.0 -3423.0 -537.0 
420.0 558.0 289.0 -512.0 1325.0 1329.0 -835.0 
-313.0 345.0 150.0 -939.0 -2954.0 -2287.0 -1204.0 
-2427.0 -2973.0 -3053.0 -3579.0 -2384.0 136.0 1679.0 
1539.0 -140.0 -1948.0 -1955.0 -436.0 1553.0 1727.0 
-720.0 -2067.0 -2706.0 -3534.0 -2845.0 -1013.0 171.0 
-2034.0 -4388.0 -1967.0 1398.0 244.0 -2133.0 -863.0 
601.0 -303.0 -1000.0 478.0 3624.0 4128.0 1499.0 
848.0 569.0 -1833.0 -944.0 1380.0 -843.0 -4547.0 
-4459.0 -2696.0 -4172.0 -6101.0 -5672.0 -5560.0 -4295.0 
-919.0 487.0 -73.0 832.0 2622.0 2793.0 1082.0 
-1399.0 -2525.0 -404.0 2259.0 939.0 -1704.0 -2778.0 
-4665.0 -4661.0 -1540.0 386.0 1583.0 2006.0 283.0 
-1093.0 -917.0 -906.0 -1314.0 -1779.0 -1142.0 393.0 
-303.0 -1717.0 -363.0 642.0 -1114.0 -1920.0 -579.0 
-767.0 -2296.0 -1834.0 -398.0 -896.0 -2205.0 -1847.0 
-555.0 -615.0 -2475.0 -4436.0 -4505.0 -2290.0 -1410.0 
-1249.0 1563.0 1978.0 -160.0 1111.0 3729.0 3272.0 
131.0 -1433.0 131.0 -269.0 -2877.0 -1584.0 1478.0 
207.0 -1865.0 5.0 2800.0 2774.0 725.0 -1693.0 
-2895.0 -3077.0 -4204.0 -3327.0 -630.0 -2001.0 -3050.0 
125.0 1384.0 404.0 -44.0 -785.0 -1325.0 -2298.0 
-3273.0 -1923.0 -1059.0 -2946.0 -3727.0 -680.0 1301.0 
-950.0 -2059.0 -151.0 151.0 -1737.0 -541.0 2076.0 
150.0 -3160.0 -3042.0 -1068.0 -214.0 -395.0 -71.0 
-141.0 -1267.0 -2284.0 -1828.0 206.0 798.0 -1865.0 
-3217.0 -1506.0 -1323.0 -1734.0 -717.0 -724.0 -497.0 
769.0 1332.0 1768.0 2083.0 1876.0 1651.0 221.0 
-1004.0 -1070.0 -1753.0 -1859.0 -1755.0 -2741.0 -2129.0 
1.0 628.0 42.0 -131.0 347.0 -706.0 -2558.0 
-864.0 1364.0 112.0 -510.0 34.0 -1577.0 -1742.0 
103.0 326.0 212.0 854.0 983.0 -1114.0 -3586.0 
-3149.0 -2140.0 -2473.0 -2686.0 -1273.0 733.0 194.0 
-1582.0 -891.0 1079.0 776.0 -878.0 -710.0 376.0 
383.0 1126.0 1996.0 331.0 -1736.0 -1208.0 -71.0 
-986.0 -1779.0 -834.0 120.0 -156.0 -1936.0 -2985.0 
-1818.0 -567.0 -384.0 -1539.0 -3364.0 -4263.0 -3623.0 
-1719.0 -749.0 -1279.0 -577.0 1448.0 3314.0 4488.0 
2365.0 -1427.0 -1166.0 1441.0 790.0 -1188.0 -1434.0 
-2008.0 -2657.0 -2050.0 -1741.0 -2626.0 -3770.0 -3165.0 
-334.0 858.0 -1025.0 -1540.0 230.0 1160.0 -36.0 
-1248.0 -519.0 463.0 -319.0 -1463.0 -1290.0 -977.0 
-589.0 547.0 259.0 -844.0 -354.0 327.0 442.0 
-100.0 -1040.0 -564.0 622.0 1179.0 1764.0 1744.0 
994.0 225.0 -852.0 -978.0 464.0 753.0 -485.0 
23.0 1326.0 1149.0 365.0 8.0 -443.0 -900.0 
-93.0 811.0 249.0 66.0 981.0 1192.0 -534.0 
-2885.0 -2215.0 572.0 701.0 -1002.0 -665.0 515.0 
539.0 756.0 1542.0 1039.0 217.0 868.0 796.0 
-1294.0 -1891.0 129.0 1460.0 682.0 -860.0 -1222.0 
-662.0 -977.0 -1281.0 -869.0 -936.0 -1307.0 -956.0 
-535.0 -1155.0 -1146.0 30.0 -469.0 -2530.0 -3027.0 
-2111.0 -1371.0 -684.0 -599.0 -1182.0 -767.0 503.0 
965.0 793.0 736.0 396.0 15.0 183.0 1110.0 
1838.0 918.0 0.0 664.0 1146.0 -155.0 -2290.0 
-2763.0 -1660.0 -1353.0 -1291.0 -699.0 -549.0 -288.0 
995.0 2082.0 1417.0 244.0 815.0 1610.0 198.0 
-1656.0 -1176.0 398.0 379.0 -330.0 -49.0 485.0 
756.0 1186.0 1266.0 -8.0 -1806.0 -2020.0 -655.0 
422.0 588.0 377.0 405.0 530.0 606.0 580.0 
177.0 -159.0 -434.0 25.0 1021.0 380.0 -1291.0 
-1594.0 -872.0 -562.0 -922.0 -1295.0 -793.0 -254.0 
-1445.0 -3243.0 -2539.0 -94.0 -85.0 -1250.0 -646.0 
-342.0 -857.0 -127.0 1240.0 1876.0 2242.0 2288.0 
1710.0 973.0 613.0 728.0 565.0 266.0 222.0 
-489.0 -994.0 -527.0 -1026.0 -1751.0 -851.0 -329.0 
-604.0 -544.0 -798.0 -835.0 53.0 890.0 506.0 
-252.0 -6.0 288.0 -450.0 -1380.0 -1641.0 -1222.0 
-858.0 -587.0 430.0 940.0 -56.0 -908.0 -1445.0 
-2152.0 -1475.0 609.0 2103.0 2036.0 1240.0 1030.0 
904.0 128.0 -387.0 -396.0 -1059.0 -2004.0 -2002.0 
-1464.0 -1031.0 -610.0 -528.0 -853.0 -969.0 -350.0 
-206.0 -1735.0 -2926.0 -2490.0 -1464.0 -532.0 -58.0 
210.0 622.0 202.0 -1235.0 -1989.0 -972.0 733.0 
1526.0 1588.0 2125.0 2339.0 1528.0 1262.0 1323.0 
446.0 -649.0 -549.0 579.0 1068.0 491.0 -306.0 
-566.0 -669.0 -1548.0 -2179.0 -1786.0 -1520.0 -1335.0 
-744.0 -157.0 -92.0 -524.0 -772.0 -529.0 -54.0 
403.0 703.0 707.0 174.0 -336.0 -376.0 -430.0 
-340.0 128.0 455.0 173.0 -116.0 263.0 197.0 
-610.0 -899.0 -989.0 -1048.0 -443.0 193.0 -349.0 
-1432.0 -1594.0 -763.0 1.0 322.0 690.0 347.0 
-1038.0 -1510.0 -866.0 -820.0 -753.0 415.0 1527.0 
987.0 -25.0 227.0 775.0 319.0 -259.0 -146.0 
-462.0 -724.0 384.0 1352.0 886.0 -404.0 -772.0 
237.0 783.0 762.0 1253.0 1775.0 1940.0 2161.0 
1819.0 801.0 787.0 1568.0 1237.0 345.0 125.0 
-717.0 -2001.0 -1420.0 182.0 -85.0 -1875.0 -2324.0 
-1444.0 -1607.0 -2182.0 -1321.0 -628.0 -1432.0 -1904.0 
-622.0 698.0 -86.0 -1296.0 -401.0 1015.0 1090.0 
1060.0 1323.0 891.0 403.0 655.0 869.0 360.0 
-398.0 -714.0 -663.0 -738.0 -984.0 -1176.0 -1368.0 
-1088.0 -300.0 -228.0 -1107.0 -1152.0 372.0 1658.0 
1321.0 635.0 690.0 507.0 -202.0 59.0 1128.0 
1363.0 1248.0 1439.0 1845.0 2148.0 1800.0 1301.0 
1001.0 924.0 1408.0 1918.0 1178.0 -308.0 -977.0 
-1061.0 -867.0 23.0 851.0 492.0 -597.0 -774.0 
-92.0 -377.0 -1147.0 -934.0 -571.0 -627.0 -373.0 
-55.0 -280.0 -769.0 -709.0 -436.0 -378.0 -205.0 
-547.0 -1304.0 -949.0 242.0 869.0 807.0 326.0 
-95.0 -37.0 306.0 813.0 1125.0 1164.0 1529.0 
1952.0 1738.0 1007.0 703.0 998.0 925.0 614.0 
325.0 -129.0 -463.0 -1067.0 -1770.0 -1748.0 -1295.0 
-843.0 -165.0 499.0 691.0 576.0 393.0 240.0 
-58.0 -360.0 -193.0 127.0 119.0 378.0 1016.0 
1117.0 740.0 902.0 1519.0 1427.0 1121.0 1349.0 
952.0 -463.0 -1482.0 -1277.0 -534.0 -216.0 -508.0 
-888.0 -945.0 -1086.0 -1171.0 -723.0 -201.0 44.0 
-128.0 -651.0 -676.0 89.0 1022.0 1717.0 1937.0 
1328.0 902.0 1394.0 1386.0 469.0 -2.0 -99.0 
-310.0 -599.0 -930.0 -663.0 -186.0 -411.0 -907.0 
-1059.0 -1199.0 -1713.0 -1666.0 -650.0 60.0 203.0 
143.0 -30.0 1.0 -158.0 -467.0 -72.0 519.0 
824.0 1428.0 1589.0 764.0 478.0 1008.0 818.0 
230.0 362.0 485.0 247.0 634.0 1251.0 841.0 
-210.0 -407.0 117.0 299.0 136.0 -169.0 -368.0 
-49.0 160.0 -147.0 -267.0 -35.0 -104.0 -213.0 
55.0 -138.0 -798.0 -814.0 -196.0 169.0 239.0 
439.0 551.0 369.0 192.0 268.0 371.0 378.0 
549.0 311.0 -522.0 -605.0 107.0 334.0 -25.0 
-186.0 126.0 94.0 -358.0 -147.0 515.0 768.0 
806.0 525.0 131.0 497.0 1190.0 1466.0 1059.0 
-30.0 -718.0 -204.0 677.0 588.0 -457.0 -961.0 
-652.0 -497.0 -505.0 -467.0 -270.0 243.0 620.0 
327.0 -627.0 -1062.0 -440.0 -67.0 -303.0 -382.0 
-467.0 -717.0 -480.0 104.0 237.0 -230.0 -707.0 
-512.0 24.0 -71.0 -701.0 -711.0 23.0 463.0 
303.0 -104.0 -174.0 486.0 1023.0 631.0 -146.0 
-748.0 -968.0 -876.0 -897.0 -955.0 -531.0 -6.0 
-144.0 -744.0 -780.0 73.0 756.0 512.0 32.0 
26.0 186.0 315.0 618.0 663.0 196.0 -374.0 
-651.0 -324.0 16.0 -96.0 146.0 873.0 1052.0 
625.0 149.0 -249.0 -425.0 -283.0 225.0 499.0 
-97.0 -536.0 -269.0 -162.0 -209.0 3.0 8.0 
-498.0 -734.0 -411.0 -394.0 -550.0 -235.0 75.0 
27.0 36.0 117.0 -119.0 -582.0 -818.0 -746.0 
-545.0 -337.0 -259.0 -455.0 -512.0 22.0 474.0 
310.0 100.0 99.0 -12.0 -83.0 5.0 -228.0 
-990.0 -1569.0 -1344.0 -632.0 -198.0 -149.0 -86.0 
-58.0 -43.0 47.0 244.0 648.0 821.0 512.0 
395.0 560.0 546.0 474.0 374.0 -5.0 -504.0 
-684.0 -322.0 191.0 286.0 96.0 -13.0 107.0 
274.0 -29.0 -455.0 -337.0 33.0 136.0 -282.0 
-838.0 -866.0 -314.0 79.0 -208.0 -435.0 -231.0 
-291.0 -532.0 -661.0 -792.0 -538.0 -58.0 -181.0 
-645.0 -553.0 -88.0 15.0 11.0 281.0 560.0 
581.0 219.0 -189.0 -323.0 -156.0 293.0 615.0 
443.0 224.0 257.0 329.0 359.0 322.0 393.0 
608.0 790.0 761.0 596.0 477.0 294.0 159.0 
329.0 384.0 163.0 222.0 463.0 286.0 -152.0 
-221.0 -119.0 -281.0 -260.0 60.0 22.0 -370.0 
-595.0 -533.0 -292.0 -86.0 108.0 172.0 -158.0 
-446.0 -337.0 -39.0 27.0 -54.0 80.0 161.0 
-127.0 -484.0 -617.0 -504.0 -175.0 50.0 121.0 
374.0 616.0 572.0 500.0 569.0 580.0 424.0 
437.0 694.0 753.0 575.0 421.0 397.0 283.0 
89.0 187.0 49.0 -600.0 -851.0 -625.0 -636.0 
-746.0 -727.0 -652.0 -504.0 -554.0 -796.0 -753.0 
-476.0 -535.0 -852.0 -763.0 -282.0 -98.0 -234.0 
-160.0 112.0 85.0 -344.0 -574.0 -495.0 -569.0 
-545.0 -264.0 -247.0 -495.0 -539.0 -232.0 117.0 
196.0 25.0 -463.0 -942.0 -768.0 -425.0 -698.0 
-1094.0 -1018.0 -765.0 -478.0 -223.0 -219.0 -267.0 
-175.0 -16.0 122.0 131.0 -20.0 -81.0 67.0 
174.0 -71.0 -770.0 -1244.0 -1085.0 -741.0 -345.0 
111.0 267.0 192.0 503.0 1114.0 1207.0 847.0 
792.0 915.0 767.0 457.0 197.0 -106.0 -310.0 
-20.0 478.0 500.0 56.0 -351.0 -585.0 -486.0 
-112.0 -65.0 -385.0 -492.0 -200.0 248.0 601.0 
593.0 201.0 -35.0 49.0 -63.0 -222.0 103.0 
763.0 1211.0 902.0 -29.0 -634.0 -472.0 -127.0 
-66.0 -18.0 155.0 189.0 -21.0 -220.0 -167.0 
-75.0 -112.0 32.0 205.0 -6.0 -73.0 77.0 
-185.0 -348.0 0.0 229.0 237.0 336.0 250.0 
-107.0 -113.0 216.0 117.0 -316.0 -501.0 -538.0 
-664.0 -755.0 -775.0 -893.0 -912.0 -464.0 29.0 
84.0 217.0 663.0 972.0 915.0 592.0 266.0 
9.0 -90.0 176.0 411.0 86.0 -464.0 -677.0 
-573.0 -543.0 -551.0 -443.0 -464.0 -555.0 -565.0 
-727.0 -989.0 -1029.0 -854.0 -612.0 -658.0 -1037.0 
-982.0 -542.0 -650.0 -997.0 -821.0 -639.0 -790.0 
-787.0 -524.0 -496.0 -520.0 -288.0 -370.0 -801.0 
-696.0 -224.0 -331.0 -915.0 -1404.0 -1693.0 -1662.0 
-1204.0 -821.0 -891.0 -964.0 -668.0 -249.0 -140.0 
-397.0 -609.0 -459.0 -169.0 -128.0 -289.0 -346.0 
-297.0 -288.0 -229.0 -254.0 -511.0 -543.0 -246.0 
-180.0 -372.0 -368.0 -138.0 14.0 41.0 19.0 
-94.0 -118.0 140.0 343.0 173.0 -163.0 -449.0 
-448.0 -35.0 215.0 -213.0 -557.0 -131.0 289.0 
194.0 84.0 -4.0 -279.0 -219.0 310.0 653.0 
486.0 186.0 235.0 483.0 527.0 319.0 12.0 
-132.0 -1.0 183.0 207.0 12.0 -137.0 149.0 
601.0 665.0 244.0 -240.0 -161.0 306.0 250.0 
-241.0 -279.0 28.0 -22.0 -297.0 -224.0 -84.0 
-229.0 -52.0 269.0 -58.0 -549.0 -630.0 -522.0 
-343.0 -235.0 -420.0 -561.0 -237.0 179.0 247.0 
224.0 272.0 174.0 65.0 164.0 186.0 -66.0 
-172.0 -71.0 -130.0 -206.0 -151.0 -156.0 -103.0 
171.0 376.0 274.0 56.0 -76.0 -47.0 74.0 
56.0 -125.0 -167.0 22.0 230.0 232.0 66.0 
166.0 489.0 472.0 236.0 116.0 89.0 231.0 
495.0 687.0 930.0 1286.0 1434.0 1289.0 1159.0 
1238.0 1325.0 1113.0 824.0 787.0 715.0 428.0 
177.0 41.0 -62.0 -147.0 -213.0 -156.0 133.0 
476.0 538.0 391.0 354.0 330.0 249.0 284.0 
208.0 -168.0 -309.0 28.0 306.0 331.0 294.0 
35.0 -203.0 45.0 145.0 -439.0 -787.0 -597.0 
-639.0 -644.0 -371.0 -497.0 -691.0 -397.0 -211.0 
-437.0 -561.0 -467.0 -406.0 -255.0 -22.0 -135.0 
-471.0 -488.0 -363.0 -505.0 -597.0 -377.0 -147.0 
-81.0 -138.0 -287.0 -353.0 -480.0 -887.0 -1193.0 
-1101.0 -914.0 -878.0 -892.0 -864.0 -827.0 -703.0 
-460.0 -282.0 -344.0 -520.0 -560.0 -410.0 -124.0 
113.0 116.0 14.0 49.0 119.0 57.0 46.0 
109.0 -92.0 -455.0 -365.0 156.0 387.0 213.0 
104.0 65.0 28.0 234.0 488.0 442.0 249.0 
238.0 336.0 171.0 -177.0 -194.0 75.0 152.0 
35.0 -4.0 -44.0 -182.0 -202.0 -89.0 -98.0 
-237.0 -349.0 -374.0 -293.0 -217.0 -189.0 -36.0 
271.0 481.0 388.0 321.0 545.0 691.0 555.0 
286.0 9.0 -120.0 -16.0 16.0 -208.0 -403.0 
-353.0 -227.0 -302.0 -646.0 -953.0 -937.0 -768.0 
-746.0 -737.0 -535.0 -283.0 -52.0 71.0 -74.0 
-409.0 -684.0 -647.0 -337.0 -140.0 -223.0 -255.0 
-99.0 21.0 54.0 62.0 98.0 217.0 354.0 
286.0 98.0 236.0 569.0 612.0 342.0 65.0 
120.0 370.0 221.0 -335.0 -564.0 -322.0 -240.0 
-447.0 -522.0 -391.0 -285.0 -150.0 48.0 258.0 
541.0 700.0 497.0 20.0 -389.0 -410.0 -173.0 
-21.0 31.0 33.0 15.0 63.0 98.0 46.0 
-118.0 -199.0 91.0 425.0 206.0 -276.0 -326.0 
-110.0 -1.0 62.0 -26.0 -318.0 -455.0 -316.0 
-135.0 27.0 204.0 252.0 200.0 212.0 225.0 
268.0 534.0 884.0 1071.0 1011.0 750.0 402.0 
138.0 218.0 524.0 565.0 331.0 250.0 450.0 
641.0 524.0 295.0 364.0 514.0 379.0 407.0 
874.0 1205.0 1021.0 491.0 89.0 195.0 435.0 
361.0 235.0 303.0 405.0 339.0 13.0 -99.0 
327.0 695.0 576.0 358.0 363.0 465.0 547.0 
421.0 72.0 -286.0 -488.0 -309.0 91.0 130.0 
-261.0 -434.0 -247.0 -297.0 -581.0 -742.0 -739.0 
-641.0 -554.0 -502.0 -547.0 -688.0 -730.0 -608.0 
-217.0 216.0 31.0 -652.0 -991.0 -988.0 -1066.0 
-1029.0 -646.0 -392.0 -676.0 -830.0 -331.0 6.0 
-417.0 -872.0 -844.0 -696.0 -727.0 -816.0 -752.0 
-630.0 -601.0 -496.0 -285.0 -331.0 -555.0 -430.0 
-97.0 -167.0 -598.0 -809.0 -602.0 -450.0 -667.0 
-795.0 -579.0 -447.0 -417.0 -88.0 402.0 572.0 
343.0 136.0 206.0 331.0 285.0 191.0 292.0 
425.0 345.0 157.0 94.0 115.0 -21.0 -202.0 
-274.0 -408.0 -511.0 -223.0 265.0 343.0 144.0 
136.0 160.0 39.0 -27.0 86.0 247.0 214.0 
-147.0 -490.0 -426.0 -209.0 -147.0 -345.0 -652.0 
-661.0 -315.0 -83.0 -275.0 -493.0 -381.0 -277.0 
-476.0 -629.0 -412.0 -211.0 -156.0 64.0 248.0 
12.0 -330.0 -158.0 149.0 -255.0 -999.0 -1188.0 
-954.0 -899.0 -1058.0 -1076.0 -921.0 -886.0 -940.0 
-879.0 -804.0 -926.0 -1115.0 -1028.0 -822.0 -896.0 
-1111.0 -1039.0 -704.0 -470.0 -236.0 60.0 -52.0 
-554.0 -698.0 -482.0 -514.0 -567.0 -205.0 118.0 
-142.0 -486.0 -338.0 -48.0 126.0 354.0 545.0 
618.0 597.0 497.0 574.0 847.0 971.0 908.0 
910.0 947.0 792.0 519.0 441.0 529.0 500.0 
327.0 266.0 327.0 384.0 455.0 419.0 174.0 
-78.0 -132.0 43.0 275.0 327.0 188.0 16.0 
-91.0 -88.0 -45.0 120.0 620.0 1091.0 1050.0 
636.0 345.0 336.0 370.0 334.0 252.0 104.0 
-67.0 -95.0 -51.0 -71.0 -211.0 -495.0 -729.0 
-697.0 -412.0 -248.0 -511.0 -977.0 -1203.0 -1060.0 
-805.0 -714.0 -766.0 -661.0 -396.0 -375.0 -574.0 
-632.0 -602.0 -669.0 -714.0 -691.0 -774.0 -945.0 
-900.0 -573.0 -345.0 -412.0 -511.0 -483.0 -467.0 
-512.0 -529.0 -580.0 -787.0 -987.0 -929.0 -648.0 
-410.0 -351.0 -338.0 -231.0 -147.0 -247.0 -383.0 
-383.0 -276.0 -151.0 -121.0 -279.0 -388.0 -222.0 
-83.0 -136.0 -274.0 -418.0 -460.0 -412.0 -285.0 
-127.0 -9.0 0.0 -150.0 -179.0 95.0 283.0 
201.0 139.0 78.0 -40.0 50.0 231.0 253.0 
167.0 135.0 277.0 443.0 338.0 149.0 203.0 
290.0 262.0 322.0 435.0 231.0 -278.0 -496.0 
-359.0 -352.0 -438.0 -379.0 -383.0 -491.0 -425.0 
-230.0 -127.0 -80.0 31.0 111.0 18.0 -128.0 
-192.0 -146.0 -82.0 -50.0 18.0 52.0 -37.0 
-194.0 -350.0 -475.0 -482.0 -401.0 -356.0 -330.0 
-385.0 -486.0 -401.0 -153.0 9.0 79.0 143.0 
20.0 -247.0 -203.0 269.0 615.0 425.0 52.0 
-70.0 56.0 136.0 -95.0 -334.0 -214.0 -47.0 
-188.0 -513.0 -753.0 -679.0 -297.0 37.0 79.0 
-191.0 -567.0 -718.0 -699.0 -649.0 -567.0 -430.0 
-226.0 -108.0 -147.0 -117.0 32.0 120.0 126.0 
83.0 6.0 -8.0 -56.0 -204.0 -203.0 -11.0 
55.0 -47.0 -48.0 -25.0 -120.0 -111.0 81.0 
122.0 -141.0 -317.0 -262.0 -208.0 -181.0 -38.0 
148.0 335.0 492.0 399.0 25.0 -325.0 -397.0 
-213.0 15.0 120.0 28.0 -260.0 -561.0 -612.0 
-378.0 -112.0 -235.0 -525.0 -209.0 340.0 157.0 
-462.0 -746.0 -764.0 -751.0 -511.0 -186.0 -309.0 
-603.0 -383.0 -58.0 -87.0 -121.0 -189.0 -556.0 
-801.0 -712.0 -727.0 -854.0 -698.0 -391.0 -356.0 
-613.0 -776.0 -751.0 -669.0 -506.0 -311.0 -261.0 
-397.0 -471.0 -409.0 -329.0 -256.0 -268.0 -394.0 
-481.0 -402.0 -278.0 -241.0 -293.0 -403.0 -419.0 
-260.0 -31.0 43.0 -75.0 -121.0 -72.0 -118.0 
-158.0 -74.0 -4.0 -29.0 -119.0 -226.0 -232.0 
-210.0 -260.0 -309.0 -307.0 -276.0 -183.0 -2.0 
224.0 512.0 680.0 547.0 396.0 497.0 597.0 
422.0 199.0 200.0 303.0 354.0 363.0 327.0 
274.0 413.0 665.0 680.0 425.0 64.0 -182.0 
-175.0 -31.0 -14.0 -128.0 -104.0 60.0 47.0 
-159.0 -322.0 -417.0 -600.0 -872.0 -911.0 -722.0 
-670.0 -746.0 -829.0 -851.0 -653.0 -423.0 -387.0 
-389.0 -267.0 -180.0 -239.0 -347.0 -322.0 -113.0 
23.0 75.0 146.0 102.0 -16.0 -160.0 -284.0 
-358.0 -360.0 -243.0 -192.0 -261.0 -106.0 225.0 
196.0 -102.0 -87.0 164.0 197.0 15.0 -135.0 
-236.0 -317.0 -342.0 -289.0 -189.0 -160.0 -360.0 
-695.0 -734.0 -385.0 -75.0 -144.0 -401.0 -473.0 
-369.0 -260.0 -220.0 -202.0 -190.0 -164.0 -25.0 
-38.0 -395.0 -615.0 -345.0 -68.0 -168.0 -243.0 
-117.0 -192.0 -460.0 -541.0 -406.0 -368.0 -362.0 
-176.0 -106.0 -341.0 -438.0 -164.0 41.0 -61.0 
-92.0 28.0 -164.0 -552.0 -554.0 -380.0 -484.0 
-592.0 -366.0 -48.0 -65.0 -356.0 -452.0 -249.0 
-107.0 -230.0 -312.0 -100.0 155.0 84.0 -167.0 
-98.0 252.0 376.0 357.0 537.0 619.0 261.0 
27.0 257.0 351.0 204.0 180.0 199.0 82.0 
-194.0 -412.0 -379.0 -255.0 -264.0 -246.0 56.0 
359.0 305.0 176.0 382.0 533.0 412.0 488.0 
707.0 599.0 290.0 348.0 604.0 348.0 -268.0 
-369.0 125.0 313.0 -55.0 -341.0 -213.0 -42.0 
-128.0 -207.0 -43.0 269.0 459.0 425.0 251.0 
208.0 438.0 533.0 305.0 76.0 14.0 -62.0 
-239.0 -236.0 -89.0 -103.0 -99.0 -23.0 -195.0 
-480.0 -439.0 -136.0 16.0 -53.0 -219.0 -392.0 
-276.0 169.0 258.0 -173.0 -222.0 380.0 542.0 
48.0 -110.0 82.0 97.0 72.0 18.0 -283.0 
-577.0 -506.0 -154.0 117.0 97.0 -159.0 -465.0 
-623.0 -563.0 -288.0 102.0 176.0 -172.0 -422.0 
-305.0 -192.0 -370.0 -602.0 -721.0 -720.0 -454.0 
-219.0 -347.0 -435.0 -235.0 -265.0 -702.0 -995.0 
-886.0 -721.0 -642.0 -424.0 -273.0 -408.0 -521.0 
-536.0 -627.0 -653.0 -588.0 -541.0 -504.0 -616.0 
-864.0 -981.0 -928.0 -776.0 -568.0 -457.0 -562.0 
-553.0 -186.0 43.0 -81.0 -124.0 117.0 333.0 
391.0 458.0 397.0 91.0 -305.0 -503.0 -463.0 
-529.0 -686.0 -505.0 -52.0 174.0 156.0 251.0 
370.0 194.0 -61.0 125.0 482.0 307.0 -179.0 
28.0 872.0 1082.0 410.0 89.0 480.0 674.0 
513.0 614.0 790.0 553.0 347.0 615.0 866.0 
711.0 408.0 322.0 597.0 963.0 1123.0 920.0 
511.0 412.0 488.0 290.0 109.0 212.0 222.0 
-20.0 -273.0 -395.0 -314.0 -314.0 -670.0 -919.0 
-639.0 -363.0 -532.0 -558.0 -178.0 -86.0 -538.0 
-866.0 -694.0 -382.0 -420.0 -802.0 -934.0 -609.0 
-266.0 -194.0 -253.0 -361.0 -680.0 -1031.0 -1089.0 
-915.0 -857.0 -973.0 -879.0 -566.0 -395.0 -426.0 
-419.0 -351.0 -257.0 8.0 43.0 -293.0 -303.0 
13.0 -66.0 -475.0 -521.0 -294.0 -302.0 -322.0 
-112.0 -12.0 -84.0 20.0 79.0 -122.0 -154.0 
129.0 232.0 47.0 -173.0 -177.0 272.0 632.0 
184.0 -368.0 -141.0 339.0 250.0 -44.0 -27.0 
85.0 10.0 35.0 244.0 -36.0 -559.0 -509.0 
-96.0 5.0 -69.0 287.0 651.0 263.0 -203.0 
189.0 864.0 778.0 445.0 618.0 619.0 195.0 
380.0 912.0 548.0 -1.0 359.0 638.0 -52.0 
-510.0 -55.0 197.0 72.0 215.0 297.0 -74.0 
-320.0 -91.0 -66.0 -348.0 -258.0 107.0 264.0 
303.0 404.0 433.0 290.0 5.0 -289.0 -336.0 
-63.0 200.0 95.0 -88.0 76.0 122.0 -476.0 
-1047.0 -817.0 -566.0 -1043.0 -1281.0 -747.0 -657.0 
-1306.0 -1455.0 -953.0 -791.0 -1185.0 -1405.0 -1132.0 
-727.0 -545.0 -605.0 -552.0 -416.0 -516.0 -632.0 
-465.0 -309.0 -431.0 -466.0 -124.0 101.0 -230.0 
-472.0 10.0 395.0 35.0 -284.0 -172.0 -51.0 
137.0 317.0 196.0 -14.0 -161.0 -176.0 -46.0 
14.0 -134.0 -41.0 502.0 576.0 0.0 -143.0 
207.0 244.0 -42.0 -29.0 341.0 420.0 85.0 
-116.0 -215.0 -279.0 -58.0 213.0 233.0 -88.0 
-515.0 -386.0 269.0 470.0 -24.0 -171.0 174.0 
212.0 -43.0 -237.0 -443.0 -572.0 -470.0 -286.0 
-48.0 -19.0 -424.0 -622.0 -266.0 -67.0 -275.0 
-112.0 312.0 126.0 -236.0 -1.0 344.0 53.0 
-346.0 -6.0 561.0 489.0 136.0 142.0 309.0 
344.0 474.0 682.0 747.0 761.0 640.0 335.0 
305.0 449.0 195.0 186.0 783.0 832.0 269.0 
193.0 474.0 515.0 322.0 81.0 2.0 122.0 
101.0 -88.0 -48.0 235.0 433.0 193.0 -124.0 
184.0 653.0 477.0 -73.0 -235.0 -28.0 -115.0 
-197.0 194.0 453.0 255.0 -19.0 -28.0 73.0 
-84.0 -208.0 24.0 73.0 -276.0 -336.0 65.0 
81.0 -417.0 -355.0 284.0 396.0 14.0 -47.0 
173.0 146.0 -8.0 161.0 316.0 19.0 -192.0 
15.0 74.0 -304.0 -493.0 -286.0 -259.0 -394.0 
-256.0 -79.0 -151.0 -281.0 -377.0 -417.0 -151.0 
110.0 47.0 95.0 227.0 57.0 16.0 169.0 
-16.0 -167.0 238.0 390.0 -102.0 -423.0 -383.0 
-268.0 -92.0 -55.0 -263.0 -338.0 -178.0 -204.0 
-359.0 -403.0 -301.0 -83.0 114.0 31.0 -263.0 
-374.0 -168.0 -73.0 -289.0 -359.0 -3.0 290.0 
161.0 -2.0 103.0 283.0 386.0 490.0 502.0 
448.0 484.0 447.0 230.0 336.0 594.0 267.0 
-131.0 -8.0 111.0 220.0 602.0 735.0 503.0 
577.0 985.0 1057.0 671.0 387.0 492.0 604.0 
390.0 136.0 190.0 354.0 293.0 218.0 319.0 
217.0 -230.0 -379.0 32.0 422.0 585.0 679.0 
509.0 188.0 157.0 234.0 -28.0 -431.0 -492.0 
-378.0 -377.0 -250.0 -176.0 -485.0 -610.0 -357.0 
-345.0 -605.0 -605.0 -465.0 -657.0 -806.0 -577.0 
-386.0 -463.0 -551.0 -483.0 -298.0 -169.0 -222.0 
-354.0 -444.0 -517.0 -563.0 -547.0 -541.0 -572.0 
-517.0 -344.0 -385.0 -608.0 -393.0 13.0 -116.0 
-225.0 86.0 296.0 216.0 171.0 275.0 257.0 
94.0 100.0 280.0 278.0 -58.0 -272.0 12.0 
226.0 -67.0 -238.0 0.0 -6.0 -251.0 -88.0 
196.0 28.0 -253.0 -240.0 -88.0 2.0 -52.0 
-215.0 -254.0 -43.0 213.0 234.0 24.0 -163.0 
-146.0 -179.0 -456.0 -612.0 -413.0 -254.0 -492.0 
-673.0 -405.0 -148.0 -216.0 -306.0 -296.0 -307.0 
-288.0 -134.0 -72.0 -221.0 -172.0 53.0 -2.0 
-158.0 -78.0 54.0 -14.0 -119.0 -50.0 -11.0 
-53.0 15.0 105.0 96.0 166.0 285.0 301.0 
371.0 474.0 523.0 458.0 263.0 179.0 191.0 
79.0 47.0 235.0 307.0 240.0 381.0 588.0 
473.0 133.0 -67.0 30.0 253.0 396.0 520.0 
556.0 339.0 161.0 260.0 426.0 436.0 347.0 
328.0 259.0 169.0 298.0 410.0 306.0 404.0 
772.0 876.0 649.0 441.0 412.0 555.0 683.0 
671.0 597.0 496.0 500.0 701.0 836.0 729.0 
600.0 587.0 663.0 651.0 521.0 486.0 576.0 
720.0 844.0 789.0 620.0 596.0 634.0 504.0 
396.0 425.0 394.0 388.0 572.0 661.0 475.0 
409.0 577.0 465.0 43.0 -6.0 156.0 -90.0 
-193.0 278.0 378.0 -201.0 -455.0 -232.0 -102.0 
-1.0 102.0 -53.0 -295.0 -264.0 -218.0 -400.0 
-470.0 -368.0 -439.0 -638.0 -619.0 -423.0 -256.0 
-244.0 -500.0 -653.0 -276.0 167.0 96.0 -73.0 
142.0 266.0 25.0 -75.0 86.0 86.0 9.0 
263.0 544.0 500.0 379.0 379.0 319.0 143.0 
60.0 140.0 323.0 369.0 72.0 -198.0 -53.0 
113.0 44.0 144.0 272.0 98.0 -23.0 111.0 
202.0 99.0 -57.0 -98.0 16.0 60.0 -9.0 
83.0 259.0 257.0 189.0 308.0 508.0 452.0 
291.0 363.0 398.0 140.0 -161.0 -353.0 -323.0 
-74.0 -55.0 -341.0 -491.0 -424.0 -446.0 -474.0 
-338.0 -236.0 -129.0 58.0 121.0 37.0 -22.0 
118.0 397.0 506.0 384.0 218.0 31.0 -39.0 
172.0 353.0 338.0 417.0 595.0 578.0 480.0 
491.0 378.0 186.0 278.0 463.0 328.0 143.0 
265.0 390.0 285.0 155.0 166.0 181.0 145.0 
113.0 77.0 62.0 52.0 -50.0 -180.0 -241.0 
-272.0 -318.0 -268.0 -181.0 -192.0 -226.0 -218.0 
-222.0 -312.0 -360.0 -182.0 -94.0 -317.0 -536.0 
-557.0 -413.0 -253.0 -154.0 -30.0 -126.0 -415.0 
-278.0 176.0 213.0 -109.0 -162.0 85.0 244.0 
252.0 249.0 225.0 149.0 160.0 178.0 82.0 
31.0 -5.0 -33.0 197.0 395.0 223.0 49.0 
31.0 -36.0 -17.0 182.0 318.0 208.0 103.0 
186.0 187.0 91.0 95.0 25.0 -170.0 -201.0 
-52.0 56.0 81.0 188.0 458.0 565.0 365.0 
250.0 363.0 385.0 157.0 -37.0 15.0 46.0 
-115.0 -204.0 -159.0 -105.0 71.0 323.0 414.0 
329.0 271.0 435.0 471.0 183.0 141.0 464.0 
560.0 379.0 332.0 408.0 413.0 402.0 423.0 
411.0 408.0 453.0 500.0 527.0 544.0 590.0 
621.0 611.0 698.0 762.0 661.0 640.0 674.0 
482.0 285.0 432.0 684.0 717.0 581.0 577.0 
696.0 600.0 493.0 582.0 576.0 394.0 333.0 
461.0 491.0 320.0 222.0 325.0 511.0 688.0 
661.0 378.0 266.0 387.0 243.0 143.0 599.0 
826.0 281.0 -46.0 194.0 201.0 0.0 55.0 
-24.0 -408.0 -428.0 -136.0 -261.0 -574.0 -557.0 
-480.0 -591.0 -707.0 -768.0 -707.0 -611.0 -791.0 
-921.0 -658.0 -557.0 -746.0 -516.0 31.0 -38.0 
-478.0 -356.0 -69.0 -287.0 -526.0 -377.0 -220.0 
-275.0 -320.0 -239.0 -132.0 48.0 284.0 279.0 
45.0 -150.0 -166.0 -44.0 -39.0 -176.0 -91.0 
156.0 97.0 -106.0 -45.0 31.0 -223.0 -391.0 
-76.0 233.0 100.0 -148.0 -170.0 -31.0 62.0 
-46.0 -163.0 -65.0 44.0 -123.0 -417.0 -420.0 
-210.0 -85.0 57.0 254.0 341.0 325.0 461.0 
781.0 792.0 390.0 258.0 421.0 372.0 304.0 
559.0 873.0 800.0 467.0 383.0 564.0 579.0 
371.0 342.0 650.0 853.0 791.0 753.0 790.0 
681.0 427.0 427.0 736.0 917.0 802.0 635.0 
692.0 975.0 920.0 537.0 531.0 649.0 401.0 
145.0 290.0 531.0 449.0 310.0 358.0 369.0 
314.0 251.0 81.0 -30.0 -7.0 -28.0 6.0 
-65.0 -404.0 -537.0 -284.0 -133.0 -324.0 -507.0 
-532.0 -450.0 -406.0 -479.0 -439.0 -413.0 -602.0 
-570.0 -144.0 -129.0 -614.0 -766.0 -589.0 -384.0 
-134.0 18.0 13.0 -37.0 -51.0 -28.0 -90.0 
-182.0 -184.0 -142.0 -55.0 31.0 62.0 174.0 
235.0 107.0 17.0 85.0 151.0 225.0 408.0 
481.0 415.0 463.0 474.0 292.0 66.0 -26.0 
0.0 -24.0 8.0 124.0 178.0 78.0 -74.0 
-74.0 -71.0 -172.0 -71.0 73.0 1.0 -18.0 
116.0 42.0 -149.0 3.0 144.0 -27.0 -24.0 
209.0 229.0 100.0 173.0 325.0 239.0 54.0 
152.0 535.0 826.0 710.0 487.0 584.0 745.0 
541.0 189.0 157.0 203.0 216.0 360.0 379.0 
169.0 110.0 197.0 166.0 125.0 165.0 243.0 
258.0 49.0 3.0 179.0 -23.0 -342.0 -110.0 
167.0 -47.0 -208.0 35.0 28.0 -355.0 -453.0 
-260.0 -293.0 -441.0 -475.0 -326.0 -188.0 -280.0 
-262.0 -92.0 -227.0 -571.0 -567.0 -293.0 -326.0 
-547.0 -348.0 85.0 13.0 -403.0 -374.0 -44.0 
-102.0 -418.0 -460.0 -142.0 95.0 -27.0 -146.0 
-74.0 45.0 114.0 70.0 -4.0 -17.0 -17.0 
-109.0 -169.0 46.0 279.0 151.0 -11.0 198.0 
362.0 138.0 -9.0 220.0 290.0 64.0 66.0 
371.0 462.0 261.0 253.0 444.0 380.0 173.0 
264.0 569.0 568.0 133.0 -115.0 65.0 239.0 
202.0 186.0 212.0 190.0 83.0 -25.0 48.0 
237.0 312.0 213.0 42.0 63.0 188.0 181.0 
124.0 94.0 58.0 31.0 35.0 42.0 88.0 
124.0 77.0 36.0 21.0 45.0 24.0 -134.0 
-212.0 -81.0 12.0 -2.0 6.0 -10.0 -179.0 
-306.0 -292.0 -287.0 -309.0 -324.0 -413.0 -568.0 
-640.0 -531.0 -372.0 -409.0 -590.0 -581.0 -330.0 
-128.0 -130.0 -228.0 -253.0 -261.0 -294.0 -300.0 
-314.0 -345.0 -422.0 -441.0 -219.0 69.0 133.0 
12.0 -69.0 35.0 134.0 36.0 -12.0 119.0 
98.0 3.0 238.0 537.0 471.0 229.0 119.0 
73.0 59.0 230.0 408.0 366.0 295.0 408.0 
532.0 461.0 390.0 433.0 481.0 534.0 508.0 
421.0 434.0 465.0 435.0 496.0 554.0 402.0 
187.0 193.0 394.0 518.0 454.0 271.0 83.0 
-106.0 -129.0 82.0 189.0 100.0 115.0 184.0 
41.0 -47.0 60.0 -45.0 -291.0 -164.0 66.0 
-114.0 -254.0 29.0 128.0 -113.0 -151.0 -43.0 
-119.0 -175.0 -97.0 -164.0 -217.0 -86.0 -154.0 
-389.0 -397.0 -333.0 -427.0 -533.0 -606.0 -663.0 
-554.0 -446.0 -555.0 -566.0 -405.0 -449.0 -557.0 
-377.0 -257.0 -437.0 -465.0 -266.0 -290.0 -423.0 
-237.0 93.0 119.0 -40.0 -60.0 29.0 135.0 
96.0 -202.0 -450.0 -270.0 51.0 137.0 147.0 
147.0 85.0 35.0 -35.0 -132.0 -111.0 -11.0 
-9.0 61.0 248.0 244.0 106.0 168.0 301.0 
220.0 47.0 -11.0 76.0 183.0 205.0 225.0 
228.0 152.0 143.0 198.0 159.0 59.0 -9.0 
76.0 312.0 378.0 166.0 78.0 227.0 232.0 
68.0 53.0 75.0 -5.0 45.0 200.0 187.0 
41.0 111.0 313.0 177.0 -167.0 -131.0 126.0 
26.0 -206.0 -114.0 88.0 65.0 -59.0 -47.0 
4.0 -150.0 -283.0 -16.0 291.0 143.0 -122.0 
-74.0 24.0 -112.0 -238.0 -210.0 -340.0 -614.0 
-468.0 -60.0 -135.0 -469.0 -373.0 -38.0 -36.0 
-207.0 -144.0 -34.0 -100.0 -84.0 37.0 18.0 
-65.0 -54.0 -3.0 -65.0 -224.0 -169.0 66.0 
50.0 -175.0 -158.0 59.0 133.0 152.0 217.0 
175.0 68.0 39.0 67.0 65.0 14.0 -44.0 
-33.0 -7.0 -142.0 -330.0 -289.0 -173.0 -288.0 
-438.0 -381.0 -395.0 -583.0 -591.0 -470.0 -603.0 
-772.0 -651.0 -552.0 -662.0 -651.0 -502.0 -586.0 
-731.0 -682.0 -786.0 -1050.0 -1011.0 -748.0 -711.0 
-892.0 -982.0 -819.0 -577.0 -533.0 -687.0 -816.0 
-651.0 -493.0 -588.0 -621.0 -531.0 -566.0 -620.0 
-426.0 -233.0 -310.0 -357.0 -345.0 -476.0 -501.0 
-268.0 -126.0 -155.0 -72.0 42.0 25.0 90.0 
166.0 40.0 62.0 175.0 -66.0 -296.0 -42.0 
226.0 60.0 -88.0 34.0 -6.0 -164.0 -11.0 
252.0 218.0 56.0 