-1146.0 -1052.0 -990.0 -933.0 -853.0 -764.0 -696.0 
-645.0 -619.0 -594.0 -548.0 -515.0 -538.0 -602.0 
-655.0 -706.0 -775.0 -860.0 -967.0 -1080.0 -1177.0 
-1291.0 -1415.0 -1526.0 -1607.0 -1687.0 -1756.0 -1789.0 
-1815.0 -1853.0 -1871.0 -1858.0 -1844.0 -1834.0 -1800.0 
-1739.0 -1663.0 -1591.0 -1540.0 -1482.0 -1401.0 -1301.0 
-1181.0 -1076.0 -1019.0 -981.0 -915.0 -842.0 -790.0 
-719.0 -622.0 -561.0 -512.0 -432.0 -380.0 -359.0 
-299.0 -199.0 -132.0 -100.0 -48.0 11.0 54.0 
102.0 138.0 163.0 205.0 235.0 220.0 180.0 
152.0 114.0 46.0 -4.0 -33.0 -110.0 -229.0 
-326.0 -395.0 -485.0 -600.0 -726.0 -824.0 -868.0 
-895.0 -968.0 -1035.0 -1044.0 -1014.0 -996.0 -992.0 
-979.0 -932.0 -852.0 -798.0 -775.0 -722.0 -646.0 
-596.0 -571.0 -539.0 -494.0 -439.0 -393.0 -344.0 
-285.0 -245.0 -211.0 -179.0 -173.0 -191.0 -201.0 
-184.0 -168.0 -170.0 -191.0 -224.0 -247.0 -240.0 
-238.0 -268.0 -337.0 -367.0 -324.0 -314.0 -364.0 
-398.0 -403.0 -399.0 -398.0 -420.0 -446.0 -429.0 
-378.0 -356.0 -397.0 -446.0 -444.0 -387.0 -349.0 
-375.0 -409.0 -411.0 -402.0 -410.0 -430.0 -456.0 
-478.0 -489.0 -495.0 -497.0 -512.0 -547.0 -564.0 
-556.0 -559.0 -580.0 -598.0 -588.0 -572.0 -581.0 
-615.0 -624.0 -608.0 -612.0 -616.0 -601.0 -590.0 
-585.0 -559.0 -527.0 -518.0 -526.0 -506.0 -455.0 
-413.0 -387.0 -365.0 -358.0 -337.0 -283.0 -218.0 
-171.0 -153.0 -138.0 -74.0 16.0 75.0 113.0 
172.0 257.0 332.0 369.0 392.0 419.0 439.0 
452.0 464.0 446.0 404.0 373.0 351.0 313.0 
251.0 195.0 148.0 75.0 18.0 -8.0 -64.0 
-125.0 -141.0 -147.0 -181.0 -217.0 -233.0 -223.0 
-213.0 -207.0 -173.0 -138.0 -113.0 -86.0 -72.0 
-76.0 -71.0 -64.0 -72.0 -93.0 -116.0 -142.0 
-186.0 -229.0 -238.0 -246.0 -267.0 -282.0 -290.0 
-309.0 -334.0 -352.0 -371.0 -371.0 -347.0 -363.0 
-409.0 -425.0 -405.0 -395.0 -414.0 -431.0 -433.0 
-436.0 -445.0 -452.0 -453.0 -434.0 -423.0 -438.0 
-426.0 -383.0 -336.0 -298.0 -276.0 -266.0 -241.0 
-201.0 -151.0 -117.0 -114.0 -128.0 -142.0 -140.0 
-124.0 -143.0 -213.0 -272.0 -279.0 -275.0 -292.0 
-341.0 -407.0 -438.0 -429.0 -429.0 -459.0 -456.0 
-404.0 -366.0 -354.0 -340.0 -304.0 -247.0 -196.0 
-149.0 -112.0 -74.0 -25.0 32.0 87.0 109.0 
96.0 72.0 70.0 72.0 22.0 -62.0 -128.0 
-188.0 -255.0 -321.0 -387.0 -461.0 -517.0 -584.0 
-662.0 -724.0 -759.0 -773.0 -782.0 -795.0 -815.0 
-837.0 -834.0 -823.0 -833.0 -836.0 -836.0 -842.0 
-846.0 -829.0 -810.0 -837.0 -865.0 -845.0 -831.0 
-867.0 -933.0 -981.0 -978.0 -976.0 -1020.0 -1084.0 
-1139.0 -1182.0 -1230.0 -1285.0 -1332.0 -1369.0 -1408.0 
-1443.0 -1466.0 -1463.0 -1436.0 -1407.0 -1373.0 -1306.0 
-1227.0 -1174.0 -1129.0 -1043.0 -937.0 -856.0 -781.0 
-699.0 -615.0 -547.0 -509.0 -469.0 -400.0 -330.0 
-292.0 -278.0 -286.0 -294.0 -303.0 -313.0 -326.0 
-381.0 -461.0 -511.0 -551.0 -607.0 -666.0 -722.0 
-807.0 -892.0 -930.0 -955.0 -986.0 -1004.0 -1011.0 
-985.0 -910.0 -860.0 -820.0 -725.0 -605.0 -518.0 
-443.0 -347.0 -267.0 -224.0 -201.0 -177.0 -159.0 
-180.0 -247.0 -337.0 -431.0 -517.0 -627.0 -766.0 
-926.0 -1103.0 -1289.0 -1475.0 -1635.0 -1804.0 -2021.0 
-2215.0 -2343.0 -2473.0 -2623.0 -2746.0 -2834.0 -2898.0 
-2954.0 -2974.0 -2984.0 -3009.0 -3000.0 -2931.0 -2856.0 
-2783.0 -2691.0 -2596.0 -2479.0 -2335.0 -2199.0 -2079.0 
-1928.0 -1741.0 -1592.0 -1455.0 -1287.0 -1145.0 -1065.0 
-970.0 -837.0 -762.0 -723.0 -626.0 -528.0 -480.0 
-409.0 -321.0 -302.0 -315.0 -280.0 -226.0 -210.0 
-198.0 -179.0 -177.0 -219.0 -268.0 -266.0 -284.0 
-362.0 -417.0 -452.0 -549.0 -649.0 -776.0 -923.0 
-1025.0 -1136.0 -1284.0 -1403.0 -1493.0 -1589.0 -1717.0 
-1854.0 -1934.0 -1974.0 -2055.0 -2165.0 -2247.0 -2310.0 
-2379.0 -2476.0 -2582.0 -2678.0 -2741.0 -2778.0 -2824.0 
-2897.0 -2972.0 -2994.0 -2989.0 -3010.0 -3019.0 -2964.0 
-2863.0 -2787.0 -2728.0 -2656.0 -2579.0 -2482.0 -2370.0 
-2264.0 -2196.0 -2125.0 -1990.0 -1837.0 -1740.0 -1673.0 
-1590.0 -1482.0 -1371.0 -1287.0 -1225.0 -1160.0 -1106.0 
-1058.0 -1066.0 -1114.0 -1146.0 -1171.0 -1191.0 -1220.0 
-1261.0 -1311.0 -1372.0 -1437.0 -1489.0 -1532.0 -1590.0 
-1649.0 -1693.0 -1720.0 -1736.0 -1757.0 -1824.0 -1890.0 
-1907.0 -1922.0 -1963.0 -1991.0 -1999.0 -1990.0 -1976.0 
-1988.0 -1998.0 -1978.0 -1950.0 -1932.0 -1904.0 -1849.0 
-1800.0 -1773.0 -1743.0 -1695.0 -1647.0 -1590.0 -1551.0 
-1522.0 -1466.0 -1409.0 -1378.0 -1354.0 -1344.0 -1365.0 
-1388.0 -1432.0 -1473.0 -1517.0 -1618.0 -1728.0 -1819.0 
-1903.0 -1973.0 -2046.0 -2148.0 -2228.0 -2262.0 -2310.0 
-2382.0 -2468.0 -2585.0 -2694.0 -2760.0 -2829.0 -2933.0 
-3038.0 -3132.0 -3233.0 -3327.0 -3406.0 -3482.0 -3578.0 
-3672.0 -3728.0 -3772.0 -3823.0 -3871.0 -3916.0 -3962.0 
-3989.0 -3999.0 -3972.0 -3910.0 -3861.0 -3799.0 -3693.0 
-3562.0 -3447.0 -3334.0 -3208.0 -3064.0 -2926.0 -2788.0 
-2626.0 -2450.0 -2303.0 -2167.0 -2010.0 -1868.0 -1747.0 
-1614.0 -1453.0 -1291.0 -1166.0 -1041.0 -934.0 -851.0 
-755.0 -645.0 -551.0 -501.0 -502.0 -506.0 -497.0 
-529.0 -601.0 -676.0 -766.0 -867.0 -962.0 -1088.0 
-1257.0 -1429.0 -1578.0 -1715.0 -1846.0 -1996.0 -2182.0 
-2360.0 -2501.0 -2597.0 -2683.0 -2804.0 -2950.0 -3073.0 
-3141.0 -3181.0 -3228.0 -3262.0 -3253.0 -3200.0 -3165.0 
-3135.0 -3064.0 -2984.0 -2909.0 -2845.0 -2779.0 -2715.0 
-2661.0 -2575.0 -2486.0 -2438.0 -2416.0 -2368.0 -2294.0 
-2233.0 -2213.0 -2198.0 -2172.0 -2158.0 -2151.0 -2127.0 
-2148.0 -2174.0 -2162.0 -2158.0 -2163.0 -2173.0 -2185.0 
-2170.0 -2125.0 -2113.0 -2133.0 -2123.0 -2082.0 -2053.0 
-2041.0 -2018.0 -1981.0 -1925.0 -1876.0 -1882.0 -1879.0 
-1832.0 -1801.0 -1772.0 -1733.0 -1698.0 -1679.0 -1686.0 
-1733.0 -1750.0 -1738.0 -1772.0 -1813.0 -1842.0 -1898.0 
-1976.0 -2045.0 -2103.0 -2155.0 -2170.0 -2179.0 -2208.0 
-2222.0 -2221.0 -2216.0 -2198.0 -2165.0 -2096.0 -2037.0 
-2007.0 -1993.0 -1958.0 -1885.0 -1808.0 -1772.0 -1756.0 
-1701.0 -1638.0 -1596.0 -1527.0 -1461.0 -1412.0 -1327.0 
-1260.0 -1231.0 -1172.0 -1114.0 -1110.0 -1085.0 -1023.0 
-1008.0 -1050.0 -1077.0 -1050.0 -1005.0 -990.0 -1019.0 
-1057.0 -1068.0 -1045.0 -1040.0 -1086.0 -1117.0 -1110.0 
-1152.0 -1228.0 -1271.0 -1298.0 -1370.0 -1469.0 -1522.0 
-1558.0 -1612.0 -1621.0 -1616.0 -1641.0 -1699.0 -1769.0 
-1804.0 -1815.0 -1832.0 -1885.0 -1982.0 -2058.0 -2060.0 
-2013.0 -2014.0 -2082.0 -2111.0 -2079.0 -2042.0 -1997.0 
-1960.0 -1928.0 -1886.0 -1860.0 -1818.0 -1744.0 -1679.0 
-1650.0 -1634.0 -1610.0 -1555.0 -1485.0 -1428.0 -1374.0 
-1326.0 -1275.0 -1200.0 -1127.0 -1073.0 -988.0 -889.0 
-836.0 -760.0 -635.0 -533.0 -468.0 -420.0 -355.0 
-264.0 -181.0 -128.0 -127.0 -177.0 -198.0 -181.0 
-169.0 -183.0 -251.0 -367.0 -467.0 -554.0 -653.0 
-742.0 -810.0 -879.0 -971.0 -1103.0 -1247.0 -1367.0 
-1465.0 -1575.0 -1718.0 -1841.0 -1911.0 -1986.0 -2086.0 
-2176.0 -2250.0 -2291.0 -2291.0 -2295.0 -2302.0 -2289.0 
-2248.0 -2181.0 -2127.0 -2112.0 -2098.0 -2068.0 -2022.0 
-1964.0 -1893.0 -1822.0 -1804.0 -1801.0 -1726.0 -1613.0 
-1545.0 -1506.0 -1442.0 -1376.0 -1340.0 -1309.0 -1269.0 
-1238.0 -1195.0 -1154.0 -1144.0 -1140.0 -1097.0 -1044.0 
-1029.0 -1011.0 -973.0 -940.0 -881.0 -773.0 -651.0 
-557.0 -488.0 -422.0 -326.0 -210.0 -122.0 -63.0 
9.0 80.0 120.0 143.0 160.0 168.0 191.0 
200.0 143.0 48.0 -16.0 -43.0 -123.0 -254.0 
-369.0 -459.0 -541.0 -616.0 -700.0 -811.0 -904.0 
-964.0 -1039.0 -1135.0 -1207.0 -1253.0 -1291.0 -1328.0 
-1348.0 -1384.0 -1463.0 -1507.0 -1469.0 -1427.0 -1425.0 
-1417.0 -1370.0 -1311.0 -1262.0 -1223.0 -1178.0 -1115.0 
-1047.0 -988.0 -945.0 -903.0 -866.0 -828.0 -784.0 
-730.0 -677.0 -644.0 -598.0 -537.0 -470.0 -395.0 
-336.0 -298.0 -240.0 -170.0 -119.0 -83.0 -53.0 
-10.0 32.0 38.0 47.0 94.0 116.0 83.0 
56.0 67.0 66.0 54.0 76.0 84.0 67.0 
102.0 176.0 219.0 261.0 319.0 381.0 451.0 
544.0 644.0 710.0 763.0 827.0 886.0 941.0 
988.0 1012.0 1022.0 1035.0 1045.0 1016.0 959.0 
898.0 842.0 780.0 686.0 568.0 467.0 379.0 
250.0 88.0 -55.0 -174.0 -299.0 -435.0 -552.0 
-663.0 -791.0 -903.0 -1004.0 -1087.0 -1137.0 -1178.0 
-1203.0 -1219.0 -1236.0 -1233.0 -1194.0 -1138.0 -1088.0 
-1045.0 -976.0 -889.0 -789.0 -680.0 -585.0 -488.0 
-355.0 -207.0 -71.0 42.0 158.0 290.0 410.0 
488.0 558.0 657.0 747.0 804.0 853.0 916.0 
976.0 1029.0 1079.0 1132.0 1196.0 1267.0 1317.0 
1360.0 1418.0 1496.0 1570.0 1605.0 1611.0 1646.0 
1692.0 1716.0 1730.0 1747.0 1775.0 1771.0 1715.0 
1693.0 1732.0 1749.0 1726.0 1699.0 1678.0 1660.0 
1664.0 1675.0 1666.0 1639.0 1604.0 1552.0 1495.0 
1428.0 1336.0 1230.0 1124.0 1038.0 971.0 890.0 
810.0 743.0 688.0 615.0 512.0 437.0 388.0 
319.0 214.0 117.0 49.0 -20.0 -109.0 -226.0 
-338.0 -401.0 -446.0 -510.0 -590.0 -667.0 -721.0 
-762.0 -809.0 -845.0 -836.0 -801.0 -785.0 -773.0 
-760.0 -745.0 -688.0 -609.0 -507.0 -361.0 -252.0 
-174.0 -41.0 113.0 281.0 483.0 671.0 842.0 
1041.0 1233.0 1407.0 1619.0 1838.0 2006.0 2127.0 
2260.0 2428.0 2563.0 2640.0 2712.0 2786.0 2830.0 
2843.0 2851.0 2865.0 2876.0 2869.0 2826.0 2755.0 
2697.0 2656.0 2576.0 2433.0 2321.0 2236.0 2111.0 
1970.0 1848.0 1711.0 1558.0 1424.0 1313.0 1200.0 
1049.0 891.0 779.0 666.0 530.0 419.0 302.0 
165.0 62.0 -4.0 -74.0 -149.0 -204.0 -245.0 
-305.0 -366.0 -420.0 -442.0 -428.0 -426.0 -456.0 
-453.0 -419.0 -419.0 -436.0 -420.0 -391.0 -376.0 
-363.0 -343.0 -324.0 -313.0 -304.0 -257.0 -173.0 
-98.0 -22.0 66.0 174.0 290.0 393.0 508.0 
651.0 799.0 909.0 1001.0 1129.0 1267.0 1379.0 
1483.0 1562.0 1615.0 1676.0 1746.0 1797.0 1817.0 
1819.0 1804.0 1784.0 1772.0 1743.0 1677.0 1583.0 
1496.0 1412.0 1306.0 1197.0 1096.0 1007.0 925.0 
829.0 718.0 608.0 538.0 495.0 447.0 385.0 
321.0 273.0 256.0 255.0 247.0 254.0 277.0 
276.0 268.0 269.0 259.0 254.0 253.0 257.0 
258.0 247.0 246.0 277.0 286.0 261.0 229.0 
204.0 210.0 240.0 253.0 254.0 260.0 293.0 
330.0 355.0 378.0 430.0 490.0 541.0 588.0 
636.0 682.0 738.0 795.0 869.0 894.0 879.0 
890.0 903.0 912.0 914.0 928.0 936.0 932.0 
949.0 965.0 941.0 931.0 936.0 922.0 893.0 
842.0 795.0 772.0 761.0 738.0 716.0 698.0 
678.0 695.0 730.0 741.0 757.0 797.0 836.0 
851.0 851.0 845.0 849.0 867.0 850.0 808.0 
774.0 731.0 680.0 661.0 667.0 660.0 635.0 
614.0 619.0 639.0 660.0 686.0 709.0 723.0 
741.0 752.0 741.0 757.0 795.0 799.0 776.0 
775.0 807.0 833.0 838.0 838.0 840.0 854.0 
889.0 940.0 1005.0 1065.0 1118.0 1152.0 1202.0 
1285.0 1345.0 1374.0 1427.0 1530.0 1621.0 1653.0 
1673.0 1720.0 1753.0 1776.0 1807.0 1832.0 1849.0 
1873.0 1872.0 1847.0 1834.0 1842.0 1845.0 1830.0 
1814.0 1814.0 1808.0 1769.0 1719.0 1680.0 1661.0 
1660.0 1649.0 1628.0 1609.0 1579.0 1526.0 1481.0 
1475.0 1480.0 1452.0 1393.0 1365.0 1357.0 1314.0 
1270.0 1251.0 1241.0 1224.0 1189.0 1146.0 1098.0 
1058.0 1047.0 1034.0 1012.0 1002.0 984.0 936.0 
876.0 829.0 787.0 734.0 673.0 610.0 531.0 
443.0 361.0 306.0 277.0 256.0 226.0 216.0 
247.0 290.0 325.0 327.0 336.0 426.0 552.0 
638.0 704.0 782.0 862.0 952.0 1081.0 1210.0 
1305.0 1412.0 1547.0 1684.0 1831.0 1951.0 2048.0 
2155.0 2251.0 2296.0 2313.0 2315.0 2313.0 2316.0 
2289.0 2261.0 2245.0 2218.0 2197.0 2162.0 2089.0 
2043.0 2070.0 2110.0 2099.0 2060.0 2033.0 2043.0 
2086.0 2129.0 2143.0 2141.0 2137.0 2141.0 2149.0 
2159.0 2178.0 2174.0 2169.0 2174.0 2156.0 2146.0 
2154.0 2124.0 2077.0 2044.0 2008.0 1980.0 1950.0 
1869.0 1754.0 1670.0 1647.0 1640.0 1578.0 1438.0 
1310.0 1246.0 1200.0 1135.0 1078.0 1016.0 960.0 
929.0 884.0 819.0 783.0 765.0 732.0 710.0 
701.0 675.0 659.0 657.0 683.0 729.0 743.0 
765.0 832.0 913.0 986.0 1047.0 1093.0 1173.0 
1278.0 1327.0 1334.0 1333.0 1316.0 1319.0 1377.0 
1439.0 1424.0 1373.0 1347.0 1336.0 1345.0 1358.0 
1339.0 1321.0 1365.0 1429.0 1431.0 1384.0 1377.0 
1398.0 1389.0 1360.0 1315.0 1263.0 1218.0 1164.0 
1098.0 1038.0 1005.0 983.0 932.0 865.0 817.0 
810.0 805.0 781.0 756.0 739.0 714.0 697.0 
697.0 695.0 687.0 680.0 665.0 659.0 642.0 
623.0 647.0 706.0 771.0 804.0 818.0 847.0 
930.0 1027.0 1050.0 1051.0 1108.0 1199.0 1288.0 
1332.0 1342.0 1391.0 1494.0 1552.0 1561.0 1559.0 
1554.0 1607.0 1691.0 1728.0 1748.0 1775.0 1773.0 
1781.0 1818.0 1816.0 1741.0 1656.0 1615.0 1584.0 
1523.0 1458.0 1380.0 1248.0 1116.0 1066.0 1038.0 
935.0 824.0 757.0 692.0 624.0 575.0 536.0 
489.0 442.0 408.0 371.0 343.0 312.0 275.0 
239.0 196.0 160.0 126.0 99.0 76.0 -4.0 
-106.0 -159.0 -181.0 -214.0 -251.0 -299.0 -357.0 
-371.0 -356.0 -358.0 -350.0 -305.0 -251.0 -206.0 
-143.0 -58.0 24.0 104.0 171.0 215.0 262.0 
335.0 451.0 561.0 649.0 743.0 803.0 846.0 
920.0 981.0 1003.0 1017.0 1053.0 1094.0 1085.0 
1025.0 974.0 946.0 914.0 857.0 782.0 690.0 
628.0 594.0 505.0 389.0 301.0 233.0 195.0 
190.0 208.0 245.0 262.0 251.0 290.0 374.0 
441.0 483.0 529.0 576.0 608.0 628.0 641.0 
669.0 715.0 728.0 710.0 699.0 681.0 649.0 
612.0 552.0 503.0 464.0 380.0 279.0 211.0 
159.0 96.0 30.0 -37.0 -113.0 -175.0 -216.0 
-252.0 -271.0 -295.0 -366.0 -438.0 -470.0 -483.0 
-472.0 -457.0 -480.0 -502.0 -498.0 -509.0 -516.0 
-495.0 -435.0 -356.0 -328.0 -331.0 -291.0 -219.0 
-161.0 -87.0 10.0 74.0 95.0 128.0 182.0 
238.0 305.0 352.0 355.0 352.0 358.0 358.0 
354.0 390.0 430.0 429.0 447.0 474.0 476.0 
505.0 550.0 585.0 641.0 702.0 727.0 726.0 
766.0 859.0 918.0 923.0 942.0 968.0 970.0 
955.0 951.0 954.0 938.0 906.0 844.0 788.0 
784.0 784.0 769.0 787.0 828.0 830.0 805.0 
793.0 813.0 866.0 860.0 799.0 749.0 722.0 
682.0 610.0 540.0 500.0 435.0 332.0 222.0 
101.0 21.0 -13.0 -83.0 -154.0 -209.0 -282.0 
-339.0 -346.0 -333.0 -320.0 -332.0 -376.0 -391.0 
-372.0 -396.0 -458.0 -491.0 -517.0 -545.0 -570.0 
-588.0 -586.0 -563.0 -524.0 -473.0 -471.0 -461.0 
-347.0 -239.0 -197.0 -140.0 -54.0 24.0 99.0 
179.0 249.0 295.0 359.0 441.0 501.0 563.0 
593.0 619.0 658.0 672.0 694.0 716.0 692.0 
665.0 686.0 704.0 683.0 705.0 764.0 743.0 
691.0 687.0 692.0 687.0 686.0 670.0 643.0 
615.0 586.0 547.0 509.0 475.0 429.0 377.0 
294.0 201.0 162.0 142.0 92.0 44.0 4.0 
-40.0 -88.0 -118.0 -125.0 -128.0 -153.0 -182.0 
-149.0 -106.0 -92.0 -77.0 -66.0 -64.0 -52.0 
-20.0 18.0 29.0 18.0 49.0 112.0 157.0 
181.0 214.0 223.0 231.0 271.0 314.0 308.0 
274.0 266.0 285.0 289.0 259.0 233.0 242.0 
252.0 202.0 110.0 72.0 81.0 50.0 -29.0 
-133.0 -211.0 -231.0 -244.0 -275.0 -294.0 -315.0 
-337.0 -296.0 -175.0 -87.0 -68.0 -30.0 39.0 
114.0 176.0 216.0 256.0 298.0 331.0 387.0 
422.0 426.0 466.0 521.0 536.0 511.0 494.0 
524.0 549.0 506.0 432.0 394.0 384.0 387.0 
410.0 410.0 390.0 411.0 466.0 499.0 529.0 
594.0 689.0 767.0 840.0 923.0 1003.0 1074.0 
1159.0 1250.0 1333.0 1382.0 1396.0 1432.0 1464.0 
1440.0 1368.0 1287.0 1263.0 1231.0 1127.0 987.0 
869.0 760.0 662.0 561.0 442.0 316.0 200.0 
121.0 64.0 16.0 -32.0 -72.0 -81.0 -54.0 
-4.0 24.0 34.0 61.0 125.0 174.0 178.0 
215.0 312.0 379.0 357.0 337.0 382.0 432.0 
435.0 424.0 450.0 473.0 448.0 447.0 484.0 
502.0 519.0 549.0 549.0 589.0 649.0 646.0 
642.0 715.0 799.0 827.0 852.0 919.0 982.0 
1024.0 1085.0 1155.0 1210.0 1229.0 1244.0 1293.0 
1339.0 1359.0 1370.0 1361.0 1316.0 1240.0 1163.0 
1104.0 1054.0 986.0 891.0 788.0 706.0 610.0 
489.0 399.0 344.0 273.0 186.0 115.0 67.0 
51.0 63.0 79.0 91.0 108.0 165.0 238.0 
292.0 352.0 417.0 478.0 597.0 720.0 764.0 
774.0 874.0 1032.0 1159.0 1236.0 1308.0 1388.0 
1491.0 1639.0 1775.0 1848.0 1898.0 1975.0 2060.0 
2116.0 2145.0 2159.0 2142.0 2101.0 2039.0 1974.0 
1879.0 1755.0 1665.0 1589.0 1461.0 1309.0 1175.0 
1060.0 962.0 881.0 799.0 714.0 684.0 685.0 
687.0 706.0 726.0 740.0 766.0 829.0 907.0 
939.0 972.0 1055.0 1142.0 1180.0 1193.0 1211.0 
1249.0 1317.0 1338.0 1291.0 1274.0 1297.0 1294.0 
1259.0 1196.0 1138.0 1122.0 1117.0 1063.0 980.0 
906.0 828.0 746.0 676.0 622.0 539.0 432.0 
369.0 321.0 234.0 139.0 64.0 -23.0 -114.0 
-194.0 -269.0 -320.0 -313.0 -261.0 -248.0 -297.0 
-305.0 -240.0 -196.0 -207.0 -207.0 -203.0 -215.0 
-193.0 -192.0 -258.0 -331.0 -337.0 -284.0 -274.0 
-312.0 -356.0 -405.0 -401.0 -318.0 -261.0 -268.0 
-283.0 -253.0 -206.0 -160.0 -119.0 -103.0 -89.0 
-52.0 8.0 50.0 69.0 98.0 129.0 146.0 
148.0 198.0 302.0 340.0 317.0 367.0 509.0 
630.0 674.0 689.0 677.0 691.0 792.0 881.0 
844.0 717.0 612.0 562.0 539.0 508.0 437.0 
328.0 215.0 116.0 56.0 4.0 -81.0 -187.0 
-279.0 -358.0 -404.0 -436.0 -522.0 -616.0 -668.0 
-745.0 -865.0 -955.0 -998.0 -1050.0 -1095.0 -1120.0 
-1170.0 -1225.0 -1281.0 -1332.0 -1348.0 -1348.0 -1339.0 
-1314.0 -1299.0 -1320.0 -1307.0 -1247.0 -1206.0 -1199.0 
-1193.0 -1165.0 -1113.0 -1017.0 -928.0 -903.0 -849.0 
-714.0 -557.0 -441.0 -340.0 -178.0 17.0 183.0 
342.0 530.0 702.0 857.0 1052.0 1247.0 1375.0 
1473.0 1579.0 1673.0 1759.0 1843.0 1894.0 1909.0 
1909.0 1906.0 1874.0 1797.0 1720.0 1677.0 1615.0 
1507.0 1389.0 1260.0 1133.0 1036.0 958.0 864.0 
776.0 697.0 593.0 483.0 393.0 298.0 187.0 
75.0 -2.0 -76.0 -191.0 -299.0 -371.0 -429.0 
-497.0 -569.0 -632.0 -683.0 -694.0 -718.0 -772.0 
-808.0 -818.0 -810.0 -829.0 -881.0 -923.0 -936.0 
-932.0 -934.0 -945.0 -987.0 -1039.0 -1064.0 -1079.0 
-1086.0 -1083.0 -1080.0 -1039.0 -968.0 -909.0 -846.0 
-768.0 -676.0 -552.0 -418.0 -318.0 -222.0 -102.0 
13.0 108.0 207.0 306.0 397.0 476.0 543.0 
611.0 674.0 725.0 787.0 864.0 935.0 988.0 
1039.0 1074.0 1109.0 1163.0 1213.0 1263.0 1330.0 
1370.0 1393.0 1411.0 1398.0 1399.0 1432.0 1458.0 
1456.0 1461.0 1452.0 1423.0 1405.0 1385.0 1353.0 
1304.0 1234.0 1144.0 1058.0 1003.0 932.0 809.0 
658.0 532.0 436.0 303.0 154.0 75.0 23.0 
-81.0 -193.0 -229.0 -255.0 -323.0 -347.0 -306.0 
-250.0 -182.0 -101.0 -22.0 64.0 158.0 269.0 
388.0 498.0 599.0 683.0 761.0 832.0 914.0 
1000.0 1049.0 1061.0 1063.0 1081.0 1083.0 1028.0 
962.0 925.0 891.0 816.0 761.0 750.0 723.0 
643.0 541.0 483.0 489.0 489.0 458.0 398.0 
329.0 300.0 306.0 265.0 161.0 61.0 17.0 
-6.0 -40.0 -72.0 -90.0 -80.0 -73.0 -71.0 
-47.0 1.0 72.0 159.0 253.0 336.0 408.0 
470.0 541.0 629.0 691.0 715.0 728.0 760.0 
789.0 756.0 698.0 649.0 602.0 538.0 453.0 
352.0 251.0 165.0 73.0 -53.0 -163.0 -231.0 
-321.0 -421.0 -471.0 -496.0 -531.0 -548.0 -553.0 
-540.0 -495.0 -449.0 -424.0 -378.0 -309.0 -251.0 
-187.0 -114.0 -33.0 53.0 141.0 228.0 323.0 
459.0 619.0 745.0 862.0 1006.0 1148.0 1270.0 
1399.0 1522.0 1622.0 1678.0 1695.0 1728.0 1769.0 
1757.0 1691.0 1632.0 1593.0 1535.0 1452.0 1352.0 
1260.0 1172.0 1064.0 953.0 872.0 795.0 740.0 
698.0 653.0 613.0 572.0 544.0 522.0 487.0 
447.0 421.0 406.0 378.0 330.0 293.0 277.0 
249.0 211.0 194.0 180.0 146.0 133.0 151.0 
130.0 52.0 24.0 59.0 40.0 -20.0 -51.0 
-64.0 -87.0 -94.0 -87.0 -83.0 -70.0 -47.0 
-5.0 34.0 86.0 159.0 216.0 252.0 312.0 
365.0 371.0 372.0 382.0 382.0 385.0 383.0 
331.0 268.0 230.0 172.0 106.0 68.0 55.0 
19.0 -60.0 -116.0 -147.0 -169.0 -191.0 -205.0 
-221.0 -247.0 -253.0 -250.0 -259.0 -258.0 -226.0 
-172.0 -132.0 -124.0 -110.0 -85.0 -68.0 -35.0 
14.0 40.0 28.0 10.0 7.0 -17.0 -70.0 
-113.0 -143.0 -169.0 -218.0 -291.0 -352.0 -402.0 
-452.0 -493.0 -512.0 -526.0 -517.0 -487.0 -449.0 
-388.0 -303.0 -225.0 -163.0 -104.0 -32.0 78.0 
184.0 244.0 306.0 365.0 366.0 342.0 339.0 
337.0 325.0 276.0 183.0 125.0 119.0 107.0 
73.0 47.0 59.0 94.0 137.0 177.0 210.0 
266.0 319.0 352.0 377.0 385.0 368.0 355.0 
336.0 282.0 194.0 111.0 27.0 -68.0 -182.0 
-312.0 -451.0 -567.0 -652.0 -756.0 -898.0 -1030.0 
-1106.0 -1169.0 -1225.0 -1243.0 -1247.0 -1258.0 -1243.0 
-1223.0 -1215.0 -1181.0 -1123.0 -1056.0 -979.0 -924.0 
-875.0 -815.0 -762.0 -731.0 -717.0 -716.0 -706.0 
-696.0 -724.0 -752.0 -777.0 -834.0 -870.0 -901.0 
-974.0 -1062.0 -1134.0 -1182.0 -1214.0 -1243.0 -1264.0 
-1256.0 -1228.0 -1186.0 -1130.0 -1058.0 -932.0 -775.0 
-635.0 -489.0 -290.0 -109.0 41.0 216.0 374.0 
500.0 626.0 736.0 807.0 878.0 945.0 974.0 
979.0 984.0 1021.0 1055.0 1037.0 1030.0 1045.0 
1028.0 969.0 923.0 875.0 837.0 818.0 779.0 
710.0 639.0 585.0 535.0 465.0 376.0 309.0 
262.0 196.0 126.0 54.0 -16.0 -103.0 -194.0 
-264.0 -339.0 -438.0 -539.0 -619.0 -699.0 -812.0 
-972.0 -1109.0 -1212.0 -1344.0 -1498.0 -1639.0 -1753.0 
-1845.0 -1915.0 -1969.0 -2043.0 -2103.0 -2116.0 -2117.0 
-2117.0 -2107.0 -2072.0 -2016.0 -1951.0 -1878.0 -1794.0 
-1689.0 -1555.0 -1391.0 -1237.0 -1092.0 -953.0 -826.0 
-695.0 -562.0 -436.0 -338.0 -246.0 -150.0 -77.0 
-64.0 -66.0 -31.0 34.0 68.0 45.0 5.0 
-4.0 -23.0 -65.0 -71.0 -72.0 -115.0 -161.0 
-184.0 -196.0 -213.0 -229.0 -244.0 -247.0 -238.0 
-242.0 -262.0 -269.0 -255.0 -236.0 -238.0 -262.0 
-281.0 -289.0 -288.0 -308.0 -325.0 -304.0 -279.0 
-296.0 -338.0 -372.0 -404.0 -432.0 -467.0 -503.0 
-528.0 -549.0 -589.0 -624.0 -654.0 -694.0 -746.0 
-772.0 -780.0 -772.0 -764.0 -752.0 -735.0 -716.0 
-685.0 -672.0 -663.0 -638.0 -597.0 -569.0 -557.0 
-515.0 -449.0 -421.0 -423.0 -407.0 -369.0 -320.0 
-284.0 -271.0 -259.0 -243.0 -254.0 -297.0 -321.0 
-308.0 -306.0 -319.0 -306.0 -260.0 -196.0 -153.0 
-159.0 -149.0 -82.0 -22.0 26.0 62.0 62.0 
40.0 13.0 -20.0 -39.0 -63.0 -127.0 -225.0 
-349.0 -479.0 -589.0 -689.0 -811.0 -954.0 -1047.0 
-1116.0 -1209.0 -1274.0 -1312.0 -1335.0 -1356.0 -1359.0 
-1338.0 -1317.0 -1308.0 -1297.0 -1262.0 -1154.0 -1051.0 
-1017.0 -960.0 -886.0 -913.0 -938.0 -892.0 -863.0 
-859.0 -847.0 -837.0 -818.0 -814.0 -850.0 -870.0 
-870.0 -864.0 -819.0 -731.0 -632.0 -502.0 -348.0 
-225.0 -156.0 -67.0 69.0 189.0 274.0 400.0 
578.0 747.0 889.0 960.0 981.0 1023.0 1089.0 
1105.0 1088.0 1073.0 1060.0 1053.0 1064.0 1077.0 
1048.0 1001.0 960.0 921.0 856.0 754.0 669.0 
611.0 556.0 509.0 424.0 298.0 172.0 57.0 
-67.0 -224.0 -365.0 -456.0 -546.0 -662.0 -775.0 
-883.0 -981.0 -1045.0 -1091.0 -1165.0 -1249.0 -1285.0 
-1285.0 -1283.0 -1273.0 -1238.0 -1174.0 -1102.0 -1028.0 
-940.0 -861.0 -800.0 -731.0 -632.0 -535.0 -448.0 
-355.0 -271.0 -192.0 -73.0 41.0 142.0 287.0 
431.0 529.0 621.0 725.0 856.0 979.0 1049.0 
1086.0 1141.0 1189.0 1221.0 1222.0 1179.0 1099.0 
1003.0 910.0 810.0 670.0 529.0 407.0 296.0 
177.0 83.0 36.0 -39.0 -126.0 -182.0 -226.0 
-261.0 -264.0 -231.0 -185.0 -144.0 -132.0 -103.0 
-18.0 83.0 164.0 196.0 194.0 216.0 257.0 
297.0 340.0 398.0 429.0 418.0 426.0 419.0 
420.0 432.0 426.0 466.0 518.0 528.0 535.0 
579.0 612.0 606.0 571.0 507.0 471.0 439.0 
339.0 252.0 219.0 166.0 44.0 -88.0 -179.0 
-275.0 -362.0 -456.0 -574.0 -689.0 -773.0 -783.0 
-770.0 -804.0 -850.0 -860.0 -865.0 -874.0 -851.0 
-812.0 -808.0 -828.0 -846.0 -856.0 -874.0 -904.0 
-928.0 -925.0 -881.0 -862.0 -904.0 -929.0 -895.0 
-905.0 -978.0 -1025.0 -1026.0 -1002.0 -959.0 -929.0 
-963.0 -1010.0 -1015.0 -1001.0 -1008.0 -1036.0 -1051.0 
-1051.0 -998.0 -935.0 -949.0 -1052.0 -1122.0 -1108.0 
-1072.0 -1080.0 -1127.0 -1160.0 -1151.0 -1123.0 -1137.0 
-1164.0 -1147.0 -1117.0 -1124.0 -1155.0 -1158.0 -1159.0 
-1152.0 -1139.0 -1151.0 -1168.0 -1181.0 -1199.0 -1213.0 
-1221.0 -1202.0 -1215.0 -1270.0 -1318.0 -1329.0 -1361.0 
-1447.0 -1506.0 -1522.0 -1538.0 -1586.0 -1615.0 -1614.0 
-1643.0 -1685.0 -1727.0 -1761.0 -1760.0 -1762.0 -1772.0 
-1788.0 -1803.0 -1819.0 -1814.0 -1783.0 -1756.0 -1756.0 
-1775.0 -1812.0 -1850.0 -1869.0 -1870.0 -1896.0 -1918.0 
-1918.0 -1906.0 -1888.0 -1873.0 -1837.0 -1747.0 -1638.0 
-1554.0 -1451.0 -1329.0 -1235.0 -1157.0 -1068.0 -981.0 
-909.0 -832.0 -750.0 -691.0 -664.0 -634.0 -608.0 
-642.0 -710.0 -761.0 -793.0 -884.0 -1006.0 -1141.0 
-1301.0 -1479.0 -1617.0 -1676.0 -1778.0 -1936.0 -2080.0 
-2186.0 -2276.0 -2359.0 -2437.0 -2555.0 -2667.0 -2737.0 
-2791.0 -2870.0 -2945.0 -2948.0 -2923.0 -2981.0 -3027.0 
-2998.0 -2975.0 -2978.0 -2958.0 -2901.0 -2836.0 -2788.0 
-2756.0 -2693.0 -2586.0 -2488.0 -2405.0 -2305.0 -2180.0 
-2054.0 -1957.0 -1879.0 -1783.0 -1675.0 -1587.0 -1516.0 
-1435.0 -1330.0 -1226.0 -1148.0 -1072.0 -996.0 -941.0 
-893.0 -866.0 -847.0 -809.0 -797.0 -833.0 -848.0 
-862.0 -917.0 -970.0 -1005.0 -1051.0 -1112.0 -1174.0 
-1230.0 -1272.0 -1284.0 -1272.0 -1286.0 -1341.0 -1374.0 
-1367.0 -1367.0 -1380.0 -1413.0 -1443.0 -1443.0 -1444.0 
-1450.0 -1426.0 -1396.0 -1383.0 -1355.0 -1309.0 -1277.0 
-1243.0 -1191.0 -1128.0 -1074.0 -1039.0 -995.0 -964.0 
-947.0 -936.0 -952.0 -990.0 -1022.0 -1034.0 -1087.0 
-1198.0 -1291.0 -1342.0 -1370.0 -1397.0 -1463.0 -1550.0 
-1587.0 -1585.0 -1608.0 -1632.0 -1621.0 -1606.0 -1618.0 
-1616.0 -1585.0 -1549.0 -1490.0 -1405.0 -1324.0 -1253.0 
-1177.0 -1078.0 -958.0 -825.0 -695.0 -579.0 -475.0 
-357.0 -214.0 -62.0 70.0 152.0 248.0 393.0 
502.0 585.0 670.0 754.0 841.0 922.0 983.0 
1036.0 1080.0 1103.0 1122.0 1139.0 1112.0 1021.0 
937.0 895.0 814.0 673.0 530.0 394.0 231.0 
67.0 -75.0 -212.0 -343.0 -488.0 -643.0 -795.0 
-921.0 -983.0 -1021.0 -1092.0 -1180.0 -1239.0 -1266.0 
-1275.0 -1306.0 -1340.0 -1363.0 -1389.0 -1399.0 -1381.0 
-1370.0 -1376.0 -1352.0 -1284.0 -1201.0 -1120.0 -1038.0 
-925.0 -796.0 -665.0 -537.0 -422.0 -299.0 -159.0 
-29.0 71.0 144.0 222.0 305.0 341.0 343.0 
320.0 281.0 248.0 211.0 146.0 39.0 -87.0 
-194.0 -264.0 -328.0 -391.0 -452.0 -466.0 -424.0 
-394.0 -362.0 -307.0 -233.0 -140.0 -8.0 133.0 
265.0 411.0 564.0 709.0 835.0 952.0 1092.0 
1242.0 1368.0 1470.0 1581.0 1705.0 1823.0 1909.0 
1962.0 2023.0 2088.0 2138.0 2170.0 2172.0 2153.0 
2131.0 2082.0 2007.0 1934.0 1836.0 1715.0 1595.0 
1477.0 1362.0 1227.0 1076.0 946.0 848.0 759.0 
641.0 508.0 405.0 339.0 264.0 197.0 165.0 
149.0 132.0 103.0 72.0 67.0 81.0 84.0 
64.0 63.0 80.0 65.0 40.0 24.0 21.0 
24.0 16.0 8.0 36.0 77.0 95.0 118.0 
170.0 258.0 341.0 409.0 463.0 538.0 638.0 
726.0 776.0 785.0 802.0 839.0 854.0 865.0 
874.0 863.0 848.0 836.0 805.0 778.0 756.0 
710.0 669.0 643.0 589.0 504.0 448.0 405.0 
329.0 243.0 163.0 75.0 -12.0 -90.0 -161.0 
-257.0 -355.0 -403.0 -440.0 -486.0 -511.0 -507.0 
-509.0 -476.0 -412.0 -343.0 -240.0 -109.0 13.0 
138.0 253.0 366.0 492.0 669.0 854.0 974.0 
1088.0 1226.0 1366.0 1492.0 1604.0 1709.0 1813.0 
1908.0 1988.0 2057.0 2112.0 2171.0 2217.0 2220.0 
2203.0 2207.0 2223.0 2198.0 2124.0 2050.0 2007.0 
1940.0 1856.0 1810.0 1763.0 1686.0 1625.0 1576.0 
1547.0 1544.0 1482.0 1396.0 1378.0 1368.0 1304.0 
1222.0 1157.0 1106.0 1086.0 1057.0 973.0 891.0 
845.0 781.0 672.0 583.0 508.0 400.0 263.0 
139.0 17.0 -115.0 -231.0 -346.0 -462.0 -551.0 
-634.0 -740.0 -808.0 -812.0 -848.0 -924.0 -955.0 
-957.0 -990.0 -1015.0 -1023.0 -1042.0 -1053.0 -1018.0 
-1004.0 -1008.0 -938.0 -830.0 -778.0 -756.0 -724.0 
-674.0 -584.0 -508.0 -472.0 -428.0 -358.0 -274.0 
-186.0 -111.0 -65.0 9.0 138.0 239.0 304.0 
387.0 502.0 633.0 742.0 819.0 895.0 969.0 
1060.0 1176.0 1258.0 1289.0 1300.0 1325.0 1389.0 
1453.0 1446.0 1428.0 1462.0 1508.0 1531.0 1554.0 
1599.0 1665.0 1725.0 1741.0 1735.0 1767.0 1800.0 
1811.0 1829.0 1842.0 1826.0 1781.0 1730.0 1692.0 
1656.0 1581.0 1476.0 1358.0 1253.0 1149.0 992.0 
804.0 651.0 524.0 384.0 218.0 52.0 -98.0 
-243.0 -377.0 -475.0 -538.0 -646.0 -783.0 -842.0 
-856.0 -895.0 -942.0 -951.0 -925.0 -891.0 -863.0 
-837.0 -776.0 -666.0 -550.0 -474.0 -436.0 -397.0 
-320.0 -219.0 -128.0 -28.0 67.0 144.0 239.0 
338.0 460.0 593.0 699.0 835.0 966.0 1077.0 
1196.0 1299.0 1382.0 1493.0 1630.0 1706.0 1745.0 
1800.0 1853.0 1891.0 1905.0 1890.0 1870.0 1841.0 
1776.0 1705.0 1661.0 1606.0 1504.0 1360.0 1252.0 
1174.0 1074.0 963.0 874.0 786.0 672.0 596.0 
559.0 481.0 385.0 326.0 279.0 203.0 123.0 
59.0 9.0 -49.0 -93.0 -125.0 -188.0 -276.0 
-339.0 -358.0 -389.0 -414.0 -469.0 -490.0 -427.0 
-380.0 -351.0 -305.0 -214.0 -94.0 6.0 73.0 
144.0 242.0 372.0 472.0 544.0 631.0 714.0 
770.0 843.0 944.0 1019.0 1069.0 1168.0 1315.0 
1430.0 1536.0 1676.0 1830.0 1963.0 2063.0 2162.0 
2245.0 2341.0 2444.0 2496.0 2515.0 2539.0 2539.0 
2516.0 2508.0 2515.0 2497.0 2450.0 2419.0 2397.0 
2352.0 2303.0 2250.0 2169.0 2086.0 2030.0 1947.0 
1830.0 1722.0 1667.0 1568.0 1413.0 1264.0 1123.0 
935.0 723.0 528.0 365.0 204.0 42.0 -121.0 
-283.0 -434.0 -571.0 -683.0 -754.0 -810.0 -861.0 
-878.0 -855.0 -815.0 -779.0 -743.0 -683.0 -593.0 
-483.0 -339.0 -180.0 -57.0 56.0 232.0 410.0 
507.0 605.0 746.0 870.0 958.0 1052.0 1143.0 
1191.0 1235.0 1313.0 1385.0 1416.0 1470.0 1558.0 
1630.0 1683.0 1755.0 1833.0 1927.0 2056.0 2189.0 
2298.0 2370.0 2423.0 2492.0 2562.0 2614.0 2650.0 
2661.0 2682.0 2695.0 2676.0 2645.0 2617.0 2596.0 
2583.0 2558.0 2520.0 2489.0 2452.0 2394.0 2380.0 
2400.0 2370.0 2314.0 2291.0 2260.0 2234.0 2219.0 
2178.0 2106.0 2041.0 1979.0 1917.0 1850.0 1778.0 
1681.0 1537.0 1412.0 1344.0 1272.0 1159.0 1055.0 
992.0 929.0 842.0 785.0 754.0 695.0 637.0 
608.0 590.0 575.0 578.0 597.0 607.0 626.0 
696.0 776.0 819.0 867.0 934.0 1004.0 1077.0 
1146.0 1207.0 1238.0 1274.0 1308.0 1349.0 1385.0 
1416.0 1443.0 1464.0 1462.0 1475.0 1522.0 1539.0 
1530.0 1566.0 1623.0 1646.0 1640.0 1641.0 1655.0 
1672.0 1692.0 1696.0 1693.0 1684.0 1667.0 1651.0 
1632.0 1604.0 1562.0 1525.0 1498.0 1470.0 1409.0 
1342.0 1307.0 1286.0 1253.0 1236.0 1216.0 1203.0 
1234.0 1269.0 1284.0 1314.0 1392.0 1491.0 1576.0 
1637.0 1688.0 1757.0 1877.0 1999.0 2111.0 2215.0 
2325.0 2446.0 2555.0 2666.0 2773.0 2815.0 2834.0 
2907.0 2973.0 2956.0 2921.0 2910.0 2883.0 2829.0 
2756.0 2672.0 2602.0 2539.0 2480.0 2407.0 2330.0 
2303.0 2298.0 2275.0 2248.0 2211.0 2177.0 2190.0 
2207.0 2196.0 2171.0 2146.0 2071.0 2022.0 2108.0 
2131.0 2019.0 1914.0 1869.0 1895.0 1924.0 1918.0 
1859.0 1821.0 1846.0 1873.0 1875.0 1886.0 1930.0 
1937.0 1944.0 1975.0 1993.0 2048.0 2083.0 2146.0 
2230.0 2266.0 2347.0 2424.0 2487.0 2583.0 2629.0 
2652.0 2713.0 2730.0 2714.0 2680.0 2619.0 2592.0 
2605.0 2581.0 2480.0 2346.0 2265.0 2244.0 2180.0 
2089.0 2041.0 1977.0 1895.0 1812.0 1704.0 1619.0 
1580.0 1546.0 1518.0 1457.0 1354.0 1271.0 1217.0 
1166.0 1111.0 1036.0 940.0 867.0 790.0 676.0 
571.0 506.0 481.0 446.0 373.0 298.0 266.0 
278.0 290.0 281.0 318.0 394.0 482.0 581.0 
673.0 745.0 870.0 1063.0 1224.0 1335.0 1478.0 
1634.0 1765.0 1896.0 2024.0 2148.0 2275.0 2379.0 
2472.0 2580.0 2671.0 2775.0 2894.0 3002.0 3076.0 
3108.0 3134.0 3165.0 3194.0 3209.0 3192.0 3141.0 
3071.0 3012.0 2951.0 2875.0 2814.0 2776.0 2738.0 
2687.0 2641.0 2646.0 2650.0 2620.0 2602.0 2607.0 
2617.0 2618.0 2617.0 2627.0 2630.0 2621.0 2605.0 
2594.0 2581.0 2559.0 2531.0 2490.0 2470.0 2452.0 
2368.0 2308.0 2325.0 2295.0 2204.0 2146.0 2109.0 
2063.0 2009.0 1951.0 1894.0 1829.0 1779.0 1721.0 
1619.0 1526.0 1455.0 1353.0 1242.0 1127.0 991.0 
855.0 706.0 548.0 433.0 349.0 253.0 126.0 
6.0 -72.0 -107.0 -121.0 -147.0 -168.0 -154.0 
-114.0 -50.0 22.0 91.0 171.0 263.0 354.0 
458.0 576.0 681.0 784.0 915.0 1056.0 1171.0 
1288.0 1422.0 1530.0 1600.0 1684.0 1785.0 1888.0 
1998.0 2087.0 2127.0 2152.0 2204.0 2261.0 2288.0 
2280.0 2274.0 2288.0 2276.0 2227.0 2209.0 2234.0 
2228.0 2199.0 2178.0 2142.0 2106.0 2100.0 2090.0 
2072.0 2073.0 2080.0 2074.0 2047.0 2015.0 1989.0 
1957.0 1915.0 1871.0 1843.0 1806.0 1740.0 1670.0 
1629.0 1613.0 1601.0 1583.0 1570.0 1577.0 1588.0 
1583.0 1581.0 1598.0 1622.0 1635.0 1630.0 1613.0 
1586.0 1565.0 1565.0 1564.0 1537.0 1487.0 1424.0 
1369.0 1328.0 1293.0 1243.0 1163.0 1070.0 1001.0 
937.0 837.0 744.0 698.0 634.0 511.0 394.0 
332.0 293.0 238.0 166.0 74.0 0.0 -45.0 
-130.0 -239.0 -309.0 -365.0 -445.0 -527.0 -545.0 
-491.0 -491.0 -460.0 -419.0 -419.0 -422.0 -370.0 
-269.0 -179.0 -100.0 -7.0 65.0 155.0 267.0 
360.0 423.0 497.0 572.0 640.0 748.0 877.0 
971.0 1072.0 1172.0 1265.0 1374.0 1493.0 1573.0 
1609.0 1665.0 1723.0 1718.0 1682.0 1675.0 1698.0 
1733.0 1747.0 1689.0 1617.0 1585.0 1515.0 1396.0 
1307.0 1263.0 1238.0 1196.0 1124.0 1054.0 1016.0 
1015.0 1023.0 1008.0 982.0 978.0 996.0 1006.0 
1026.0 1076.0 1094.0 1087.0 1118.0 1159.0 1152.0 
1108.0 1051.0 1025.0 1001.0 961.0 891.0 816.0 
732.0 609.0 496.0 415.0 340.0 249.0 161.0 
50.0 -59.0 -158.0 -251.0 -348.0 -459.0 -549.0 
-638.0 -754.0 -869.0 -957.0 -1019.0 -1062.0 -1103.0 
-1151.0 -1186.0 -1188.0 -1147.0 -1135.0 -1142.0 -1141.0 
-1130.0 -1136.0 -1105.0 -995.0 -872.0 -780.0 -748.0 
-727.0 -666.0 -591.0 -552.0 -468.0 -359.0 -300.0 
-253.0 -259.0 -254.0 -176.0 -88.0 -46.0 -55.0 
-47.0 0.0 63.0 74.0 90.0 147.0 185.0 
216.0 234.0 311.0 464.0 584.0 643.0 693.0 
782.0 888.0 994.0 1036.0 1052.0 1099.0 1123.0 
1136.0 1149.0 1143.0 1153.0 1223.0 1256.0 1181.0 
1070.0 992.0 985.0 974.0 917.0 832.0 754.0 
666.0 518.0 355.0 291.0 321.0 294.0 176.0 
88.0 102.0 157.0 147.0 91.0 62.0 84.0 
140.0 176.0 153.0 66.0 12.0 31.0 47.0 
19.0 -61.0 -173.0 -279.0 -378.0 -471.0 -565.0 
-677.0 -778.0 -857.0 -955.0 -1064.0 -1128.0 -1132.0 
-1161.0 -1255.0 -1349.0 -1387.0 -1382.0 -1364.0 -1333.0 
-1337.0 -1367.0 -1352.0 -1325.0 -1360.0 -1437.0 -1481.0 
-1484.0 -1454.0 -1428.0 -1379.0 -1305.0 -1258.0 -1235.0 
-1155.0 -1040.0 -946.0 -860.0 -732.0 -610.0 -507.0 
-430.0 -326.0 -192.0 -64.0 33.0 94.0 104.0 
148.0 233.0 275.0 270.0 324.0 418.0 487.0 
539.0 604.0 685.0 744.0 800.0 861.0 891.0 
911.0 943.0 955.0 960.0 988.0 1016.0 1001.0 
989.0 992.0 955.0 846.0 736.0 694.0 702.0 
688.0 638.0 610.0 615.0 611.0 620.0 660.0 
656.0 587.0 540.0 504.0 449.0 433.0 454.0 
417.0 299.0 171.0 82.0 1.0 -113.0 -249.0 
-385.0 -503.0 -612.0 -721.0 -833.0 -949.0 -1040.0 
-1132.0 -1216.0 -1301.0 -1406.0 -1522.0 -1602.0 -1613.0 
-1590.0 -1583.0 -1567.0 -1529.0 -1519.0 -1514.0 -1524.0 
-1532.0 -1501.0 -1436.0 -1361.0 -1333.0 -1298.0 -1175.0 
-1058.0 -968.0 -857.0 -761.0 -729.0 -664.0 -493.0 
-315.0 -211.0 -120.0 -7.0 113.0 231.0 358.0 
521.0 687.0 838.0 985.0 1124.0 1274.0 1409.0 
1508.0 1586.0 1655.0 1715.0 1784.0 1821.0 1830.0 
1802.0 1761.0 1681.0 1569.0 1509.0 1436.0 1294.0 
1139.0 947.0 747.0 532.0 281.0 91.0 -30.0 
-136.0 -244.0 -389.0 -552.0 -668.0 -743.0 -817.0 
-908.0 -975.0 -1026.0 -1088.0 -1174.0 -1243.0 -1304.0 
-1327.0 -1339.0 -1371.0 -1393.0 -1402.0 -1441.0 -1466.0 
-1451.0 -1418.0 -1410.0 -1433.0 -1391.0 -1266.0 -1159.0 
-1079.0 -997.0 -883.0 -746.0 -601.0 -457.0 -313.0 
-151.0 20.0 202.0 358.0 518.0 658.0 768.0 
906.0 1010.0 1059.0 1129.0 1201.0 1264.0 1343.0 
1382.0 1401.0 1412.0 1430.0 1447.0 1438.0 1427.0 
1385.0 1346.0 1328.0 1258.0 1185.0 1117.0 1066.0 
1049.0 945.0 805.0 693.0 577.0 489.0 392.0 
284.0 194.0 103.0 31.0 -43.0 -148.0 -265.0 
-347.0 -411.0 -483.0 -505.0 -538.0 -596.0 -606.0 
-594.0 -555.0 -552.0 -572.0 -542.0 -521.0 -504.0 
-447.0 -367.0 -264.0 -178.0 -123.0 -36.0 68.0 
135.0 158.0 172.0 209.0 260.0 324.0 360.0 
380.0 416.0 406.0 424.0 454.0 436.0 487.0 
533.0 570.0 669.0 723.0 781.0 847.0 867.0 
966.0 1050.0 1073.0 1180.0 1262.0 1292.0 1327.0 
1326.0 1348.0 1382.0 1429.0 1440.0 1365.0 1320.0 
1281.0 1242.0 1163.0 1051.0 965.0 869.0 821.0 
738.0 614.0 498.0 337.0 201.0 23.0 -138.0 
-318.0 -511.0 -623.0 -760.0 -876.0 -972.0 -1069.0 
-1159.0 -1222.0 -1268.0 -1296.0 -1371.0 -1372.0 -1321.0 
-1318.0 -1218.0 -1095.0 -934.0 -850.0 -788.0 -658.0 
-520.0 -347.0 -205.0 -103.0 -2.0 69.0 188.0 
279.0 360.0 483.0 513.0 583.0 636.0 685.0 
758.0 816.0 879.0 927.0 953.0 1001.0 1044.0 
1093.0 1113.0 1119.0 1156.0 1253.0 1339.0 1418.0 
1532.0 1592.0 1656.0 1739.0 1768.0 1803.0 1819.0 
1817.0 1725.0 1608.0 1563.0 1512.0 1409.0 1282.0 
1211.0 1184.0 1116.0 1051.0 970.0 894.0 844.0 
794.0 761.0 704.0 665.0 655.0 654.0 643.0 
643.0 679.0 725.0 756.0 799.0 798.0 776.0 
789.0 845.0 875.0 843.0 779.0 751.0 740.0 
663.0 533.0 416.0 313.0 172.0 47.0 -12.0 
-60.0 -95.0 -145.0 -218.0 -331.0 -436.0 -434.0 
-453.0 -527.0 -544.0 -511.0 -456.0 -426.0 -392.0 
-377.0 -389.0 -387.0 -339.0 -268.0 -213.0 -172.0 
-183.0 -223.0 -225.0 -200.0 -200.0 -223.0 -229.0 
-226.0 -185.0 -167.0 -171.0 -175.0 -128.0 -64.0 
-36.0 -20.0 17.0 44.0 25.0 -16.0 -12.0 
-3.0 7.0 39.0 83.0 95.0 129.0 170.0 
260.0 382.0 518.0 586.0 605.0 705.0 839.0 
958.0 1082.0 1188.0 1307.0 1405.0 1472.0 1535.0 
1583.0 1672.0 1734.0 1757.0 1788.0 1787.0 1770.0 
1733.0 1735.0 1752.0 1721.0 1645.0 1574.0 1494.0 
1400.0 1271.0 1186.0 1146.0 1076.0 966.0 820.0 
751.0 749.0 719.0 656.0 599.0 588.0 593.0 
567.0 524.0 478.0 443.0 453.0 488.0 457.0 
363.0 295.0 279.0 253.0 205.0 166.0 137.0 
124.0 74.0 36.0 8.0 -53.0 -111.0 -144.0 
-226.0 -335.0 -415.0 -463.0 -515.0 -616.0 -738.0 
-816.0 -891.0 -1012.0 -1158.0 -1258.0 -1340.0 -1396.0 
-1453.0 -1482.0 -1503.0 -1515.0 -1471.0 -1395.0 -1315.0 
-1234.0 -1107.0 -1017.0 -946.0 -838.0 -706.0 -578.0 
-458.0 -361.0 -284.0 -172.0 -30.0 79.0 174.0 
315.0 448.0 549.0 673.0 800.0 901.0 989.0 
1102.0 1198.0 1283.0 1378.0 1438.0 1447.0 1469.0 
1505.0 1559.0 1630.0 1659.0 1667.0 1677.0 1698.0 
1671.0 1643.0 1612.0 1555.0 1503.0 1478.0 1403.0 
1265.0 1162.0 1079.0 980.0 861.0 724.0 610.0 
547.0 469.0 328.0 195.0 120.0 15.0 -80.0 
-206.0 -330.0 -373.0 -398.0 -419.0 -447.0 -471.0 
-455.0 -438.0 -449.0 -451.0 -425.0 -427.0 -457.0 
-454.0 -452.0 -471.0 -512.0 -551.0 -555.0 -533.0 
-531.0 -534.0 -566.0 -602.0 -557.0 -587.0 -623.0 
-598.0 -636.0 -621.0 -567.0 -564.0 -533.0 -439.0 
-355.0 -271.0 -150.0 -80.0 -44.0 42.0 177.0 
284.0 324.0 365.0 405.0 429.0 467.0 471.0 
429.0 390.0 373.0 283.0 132.0 34.0 -9.0 
-36.0 -79.0 -136.0 -223.0 -238.0 -162.0 -155.0 
-171.0 -157.0 -131.0 -92.0 -52.0 -25.0 8.0 
54.0 131.0 258.0 326.0 391.0 525.0 618.0 
735.0 862.0 955.0 1104.0 1223.0 1262.0 1351.0 
1449.0 1504.0 1624.0 1720.0 1721.0 1709.0 1730.0 
1786.0 1781.0 1705.0 1667.0 1590.0 1511.0 1514.0 
1450.0 1363.0 1302.0 1200.0 1124.0 1076.0 985.0 
877.0 752.0 581.0 484.0 416.0 278.0 216.0 
139.0 -37.0 -158.0 -223.0 -327.0 -444.0 -555.0 
-664.0 -703.0 -720.0 -709.0 -661.0 -726.0 -844.0 
-913.0 -965.0 -990.0 -992.0 -1034.0 -1128.0 -1234.0 
-1310.0 -1324.0 -1351.0 -1415.0 -1444.0 -1503.0 -1589.0 
-1626.0 -1617.0 -1581.0 -1515.0 -1439.0 -1383.0 -1294.0 
-1137.0 -970.0 -829.0 -677.0 -528.0 -341.0 -100.0 
91.0 230.0 409.0 650.0 865.0 1040.0 1215.0 
1373.0 1534.0 1670.0 1757.0 1810.0 1865.0 1964.0 
2028.0 2028.0 2014.0 1991.0 1986.0 1937.0 1898.0 
1863.0 1774.0 1707.0 1642.0 1586.0 1534.0 1491.0 
1481.0 1445.0 1372.0 1322.0 1287.0 1266.0 1250.0 
1197.0 1119.0 1063.0 1002.0 940.0 904.0 830.0 
718.0 605.0 531.0 497.0 449.0 377.0 278.0 
117.0 39.0 77.0 23.0 -122.0 -234.0 -320.0 
-401.0 -518.0 -642.0 -730.0 -818.0 -903.0 -953.0 
-998.0 -1041.0 -1073.0 -1119.0 -1158.0 -1152.0 -1158.0 
-1200.0 -1243.0 -1245.0 -1228.0 -1191.0 -1166.0 -1118.0 
-1003.0 -884.0 -826.0 -785.0 -663.0 -506.0 -400.0 
-311.0 -211.0 -101.0 -14.0 55.0 147.0 263.0 
397.0 494.0 566.0 696.0 827.0 917.0 1010.0 
1113.0 1187.0 1211.0 1256.0 1366.0 1440.0 1421.0 
1376.0 1384.0 1431.0 1458.0 1440.0 1379.0 1337.0 
1363.0 1414.0 1459.0 1465.0 1433.0 1452.0 1512.0 
1545.0 1558.0 1570.0 1610.0 1653.0 1673.0 1674.0 
1652.0 1604.0 1558.0 1497.0 1397.0 1262.0 1084.0 
901.0 787.0 703.0 562.0 382.0 228.0 155.0 
73.0 -86.0 -221.0 -275.0 -297.0 -320.0 -374.0 
-421.0 -441.0 -469.0 -496.0 -517.0 -536.0 -552.0 
-586.0 -609.0 -594.0 -552.0 -523.0 -491.0 -440.0 
-372.0 -310.0 -279.0 -229.0 -117.0 -50.0 -46.0 
29.0 132.0 169.0 177.0 158.0 148.0 174.0 
188.0 155.0 100.0 75.0 96.0 83.0 16.0 
-36.0 -65.0 -107.0 -142.0 -180.0 -233.0 -251.0 
-225.0 -220.0 -276.0 -330.0 -339.0 -356.0 -391.0 
-437.0 -524.0 -641.0 -736.0 -764.0 -779.0 -824.0 
-848.0 -853.0 -830.0 -778.0 -708.0 -597.0 -435.0 
-285.0 -130.0 64.0 260.0 420.0 572.0 753.0 
922.0 1067.0 1233.0 1390.0 1478.0 1509.0 1568.0 
1657.0 1733.0 1746.0 1711.0 1673.0 1644.0 1622.0 
1599.0 1549.0 1515.0 1448.0 1409.0 1379.0 1316.0 
1245.0 1181.0 1133.0 1131.0 1152.0 1132.0 1107.0 
1158.0 1173.0 1105.0 1062.0 1073.0 1054.0 967.0 
908.0 875.0 771.0 609.0 473.0 368.0 224.0 
23.0 -173.0 -318.0 -435.0 -554.0 -695.0 -879.0 
-1040.0 -1109.0 -1168.0 -1270.0 -1383.0 -1450.0 -1462.0 
-1489.0 -1567.0 -1610.0 -1563.0 -1532.0 -1546.0 -1530.0 
-1501.0 -1487.0 -1454.0 -1371.0 -1255.0 -1140.0 -1064.0 
-999.0 -862.0 -696.0 -585.0 -496.0 -357.0 -193.0 
-59.0 67.0 229.0 403.0 564.0 736.0 920.0 
1089.0 1230.0 1340.0 1455.0 1565.0 1624.0 1708.0 
1802.0 1860.0 1911.0 1962.0 1973.0 1964.0 1976.0 
1998.0 1991.0 1945.0 1888.0 1844.0 1802.0 1758.0 
1712.0 1641.0 1558.0 1532.0 1517.0 1429.0 1308.0 
1231.0 1180.0 1111.0 1009.0 914.0 817.0 722.0 
656.0 592.0 493.0 397.0 372.0 378.0 362.0 
324.0 316.0 371.0 424.0 442.0 436.0 426.0 
458.0 524.0 556.0 532.0 557.0 672.0 743.0 
701.0 622.0 632.0 722.0 781.0 743.0 648.0 
603.0 590.0 586.0 586.0 536.0 437.0 327.0 
259.0 258.0 224.0 69.0 -87.0 -129.0 -164.0 
-260.0 -355.0 -391.0 -431.0 -536.0 -605.0 -596.0 
-597.0 -636.0 -671.0 -674.0 -640.0 -594.0 -577.0 
-571.0 -530.0 -462.0 -415.0 -389.0 -344.0 -301.0 
-257.0 -190.0 -105.0 -45.0 -21.0 17.0 76.0 
141.0 200.0 215.0 216.0 285.0 403.0 438.0 
423.0 455.0 472.0 477.0 538.0 586.0 549.0 
532.0 617.0 688.0 683.0 700.0 785.0 899.0 
1001.0 1068.0 1123.0 1202.0 1329.0 1449.0 1512.0 
1560.0 1617.0 1691.0 1759.0 1784.0 1774.0 1764.0 
1798.0 1839.0 1822.0 1747.0 1687.0 1618.0 1522.0 
1445.0 1357.0 1256.0 1177.0 1085.0 919.0 766.0 
720.0 662.0 532.0 429.0 386.0 321.0 247.0 
206.0 144.0 67.0 46.0 25.0 -62.0 -133.0 
-162.0 -214.0 -294.0 -372.0 -474.0 -581.0 -656.0 
-726.0 -839.0 -932.0 -930.0 -943.0 -1025.0 -1075.0 
-1061.0 -1025.0 -989.0 -910.0 -813.0 -775.0 -722.0 
-575.0 -446.0 -379.0 -283.0 -137.0 5.0 137.0 
242.0 296.0 360.0 495.0 618.0 652.0 651.0 
684.0 718.0 715.0 720.0 722.0 689.0 650.0 
635.0 617.0 573.0 564.0 587.0 600.0 617.0 
683.0 773.0 801.0 817.0 908.0 1010.0 1022.0 
1035.0 1129.0 1189.0 1206.0 1246.0 1285.0 1309.0 
1312.0 1312.0 1308.0 1279.0 1267.0 1268.0 1228.0 
1167.0 1155.0 1131.0 1041.0 961.0 921.0 854.0 
777.0 738.0 680.0 593.0 515.0 423.0 329.0 
269.0 225.0 153.0 88.0 47.0 20.0 -48.0 
-117.0 -129.0 -140.0 -176.0 -198.0 -191.0 -199.0 
-220.0 -238.0 -246.0 -239.0 -231.0 -263.0 -314.0 
-351.0 -391.0 -463.0 -533.0 -584.0 -636.0 -669.0 
-687.0 -713.0 -735.0 -742.0 -736.0 -705.0 -643.0 
-550.0 -464.0 -397.0 -281.0 -115.0 35.0 163.0 
283.0 419.0 599.0 796.0 919.0 996.0 1107.0 
1227.0 1300.0 1333.0 1411.0 1481.0 1480.0 1467.0 
1459.0 1451.0 1447.0 1435.0 1396.0 1379.0 1406.0 
1433.0 1390.0 1304.0 1296.0 1309.0 1273.0 1247.0 
1261.0 1289.0 1291.0 1266.0 1242.0 1235.0 1251.0 
1248.0 1200.0 1160.0 1169.0 1199.0 1222.0 1226.0 
1178.0 1117.0 1083.0 1021.0 929.0 845.0 756.0 
643.0 545.0 471.0 374.0 287.0 261.0 221.0 
114.0 -10.0 -70.0 -56.0 -67.0 -154.0 -206.0 
-192.0 -194.0 -236.0 -265.0 -256.0 -233.0 -206.0 
-197.0 -179.0 -118.0 -70.0 -85.0 -92.0 -28.0 
52.0 82.0 98.0 149.0 212.0 250.0 282.0 
334.0 372.0 419.0 489.0 529.0 556.0 628.0 
714.0 773.0 804.0 844.0 904.0 944.0 954.0 
969.0 989.0 993.0 1015.0 1049.0 1034.0 993.0 
972.0 943.0 920.0 922.0 914.0 888.0 836.0 
781.0 731.0 633.0 551.0 523.0 481.0 394.0 
309.0 265.0 244.0 203.0 128.0 70.0 78.0 
106.0 91.0 55.0 67.0 120.0 149.0 153.0 
160.0 174.0 187.0 189.0 162.0 115.0 77.0 
51.0 33.0 20.0 -7.0 -38.0 -69.0 -103.0 
-101.0 -86.0 -99.0 -103.0 -48.0 10.0 12.0 
18.0 55.0 76.0 96.0 128.0 160.0 153.0 
150.0 168.0 139.0 71.0 -19.0 -104.0 -184.0 
-304.0 -429.0 -543.0 -670.0 -777.0 -840.0 -897.0 
-984.0 -1058.0 -1066.0 -1030.0 -980.0 -965.0 -979.0 
-945.0 -862.0 -812.0 -779.0 -719.0 -652.0 -602.0 
-572.0 -545.0 -492.0 -451.0 -438.0 -413.0 -354.0 
-285.0 -243.0 -246.0 -242.0 -189.0 -129.0 -87.0 
-35.0 26.0 63.0 90.0 136.0 204.0 261.0 
284.0 282.0 293.0 350.0 423.0 467.0 460.0 
454.0 481.0 521.0 551.0 594.0 621.0 610.0 
612.0 632.0 632.0 581.0 486.0 425.0 392.0 
335.0 241.0 159.0 83.0 -46.0 -191.0 -326.0 
-456.0 -592.0 -704.0 -832.0 -989.0 -1114.0 -1210.0 
-1310.0 -1439.0 -1547.0 -1624.0 -1697.0 -1754.0 -1787.0 
-1802.0 -1824.0 -1864.0 -1914.0 -1904.0 -1849.0 -1880.0 
-1950.0 -1981.0 -1971.0 -1933.0 -1906.0 -1894.0 -1881.0 
-1849.0 -1805.0 -1735.0 -1657.0 -1559.0 -1410.0 -1284.0 
-1250.0 -1188.0 -1028.0 -855.0 -692.0 -533.0 -387.0 
-268.0 -169.0 -106.0 10.0 188.0 325.0 381.0 
428.0 507.0 537.0 520.0 509.0 543.0 576.0 
564.0 539.0 506.0 464.0 407.0 352.0 300.0 
283.0 340.0 366.0 304.0 232.0 215.0 223.0 
218.0 165.0 118.0 121.0 78.0 -53.0 -181.0 
-238.0 -349.0 -526.0 -643.0 -683.0 -765.0 -883.0 
-972.0 -1073.0 -1148.0 -1174.0 -1248.0 -1362.0 -1423.0 
-1397.0 -1371.0 -1404.0 -1416.0 -1392.0 -1352.0 -1303.0 
-1257.0 -1247.0 -1247.0 -1218.0 -1194.0 -1173.0 -1141.0 
-1139.0 -1182.0 -1223.0 -1270.0 -1316.0 -1296.0 -1274.0 
-1316.0 -1401.0 -1461.0 -1438.0 -1363.0 -1329.0 -1363.0 
-1381.0 -1309.0 -1188.0 -1122.0 -1096.0 -1042.0 -930.0 
-804.0 -688.0 -579.0 -494.0 -458.0 -418.0 -331.0 
-244.0 -203.0 -178.0 -137.0 -89.0 -38.0 26.0 
102.0 117.0 84.0 94.0 126.0 106.0 46.0 
-1.0 -19.0 -13.0 -7.0 -46.0 -126.0 -179.0 
-181.0 -188.0 -227.0 -289.0 -363.0 -410.0 -396.0 
-395.0 -498.0 -633.0 -674.0 -654.0 -676.0 -725.0 
-754.0 -764.0 -751.0 -755.0 -780.0 -764.0 -709.0 
-669.0 -621.0 -563.0 -552.0 -539.0 -473.0 -408.0 
-392.0 -380.0 -359.0 -329.0 -277.0 -253.0 -307.0 
-385.0 -408.0 -414.0 -459.0 -511.0 -549.0 -580.0 
-568.0 -567.0 -615.0 -683.0 -726.0 -709.0 -688.0 
-713.0 -743.0 -765.0 -782.0 -807.0 -864.0 -931.0 
-956.0 -968.0 -1000.0 -1028.0 -1076.0 -1160.0 -1220.0 
-1225.0 -1257.0 -1336.0 -1414.0 -1483.0 -1525.0 -1533.0 
-1568.0 -1627.0 -1626.0 -1561.0 -1518.0 -1496.0 -1430.0 
-1321.0 -1205.0 -1125.0 -1052.0 -952.0 -830.0 -711.0 
-610.0 -539.0 -485.0 -409.0 -309.0 -238.0 -198.0 
-190.0 -180.0 -117.0 -51.0 -34.0 -53.0 -53.0 
-17.0 0.0 -10.0 -18.0 -32.0 -31.0 5.0 
34.0 47.0 54.0 37.0 15.0 11.0 3.0 
-36.0 -103.0 -190.0 -262.0 -309.0 -350.0 -436.0 
-540.0 -592.0 -617.0 -694.0 -800.0 -878.0 -901.0 
-875.0 -845.0 -888.0 -948.0 -899.0 -808.0 -776.0 
-758.0 -745.0 -722.0 -651.0 -605.0 -648.0 -688.0 
-674.0 -693.0 -832.0 -1016.0 -1153.0 -1269.0 -1438.0 
-1660.0 -1858.0 -2020.0 -2167.0 -2297.0 -2425.0 -2563.0 
-2667.0 -2698.0 -2719.0 -2769.0 -2801.0 -2809.0 -2829.0 
-2853.0 -2865.0 -2844.0 -2792.0 -2778.0 -2798.0 -2786.0 
-2707.0 -2625.0 -2580.0 -2557.0 -2517.0 -2424.0 -2308.0 
-2234.0 -2171.0 -2068.0 -1926.0 -1817.0 -1752.0 -1644.0 
-1485.0 -1348.0 -1246.0 -1165.0 -1084.0 -965.0 -855.0 
-798.0 -796.0 -794.0 -754.0 -733.0 -753.0 -774.0 
-815.0 -863.0 -893.0 -952.0 -1060.0 -1146.0 -1203.0 
-1272.0 -1330.0 -1365.0 -1430.0 -1499.0 -1502.0 -1501.0 
-1532.0 -1544.0 -1525.0 -1494.0 -1457.0 -1450.0 -1441.0 
-1386.0 -1311.0 -1266.0 -1276.0 -1311.0 -1289.0 -1201.0 
-1160.0 -1214.0 -1242.0 -1179.0 -1128.0 -1163.0 -1221.0 
-1238.0 -1231.0 -1226.0 -1244.0 -1285.0 -1303.0 -1281.0 
-1274.0 -1332.0 -1400.0 -1414.0 -1432.0 -1468.0 -1500.0 
-1554.0 -1637.0 -1708.0 -1762.0 -1848.0 -1950.0 -2013.0 
-2025.0 -2055.0 -2120.0 -2173.0 -2180.0 -2155.0 -2113.0 
-2111.0 -2163.0 -2160.0 -2097.0 -2055.0 -2055.0 -2069.0 
-2070.0 -2053.0 -2072.0 -2140.0 -2192.0 -2221.0 -2270.0 
-2325.0 -2373.0 -2399.0 -2385.0 -2366.0 -2360.0 -2337.0 
-2263.0 -2172.0 -2097.0 -2012.0 -1895.0 -1789.0 -1699.0 
-1581.0 -1474.0 -1383.0 -1268.0 -1176.0 -1134.0 -1089.0 
-1021.0 -945.0 -889.0 -876.0 -876.0 -816.0 -695.0 
-628.0 -655.0 -661.0 -603.0 -585.0 -631.0 -670.0 
-661.0 -663.0 -677.0 -662.0 -686.0 -725.0 -681.0 
-667.0 -746.0 -838.0 -888.0 -911.0 -959.0 -1038.0 
-1098.0 -1136.0 -1187.0 -1233.0 -1262.0 -1340.0 -1482.0 
-1581.0 -1601.0 -1660.0 -1799.0 -1937.0 -2010.0 -2062.0 
-2204.0 -2368.0 -2456.0 -2552.0 -2661.0 -2693.0 -2748.0 
-2850.0 -2908.0 -2938.0 -2987.0 -3016.0 -2999.0 -2990.0 
-3029.0 -3072.0 -3118.0 -3119.0 -3043.0 -2960.0 -2907.0 
-2876.0 -2815.0 -2723.0 -2665.0 -2645.0 -2595.0 -2518.0 
-2469.0 -2464.0 -2467.0 -2440.0 -2392.0 -2341.0 -2339.0 
-2404.0 -2416.0 -2360.0 -2369.0 -2423.0 -2425.0 -2369.0 
-2356.0 -2357.0 -2350.0 -2320.0 -2264.0 -2224.0 -2180.0 
-2117.0 -2079.0 -2035.0 -1874.0 -1720.0 -1685.0 -1661.0 
-1607.0 -1575.0 -1536.0 -1478.0 -1462.0 -1475.0 -1469.0 
-1514.0 -1632.0 -1727.0 -1782.0 -1817.0 -1921.0 -2108.0 
-2243.0 -2292.0 -2362.0 -2502.0 -2665.0 -2771.0 -2825.0 
-2902.0 -3023.0 -3151.0 -3236.0 -3263.0 -3305.0 -3421.0 
-3542.0 -3604.0 -3664.0 -3737.0 -3827.0 -3933.0 -3994.0 
-4005.0 -4025.0 -4099.0 -4206.0 -4260.0 -4241.0 -4236.0 
-4293.0 -4359.0 -4382.0 -4356.0 -4327.0 -4316.0 -4255.0 
-4125.0 -3993.0 -3932.0 -3877.0 -3727.0 -3518.0 -3342.0 
-3226.0 -3102.0 -2939.0 -2768.0 -2604.0 -2445.0 -2292.0 
-2139.0 -1981.0 -1861.0 -1769.0 -1645.0 -1493.0 -1417.0 
-1395.0 -1336.0 -1249.0 -1168.0 -1113.0 -1094.0 -1097.0 
-1106.0 -1148.0 -1233.0 -1349.0 -1493.0 -1640.0 -1781.0 
-1952.0 -2134.0 -2269.0 -2405.0 -2579.0 -2733.0 -2861.0 
-2996.0 -3129.0 -3207.0 -3255.0 -3349.0 -3446.0 -3511.0 
-3538.0 -3539.0 -3565.0 -3610.0 -3638.0 -3642.0 -3645.0 
-3689.0 -3754.0 -3780.0 -3756.0 -3748.0 -3791.0 -3853.0 
-3908.0 -3937.0 -3926.0 -3908.0 -3912.0 -3883.0 -3810.0 
-3759.0 -3759.0 -3777.0 -3778.0 -3739.0 -3674.0 -3618.0 
-3564.0 -3512.0 -3462.0 -3379.0 -3261.0 -3161.0 -3114.0 
-3067.0 -2980.0 -2901.0 -2849.0 -2801.0 -2746.0 -2684.0 
-2598.0 -2505.0 -2426.0 -2352.0 -2253.0 -2131.0 -2032.0 
-1949.0 -1842.0 -1700.0 -1584.0 -1519.0 -1474.0 -1447.0 
-1424.0 -1416.0 -1415.0 -1405.0 -1392.0 -1372.0 -1332.0 
-1301.0 -1317.0 -1356.0 -1394.0 -1398.0 -1365.0 -1349.0 
-1374.0 -1389.0 -1379.0 -1380.0 -1409.0 -1462.0 -1531.0 
-1582.0 -1643.0 -1728.0 -1837.0 -1950.0 -2042.0 -2127.0 
-2233.0 -2332.0 -2417.0 -2498.0 -2559.0 -2614.0 -2676.0 
-2752.0 -2817.0 -2840.0 -2852.0 -2881.0 -2914.0 -2897.0 
-2855.0 -2852.0 -2865.0 -2857.0 -2818.0 -2763.0 -2723.0 
-2697.0 -2659.0 -2620.0 -2589.0 -2548.0 -2538.0 -2539.0 
-2502.0 -2451.0 -2404.0 -2358.0 -2326.0 -2311.0 -2300.0 
-2291.0 -2279.0 -2275.0 -2288.0 -2308.0 -2313.0 -2276.0 
-2253.0 -2279.0 -2268.0 -2190.0 -2094.0 -2030.0 -2011.0 
-2018.0 -2019.0 -2013.0 -2021.0 -2062.0 -2109.0 -2141.0 
-2182.0 -2233.0 -2289.0 -2323.0 -2343.0 -2374.0 -2405.0 
-2429.0 -2468.0 -2492.0 -2454.0 -2373.0 -2329.0 -2317.0 
-2241.0 -2104.0 -1968.0 -1840.0 -1715.0 -1577.0 -1395.0 
-1207.0 -1046.0 -887.0 -742.0 -611.0 -462.0 -322.0 
-219.0 -121.0 -34.0 21.0 86.0 145.0 143.0 
148.0 185.0 165.0 82.0 15.0 -33.0 -117.0 
-217.0 -322.0 -457.0 -593.0 -693.0 -790.0 -949.0 
-1128.0 -1251.0 -1339.0 -1456.0 -1580.0 -1657.0 -1710.0 
-1798.0 -1909.0 -1993.0 -2051.0 -2137.0 -2284.0 -2405.0 
-2461.0 -2539.0 -2673.0 -2792.0 -2894.0 -3024.0 -3142.0 
-3253.0 -3388.0 -3493.0 -3567.0 -3671.0 -3792.0 -3899.0 
-3974.0 -4015.0 -4068.0 -4101.0 -4096.0 -4079.0 -4066.0 
-4040.0 -3986.0 -3920.0 -3842.0 -3724.0 -3578.0 -3472.0 
-3351.0 -3166.0 -2961.0 -2767.0 -2573.0 -2367.0 -2154.0 
-1945.0 -1730.0 -1521.0 -1308.0 -1078.0 -855.0 -630.0 
-425.0 -246.0 -41.0 196.0 411.0 573.0 697.0 
811.0 939.0 1040.0 1080.0 1083.0 1088.0 1076.0 
1012.0 914.0 828.0 729.0 572.0 406.0 261.0 
110.0 -73.0 -271.0 -480.0 -713.0 -964.0 -1219.0 
-1455.0 -1628.0 -1814.0 -2052.0 -2277.0 -2471.0 -2663.0 
-2839.0 -2974.0 -3075.0 -3117.0 -3117.0 -3147.0 -3180.0 
-3172.0 -3124.0 -3048.0 -2979.0 -2945.0 -2905.0 -2844.0 
-2744.0 -2651.0 -2593.0 -2583.0 -2617.0 -2642.0 -2646.0 
-2672.0 -2732.0 -2764.0 -2771.0 -2781.0 -2795.0 -2838.0 
-2911.0 -2946.0 -2948.0 -2968.0 -3022.0 -3078.0 -3125.0 
-3142.0 -3126.0 -3104.0 -3102.0 -3063.0 -2990.0 -2922.0 
-2847.0 -2720.0 -2539.0 -2342.0 -2163.0 -2034.0 -1931.0 
-1791.0 -1583.0 -1320.0 -1085.0 -943.0 -812.0 -648.0 
-481.0 -332.0 -229.0 -162.0 -81.0 15.0 57.0 
35.0 33.0 77.0 50.0 -56.0 -117.0 -131.0 
-195.0 -292.0 -403.0 -516.0 -620.0 -710.0 -785.0 
-852.0 -926.0 -983.0 -1016.0 -1089.0 -1155.0 -1185.0 
-1254.0 -1300.0 -1261.0 -1224.0 -1243.0 -1278.0 -1315.0 
-1356.0 -1387.0 -1430.0 -1487.0 -1491.0 -1457.0 -1491.0 
-1583.0 -1639.0 -1654.0 -1657.0 -1683.0 -1773.0 -1889.0 
-1941.0 -1999.0 -2120.0 -2229.0 -2295.0 -2331.0 -2358.0 
-2408.0 -2474.0 -2531.0 -2573.0 -2617.0 -2690.0 -2717.0 
-2637.0 -2591.0 -2621.0 -2591.0 -2501.0 -2439.0 -2358.0 
-2232.0 -2127.0 -2056.0 -1974.0 -1822.0 -1641.0 -1524.0 
-1457.0 -1372.0 -1250.0 -1131.0 -1049.0 -976.0 -889.0 
-786.0 -703.0 -628.0 -536.0 -453.0 -410.0 -387.0 
-379.0 -370.0 -330.0 -295.0 -306.0 -345.0 -349.0 
-343.0 -382.0 -435.0 -474.0 -531.0 -606.0 -664.0 
-728.0 -843.0 -987.0 -1092.0 -1167.0 -1262.0 -1394.0 
-1522.0 -1622.0 -1713.0 -1836.0 -1954.0 -2015.0 -2051.0 
-2096.0 -2157.0 -2218.0 -2271.0 -2321.0 -2373.0 -2424.0 
-2476.0 -2493.0 -2492.0 -2489.0 -2507.0 -2510.0 -2459.0 
-2400.0 -2362.0 -2307.0 -2206.0 -2084.0 -1986.0 -1901.0 
-1789.0 -1684.0 -1583.0 -1435.0 -1270.0 -1124.0 -977.0 
-848.0 -737.0 -604.0 -472.0 -385.0 -319.0 -225.0 
-119.0 -55.0 -4.0 77.0 130.0 130.0 136.0 
157.0 176.0 180.0 162.0 119.0 65.0 24.0 
-32.0 -140.0 -281.0 -396.0 -492.0 -624.0 -803.0 
-989.0 -1152.0 -1327.0 -1527.0 -1725.0 -1893.0 -2024.0 
-2155.0 -2301.0 -2427.0 -2524.0 -2610.0 -2683.0 -2713.0 
-2711.0 -2712.0 -2713.0 -2653.0 -2520.0 -2378.0 -2256.0 
-2128.0 -1966.0 -1799.0 -1670.0 -1548.0 -1376.0 -1178.0 
-1008.0 -888.0 -784.0 -651.0 -522.0 -443.0 -372.0 
-265.0 -157.0 -120.0 -120.0 -87.0 -39.0 -16.0 
15.0 62.0 95.0 137.0 182.0 210.0 215.0 
237.0 292.0 313.0 285.0 247.0 209.0 122.0 
1.0 -126.0 -290.0 -502.0 -734.0 -926.0 -1069.0 
-1180.0 -1278.0 -1356.0 -1366.0 -1355.0 -1335.0 -1260.0 
-1138.0 -987.0 -851.0 -771.0 -736.0 -701.0 -675.0 
-711.0 -792.0 -855.0 -880.0 -906.0 -969.0 -1094.0 
-1253.0 -1399.0 -1587.0 -1825.0 -2027.0 -2166.0 -2267.0 
-2321.0 -2312.0 -2228.0 -2039.0 -1832.0 -1723.0 -1639.0 
-1558.0 -1569.0 -1600.0 -1525.0 -1436.0 -1408.0 -1356.0 
-1310.0 -1316.0 -1290.0 -1211.0 -1158.0 -1152.0 -1152.0 
-1127.0 -1043.0 -906.0 -780.0 -637.0 -463.0 -302.0 
-147.0 39.0 224.0 319.0 296.0 184.0 -2.0 
-271.0 -553.0 -758.0 -909.0 -978.0 -931.0 -804.0 
-590.0 -338.0 -195.0 -185.0 -215.0 -249.0 -360.0 
-613.0 -929.0 -1195.0 -1348.0 -1353.0 -1274.0 -1247.0 
-1252.0 -1175.0 -1058.0 -1029.0 -1055.0 -1005.0 -907.0 
-829.0 -795.0 -821.0 -928.0 -1136.0 -1433.0 -1782.0 
-2137.0 -2391.0 -2476.0 -2440.0 -2330.0 -2128.0 -1846.0 
-1595.0 -1489.0 -1477.0 -1445.0 -1410.0 -1393.0 -1292.0 
-1050.0 -790.0 -597.0 -462.0 -424.0 -544.0 -734.0 
-888.0 -1063.0 -1316.0 -1548.0 -1621.0 -1614.0 -1660.0 
-1636.0 -1397.0 -970.0 -433.0 87.0 469.0 776.0 
1126.0 1461.0 1526.0 1227.0 925.0 892.0 924.0 
824.0 757.0 820.0 826.0 759.0 758.0 706.0 
382.0 -108.0 -585.0 -1181.0 -1960.0 -2598.0 -2834.0 
-2778.0 -2598.0 -2332.0 -1939.0 -1458.0 -1070.0 -843.0 
-720.0 -651.0 -628.0 -618.0 -474.0 -167.0 92.0 
176.0 155.0 114.0 77.0 -77.0 -566.0 -1237.0 
-1574.0 -1467.0 -1358.0 -1364.0 -1085.0 -504.0 -96.0 
87.0 339.0 660.0 1014.0 1421.0 1783.0 2068.0 
2422.0 2879.0 3210.0 3245.0 3009.0 2564.0 1978.0 
1349.0 600.0 -280.0 -1054.0 -1466.0 -1518.0 -1463.0 
-1443.0 -1403.0 -1348.0 -1243.0 -1039.0 -903.0 -932.0 
-916.0 -731.0 -653.0 -666.0 -317.0 335.0 705.0 
513.0 33.0 -364.0 -652.0 -1078.0 -1714.0 -2228.0 
-2519.0 -2890.0 -3318.0 -3613.0 -3818.0 -3821.0 -3345.0 
-2565.0 -1919.0 -1347.0 -463.0 612.0 1404.0 1682.0 
1541.0 1146.0 509.0 -233.0 -834.0 -1208.0 -1339.0 
-1219.0 -997.0 -937.0 -1136.0 -1461.0 -1615.0 -1487.0 
-1282.0 -1124.0 -712.0 113.0 904.0 1335.0 1501.0 
1404.0 1005.0 378.0 -384.0 -822.0 -455.0 336.0 
915.0 1440.0 2389.0 3571.0 4383.0 4687.0 4681.0 
4332.0 3576.0 2615.0 1757.0 1235.0 1134.0 1316.0 
1533.0 1704.0 1904.0 1963.0 1588.0 920.0 410.0 
231.0 211.0 310.0 732.0 1640.0 2877.0 4097.0 
5020.0 5582.0 5755.0 5373.0 4181.0 2303.0 432.0 
-854.0 -1585.0 -2066.0 -2428.0 -2525.0 -2146.0 -1476.0 
-1105.0 -1156.0 -1186.0 -877.0 -243.0 458.0 1034.0 
1527.0 1808.0 1530.0 784.0 29.0 -592.0 -1164.0 
-1596.0 -1702.0 -1234.0 -192.0 1074.0 2232.0 2984.0 
3271.0 3412.0 3410.0 3028.0 2589.0 2499.0 2761.0 
3414.0 4434.0 5387.0 5726.0 5227.0 4085.0 2607.0 
932.0 -702.0 -1809.0 -2054.0 -1635.0 -1149.0 -1041.0 
-1178.0 -1114.0 -790.0 -549.0 -332.0 167.0 762.0 
1016.0 702.0 -164.0 -1057.0 -1196.0 -562.0 192.0 
851.0 1698.0 2760.0 3504.0 3391.0 2652.0 1968.0 
1571.0 1272.0 1081.0 1360.0 2359.0 3747.0 4897.0 
5365.0 4983.0 3929.0 2782.0 1956.0 1506.0 1551.0 
2072.0 2619.0 2681.0 2085.0 1285.0 992.0 1433.0 
2295.0 3127.0 3515.0 3201.0 2357.0 1365.0 529.0 
352.0 990.0 1782.0 2262.0 2512.0 2696.0 2890.0 
2947.0 2731.0 2552.0 2731.0 2892.0 2574.0 1991.0 
1363.0 643.0 317.0 1056.0 2529.0 3985.0 5338.0 
6549.0 7077.0 6775.0 6073.0 5134.0 3942.0 2696.0 
1703.0 1265.0 1425.0 1889.0 2202.0 1988.0 1342.0 
633.0 77.0 -186.0 -193.0 -320.0 -798.0 -1269.0 
-1418.0 -1453.0 -1458.0 -1200.0 -821.0 -740.0 -961.0 
-1029.0 -578.0 385.0 1842.0 3622.0 5196.0 6214.0 
6763.0 6959.0 6681.0 5923.0 4702.0 2847.0 620.0 
-1046.0 -1584.0 -1437.0 -1045.0 -51.0 1625.0 3065.0 
3527.0 3496.0 3928.0 4779.0 5155.0 4764.0 4104.0 
3538.0 3178.0 3190.0 3556.0 3823.0 3530.0 2864.0 
2434.0 2513.0 2994.0 3696.0 4214.0 3935.0 2793.0 
1615.0 1298.0 1957.0 2973.0 3712.0 4067.0 3961.0 
2896.0 927.0 -842.0 -1564.0 -1420.0 -1109.0 -1296.0 
-2174.0 -3248.0 -4073.0 -4635.0 -4759.0 -3916.0 -2111.0 
-448.0 92.0 -340.0 -988.0 -1286.0 -1248.0 -1246.0 
-1150.0 -412.0 914.0 2369.0 3801.0 5097.0 6073.0 
6630.0 6692.0 6250.0 5697.0 5675.0 6330.0 7176.0 
7946.0 8591.0 8681.0 7611.0 5401.0 3074.0 1677.0 
1081.0 521.0 -152.0 -639.0 -937.0 -1274.0 -1727.0 
-2101.0 -2107.0 -1904.0 -1919.0 -2036.0 -2037.0 -2070.0 
-2025.0 -1314.0 389.0 2510.0 4129.0 4852.0 4665.0 
3618.0 2133.0 786.0 -242.0 -907.0 -1148.0 -1098.0 
-1102.0 -1498.0 -2192.0 -2672.0 -2702.0 -2555.0 -2405.0 
-1975.0 -983.0 447.0 1667.0 1952.0 1308.0 359.0 
-529.0 -1407.0 -2108.0 -2388.0 -2471.0 -2576.0 -2396.0 
-1372.0 622.0 2692.0 3889.0 4547.0 5419.0 6114.0 
5819.0 4668.0 3304.0 2170.0 1447.0 1213.0 1414.0 
1752.0 2023.0 2350.0 2781.0 3262.0 3925.0 4694.0 
5261.0 5468.0 5069.0 3751.0 1841.0 79.0 -1540.0 
-3293.0 -4539.0 -4347.0 -2858.0 -1104.0 192.0 940.0 
1217.0 1035.0 471.0 -286.0 -819.0 -664.0 140.0 
1310.0 2812.0 4522.0 5935.0 6519.0 6054.0 4600.0 
2319.0 -526.0 -3173.0 -4608.0 -4489.0 -3137.0 -852.0 
1886.0 4092.0 5009.0 4691.0 3565.0 1842.0 -415.0 
-2765.0 -4498.0 -5231.0 -5200.0 -4850.0 -4411.0 -3931.0 
-3343.0 -2646.0 -2149.0 -2148.0 -2430.0 -2650.0 -2948.0 
-3449.0 -3537.0 -2500.0 -280.0 2729.0 5894.0 8436.0 
9763.0 9796.0 9120.0 8579.0 8441.0 8415.0 8363.0 
8335.0 8329.0 8314.0 8097.0 7507.0 6645.0 5640.0 
4313.0 2480.0 577.0 -762.0 -1365.0 -1221.0 -355.0 
845.0 1827.0 2248.0 1952.0 913.0 -486.0 -1748.0 
-2671.0 -3080.0 -2616.0 -1386.0 -246.0 -204.0 -1360.0 
-2754.0 -3499.0 -3550.0 -3234.0 -2632.0 -1785.0 -870.0 
-14.0 848.0 1780.0 2488.0 2549.0 1911.0 912.0 
-59.0 -912.0 -1686.0 -2024.0 -1269.0 737.0 3327.0 
5650.0 7228.0 7860.0 7436.0 6013.0 3884.0 1346.0 
-1162.0 -2941.0 -3583.0 -3078.0 -1499.0 769.0 2989.0 
4711.0 5825.0 6164.0 5610.0 4427.0 3219.0 2429.0 
1961.0 1551.0 1219.0 1072.0 1160.0 1654.0 2674.0 
3852.0 4610.0 4862.0 5004.0 5165.0 5062.0 4540.0 
3610.0 2297.0 857.0 -208.0 -552.0 -73.0 1047.0 
2326.0 3125.0 2972.0 1790.0 -123.0 -2194.0 -3904.0 
-5028.0 -5572.0 -5616.0 -5069.0 -3714.0 -1720.0 195.0 
1409.0 1845.0 1643.0 1058.0 709.0 1041.0 1705.0 
1911.0 1163.0 -298.0 -1682.0 -2274.0 -1743.0 -204.0 
1784.0 3564.0 4743.0 5249.0 5153.0 4717.0 4211.0 
3481.0 2233.0 715.0 -322.0 -355.0 607.0 2218.0 
4148.0 6256.0 8355.0 10025.0 10902.0 10969.0 10463.0 
9618.0 8647.0 7922.0 7703.0 7565.0 6843.0 5393.0 
3525.0 1502.0 -468.0 -1958.0 -2673.0 -2964.0 -3443.0 
-4265.0 -5114.0 -5801.0 -6471.0 -7248.0 -7910.0 -8060.0 
-7638.0 -6936.0 -6226.0 -5590.0 -5031.0 -4569.0 -4283.0 
-4265.0 -4435.0 -4630.0 -4886.0 -5142.0 -4927.0 -3951.0 
-2482.0 -892.0 597.0 1650.0 1919.0 1405.0 427.0 
-640.0 -1401.0 -1548.0 -869.0 877.0 3343.0 5373.0 
6067.0 5537.0 4293.0 2719.0 1096.0 -357.0 -1555.0 
-2496.0 -3177.0 -3705.0 -4243.0 -4655.0 -4517.0 -3716.0 
-2534.0 -1177.0 345.0 1907.0 3282.0 4395.0 5308.0 
6039.0 6533.0 6684.0 6331.0 5551.0 4642.0 3834.0 
3096.0 2387.0 1851.0 1614.0 1706.0 2145.0 2804.0 
3382.0 3488.0 2920.0 1819.0 378.0 -1227.0 -2679.0 
-3797.0 -4664.0 -5192.0 -5064.0 -4165.0 -2758.0 -1098.0 
577.0 1874.0 2381.0 1973.0 910.0 -414.0 -1782.0 
-2879.0 -3417.0 -3686.0 -4073.0 -4465.0 -4514.0 -4129.0 
-3432.0 -2517.0 -1517.0 -640.0 -99.0 95.0 119.0 
59.0 -223.0 -842.0 -1451.0 -1582.0 -888.0 794.0 
3188.0 5543.0 7121.0 7871.0 8315.0 8769.0 9137.0 
9214.0 8757.0 7679.0 6237.0 4670.0 2939.0 1174.0 
-320.0 -1476.0 -2235.0 -2334.0 -1880.0 -1333.0 -700.0 
314.0 1678.0 2954.0 3790.0 4179.0 4174.0 3785.0 
3285.0 2986.0 2841.0 2696.0 2541.0 2475.0 2673.0 
3027.0 3177.0 3002.0 2481.0 1316.0 -457.0 -2103.0 
-3048.0 -3457.0 -3842.0 -4384.0 -4765.0 -4745.0 -4630.0 
-4803.0 -5190.0 -5587.0 -6056.0 -6629.0 -6885.0 -6212.0 
-4639.0 -2806.0 -1244.0 -274.0 -149.0 -738.0 -1577.0 
-2180.0 -2151.0 -1460.0 -420.0 661.0 1488.0 1601.0 
843.0 -225.0 -835.0 -816.0 -482.0 -132.0 -51.0 
-248.0 -338.0 -26.0 611.0 1251.0 1587.0 1641.0 
1582.0 1564.0 2028.0 3383.0 5245.0 6693.0 7150.0 
6766.0 6059.0 5294.0 4511.0 3931.0 3895.0 4532.0 
5516.0 6334.0 6691.0 6572.0 6054.0 5267.0 4333.0 
3314.0 2169.0 829.0 -624.0 -2114.0 -3618.0 -5091.0 
-6400.0 -7151.0 -6882.0 -5780.0 -4653.0 -4069.0 -4192.0 
-4894.0 -5760.0 -6348.0 -6380.0 -5830.0 -4989.0 -4366.0 
-4253.0 -4453.0 -4479.0 -4089.0 -3522.0 -3221.0 -3173.0 
-2922.0 -2366.0 -1895.0 -1796.0 -1990.0 -2371.0 -2937.0 
-3446.0 -3518.0 -2966.0 -1882.0 -342.0 1746.0 4038.0 
5601.0 5877.0 5176.0 4047.0 2837.0 1745.0 887.0 
351.0 372.0 1168.0 2525.0 3952.0 5059.0 5670.0 
5812.0 5659.0 5322.0 4732.0 3806.0 2526.0 1036.0 
-371.0 -1484.0 -2120.0 -2038.0 -1175.0 147.0 1382.0 
2006.0 1745.0 799.0 -300.0 -1096.0 -1445.0 -1572.0 
-1931.0 -2786.0 -3906.0 -4611.0 -4185.0 -2554.0 -481.0 
1026.0 1521.0 1444.0 1507.0 1991.0 2711.0 3295.0 
3374.0 2620.0 858.0 -1633.0 -4190.0 -6268.0 -7583.0 
-8073.0 -7772.0 -6488.0 -4138.0 -1138.0 1888.0 4179.0 
4949.0 4055.0 2102.0 1.0 -1453.0 -1809.0 -1158.0 
-66.0 868.0 1466.0 1916.0 2469.0 3123.0 3730.0 
4273.0 4881.0 5658.0 6564.0 7371.0 7776.0 7733.0 
7493.0 7304.0 7273.0 7640.0 8704.0 10184.0 11368.0 
11877.0 11780.0 11240.0 10324.0 9069.0 7577.0 5998.0 
4344.0 2628.0 1074.0 -188.0 -1437.0 -3013.0 -4668.0 
-5523.0 -4815.0 -2642.0 24.0 1932.0 2415.0 1747.0 
680.0 -101.0 -139.0 623.0 1760.0 2685.0 2957.0 
2487.0 1593.0 901.0 974.0 1794.0 2585.0 2344.0 
814.0 -1246.0 -2954.0 -3796.0 -3446.0 -1932.0 4.0 
1304.0 1490.0 921.0 218.0 -232.0 -282.0 -216.0 
-720.0 -1969.0 -3187.0 -3541.0 -2832.0 -1267.0 417.0 
1065.0 238.0 -1363.0 -2725.0 -3103.0 -2209.0 -329.0 
1858.0 3678.0 4617.0 4688.0 4670.0 5301.0 6341.0 
6819.0 6061.0 4142.0 1550.0 -1096.0 -3253.0 -4754.0 
-5807.0 -6621.0 -6975.0 -6319.0 -4569.0 -2466.0 -901.0 
-278.0 -533.0 -1382.0 -2429.0 -3295.0 -3625.0 -3363.0 
-2858.0 -2458.0 -2029.0 -1048.0 566.0 2150.0 3070.0 
3349.0 3359.0 3394.0 3659.0 4363.0 5766.0 7725.0 
9454.0 10103.0 9193.0 6937.0 4228.0 1937.0 440.0 
-182.0 138.0 1385.0 3107.0 4482.0 4911.0 4462.0 
3547.0 2380.0 1097.0 139.0 32.0 996.0 2926.0 
5464.0 8199.0 10749.0 12502.0 12671.0 10933.0 7928.0 
4905.0 2999.0 2563.0 3298.0 4763.0 6287.0 7141.0 
7210.0 6824.0 6188.0 5275.0 3860.0 1849.0 -329.0 
-1994.0 -2685.0 -2389.0 -1565.0 -852.0 -713.0 -1273.0 
-2195.0 -2932.0 -3015.0 -2153.0 -510.0 1099.0 1817.0 
1547.0 839.0 359.0 638.0 1629.0 2632.0 3107.0 
3175.0 3325.0 3981.0 5041.0 6134.0 7036.0 7299.0 
6365.0 4377.0 2119.0 207.0 -1204.0 -2020.0 -1781.0 
-99.0 2545.0 5350.0 7994.0 10204.0 11357.0 11164.0 
10137.0 9283.0 9265.0 9810.0 10121.0 9670.0 8560.0 
7283.0 6185.0 5397.0 4978.0 4851.0 4827.0 4758.0 
4562.0 4166.0 3823.0 3903.0 4244.0 4065.0 2617.0 
-145.0 -3624.0 -7122.0 -10067.0 -11892.0 -12313.0 -11555.0 
-10101.0 -8630.0 -7915.0 -8463.0 -10502.0 -13866.0 -17658.0 
-20634.0 -21768.0 -20467.0 -16911.0 -12097.0 -7273.0 -3289.0 
-413.0 1484.0 2613.0 3186.0 3573.0 4147.0 5050.0 
5900.0 6016.0 5525.0 5533.0 6695.0 8551.0 10257.0 
10931.0 9725.0 6507.0 2093.0 -2120.0 -4653.0 -4598.0 
-2337.0 535.0 2493.0 3113.0 2709.0 1570.0 31.0 
-1395.0 -2234.0 -2336.0 -2024.0 -1727.0 -1358.0 -311.0 
1731.0 4223.0 6313.0 7649.0 8308.0 8227.0 7055.0 
4522.0 757.0 -3669.0 -7868.0 -11027.0 -12964.0 -13897.0 
-13899.0 -12880.0 -10990.0 -8544.0 -5937.0 -3795.0 -2590.0 
-2424.0 -3511.0 -6022.0 -9310.0 -12310.0 -14512.0 -15678.0 
-15441.0 -13694.0 -10604.0 -6427.0 -1725.0 2502.0 5278.0 
6287.0 5837.0 4255.0 1875.0 -687.0 -2657.0 -3406.0 
-2745.0 -1125.0 610.0 1815.0 2330.0 2179.0 1459.0 
443.0 -426.0 -773.0 -575.0 -48.0 780.0 2009.0 
3537.0 5132.0 6535.0 7390.0 7426.0 6576.0 5049.0 
3533.0 2682.0 2442.0 2509.0 2784.0 3062.0 2878.0 
1996.0 693.0 -675.0 -2000.0 -3256.0 -4373.0 -5195.0 
-5512.0 -5176.0 -4288.0 -3253.0 -2572.0 -2677.0 -3729.0 
-5253.0 -6364.0 -6565.0 -6146.0 -5806.0 -6068.0 -7009.0 
-8368.0 -9810.0 -11112.0 -11979.0 -12111.0 -11554.0 -10675.0 
-9727.0 -8684.0 -7488.0 -6380.0 -5841.0 -6103.0 -6987.0 
-8062.0 -8858.0 -8984.0 -8182.0 -6575.0 -4875.0 -4085.0 
-4669.0 -6265.0 -8301.0 -10502.0 -12822.0 -15156.0 -17033.0 
-17785.0 -17222.0 -15694.0 -13743.0 -12049.0 -11129.0 -11035.0 
-11594.0 -12480.0 -13069.0 -12678.0 -11070.0 -8672.0 -6160.0 
-4040.0 -2721.0 -2191.0 -1807.0 -1001.0 248.0 1611.0 
2719.0 3284.0 3245.0 2729.0 1644.0 -151.0 -2235.0 
-3784.0 -4435.0 -4450.0 -4408.0 -4785.0 -5704.0 -7137.0 
-9045.0 -11263.0 -13410.0 -15106.0 -16238.0 -16774.0 -16622.0 
-15651.0 -13746.0 -11082.0 -8240.0 -5844.0 -4323.0 -4053.0 
-5226.0 -7439.0 -9781.0 -11319.0 -11395.0 -9876.0 -7161.0 
-3881.0 -642.0 2202.0 4425.0 5834.0 6442.0 6457.0 
6111.0 5473.0 4609.0 3823.0 3415.0 3446.0 3939.0 
4890.0 6101.0 7279.0 8238.0 8879.0 9101.0 8844.0 
8085.0 6892.0 5329.0 3416.0 1530.0 389.0 430.0 
1786.0 4391.0 7561.0 10053.0 10791.0 9424.0 6391.0 
2815.0 -176.0 -2236.0 -3619.0 -4471.0 -4732.0 -4561.0 
-4314.0 -4201.0 -4139.0 -3996.0 -3823.0 -3679.0 -3421.0 
-2677.0 -1129.0 1138.0 3755.0 6279.0 8157.0 8918.0 
8654.0 8039.0 7545.0 7075.0 6356.0 5282.0 3985.0 
2645.0 1302.0 -66.0 -1280.0 -2107.0 -2642.0 -3255.0 
-4313.0 -5882.0 -7705.0 -9286.0 -10061.0 -9847.0 -8814.0 
-6953.0 -4310.0 -1277.0 1790.0 4722.0 7146.0 8634.0 
9170.0 9067.0 8676.0 8411.0 8648.0 9350.0 10228.0 
10866.0 10624.0 8987.0 5961.0 2070.0 -1973.0 -5596.0 
-8348.0 -9923.0 -10496.0 -10660.0 -10788.0 -10897.0 -11015.0 
-11181.0 -11370.0 -11442.0 -11036.0 -9754.0 -7478.0 -4393.0 
-662.0 3581.0 7900.0 11808.0 15189.0 18122.0 20606.0 
22596.0 24110.0 25341.0 26450.0 27413.0 28054.0 28129.0 
27593.0 26707.0 25567.0 23948.0 21663.0 18787.0 15643.0 
12520.0 9496.0 6636.0 4139.0 2103.0 271.0 -1720.0 
-3956.0 -6114.0 -7731.0 -8440.0 -8175.0 -7259.0 -6110.0 
-5003.0 -4249.0 -4092.0 -4402.0 -4766.0 -4818.0 -4243.0 
-2741.0 -258.0 2890.0 6260.0 9412.0 11970.0 13636.0 
14271.0 14059.0 13466.0 12837.0 12193.0 11434.0 10585.0 
9742.0 8872.0 7890.0 6782.0 5662.0 4685.0 3852.0 
3143.0 2650.0 2426.0 2555.0 3160.0 4142.0 5056.0 
5342.0 4702.0 3334.0 1746.0 362.0 -549.0 -719.0 
-5.0 1434.0 3237.0 5047.0 6704.0 8256.0 9580.0 
10180.0 9717.0 8437.0 6796.0 4903.0 2765.0 660.0 
-1167.0 -2644.0 -3528.0 -3396.0 -2056.0 248.0 2978.0 
5526.0 7369.0 8137.0 7893.0 7012.0 5784.0 4518.0 
3622.0 3151.0 2796.0 2506.0 2543.0 2958.0 3617.0 
4451.0 5248.0 5576.0 5267.0 4696.0 4301.0 4217.0 
4278.0 4281.0 4099.0 3582.0 2586.0 1163.0 -608.0 
-2751.0 -5197.0 -7603.0 -9523.0 -10803.0 -11647.0 -12346.0 
-13081.0 -13968.0 -15005.0 -16046.0 -17008.0 -18015.0 -19108.0 
-19920.0 -20046.0 -19412.0 -18074.0 -16129.0 -13703.0 -10997.0 
-8222.0 -5491.0 -2728.0 -8.0 2287.0 3746.0 4207.0 
3899.0 3240.0 2625.0 2510.0 3186.0 4446.0 5796.0 
6822.0 7342.0 7317.0 6745.0 5736.0 4326.0 2546.0 
628.0 -1173.0 -2734.0 -3968.0 -4753.0 -5005.0 -4818.0 
-4336.0 -3676.0 -3019.0 -2552.0 -2387.0 -2536.0 -3010.0 
-3837.0 -5096.0 -6870.0 -8988.0 -10869.0 -11889.0 -11960.0 
-11482.0 -10855.0 -10296.0 -9970.0 -9991.0 -10328.0 -10887.0 
-11680.0 -12683.0 -13763.0 -14744.0 -15327.0 -15243.0 -14364.0 
-12641.0 -10216.0 -7497.0 -4928.0 -2638.0 -614.0 959.0 
1977.0 2687.0 3352.0 3966.0 4483.0 4799.0 4683.0 
4080.0 3154.0 2082.0 1008.0 58.0 -677.0 -1220.0 
-1714.0 -2382.0 -3302.0 -4301.0 -5058.0 -5390.0 -5403.0 
-5337.0 -5298.0 -5296.0 -5281.0 -5069.0 -4562.0 -3809.0 
-2851.0 -1680.0 -374.0 945.0 2248.0 3497.0 4564.0 
5277.0 5474.0 5030.0 4010.0 2709.0 1439.0 322.0 
-589.0 -1171.0 -1354.0 -1154.0 -550.0 518.0 1970.0 
3603.0 5104.0 6123.0 6585.0 6735.0 6848.0 6986.0 
7000.0 6813.0 6534.0 6301.0 5983.0 5258.0 4080.0 
2711.0 1408.0 346.0 -350.0 -814.0 -1375.0 -2226.0 
-3494.0 -5106.0 -6747.0 -8143.0 -9225.0 -10038.0 -10541.0 
-10654.0 -10479.0 -10112.0 -9490.0 -8698.0 -7933.0 -7299.0 
-6730.0 -6261.0 -6144.0 -6527.0 -7169.0 -7661.0 -7774.0 
-7531.0 -7077.0 -6558.0 -6165.0 -5985.0 -5824.0 -5451.0 
-4884.0 -4191.0 -3310.0 -2143.0 -691.0 970.0 2839.0 
5065.0 7762.0 10727.0 13547.0 16034.0 18318.0 20453.0 
22307.0 23781.0 24785.0 25287.0 25399.0 25258.0 24868.0 
24127.0 22899.0 21080.0 18625.0 15572.0 11979.0 7932.0 
3742.0 -136.0 -3362.0 -5823.0 -7482.0 -8333.0 -8549.0 
-8468.0 -8429.0 -8670.0 -9289.0 -10236.0 -11307.0 -12301.0 
-13228.0 -14171.0 -14947.0 -15260.0 -15058.0 -14370.0 -13167.0 
-11594.0 -9947.0 -8375.0 -6791.0 -5116.0 -3418.0 -1781.0 
-258.0 1007.0 1959.0 2696.0 3335.0 4055.0 4952.0 
6048.0 7378.0 8842.0 10129.0 11002.0 11419.0 11329.0 
10707.0 9552.0 7874.0 5916.0 4071.0 2500.0 1061.0 
-338.0 -1624.0 -2702.0 -3466.0 -3773.0 -3591.0 -3106.0 
-2427.0 -1507.0 -368.0 783.0 1741.0 2555.0 3341.0 
4117.0 4809.0 5318.0 5685.0 6040.0 6355.0 6464.0 
6408.0 6451.0 6723.0 7212.0 7963.0 8920.0 9731.0 
10068.0 9839.0 9122.0 8208.0 7404.0 6743.0 6073.0 
5294.0 4377.0 3367.0 2400.0 1661.0 1191.0 874.0 
635.0 450.0 241.0 14.0 -35.0 294.0 1065.0 
2254.0 3747.0 5297.0 6628.0 7569.0 7976.0 7835.0 
7330.0 6686.0 6142.0 5944.0 6239.0 6869.0 7484.0 
7882.0 7991.0 7796.0 7434.0 6971.0 6389.0 5709.0 
4964.0 4106.0 3118.0 2133.0 1350.0 833.0 498.0 
245.0 -49.0 -436.0 -840.0 -1188.0 -1539.0 -1955.0 
-2416.0 -2964.0 -3624.0 -4334.0 -4975.0 -5380.0 -5484.0 
-5400.0 -5160.0 -4671.0 -3969.0 -3265.0 -2738.0 -2331.0 
-2001.0 -1891.0 -2068.0 -2345.0 -2501.0 -2476.0 -2282.0 
-1916.0 -1485.0 -1177.0 -1068.0 -1147.0 -1393.0 -1773.0 
-2219.0 -2544.0 -2545.0 -2180.0 -1481.0 -453.0 860.0 
2424.0 4244.0 6309.0 8516.0 10644.0 12367.0 13451.0 
13937.0 13937.0 13556.0 12961.0 12293.0 11631.0 10987.0 
10413.0 9936.0 9466.0 8973.0 8518.0 8138.0 7804.0 
7453.0 7022.0 6430.0 5578.0 4493.0 3329.0 2180.0 
1184.0 425.0 -150.0 -586.0 -1007.0 -1590.0 -2285.0 
-3001.0 -3734.0 -4393.0 -4881.0 -5217.0 -5360.0 -5216.0 
-4860.0 -4388.0 -3782.0 -3101.0 -2454.0 -1791.0 -1102.0 
-589.0 -408.0 -669.0 -1441.0 -2594.0 -3909.0 -5349.0 
-6924.0 -8555.0 -10178.0 -11725.0 -13100.0 -14235.0 -15040.0 
-15452.0 -15405.0 -14894.0 -14132.0 -13371.0 -12693.0 -12024.0 
-11276.0 -10269.0 -8839.0 -7135.0 -5462.0 -3943.0 -2695.0 
-1896.0 -1599.0 -1816.0 -2515.0 -3666.0 -5188.0 -6813.0 
-8204.0 -9170.0 -9533.0 -9086.0 -7818.0 -5916.0 -3628.0 
-1219.0 1101.0 3233.0 5183.0 6984.0 8639.0 10083.0 
11202.0 11984.0 12448.0 12635.0 12651.0 12510.0 12128.0 
11481.0 10651.0 9776.0 8961.0 8212.0 7509.0 6855.0 
6195.0 5449.0 4633.0 3845.0 3173.0 2710.0 2485.0 
2415.0 2393.0 2292.0 1954.0 1306.0 493.0 -323.0 
-1048.0 -1541.0 -1771.0 -1902.0 -2094.0 -2362.0 -2711.0 
-3108.0 -3423.0 -3574.0 -3560.0 -3392.0 -3094.0 -2751.0 
-2456.0 -2252.0 -2042.0 -1649.0 -1020.0 -212.0 715.0 
1766.0 3002.0 4432.0 5927.0 7280.0 8311.0 8960.0 
9240.0 9106.0 8653.0 8111.0 7657.0 7364.0 7167.0 
7053.0 7083.0 7274.0 7625.0 8270.0 9245.0 10268.0 
10998.0 11264.0 10991.0 10137.0 8841.0 7339.0 5723.0 
3948.0 2020.0 -4.0 -2054.0 -3998.0 -5768.0 -7325.0 
-8592.0 -9544.0 -10205.0 -10600.0 -10714.0 -10550.0 -10127.0 
-9444.0 -8478.0 -7218.0 -5689.0 -3783.0 -1458.0 1097.0 
3657.0 6018.0 7918.0 9171.0 9754.0 9723.0 9221.0 
8499.0 7773.0 7063.0 6265.0 5383.0 4445.0 3354.0 
2085.0 707.0 -745.0 -2258.0 -3795.0 -5213.0 -6223.0 
-6618.0 -6377.0 -5533.0 -4207.0 -2676.0 -1322.0 -433.0 
-26.0 61.0 -94.0 -540.0 -1178.0 -1847.0 -2470.0 
-2938.0 -3060.0 -2661.0 -1704.0 -359.0 1128.0 2758.0 
4579.0 6434.0 8086.0 9433.0 10546.0 11340.0 11673.0 
11639.0 11353.0 10789.0 9948.0 8962.0 7871.0 6664.0 
5311.0 3812.0 2313.0 1001.0 -142.0 -1330.0 -2613.0 
-3940.0 -5219.0 -6328.0 -7217.0 -7855.0 -8217.0 -8329.0 
-8238.0 -8022.0 -7728.0 -7379.0 -7005.0 -6594.0 -6119.0 
-5603.0 -5001.0 -4250.0 -3395.0 -2578.0 -1910.0 -1462.0 
-1267.0 -1234.0 -1339.0 -1642.0 -2109.0 -2664.0 -3168.0 
-3457.0 -3521.0 -3422.0 -3170.0 -2768.0 -2215.0 -1549.0 
-834.0 -103.0 493.0 673.0 342.0 -380.0 -1319.0 
-2276.0 -3080.0 -3629.0 -3901.0 -3811.0 -3281.0 -2378.0 
-1246.0 -22.0 1146.0 2209.0 3223.0 4201.0 5082.0 
5821.0 6447.0 6943.0 7302.0 7562.0 7722.0 7767.0 
7703.0 7452.0 6792.0 5692.0 4368.0 3038.0 1810.0 
723.0 -133.0 -751.0 -1291.0 -1759.0 -2040.0 -2088.0 
-1846.0 -1238.0 -388.0 414.0 1028.0 1404.0 1546.0 
1554.0 1437.0 1082.0 566.0 43.0 -453.0 -887.0 
-1197.0 -1493.0 -1900.0 -2309.0 -2613.0 -2945.0 -3346.0 
-3629.0 -3733.0 -3773.0 -3771.0 -3704.0 -3581.0 -3389.0 
-3045.0 -2559.0 -1982.0 -1233.0 -213.0 1009.0 2273.0 
3605.0 5055.0 6440.0 7639.0 8679.0 9501.0 9931.0 
9904.0 9599.0 9082.0 8318.0 7449.0 6606.0 5770.0 
4934.0 4098.0 3183.0 2151.0 1020.0 -221.0 -1574.0 
-3043.0 -4628.0 -6232.0 -7771.0 -9225.0 -10512.0 -11640.0 
-12643.0 -13450.0 -14024.0 -14435.0 -14660.0 -14646.0 -14464.0 
-14152.0 -13658.0 -12952.0 -12059.0 -11028.0 -9900.0 -8776.0 
-7715.0 -6665.0 -5604.0 -4628.0 -3731.0 -2809.0 -1874.0 
-1022.0 -372.0 13.0 139.0 -41.0 -547.0 -1288.0 
-2057.0 -2605.0 -2690.0 -2179.0 -1074.0 573.0 2635.0 
4861.0 7004.0 8974.0 10671.0 11891.0 12565.0 12799.0 
12676.0 12209.0 11430.0 10477.0 9490.0 8568.0 7776.0 
7122.0 6594.0 6301.0 6277.0 6366.0 6477.0 6597.0 
6693.0 6717.0 6601.0 6258.0 5650.0 4824.0 3893.0 
2977.0 2097.0 1289.0 675.0 335.0 223.0 189.0 
73.0 -148.0 -389.0 -583.0 -642.0 -457.0 64.0 
948.0 2074.0 3265.0 4345.0 5188.0 5739.0 5985.0 
5953.0 5702.0 5256.0 4643.0 3918.0 3115.0 2299.0 
1582.0 1004.0 599.0 413.0 463.0 719.0 1143.0 
1572.0 1872.0 2135.0 2408.0 2660.0 2949.0 3310.0 
3649.0 3951.0 4254.0 4454.0 4536.0 4574.0 4629.0 
4806.0 5193.0 5827.0 6695.0 7801.0 9131.0 10573.0 
11932.0 13050.0 13921.0 14567.0 14990.0 15223.0 15340.0 
15326.0 15052.0 14470.0 13624.0 12443.0 10874.0 9030.0 
7053.0 4950.0 2793.0 798.0 -996.0 -2582.0 -3844.0 
-4863.0 -5813.0 -6686.0 -7427.0 -8063.0 -8540.0 -8767.0 
-8788.0 -8767.0 -8791.0 -8809.0 -8815.0 -8829.0 -8760.0 
-8555.0 -8209.0 -7723.0 -7177.0 -6758.0 -6550.0 -6455.0 
-6426.0 -6439.0 -6349.0 -6004.0 -5415.0 -4637.0 -3629.0 
-2414.0 -1118.0 139.0 1215.0 1994.0 2478.0 2698.0 
2669.0 2454.0 2067.0 1537.0 940.0 310.0 -352.0 
-1078.0 -1905.0 -2832.0 -3780.0 -4644.0 -5381.0 -6030.0 
-6685.0 -7434.0 -8315.0 -9295.0 -10280.0 -11120.0 -11732.0 
-12101.0 -12243.0 -12242.0 -12131.0 -11910.0 -11618.0 -11297.0 
-10965.0 -10594.0 -10137.0 -9570.0 -8906.0 -8145.0 -7197.0 
-5985.0 -4534.0 -2945.0 -1280.0 425.0 2081.0 3567.0 
4793.0 5694.0 6276.0 6585.0 6676.0 6649.0 6554.0 
6294.0 5772.0 5037.0 4153.0 3130.0 1961.0 655.0 
-715.0 -2030.0 -3133.0 -3904.0 -4369.0 -4545.0 -4409.0 
-4022.0 -3538.0 -3029.0 -2514.0 -2003.0 -1480.0 -898.0 
-258.0 365.0 934.0 1448.0 1896.0 2268.0 2559.0 
2775.0 2906.0 2872.0 2667.0 2396.0 2196.0 2162.0 
2333.0 2649.0 3009.0 3383.0 3723.0 3894.0 3745.0 
3230.0 2422.0 1456.0 384.0 -762.0 -1952.0 -3140.0 
-4228.0 -5153.0 -5861.0 -6273.0 -6317.0 -5969.0 -5226.0 
-4110.0 -2777.0 -1350.0 101.0 1469.0 2753.0 3963.0 
5047.0 6008.0 6906.0 7775.0 8548.0 9124.0 9389.0 
9308.0 8959.0 8399.0 7618.0 6621.0 5427.0 4074.0 
2708.0 1412.0 224.0 -774.0 -1561.0 -2092.0 -2360.0 
-2464.0 -2511.0 -2496.0 -2446.0 -2422.0 -2388.0 -2204.0 
-1769.0 -1157.0 -482.0 169.0 733.0 1225.0 1673.0 
2035.0 2254.0 2347.0 2427.0 2472.0 2470.0 2517.0 
2640.0 2800.0 3003.0 3281.0 3672.0 4101.0 4479.0 
4820.0 5105.0 5304.0 5446.0 5530.0 5550.0 5582.0 
5586.0 5424.0 5145.0 4843.0 4519.0 4206.0 3946.0 
3708.0 3432.0 3111.0 2743.0 2359.0 1995.0 1645.0 
1275.0 913.0 619.0 360.0 116.0 -65.0 -163.0 
-180.0 -119.0 -42.0 -77.0 -270.0 -582.0 -949.0 
-1339.0 -1646.0 -1798.0 -1841.0 -1842.0 -1816.0 -1692.0 
-1480.0 -1306.0 -1259.0 -1331.0 -1467.0 -1662.0 -1929.0 
-2177.0 -2251.0 -2070.0 -1649.0 -1014.0 -229.0 667.0 
1655.0 2665.0 3660.0 4598.0 5428.0 6082.0 6544.0 
6850.0 7046.0 7172.0 7268.0 7382.0 7524.0 7620.0 
7674.0 7764.0 7874.0 7912.0 7775.0 7420.0 6843.0 
6035.0 5025.0 3882.0 2711.0 1593.0 517.0 -516.0 
-1470.0 -2324.0 -3076.0 -3714.0 -4255.0 -4722.0 -5087.0 
-5319.0 -5424.0 -5446.0 -5379.0 -5170.0 -4796.0 -4260.0 
-3595.0 -2824.0 -2032.0 -1281.0 -550.0 140.0 761.0 
1325.0 1844.0 2311.0 2722.0 3025.0 3156.0 3079.0 
2799.0 2324.0 1620.0 674.0 -483.0 -1783.0 -3158.0 
-4558.0 -5860.0 -6965.0 -7871.0 -8573.0 -9022.0 -9230.0 
-9268.0 -9169.0 -8926.0 -8525.0 -7966.0 -7232.0 -6345.0 
-5393.0 -4398.0 -3424.0 -2596.0 -1900.0 -1227.0 -520.0 
217.0 933.0 1565.0 2092.0 2481.0 2714.0 2809.0 
2797.0 2754.0 2796.0 2975.0 3277.0 3642.0 3984.0 
4268.0 4496.0 4712.0 4947.0 5207.0 5516.0 5880.0 
6281.0 6668.0 6973.0 7183.0 7270.0 7220.0 7109.0 
6983.0 6804.0 6506.0 6059.0 5433.0 4636.0 3707.0 
2670.0 1565.0 529.0 -265.0 -759.0 -1037.0 -1203.0 
-1272.0 -1232.0 -1164.0 -1112.0 -1036.0 -924.0 -809.0 
-683.0 -541.0 -422.0 -327.0 -251.0 -238.0 -310.0 
-466.0 -713.0 -1002.0 -1247.0 -1406.0 -1480.0 -1491.0 
-1439.0 -1339.0 -1232.0 -1107.0 -938.0 -700.0 -343.0 
158.0 763.0 1370.0 1902.0 2312.0 2555.0 2580.0 
2413.0 2122.0 1749.0 1362.0 1022.0 725.0 473.0 
288.0 209.0 318.0 608.0 975.0 1309.0 1544.0 
1663.0 1620.0 1368.0 908.0 314.0 -292.0 -848.0 
-1330.0 -1711.0 -1967.0 -2108.0 -2189.0 -2253.0 -2269.0 
-2189.0 -2010.0 -1700.0 -1237.0 -686.0 -106.0 525.0 
1220.0 1939.0 2679.0 3470.0 4310.0 5173.0 6052.0 
6901.0 7668.0 8372.0 8989.0 9444.0 9693.0 9738.0 
9620.0 9336.0 8876.0 8249.0 7478.0 6576.0 5567.0 
4497.0 3426.0 2388.0 1355.0 310.0 -684.0 -1604.0 
-2458.0 -3206.0 -3791.0 -4225.0 -4582.0 -4901.0 -5205.0 
-5522.0 -5808.0 -6032.0 -6226.0 -6384.0 -6356.0 -6008.0 
-5388.0 -4594.0 -3653.0 -2661.0 -1785.0 -1095.0 -560.0 
-182.0 37.0 153.0 235.0 317.0 360.0 388.0 
408.0 344.0 149.0 -167.0 -571.0 -1055.0 -1582.0 
-2101.0 -2578.0 -3001.0 -3367.0 -3675.0 -3897.0 -3984.0 
-3898.0 -3592.0 -3070.0 -2391.0 -1591.0 -715.0 187.0 
1109.0 2081.0 3048.0 3883.0 4574.0 5109.0 5437.0 
5559.0 5551.0 5495.0 5380.0 5173.0 4871.0 4464.0 
3969.0 3421.0 2816.0 2194.0 1593.0 991.0 404.0 
-108.0 -470.0 -648.0 -700.0 -693.0 -657.0 -616.0 
-556.0 -454.0 -325.0 -172.0 50.0 364.0 770.0 
1246.0 1718.0 2149.0 2633.0 3213.0 3799.0 4347.0 
4851.0 5259.0 5515.0 5644.0 5671.0 5602.0 5408.0 
5088.0 4671.0 4167.0 3593.0 2934.0 2170.0 1338.0 
496.0 -321.0 -1129.0 -1876.0 -2493.0 -2952.0 -3243.0 
-3364.0 -3309.0 -3065.0 -2601.0 -1875.0 -934.0 110.0 
1165.0 2158.0 3047.0 3749.0 4231.0 4532.0 4663.0 
4615.0 4404.0 4031.0 3542.0 3040.0 2655.0 2468.0 
2401.0 2366.0 2370.0 2380.0 2308.0 2155.0 1960.0 
1751.0 1573.0 1524.0 1614.0 1775.0 2003.0 2328.0 
2691.0 3027.0 3338.0 3637.0 3940.0 4242.0 4457.0 
4506.0 4386.0 4172.0 3914.0 3609.0 3283.0 2917.0 
2482.0 1997.0 1487.0 960.0 419.0 -162.0 -807.0 
-1506.0 -2243.0 -3009.0 -3773.0 -4479.0 -5096.0 -5613.0 
-5980.0 -6167.0 -6209.0 -6090.0 -5776.0 -5333.0 -4824.0 
-4240.0 -3622.0 -3051.0 -2592.0 -2232.0 -1912.0 -1664.0 
-1499.0 -1427.0 -1467.0 -1565.0 -1676.0 -1814.0 -2003.0 
-2228.0 -2469.0 -2706.0 -2915.0 -3114.0 -3315.0 -3488.0 
-3633.0 -3776.0 -3902.0 -3992.0 -4058.0 -4129.0 -4235.0 
-4365.0 -4525.0 -4680.0 -4769.0 -4812.0 -4810.0 -4706.0 
-4529.0 -4311.0 -4026.0 -3673.0 -3249.0 -2773.0 -2243.0 
-1619.0 -947.0 -302.0 308.0 915.0 1529.0 2106.0 
2616.0 3092.0 3592.0 4105.0 4546.0 4876.0 5178.0 
5512.0 5852.0 6200.0 6549.0 6854.0 7069.0 7140.0 
7050.0 6833.0 6510.0 6075.0 5578.0 5052.0 4449.0 
3761.0 3045.0 2336.0 1601.0 848.0 113.0 -575.0 
-1163.0 -1597.0 -1856.0 -1959.0 -1885.0 -1649.0 -1279.0 
-758.0 -98.0 668.0 1522.0 2426.0 3349.0 4225.0 
4949.0 5519.0 5960.0 6211.0 6238.0 6101.0 5863.0 
5582.0 5297.0 4982.0 4598.0 4183.0 3742.0 3258.0 
2745.0 2219.0 1682.0 1116.0 537.0 0.0 -468.0 
-849.0 -1117.0 -1256.0 -1267.0 -1177.0 -1018.0 -827.0 
-604.0 -299.0 79.0 478.0 863.0 1265.0 1720.0 
2177.0 2581.0 2915.0 3201.0 3441.0 3585.0 3603.0 
3513.0 3401.0 3279.0 3065.0 2815.0 2651.0 2573.0 
2515.0 2454.0 2418.0 2423.0 2423.0 2339.0 2141.0 
1874.0 1557.0 1117.0 534.0 -71.0 -671.0 -1357.0 
-2076.0 -2667.0 -3167.0 -3689.0 -4159.0 -4521.0 -4856.0 
-5139.0 -5297.0 -5379.0 -5411.0 -5340.0 -5174.0 -4975.0 
-4744.0 -4457.0 -4144.0 -3802.0 -3420.0 -3060.0 -2757.0 
-2466.0 -2142.0 -1842.0 -1595.0 -1380.0 -1210.0 -1093.0 
-990.0 -921.0 -960.0 -1051.0 -1082.0 -1108.0 -1179.0 
-1266.0 -1378.0 -1535.0 -1750.0 -2037.0 -2394.0 -2789.0 
-3195.0 -3605.0 -4012.0 -4350.0 -4576.0 -4693.0 -4718.0 
-4664.0 -4503.0 -4245.0 -3931.0 -3601.0 -3309.0 -3073.0 
-2826.0 -2545.0 -2281.0 -2029.0 -1748.0 -1454.0 -1178.0 
-927.0 -694.0 -516.0 -431.0 -429.0 -488.0 -599.0 
-761.0 -932.0 -994.0 -901.0 -702.0 -433.0 -89.0 
307.0 709.0 1078.0 1344.0 1477.0 1542.0 1563.0 
1518.0 1407.0 1245.0 1032.0 762.0 475.0 181.0 
-150.0 -536.0 -945.0 -1307.0 -1610.0 -1884.0 -2130.0 
-2325.0 -2464.0 -2545.0 -2563.0 -2534.0 -2426.0 -2191.0 
-1842.0 -1418.0 -907.0 -310.0 306.0 920.0 1548.0 
2183.0 2820.0 3446.0 4055.0 4632.0 5156.0 5611.0 
5985.0 6271.0 6488.0 6631.0 6707.0 6761.0 6811.0 
6849.0 6837.0 6765.0 6697.0 6673.0 6627.0 6519.0 
6403.0 6284.0 6108.0 5855.0 5549.0 5230.0 4884.0 
4472.0 4009.0 3537.0 3045.0 2520.0 1994.0 1473.0 
968.0 505.0 77.0 -312.0 -623.0 -863.0 -1061.0 
-1195.0 -1299.0 -1416.0 -1550.0 -1746.0 -2024.0 -2346.0 
-2682.0 -3045.0 -3458.0 -3902.0 -4315.0 -4656.0 -4936.0 
-5188.0 -5407.0 -5536.0 -5572.0 -5522.0 -5372.0 -5129.0 
-4819.0 -4465.0 -4108.0 -3755.0 -3399.0 -3084.0 -2826.0 
-2598.0 -2457.0 -2474.0 -2612.0 -2811.0 -3047.0 -3298.0 
-3544.0 -3758.0 -3927.0 -4075.0 -4236.0 -4441.0 -4669.0 
-4903.0 -5173.0 -5447.0 -5646.0 -5761.0 -5818.0 -5800.0 
-5748.0 -5681.0 -5568.0 -5439.0 -5322.0 -5217.0 -5090.0 
-4945.0 -4814.0 -4681.0 -4530.0 -4404.0 -4342.0 -4320.0 
-4294.0 -4271.0 -4271.0 -4302.0 -4374.0 -4476.0 -4607.0 
-4786.0 -4951.0 -5030.0 -5042.0 -4965.0 -4737.0 -4316.0 
-3721.0 -2986.0 -2134.0 -1195.0 -218.0 748.0 1654.0 
2466.0 3202.0 3838.0 4318.0 4655.0 4917.0 5138.0 
5301.0 5397.0 5436.0 5435.0 5397.0 5302.0 5167.0 
5010.0 4820.0 4616.0 4427.0 4206.0 3936.0 3625.0 
3260.0 2863.0 2494.0 2132.0 1730.0 1337.0 1007.0 
764.0 589.0 432.0 260.0 66.0 -119.0 -304.0 
-521.0 -733.0 -928.0 -1139.0 -1336.0 -1494.0 -1631.0 
-1778.0 -1936.0 -2085.0 -2216.0 -2337.0 -2380.0 -2324.0 
-2276.0 -2248.0 -2160.0 -2036.0 -1965.0 -1977.0 -2027.0 
-2084.0 -2193.0 -2401.0 -2668.0 -2905.0 -3104.0 -3342.0 
-3559.0 -3647.0 -3667.0 -3633.0 -3445.0 -3079.0 -2641.0 
-2193.0 -1733.0 -1274.0 -883.0 -636.0 -534.0 -533.0 
-570.0 -594.0 -613.0 -611.0 -540.0 -373.0 -107.0 
175.0 432.0 726.0 1070.0 1372.0 1597.0 1801.0 
1981.0 2093.0 2145.0 2152.0 2113.0 2002.0 1775.0 
1461.0 1121.0 769.0 390.0 13.0 -328.0 -646.0 
-968.0 -1303.0 -1661.0 -2008.0 -2330.0 -2714.0 -3172.0 
-3605.0 -3985.0 -4359.0 -4700.0 -4962.0 -5165.0 -5297.0 
-5289.0 -5134.0 -4920.0 -4692.0 -4411.0 -4072.0 -3726.0 
-3377.0 -3019.0 -2680.0 -2356.0 -2043.0 -1782.0 -1586.0 
-1415.0 -1246.0 -1102.0 -1011.0 -960.0 -921.0 -891.0 
-904.0 -990.0 -1160.0 -1389.0 -1614.0 -1829.0 -2039.0 
-2201.0 -2296.0 -2362.0 -2413.0 -2462.0 -2475.0 -2451.0 
-2442.0 -2430.0 -2374.0 -2269.0 -2124.0 -1943.0 -1741.0 
-1564.0 -1442.0 -1334.0 -1205.0 -1085.0 -1005.0 -934.0 
-831.0 -644.0 -382.0 -110.0 153.0 448.0 801.0 
1191.0 1597.0 1991.0 2358.0 2693.0 2941.0 3050.0 
3031.0 2904.0 2651.0 2275.0 1815.0 1304.0 745.0 
150.0 -488.0 -1150.0 -1760.0 -2316.0 -2840.0 -3311.0 
-3735.0 -4081.0 -4307.0 -4438.0 -4484.0 -4457.0 -4412.0 
-4351.0 -4257.0 -4136.0 -4000.0 -3859.0 -3737.0 -3664.0 
-3625.0 -3580.0 -3516.0 -3407.0 -3240.0 -3010.0 -2685.0 
-2265.0 -1830.0 -1458.0 -1144.0 -877.0 -688.0 -623.0 
-678.0 -812.0 -1020.0 -1319.0 -1691.0 -2113.0 -2549.0 
-2900.0 -3116.0 -3276.0 -3411.0 -3458.0 -3385.0 -3220.0 
-2988.0 -2717.0 -2439.0 -2155.0 -1837.0 -1475.0 -1132.0 
-799.0 -467.0 -138.0 215.0 565.0 844.0 1105.0 
1367.0 1594.0 1790.0 1972.0 2153.0 2333.0 2490.0 
2573.0 2518.0 2362.0 2158.0 1874.0 1476.0 976.0 
412.0 -168.0 -761.0 -1406.0 -2033.0 -2580.0 -3102.0 
-3602.0 -4045.0 -4429.0 -4764.0 -5035.0 -5205.0 -5312.0 
-5387.0 -5428.0 -5442.0 -5430.0 -5407.0 -5391.0 -5379.0 
-5326.0 -5173.0 -4936.0 -4693.0 -4469.0 -4206.0 -3862.0 
-3482.0 -3121.0 -2762.0 -2384.0 -1997.0 -1587.0 -1144.0 
-691.0 -278.0 88.0 398.0 624.0 772.0 821.0 
744.0 532.0 211.0 -171.0 -629.0 -1170.0 -1731.0 
-2294.0 -2859.0 -3379.0 -3827.0 -4212.0 -4516.0 -4720.0 
-4859.0 -4923.0 -4902.0 -4855.0 -4791.0 -4683.0 -4560.0 
-4480.0 -4469.0 -4470.0 -4455.0 -4457.0 -4495.0 -4545.0 
-4521.0 -4360.0 -4118.0 -3839.0 -3459.0 -2952.0 -2398.0 
-1856.0 -1374.0 -979.0 -657.0 -425.0 -320.0 -303.0 
-358.0 -501.0 -747.0 -1086.0 -1483.0 -1909.0 -2386.0 
-2905.0 -3406.0 -3842.0 -4181.0 -4442.0 -4649.0 -4819.0 
-4938.0 -5015.0 -5050.0 -5042.0 -5056.0 -5140.0 -5253.0 
-5329.0 -5450.0 -5669.0 -5896.0 -6047.0 -6134.0 -6161.0 
-6127.0 -6061.0 -5920.0 -5670.0 -5388.0 -5097.0 -4753.0 
-4354.0 -3928.0 -3480.0 -3036.0 -2631.0 -2242.0 -1849.0 
-1466.0 -1117.0 -851.0 -675.0 -572.0 -548.0 -616.0 
-799.0 -1085.0 -1440.0 -1835.0 -2272.0 -2754.0 -3230.0 
-3637.0 -3957.0 -4224.0 -4463.0 -4673.0 -4824.0 -4887.0 
-4874.0 -4823.0 -4714.0 -4473.0 -4112.0 -3726.0 -3341.0 
-2930.0 -2535.0 -2154.0 -1789.0 -1470.0 -1214.0 -1023.0 
-879.0 -809.0 -841.0 -962.0 -1166.0 -1432.0 -1734.0 
-2066.0 -2449.0 -2892.0 -3355.0 -3783.0 -4160.0 -4524.0 
-4889.0 -5226.0 -5482.0 -5629.0 -5669.0 -5637.0 -5545.0 
-5355.0 -5061.0 -4725.0 -4388.0 -4001.0 -3536.0 -3015.0 
-2461.0 -1875.0 -1265.0 -646.0 -58.0 475.0 984.0 
1481.0 1954.0 2381.0 2763.0 3170.0 3583.0 3945.0 
4280.0 4598.0 4827.0 4968.0 5097.0 5190.0 5196.0 
5167.0 5152.0 5136.0 5124.0 5096.0 5047.0 5017.0 
4993.0 4933.0 4793.0 4584.0 4357.0 4101.0 3805.0 
3544.0 3337.0 3138.0 2972.0 2910.0 2954.0 3066.0 
3212.0 3366.0 3530.0 3695.0 3821.0 3908.0 3968.0 
4023.0 4088.0 4127.0 4133.0 4133.0 4127.0 4097.0 
4046.0 3995.0 3954.0 3935.0 3922.0 3895.0 3851.0 
3792.0 3705.0 3648.0 3668.0 3724.0 3803.0 3966.0 
4207.0 4489.0 4797.0 5045.0 5193.0 5264.0 5242.0 
5114.0 4869.0 4500.0 4072.0 3627.0 3109.0 2477.0 
1807.0 1177.0 559.0 -69.0 -700.0 -1332.0 -1942.0 
-2540.0 -3095.0 -3559.0 -3955.0 -4327.0 -4666.0 -4933.0 
-5163.0 -5428.0 -5723.0 -5967.0 -6166.0 -6400.0 -6651.0 
-6876.0 -7093.0 -7268.0 -7398.0 -7521.0 -7622.0 -7655.0 
-7637.0 -7607.0 -7542.0 -7439.0 -7308.0 -7133.0 -6928.0 
-6715.0 -6468.0 -6189.0 -5912.0 -5694.0 -5554.0 -5469.0 
-5456.0 -5484.0 -5548.0 -5669.0 -5825.0 -6022.0 -6260.0 
-6545.0 -6918.0 -7378.0 -7841.0 -8244.0 -8600.0 -8927.0 
-9218.0 -9465.0 -9643.0 -9771.0 -9885.0 -9933.0 -9892.0 
-9815.0 -9690.0 -9522.0 -9313.0 -9044.0 -8716.0 -8348.0 
-7958.0 -7545.0 -7081.0 -6557.0 -6030.0 -5527.0 -5051.0 
-4593.0 -4136.0 -3683.0 -3225.0 -2764.0 -2361.0 -2010.0 
-1629.0 -1248.0 -921.0 -664.0 -442.0 -239.0 -66.0 
19.0 40.0 88.0 92.0 17.0 -50.0 -68.0 
-88.0 -122.0 -161.0 -203.0 -296.0 -446.0 -592.0 
-718.0 -866.0 -1066.0 -1302.0 -1584.0 -1885.0 -2156.0 
-2395.0 -2642.0 -2913.0 -3150.0 -3334.0 -3521.0 -3704.0 
-3823.0 -3863.0 -3872.0 -3856.0 -3765.0 -3638.0 -3504.0 
-3333.0 -3093.0 -2798.0 -2534.0 -2322.0 -2090.0 -1819.0 
-1529.0 -1252.0 -1001.0 -758.0 -549.0 -406.0 -310.0 
-217.0 -107.0 -15.0 64.0 170.0 290.0 409.0 
517.0 579.0 584.0 578.0 585.0 564.0 486.0 
391.0 301.0 197.0 109.0 35.0 -43.0 -100.0 
-131.0 -144.0 -134.0 -142.0 -161.0 -150.0 -118.0 
-85.0 -53.0 -15.0 7.0 -5.0 -63.0 -183.0 
-339.0 -488.0 -631.0 -789.0 -977.0 -1179.0 -1333.0 
-1434.0 -1500.0 -1523.0 -1527.0 -1531.0 -1543.0 -1563.0 
-1596.0 -1655.0 -1757.0 -1872.0 -1980.0 -2098.0 -2238.0 
-2370.0 -2449.0 -2497.0 -2576.0 -2669.0 -2714.0 -2698.0 
-2643.0 -2564.0 -2513.0 -2499.0 -2506.0 -2523.0 -2529.0 
-2533.0 -2510.0 -2445.0 -2378.0 -2296.0 -2162.0 -1964.0 
-1692.0 -1341.0 -935.0 -468.0 47.0 580.0 1114.0 
1650.0 2169.0 2668.0 3159.0 3612.0 3977.0 4245.0 
4428.0 4562.0 4630.0 4602.0 4524.0 4440.0 4344.0 
4262.0 4199.0 4065.0 3874.0 3712.0 3552.0 3326.0 
3038.0 2740.0 2438.0 2092.0 1660.0 1137.0 563.0 
-21.0 -603.0 -1202.0 -1850.0 -2469.0 -3013.0 -3513.0 
-3957.0 -4326.0 -4638.0 -4845.0 -4925.0 -4924.0 -4822.0 
-4616.0 -4369.0 -4063.0 -3652.0 -3215.0 -2825.0 -2441.0 
-2019.0 -1610.0 -1284.0 -994.0 -697.0 -430.0 -230.0 
-92.0 11.0 107.0 178.0 192.0 152.0 69.0 
-49.0 -213.0 -413.0 -609.0 -826.0 -1091.0 -1386.0 
-1681.0 -1950.0 -2183.0 -2405.0 -2637.0 -2825.0 -2918.0 
-2941.0 -2933.0 -2893.0 -2777.0 -2580.0 -2370.0 -2157.0 
-1908.0 -1641.0 -1372.0 -1070.0 -736.0 -401.0 -69.0 
265.0 600.0 911.0 1164.0 1357.0 1511.0 1621.0 
1679.0 1689.0 1632.0 1501.0 1347.0 1213.0 1063.0 
877.0 690.0 534.0 401.0 257.0 89.0 -58.0 
-147.0 -207.0 -234.0 