-1711.0 -1774.0 -1864.0 -1949.0 -2015.0 -2108.0 -2228.0 
-2339.0 -2430.0 -2528.0 -2614.0 -2658.0 -2697.0 -2753.0 
-2785.0 -2776.0 -2762.0 -2745.0 -2683.0 -2583.0 -2489.0 
-2401.0 -2304.0 -2197.0 -2085.0 -1950.0 -1811.0 -1709.0 
-1618.0 -1510.0 -1418.0 -1361.0 -1314.0 -1259.0 -1198.0 
-1145.0 -1132.0 -1121.0 -1059.0 -985.0 -950.0 -928.0 
-885.0 -828.0 -774.0 -723.0 -667.0 -611.0 -568.0 
-544.0 -518.0 -474.0 -453.0 -467.0 -457.0 -414.0 
-395.0 -417.0 -456.0 -483.0 -494.0 -495.0 -507.0 
-523.0 -528.0 -524.0 -523.0 -543.0 -587.0 -622.0 
-634.0 -657.0 -706.0 -785.0 -889.0 -991.0 -1080.0 
-1185.0 -1318.0 -1429.0 -1513.0 -1611.0 -1722.0 -1813.0 
-1890.0 -1965.0 -2024.0 -2073.0 -2125.0 -2172.0 -2216.0 
-2242.0 -2238.0 -2241.0 -2278.0 -2309.0 -2299.0 -2275.0 
-2279.0 -2307.0 -2314.0 -2280.0 -2229.0 -2205.0 -2206.0 
-2198.0 -2167.0 -2132.0 -2113.0 -2073.0 -2031.0 -2003.0 
-1963.0 -1907.0 -1865.0 -1841.0 -1806.0 -1741.0 -1658.0 
-1608.0 -1581.0 -1535.0 -1467.0 -1408.0 -1374.0 -1348.0 
-1303.0 -1260.0 -1227.0 -1190.0 -1165.0 -1170.0 -1165.0 
-1134.0 -1125.0 -1145.0 -1157.0 -1142.0 -1132.0 -1147.0 
-1145.0 -1119.0 -1123.0 -1144.0 -1137.0 -1125.0 -1126.0 
-1108.0 -1087.0 -1087.0 -1058.0 -1007.0 -968.0 -910.0 
-830.0 -770.0 -729.0 -678.0 -611.0 -570.0 -571.0 
-596.0 -619.0 -636.0 -675.0 -743.0 -833.0 -926.0 
-1011.0 -1108.0 -1221.0 -1329.0 -1432.0 -1548.0 -1685.0 
-1817.0 -1940.0 -2068.0 -2208.0 -2336.0 -2450.0 -2556.0 
-2653.0 -2756.0 -2863.0 -2945.0 -3014.0 -3075.0 -3115.0 
-3128.0 -3136.0 -3159.0 -3164.0 -3129.0 -3055.0 -2944.0 
-2833.0 -2737.0 -2617.0 -2463.0 -2301.0 -2148.0 -1994.0 
-1818.0 -1632.0 -1453.0 -1293.0 -1153.0 -1013.0 -864.0 
-722.0 -590.0 -472.0 -361.0 -234.0 -118.0 -35.0 
30.0 101.0 173.0 226.0 254.0 272.0 270.0 
264.0 258.0 239.0 199.0 148.0 87.0 -7.0 
-110.0 -199.0 -313.0 -457.0 -580.0 -673.0 -776.0 
-904.0 -1038.0 -1156.0 -1254.0 -1345.0 -1459.0 -1597.0 
-1714.0 -1793.0 -1858.0 -1945.0 -2034.0 -2085.0 -2133.0 
-2203.0 -2258.0 -2306.0 -2364.0 -2406.0 -2416.0 -2445.0 
-2500.0 -2522.0 -2501.0 -2489.0 -2492.0 -2480.0 -2440.0 
-2383.0 -2325.0 -2275.0 -2233.0 -2176.0 -2080.0 -1973.0 
-1869.0 -1765.0 -1657.0 -1520.0 -1333.0 -1134.0 -963.0 
-812.0 -642.0 -441.0 -240.0 -86.0 5.0 64.0 
135.0 209.0 259.0 274.0 250.0 203.0 156.0 
112.0 76.0 24.0 -64.0 -158.0 -238.0 -323.0 
-438.0 -564.0 -657.0 -712.0 -748.0 -797.0 -877.0 
-952.0 -976.0 -973.0 -975.0 -969.0 -947.0 -917.0 
-898.0 -918.0 -939.0 -893.0 -815.0 -776.0 -777.0 
-781.0 -797.0 -820.0 -816.0 -806.0 -814.0 -826.0 
-845.0 -883.0 -927.0 -935.0 -906.0 -891.0 -890.0 
-875.0 -865.0 -843.0 -794.0 -755.0 -733.0 -684.0 
-617.0 -572.0 -540.0 -507.0 -476.0 -438.0 -386.0 
-359.0 -373.0 -386.0 -396.0 -427.0 -471.0 -527.0 
-594.0 -678.0 -763.0 -866.0 -1000.0 -1107.0 -1181.0 
-1277.0 -1389.0 -1487.0 -1566.0 -1629.0 -1671.0 -1692.0 
-1707.0 -1714.0 -1701.0 -1663.0 -1611.0 -1576.0 -1550.0 
-1516.0 -1475.0 -1416.0 -1344.0 -1296.0 -1268.0 -1227.0 
-1171.0 -1107.0 -1043.0 -982.0 -897.0 -803.0 -714.0 
-628.0 -535.0 -444.0 -351.0 -244.0 -147.0 -73.0 
0.0 80.0 170.0 264.0 345.0 403.0 452.0 
508.0 553.0 556.0 532.0 503.0 478.0 438.0 
361.0 270.0 195.0 135.0 69.0 -3.0 -73.0 
-136.0 -184.0 -205.0 -226.0 -261.0 -279.0 -280.0 
-295.0 -317.0 -336.0 -375.0 -426.0 -462.0 -504.0 
-575.0 -652.0 -701.0 -723.0 -728.0 -746.0 -768.0 
-755.0 -719.0 -715.0 -739.0 -744.0 -732.0 -723.0 
-721.0 -744.0 -784.0 -802.0 -794.0 -787.0 -790.0 
-809.0 -828.0 -826.0 -818.0 -810.0 -808.0 -838.0 
-882.0 -908.0 -929.0 -962.0 -1007.0 -1034.0 -1025.0 
-997.0 -992.0 -995.0 -973.0 -954.0 -938.0 -909.0 
-892.0 -904.0 -920.0 -921.0 -927.0 -931.0 -917.0 
-879.0 -832.0 -783.0 -722.0 -656.0 -562.0 -443.0 
-343.0 -259.0 -170.0 -100.0 -47.0 32.0 134.0 
218.0 267.0 322.0 401.0 489.0 564.0 630.0 
699.0 771.0 830.0 855.0 866.0 884.0 901.0 
905.0 872.0 808.0 764.0 738.0 680.0 594.0 
513.0 430.0 347.0 267.0 179.0 93.0 9.0 
-97.0 -199.0 -274.0 -348.0 -434.0 -516.0 -588.0 
-650.0 -709.0 -767.0 -802.0 -821.0 -857.0 -902.0 
-928.0 -931.0 -945.0 -963.0 -951.0 -927.0 -890.0 
-845.0 -821.0 -794.0 -732.0 -653.0 -582.0 -528.0 
-479.0 -420.0 -353.0 -292.0 -240.0 -208.0 -211.0 
-215.0 -193.0 -163.0 -149.0 -164.0 -192.0 -225.0 
-245.0 -270.0 -306.0 -341.0 -365.0 -384.0 -408.0 
-441.0 -469.0 -475.0 -483.0 -514.0 -538.0 -503.0 
-442.0 -415.0 -402.0 -356.0 -285.0 -201.0 -114.0 
-47.0 13.0 93.0 192.0 284.0 363.0 438.0 
504.0 571.0 645.0 691.0 707.0 704.0 693.0 
706.0 719.0 685.0 626.0 584.0 565.0 519.0 
426.0 340.0 291.0 243.0 180.0 106.0 17.0 
-76.0 -154.0 -223.0 -293.0 -365.0 -435.0 -497.0 
-551.0 -611.0 -667.0 -715.0 -762.0 -795.0 -830.0 
-887.0 -952.0 -1000.0 -1024.0 -1054.0 -1100.0 -1144.0 
-1182.0 -1198.0 -1183.0 -1185.0 -1208.0 -1189.0 -1129.0 
-1087.0 -1081.0 -1077.0 -1038.0 -962.0 -881.0 -813.0 
-736.0 -628.0 -500.0 -373.0 -275.0 -205.0 -122.0 
-10.0 118.0 227.0 287.0 316.0 346.0 390.0 
447.0 497.0 520.0 529.0 560.0 592.0 582.0 
554.0 547.0 581.0 616.0 612.0 593.0 607.0 
628.0 625.0 610.0 617.0 649.0 673.0 660.0 
629.0 622.0 647.0 668.0 659.0 647.0 664.0 
695.0 713.0 710.0 708.0 712.0 701.0 660.0 
614.0 554.0 493.0 440.0 372.0 299.0 227.0 
153.0 91.0 36.0 -20.0 -66.0 -112.0 -148.0 
-181.0 -247.0 -340.0 -404.0 -433.0 -457.0 -493.0 
-554.0 -623.0 -667.0 -711.0 -786.0 -845.0 -870.0 
-893.0 -930.0 -965.0 -990.0 -1013.0 -1035.0 -1065.0 
-1080.0 -1064.0 -1051.0 -1055.0 -1058.0 -1051.0 -1029.0 
-994.0 -949.0 -910.0 -862.0 -795.0 -714.0 -630.0 
-547.0 -448.0 -330.0 -196.0 -71.0 40.0 134.0 
213.0 293.0 388.0 470.0 516.0 557.0 617.0 
684.0 729.0 750.0 770.0 806.0 835.0 831.0 
807.0 794.0 787.0 774.0 757.0 732.0 711.0 
698.0 702.0 708.0 699.0 693.0 722.0 762.0 
769.0 751.0 742.0 729.0 695.0 673.0 653.0 
580.0 479.0 396.0 294.0 162.0 24.0 -114.0 
-231.0 -333.0 -450.0 -572.0 -665.0 -722.0 -768.0 
-814.0 -827.0 -814.0 -775.0 -707.0 -638.0 -562.0 
-456.0 -323.0 -174.0 -16.0 133.0 268.0 416.0 
591.0 729.0 798.0 839.0 898.0 963.0 1000.0 
1003.0 976.0 916.0 844.0 797.0 724.0 605.0 
504.0 436.0 329.0 198.0 94.0 9.0 -54.0 
-108.0 -175.0 -252.0 -321.0 -360.0 -375.0 -398.0 
-431.0 -459.0 -472.0 -471.0 -460.0 -444.0 -432.0 
-427.0 -398.0 -327.0 -236.0 -144.0 -68.0 28.0 
161.0 288.0 385.0 478.0 561.0 636.0 717.0 
765.0 792.0 818.0 833.0 834.0 822.0 804.0 
781.0 739.0 689.0 646.0 595.0 531.0 471.0 
414.0 360.0 319.0 270.0 229.0 212.0 206.0 
190.0 175.0 188.0 215.0 235.0 245.0 252.0 
265.0 289.0 315.0 343.0 358.0 369.0 393.0 
418.0 440.0 436.0 428.0 452.0 467.0 468.0 
489.0 509.0 517.0 510.0 505.0 513.0 526.0 
539.0 535.0 516.0 523.0 538.0 537.0 541.0 
541.0 534.0 530.0 535.0 518.0 479.0 439.0 
413.0 398.0 362.0 301.0 239.0 202.0 168.0 
143.0 123.0 99.0 76.0 74.0 93.0 106.0 
105.0 120.0 160.0 199.0 240.0 282.0 316.0 
345.0 383.0 408.0 420.0 439.0 464.0 466.0 
445.0 443.0 437.0 433.0 458.0 471.0 443.0 
428.0 437.0 457.0 491.0 525.0 551.0 573.0 
610.0 660.0 711.0 745.0 780.0 841.0 894.0 
903.0 899.0 900.0 892.0 874.0 841.0 790.0 
731.0 682.0 634.0 579.0 502.0 384.0 262.0 
210.0 167.0 78.0 -10.0 -62.0 -95.0 -146.0 
-197.0 -229.0 -228.0 -217.0 -209.0 -196.0 -146.0 
-66.0 -24.0 -2.0 40.0 111.0 194.0 265.0 
322.0 386.0 442.0 485.0 527.0 597.0 674.0 
688.0 631.0 591.0 628.0 666.0 630.0 548.0 
467.0 399.0 345.0 296.0 228.0 120.0 15.0 
-50.0 -111.0 -183.0 -261.0 -374.0 -499.0 -549.0 
-541.0 -573.0 -634.0 -647.0 -649.0 -679.0 -668.0 
-606.0 -553.0 -516.0 -471.0 -417.0 -335.0 -214.0 
-99.0 -13.0 87.0 204.0 311.0 403.0 478.0 
546.0 625.0 713.0 790.0 838.0 856.0 855.0 
865.0 894.0 894.0 860.0 830.0 808.0 781.0 
746.0 691.0 627.0 591.0 552.0 499.0 436.0 
358.0 280.0 242.0 223.0 180.0 126.0 108.0 
140.0 164.0 159.0 138.0 135.0 162.0 181.0 
168.0 170.0 206.0 240.0 257.0 268.0 276.0 
273.0 269.0 258.0 213.0 134.0 59.0 8.0 
-57.0 -186.0 -334.0 -449.0 -557.0 -657.0 -730.0 
-790.0 -860.0 -917.0 -937.0 -958.0 -1001.0 -1012.0 
-964.0 -900.0 -852.0 -817.0 -762.0 -695.0 -633.0 
-568.0 -502.0 -450.0 -412.0 -375.0 -337.0 -313.0 
-301.0 -281.0 -246.0 -197.0 -156.0 -134.0 -117.0 
-73.0 -3.0 57.0 102.0 144.0 184.0 246.0 
324.0 364.0 377.0 411.0 456.0 468.0 478.0 
501.0 512.0 514.0 538.0 573.0 597.0 617.0 
640.0 655.0 668.0 687.0 704.0 710.0 691.0 
667.0 644.0 589.0 534.0 501.0 444.0 353.0 
273.0 203.0 138.0 64.0 -32.0 -131.0 -204.0 
-269.0 -344.0 -419.0 -475.0 -519.0 -558.0 -567.0 
-570.0 -580.0 -573.0 -553.0 -536.0 -530.0 -543.0 
-566.0 -576.0 -569.0 -577.0 -616.0 -656.0 -681.0 
-702.0 -717.0 -746.0 -784.0 -796.0 -794.0 -798.0 
-808.0 -795.0 -771.0 -762.0 -754.0 -737.0 -725.0 
-698.0 -649.0 -606.0 -574.0 -557.0 -531.0 -486.0 
-424.0 -368.0 -338.0 -300.0 -219.0 -113.0 -22.0 
70.0 165.0 276.0 400.0 513.0 613.0 721.0 
826.0 914.0 991.0 1065.0 1147.0 1233.0 1293.0 
1297.0 1292.0 1296.0 1292.0 1285.0 1260.0 1197.0 
1117.0 1060.0 1016.0 951.0 868.0 782.0 683.0 
594.0 517.0 426.0 324.0 235.0 174.0 121.0 
56.0 -13.0 -94.0 -160.0 -192.0 -233.0 -294.0 
-346.0 -395.0 -433.0 -470.0 -528.0 -583.0 -597.0 
-573.0 -561.0 -586.0 -586.0 -553.0 -518.0 -491.0 
-449.0 -404.0 -374.0 -345.0 -313.0 -285.0 -256.0 
-226.0 -182.0 -101.0 10.0 72.0 89.0 148.0 
234.0 272.0 299.0 321.0 327.0 326.0 320.0 
291.0 254.0 223.0 171.0 99.0 48.0 10.0 
-36.0 -78.0 -99.0 -104.0 -84.0 -38.0 -6.0 
0.0 22.0 56.0 94.0 183.0 269.0 286.0 
281.0 319.0 368.0 392.0 412.0 406.0 376.0 
389.0 434.0 444.0 436.0 447.0 465.0 486.0 
508.0 517.0 530.0 539.0 518.0 504.0 489.0 
465.0 461.0 464.0 439.0 410.0 373.0 312.0 
259.0 220.0 165.0 81.0 -25.0 -113.0 -181.0 
-277.0 -385.0 -457.0 -496.0 -538.0 -584.0 -606.0 
-607.0 -602.0 -577.0 -528.0 -491.0 -465.0 -430.0 
-380.0 -326.0 -287.0 -238.0 -163.0 -95.0 -33.0 
52.0 160.0 246.0 328.0 439.0 542.0 607.0 
673.0 776.0 876.0 931.0 952.0 983.0 1034.0 
1066.0 1069.0 1067.0 1066.0 1059.0 1030.0 978.0 
916.0 872.0 847.0 821.0 756.0 672.0 619.0 
580.0 514.0 436.0 382.0 357.0 334.0 291.0 
248.0 218.0 195.0 204.0 228.0 231.0 213.0 
184.0 173.0 209.0 229.0 185.0 119.0 82.0 
57.0 18.0 -71.0 -183.0 -265.0 -309.0 -330.0 
-379.0 -460.0 -495.0 -497.0 -506.0 -494.0 -467.0 
-435.0 -363.0 -276.0 -195.0 -91.0 45.0 201.0 
341.0 454.0 573.0 697.0 795.0 896.0 996.0 
1041.0 1066.0 1119.0 1162.0 1180.0 1170.0 1142.0 
1121.0 1117.0 1125.0 1110.0 1053.0 994.0 947.0 
860.0 746.0 653.0 564.0 445.0 318.0 199.0 
83.0 -35.0 -160.0 -268.0 -344.0 -405.0 -480.0 
-555.0 -616.0 -635.0 -654.0 -695.0 -720.0 -716.0 
-698.0 -660.0 -646.0 -650.0 -615.0 -541.0 -454.0 
-379.0 -316.0 -209.0 -75.0 26.0 137.0 285.0 
460.0 641.0 780.0 907.0 1066.0 1211.0 1329.0 
1446.0 1544.0 1611.0 1662.0 1714.0 1753.0 1752.0 
1732.0 1711.0 1680.0 1643.0 1579.0 1495.0 1423.0 
1372.0 1308.0 1214.0 1104.0 1004.0 918.0 821.0 
688.0 533.0 395.0 284.0 167.0 27.0 -94.0 
-185.0 -278.0 -367.0 -433.0 -489.0 -535.0 -561.0 
-584.0 -615.0 -638.0 -623.0 -604.0 -591.0 -558.0 
-533.0 -518.0 -463.0 -387.0 -331.0 -281.0 -218.0 
-157.0 -101.0 -25.0 42.0 71.0 102.0 162.0 
218.0 272.0 326.0 363.0 397.0 451.0 510.0 
559.0 603.0 659.0 706.0 729.0 764.0 805.0 
832.0 879.0 928.0 953.0 970.0 985.0 1020.0 
1091.0 1107.0 1075.0 1089.0 1133.0 1166.0 1163.0 
1136.0 1154.0 1179.0 1175.0 1168.0 1166.0 1145.0 
1115.0 1090.0 1070.0 1028.0 975.0 940.0 899.0 
821.0 733.0 665.0 601.0 497.0 379.0 266.0 
141.0 13.0 -101.0 -208.0 -296.0 -379.0 -465.0 
-532.0 -572.0 -615.0 -666.0 -690.0 -677.0 -632.0 
-569.0 -509.0 -434.0 -375.0 -291.0 -173.0 -63.0 
35.0 137.0 232.0 309.0 391.0 479.0 520.0 
551.0 626.0 658.0 631.0 621.0 651.0 689.0 
672.0 591.0 526.0 496.0 457.0 404.0 338.0 
265.0 210.0 162.0 84.0 0.0 -64.0 -123.0 
-163.0 -199.0 -242.0 -255.0 -238.0 -238.0 -249.0 
-214.0 -141.0 -86.0 -45.0 0.0 47.0 110.0 
192.0 269.0 332.0 394.0 453.0 490.0 545.0 
617.0 666.0 688.0 702.0 722.0 749.0 777.0 
803.0 818.0 866.0 920.0 916.0 919.0 968.0 
1011.0 1002.0 966.0 961.0 949.0 889.0 817.0 
742.0 641.0 560.0 501.0 415.0 307.0 210.0 
146.0 67.0 -31.0 -90.0 -126.0 -175.0 -219.0 
-238.0 -231.0 -238.0 -254.0 -237.0 -213.0 -208.0 
-197.0 -149.0 -105.0 -67.0 -34.0 -3.0 20.0 
29.0 45.0 58.0 35.0 3.0 8.0 37.0 
63.0 57.0 73.0 137.0 203.0 275.0 341.0 
374.0 435.0 535.0 615.0 680.0 743.0 783.0 
832.0 914.0 953.0 912.0 889.0 905.0 900.0 
850.0 762.0 678.0 596.0 501.0 382.0 245.0 
130.0 47.0 -65.0 -216.0 -352.0 -430.0 -471.0 
-543.0 -600.0 -611.0 -628.0 -661.0 -680.0 -660.0 
-608.0 -588.0 -594.0 -545.0 -492.0 -451.0 -395.0 
-343.0 -281.0 -193.0 -109.0 -34.0 50.0 145.0 
246.0 350.0 438.0 506.0 559.0 621.0 716.0 
774.0 802.0 860.0 914.0 960.0 1021.0 1062.0 
1078.0 1118.0 1162.0 1194.0 1216.0 1197.0 1157.0 
1165.0 1174.0 1100.0 1027.0 1017.0 1014.0 990.0 
955.0 898.0 840.0 848.0 887.0 868.0 832.0 
817.0 808.0 821.0 845.0 846.0 842.0 843.0 
831.0 801.0 764.0 703.0 616.0 533.0 453.0 
348.0 193.0 4.0 -164.0 -315.0 -508.0 -738.0 
-955.0 -1142.0 -1320.0 -1521.0 -1760.0 -1955.0 -2064.0 
-2166.0 -2298.0 -2402.0 -2448.0 -2445.0 -2407.0 -2361.0 
-2286.0 -2173.0 -2033.0 -1860.0 -1676.0 -1503.0 -1321.0 
-1122.0 -898.0 -663.0 -478.0 -321.0 -120.0 101.0 
287.0 450.0 608.0 765.0 920.0 1080.0 1220.0 
1334.0 1468.0 1626.0 1770.0 1885.0 1979.0 2091.0 
2215.0 2313.0 2407.0 2520.0 2593.0 2630.0 2691.0 
2772.0 2816.0 2846.0 2848.0 2791.0 2752.0 2721.0 
2618.0 2488.0 2364.0 2202.0 2024.0 1862.0 1675.0 
1441.0 1200.0 973.0 763.0 544.0 289.0 20.0 
-218.0 -445.0 -668.0 -852.0 -1028.0 -1205.0 -1396.0 
-1582.0 -1694.0 -1756.0 -1837.0 -1924.0 -1994.0 -2031.0 
-2004.0 -2004.0 -2038.0 -2008.0 -1931.0 -1849.0 -1756.0 
-1647.0 -1512.0 -1375.0 -1247.0 -1099.0 -950.0 -840.0 
-734.0 -607.0 -482.0 -374.0 -284.0 -218.0 -178.0 
-137.0 -79.0 -45.0 -32.0 9.0 76.0 122.0 
156.0 175.0 190.0 240.0 307.0 362.0 440.0 
523.0 574.0 598.0 631.0 699.0 759.0 797.0 
859.0 949.0 1001.0 1005.0 1020.0 1077.0 1141.0 
1151.0 1109.0 1097.0 1115.0 1109.0 1061.0 981.0 
905.0 872.0 847.0 783.0 710.0 676.0 636.0 
565.0 499.0 444.0 395.0 371.0 342.0 298.0 
251.0 203.0 198.0 237.0 264.0 259.0 283.0 
354.0 418.0 442.0 466.0 538.0 635.0 687.0 
698.0 744.0 828.0 896.0 897.0 833.0 763.0 
726.0 693.0 625.0 529.0 409.0 260.0 118.0 
-1.0 -126.0 -269.0 -412.0 -574.0 -737.0 -844.0 
-960.0 -1149.0 -1339.0 -1478.0 -1578.0 -1660.0 -1749.0 
-1849.0 -1914.0 -1954.0 -2004.0 -2030.0 -2009.0 -1955.0 
-1900.0 -1890.0 -1860.0 -1750.0 -1638.0 -1579.0 -1480.0 
-1314.0 -1136.0 -955.0 -777.0 -590.0 -385.0 -198.0 
-14.0 197.0 443.0 632.0 755.0 907.0 1073.0 
1200.0 1302.0 1411.0 1515.0 1603.0 1672.0 1715.0 
1734.0 1753.0 1770.0 1772.0 1737.0 1675.0 1600.0 
1522.0 1414.0 1286.0 1165.0 1061.0 944.0 767.0 
576.0 453.0 371.0 254.0 103.0 -41.0 -176.0 
-302.0 -366.0 -397.0 -494.0 -643.0 -768.0 -822.0 
-822.0 -837.0 -910.0 -992.0 -1008.0 -961.0 -890.0 
-831.0 -816.0 -819.0 -774.0 -687.0 -590.0 -510.0 
-445.0 -342.0 -253.0 -204.0 -118.0 -14.0 43.0 
93.0 176.0 236.0 251.0 262.0 273.0 255.0 
216.0 157.0 104.0 85.0 43.0 -64.0 -163.0 
-203.0 -231.0 -267.0 -313.0 -376.0 -425.0 -415.0 
-390.0 -390.0 -370.0 -314.0 -235.0 -178.0 -98.0 
25.0 142.0 228.0 285.0 316.0 332.0 353.0 
346.0 288.0 206.0 124.0 38.0 -34.0 -101.0 
-197.0 -310.0 -409.0 -483.0 -522.0 -555.0 -600.0 
-637.0 -659.0 -643.0 -604.0 -585.0 -570.0 -547.0 
-516.0 -479.0 -422.0 -334.0 -256.0 -192.0 -111.0 
-25.0 33.0 82.0 152.0 231.0 304.0 366.0 
413.0 457.0 496.0 524.0 532.0 536.0 557.0 
593.0 606.0 575.0 567.0 618.0 641.0 591.0 
549.0 533.0 485.0 443.0 449.0 423.0 363.0 
342.0 344.0 335.0 332.0 333.0 313.0 294.0 
290.0 296.0 284.0 250.0 218.0 196.0 172.0 
132.0 74.0 13.0 -19.0 -41.0 -97.0 -179.0 
-237.0 -275.0 -347.0 -438.0 -511.0 -577.0 -636.0 
-684.0 -746.0 -822.0 -879.0 -908.0 -935.0 -961.0 
-945.0 -926.0 -935.0 -934.0 -927.0 -928.0 -912.0 
-884.0 -864.0 -837.0 -804.0 -785.0 -764.0 -726.0 
-702.0 -695.0 -673.0 -629.0 -559.0 -471.0 -402.0 
-343.0 -255.0 -154.0 -67.0 10.0 101.0 203.0 
291.0 377.0 475.0 558.0 624.0 696.0 758.0 
791.0 819.0 852.0 879.0 905.0 915.0 880.0 
859.0 872.0 897.0 904.0 880.0 851.0 848.0 
884.0 903.0 889.0 881.0 894.0 914.0 935.0 
952.0 909.0 850.0 839.0 822.0 750.0 657.0 
570.0 484.0 412.0 340.0 236.0 126.0 41.0 
-30.0 -110.0 -192.0 -266.0 -331.0 -382.0 -407.0 
-434.0 -485.0 -531.0 -555.0 -579.0 -595.0 -603.0 
-646.0 -692.0 -719.0 -773.0 -875.0 -976.0 -1041.0 
-1084.0 -1165.0 -1280.0 -1341.0 -1348.0 -1367.0 -1371.0 
-1350.0 -1314.0 -1244.0 -1152.0 -1065.0 -959.0 -812.0 
-636.0 -486.0 -363.0 -196.0 -10.0 149.0 293.0 
420.0 542.0 659.0 762.0 864.0 975.0 1051.0 
1104.0 1168.0 1219.0 1273.0 1336.0 1376.0 1412.0 
1466.0 1487.0 1478.0 1480.0 1486.0 1490.0 1469.0 
1418.0 1384.0 1338.0 1255.0 1180.0 1105.0 1011.0 
910.0 799.0 679.0 566.0 444.0 287.0 130.0 
26.0 -81.0 -238.0 -375.0 -467.0 -572.0 -694.0 
-791.0 -884.0 -979.0 -1024.0 -1056.0 -1149.0 -1235.0 
-1265.0 -1298.0 -1348.0 -1379.0 -1385.0 -1383.0 -1376.0 
-1332.0 -1272.0 -1246.0 -1230.0 -1180.0 -1093.0 -996.0 
-933.0 -884.0 -787.0 -672.0 -584.0 -504.0 -440.0 
-364.0 -231.0 -92.0 -6.0 81.0 203.0 353.0 
511.0 606.0 655.0 759.0 935.0 1115.0 1212.0 
1213.0 1211.0 1263.0 1290.0 1248.0 1195.0 1160.0 
1112.0 1015.0 911.0 809.0 700.0 644.0 615.0 
529.0 417.0 368.0 371.0 357.0 329.0 336.0 
370.0 415.0 482.0 521.0 499.0 503.0 555.0 
578.0 561.0 545.0 524.0 477.0 398.0 335.0 
282.0 223.0 155.0 82.0 3.0 -81.0 -138.0 
-201.0 -277.0 -321.0 -326.0 -353.0 -417.0 -472.0 
-454.0 -444.0 -470.0 -485.0 -493.0 -504.0 -518.0 
-536.0 -568.0 -597.0 -608.0 -626.0 -677.0 -740.0 
-757.0 -754.0 -805.0 -879.0 -916.0 -927.0 -955.0 
-1025.0 -1113.0 -1189.0 -1241.0 -1270.0 -1297.0 -1337.0 
-1368.0 -1374.0 -1336.0 -1261.0 -1191.0 -1135.0 -1043.0 
-913.0 -792.0 -692.0 -582.0 -440.0 -291.0 -169.0 
-52.0 55.0 130.0 219.0 332.0 428.0 505.0 
549.0 572.0 609.0 659.0 674.0 674.0 703.0 
720.0 706.0 696.0 704.0 673.0 614.0 590.0 
599.0 581.0 519.0 466.0 469.0 494.0 474.0 
420.0 416.0 453.0 440.0 397.0 363.0 343.0 
346.0 340.0 304.0 262.0 239.0 239.0 244.0 
227.0 194.0 161.0 138.0 127.0 86.0 6.0 
-51.0 -98.0 -169.0 -263.0 -345.0 -400.0 -481.0 
-607.0 -694.0 -752.0 -848.0 -958.0 -1053.0 -1142.0 
-1248.0 -1360.0 -1427.0 -1470.0 -1542.0 -1621.0 -1649.0 
-1646.0 -1647.0 -1658.0 -1666.0 -1668.0 -1651.0 -1606.0 
-1543.0 -1470.0 -1391.0 -1270.0 -1112.0 -985.0 -860.0 
-675.0 -488.0 -341.0 -203.0 -68.0 47.0 158.0 
255.0 312.0 334.0 372.0 405.0 356.0 277.0 
255.0 226.0 167.0 141.0 149.0 148.0 128.0 
107.0 114.0 149.0 159.0 153.0 190.0 240.0 
271.0 288.0 297.0 318.0 336.0 331.0 344.0 
366.0 362.0 359.0 388.0 422.0 435.0 423.0 
435.0 481.0 489.0 455.0 442.0 438.0 419.0 
389.0 336.0 270.0 234.0 194.0 153.0 123.0 
71.0 6.0 -36.0 -82.0 -123.0 -150.0 -181.0 
-192.0 -157.0 -166.0 -271.0 -365.0 -389.0 -421.0 
-531.0 -677.0 -776.0 -848.0 -954.0 -1084.0 -1208.0 
-1320.0 -1425.0 -1508.0 -1574.0 -1627.0 -1676.0 -1730.0 
-1750.0 -1717.0 -1648.0 -1594.0 -1562.0 -1497.0 -1385.0 
-1282.0 -1173.0 -1024.0 -859.0 -728.0 -613.0 -483.0 
-328.0 -162.0 -23.0 84.0 210.0 349.0 463.0 
534.0 609.0 705.0 772.0 790.0 814.0 892.0 
947.0 927.0 891.0 890.0 893.0 863.0 801.0 
719.0 648.0 611.0 557.0 436.0 338.0 271.0 
170.0 81.0 42.0 -17.0 -153.0 -263.0 -297.0 
-320.0 -382.0 -453.0 -514.0 -563.0 -593.0 -615.0 
-659.0 -695.0 -685.0 -667.0 -681.0 -702.0 -663.0 
-604.0 -590.0 -583.0 -537.0 -467.0 -400.0 -331.0 
-258.0 -177.0 -88.0 -5.0 64.0 126.0 176.0 
225.0 283.0 335.0 374.0 404.0 448.0 461.0 
435.0 445.0 473.0 453.0 421.0 419.0 398.0 
349.0 311.0 288.0 253.0 196.0 111.0 21.0 
-35.0 -79.0 -148.0 -246.0 -375.0 -501.0 -612.0 
-721.0 -833.0 -957.0 -1087.0 -1231.0 -1401.0 -1529.0 
-1590.0 -1656.0 -1772.0 -1867.0 -1909.0 -1914.0 -1910.0 
-1915.0 -1898.0 -1812.0 -1683.0 -1545.0 -1377.0 -1212.0 
-1071.0 -909.0 -732.0 -563.0 -372.0 -176.0 -35.0 
77.0 214.0 368.0 500.0 606.0 694.0 775.0 
857.0 920.0 949.0 962.0 970.0 990.0 1049.0 
1088.0 1047.0 992.0 1009.0 1046.0 1040.0 1020.0 
1022.0 1026.0 1030.0 1072.0 1123.0 1123.0 1105.0 
1119.0 1145.0 1135.0 1096.0 1058.0 1028.0 1004.0 
951.0 835.0 697.0 600.0 529.0 424.0 314.0 
241.0 178.0 97.0 27.0 -12.0 -56.0 -105.0 
-148.0 -185.0 -208.0 -225.0 -261.0 -294.0 -312.0 
-332.0 -373.0 -436.0 -476.0 -500.0 -535.0 -582.0 
-606.0 -617.0 -671.0 -763.0 -839.0 -910.0 -977.0 
-1047.0 -1145.0 -1232.0 -1291.0 -1363.0 -1472.0 -1606.0 
-1716.0 -1763.0 -1787.0 -1817.0 -1841.0 -1831.0 -1815.0 
-1811.0 -1792.0 -1754.0 -1700.0 -1638.0 -1549.0 -1428.0 
-1296.0 -1166.0 -1045.0 -897.0 -734.0 -603.0 -467.0 
-324.0 -210.0 -93.0 29.0 125.0 194.0 266.0 
344.0 407.0 466.0 549.0 655.0 737.0 790.0 
850.0 906.0 984.0 1092.0 1167.0 1203.0 1260.0 
1314.0 1327.0 1329.0 1363.0 1382.0 1364.0 1351.0 
1339.0 1290.0 1193.0 1105.0 1074.0 1026.0 906.0 
784.0 714.0 667.0 571.0 423.0 298.0 207.0 
144.0 60.0 -73.0 -179.0 -248.0 -351.0 -476.0 
-563.0 -634.0 -721.0 -804.0 -870.0 -926.0 -984.0 
-1051.0 -1103.0 -1137.0 -1131.0 -1077.0 -1041.0 -1068.0 
-1089.0 -1029.0 -938.0 -887.0 -859.0 -827.0 -804.0 
-778.0 -713.0 -653.0 -641.0 -608.0 -566.0 -555.0 
-545.0 -516.0 -479.0 -475.0 -504.0 -543.0 -556.0 
-551.0 -569.0 -642.0 -743.0 -806.0 -818.0 -855.0 
-954.0 -1057.0 -1100.0 -1133.0 -1177.0 -1211.0 -1225.0 
-1224.0 -1211.0 -1183.0 -1141.0 -1065.0 -961.0 -842.0 
-734.0 -634.0 -513.0 -362.0 -175.0 5.0 161.0 
317.0 485.0 631.0 768.0 919.0 1040.0 1124.0 
1188.0 1265.0 1361.0 1418.0 1423.0 1420.0 1436.0 
1445.0 1424.0 1383.0 1323.0 1266.0 1224.0 1152.0 
1032.0 914.0 839.0 785.0 715.0 610.0 509.0 
441.0 379.0 292.0 187.0 94.0 25.0 -54.0 
-170.0 -297.0 -417.0 -509.0 -595.0 -710.0 -831.0 
-917.0 -981.0 -1060.0 -1138.0 -1198.0 -1250.0 -1279.0 
-1288.0 -1295.0 -1321.0 -1346.0 -1352.0 -1336.0 -1306.0 
-1276.0 -1260.0 -1252.0 -1241.0 -1226.0 -1204.0 -1178.0 
-1136.0 -1072.0 -1033.0 -1016.0 -981.0 -935.0 -923.0 
-931.0 -909.0 -857.0 -822.0 -812.0 -815.0 -819.0 
-803.0 -765.0 -717.0 -692.0 -693.0 -686.0 -651.0 
-622.0 -599.0 -542.0 -463.0 -407.0 -384.0 -369.0 
-325.0 -267.0 -231.0 -222.0 -232.0 -236.0 -217.0 
-199.0 -192.0 -191.0 -176.0 -144.0 -115.0 -101.0 
-94.0 -77.0 -43.0 -8.0 18.0 14.0 7.0 
23.0 27.0 13.0 -1.0 -3.0 17.0 41.0 
40.0 24.0 40.0 74.0 100.0 105.0 114.0 
143.0 143.0 119.0 122.0 139.0 123.0 85.0 
67.0 57.0 39.0 13.0 -8.0 -22.0 -26.0 
-36.0 -52.0 -55.0 -41.0 -20.0 -16.0 -33.0 
-30.0 -13.0 -6.0 -15.0 -43.0 -70.0 -89.0 
-132.0 -214.0 -299.0 -350.0 -367.0 -422.0 -513.0 
-569.0 -602.0 -629.0 -653.0 -698.0 -734.0 -728.0 
-692.0 -665.0 -671.0 -699.0 -693.0 -639.0 -610.0 
-629.0 -647.0 -660.0 -666.0 -673.0 -682.0 -707.0 
-736.0 -734.0 -715.0 -730.0 -750.0 -744.0 -719.0 
-669.0 -613.0 -587.0 -559.0 -470.0 -360.0 -295.0 
-265.0 -214.0 -134.0 -74.0 -21.0 10.0 -15.0 
-44.0 -35.0 -42.0 -68.0 -88.0 -108.0 -130.0 
-154.0 -170.0 -196.0 -256.0 -310.0 -323.0 -330.0 
-363.0 -426.0 -460.0 -445.0 -429.0 -426.0 -413.0 
-382.0 -338.0 -308.0 -284.0 -225.0 -150.0 -90.0 
-57.0 -39.0 4.0 50.0 60.0 58.0 57.0 
42.0 -2.0 -64.0 -127.0 -179.0 -237.0 -338.0 
-433.0 -506.0 -582.0 -659.0 -743.0 -826.0 -900.0 
-940.0 -946.0 -965.0 -969.0 -949.0 -942.0 -945.0 
-912.0 -834.0 -755.0 -704.0 -669.0 -643.0 -599.0 
-528.0 -457.0 -392.0 -309.0 -228.0 -145.0 -75.0 
-10.0 76.0 153.0 202.0 260.0 324.0 336.0 
309.0 295.0 282.0 268.0 233.0 165.0 92.0 
24.0 -28.0 -95.0 -181.0 -243.0 -270.0 -311.0 
-389.0 -446.0 -467.0 -477.0 -488.0 -512.0 -550.0 
-576.0 -556.0 -532.0 -533.0 -542.0 -558.0 -550.0 
-534.0 -525.0 -528.0 -541.0 -514.0 -466.0 -453.0 
-443.0 -412.0 -372.0 -322.0 -269.0 -239.0 -229.0 
-199.0 -185.0 -202.0 -209.0 -206.0 -206.0 -207.0 
-207.0 -201.0 -202.0 -204.0 -190.0 -154.0 -124.0 
-116.0 -78.0 11.0 68.0 52.0 58.0 91.0 
126.0 184.0 213.0 206.0 201.0 219.0 230.0 
194.0 119.0 62.0 58.0 77.0 55.0 -37.0 
-150.0 -223.0 -282.0 -381.0 -515.0 -616.0 -659.0 
-752.0 -907.0 -1039.0 -1112.0 -1155.0 -1202.0 -1279.0 
-1363.0 -1385.0 -1350.0 -1326.0 -1324.0 -1310.0 -1263.0 
-1197.0 -1131.0 -1061.0 -983.0 -910.0 -848.0 -786.0 
-705.0 -606.0 -521.0 -440.0 -334.0 -226.0 -135.0 
-56.0 43.0 184.0 309.0 392.0 493.0 621.0 
754.0 850.0 919.0 1004.0 1100.0 1182.0 1226.0 
1235.0 1254.0 1266.0 1231.0 1156.0 1096.0 1050.0 
954.0 826.0 736.0 637.0 519.0 419.0 311.0 
184.0 84.0 -12.0 -138.0 -279.0 -385.0 -454.0 
-538.0 -630.0 -673.0 -694.0 -720.0 -724.0 -703.0 
-682.0 -652.0 -613.0 -577.0 -517.0 -433.0 -355.0 
-298.0 -256.0 -226.0 -195.0 -132.0 -83.0 -66.0 
-37.0 -22.0 -64.0 -101.0 -100.0 -110.0 -163.0 
-224.0 -275.0 -323.0 -366.0 -419.0 -481.0 -514.0 
-531.0 -590.0 -672.0 -714.0 -727.0 -748.0 -785.0 
-828.0 -846.0 -836.0 -826.0 -837.0 -842.0 -822.0 
-770.0 -694.0 -599.0 -506.0 -457.0 -435.0 -384.0 
-300.0 -202.0 -122.0 -58.0 2.0 85.0 175.0 
225.0 250.0 304.0 382.0 447.0 475.0 468.0 
467.0 507.0 539.0 531.0 522.0 527.0 528.0 
564.0 628.0 633.0 592.0 592.0 664.0 750.0 
786.0 790.0 813.0 879.0 956.0 1010.0 1024.0 
1038.0 1055.0 1069.0 1070.0 1049.0 998.0 952.0 
919.0 832.0 710.0 630.0 566.0 471.0 327.0 
161.0 29.0 -37.0 -101.0 -188.0 -271.0 -340.0 
-388.0 -419.0 -447.0 -463.0 -472.0 -477.0 -457.0 
-411.0 -384.0 -393.0 -388.0 -353.0 -330.0 -305.0 
-264.0 -223.0 -180.0 -115.0 -44.0 -4.0 0.0 
22.0 90.0 161.0 226.0 315.0 386.0 416.0 
444.0 501.0 552.0 588.0 632.0 679.0 696.0 
695.0 684.0 664.0 647.0 607.0 548.0 516.0 
493.0 449.0 381.0 327.0 282.0 233.0 188.0 
126.0 57.0 20.0 -7.0 -82.0 -152.0 -151.0 
-126.0 -141.0 -203.0 -280.0 -295.0 -266.0 -263.0 
-281.0 -290.0 -267.0 -204.0 -125.0 -63.0 -6.0 
57.0 142.0 244.0 329.0 393.0 445.0 485.0 
511.0 528.0 521.0 495.0 476.0 453.0 411.0 
380.0 345.0 307.0 272.0 222.0 168.0 134.0 
112.0 91.0 105.0 140.0 119.0 95.0 120.0 
145.0 144.0 159.0 182.0 184.0 186.0 197.0 
203.0 189.0 160.0 149.0 150.0 147.0 117.0 
67.0 14.0 -12.0 -26.0 -80.0 -155.0 -186.0 
-211.0 -281.0 -361.0 -405.0 -434.0 -464.0 -478.0 
-505.0 -541.0 -533.0 -493.0 -456.0 -424.0 -398.0 
-365.0 -329.0 -287.0 -249.0 -212.0 -189.0 -191.0 
-202.0 -209.0 -206.0 -205.0 -230.0 -262.0 -281.0 
-313.0 -351.0 -381.0 -401.0 -393.0 -398.0 -447.0 
-491.0 -487.0 -467.0 -486.0 -522.0 -516.0 -502.0 
-506.0 -488.0 -453.0 -434.0 -415.0 -400.0 -395.0 
-366.0 -304.0 -255.0 -214.0 -136.0 -38.0 35.0 
118.0 223.0 311.0 369.0 416.0 471.0 538.0 
564.0 535.0 508.0 484.0 448.0 407.0 341.0 
244.0 158.0 79.0 -31.0 -140.0 -207.0 -277.0 
-375.0 -447.0 -499.0 -571.0 -621.0 -627.0 -632.0 
-634.0 -616.0 -573.0 -517.0 -486.0 -488.0 -470.0 
-422.0 -405.0 -421.0 -460.0 -514.0 -558.0 -589.0 
-628.0 -692.0 -774.0 -862.0 -940.0 -1017.0 -1104.0 
-1181.0 -1267.0 -1378.0 -1453.0 -1481.0 -1523.0 -1603.0 
-1673.0 -1705.0 -1721.0 -1735.0 -1738.0 -1696.0 -1631.0 
-1617.0 -1628.0 -1578.0 -1472.0 -1403.0 -1390.0 -1349.0 
-1276.0 -1225.0 -1175.0 -1095.0 -1009.0 -936.0 -882.0 
-840.0 -774.0 -693.0 -649.0 -644.0 -614.0 -573.0 
-580.0 -578.0 -537.0 -499.0 -479.0 -456.0 -460.0 
-491.0 -514.0 -491.0 -473.0 -505.0 -525.0 -499.0 
-452.0 -427.0 -441.0 -447.0 -434.0 -412.0 -389.0 
-368.0 -363.0 -386.0 -446.0 -462.0 -418.0 -424.0 
-500.0 -564.0 -594.0 -595.0 -595.0 -656.0 -703.0 
-677.0 -662.0 -678.0 -684.0 -656.0 -614.0 -599.0 
-642.0 -709.0 -758.0 -792.0 -848.0 -943.0 -1039.0 
-1092.0 -1177.0 -1300.0 -1351.0 -1338.0 -1356.0 -1351.0 
-1297.0 -1284.0 -1328.0 -1366.0 -1335.0 -1267.0 -1212.0 
-1163.0 -1129.0 -1153.0 -1188.0 -1154.0 -1103.0 -1124.0 
-1170.0 -1187.0 -1212.0 -1273.0 -1327.0 -1374.0 -1412.0 
-1422.0 -1462.0 -1565.0 -1679.0 -1732.0 -1754.0 -1788.0 
-1830.0 -1847.0 -1849.0 -1877.0 -1930.0 -1992.0 -2056.0 
-2082.0 -2087.0 -2138.0 -2221.0 -2293.0 -2376.0 -2427.0 
-2429.0 -2413.0 -2397.0 -2398.0 -2386.0 -2351.0 -2344.0 
-2363.0 -2366.0 -2335.0 -2311.0 -2257.0 -2202.0 -2176.0 
-2128.0 -2074.0 -2024.0 -1952.0 -1873.0 -1811.0 -1793.0 
-1802.0 -1790.0 -1768.0 -1737.0 -1664.0 -1584.0 -1557.0 
-1548.0 -1473.0 -1375.0 -1325.0 -1317.0 -1306.0 -1265.0 
-1221.0 -1195.0 -1148.0 -1082.0 -1028.0 -1002.0 -1006.0 
-1043.0 -1101.0 -1141.0 -1139.0 -1167.0 -1266.0 -1367.0 
-1428.0 -1478.0 -1533.0 -1573.0 -1611.0 -1657.0 -1713.0 
-1734.0 -1698.0 -1681.0 -1686.0 -1683.0 -1664.0 -1671.0 
-1709.0 -1701.0 -1650.0 -1615.0 -1618.0 -1643.0 -1649.0 
-1629.0 -1600.0 -1559.0 -1541.0 -1564.0 -1590.0 -1614.0 
-1664.0 -1726.0 -1766.0 -1777.0 -1829.0 -1946.0 -2077.0 
-2153.0 -2196.0 -2265.0 -2330.0 -2372.0 -2417.0 -2463.0 
-2489.0 -2479.0 -2443.0 -2440.0 -2446.0 -2426.0 -2375.0 
-2321.0 -2289.0 -2294.0 -2314.0 -2274.0 -2240.0 -2291.0 
-2355.0 -2389.0 -2406.0 -2420.0 -2456.0 -2517.0 -2564.0 
-2593.0 -2635.0 -2675.0 -2714.0 -2746.0 -2754.0 -2750.0 
-2742.0 -2740.0 -2714.0 -2626.0 -2536.0 -2473.0 -2382.0 
-2271.0 -2159.0 -2037.0 -1907.0 -1788.0 -1691.0 -1575.0 
-1458.0 -1360.0 -1293.0 -1271.0 -1258.0 -1212.0 -1180.0 
-1176.0 -1183.0 -1207.0 -1216.0 -1209.0 -1236.0 -1267.0 
-1265.0 -1263.0 -1288.0 -1321.0 -1351.0 -1363.0 -1384.0 
-1424.0 -1453.0 -1480.0 -1524.0 -1570.0 -1612.0 -1625.0 
-1648.0 -1717.0 -1788.0 -1820.0 -1851.0 -1907.0 -1971.0 
-2020.0 -2082.0 -2168.0 -2234.0 -2271.0 -2300.0 -2311.0 
-2358.0 -2416.0 -2429.0 -2427.0 -2435.0 -2457.0 -2482.0 
-2499.0 -2484.0 -2442.0 -2452.0 -2482.0 -2454.0 -2382.0 
-2333.0 -2293.0 -2216.0 -2120.0 -2059.0 -2016.0 -1963.0 
-1904.0 -1864.0 -1843.0 -1802.0 -1752.0 -1709.0 -1686.0 
-1700.0 -1712.0 -1687.0 -1632.0 -1588.0 -1563.0 -1530.0 
-1484.0 -1465.0 -1473.0 -1470.0 -1431.0 -1371.0 -1335.0 
-1334.0 -1349.0 -1350.0 -1323.0 -1288.0 -1266.0 -1254.0 
-1254.0 -1255.0 -1252.0 -1241.0 -1220.0 -1217.0 -1218.0 
-1186.0 -1138.0 -1125.0 -1146.0 -1143.0 -1119.0 -1108.0 
-1103.0 -1084.0 -1068.0 -1092.0 -1141.0 -1180.0 -1207.0 
-1232.0 -1270.0 -1327.0 -1413.0 -1503.0 -1556.0 -1605.0 
-1685.0 -1732.0 -1714.0 -1692.0 -1707.0 -1710.0 -1659.0 
-1593.0 -1529.0 -1461.0 -1396.0 -1326.0 -1263.0 -1198.0 
-1139.0 -1091.0 -1034.0 -977.0 -976.0 -1021.0 -1007.0 
-939.0 -925.0 -979.0 -1033.0 -1049.0 -1029.0 -1022.0 
-1036.0 -1028.0 -1006.0 -997.0 -988.0 -972.0 -950.0 
-927.0 -915.0 -893.0 -865.0 -856.0 -855.0 -849.0 
-844.0 -823.0 -799.0 -805.0 -805.0 -763.0 -747.0 
-790.0 -832.0 -828.0 -806.0 -808.0 -820.0 -805.0 
-753.0 -717.0 -757.0 -815.0 -814.0 -751.0 -684.0 
-673.0 -695.0 -696.0 -678.0 -655.0 -628.0 -588.0 
-539.0 -477.0 -430.0 -394.0 -330.0 -262.0 -226.0 
-194.0 -148.0 -135.0 -176.0 -238.0 -292.0 -348.0 
-421.0 -494.0 -569.0 -635.0 -686.0 -758.0 -837.0 
-874.0 -885.0 -867.0 -818.0 -758.0 -683.0 -604.0 
-554.0 -500.0 -382.0 -238.0 -146.0 -48.0 104.0 
235.0 295.0 330.0 371.0 401.0 431.0 486.0 
564.0 624.0 606.0 531.0 463.0 418.0 381.0 
346.0 306.0 274.0 223.0 148.0 83.0 22.0 
-57.0 -115.0 -134.0 -148.0 -192.0 -285.0 -380.0 
-436.0 -475.0 -510.0 -531.0 -544.0 -569.0 -608.0 
-617.0 -570.0 -521.0 -455.0 -346.0 -249.0 -145.0 
1.0 101.0 144.0 223.0 321.0 386.0 458.0 
567.0 643.0 659.0 664.0 701.0 763.0 824.0 
855.0 845.0 856.0 909.0 940.0 938.0 958.0 
994.0 1016.0 1022.0 1036.0 1035.0 1024.0 1035.0 
1043.0 1046.0 1081.0 1122.0 1124.0 1119.0 1127.0 
1126.0 1115.0 1134.0 1154.0 1133.0 1120.0 1133.0 
1135.0 1107.0 1058.0 996.0 914.0 836.0 789.0 
754.0 710.0 662.0 606.0 556.0 525.0 478.0 
421.0 409.0 442.0 475.0 498.0 527.0 558.0 
590.0 648.0 724.0 799.0 859.0 920.0 984.0 
1024.0 1043.0 1048.0 1042.0 1052.0 1070.0 1051.0 
988.0 935.0 911.0 886.0 848.0 817.0 806.0 
808.0 797.0 767.0 757.0 787.0 822.0 845.0 
882.0 934.0 979.0 1037.0 1128.0 1227.0 1300.0 
1373.0 1485.0 1593.0 1677.0 1779.0 1883.0 1983.0 
2101.0 2196.0 2240.0 2275.0 2333.0 2366.0 2371.0 
2365.0 2345.0 2304.0 2249.0 2179.0 2088.0 1970.0 
1850.0 1751.0 1637.0 1506.0 1383.0 1261.0 1141.0 
1029.0 932.0 844.0 758.0 678.0 616.0 548.0 
494.0 468.0 449.0 454.0 505.0 558.0 592.0 
666.0 777.0 872.0 948.0 1039.0 1149.0 1257.0 
1354.0 1438.0 1525.0 1624.0 1731.0 1825.0 1908.0 
1986.0 2063.0 2142.0 2224.0 2282.0 2325.0 2392.0 
2464.0 2488.0 2482.0 2485.0 2498.0 2518.0 2523.0 
2474.0 2397.0 2328.0 2303.0 2304.0 2264.0 2175.0 
2089.0 2031.0 1990.0 1930.0 1819.0 1698.0 1631.0 
1604.0 1558.0 1476.0 1392.0 1323.0 1263.0 1199.0 
1115.0 1019.0 953.0 897.0 833.0 780.0 719.0 
641.0 613.0 632.0 653.0 662.0 675.0 724.0 
811.0 879.0 918.0 952.0 1012.0 1117.0 1215.0 
1265.0 1315.0 1378.0 1436.0 1503.0 1604.0 1673.0 
1691.0 1739.0 1814.0 1827.0 1816.0 1841.0 1876.0 
1906.0 1956.0 1990.0 1985.0 1986.0 2026.0 2072.0 
2104.0 2144.0 2203.0 2237.0 2224.0 2194.0 2196.0 
2223.0 2243.0 2229.0 2198.0 2159.0 2137.0 2137.0 
2098.0 1994.0 1901.0 1863.0 1834.0 1776.0 1713.0 
1623.0 1504.0 1413.0 1338.0 1253.0 1190.0 1125.0 
1038.0 960.0 924.0 903.0 874.0 825.0 790.0 
805.0 839.0 864.0 887.0 902.0 917.0 964.0 
1022.0 1070.0 1140.0 1196.0 1234.0 1279.0 1355.0 
1444.0 1531.0 1605.0 1666.0 1728.0 1814.0 1910.0 
1992.0 2083.0 2184.0 2252.0 2282.0 2332.0 2417.0 
2476.0 2494.0 2497.0 2504.0 2504.0 2490.0 2488.0 
2501.0 2481.0 2418.0 2349.0 2302.0 2257.0 2208.0 
2148.0 2061.0 1982.0 1924.0 1857.0 1786.0 1746.0 
1722.0 1685.0 1635.0 1585.0 1525.0 1452.0 1402.0 
1352.0 1280.0 1187.0 1095.0 1000.0 891.0 771.0 
674.0 594.0 514.0 421.0 350.0 330.0 306.0 
254.0 211.0 192.0 189.0 207.0 241.0 282.0 
325.0 359.0 402.0 495.0 612.0 690.0 748.0 
815.0 912.0 1023.0 1115.0 1183.0 1259.0 1352.0 
1425.0 1484.0 1545.0 1585.0 1610.0 1647.0 1698.0 
1723.0 1732.0 1748.0 1754.0 1768.0 1790.0 1793.0 
1794.0 1841.0 1893.0 1890.0 1859.0 1848.0 1910.0 
2008.0 2047.0 2038.0 2075.0 2174.0 2266.0 2343.0 
2416.0 2445.0 2514.0 2593.0 2600.0 2621.0 2678.0 
2719.0 2747.0 2772.0 2783.0 2772.0 2796.0 2818.0 
2775.0 2711.0 2678.0 2653.0 2612.0 2541.0 2450.0 
2348.0 2243.0 2141.0 2057.0 1961.0 1818.0 1668.0 
1553.0 1468.0 1357.0 1225.0 1129.0 1044.0 959.0 
906.0 846.0 768.0 726.0 727.0 706.0 643.0 
605.0 596.0 577.0 559.0 541.0 511.0 495.0 
532.0 583.0 618.0 639.0 650.0 675.0 750.0 
847.0 899.0 906.0 925.0 975.0 1029.0 1038.0 
1017.0 1021.0 1035.0 1024.0 1002.0 974.0 947.0 
940.0 940.0 930.0 937.0 948.0 949.0 965.0 
981.0 976.0 984.0 1017.0 1074.0 1137.0 1195.0 
1259.0 1329.0 1399.0 1488.0 1592.0 1683.0 1774.0 
1889.0 1992.0 2065.0 2141.0 2215.0 2250.0 2275.0 
2322.0 2381.0 2428.0 2446.0 2430.0 2394.0 2385.0 
2412.0 2439.0 2441.0 2392.0 2338.0 2346.0 2385.0 
2400.0 2394.0 2386.0 2394.0 2427.0 2480.0 2515.0 
2513.0 2510.0 2510.0 2524.0 2549.0 2529.0 2470.0 
2397.0 2342.0 2306.0 2233.0 2152.0 2070.0 1968.0 
1866.0 1760.0 1654.0 1559.0 1465.0 1332.0 1169.0 
1018.0 902.0 806.0 683.0 512.0 333.0 193.0 
87.0 -17.0 -113.0 -217.0 -333.0 -404.0 -436.0 
-468.0 -479.0 -472.0 -461.0 -421.0 -360.0 -302.0 
-226.0 -143.0 -52.0 75.0 202.0 293.0 411.0 
577.0 718.0 800.0 910.0 1094.0 1288.0 1432.0 
1544.0 1669.0 1813.0 1974.0 2158.0 2319.0 2455.0 
2610.0 2735.0 2857.0 3019.0 3177.0 3292.0 3370.0 
3438.0 3508.0 3574.0 3624.0 3655.0 3653.0 3657.0 
3647.0 3596.0 3544.0 3505.0 3429.0 3285.0 3107.0 
2991.0 2908.0 2769.0 2569.0 2364.0 2175.0 2012.0 
1860.0 1673.0 1458.0 1256.0 1048.0 843.0 695.0 
574.0 434.0 329.0 265.0 213.0 190.0 212.0 
252.0 309.0 376.0 442.0 513.0 595.0 702.0 
795.0 841.0 898.0 986.0 1061.0 1101.0 1118.0 
1108.0 1101.0 1122.0 1130.0 1122.0 1114.0 1098.0 
1059.0 1040.0 1049.0 1042.0 1040.0 1024.0 971.0 
943.0 978.0 1013.0 1006.0 948.0 872.0 829.0 
838.0 860.0 842.0 778.0 713.0 693.0 702.0 
714.0 721.0 674.0 621.0 636.0 702.0 782.0 
855.0 909.0 965.0 1038.0 1145.0 1270.0 1402.0 
1542.0 1657.0 1744.0 1854.0 1968.0 2078.0 2168.0 
2224.0 2285.0 2370.0 2464.0 2540.0 2573.0 2576.0 
2591.0 2647.0 2720.0 2792.0 2825.0 2816.0 2821.0 
2849.0 2858.0 2860.0 2857.0 2832.0 2806.0 2786.0 
2718.0 2611.0 2525.0 2448.0 2340.0 2201.0 2046.0 
1881.0 1719.0 1549.0 1351.0 1159.0 1014.0 894.0 
723.0 525.0 349.0 234.0 154.0 64.0 -52.0 
-150.0 -193.0 -214.0 -250.0 -304.0 -363.0 -395.0 
-373.0 -319.0 -297.0 -306.0 -269.0 -199.0 -144.0 
-64.0 35.0 97.0 145.0 240.0 363.0 474.0 
558.0 606.0 650.0 742.0 884.0 1024.0 1075.0 
1067.0 1119.0 1260.0 1420.0 1538.0 1611.0 1698.0 
1795.0 1863.0 1898.0 1934.0 2008.0 2103.0 2134.0 
2113.0 2129.0 2176.0 2188.0 2145.0 2098.0 2113.0 
2157.0 2162.0 2112.0 2043.0 1971.0 1909.0 1864.0 
1837.0 1818.0 1820.0 1807.0 1761.0 1736.0 1757.0 
1768.0 1754.0 1733.0 1697.0 1653.0 1623.0 1598.0 
1528.0 1410.0 1316.0 1266.0 1239.0 1203.0 1131.0 
1042.0 956.0 883.0 842.0 806.0 738.0 643.0 
568.0 513.0 470.0 466.0 460.0 433.0 443.0 
494.0 534.0 551.0 609.0 701.0 760.0 785.0 
847.0 935.0 1008.0 1063.0 1097.0 1122.0 1148.0 
1158.0 1180.0 1230.0 1286.0 1325.0 1335.0 1350.0 
1426.0 1502.0 1515.0 1519.0 1560.0 1584.0 1564.0 
1564.0 1592.0 1586.0 1548.0 1522.0 1533.0 1541.0 
1512.0 1480.0 1505.0 1547.0 1546.0 1515.0 1502.0 
1506.0 1512.0 1497.0 1471.0 1486.0 1520.0 1496.0 
1421.0 1352.0 1294.0 1215.0 1120.0 1024.0 919.0 
802.0 712.0 637.0 523.0 385.0 304.0 258.0 
172.0 63.0 8.0 14.0 15.0 0.0 -28.0 
-69.0 -94.0 -101.0 -115.0 -135.0 -135.0 -135.0 
-149.0 -154.0 -140.0 -158.0 -197.0 -194.0 -147.0 
-103.0 -89.0 -74.0 -26.0 -8.0 -63.0 -105.0 
-54.0 33.0 100.0 113.0 116.0 140.0 186.0 
255.0 319.0 363.0 413.0 484.0 572.0 664.0 
740.0 786.0 824.0 891.0 965.0 1028.0 1099.0 
1151.0 1178.0 1204.0 1242.0 1287.0 1319.0 1320.0 
1290.0 1249.0 1237.0 1260.0 1270.0 1228.0 1155.0 
1079.0 1020.0 992.0 956.0 879.0 780.0 686.0 
573.0 450.0 368.0 292.0 176.0 62.0 -21.0 
-112.0 -223.0 -335.0 -423.0 -498.0 -545.0 -567.0 
-597.0 -634.0 -666.0 -688.0 -714.0 -733.0 -720.0 
-684.0 -655.0 -653.0 -674.0 -680.0 -652.0 -618.0 
-591.0 -562.0 -521.0 -485.0 -449.0 -403.0 -342.0 
-268.0 -199.0 -163.0 -130.0 -74.0 -25.0 -7.0 
14.0 47.0 48.0 22.0 8.0 -5.0 -29.0 
-59.0 -69.0 -55.0 -53.0 -92.0 -135.0 -161.0 
-176.0 -192.0 -231.0 -256.0 -233.0 -205.0 -204.0 
-209.0 -198.0 -152.0 -90.0 -50.0 1.0 82.0 
147.0 200.0 249.0 278.0 311.0 356.0 376.0 
362.0 369.0 400.0 397.0 366.0 372.0 399.0 
394.0 398.0 429.0 433.0 421.0 418.0 410.0 
368.0 318.0 289.0 247.0 163.0 78.0 -3.0 
-97.0 -193.0 -279.0 -370.0 -474.0 -564.0 -621.0 
-697.0 -801.0 -882.0 -915.0 -916.0 -923.0 -944.0 
-961.0 -962.0 -935.0 -901.0 -887.0 -904.0 -909.0 
-867.0 -832.0 -854.0 -878.0 -854.0 -808.0 -776.0 
-729.0 -659.0 -598.0 -558.0 -522.0 -491.0 -446.0 
-381.0 -329.0 -311.0 -298.0 -265.0 -226.0 -208.0 
-176.0 -86.0 27.0 89.0 122.0 196.0 282.0 
321.0 364.0 418.0 431.0 400.0 364.0 334.0 
321.0 318.0 287.0 248.0 240.0 236.0 213.0 
179.0 158.0 139.0 96.0 31.0 -32.0 -112.0 
-192.0 -242.0 -284.0 -354.0 -435.0 -497.0 -558.0 
-597.0 -615.0 -648.0 -661.0 -636.0 -598.0 -546.0 
-466.0 -378.0 -294.0 -186.0 -61.0 55.0 166.0 
253.0 352.0 473.0 582.0 656.0 731.0 802.0 
835.0 817.0 800.0 783.0 742.0 674.0 614.0 
556.0 460.0 335.0 238.0 154.0 42.0 -80.0 
-162.0 -227.0 -317.0 -405.0 -488.0 -592.0 -668.0 
-711.0 -785.0 -889.0 -971.0 -1027.0 -1090.0 -1153.0 
-1192.0 -1202.0 -1197.0 -1193.0 -1199.0 -1200.0 -1192.0 
-1178.0 -1174.0 -1161.0 -1120.0 -1072.0 -1045.0 -1013.0 
-951.0 -872.0 -795.0 -725.0 -658.0 -571.0 -490.0 
-447.0 -385.0 -273.0 -164.0 -111.0 -88.0 -50.0 
11.0 51.0 71.0 83.0 96.0 135.0 169.0 
165.0 153.0 143.0 143.0 150.0 133.0 99.0 
84.0 73.0 68.0 69.0 70.0 79.0 101.0 
114.0 122.0 135.0 144.0 158.0 191.0 215.0 
198.0 133.0 67.0 -2.0 -75.0 -129.0 -183.0 
-251.0 -314.0 -381.0 -451.0 -508.0 -565.0 -653.0 
-745.0 -800.0 -848.0 -915.0 -973.0 -975.0 -953.0 
-968.0 -1004.0 -1035.0 -1077.0 -1120.0 -1141.0 -1191.0 
-1237.0 -1243.0 -1251.0 -1291.0 -1305.0 -1316.0 -1342.0 
-1341.0 -1338.0 -1348.0 -1374.0 -1436.0 -1458.0 -1444.0 
-1463.0 -1497.0 -1498.0 -1494.0 -1515.0 -1548.0 -1591.0 
-1636.0 -1655.0 -1676.0 -1697.0 -1703.0 -1737.0 -1794.0 
-1814.0 -1850.0 -1899.0 -1939.0 -1979.0 -2003.0 -2003.0 
-2007.0 -1996.0 -1924.0 -1850.0 -1818.0 -1743.0 -1660.0 
-1559.0 -1450.0 -1365.0 -1247.0 -1116.0 -995.0 -848.0 
-692.0 -558.0 -472.0 -365.0 -223.0 -134.0 -82.0 
-44.0 -30.0 -33.0 -41.0 -46.0 -98.0 -185.0 
-253.0 -313.0 -384.0 -460.0 -518.0 -555.0 -596.0 
-613.0 -632.0 -675.0 -687.0 -671.0 -689.0 -712.0 
-697.0 -703.0 -762.0 -798.0 -811.0 -870.0 -953.0 
-1018.0 -1088.0 -1153.0 -1222.0 -1304.0 -1396.0 -1494.0 
-1608.0 -1725.0 -1827.0 -1930.0 -2042.0 -2158.0 -2288.0 
-2425.0 -2524.0 -2594.0 -2704.0 -2830.0 -2895.0 -2904.0 
-2948.0 -3030.0 -3081.0 -3118.0 -3162.0 -3162.0 -3183.0 
-3241.0 -3264.0 -3259.0 -3249.0 -3229.0 -3220.0 -3234.0 
-3242.0 -3232.0 -3233.0 -3248.0 -3255.0 -3229.0 -3208.0 
-3187.0 -3153.0 -3141.0 -3134.0 -3064.0 -2966.0 -2907.0 
-2874.0 -2815.0 -2702.0 -2544.0 -2402.0 -2310.0 -2221.0 
-2079.0 -1904.0 -1735.0 -1557.0 -1374.0 -1189.0 -1003.0 
-821.0 -645.0 -472.0 -294.0 -126.0 10.0 133.0 
264.0 418.0 542.0 584.0 624.0 687.0 719.0 
736.0 738.0 671.0 562.0 472.0 371.0 253.0 
137.0 1.0 -160.0 -311.0 -477.0 -657.0 -821.0 
-991.0 -1179.0 -1384.0 -1582.0 -1788.0 -2008.0 -2200.0 
-2384.0 -2572.0 -2721.0 -2848.0 -2976.0 -3073.0 -3166.0 
-3268.0 -3370.0 -3488.0 -3587.0 -3632.0 -3670.0 -3740.0 
-3799.0 -3839.0 -3918.0 -3979.0 -3948.0 -3965.0 -4026.0 
-4008.0 -3933.0 -3919.0 -3866.0 -3758.0 -3687.0 -3655.0 
-3524.0 -3411.0 -3330.0 -3191.0 -3042.0 -2989.0 -2873.0 
-2699.0 -2570.0 -2480.0 -2395.0 -2331.0 -2286.0 -2240.0 
-2125.0 -2001.0 -1966.0 -1970.0 -1908.0 -1806.0 -1736.0 
-1710.0 -1689.0 -1658.0 -1644.0 -1644.0 -1662.0 -1673.0 
-1652.0 -1672.0 -1738.0 -1776.0 -1770.0 -1765.0 -1788.0 
-1821.0 -1843.0 -1879.0 -1905.0 -1851.0 -1805.0 -1840.0 
-1905.0 -1944.0 -1945.0 -1972.0 -2061.0 -2112.0 -2082.0 
-2105.0 -2172.0 -2213.0 -2238.0 -2266.0 -2302.0 -2326.0 
-2277.0 -2274.0 -2328.0 -2336.0 -2324.0 -2336.0 -2364.0 
-2381.0 -2362.0 -2347.0 -2381.0 -2423.0 -2422.0 -2455.0 
-2530.0 -2591.0 -2630.0 -2673.0 -2730.0 -2811.0 -2863.0 
-2899.0 -2978.0 -3004.0 -2938.0 -2910.0 -2946.0 -2941.0 
-2883.0 -2843.0 -2811.0 -2755.0 -2727.0 -2719.0 -2663.0 
-2588.0 -2590.0 -2651.0 -2672.0 -2665.0 -2698.0 -2779.0 
-2856.0 -2879.0 -2909.0 -2985.0 -3041.0 -3092.0 -3138.0 
-3122.0 -3076.0 -3057.0 -3039.0 -3007.0 -2960.0 -2915.0 
-2860.0 -2780.0 -2699.0 -2664.0 -2635.0 -2591.0 -2586.0 
-2627.0 -2642.0 -2633.0 -2665.0 -2731.0 -2775.0 -2791.0 
-2787.0 -2763.0 -2739.0 -2726.0 -2707.0 -2662.0 -2609.0 
-2565.0 -2519.0 -2438.0 -2342.0 -2279.0 -2238.0 -2177.0 
-2111.0 -2048.0 -1965.0 -1875.0 -1824.0 -1787.0 -1727.0 
-1693.0 -1679.0 -1625.0 -1560.0 -1515.0 -1487.0 -1475.0 
-1481.0 -1506.0 -1497.0 -1454.0 -1435.0 -1467.0 -1531.0 
-1574.0 -1568.0 -1556.0 -1572.0 -1634.0 -1678.0 -1675.0 
-1668.0 -1694.0 -1702.0 -1674.0 -1668.0 -1676.0 -1659.0 
-1652.0 -1662.0 -1651.0 -1620.0 -1626.0 -1675.0 -1707.0 
-1720.0 -1737.0 -1772.0 -1814.0 -1861.0 -1910.0 -1935.0 
-1965.0 -2027.0 -2098.0 -2158.0 -2204.0 -2260.0 -2376.0 
-2515.0 -2601.0 -2648.0 -2718.0 -2800.0 -2857.0 -2883.0 
-2925.0 -3004.0 -3075.0 -3093.0 -3086.0 -3073.0 -3058.0 
-3038.0 -3003.0 -2983.0 -2987.0 -2950.0 -2891.0 -2849.0 
-2774.0 -2643.0 -2497.0 -2381.0 -2275.0 -2148.0 -1989.0 
-1840.0 -1725.0 -1627.0 -1545.0 -1440.0 -1330.0 -1254.0 
-1167.0 -1070.0 -1011.0 -953.0 -888.0 -820.0 -736.0 
-654.0 -586.0 -534.0 -493.0 -434.0 -356.0 -298.0 
-265.0 -237.0 -196.0 -159.0 -133.0 -104.0 -93.0 
-135.0 -175.0 -145.0 -113.0 -123.0 -132.0 -118.0 
-125.0 -129.0 -98.0 -90.0 -146.0 -193.0 -192.0 
-193.0 -239.0 -268.0 -306.0 -399.0 -513.0 -581.0 
-637.0 -726.0 -812.0 -861.0 -924.0 -1018.0 -1119.0 
-1219.0 -1291.0 -1337.0 -1417.0 -1540.0 -1662.0 -1716.0 
-1771.0 -1911.0 -2025.0 -2058.0 -2100.0 -2161.0 -2197.0 
-2225.0 -2266.0 -2289.0 -2308.0 -2335.0 -2325.0 -2239.0 
-2154.0 -2116.0 -2081.0 -1996.0 -1891.0 -1762.0 -1618.0 
-1470.0 -1318.0 -1189.0 -1056.0 -889.0 -728.0 -584.0 
-434.0 -291.0 -161.0 -39.0 53.0 129.0 201.0 
269.0 322.0 350.0 372.0 397.0 375.0 325.0 
302.0 266.0 210.0 166.0 115.0 48.0 -14.0 
-43.0 -60.0 -121.0 -190.0 -179.0 -166.0 -186.0 
-183.0 -155.0 -129.0 -86.0 -26.0 0.0 3.0 
43.0 149.0 268.0 341.0 376.0 385.0 406.0 
465.0 535.0 563.0 554.0 529.0 513.0 499.0 
470.0 437.0 418.0 413.0 417.0 405.0 371.0 
343.0 302.0 264.0 254.0 188.0 83.0 20.0 
-24.0 -92.0 -192.0 -310.0 -394.0 -418.0 -417.0 
-448.0 -501.0 -507.0 -469.0 -448.0 -417.0 -339.0 
-256.0 -166.0 -50.0 55.0 135.0 221.0 334.0 
463.0 570.0 631.0 678.0 759.0 877.0 980.0 
1041.0 1094.0 1160.0 1238.0 1305.0 1349.0 1414.0 
1485.0 1562.0 1637.0 1663.0 1657.0 1687.0 1740.0 
1781.0 1825.0 1891.0 1938.0 1945.0 1945.0 1976.0 
2009.0 2033.0 2079.0 2147.0 2199.0 2217.0 2224.0 
2229.0 2214.0 2203.0 2193.0 2162.0 2116.0 2077.0 
2056.0 2006.0 1915.0 1821.0 1714.0 1598.0 1500.0 
1403.0 1286.0 1141.0 993.0 885.0 805.0 739.0 
679.0 631.0 578.0 512.0 453.0 459.0 515.0 
580.0 653.0 758.0 870.0 970.0 1061.0 1147.0 
1237.0 1341.0 1442.0 1526.0 1596.0 1662.0 1699.0 
1714.0 1745.0 1783.0 1799.0 1817.0 1839.0 1863.0 
1873.0 1871.0 1870.0 1882.0 1901.0 1896.0 1862.0 
1843.0 1861.0 1871.0 1824.0 1783.0 1798.0 1816.0 
1795.0 1763.0 1742.0 1759.0 1786.0 1777.0 1749.0 
1745.0 1762.0 1796.0 1842.0 1887.0 1929.0 1968.0 
1999.0 2039.0 2109.0 2190.0 2255.0 2308.0 2373.0 
2441.0 2475.0 2490.0 2504.0 2540.0 2576.0 2569.0 
2554.0 2570.0 2598.0 2615.0 2600.0 2575.0 2576.0 
2586.0 2580.0 2574.0 2588.0 2605.0 2627.0 2655.0 
2673.0 2707.0 2751.0 2793.0 2862.0 2927.0 2961.0 
3004.0 3077.0 3150.0 3220.0 3257.0 3262.0 3274.0 
3305.0 3298.0 3231.0 3158.0 3111.0 3055.0 2953.0 
2823.0 2693.0 2570.0 2453.0 2318.0 2158.0 2012.0 
1879.0 1726.0 1566.0 1443.0 1341.0 1214.0 1088.0 
1008.0 954.0 884.0 822.0 807.0 812.0 829.0 
862.0 907.0 996.0 1138.0 1268.0 1360.0 1478.0 
1661.0 1876.0 2060.0 2229.0 2428.0 2633.0 2821.0 
3020.0 3201.0 3356.0 3488.0 3604.0 3731.0 3829.0 
3918.0 4032.0 4097.0 4109.0 4143.0 4193.0 4209.0 
4199.0 4186.0 4170.0 4154.0 4133.0 4128.0 4152.0 
4146.0 4076.0 4011.0 3988.0 3969.0 3945.0 3906.0 
3859.0 3829.0 3779.0 3698.0 3614.0 3534.0 3444.0 
3351.0 3280.0 3211.0 3122.0 3048.0 2974.0 2906.0 
2851.0 2820.0 2784.0 2732.0 2716.0 2712.0 2695.0 
2706.0 2728.0 2739.0 2747.0 2759.0 2795.0 2852.0 
2917.0 2959.0 2962.0 2979.0 3036.0 3077.0 3100.0 
3122.0 3115.0 3106.0 3139.0 3129.0 3061.0 3004.0 
2945.0 2856.0 2758.0 2651.0 2529.0 2397.0 2257.0 
2114.0 1990.0 1872.0 1765.0 1712.0 1675.0 1620.0 
1570.0 1540.0 1541.0 1579.0 1640.0 1705.0 1778.0 
1875.0 1978.0 2072.0 2139.0 2210.0 2330.0 2482.0 
2600.0 2681.0 2770.0 2840.0 2875.0 2913.0 2962.0 
3000.0 3046.0 3119.0 3170.0 3181.0 3181.0 3169.0 
3158.0 3190.0 3243.0 3265.0 3288.0 3327.0 3371.0 
3421.0 3471.0 3533.0 3620.0 3737.0 3855.0 3934.0 
3991.0 4089.0 4180.0 4229.0 4279.0 4339.0 4412.0 
4468.0 4493.0 4504.0 4485.0 4447.0 4412.0 4381.0 
4324.0 4236.0 4129.0 3996.0 3846.0 3700.0 3559.0 
3424.0 3290.0 3146.0 2985.0 2827.0 2680.0 2531.0 
2403.0 2294.0 2195.0 2130.0 2098.0 2063.0 2020.0 
1982.0 1941.0 1925.0 1969.0 2014.0 2015.0 2001.0 
1972.0 1952.0 1976.0 2027.0 2058.0 2048.0 2039.0 
2066.0 2119.0 2158.0 2165.0 2160.0 2171.0 2197.0 
2214.0 2223.0 2232.0 2241.0 2232.0 2215.0 2208.0 
2224.0 2253.0 2287.0 2323.0 2297.0 2256.0 2289.0 
2320.0 2302.0 2295.0 2312.0 2309.0 2275.0 2242.0 
2233.0 2250.0 2258.0 2251.0 2256.0 2287.0 2343.0 
2395.0 2440.0 2510.0 2558.0 2581.0 2649.0 2771.0 
2891.0 2960.0 3013.0 3090.0 3168.0 3220.0 3268.0 
3318.0 3342.0 3337.0 3321.0 3301.0 3261.0 3195.0 
3115.0 3035.0 2973.0 2931.0 2910.0 2867.0 2767.0 
2679.0 2643.0 2604.0 2572.0 2579.0 2592.0 2585.0 
2565.0 2544.0 2529.0 2513.0 2508.0 2510.0 2525.0 
2552.0 2563.0 2557.0 2558.0 2575.0 2606.0 2635.0 
2661.0 2676.0 2693.0 2726.0 2745.0 2739.0 2730.0 
2724.0 2716.0 2707.0 2684.0 2646.0 2620.0 2607.0 
2590.0 2541.0 2453.0 2355.0 2287.0 2247.0 2194.0 
2117.0 2047.0 1993.0 1923.0 1846.0 1794.0 1758.0 
1736.0 1743.0 1747.0 1723.0 1672.0 1639.0 1666.0 
1701.0 1703.0 1724.0 1780.0 1817.0 1826.0 1816.0 
1821.0 1892.0 1994.0 2067.0 2126.0 2188.0 2253.0 
2326.0 2402.0 2472.0 2539.0 2592.0 2642.0 2705.0 
2765.0 2800.0 2829.0 2869.0 2906.0 2910.0 2892.0 
2889.0 2901.0 2879.0 2826.0 2762.0 2695.0 2628.0 
2571.0 2494.0 2381.0 2289.0 2226.0 2161.0 2073.0 
1983.0 1909.0 1839.0 1768.0 1695.0 1625.0 1579.0 
1549.0 1506.0 1454.0 1436.0 1448.0 1473.0 1517.0 
1559.0 1571.0 1594.0 1653.0 1724.0 1784.0 1855.0 
1926.0 1982.0 2049.0 2133.0 2220.0 2279.0 2331.0 
2416.0 2490.0 2527.0 2561.0 2623.0 2696.0 2748.0 
2776.0 2778.0 2776.0 2762.0 2723.0 2685.0 2642.0 
2547.0 2438.0 2364.0 2292.0 2197.0 2108.0 2028.0 
1936.0 1860.0 1837.0 1810.0 1760.0 1745.0 1772.0 
1792.0 1795.0 1818.0 1883.0 1961.0 2022.0 2071.0 
2152.0 2272.0 2361.0 2401.0 2447.0 2525.0 2607.0 
2668.0 2690.0 2678.0 2661.0 2653.0 2635.0 2573.0 
2495.0 2441.0 2389.0 2333.0 2279.0 2202.0 2113.0 
2058.0 2053.0 2067.0 2051.0 2003.0 1957.0 1924.0 
1894.0 1843.0 1782.0 1741.0 1717.0 1707.0 1698.0 
1673.0 1643.0 1630.0 1621.0 1604.0 1577.0 1557.0 
1548.0 1534.0 1502.0 1465.0 1455.0 1470.0 1478.0 
1468.0 1447.0 1429.0 1421.0 1420.0 1402.0 1373.0 
1334.0 1284.0 1243.0 1243.0 1267.0 1279.0 1284.0 
1312.0 1352.0 1389.0 1410.0 1434.0 1485.0 1540.0 
1573.0 1590.0 1619.0 1658.0 1689.0 1729.0 1760.0 
1765.0 1776.0 1802.0 1807.0 1811.0 1847.0 1905.0 
1953.0 1983.0 2024.0 2069.0 2102.0 2152.0 2230.0 
2276.0 2294.0 2328.0 2375.0 2427.0 2482.0 2513.0 
2527.0 2567.0 2652.0 2671.0 2617.0 2605.0 2603.0 
2550.0 2493.0 2442.0 2369.0 2304.0 2270.0 2215.0 
2128.0 2054.0 2004.0 1962.0 1919.0 1883.0 1845.0 
1792.0 1737.0 1682.0 1624.0 1560.0 1493.0 1425.0 
1357.0 1294.0 1218.0 1129.0 1073.0 1032.0 970.0 
907.0 883.0 888.0 885.0 874.0 858.0 857.0 
883.0 892.0 893.0 915.0 942.0 948.0 937.0 
918.0 891.0 857.0 828.0 800.0 771.0 731.0 
688.0 667.0 670.0 665.0 669.0 696.0 730.0 
774.0 826.0 903.0 995.0 1092.0 1201.0 1321.0 
1422.0 1515.0 1621.0 1729.0 1841.0 1940.0 2003.0 
2063.0 2134.0 2183.0 2196.0 2197.0 2184.0 2162.0 
2152.0 2138.0 2092.0 2038.0 1982.0 1911.0 1828.0 
1751.0 1678.0 1593.0 1501.0 1431.0 1403.0 1381.0 
1338.0 1293.0 1260.0 1248.0 1267.0 1296.0 1335.0 
1390.0 1407.0 1394.0 1421.0 1469.0 1502.0 1506.0 
1491.0 1477.0 1490.0 1503.0 1488.0 1452.0 1407.0 
1348.0 1266.0 1173.0 1093.0 1012.0 905.0 769.0 
626.0 479.0 337.0 216.0 110.0 18.0 -37.0 
-85.0 -148.0 -173.0 -168.0 -170.0 -169.0 -133.0 
-56.0 23.0 82.0 150.0 240.0 332.0 411.0 
498.0 595.0 659.0 713.0 788.0 855.0 890.0 
935.0 988.0 1027.0 1062.0 1080.0 1075.0 1069.0 
1085.0 1112.0 1123.0 1113.0 1091.0 1081.0 1088.0 
1072.0 1022.0 1005.0 1052.0 1105.0 1111.0 1096.0 
1107.0 1145.0 1167.0 1159.0 1166.0 1192.0 1206.0 
1215.0 1215.0 1170.0 1111.0 1102.0 1103.0 1060.0 
1004.0 968.0 936.0 898.0 860.0 814.0 769.0 
746.0 748.0 721.0 652.0 605.0 613.0 641.0 
643.0 620.0 596.0 573.0 560.0 563.0 562.0 
559.0 567.0 559.0 511.0 484.0 497.0 493.0 
466.0 435.0 398.0 352.0 305.0 279.0 261.0 
213.0 162.0 151.0 172.0 181.0 161.0 142.0 
164.0 238.0 314.0 379.0 428.0 453.0 471.0 
532.0 637.0 752.0 841.0 898.0 947.0 988.0 
1007.0 1026.0 1074.0 1093.0 1048.0 974.0 899.0 
846.0 795.0 730.0 671.0 612.0 551.0 486.0 
406.0 347.0 324.0 316.0 309.0 299.0 300.0 
318.0 333.0 343.0 356.0 370.0 387.0 410.0 
395.0 352.0 333.0 309.0 284.0 284.0 255.0 
175.0 84.0 38.0 61.0 86.0 66.0 53.0 
66.0 54.0 41.0 103.0 222.0 282.0 276.0 
273.0 292.0 318.0 323.0 329.0 382.0 464.0 
531.0 545.0 535.0 555.0 601.0 635.0 646.0 
637.0 638.0 661.0 665.0 645.0 638.0 638.0 
652.0 699.0 767.0 816.0 835.0 855.0 895.0 
934.0 960.0 992.0 1021.0 1029.0 1010.0 980.0 
948.0 941.0 946.0 913.0 846.0 790.0 752.0 
712.0 656.0 583.0 517.0 464.0 420.0 393.0 
356.0 303.0 258.0 215.0 156.0 103.0 63.0 
18.0 -23.0 -62.0 -100.0 -122.0 -134.0 -160.0 
-187.0 -204.0 -208.0 -203.0 -180.0 -136.0 -106.0 
-117.0 -120.0 -78.0 -30.0 3.0 12.0 5.0 
37.0 92.0 114.0 138.0 210.0 277.0 298.0 
326.0 382.0 418.0 427.0 435.0 429.0 406.0 
418.0 471.0 498.0 481.0 479.0 501.0 502.0 
501.0 523.0 542.0 547.0 549.0 550.0 540.0 
511.0 443.0 355.0 270.0 181.0 94.0 8.0 
-79.0 -146.0 -162.0 -181.0 -235.0 -290.0 -336.0 
-359.0 -341.0 -326.0 -355.0 -389.0 -374.0 -323.0 
-314.0 -350.0 -358.0 -341.0 -348.0 -351.0 -332.0 
-333.0 -325.0 -278.0 -238.0 -206.0 -134.0 -26.0 
85.0 174.0 240.0 319.0 446.0 594.0 710.0 
781.0 828.0 896.0 1005.0 1108.0 1166.0 1201.0 
1245.0 1314.0 1376.0 1394.0 1363.0 1323.0 1306.0 
1281.0 1202.0 1096.0 1051.0 1011.0 885.0 727.0 
582.0 458.0 374.0 283.0 166.0 63.0 13.0 
18.0 14.0 -21.0 -69.0 -139.0 -233.0 -294.0 
-315.0 -318.0 -311.0 -281.0 -208.0 -100.0 -15.0 
13.0 29.0 113.0 239.0 295.0 290.0 326.0 
428.0 507.0 530.0 552.0 570.0 573.0 589.0 
605.0 573.0 516.0 478.0 446.0 384.0 269.0 
148.0 70.0 34.0 6.0 -75.0 -239.0 -402.0 
-493.0 -534.0 -575.0 -646.0 -722.0 -764.0 -787.0 
-810.0 -816.0 -803.0 -798.0 -805.0 -785.0 -704.0 
-576.0 -421.0 -274.0 -160.0 -60.0 46.0 159.0 
234.0 255.0 257.0 299.0 394.0 477.0 518.0 
569.0 664.0 744.0 792.0 899.0 1049.0 1144.0 
1185.0 1178.0 1125.0 1108.0 1161.0 1221.0 1236.0 
1187.0 1119.0 1074.0 1039.0 972.0 853.0 715.0 
614.0 572.0 546.0 517.0 510.0 492.0 447.0 
400.0 345.0 268.0 190.0 124.0 38.0 -83.0 
-196.0 -254.0 -286.0 -374.0 -511.0 -603.0 -638.0 
-678.0 -729.0 -743.0 -732.0 -747.0 -773.0 -810.0 
-889.0 -963.0 -985.0 -981.0 -988.0 -987.0 -946.0 
-899.0 -885.0 -857.0 -778.0 -692.0 -622.0 -536.0 
-397.0 -200.0 -7.0 149.0 306.0 463.0 591.0 
664.0 711.0 791.0 863.0 882.0 882.0 862.0 
796.0 688.0 570.0 483.0 411.0 325.0 235.0 
153.0 103.0 126.0 185.0 192.0 96.0 -56.0 
-199.0 -364.0 -542.0 -634.0 -653.0 -680.0 -681.0 
-657.0 -675.0 -709.0 -693.0 -644.0 -619.0 -601.0 
-543.0 -463.0 -422.0 -443.0 -485.0 -476.0 -360.0 
-170.0 4.0 136.0 278.0 412.0 457.0 420.0 
391.0 424.0 489.0 551.0 615.0 681.0 740.0 
776.0 774.0 726.0 658.0 614.0 575.0 496.0 
410.0 351.0 294.0 205.0 102.0 1.0 -87.0 
-126.0 -114.0 -135.0 -234.0 -366.0 -500.0 -597.0 
-656.0 -734.0 -841.0 -911.0 -942.0 -975.0 -966.0 
-889.0 -769.0 -604.0 -420.0 -268.0 -168.0 -69.0 
63.0 204.0 365.0 517.0 574.0 556.0 536.0 
535.0 526.0 478.0 375.0 262.0 209.0 173.0 
68.0 -95.0 -250.0 -392.0 -510.0 -554.0 -509.0 
-415.0 -381.0 -451.0 -525.0 -510.0 -459.0 -441.0 
-476.0 -580.0 -693.0 -716.0 -635.0 -546.0 -513.0 
-451.0 -249.0 11.0 134.0 91.0 38.0 45.0 
32.0 -65.0 -221.0 -333.0 -317.0 -239.0 -233.0 
-310.0 -373.0 -443.0 -567.0 -706.0 -788.0 -831.0 
-857.0 -850.0 -850.0 -907.0 -978.0 -1000.0 -998.0 
-1018.0 -1024.0 -978.0 -924.0 -879.0 -861.0 -966.0 
-1148.0 -1191.0 -1042.0 -843.0 -672.0 -515.0 -363.0 
-265.0 -283.0 -359.0 -323.0 -143.0 56.0 223.0 
380.0 486.0 489.0 459.0 516.0 662.0 800.0 
863.0 848.0 806.0 764.0 666.0 475.0 296.0 
241.0 226.0 115.0 -9.0 -44.0 -132.0 -349.0 
-550.0 -623.0 -620.0 -600.0 -588.0 -660.0 -838.0 
-970.0 -964.0 -961.0 -1054.0 -1120.0 -1064.0 -920.0 
-748.0 -602.0 -543.0 -549.0 -550.0 -559.0 -582.0 
-618.0 -698.0 -809.0 -916.0 -1030.0 -1137.0 -1141.0 
-991.0 -810.0 -696.0 -541.0 -327.0 -215.0 -194.0 
-202.0 -229.0 -215.0 -166.0 -181.0 -275.0 -323.0 
-249.0 -104.0 38.0 155.0 192.0 132.0 31.0 
-70.0 -145.0 -196.0 -293.0 -425.0 -488.0 -436.0 
-325.0 -224.0 -166.0 -195.0 -305.0 -383.0 -382.0 
-379.0 -419.0 -464.0 -548.0 -746.0 -1017.0 -1261.0 
-1430.0 -1529.0 -1605.0 -1677.0 -1697.0 -1647.0 -1620.0 
-1679.0 -1742.0 -1710.0 -1587.0 -1410.0 -1189.0 -984.0 
-820.0 -621.0 -390.0 -259.0 -211.0 -132.0 -55.0 
-23.0 78.0 302.0 486.0 562.0 624.0 700.0 
753.0 722.0 628.0 597.0 607.0 513.0 332.0 
199.0 179.0 217.0 268.0 320.0 294.0 144.0 
-69.0 -274.0 -474.0 -654.0 -745.0 -749.0 -771.0 
-895.0 -1052.0 -1126.0 -1083.0 -953.0 -804.0 -722.0 
-717.0 -810.0 -1038.0 -1263.0 -1350.0 -1413.0 -1550.0 
-1676.0 -1719.0 -1736.0 -1769.0 -1791.0 -1763.0 -1660.0 
-1469.0 -1234.0 -1056.0 -981.0 -964.0 -969.0 -1040.0 
-1195.0 -1367.0 -1488.0 -1607.0 -1715.0 -1668.0 -1441.0 
-1219.0 -1124.0 -1126.0 -1164.0 -1178.0 -1119.0 -1011.0 
-934.0 -877.0 -808.0 -772.0 -804.0 -815.0 -732.0 
-571.0 -417.0 -361.0 -355.0 -288.0 -154.0 -1.0 
168.0 340.0 437.0 484.0 552.0 610.0 635.0 
681.0 735.0 755.0 741.0 697.0 629.0 579.0 
598.0 675.0 714.0 686.0 667.0 714.0 766.0 
746.0 623.0 434.0 216.0 -36.0 -328.0 -606.0 
-815.0 -954.0 -1009.0 -955.0 -836.0 -735.0 -758.0 
-945.0 -1190.0 -1390.0 -1561.0 -1750.0 -1914.0 -1986.0 
-1988.0 -1954.0 -1817.0 -1529.0 -1197.0 -1005.0 -1033.0 
-1197.0 -1406.0 -1659.0 -1925.0 -2094.0 -2091.0 -1917.0 
-1636.0 -1416.0 -1350.0 -1360.0 -1362.0 -1329.0 -1256.0 
-1171.0 -1092.0 -969.0 -782.0 -611.0 -546.0 -579.0 
-597.0 -542.0 -501.0 -503.0 -474.0 -367.0 -249.0 
-237.0 -354.0 -465.0 -461.0 -353.0 -223.0 -77.0 
191.0 556.0 814.0 863.0 731.0 447.0 83.0 
-207.0 -378.0 -480.0 -537.0 -537.0 -476.0 -417.0 
-457.0 -618.0 -794.0 -861.0 -808.0 -694.0 -542.0 
-331.0 -90.0 44.0 -35.0 -292.0 -608.0 -842.0 
-931.0 -927.0 -862.0 -726.0 -554.0 -410.0 -368.0 
-444.0 -537.0 -590.0 -696.0 -928.0 -1241.0 -1496.0 
-1525.0 -1280.0 -881.0 -489.0 -217.0 -113.0 -188.0 
-397.0 -600.0 -735.0 -887.0 -1084.0 -1224.0 -1259.0 
-1223.0 -1136.0 -1040.0 -971.0 -941.0 -935.0 -935.0 
-926.0 -883.0 -858.0 -944.0 -1114.0 -1283.0 -1416.0 
-1515.0 -1556.0 -1459.0 -1165.0 -769.0 -465.0 -371.0 
-457.0 -590.0 -699.0 -805.0 -913.0 -971.0 -953.0 
-924.0 -920.0 -868.0 -693.0 -488.0 -403.0 -422.0 
-418.0 -358.0 -249.0 -66.0 155.0 306.0 366.0 
419.0 501.0 602.0 711.0 774.0 799.0 836.0 
861.0 853.0 858.0 879.0 832.0 639.0 350.0 
103.0 -47.0 -66.0 132.0 453.0 656.0 643.0 
479.0 231.0 -28.0 -207.0 -344.0 -568.0 -865.0 
-1111.0 -1292.0 -1482.0 -1656.0 -1757.0 -1793.0 -1832.0 
-1971.0 -2201.0 -2414.0 -2635.0 -2908.0 -3144.0 -3231.0 
-3143.0 -2911.0 -2637.0 -2461.0 -2452.0 -2532.0 -2518.0 
-2324.0 -2079.0 -1890.0 -1680.0 -1408.0 -1227.0 -1261.0 
-1419.0 -1504.0 -1457.0 -1341.0 -1211.0 -1038.0 -780.0 
-463.0 -148.0 82.0 194.0 226.0 248.0 288.0 
292.0 214.0 111.0 126.0 301.0 496.0 605.0 
646.0 636.0 604.0 579.0 571.0 625.0 780.0 
979.0 1175.0 1362.0 1503.0 1549.0 1474.0 1255.0 
929.0 605.0 392.0 329.0 349.0 325.0 214.0 
41.0 -153.0 -350.0 -531.0 -621.0 -562.0 -433.0 
-360.0 -354.0 -315.0 -247.0 -313.0 -582.0 -912.0 
-1154.0 -1307.0 -1432.0 -1498.0 -1462.0 -1356.0 -1239.0 
-1165.0 -1153.0 -1108.0 -993.0 -902.0 -855.0 -772.0 
-678.0 -660.0 -763.0 -945.0 -1061.0 -1017.0 -900.0 
-841.0 -850.0 -852.0 -834.0 -876.0 -991.0 -1113.0 
-1238.0 -1364.0 -1462.0 -1548.0 -1650.0 -1747.0 -1782.0 
-1725.0 -1646.0 -1621.0 -1606.0 -1512.0 -1404.0 -1339.0 
-1260.0 -1155.0 -1074.0 -1000.0 -905.0 -845.0 -895.0 
-1021.0 -1153.0 -1308.0 -1497.0 -1600.0 -1502.0 -1251.0 
-991.0 -794.0 -638.0 -446.0 -204.0 -7.0 91.0 
150.0 231.0 321.0 388.0 469.0 611.0 761.0 
811.0 798.0 828.0 891.0 917.0 929.0 945.0 
873.0 599.0 165.0 -260.0 -565.0 -765.0 -877.0 
-872.0 -781.0 -708.0 -702.0 -705.0 -661.0 -622.0 
-664.0 -802.0 -986.0 -1146.0 -1239.0 -1283.0 -1289.0 
-1256.0 -1226.0 -1234.0 -1200.0 -1098.0 -1037.0 -1055.0 
-1104.0 -1172.0 -1256.0 -1298.0 -1225.0 -1064.0 -908.0 
-808.0 -784.0 -881.0 -1100.0 -1404.0 -1704.0 -1891.0 
-1922.0 -1863.0 -1828.0 -1916.0 -2056.0 -2124.0 -2107.0 
-2005.0 -1814.0 -1649.0 -1589.0 -1551.0 -1442.0 -1292.0 
-1177.0 -1099.0 -989.0 -826.0 -660.0 -545.0 -502.0 
-513.0 -549.0 -574.0 -590.0 -585.0 -525.0 -409.0 
-275.0 -183.0 -154.0 -120.0 -31.0 84.0 200.0 
301.0 333.0 258.0 155.0 108.0 96.0 92.0 
74.0 -12.0 -218.0 -495.0 -742.0 -901.0 -929.0 
-846.0 -758.0 -746.0 -788.0 -885.0 -1060.0 -1278.0 
-1423.0 -1440.0 -1404.0 -1355.0 -1264.0 -1199.0 -1298.0 
-1500.0 -1628.0 -1648.0 -1662.0 -1737.0 -1792.0 -1741.0 
-1632.0 -1561.0 -1545.0 -1574.0 -1616.0 -1632.0 -1572.0 
-1471.0 -1417.0 -1386.0 -1318.0 -1255.0 -1232.0 -1230.0 
-1186.0 -1087.0 -1038.0 -1073.0 -1067.0 -954.0 -815.0 
-706.0 -594.0 -507.0 -525.0 -592.0 -608.0 -637.0 
-757.0 -911.0 -1070.0 -1256.0 -1419.0 -1512.0 -1533.0 
-1454.0 -1305.0 -1188.0 -1142.0 -1149.0 -1188.0 -1241.0 
-1275.0 -1240.0 -1121.0 -943.0 -767.0 -668.0 -687.0 
-797.0 -921.0 -1005.0 -1040.0 -1087.0 -1217.0 -1380.0 
-1486.0 -1503.0 -1419.0 -1283.0 -1189.0 -1196.0 -1298.0 
-1448.0 -1581.0 -1677.0 -1752.0 -1795.0 -1758.0 -1644.0 
-1532.0 -1423.0 -1279.0 -1148.0 -1089.0 -1125.0 -1257.0 
-1450.0 -1587.0 -1610.0 -1548.0 -1431.0 -1292.0 -1198.0 
-1147.0 -1110.0 -1067.0 -954.0 -800.0 -726.0 -745.0 
-780.0 -799.0 -801.0 -742.0 -608.0 -476.0 -419.0 
-395.0 -372.0 -371.0 -372.0 -354.0 -363.0 -380.0 
-358.0 -398.0 -593.0 -870.0 -1155.0 -1418.0 -1587.0 
-1584.0 -1473.0 -1414.0 -1469.0 -1567.0 -1629.0 -1614.0 
-1548.0 -1532.0 -1607.0 -1744.0 -1943.0 -2145.0 -2199.0 
-2050.0 -1806.0 -1621.0 -1578.0 -1643.0 -1706.0 -1714.0 
-1685.0 -1590.0 -1405.0 -1236.0 -1204.0 -1252.0 -1249.0 
-1181.0 -1086.0 -935.0 -712.0 -456.0 -258.0 -212.0 
-329.0 -522.0 -728.0 -942.0 -1145.0 -1207.0 -1085.0 
-921.0 -835.0 -813.0 -814.0 -827.0 -873.0 -988.0 
-1226.0 -1556.0 -1802.0 -1860.0 -1779.0 -1605.0 -1381.0 
-1170.0 -1033.0 -999.0 -1066.0 -1191.0 -1311.0 -1425.0 
-1597.0 -1868.0 -2211.0 -2523.0 -2671.0 -2648.0 -2542.0 
-2320.0 -1991.0 -1690.0 -1499.0 -1408.0 -1448.0 -1638.0 
-1891.0 -2071.0 -2133.0 -2054.0 -1772.0 -1286.0 -772.0 
-425.0 -240.0 -124.0 -62.0 -43.0 -68.0 -188.0 
-387.0 -557.0 -653.0 -690.0 -656.0 -590.0 -591.0 
-728.0 -1039.0 -1423.0 -1647.0 -1622.0 -1483.0 -1326.0 
-1150.0 -1030.0 -1065.0 -1206.0 -1340.0 -1411.0 -1433.0 
-1437.0 -1430.0 -1430.0 -1440.0 -1452.0 -1483.0 -1551.0 
-1676.0 -1852.0 -2020.0 -2135.0 -2209.0 -2259.0 -2301.0 
-2360.0 -2432.0 -2451.0 -2400.0 -2320.0 -2248.0 -2154.0 
-2040.0 -1949.0 -1901.0 -1872.0 -1817.0 -1684.0 -1431.0 
-1074.0 -736.0 -498.0 -321.0 -219.0 -272.0 -438.0 
-535.0 -475.0 -338.0 -218.0 -199.0 -331.0 -528.0 
-706.0 -904.0 -1080.0 -1134.0 -1118.0 -1164.0 -1252.0 
-1233.0 -1087.0 -937.0 -815.0 -727.0 -790.0 -1044.0 
-1344.0 -1534.0 -1614.0 -1654.0 -1637.0 -1464.0 -1122.0 
-742.0 -488.0 -442.0 -543.0 -727.0 -989.0 -1205.0 
-1169.0 -933.0 -764.0 -815.0 -1058.0 -1376.0 -1634.0 
-1751.0 -1700.0 -1507.0 -1244.0 -1040.0 -977.0 -1011.0 
-1060.0 -1127.0 -1293.0 -1542.0 -1748.0 -1864.0 -1929.0 
-1901.0 -1722.0 -1480.0 -1302.0 -1228.0 -1270.0 -1440.0 
-1706.0 -2025.0 -2365.0 -2643.0 -2721.0 -2605.0 -2380.0 
-2040.0 -1604.0 -1171.0 -840.0 -692.0 -740.0 -907.0 
-1102.0 -1277.0 -1395.0 -1389.0 -1214.0 -912.0 -612.0 
-423.0 -341.0 -314.0 -322.0 -441.0 -759.0 -1244.0 
-1729.0 -2071.0 -2231.0 -2132.0 -1717.0 -1115.0 -611.0 
-449.0 -634.0 -963.0 -1240.0 -1433.0 -1549.0 -1592.0 
-1594.0 -1601.0 -1586.0 -1508.0 -1372.0 -1225.0 -1106.0 
-1084.0 -1148.0 -1185.0 -1160.0 -1188.0 -1374.0 -1678.0 
-1970.0 -2175.0 -2250.0 -2179.0 -2029.0 -1883.0 -1713.0 
-1453.0 -1192.0 -1080.0 -1127.0 -1261.0 -1457.0 -1742.0 
-2079.0 -2345.0 -2468.0 -2483.0 -2435.0 -2317.0 -2122.0 
-1914.0 -1716.0 -1499.0 -1288.0 -1145.0 -1064.0 -992.0 
-916.0 -878.0 -913.0 -991.0 -1038.0 -1043.0 -1091.0 
-1246.0 -1433.0 -1521.0 -1480.0 -1408.0 -1409.0 -1433.0 
-1370.0 -1286.0 -1248.0 -1190.0 -1051.0 -892.0 -789.0 
-755.0 -774.0 -862.0 -1027.0 -1232.0 -1358.0 -1320.0 
-1188.0 -1050.0 -868.0 -624.0 -374.0 -202.0 -137.0 
-198.0 -365.0 -607.0 -904.0 -1215.0 -1437.0 -1476.0 
-1374.0 -1254.0 -1182.0 -1179.0 -1275.0 -1516.0 -1839.0 
-2104.0 -2227.0 -2203.0 -2084.0 -1955.0 -1888.0 -1880.0 
-1928.0 -2050.0 -2212.0 -2383.0 -2581.0 -2819.0 -3073.0 
-3288.0 -3408.0 -3376.0 -3167.0 -2832.0 -2459.0 -2077.0 
-1688.0 -1349.0 -1129.0 -1074.0 -1210.0 -1491.0 -1767.0 
-1942.0 -2026.0 -2046.0 -1997.0 -1849.0 -1583.0 -1261.0 
-971.0 -750.0 -631.0 -651.0 -805.0 -1033.0 -1245.0 
-1369.0 -1367.0 -1272.0 -1128.0 -961.0 -807.0 -658.0 
-533.0 -516.0 -589.0 -669.0 -807.0 -1091.0 -1467.0 
-1803.0 -2028.0 -2083.0 -1908.0 -1618.0 -1405.0 -1290.0 
-1226.0 -1195.0 -1198.0 -1260.0 -1396.0 -1557.0 -1677.0 
-1773.0 -1871.0 -1927.0 -1875.0 -1701.0 -1478.0 -1224.0 
-919.0 -615.0 -353.0 -189.0 -149.0 -195.0 -303.0 
-501.0 -756.0 -963.0 -1074.0 -1127.0 -1138.0 -1157.0 
-1250.0 -1395.0 -1533.0 -1615.0 -1632.0 -1612.0 -1603.0 
-1605.0 -1580.0 -1515.0 -1448.0 -1415.0 -1403.0 -1412.0 
-1431.0 -1497.0 -1616.0 -1728.0 -1800.0 -1833.0 -1845.0 
-1828.0 -1754.0 -1659.0 -1619.0 -1644.0 -1730.0 -1879.0 
-2059.0 -2243.0 -2434.0 -2600.0 -2678.0 -2610.0 -2351.0 
-1945.0 -1479.0 -1003.0 -540.0 -84.0 329.0 612.0 
748.0 807.0 839.0 837.0 836.0 879.0 939.0 
965.0 900.0 701.0 399.0 17.0 -412.0 -805.0 
-1076.0 -1244.0 -1397.0 -1518.0 -1537.0 -1487.0 -1444.0 
-1426.0 -1445.0 -1500.0 -1549.0 -1589.0 -1678.0 -1803.0 
-1863.0 -1807.0 -1660.0 -1446.0 -1177.0 -907.0 -710.0 
-622.0 -659.0 -816.0 -1056.0 -1350.0 -1657.0 -1888.0 
-2012.0 -2055.0 -2024.0 -1945.0 -1891.0 -1893.0 -1938.0 
-2024.0 -2114.0 -2117.0 -1986.0 -1729.0 -1408.0 -1067.0 
-718.0 -425.0 -239.0 -137.0 -80.0 -77.0 -102.0 
-111.0 -146.0 -197.0 -216.0 -238.0 -282.0 -271.0 
-179.0 -75.0 29.0 202.0 437.0 671.0 870.0 
1018.0 1069.0 1009.0 911.0 809.0 643.0 404.0 
103.0 -244.0 -582.0 -852.0 -1091.0 -1284.0 -1396.0 
-1502.0 -1640.0 -1757.0 -1852.0 -1922.0 -1945.0 -1941.0 
-1960.0 -1969.0 -1950.0 -1940.0 -1940.0 -1938.0 -1947.0 
-1928.0 -1841.0 -1726.0 -1631.0 -1541.0 -1433.0 -1315.0 
-1176.0 -1012.0 -854.0 -719.0 -580.0 -412.0 -226.0 
-62.0 70.0 177.0 206.0 114.0 -80.0 -326.0 
-555.0 -723.0 -812.0 -825.0 -765.0 -671.0 -620.0 
-620.0 -625.0 -587.0 -493.0 -371.0 -282.0 -241.0 
-224.0 -188.0 -99.0 31.0 192.0 346.0 450.0 
484.0 421.0 283.0 171.0 135.0 126.0 124.0 
109.0 55.0 -60.0 -270.0 -567.0 -897.0 -1183.0 
-1368.0 -1423.0 -1336.0 -1186.0 -1073.0 -979.0 -927.0 
-991.0 -1177.0 -1442.0 -1746.0 -2053.0 -2311.0 -2519.0 
-2658.0 -2665.0 -2576.0 -2473.0 -2334.0 -2166.0 -2012.0 
-1850.0 -1661.0 -1504.0 -1415.0 -1329.0 -1222.0 -1098.0 
-960.0 -833.0 -740.0 -682.0 -623.0 -526.0 -431.0 
-392.0 -378.0 -331.0 -275.0 -253.0 -255.0 -263.0 
-311.0 -408.0 -497.0 -580.0 -664.0 -693.0 -640.0 
-511.0 -328.0 -123.0 105.0 336.0 508.0 572.0 
547.0 506.0 489.0 421.0 235.0 -8.0 -188.0 
-224.0 -113.0 52.0 209.0 342.0 403.0 368.0 
244.0 45.0 -181.0 -406.0 -610.0 -748.0 -794.0 
-779.0 -724.0 -654.0 -599.0 -590.0 -661.0 -810.0 
-1006.0 -1247.0 -1518.0 -1799.0 -2091.0 -2332.0 -2476.0 
-2585.0 -2644.0 -2629.0 -2579.0 -2522.0 -2470.0 -2466.0 
-2507.0 -2547.0 -2615.0 -2743.0 -2896.0 -3046.0 -3149.0 
-3165.0 -3082.0 -2893.0 -2607.0 -2232.0 -1787.0 -1328.0 
-930.0 -617.0 -384.0 -249.0 -198.0 -155.0 -87.0 
-17.0 34.0 65.0 99.0 176.0 293.0 442.0 
634.0 848.0 1028.0 1164.0 1278.0 1357.0 1365.0 
1300.0 1208.0 1116.0 1018.0 926.0 833.0 716.0 
607.0 512.0 403.0 253.0 95.0 -49.0 -239.0 
-462.0 -650.0 -792.0 -911.0 -993.0 -1036.0 -1058.0 
-1073.0 -1095.0 -1110.0 -1124.0 -1141.0 -1162.0 -1207.0 
-1277.0 -1373.0 -1489.0 -1559.0 -1545.0 -1474.0 -1379.0 
-1295.0 -1259.0 -1231.0 -1181.0 -1158.0 -1185.0 -1200.0 
-1153.0 -1080.0 -1018.0 -975.0 -988.0 -1052.0 -1108.0 
-1123.0 -1095.0 -995.0 -831.0 -684.0 -611.0 -565.0 
-528.0 -537.0 -582.0 -641.0 -749.0 -918.0 -1110.0 
-1280.0 -1394.0 -1437.0 -1440.0 -1406.0 -1319.0 -1215.0 
-1158.0 -1141.0 -1119.0 -1097.0 -1081.0 -1053.0 -1025.0 
-1014.0 -969.0 -834.0 -636.0 -412.0 -152.0 150.0 
460.0 735.0 1005.0 1264.0 1442.0 1531.0 1584.0 
1626.0 1646.0 1616.0 1548.0 1464.0 1368.0 1227.0 
992.0 701.0 449.0 260.0 92.0 -67.0 -221.0 
-392.0 -591.0 -821.0 -1043.0 -1218.0 -1323.0 -1351.0 
-1310.0 -1211.0 -1059.0 -893.0 -762.0 -657.0 -569.0 
-504.0 -461.0 -438.0 -426.0 -437.0 -488.0 -570.0 
-650.0 -709.0 -735.0 -754.0 -791.0 -809.0 -779.0 
-747.0 -740.0 -740.0 -736.0 -716.0 -691.0 -676.0 
-659.0 -622.0 -593.0 -580.0 -551.0 -510.0 -511.0 
-552.0 -575.0 -570.0 -552.0 -511.0 -448.0 -385.0 
-311.0 -221.0 -152.0 -116.0 -82.0 -37.0 10.0 
78.0 170.0 252.0 285.0 276.0 257.0 236.0 
192.0 132.0 80.0 33.0 11.0 5.0 -24.0 
-80.0 -121.0 -127.0 -121.0 -122.0 -89.0 -16.0 
36.0 67.0 99.0 131.0 160.0 186.0 207.0 
270.0 401.0 565.0 729.0 876.0 997.0 1063.0 
1065.0 1041.0 1013.0 991.0 954.0 872.0 770.0 
683.0 592.0 464.0 342.0 284.0 256.0 210.0 
171.0 158.0 145.0 112.0 51.0 -67.0 -244.0 
-416.0 -542.0 -592.0 -571.0 -519.0 -458.0 -388.0 
-340.0 -325.0 -319.0 -298.0 -258.0 -206.0 -148.0 
-75.0 17.0 125.0 237.0 291.0 235.0 110.0 
-14.0 -123.0 -224.0 -301.0 -341.0 -357.0 -343.0 
-316.0 -308.0 -290.0 -228.0 -138.0 -65.0 -22.0 
4.0 4.0 -55.0 -183.0 -327.0 -441.0 -482.0 
-438.0 -367.0 -308.0 -261.0 -180.0 -55.0 98.0 
276.0 467.0 652.0 857.0 1065.0 1209.0 1284.0 
1328.0 1379.0 1439.0 1499.0 1552.0 1626.0 1717.0 
1777.0 1761.0 1683.0 1551.0 1353.0 1114.0 854.0 
551.0 236.0 -27.0 -259.0 -478.0 -651.0 -791.0 
-934.0 -1068.0 -1162.0 -1193.0 -1189.0 -1160.0 -1081.0 
-964.0 -852.0 -754.0 -673.0 -595.0 -519.0 -467.0 
-452.0 -468.0 -498.0 -510.0 -530.0 -606.0 -686.0 
-723.0 -775.0 -866.0 -934.0 -930.0 -877.0 -770.0 
-599.0 -407.0 -211.0 -15.0 154.0 270.0 348.0 
388.0 396.0 410.0 450.0 486.0 504.0 515.0 
555.0 653.0 767.0 867.0 985.0 1141.0 1321.0 
1480.0 1585.0 1674.0 1776.0 1847.0 1896.0 1969.0 
2080.0 2194.0 2256.0 2227.0 2122.0 1967.0 1760.0 
1512.0 1288.0 1098.0 897.0 706.0 576.0 495.0 
454.0 470.0 540.0 660.0 817.0 951.0 1021.0 
1038.0 1037.0 1012.0 947.0 853.0 736.0 586.0 
409.0 200.0 -56.0 -321.0 -561.0 -786.0 -979.0 
-1121.0 -1229.0 -1304.0 -1329.0 -1305.0 -1268.0 -1249.0 
-1231.0 -1165.0 -1036.0 -905.0 -821.0 -761.0 -697.0 
-642.0 -627.0 -637.0 -594.0 -480.0 -344.0 -209.0 
-70.0 57.0 170.0 297.0 432.0 564.0 717.0 
900.0 1116.0 1356.0 1580.0 1763.0 1896.0 1986.0 
2066.0 2143.0 2214.0 2291.0 2376.0 2447.0 2480.0 
2489.0 2511.0 2531.0 2515.0 2473.0 2410.0 2309.0 
2168.0 2034.0 1893.0 1706.0 1538.0 1440.0 1370.0 
1307.0 1270.0 1256.0 1249.0 1250.0 1232.0 1155.0 
1025.0 852.0 653.0 452.0 273.0 156.0 104.0 
68.0 41.0 29.0 2.0 -36.0 -77.0 -128.0 
-192.0 -250.0 -292.0 -321.0 -342.0 -363.0 -363.0 
-312.0 -221.0 -126.0 -65.0 -47.0 -44.0 -46.0 
-71.0 -135.0 -227.0 -306.0 -338.0 -337.0 -313.0 
-239.0 -101.0 66.0 193.0 281.0 401.0 552.0 
690.0 847.0 1049.0 1272.0 1496.0 1738.0 2003.0 
2253.0 2461.0 2660.0 2865.0 3034.0 3151.0 3222.0 
3250.0 3246.0 3225.0 3180.0 3122.0 3090.0 3086.0 
3102.0 3122.0 3122.0 3072.0 2979.0 2855.0 2665.0 
2415.0 2165.0 1921.0 1659.0 1396.0 1134.0 873.0 
615.0 352.0 97.0 -143.0 -385.0 -591.0 -729.0 
-798.0 -805.0 -802.0 -802.0 -773.0 -713.0 -660.0 
-612.0 -544.0 -443.0 -314.0 -173.0 -12.0 147.0 
290.0 439.0 569.0 659.0 750.0 820.0 851.0 
903.0 957.0 974.0 979.0 1007.0 1043.0 1060.0 
1023.0 954.0 901.0 876.0 900.0 984.0 1128.0 
1340.0 1569.0 1756.0 1887.0 1951.0 1957.0 1911.0 
1788.0 1613.0 1399.0 1151.0 912.0 721.0 584.0 
501.0 458.0 433.0 404.0 344.0 257.0 139.0 
1.0 -120.0 -224.0 -324.0 -391.0 -393.0 -330.0 
-226.0 -115.0 17.0 192.0 395.0 582.0 744.0 
887.0 1033.0 1171.0 1300.0 1432.0 1574.0 1713.0 
1836.0 1941.0 2026.0 2098.0 2183.0 2283.0 2364.0 
2433.0 2516.0 2593.0 2641.0 2657.0 2653.0 2619.0 
2569.0 2528.0 2516.0 2525.0 2546.0 2577.0 2615.0 
2644.0 2638.0 2588.0 2526.0 2470.0 2385.0 2250.0 
2083.0 1911.0 1754.0 1604.0 1429.0 1234.0 1079.0 
978.0 912.0 874.0 863.0 872.0 869.0 833.0 
787.0 740.0 676.0 600.0 540.0 480.0 393.0 
278.0 162.0 54.0 -58.0 -174.0 -283.0 -371.0 
-421.0 -436.0 -459.0 -508.0 -534.0 -543.0 -563.0 
-583.0 -593.0 -594.0 -576.0 -560.0 -541.0 -530.0 
-530.0 -497.0 -431.0 -349.0 -240.0 -107.0 54.0 
256.0 480.0 719.0 961.0 1183.0 1396.0 1591.0 
1743.0 1855.0 1951.0 2067.0 2197.0 2265.0 2262.0 
2250.0 2244.0 2223.0 2174.0 2108.0 2058.0 2038.0 
2023.0 2007.0 2016.0 2060.0 2155.0 2286.0 2408.0 
2495.0 2543.0 2569.0 2558.0 2492.0 2373.0 2227.0 
2101.0 1983.0 1854.0 1726.0 1593.0 1459.0 1347.0 
1280.0 1240.0 1189.0 1144.0 1127.0 1101.0 1049.0 
993.0 940.0 888.0 847.0 815.0 770.0 730.0 
740.0 782.0 814.0 834.0 839.0 838.0 839.0 
837.0 825.0 799.0 772.0 786.0 813.0 817.0 
822.0 866.0 940.0 1015.0 1079.0 1138.0 1211.0 
1320.0 1421.0 1488.0 1560.0 1625.0 1645.0 1622.0 
1574.0 1496.0 1391.0 1293.0 1201.0 1106.0 1028.0 
973.0 964.0 1021.0 1114.0 1209.0 1304.0 1425.0 
1557.0 1670.0 1739.0 1774.0 1810.0 1858.0 1892.0 
1924.0 1982.0 2087.0 2217.0 2315.0 2367.0 2410.0 
2459.0 2476.0 2444.0 2413.0 2390.0 2355.0 2319.0 
2270.0 2190.0 2086.0 1967.0 1823.0 1674.0 1544.0 
1409.0 1278.0 1187.0 1157.0 1139.0 1090.0 1042.0 
1033.0 1030.0 989.0 914.0 858.0 834.0 820.0 
785.0 740.0 714.0 682.0 663.0 686.0 722.0 
781.0 865.0 946.0 1038.0 1127.0 1178.0 1226.0 
1285.0 1309.0 1292.0 1252.0 1198.0 1142.0 1079.0 
1016.0 962.0 907.0 855.0 813.0 749.0 647.0 
551.0 497.0 455.0 418.0 385.0 339.0 279.0 
209.0 127.0 63.0 29.0 8.0 -1.0 26.0 
90.0 158.0 265.0 450.0 659.0 863.0 1066.0 
1243.0 1390.0 1519.0 1603.0 1653.0 1686.0 1733.0 
1802.0 1869.0 1915.0 1948.0 2000.0 2097.0 2192.0 
2222.0 2233.0 2264.0 2269.0 2234.0 2197.0 2164.0 
2133.0 2103.0 2074.0 2086.0 2126.0 2149.0 2152.0 
2148.0 2144.0 2152.0 2148.0 2120.0 2098.0 2078.0 
2063.0 2080.0 2126.0 2173.0 2197.0 2212.0 2211.0 
2186.0 2148.0 2097.0 2025.0 1966.0 1921.0 1875.0 
1814.0 1726.0 1634.0 1540.0 1417.0 1262.0 1101.0 
940.0 785.0 671.0 592.0 524.0 475.0 455.0 
459.0 471.0 472.0 457.0 438.0 426.0 394.0 
338.0 273.0 216.0 173.0 159.0 170.0 181.0 
210.0 263.0 323.0 404.0 513.0 618.0 715.0 
827.0 944.0 1042.0 1122.0 1217.0 1329.0 1430.0 
1500.0 1528.0 1552.0 1621.0 1708.0 1749.0 1715.0 
1662.0 1652.0 1669.0 1661.0 1621.0 1591.0 1590.0 
1620.0 1668.0 1663.0 1614.0 1622.0 1690.0 1727.0 
1747.0 1829.0 1983.0 2147.0 2272.0 2392.0 2523.0 
2645.0 2752.0 2837.0 2877.0 2879.0 2883.0 2890.0 
2872.0 2809.0 2695.0 2562.0 2459.0 2356.0 2200.0 
2007.0 1812.0 1621.0 1403.0 1138.0 868.0 642.0 
469.0 318.0 158.0 -15.0 -152.0 -229.0 -291.0 
-376.0 -448.0 -464.0 -423.0 -349.0 -256.0 -162.0 
-65.0 68.0 236.0 385.0 495.0 615.0 768.0 
917.0 1024.0 1096.0 1180.0 1271.0 1333.0 1381.0 
1420.0 1400.0 1344.0 1310.0 1273.0 1230.0 1203.0 
1187.0 1192.0 1211.0 1222.0 1217.0 1211.0 1220.0 
1236.0 1229.0 1212.0 1216.0 1262.0 1326.0 1361.0 
1379.0 1428.0 1508.0 1585.0 1641.0 1685.0 1716.0 
1752.0 1784.0 1798.0 1788.0 1787.0 1757.0 1682.0 
1609.0 1542.0 1435.0 1308.0 1227.0 1177.0 1118.0 
1061.0 1044.0 1060.0 1062.0 1049.0 1043.0 1045.0 
1076.0 1146.0 1210.0 1260.0 1346.0 1471.0 1585.0 
1666.0 1757.0 1883.0 1990.0 2052.0 2104.0 2128.0 
2098.0 2062.0 2060.0 2055.0 2004.0 1912.0 1809.0 
1713.0 1605.0 1473.0 1342.0 1213.0 1092.0 979.0 
859.0 727.0 562.0 420.0 331.0 201.0 24.0 
-124.0 -240.0 -328.0 -386.0 -416.0 -427.0 -427.0 
-420.0 -396.0 -356.0 -300.0 -206.0 -75.0 61.0 
198.0 333.0 470.0 611.0 734.0 860.0 998.0 
1100.0 1182.0 1278.0 1373.0 1468.0 1594.0 1738.0 
1884.0 2035.0 2180.0 2305.0 2432.0 2531.0 2578.0 
2593.0 2598.0 2600.0 2596.0 2539.0 2414.0 2293.0 
2209.0 2144.0 2082.0 2015.0 1943.0 1872.0 1834.0 
1792.0 1691.0 1568.0 1468.0 1349.0 1215.0 1075.0 
930.0 786.0 680.0 598.0 512.0 421.0 370.0 
352.0 332.0 304.0 266.0 224.0 196.0 167.0 
136.0 126.0 126.0 136.0 179.0 237.0 281.0 
309.0 322.0 321.0 331.0 352.0 357.0 336.0 
313.0 302.0 302.0 312.0 317.0 299.0 285.0 
278.0 254.0 245.0 298.0 367.0 415.0 483.0 
602.0 737.0 857.0 955.0 1059.0 1187.0 1318.0 
1428.0 1537.0 1656.0 1780.0 1887.0 1971.0 2048.0 
2122.0 2173.0 2191.0 2172.0 2122.0 2040.0 1929.0 
1814.0 1709.0 1576.0 1414.0 1300.0 1230.0 1142.0 
1049.0 978.0 932.0 919.0 925.0 908.0 858.0 
837.0 871.0 890.0 887.0 901.0 902.0 858.0 
832.0 831.0 785.0 699.0 641.0 594.0 531.0 
462.0 388.0 321.0 262.0 166.0 52.0 -39.0 
-131.0 -241.0 -336.0 -405.0 -456.0 -473.0 -441.0 
-388.0 -314.0 -205.0 -73.0 55.0 185.0 317.0 
456.0 582.0 693.0 822.0 955.0 1060.0 1152.0 
1236.0 1333.0 1452.0 1554.0 1640.0 1732.0 1806.0 
1848.0 1834.0 1764.0 1661.0 1539.0 1395.0 1232.0 
1045.0 852.0 702.0 565.0 399.0 268.0 179.0 
85.0 -24.0 -105.0 -173.0 -257.0 -298.0 -274.0 
-272.0 -300.0 -301.0 -273.0 -246.0 -217.0 -182.0 
-161.0 -157.0 -141.0 -120.0 -145.0 -215.0 -265.0 
-285.0 -318.0 -363.0 -387.0 -366.0 -313.0 -271.0 
-222.0 -145.0 -55.0 26.0 123.0 254.0 386.0 
494.0 620.0 767.0 883.0 956.0 1016.0 1062.0 
1132.0 1222.0 1262.0 1253.0 1272.0 1343.0 1407.0 
1408.0 1398.0 1423.0 1468.0 1502.0 1520.0 1519.0 
1501.0 1477.0 1457.0 1406.0 1340.0 1292.0 1236.0 
1157.0 1066.0 957.0 824.0 690.0 580.0 479.0 
368.0 233.0 95.0 -3.0 -86.0 -192.0 -299.0 
-353.0 -355.0 -359.0 -367.0 -364.0 -328.0 -268.0 
-203.0 -134.0 -57.0 24.0 110.0 193.0 261.0 
317.0 394.0 459.0 508.0 581.0 646.0 655.0 
640.0 635.0 655.0 669.0 654.0 638.0 615.0 
529.0 409.0 293.0 166.0 17.0 -139.0 -289.0 
-416.0 -556.0 -702.0 -821.0 -926.0 -1037.0 -1127.0 
-1208.0 -1288.0 -1373.0 -1445.0 -1480.0 -1503.0 -1542.0 
-1559.0 -1548.0 -1536.0 -1505.0 -1439.0 -1354.0 -1244.0 
-1107.0 -940.0 -758.0 -577.0 -399.0 -198.0 35.0 
270.0 480.0 689.0 906.0 1100.0 1266.0 1407.0 
1497.0 1557.0 1613.0 1642.0 1605.0 1545.0 1476.0 
1384.0 1283.0 1182.0 1078.0 979.0 881.0 797.0 
733.0 666.0 587.0 541.0 514.0 489.0 444.0 
376.0 319.0 285.0 250.0 199.0 140.0 103.0 
101.0 123.0 133.0 130.0 145.0 206.0 269.0 
304.0 327.0 375.0 433.0 458.0 471.0 481.0 
440.0 380.0 322.0 234.0 125.0 10.0 -121.0 
-248.0 -365.0 -501.0 -657.0 -805.0 -924.0 -1008.0 
-1083.0 -1165.0 -1225.0 -1236.0 -1244.0 -1256.0 -1260.0 
-1258.0 -1237.0 -1192.0 -1147.0 -1108.0 -1065.0 -995.0 
-903.0 -826.0 -774.0 -743.0 -726.0 -680.0 -605.0 
-541.0 -508.0 -482.0 -422.0 -333.0 -273.0 -223.0 
-135.0 -34.0 59.0 166.0 260.0 320.0 385.0 
469.0 535.0 561.0 592.0 636.0 666.0 676.0 
683.0 681.0 680.0 707.0 749.0 776.0 820.0 
901.0 1012.0 1126.0 1230.0 1334.0 1427.0 1498.0 
1566.0 1637.0 1679.0 1698.0 1726.0 1751.0 1745.0 
1735.0 1738.0 1746.0 1719.0 1636.0 1527.0 1416.0 
1261.0 1065.0 865.0 654.0 412.0 168.0 -67.0 
-300.0 -528.0 -733.0 -915.0 -1078.0 -1217.0 -1333.0 
-1445.0 -1521.0 -1537.0 -1532.0 -1530.0 -1506.0 -1458.0 
-1405.0 -1356.0 -1325.0 -1291.0 -1254.0 -1222.0 -1189.0 
-1170.0 -1184.0 -1201.0 -1217.0 -1244.0 -1274.0 -1320.0 
-1362.0 -1385.0 -1393.0 -1390.0 -1395.0 -1403.0 -1377.0 
-1318.0 -1264.0 -1227.0 -1191.0 -1139.0 -1063.0 -956.0 
-836.0 -720.0 -580.0 -432.0 -307.0 -203.0 -107.0 
-9.0 90.0 176.0 245.0 288.0 328.0 367.0 
397.0 418.0 423.0 401.0 356.0 313.0 273.0 
204.0 110.0 14.0 -86.0 -209.0 -338.0 -467.0 
-581.0 -678.0 -768.0 -854.0 -918.0 -957.0 -966.0 
-969.0 -992.0 -1020.0 -1023.0 -993.0 -947.0 -900.0 
-838.0 -723.0 -575.0 -438.0 -304.0 -187.0 -78.0 
44.0 150.0 222.0 279.0 311.0 333.0 363.0 
390.0 405.0 421.0 432.0 437.0 420.0 378.0 
343.0 321.0 284.0 230.0 159.0 66.0 -9.0 
-54.0 -108.0 -165.0 -189.0 -178.0 -160.0 -133.0 
-98.0 -67.0 -23.0 59.0 143.0 217.0 288.0 
348.0 388.0 422.0 457.0 478.0 476.0 461.0 
427.0 367.0 287.0 204.0 115.0 -1.0 -141.0 
-280.0 -414.0 -536.0 -637.0 -738.0 -860.0 -973.0 
-1052.0 -1094.0 -1121.0 -1149.0 -1170.0 -1160.0 -1130.0 
-1088.0 -1033.0 -980.0 -945.0 -911.0 -853.0 -801.0 
-798.0 -787.0 -725.0 -679.0 -674.0 -654.0 -612.0 
-592.0 -595.0 -601.0 -614.0 -643.0 -674.0 -688.0 
-704.0 -721.0 -709.0 -689.0 -695.0 -695.0 -690.0 
-683.0 -658.0 -617.0 -589.0 -566.0 -551.0 -545.0 
-534.0 -511.0 -486.0 -447.0 -410.0 -388.0 -376.0 
-354.0 -295.0 -218.0 -169.0 -150.0 -138.0 -121.0 
-105.0 -77.0 -56.0 -80.0 -115.0 -131.0 -162.0 
-222.0 -287.0 -346.0 -397.0 -441.0 -487.0 -530.0 
-576.0 -632.0 -687.0 -714.0 -734.0 -758.0 -780.0 
-789.0 -773.0 -750.0 -746.0 -733.0 -686.0 -646.0 
-636.0 -632.0 -645.0 -663.0 -666.0 -706.0 -787.0 
-841.0 -866.0 -898.0 -925.0 -923.0 -930.0 -924.0 
-860.0 -788.0 -740.0 -680.0 -608.0 -529.0 -410.0 
-251.0 -124.0 -47.0 48.0 190.0 343.0 459.0 
528.0 603.0 676.0 692.0 677.0 671.0 663.0 
648.0 615.0 564.0 523.0 494.0 435.0 353.0 
284.0 232.0 191.0 149.0 86.0 0.0 -94.0 
-199.0 -298.0 -374.0 -452.0 -543.0 -639.0 -731.0 
-797.0 -826.0 -862.0 -939.0 -1006.0 -1036.0 -1075.0 
-1133.0 -1190.0 -1240.0 -1299.0 -1368.0 -1439.0 -1494.0 
-1507.0 -1486.0 -1442.0 -1387.0 -1354.0 -1316.0 -1235.0 
-1136.0 -1068.0 -1017.0 -952.0 -869.0 -783.0 -707.0 
-645.0 -598.0 -556.0 -491.0 -428.0 -410.0 -399.0 
-351.0 -295.0 -240.0 -168.0 -88.0 -8.0 79.0 
204.0 334.0 428.0 506.0 610.0 739.0 850.0 
948.0 1060.0 1195.0 1318.0 1400.0 1462.0 1539.0 
1630.0 1708.0 1756.0 1781.0 1782.0 1780.0 1765.0 
1687.0 1581.0 1506.0 1423.0 1286.0 1142.0 1015.0 
875.0 743.0 602.0 421.0 233.0 70.0 -96.0 
-276.0 -439.0 -607.0 -805.0 -999.0 -1167.0 -1322.0 
-1492.0 -1661.0 -1817.0 -1960.0 -2092.0 -2220.0 -2359.0 
-2478.0 -2559.0 -2620.0 -2697.0 -2781.0 -2831.0 -2833.0 
-2807.0 -2770.0 -2736.0 -2693.0 -2632.0 -2560.0 -2481.0 
-2392.0 -2294.0 -2163.0 -1998.0 -1840.0 -1714.0 -1593.0 
-1450.0 -1303.0 -1179.0 -1048.0 -905.0 -767.0 -628.0 
-483.0 -351.0 -239.0 -118.0 7.0 130.0 237.0 
303.0 342.0 396.0 487.0 561.0 558.0 541.0 
585.0 655.0 686.0 666.0 633.0 637.0 661.0 
649.0 595.0 547.0 529.0 493.0 435.0 398.0 
385.0 384.0 402.0 414.0 418.0 431.0 466.0 
510.0 560.0 572.0 546.0 530.0 541.0 533.0 
480.0 406.0 359.0 337.0 294.0 231.0 158.0 
50.0 -58.0 -119.0 -156.0 -227.0 -330.0 -421.0 
-482.0 -553.0 -638.0 -715.0 -790.0 -865.0 -935.0 
-1005.0 -1068.0 -1103.0 -1130.0 -1192.0 -1275.0 -1349.0 
-1405.0 -1462.0 -1504.0 -1505.0 -1499.0 -1512.0 -1531.0 
-1526.0 -1497.0 -1490.0 -1482.0 -1410.0 -1278.0 -1184.0 
-1132.0 -1030.0 -889.0 -769.0 -628.0 -461.0 -309.0 
-137.0 76.0 241.0 327.0 400.0 502.0 601.0 
661.0 689.0 695.0 674.0 628.0 560.0 469.0 
348.0 209.0 96.0 17.0 -78.0 -198.0 -324.0 
-420.0 -488.0 -553.0 -614.0 -662.0 -702.0 -723.0 
-744.0 -810.0 -886.0 -944.0 -1023.0 -1120.0 -1195.0 
-1244.0 -1293.0 -1342.0 -1416.0 -1515.0 -1596.0 -1638.0 
-1666.0 -1698.0 -1722.0 -1706.0 -1669.0 -1649.0 -1660.0 
-1650.0 -1586.0 -1480.0 -1379.0 -1287.0 -1210.0 -1143.0 
-1035.0 -853.0 -677.0 -551.0 -414.0 -227.0 -67.0 
66.0 236.0 400.0 510.0 627.0 775.0 888.0 
940.0 1016.0 1131.0 1189.0 1183.0 1187.0 1192.0 
1168.0 1154.0 1139.0 1075.0 992.0 940.0 903.0 
814.0 695.0 635.0 629.0 591.0 546.0 521.0 
468.0 411.0 417.0 413.0 341.0 302.0 318.0 
287.0 221.0 187.0 177.0 161.0 152.0 127.0 
62.0 -10.0 -55.0 -109.0 -192.0 -260.0 -329.0 
-447.0 -570.0 -684.0 -821.0 -971.0 -1083.0 -1183.0 
-1301.0 -1399.0 -1473.0 -1552.0 -1617.0 -1642.0 -1631.0 
-1606.0 -1590.0 -1577.0 -1546.0 -1494.0 -1435.0 -1376.0 
-1293.0 -1177.0 -1068.0 -1004.0 -936.0 -833.0 -728.0 
-622.0 -510.0 -416.0 -340.0 -240.0 -140.0 -78.0 
-10.0 62.0 111.0 148.0 203.0 241.0 224.0 
191.0 173.0 136.0 77.0 26.0 -22.0 -67.0 
-97.0 -150.0 -231.0 -318.0 -386.0 -402.0 -408.0 
-462.0 -505.0 -450.0 -385.0 -361.0 -323.0 -264.0 
-201.0 -120.0 -36.0 29.0 107.0 182.0 263.0 
355.0 421.0 460.0 500.0 536.0 550.0 584.0 
628.0 651.0 657.0 657.0 669.0 673.0 687.0 
720.0 733.0 700.0 667.0 668.0 664.0 639.0 
602.0 549.0 509.0 486.0 457.0 403.0 344.0 
294.0 250.0 211.0 194.0 164.0 132.0 154.0 
165.0 113.0 65.0 33.0 -6.0 -19.0 0.0 
-20.0 -64.0 -77.0 -103.0 -153.0 -202.0 -263.0 
-303.0 -318.0 -349.0 -400.0 -442.0 -490.0 -532.0 
-541.0 -558.0 -612.0 -655.0 -653.0 -626.0 -636.0 
-654.0 -615.0 -540.0 -484.0 -422.0 -346.0 -269.0 
-174.0 -65.0 10.0 65.0 120.0 180.0 257.0 
363.0 464.0 540.0 588.0 622.0 665.0 711.0 
734.0 750.0 759.0 758.0 739.0 729.0 724.0 
732.0 747.0 734.0 682.0 653.0 669.0 674.0 
644.0 631.0 626.0 626.0 650.0 654.0 625.0 
610.0 607.0 576.0 551.0 543.0 510.0 456.0 
407.0 351.0 266.0 174.0 94.0 6.0 -97.0 
-207.0 -298.0 -353.0 -394.0 -453.0 -534.0 -614.0 
-701.0 -771.0 -827.0 -882.0 -933.0 -976.0 -1009.0 
-1004.0 -981.0 -968.0 -928.0 -872.0 -824.0 -740.0 
-647.0 -589.0 -526.0 -426.0 -314.0 -222.0 -161.0 
-97.0 -10.0 76.0 142.0 184.0 200.0 203.0 
212.0 218.0 240.0 271.0 281.0 261.0 228.0 
204.0 156.0 95.0 69.0 42.0 -10.0 -53.0 
-63.0 -67.0 -82.0 -84.0 -83.0 -47.0 45.0 
140.0 185.0 205.0 228.0 274.0 337.0 396.0 
422.0 424.0 405.0 381.0 367.0 371.0 374.0 
357.0 322.0 282.0 235.0 212.0 207.0 154.0 
43.0 -45.0 -84.0 -101.0 -146.0 -227.0 -285.0 
-304.0 -329.0 -345.0 -373.0 -445.0 -489.0 -464.0 
-444.0 -425.0 -378.0 -320.0 -259.0 -191.0 -117.0 
-36.0 36.0 100.0 172.0 235.0 257.0 277.0 
322.0 358.0 355.0 322.0 289.0 291.0 283.0 
235.0 175.0 99.0 7.0 -58.0 -100.0 -153.0 
-231.0 -299.0 -306.0 -301.0 -341.0 -379.0 -373.0 
-344.0 -333.0 -327.0 -317.0 -309.0 -299.0 -261.0 
-228.0 -223.0 -200.0 -145.0 -77.0 -3.0 64.0 
149.0 252.0 340.0 415.0 515.0 593.0 630.0 
692.0 781.0 838.0 877.0 937.0 994.0 1023.0 
1047.0 1091.0 1143.0 1192.0 1244.0 1276.0 1278.0 
1288.0 1326.0 1372.0 1383.0 1348.0 1306.0 1297.0 
1290.0 1264.0 1211.0 1118.0 1029.0 972.0 891.0 
748.0 606.0 496.0 402.0 302.0 191.0 80.0 
-12.0 -87.0 -157.0 -234.0 -311.0 -383.0 -451.0 
-524.0 -593.0 -664.0 -757.0 -863.0 -971.0 -1097.0 
-1213.0 -1293.0 -1355.0 -1423.0 -1496.0 -1566.0 -1610.0 
-1635.0 -1675.0 -1724.0 -1743.0 -1726.0 -1686.0 -1629.0 
-1570.0 -1507.0 -1421.0 -1307.0 -1169.0 -1026.0 -860.0 
-685.0 -512.0 -315.0 -104.0 61.0 191.0 365.0 
562.0 697.0 776.0 869.0 973.0 1059.0 1133.0 
1182.0 1199.0 1229.0 1286.0 1334.0 1379.0 1423.0 
1462.0 1493.0 1543.0 1620.0 1666.0 1663.0 1675.0 
1729.0 1749.0 1713.0 1691.0 1686.0 1673.0 1643.0 
1574.0 1497.0 1441.0 1370.0 1277.0 1169.0 1058.0 
964.0 875.0 773.0 687.0 593.0 453.0 317.0 
222.0 104.0 -37.0 -161.0 -259.0 -335.0 -414.0 
-516.0 -622.0 -704.0 -747.0 -765.0 -763.0 -764.0 
-765.0 -757.0 -749.0 -738.0 -730.0 -723.0 -707.0 
-675.0 -644.0 -649.0 -662.0 -651.0 -647.0 -671.0 
-716.0 -766.0 -790.0 -798.0 -823.0 -862.0 -882.0 
-883.0 -886.0 -890.0 -888.0 -880.0 -881.0 -878.0 
-857.0 -831.0 -780.0 -698.0 -616.0 -544.0 -444.0 
-295.0 -143.0 -18.0 123.0 306.0 485.0 645.0 
790.0 935.0 1086.0 1219.0 1331.0 1433.0 1543.0 
1646.0 1720.0 1782.0 1854.0 1904.0 1906.0 1889.0 
1870.0 1851.0 1814.0 