15420.0 15746.0 15729.0 15733.0 15852.0 15746.0 15739.0 
15593.0 15740.0 15600.0 15465.0 15716.0 15744.0 15747.0 
15834.0 16310.0 16244.0 16247.0 16490.0 16611.0 16431.0 
16263.0 16374.0 16088.0 16136.0 16122.0 16253.0 16138.0 
16296.0 16512.0 16331.0 16489.0 16662.0 16335.0 16493.0 
16454.0 16436.0 16306.0 16531.0 16324.0 16365.0 16150.0 
15955.0 16043.0 15708.0 15717.0 15605.0 15685.0 15570.0 
15576.0 15629.0 15557.0 15742.0 15806.0 15675.0 15697.0 
15836.0 15642.0 15397.0 15663.0 15475.0 15508.0 15529.0 
15547.0 15506.0 15674.0 15558.0 15396.0 15529.0 15367.0 
15283.0 15512.0 15405.0 15418.0 15375.0 15530.0 15567.0 
15452.0 15559.0 15651.0 15589.0 15543.0 15734.0 15751.0 
15647.0 15630.0 15590.0 15461.0 15523.0 15528.0 15326.0 
15442.0 15536.0 15415.0 15411.0 15369.0 15216.0 15223.0 
15174.0 15160.0 15320.0 15105.0 15129.0 15200.0 15203.0 
15075.0 15036.0 14985.0 14867.0 14890.0 14748.0 14677.0 
14595.0 14395.0 14030.0 14162.0 14131.0 14234.0 14102.0 
14294.0 14426.0 14562.0 14539.0 14688.0 14593.0 14667.0 
14742.0 14584.0 14608.0 14573.0 14650.0 14597.0 14762.0 
14780.0 14709.0 14930.0 14734.0 14794.0 14624.0 14494.0 
14573.0 14390.0 14518.0 14439.0 14533.0 14834.0 14854.0 
14646.0 15084.0 14745.0 14774.0 14548.0 14330.0 14377.0 
14363.0 13968.0 14306.0 14322.0 14346.0 14421.0 14644.0 
14677.0 14604.0 14656.0 14656.0 14385.0 14337.0 14352.0 
14091.0 14240.0 14213.0 14345.0 14501.0 14680.0 14915.0 
15171.0 15159.0 15394.0 15238.0 15064.0 15160.0 15178.0 
14937.0 15190.0 14976.0 15100.0 14871.0 15042.0 15008.0 
14834.0 14884.0 14918.0 14767.0 14645.0 14817.0 14842.0 
14825.0 14624.0 14559.0 14523.0 14399.0 14237.0 14153.0 
14034.0 14386.0 14396.0 14585.0 14650.0 14981.0 15106.0 
15151.0 15055.0 15104.0 15298.0 15121.0 14897.0 14932.0 
15009.0 14764.0 14630.0 14562.0 14932.0 14658.0 14618.0 
14856.0 14955.0 14888.0 14978.0 15192.0 15091.0 15223.0 
15169.0 15184.0 15159.0 14975.0 15125.0 14925.0 14681.0 
14896.0 14596.0 14659.0 14590.0 14687.0 14776.0 14734.0 
14682.0 14735.0 14780.0 14773.0 14600.0 14697.0 14586.0 
14625.0 14694.0 14532.0 14651.0 14831.0 14620.0 14924.0 
14922.0 15063.0 14975.0 15155.0 15287.0 15170.0 15176.0 
15179.0 15024.0 14977.0 15077.0 14806.0 14720.0 14861.0 
14780.0 14589.0 14584.0 14580.0 14679.0 14340.0 14743.0 
14491.0 14623.0 14859.0 15069.0 15033.0 15272.0 15286.0 
15618.0 15340.0 15554.0 15345.0 15271.0 15230.0 15079.0 
15085.0 15103.0 15020.0 15126.0 15317.0 15375.0 15455.0 
15498.0 15615.0 15499.0 15871.0 15510.0 15747.0 15456.0 
15705.0 15385.0 15274.0 15371.0 15066.0 15324.0 14858.0 
15043.0 15033.0 14816.0 14943.0 14938.0 14864.0 14999.0 
14893.0 15022.0 15119.0 15297.0 15363.0 15306.0 15387.0 
15344.0 15383.0 15088.0 15305.0 15169.0 15253.0 15335.0 
15563.0 15449.0 15476.0 15790.0 15630.0 15860.0 15975.0 
16069.0 16247.0 16270.0 16504.0 16483.0 16383.0 16562.0 
16287.0 16384.0 16137.0 16257.0 16186.0 16215.0 16120.0 
16215.0 16387.0 16166.0 16311.0 16379.0 16468.0 16395.0 
16529.0 16223.0 16434.0 16263.0 16296.0 16066.0 16108.0 
16291.0 16344.0 16422.0 16631.0 16969.0 17054.0 16985.0 
17047.0 17292.0 17004.0 17135.0 16898.0 17115.0 16877.0 
16538.0 16803.0 16556.0 16386.0 16515.0 16432.0 16247.0 
16317.0 16224.0 16272.0 16271.0 16430.0 16384.0 16589.0 
16613.0 16529.0 16787.0 16781.0 16966.0 16872.0 16863.0 
16871.0 16997.0 16827.0 16813.0 16957.0 16795.0 16823.0 
16659.0 16913.0 16908.0 16681.0 16919.0 16931.0 16960.0 
17130.0 16798.0 17002.0 17100.0 16978.0 16918.0 17093.0 
16794.0 17007.0 16745.0 16500.0 16883.0 16524.0 16639.0 
16603.0 16581.0 16425.0 16419.0 16301.0 16350.0 16529.0 
16561.0 16419.0 16518.0 16632.0 16459.0 16520.0 16408.0 
16445.0 16158.0 15895.0 15991.0 15880.0 15675.0 15785.0 
15752.0 15879.0 15997.0 16146.0 16267.0 16204.0 16260.0 
16109.0 16140.0 15836.0 15925.0 15750.0 15424.0 15881.0 
15515.0 15518.0 15961.0 15958.0 16133.0 16301.0 16307.0 
16301.0 16414.0 16386.0 16493.0 16620.0 16453.0 16576.0 
16715.0 16655.0 16575.0 16531.0 16494.0 16256.0 16023.0 
16066.0 15685.0 15440.0 15478.0 15352.0 15168.0 15418.0 
15441.0 15419.0 15577.0 15575.0 15673.0 15718.0 15641.0 
15550.0 15597.0 15549.0 15436.0 15325.0 15266.0 15163.0 
15204.0 15176.0 15211.0 15515.0 15494.0 15595.0 15512.0 
15546.0 15624.0 15516.0 15437.0 15236.0 15134.0 15103.0 
14723.0 14650.0 14947.0 14534.0 14571.0 14627.0 14614.0 
14528.0 14727.0 14775.0 14720.0 14927.0 15007.0 15061.0 
15194.0 15355.0 15193.0 15189.0 15182.0 15154.0 14928.0 
14972.0 14717.0 14730.0 14745.0 14721.0 14607.0 14715.0 
14763.0 14716.0 14791.0 14785.0 14804.0 14582.0 14637.0 
14638.0 14567.0 14494.0 14854.0 14525.0 14625.0 14649.0 
14647.0 14593.0 14634.0 14678.0 14884.0 14760.0 14707.0 
14673.0 14724.0 14807.0 14934.0 15043.0 15151.0 15269.0 
15374.0 15497.0 15557.0 15500.0 15603.0 15524.0 15445.0 
15394.0 15351.0 15351.0 14969.0 15013.0 14915.0 14822.0 
14966.0 14720.0 14834.0 15025.0 14866.0 14897.0 15019.0 
15184.0 14775.0 14621.0 14874.0 14832.0 14494.0 14709.0 
14973.0 14743.0 14946.0 15229.0 15381.0 15357.0 15460.0 
15801.0 15651.0 15547.0 15528.0 15555.0 15631.0 15466.0 
15455.0 15555.0 15350.0 15494.0 15502.0 15475.0 15461.0 
15792.0 15813.0 15608.0 16075.0 16207.0 16059.0 16165.0 
16446.0 16285.0 16097.0 16381.0 16000.0 15878.0 15804.0 
15892.0 15929.0 15965.0 15991.0 15989.0 15970.0 15932.0 
15726.0 15679.0 15628.0 15391.0 15524.0 15577.0 15685.0 
15710.0 15971.0 16109.0 16066.0 16130.0 16276.0 16480.0 
16187.0 16270.0 16444.0 16303.0 16419.0 16490.0 16315.0 
16242.0 16479.0 16306.0 16033.0 16291.0 16398.0 15961.0 
16016.0 16081.0 15993.0 15784.0 15883.0 16202.0 16081.0 
16095.0 16081.0 16231.0 16125.0 16002.0 16038.0 15982.0 
15852.0 15818.0 15800.0 15581.0 15562.0 15298.0 15411.0 
15147.0 14906.0 14950.0 15282.0 14773.0 15070.0 15327.0 
15164.0 15111.0 15305.0 15250.0 15284.0 15267.0 15311.0 
15275.0 15130.0 15285.0 15096.0 15150.0 15284.0 15259.0 
15559.0 15473.0 15573.0 15516.0 15409.0 15242.0 15392.0 
15211.0 15107.0 15198.0 15068.0 14846.0 14698.0 14774.0 
14692.0 14386.0 14569.0 14403.0 14207.0 14489.0 13998.0 
14358.0 14376.0 14532.0 14641.0 14781.0 14899.0 15048.0 
14850.0 14940.0 14748.0 14841.0 14714.0 14540.0 14626.0 
14577.0 14439.0 14469.0 14283.0 14332.0 14183.0 14079.0 
14180.0 13844.0 13854.0 14077.0 13929.0 14181.0 14092.0 
14164.0 14371.0 14364.0 14324.0 14366.0 14216.0 14244.0 
14206.0 13951.0 14113.0 14219.0 13999.0 14015.0 14190.0 
14058.0 14201.0 14099.0 14362.0 14184.0 14354.0 14370.0 
14445.0 14361.0 14314.0 14220.0 14262.0 14331.0 14141.0 
14306.0 14295.0 14116.0 14063.0 14083.0 13641.0 13878.0 
13771.0 13319.0 13576.0 13529.0 13617.0 13558.0 13714.0 
14000.0 13705.0 13934.0 13810.0 13937.0 13878.0 13820.0 
14011.0 13944.0 13935.0 13945.0 13999.0 14009.0 14046.0 
14030.0 14141.0 14085.0 14175.0 14122.0 14122.0 14214.0 
13974.0 13932.0 14095.0 13661.0 13793.0 13656.0 13663.0 
13597.0 13746.0 13779.0 13964.0 14053.0 14158.0 14136.0 
14384.0 14480.0 14359.0 14371.0 14333.0 14366.0 14278.0 
14361.0 14431.0 14462.0 14540.0 14601.0 14474.0 14444.0 
14466.0 14344.0 14064.0 14402.0 14230.0 14213.0 14325.0 
14457.0 14611.0 14764.0 14874.0 14962.0 14961.0 14989.0 
15055.0 14916.0 14834.0 14761.0 14631.0 14565.0 14534.0 
14675.0 14651.0 14811.0 14835.0 15043.0 15041.0 15153.0 
15160.0 15226.0 15411.0 15265.0 15429.0 15211.0 15474.0 
15292.0 15224.0 15128.0 15031.0 14799.0 14492.0 14614.0 
14674.0 14316.0 14405.0 14657.0 14489.0 14579.0 14631.0 
14557.0 14587.0 14676.0 14685.0 14865.0 14743.0 14825.0 
14687.0 14682.0 14383.0 14206.0 13866.0 13825.0 13611.0 
13751.0 13762.0 13843.0 14113.0 14302.0 14325.0 14380.0 
14469.0 14516.0 14387.0 14477.0 14487.0 14382.0 14655.0 
14681.0 14569.0 14666.0 14959.0 14690.0 14808.0 14709.0 
14920.0 14876.0 14821.0 14860.0 14798.0 14910.0 14603.0 
14683.0 14991.0 14965.0 14812.0 14807.0 14929.0 14879.0 
14716.0 14731.0 14747.0 14588.0 15013.0 14737.0 14785.0 
14930.0 14885.0 14883.0 14830.0 15238.0 15260.0 15152.0 
15281.0 15418.0 15314.0 15557.0 15257.0 15129.0 15195.0 
14931.0 14994.0 15227.0 15077.0 15147.0 15213.0 15121.0 
15120.0 15171.0 15360.0 15243.0 15189.0 15225.0 15193.0 
15195.0 15361.0 15252.0 15334.0 15514.0 15681.0 15538.0 
15721.0 15755.0 15578.0 15765.0 15835.0 16009.0 15923.0 
15911.0 16114.0 16019.0 16031.0 15920.0 15916.0 15899.0 
15843.0 15761.0 15743.0 15723.0 15758.0 15913.0 15669.0 
15876.0 15677.0 15612.0 15685.0 15664.0 15601.0 15975.0 
16016.0 15819.0 16107.0 16041.0 15934.0 16106.0 16162.0 
15895.0 16154.0 15879.0 15765.0 15600.0 15540.0 15383.0 
15233.0 15103.0 15218.0 15449.0 15517.0 15625.0 15909.0 
15962.0 16048.0 16060.0 16053.0 15926.0 16050.0 15829.0 
15956.0 15795.0 15902.0 15849.0 15677.0 15862.0 15703.0 
15690.0 15627.0 15545.0 15699.0 15653.0 15672.0 15847.0 
15783.0 15918.0 15893.0 16020.0 15860.0 15793.0 15776.0 
15749.0 15498.0 15695.0 15758.0 15573.0 15492.0 15805.0 
15390.0 15689.0 15784.0 15803.0 15702.0 15782.0 15928.0 
15770.0 15964.0 16039.0 16045.0 16073.0 16131.0 16053.0 
15914.0 15866.0 15856.0 15783.0 15545.0 15712.0 15513.0 
15488.0 15308.0 15319.0 15209.0 15429.0 15284.0 15446.0 
15648.0 15654.0 15610.0 15457.0 15502.0 15256.0 15428.0 
14965.0 14950.0 14693.0 14729.0 14695.0 14627.0 14718.0 
14768.0 14781.0 14847.0 14889.0 14903.0 14894.0 15258.0 
14704.0 14896.0 14779.0 14483.0 14538.0 14576.0 14506.0 
14416.0 14379.0 14156.0 14313.0 14058.0 14043.0 14091.0 
14041.0 14151.0 14174.0 14235.0 14361.0 14226.0 14276.0 
13931.0 14040.0 14015.0 14032.0 14335.0 14324.0 14216.0 
14302.0 14537.0 14417.0 14188.0 14300.0 14135.0 14095.0 
13881.0 13825.0 13809.0 14060.0 13667.0 13842.0 14171.0 
13894.0 13870.0 13769.0 13948.0 13846.0 13756.0 14013.0 
14061.0 14149.0 14248.0 14280.0 14379.0 14383.0 14346.0 
14362.0 14527.0 14489.0 14582.0 14657.0 14718.0 14675.0 
14745.0 14756.0 14505.0 14666.0 14447.0 14394.0 14382.0 
14168.0 14259.0 14266.0 14283.0 14352.0 14320.0 14534.0 
14487.0 14495.0 14488.0 14241.0 14485.0 14394.0 14251.0 
14698.0 14429.0 14471.0 14585.0 14421.0 14561.0 14296.0 
14640.0 14579.0 14356.0 14551.0 14542.0 14324.0 14631.0 
14178.0 14612.0 14484.0 14534.0 14894.0 14756.0 15159.0 
14951.0 15057.0 14964.0 14971.0 14903.0 14738.0 14794.0 
14955.0 14858.0 14779.0 14738.0 14905.0 14728.0 14538.0 
14788.0 14683.0 14841.0 14649.0 14535.0 14859.0 14685.0 
14650.0 14501.0 14589.0 14441.0 14307.0 14160.0 14291.0 
14473.0 14199.0 14267.0 14459.0 14178.0 14257.0 14180.0 
14140.0 14285.0 14178.0 14187.0 13985.0 14150.0 14158.0 
13944.0 14288.0 13917.0 14025.0 14132.0 13944.0 14153.0 
13926.0 14042.0 14003.0 13978.0 14078.0 14119.0 14191.0 
13994.0 14280.0 14250.0 14008.0 14227.0 14317.0 14056.0 
13999.0 14207.0 14035.0 13748.0 13770.0 13857.0 13610.0 
13467.0 13647.0 13537.0 13313.0 13420.0 13477.0 13402.0 
13270.0 13288.0 13192.0 13216.0 13228.0 13228.0 13147.0 
13238.0 13219.0 13243.0 13130.0 13127.0 13020.0 13189.0 
13183.0 13129.0 13295.0 13401.0 13344.0 13555.0 13719.0 
13825.0 14017.0 14136.0 14348.0 14607.0 14457.0 14611.0 
14656.0 14447.0 14168.0 14097.0 13986.0 13573.0 13546.0 
13730.0 13439.0 13491.0 13449.0 13321.0 13354.0 13209.0 
13301.0 13364.0 13386.0 13349.0 13463.0 13517.0 13461.0 
13379.0 13544.0 13552.0 13642.0 13427.0 13906.0 13622.0 
13802.0 13892.0 13716.0 14093.0 13915.0 14034.0 14121.0 
13847.0 14154.0 13921.0 13800.0 13836.0 13831.0 13863.0 
14174.0 14411.0 14496.0 15158.0 15018.0 15276.0 15197.0 
15163.0 15064.0 15064.0 14849.0 15012.0 14910.0 15087.0 
14889.0 15024.0 15065.0 15007.0 15058.0 15037.0 14992.0 
14843.0 15091.0 14996.0 14856.0 15055.0 15069.0 15077.0 
15039.0 15179.0 15298.0 15243.0 15158.0 15214.0 15176.0 
15157.0 15271.0 14994.0 15080.0 14996.0 15227.0 14932.0 
15338.0 15322.0 15416.0 15529.0 15747.0 15721.0 15906.0 
15934.0 15832.0 15835.0 15889.0 15627.0 15579.0 15647.0 
15374.0 15400.0 15422.0 15296.0 15489.0 15436.0 15288.0 
15695.0 15748.0 15638.0 15954.0 16336.0 16270.0 16361.0 
16549.0 16358.0 16278.0 16322.0 16029.0 16226.0 15874.0 
15775.0 15743.0 15875.0 15649.0 15844.0 15887.0 16122.0 
16263.0 16400.0 16363.0 16514.0 16548.0 16413.0 16637.0 
16738.0 16453.0 16465.0 16555.0 16389.0 16344.0 16452.0 
16328.0 16434.0 16188.0 16180.0 16186.0 16256.0 16294.0 
16299.0 16617.0 16634.0 16612.0 16665.0 16624.0 16413.0 
16296.0 16166.0 16136.0 16067.0 16124.0 16117.0 16252.0 
16264.0 16573.0 16456.0 16454.0 16728.0 16620.0 16484.0 
16419.0 16425.0 16481.0 16385.0 16439.0 16403.0 16512.0 
16511.0 16387.0 16473.0 16434.0 16139.0 16232.0 15922.0 
15826.0 15777.0 15710.0 15601.0 15829.0 15817.0 15844.0 
16161.0 16216.0 16312.0 16249.0 16192.0 16401.0 16168.0 
16183.0 16027.0 16024.0 15935.0 15832.0 15852.0 15925.0 
15782.0 15771.0 15817.0 15826.0 15794.0 15540.0 15775.0 
15761.0 15444.0 15510.0 15558.0 15508.0 15483.0 15532.0 
15710.0 15567.0 15695.0 15689.0 15740.0 15937.0 16035.0 
15785.0 16097.0 16058.0 15940.0 15852.0 15934.0 15960.0 
15821.0 15661.0 15634.0 15588.0 15445.0 15269.0 15260.0 
15457.0 15320.0 14941.0 15017.0 15052.0 14806.0 14758.0 
14729.0 14932.0 14915.0 14658.0 14896.0 14980.0 14888.0 
14902.0 14990.0 15179.0 15030.0 15118.0 15258.0 15282.0 
15136.0 15332.0 15345.0 15379.0 15651.0 15761.0 15659.0 
16069.0 15911.0 15826.0 15961.0 15871.0 16075.0 15876.0 
15974.0 16142.0 16250.0 16157.0 16229.0 16277.0 16235.0 
16120.0 16243.0 16067.0 15818.0 15867.0 15706.0 15586.0 
15617.0 15672.0 15527.0 15696.0 15805.0 15833.0 15833.0 
15883.0 15848.0 15708.0 15689.0 15503.0 15567.0 15372.0 
15437.0 15339.0 15399.0 15480.0 15634.0 15636.0 15795.0 
16096.0 16167.0 16027.0 16183.0 16365.0 16180.0 16042.0 
15931.0 15795.0 15563.0 15599.0 15564.0 15467.0 15536.0 
15445.0 15601.0 15503.0 15426.0 15308.0 15286.0 15281.0 
15091.0 15054.0 14995.0 14845.0 14899.0 14991.0 14720.0 
14922.0 14887.0 14873.0 14771.0 14916.0 14949.0 15022.0 
14833.0 14941.0 14938.0 14918.0 14954.0 14887.0 15000.0 
14802.0 14997.0 14974.0 14755.0 14896.0 15087.0 14786.0 
14712.0 14992.0 15072.0 14789.0 14508.0 14845.0 15029.0 
14762.0 14938.0 15211.0 14996.0 15067.0 14905.0 14906.0 
14820.0 14581.0 14466.0 14310.0 14117.0 13935.0 13675.0 
13702.0 13538.0 13640.0 13617.0 13736.0 14121.0 13875.0 
13882.0 13996.0 14089.0 14036.0 14074.0 13970.0 14040.0 
13967.0 13940.0 14078.0 14111.0 14027.0 14161.0 14151.0 
14145.0 14004.0 14014.0 14022.0 13871.0 13787.0 13837.0 
13954.0 14053.0 13982.0 14228.0 14173.0 13948.0 13971.0 
13883.0 13644.0 13707.0 13738.0 13727.0 13815.0 14032.0 
13809.0 14211.0 14406.0 14120.0 14626.0 14798.0 14628.0 
14840.0 15126.0 15005.0 15087.0 15034.0 15086.0 15048.0 
15018.0 15169.0 15108.0 15135.0 15386.0 15145.0 15160.0 
14986.0 15153.0 14605.0 14694.0 14809.0 14418.0 14411.0 
14615.0 14757.0 14646.0 15058.0 15112.0 15484.0 15359.0 
15733.0 15944.0 15946.0 16244.0 16091.0 16289.0 16153.0 
15944.0 16119.0 16123.0 15913.0 15889.0 15822.0 15871.0 
15674.0 15623.0 15738.0 15662.0 15725.0 15693.0 15588.0 
15811.0 15879.0 15880.0 16058.0 15955.0 16102.0 15909.0 
15970.0 16026.0 16261.0 16096.0 16216.0 16393.0 16315.0 
16607.0 16598.0 16602.0 16751.0 16969.0 16973.0 16778.0 
16982.0 16809.0 16835.0 16411.0 16524.0 16423.0 16138.0 
16252.0 16081.0 16098.0 16008.0 16337.0 16264.0 16564.0 
16441.0 16706.0 16755.0 16626.0 16720.0 16737.0 16897.0 
16714.0 16391.0 16701.0 16159.0 16134.0 16207.0 16261.0 
16187.0 16108.0 16194.0 16100.0 16021.0 15966.0 15921.0 
15795.0 15871.0 15972.0 15999.0 15925.0 16152.0 16140.0 
16239.0 16448.0 16406.0 16503.0 16673.0 16334.0 16499.0 
16477.0 16609.0 16741.0 16788.0 16990.0 16970.0 16951.0 
17042.0 16877.0 16942.0 16789.0 16761.0 16674.0 16567.0 
16596.0 16487.0 16390.0 16339.0 16171.0 16054.0 15868.0 
15890.0 15699.0 15662.0 15997.0 15900.0 16106.0 16258.0 
16126.0 16357.0 16488.0 16227.0 16432.0 16465.0 16270.0 
16288.0 16375.0 16334.0 16404.0 16304.0 16570.0 16636.0 
16425.0 16494.0 16771.0 16755.0 16753.0 16940.0 17028.0 
16957.0 16956.0 17033.0 16944.0 16969.0 17007.0 17031.0 
16985.0 16942.0 17093.0 16963.0 16997.0 17279.0 17218.0 
17168.0 17163.0 17229.0 16968.0 17173.0 17193.0 16927.0 
16779.0 16886.0 16712.0 16693.0 16606.0 16596.0 16841.0 
16616.0 16675.0 16752.0 16566.0 16674.0 16813.0 16818.0 
16789.0 16948.0 16905.0 17083.0 16945.0 17076.0 17255.0 
17312.0 17385.0 17565.0 17700.0 17574.0 17634.0 17405.0 
17522.0 17200.0 17072.0 17022.0 16781.0 16678.0 16689.0 
16448.0 16428.0 16382.0 16435.0 16599.0 16512.0 16561.0 
16593.0 16591.0 16563.0 16588.0 16618.0 16701.0 16498.0 
16422.0 16516.0 16432.0 16404.0 16624.0 16637.0 16758.0 
16871.0 16824.0 16914.0 16918.0 16814.0 16649.0 16783.0 
16724.0 16471.0 16548.0 16612.0 16504.0 16338.0 16177.0 
16158.0 15962.0 15921.0 15435.0 15548.0 15500.0 15334.0 
15210.0 15394.0 15371.0 15035.0 15127.0 14934.0 14788.0 
14561.0 14644.0 14405.0 14407.0 14270.0 14204.0 14180.0 
14121.0 14126.0 14079.0 14280.0 14180.0 14255.0 14170.0 
14282.0 14128.0 14132.0 14130.0 13932.0 14091.0 13773.0 
13892.0 13990.0 14030.0 13903.0 14070.0 13984.0 14008.0 
14474.0 14676.0 14912.0 15653.0 15573.0 16052.0 16773.0 
16743.0 16906.0 16651.0 16666.0 16791.0 16659.0 16715.0 
17109.0 17107.0 17211.0 17573.0 17646.0 17872.0 18052.0 
18013.0 18092.0 18236.0 18140.0 18089.0 17902.0 17707.0 
17804.0 17596.0 17680.0 17746.0 17628.0 17863.0 17947.0 
17991.0 18064.0 17932.0 17850.0 17987.0 17835.0 18022.0 
18058.0 17973.0 17953.0 17998.0 18379.0 18243.0 18257.0 
18271.0 18448.0 18224.0 18572.0 18387.0 18070.0 18500.0 
18433.0 18622.0 18582.0 18283.0 18261.0 18435.0 18251.0 
18090.0 17929.0 17761.0 17968.0 17831.0 17737.0 17767.0 
17609.0 17702.0 17845.0 17738.0 18030.0 17630.0 17527.0 
17963.0 17912.0 18023.0 18171.0 17764.0 18278.0 18304.0 
18101.0 18316.0 17693.0 17749.0 18050.0 17607.0 17829.0 
17345.0 16924.0 17358.0 16761.0 17142.0 16714.0 16023.0 
16539.0 16546.0 16188.0 16298.0 15800.0 15606.0 16106.0 
16120.0 16026.0 16081.0 16106.0 16521.0 16922.0 17287.0 
17376.0 17474.0 17670.0 18041.0 18011.0 17918.0 17862.0 
17872.0 17889.0 18029.0 17459.0 17798.0 18016.0 17832.0 
18290.0 18192.0 17979.0 18203.0 18507.0 18518.0 18516.0 
18663.0 18471.0 18282.0 18262.0 18070.0 17957.0 17673.0 
17336.0 17301.0 17035.0 16886.0 16843.0 16249.0 16321.0 
16103.0 15798.0 15637.0 15587.0 15601.0 15634.0 15567.0 
15363.0 15144.0 14834.0 14843.0 14730.0 14556.0 14671.0 
14450.0 14748.0 14817.0 14943.0 15115.0 14886.0 14918.0 
14881.0 14735.0 14675.0 14577.0 14445.0 14497.0 14558.0 
14541.0 14624.0 14526.0 14848.0 14775.0 14774.0 14730.0 
14677.0 14584.0 14380.0 14559.0 14384.0 14434.0 14673.0 
14750.0 14747.0 14998.0 15022.0 15502.0 15594.0 16209.0 
16752.0 16864.0 17396.0 17738.0 17965.0 18127.0 18260.0 
18197.0 18468.0 18488.0 19010.0 18804.0 18788.0 19027.0 
19129.0 19154.0 19419.0 19518.0 19616.0 19457.0 19692.0 
19678.0 19631.0 19832.0 19678.0 19682.0 19443.0 19287.0 
19010.0 19152.0 19145.0 18998.0 18911.0 19061.0 18973.0 
19020.0 19035.0 19089.0 19210.0 19093.0 19123.0 19229.0 
19168.0 18889.0 18960.0 18934.0 18813.0 18871.0 19061.0 
18852.0 18933.0 19158.0 18711.0 18972.0 19036.0 18887.0 
18882.0 18955.0 19017.0 18922.0 19053.0 18871.0 19057.0 
19133.0 18954.0 19128.0 19079.0 19130.0 18911.0 18931.0 
18832.0 18812.0 18755.0 18729.0 18827.0 18758.0 18772.0 
18794.0 19097.0 19046.0 19170.0 19265.0 19479.0 19406.0 
19434.0 19536.0 19441.0 19247.0 19235.0 19313.0 19020.0 
18909.0 18909.0 18978.0 19080.0 19089.0 19212.0 19416.0 
19240.0 19096.0 19303.0 19081.0 19096.0 19074.0 19014.0 
19008.0 19063.0 18937.0 18917.0 19182.0 19151.0 19335.0 
19249.0 19423.0 19423.0 19489.0 19346.0 19234.0 19113.0 
19050.0 18838.0 18865.0 18732.0 18555.0 18540.0 18410.0 
18327.0 18342.0 18275.0 18102.0 18037.0 18091.0 18009.0 
17988.0 18071.0 17975.0 18348.0 18340.0 18312.0 18514.0 
18574.0 18603.0 18689.0 18659.0 18633.0 18681.0 18594.0 
18297.0 18401.0 18405.0 18070.0 18319.0 18491.0 18393.0 
18572.0 18864.0 18719.0 18938.0 18779.0 18868.0 18857.0 
18806.0 18958.0 18569.0 18757.0 18571.0 18477.0 18588.0 
18593.0 18530.0 18602.0 18559.0 18564.0 18540.0 18715.0 
18688.0 18697.0 18680.0 18715.0 18470.0 18322.0 18349.0 
18229.0 18111.0 18154.0 18215.0 18119.0 18331.0 18384.0 
18457.0 18602.0 18542.0 18529.0 18768.0 18588.0 18718.0 
18908.0 18829.0 19008.0 18918.0 18900.0 19008.0 18931.0 
18728.0 18742.0 18810.0 18590.0 18467.0 18565.0 18574.0 
18532.0 18628.0 18824.0 18571.0 18589.0 18712.0 18679.0 
18416.0 18524.0 18694.0 18506.0 18496.0 18787.0 18584.0 
18312.0 18531.0 18476.0 18248.0 18356.0 18415.0 18206.0 
18145.0 18300.0 18413.0 18136.0 18473.0 18524.0 18383.0 
18601.0 18482.0 18541.0 18574.0 18570.0 18394.0 18292.0 
18419.0 18399.0 18502.0 18426.0 18538.0 18644.0 18549.0 
18531.0 18846.0 18729.0 18805.0 18991.0 19016.0 19045.0 
19058.0 18980.0 18820.0 18728.0 18563.0 18247.0 18348.0 
18225.0 17877.0 17795.0 18048.0 17754.0 17527.0 17543.0 
17335.0 17525.0 17399.0 17480.0 17583.0 17791.0 17747.0 
17772.0 17928.0 17878.0 17888.0 18006.0 18009.0 18107.0 
18204.0 18318.0 18171.0 18279.0 18182.0 17912.0 17858.0 
17774.0 17690.0 17668.0 17502.0 17618.0 17782.0 17723.0 
17911.0 17863.0 17801.0 17727.0 17494.0 17587.0 17249.0 
17412.0 17271.0 17263.0 17232.0 17049.0 17278.0 17313.0 
17188.0 17334.0 17277.0 17341.0 17327.0 17477.0 17675.0 
17796.0 17832.0 17820.0 17766.0 17655.0 17512.0 17481.0 
17431.0 17419.0 17419.0 17433.0 17425.0 17287.0 17483.0 
17232.0 17196.0 17158.0 17208.0 17176.0 17215.0 16862.0 
17006.0 16885.0 16618.0 16732.0 16686.0 16431.0 16537.0 
16484.0 16542.0 16640.0 16662.0 16702.0 16861.0 16790.0 
16837.0 16676.0 16764.0 16666.0 16781.0 16688.0 16678.0 
16757.0 16927.0 16989.0 17142.0 17030.0 17207.0 17132.0 
16883.0 16727.0 16358.0 16161.0 15718.0 15831.0 15486.0 
15381.0 15367.0 15523.0 15278.0 15504.0 15712.0 15703.0 
15752.0 15899.0 15936.0 15640.0 15873.0 15851.0 15597.0 
15475.0 15582.0 15448.0 15449.0 15315.0 15473.0 15412.0 
15314.0 15415.0 15162.0 15198.0 14854.0 14782.0 14727.0 
14643.0 14398.0 14430.0 14417.0 14329.0 14156.0 14431.0 
14138.0 14157.0 14283.0 14281.0 14409.0 14543.0 14838.0 
14943.0 15111.0 15268.0 15166.0 15032.0 15175.0 14992.0 
14971.0 14825.0 14800.0 14808.0 14834.0 14767.0 14859.0 
15080.0 14820.0 15083.0 15041.0 14993.0 15016.0 14928.0 
14865.0 14799.0 14611.0 14430.0 14465.0 14408.0 14590.0 
14698.0 14626.0 14753.0 14809.0 14720.0 14646.0 14661.0 
14616.0 14646.0 14638.0 14599.0 14683.0 14609.0 14627.0 
14777.0 14707.0 14773.0 15167.0 14977.0 15209.0 15287.0 
15247.0 15502.0 15546.0 15473.0 15543.0 15560.0 15514.0 
15406.0 15544.0 15269.0 15247.0 15475.0 15294.0 15235.0 
15196.0 15057.0 15343.0 15298.0 15295.0 15447.0 15487.0 
15451.0 15552.0 15568.0 15686.0 15737.0 15473.0 15390.0 
15246.0 15252.0 15052.0 14938.0 15142.0 15495.0 15314.0 
15459.0 15591.0 15850.0 15506.0 15602.0 15654.0 15645.0 
15360.0 15290.0 15386.0 15181.0 14949.0 14988.0 15161.0 
14871.0 14945.0 14995.0 15037.0 14996.0 15025.0 14833.0 
15030.0 14840.0 14672.0 14651.0 14549.0 14430.0 14428.0 
14276.0 14233.0 14135.0 14037.0 14205.0 14338.0 14113.0 
14681.0 14803.0 14958.0 15098.0 15218.0 15472.0 15389.0 
15209.0 15172.0 15279.0 15167.0 14891.0 14961.0 15210.0 
14781.0 14638.0 14584.0 14669.0 14202.0 14117.0 14219.0 
14223.0 13950.0 13848.0 14194.0 13981.0 13832.0 13958.0 
13855.0 13979.0 13945.0 13857.0 13941.0 14054.0 13938.0 
13796.0 13953.0 13805.0 13825.0 13623.0 13956.0 13951.0 
13737.0 13913.0 13907.0 13756.0 13506.0 13646.0 13469.0 
13546.0 13452.0 13410.0 13717.0 13495.0 13602.0 13542.0 
13342.0 13396.0 13243.0 13480.0 13346.0 13348.0 13479.0 
13685.0 13534.0 13759.0 13972.0 13673.0 13767.0 13797.0 
13527.0 13547.0 13438.0 13534.0 13325.0 13401.0 13649.0 
13749.0 13651.0 13452.0 13554.0 13425.0 13485.0 13484.0 
13719.0 13295.0 13398.0 13446.0 13265.0 13431.0 13141.0 
13420.0 13430.0 13499.0 13584.0 13678.0 13680.0 13753.0 
13781.0 13939.0 13940.0 13799.0 13660.0 13872.0 13761.0 
13662.0 13777.0 13709.0 13741.0 13739.0 13700.0 13777.0 
13633.0 13502.0 13718.0 13471.0 13332.0 13388.0 13563.0 
13395.0 13466.0 13583.0 13793.0 13657.0 13884.0 13896.0 
13938.0 14001.0 14165.0 14025.0 14249.0 14093.0 14031.0 
14215.0 14113.0 14010.0 14310.0 14171.0 14131.0 14205.0 
14324.0 14452.0 14603.0 14328.0 14486.0 14433.0 14190.0 
14137.0 14119.0 13925.0 14025.0 14031.0 13980.0 14086.0 
13971.0 14016.0 14178.0 14165.0 14289.0 14367.0 14269.0 
14321.0 14287.0 14401.0 14240.0 14217.0 13972.0 13882.0 
13881.0 13922.0 13759.0 13875.0 13904.0 13820.0 13819.0 
14034.0 13898.0 14059.0 13986.0 14260.0 14115.0 14461.0 
14470.0 14541.0 14632.0 14622.0 14680.0 14700.0 14611.0 
14603.0 14491.0 14357.0 14499.0 14470.0 14531.0 14586.0 
14703.0 14555.0 14834.0 14880.0 14707.0 14827.0 15016.0 
14726.0 15051.0 14989.0 15073.0 15090.0 15218.0 15424.0 
15496.0 15603.0 15388.0 15708.0 15438.0 15510.0 15484.0 
15322.0 15453.0 15300.0 15371.0 15364.0 15252.0 15400.0 
15426.0 15312.0 15476.0 15526.0 15469.0 15362.0 15304.0 
15182.0 14988.0 15024.0 14908.0 14934.0 14979.0 15025.0 
15182.0 15152.0 15595.0 15620.0 15725.0 15923.0 15992.0 
15865.0 16012.0 15776.0 15668.0 15586.0 15420.0 15375.0 
15385.0 15370.0 15374.0 15643.0 15556.0 15602.0 15548.0 
15493.0 15758.0 15470.0 15667.0 15586.0 15381.0 15467.0 
15306.0 15233.0 15309.0 15256.0 15375.0 15568.0 15593.0 
15864.0 15850.0 15926.0 16061.0 15862.0 15755.0 15792.0 
15499.0 15488.0 15319.0 15379.0 15207.0 15012.0 15198.0 
15015.0 15047.0 15286.0 15162.0 14946.0 15265.0 15018.0 
14906.0 14975.0 14773.0 14855.0 14861.0 14658.0 14678.0 
14654.0 14436.0 14576.0 14561.0 14575.0 14518.0 14707.0 
14901.0 14837.0 15008.0 15181.0 15007.0 14984.0 15235.0 
15065.0 15181.0 15051.0 14837.0 14997.0 14798.0 14634.0 
14785.0 14797.0 14896.0 14965.0 15162.0 15067.0 14955.0 
15067.0 14658.0 14406.0 14174.0 13847.0 14016.0 13914.0 
13707.0 14007.0 14115.0 14309.0 14462.0 14411.0 14709.0 
14785.0 14836.0 14769.0 14673.0 14736.0 14733.0 14551.0 
14682.0 14763.0 14784.0 14735.0 14858.0 14842.0 14638.0 
14866.0 14623.0 14680.0 14550.0 14542.0 14357.0 14552.0 
14667.0 14533.0 14535.0 14760.0 14821.0 14799.0 14918.0 
14835.0 15129.0 14907.0 15015.0 15283.0 15273.0 15545.0 
15400.0 15643.0 15891.0 15825.0 15804.0 16181.0 16262.0 
16194.0 16350.0 16538.0 16655.0 16511.0 16501.0 16555.0 
16612.0 16574.0 16538.0 16453.0 16397.0 16451.0 16542.0 
16383.0 16548.0 16465.0 16238.0 16306.0 16071.0 16038.0 
15780.0 15913.0 15878.0 15553.0 15992.0 15828.0 16096.0 
16031.0 16221.0 16223.0 16138.0 16262.0 16217.0 16175.0 
16194.0 16139.0 16176.0 16028.0 15946.0 15919.0 15853.0 
15911.0 15713.0 15763.0 15686.0 15591.0 15699.0 15613.0 
15657.0 15643.0 15505.0 15572.0 15459.0 15428.0 15391.0 
15569.0 15563.0 15518.0 15584.0 15943.0 15721.0 15674.0 
15861.0 15987.0 15746.0 15799.0 15732.0 15715.0 15651.0 
15724.0 15834.0 15480.0 15651.0 15316.0 15543.0 15379.0 
15292.0 15239.0 15520.0 15345.0 15266.0 15323.0 15593.0 
15357.0 15476.0 15724.0 15742.0 15848.0 15823.0 15927.0 
15575.0 15629.0 15594.0 15699.0 15686.0 15666.0 15992.0 
16075.0 15645.0 16252.0 15907.0 15870.0 15833.0 15816.0 
15919.0 15494.0 15917.0 15781.0 15633.0 15812.0 15873.0 
15936.0 15979.0 16060.0 15943.0 16210.0 15950.0 15834.0 
16079.0 15866.0 16014.0 16126.0 16331.0 16185.0 16405.0 
16557.0 16327.0 16333.0 16120.0 16424.0 16125.0 16054.0 
16174.0 16027.0 16200.0 16409.0 16275.0 16455.0 16536.0 
16586.0 16623.0 16646.0 16605.0 16468.0 16570.0 16448.0 
16431.0 16409.0 16096.0 16287.0 16485.0 16087.0 16448.0 
16608.0 16457.0 16320.0 16745.0 16350.0 16404.0 16334.0 
16267.0 16101.0 16312.0 16435.0 16229.0 16436.0 16547.0 
16410.0 16599.0 16729.0 16693.0 16887.0 16794.0 16762.0 
16616.0 16559.0 16342.0 16412.0 16249.0 16448.0 16223.0 
16229.0 16280.0 16248.0 16087.0 16168.0 16351.0 16157.0 
16165.0 16164.0 16413.0 16390.0 16452.0 16549.0 16575.0 
16623.0 16336.0 16349.0 16370.0 16383.0 16203.0 16249.0 
16509.0 16566.0 16474.0 16688.0 16985.0 16676.0 16626.0 
16577.0 16460.0 16394.0 16074.0 16216.0 15943.0 16044.0 
16117.0 16073.0 16212.0 16263.0 16194.0 16098.0 15858.0 
15942.0 15672.0 15534.0 15551.0 15456.0 15602.0 15590.0 
15935.0 15795.0 16013.0 16010.0 16113.0 16134.0 16161.0 
16069.0 15932.0 15928.0 15805.0 15751.0 15855.0 15805.0 
15762.0 15751.0 15860.0 15942.0 15670.0 16005.0 15915.0 
15729.0 16270.0 16142.0 16435.0 16651.0 16594.0 16702.0 
16794.0 16611.0 16424.0 16483.0 16272.0 16161.0 16136.0 
15943.0 16110.0 16413.0 16363.0 16338.0 16461.0 16400.0 
16217.0 16200.0 15887.0 15887.0 15896.0 15725.0 15740.0 
15980.0 15991.0 16376.0 16345.0 16483.0 16806.0 16515.0 
16700.0 16688.0 16492.0 16379.0 16237.0 16253.0 16206.0 
16037.0 16276.0 16509.0 16225.0 16284.0 16349.0 16217.0 
16105.0 15975.0 15903.0 15709.0 15860.0 15943.0 16003.0 
16058.0 16431.0 16436.0 16551.0 16782.0 16694.0 16756.0 
16633.0 16678.0 16480.0 16318.0 16264.0 16107.0 16242.0 
16027.0 16264.0 16231.0 16366.0 16448.0 16545.0 16479.0 
16727.0 16758.0 16641.0 16627.0 16474.0 16655.0 16497.0 
16592.0 16672.0 16762.0 16962.0 16932.0 17258.0 17266.0 
17309.0 17448.0 17054.0 17347.0 16959.0 16816.0 16531.0 
16436.0 16536.0 16122.0 16411.0 16282.0 16254.0 16530.0 
16218.0 16594.0 16371.0 16277.0 16387.0 16375.0 16444.0 
16383.0 16122.0 16455.0 16470.0 16508.0 16483.0 16651.0 
16937.0 16989.0 17011.0 17167.0 17419.0 17133.0 17156.0 
17002.0 16785.0 16789.0 16891.0 16656.0 16643.0 16420.0 
16366.0 16636.0 16403.0 16466.0 16678.0 16592.0 16667.0 
16907.0 16770.0 16788.0 17071.0 17044.0 17130.0 16950.0 
17266.0 16917.0 16964.0 16921.0 16723.0 16915.0 16876.0 
16881.0 17080.0 16891.0 16900.0 17100.0 16832.0 16976.0 
16977.0 16891.0 16866.0 16807.0 16833.0 16613.0 16431.0 
16565.0 16454.0 16210.0 16130.0 16180.0 16108.0 16021.0 
16077.0 16193.0 16390.0 16526.0 16485.0 16660.0 16718.0 
16697.0 16849.0 16690.0 16774.0 16824.0 16476.0 16355.0 
16446.0 16608.0 16312.0 16446.0 16535.0 16704.0 16831.0 
16583.0 16858.0 16981.0 16616.0 16793.0 16793.0 16712.0 
16689.0 16603.0 16649.0 16588.0 16438.0 16462.0 16331.0 
16212.0 16326.0 16157.0 16172.0 16402.0 16318.0 16456.0 
16526.0 16700.0 16597.0 16646.0 16765.0 16936.0 16861.0 
16860.0 16904.0 17036.0 16920.0 16938.0 17064.0 16756.0 
16868.0 16776.0 16892.0 16813.0 16910.0 16972.0 16931.0 
16779.0 17037.0 16945.0 17003.0 17059.0 17069.0 16929.0 
16921.0 16957.0 17055.0 16886.0 16887.0 16797.0 16706.0 
16605.0 16375.0 16294.0 16336.0 16522.0 16267.0 16682.0 
16863.0 16883.0 17092.0 17249.0 17437.0 17354.0 17243.0 
17314.0 17159.0 17146.0 16958.0 16813.0 17035.0 16875.0 
16936.0 17071.0 17287.0 17373.0 17669.0 17912.0 17868.0 
17906.0 18058.0 17932.0 17874.0 17643.0 17739.0 17900.0 
17529.0 17552.0 17644.0 17476.0 17521.0 17660.0 17729.0 
17671.0 17798.0 17811.0 17759.0 17677.0 17748.0 17607.0 
17434.0 17698.0 17549.0 17440.0 17650.0 17553.0 17436.0 
17567.0 17408.0 17465.0 17227.0 17057.0 17373.0 17242.0 
17469.0 17572.0 17683.0 18120.0 17910.0 18134.0 18131.0 
18257.0 18122.0 18079.0 17992.0 18000.0 18075.0 17910.0 
18020.0 17895.0 17953.0 17789.0 17740.0 17666.0 17389.0 
17341.0 17138.0 16992.0 17154.0 17055.0 17025.0 17124.0 
17454.0 17341.0 17289.0 17647.0 17808.0 17687.0 17867.0 
17779.0 17889.0 17939.0 17758.0 17755.0 17746.0 17507.0 
17391.0 17303.0 17190.0 16985.0 16990.0 17168.0 16828.0 
17070.0 17130.0 17101.0 17052.0 17022.0 17049.0 17091.0 
16792.0 16810.0 16819.0 16657.0 16441.0 16555.0 16830.0 
16709.0 16826.0 17349.0 17436.0 17386.0 17326.0 17683.0 
17575.0 17397.0 17392.0 17243.0 17176.0 17097.0 16888.0 
17016.0 16805.0 16766.0 16624.0 16559.0 16917.0 16476.0 
16770.0 16716.0 16705.0 16791.0 16419.0 16527.0 16412.0 
16331.0 16115.0 16316.0 16182.0 16072.0 15941.0 16019.0 
15876.0 15746.0 16127.0 15944.0 16158.0 15995.0 16209.0 
16450.0 16354.0 16444.0 16602.0 16451.0 16734.0 16434.0 
16731.0 16458.0 16409.0 16371.0 16432.0 16547.0 16253.0 
16740.0 16432.0 16667.0 16595.0 16625.0 16528.0 16423.0 
16562.0 16418.0 16637.0 16571.0 16553.0 16673.0 16473.0 
16368.0 16122.0 16096.0 16111.0 16036.0 15864.0 16106.0 
16201.0 16124.0 16400.0 16474.0 16418.0 16439.0 16367.0 
16416.0 16611.0 16187.0 16361.0 16445.0 16277.0 16345.0 
16259.0 16419.0 16452.0 16475.0 16568.0 16657.0 16995.0 
17023.0 16962.0 17215.0 17179.0 17051.0 17058.0 17024.0 
16799.0 16803.0 16677.0 16575.0 16508.0 16422.0 16544.0 
16581.0 16580.0 16428.0 16674.0 16656.0 16656.0 16473.0 
16675.0 16623.0 16476.0 16615.0 16537.0 16353.0 16389.0 
15989.0 15893.0 15979.0 15491.0 15965.0 15735.0 15789.0 
15994.0 16203.0 16040.0 16314.0 16399.0 16322.0 16559.0 
16481.0 16347.0 16259.0 16012.0 15934.0 16024.0 15978.0 
15829.0 16080.0 16114.0 15850.0 16124.0 16050.0 15765.0 
15811.0 15737.0 15810.0 15510.0 15437.0 15608.0 15418.0 
15241.0 15149.0 15132.0 14984.0 15147.0 14966.0 15176.0 
15182.0 14975.0 15083.0 15013.0 14931.0 14934.0 14910.0 
15060.0 14997.0 15260.0 15232.0 15398.0 15297.0 15263.0 
15135.0 14914.0 14898.0 14733.0 14654.0 14562.0 14515.0 
14456.0 14220.0 14273.0 14371.0 14283.0 14322.0 14466.0 
14509.0 14564.0 14512.0 14565.0 14509.0 14520.0 14480.0 
14426.0 14428.0 14462.0 14507.0 14688.0 14671.0 14706.0 
14642.0 14620.0 14888.0 14773.0 14830.0 14822.0 14632.0 
14428.0 14903.0 14394.0 14601.0 14512.0 14511.0 14449.0 
14466.0 14468.0 14260.0 14325.0 14308.0 14197.0 14228.0 
14479.0 14474.0 14686.0 14624.0 14430.0 14684.0 14590.0 
14193.0 14470.0 14493.0 14105.0 14061.0 14260.0 14281.0 
14154.0 14519.0 14453.0 14289.0 14431.0 14404.0 14131.0 
14229.0 14280.0 14192.0 14297.0 14293.0 14078.0 14315.0 
14351.0 14002.0 14607.0 14522.0 14550.0 14530.0 14659.0 
14451.0 14360.0 14269.0 14173.0 14171.0 13902.0 13993.0 
13848.0 13841.0 14008.0 13889.0 13874.0 13945.0 13749.0 
13643.0 13587.0 13318.0 13283.0 13198.0 13066.0 13242.0 
12780.0 13034.0 13127.0 13060.0 13139.0 13321.0 13344.0 
13369.0 13482.0 13386.0 13385.0 13505.0 13534.0 13068.0 
13264.0 13126.0 13019.0 13140.0 13327.0 13170.0 13272.0 
13297.0 13035.0 13090.0 13010.0 12949.0 12924.0 13034.0 
13019.0 13020.0 12820.0 12840.0 12824.0 12608.0 12592.0 
12602.0 12657.0 12508.0 12523.0 12525.0 12683.0 12649.0 
12735.0 12752.0 12787.0 12732.0 12782.0 12732.0 12617.0 
12703.0 12394.0 12353.0 12244.0 12158.0 12187.0 12213.0 
12312.0 12780.0 12759.0 12889.0 13074.0 12917.0 12769.0 
12898.0 12684.0 12519.0 12448.0 12284.0 12282.0 12287.0 
12202.0 12398.0 12290.0 12214.0 12638.0 12314.0 12512.0 
12465.0 12466.0 12386.0 12230.0 12101.0 12265.0 11861.0 
11899.0 11944.0 11917.0 12165.0 12119.0 12294.0 12382.0 
12520.0 12395.0 12492.0 12381.0 12340.0 12277.0 12264.0 
12169.0 12022.0 12107.0 12104.0 11928.0 12250.0 12073.0 
12241.0 12244.0 12346.0 12334.0 12061.0 12303.0 12135.0 
11941.0 11744.0 11657.0 11576.0 11540.0 11454.0 11511.0 
11594.0 11779.0 11733.0 11842.0 11809.0 11908.0 11682.0 
11784.0 11700.0 11519.0 11585.0 11336.0 11484.0 11310.0 
11129.0 11332.0 11276.0 11201.0 11572.0 11613.0 11556.0 
11772.0 11864.0 11566.0 11677.0 11822.0 11658.0 11839.0 
11914.0 11950.0 11858.0 12146.0 11930.0 12033.0 12015.0 
11848.0 11890.0 11723.0 11708.0 11689.0 11651.0 11710.0 
11649.0 11814.0 11690.0 11647.0 11970.0 11723.0 11993.0 
12119.0 12110.0 12088.0 12202.0 12148.0 12192.0 12131.0 
12249.0 12090.0 12131.0 11957.0 11767.0 12069.0 11871.0 
11987.0 12060.0 11987.0 12242.0 12272.0 12199.0 12176.0 
12401.0 12118.0 11969.0 11959.0 11716.0 11795.0 11538.0 
11703.0 11438.0 11474.0 11413.0 11457.0 11521.0 11628.0 
12007.0 12030.0 12158.0 12418.0 12296.0 12489.0 12406.0 
12564.0 12440.0 12480.0 12419.0 12307.0 12188.0 12125.0 
12150.0 12026.0 12047.0 11988.0 11970.0 11707.0 11853.0 
11693.0 11715.0 11670.0 11633.0 11815.0 11691.0 11632.0 
11777.0 11780.0 11883.0 11829.0 12022.0 12036.0 11990.0 
12219.0 12396.0 12225.0 12284.0 12468.0 12368.0 12299.0 
12250.0 12205.0 12110.0 12170.0 12012.0 11693.0 12026.0 
11755.0 11613.0 11789.0 11977.0 11876.0 11948.0 12146.0 
12239.0 12113.0 12470.0 12319.0 12236.0 12250.0 12142.0 
12115.0 12125.0 12037.0 12212.0 12556.0 12446.0 12403.0 
12595.0 12946.0 12553.0 12533.0 12690.0 12535.0 12513.0 
12491.0 12532.0 12462.0 12198.0 12288.0 12575.0 12270.0 
12442.0 12701.0 12336.0 12822.0 12712.0 12536.0 12913.0 
12816.0 12679.0 12305.0 13121.0 12659.0 12648.0 13105.0 
13211.0 12913.0 13033.0 13660.0 13085.0 12675.0 12768.0 
12842.0 12664.0 13130.0 12967.0 12545.0 12925.0 12793.0 
13102.0 13514.0 12183.0 13067.0 12100.0 13429.0 12287.0 
12653.0 12341.0 12640.0 12562.0 12635.0 12046.0 12677.0 
12289.0 11424.0 12435.0 11722.0 12625.0 11508.0 11754.0 
12263.0 12448.0 11750.0 12537.0 11887.0 12779.0 12588.0 
12218.0 12929.0 12820.0 12721.0 12404.0 12683.0 12948.0 
12470.0 12880.0 12551.0 12910.0 12836.0 12311.0 12951.0 
12418.0 12070.0 12589.0 12100.0 12551.0 12249.0 12190.0 
12094.0 12490.0 12477.0 12270.0 12582.0 12374.0 12315.0 
12391.0 12852.0 11836.0 12790.0 12090.0 12270.0 11945.0 
12097.0 11811.0 11820.0 12072.0 11949.0 12086.0 12292.0 
12363.0 12244.0 12444.0 12634.0 12471.0 11900.0 12390.0 
11979.0 12134.0 11672.0 11744.0 11752.0 11900.0 11270.0 
11689.0 11733.0 11196.0 12011.0 11799.0 11491.0 11646.0 
12018.0 11715.0 11644.0 11791.0 11718.0 12140.0 11614.0 
11976.0 11751.0 11470.0 11820.0 11710.0 11492.0 11878.0 
11849.0 11666.0 11879.0 11662.0 11991.0 11960.0 11959.0 
12398.0 12032.0 12033.0 12099.0 12031.0 12143.0 11830.0 
12121.0 12099.0 11435.0 11666.0 11684.0 11579.0 11481.0 
11738.0 11723.0 11520.0 11677.0 11512.0 11478.0 11504.0 
11615.0 11621.0 11497.0 11474.0 11605.0 11327.0 11354.0 
11348.0 11305.0 11172.0 11104.0 11452.0 11121.0 11162.0 
11339.0 11474.0 11381.0 11252.0 11495.0 11445.0 11036.0 
10900.0 10923.0 11052.0 10391.0 10524.0 10133.0 10532.0 
10062.0 10264.0 10238.0 10372.0 10372.0 10205.0 10388.0 
10340.0 10363.0 10314.0 9992.0 10013.0 10297.0 10060.0 
10185.0 10085.0 10356.0 9779.0 9813.0 10252.0 9662.0 
9621.0 9927.0 9605.0 9900.0 9223.0 9620.0 9385.0 
8960.0 9261.0 9527.0 9408.0 9605.0 9577.0 9624.0 
9447.0 9831.0 9799.0 9644.0 9917.0 10010.0 9891.0 
9814.0 10383.0 10285.0 10110.0 10753.0 10567.0 10896.0 
11123.0 11132.0 11076.0 10981.0 11083.0 11211.0 11055.0 
11020.0 11126.0 11201.0 11315.0 11485.0 11483.0 11610.0 
11482.0 11482.0 12147.0 11868.0 11994.0 12417.0 12150.0 
12139.0 12293.0 12415.0 12007.0 11819.0 12055.0 11800.0 
11873.0 12255.0 12135.0 12258.0 12672.0 12302.0 12298.0 
12490.0 12433.0 12078.0 11864.0 11969.0 11865.0 12145.0 
11873.0 12001.0 12292.0 12310.0 12589.0 12413.0 12526.0 
12653.0 12216.0 12222.0 12294.0 12095.0 12088.0 11940.0 
12229.0 11787.0 12115.0 12621.0 12310.0 12319.0 12524.0 
12583.0 12468.0 12250.0 12478.0 12419.0 12360.0 12491.0 
12668.0 12111.0 12387.0 12428.0 12233.0 12209.0 11912.0 
12244.0 12019.0 11926.0 11907.0 11770.0 11916.0 11617.0 
11867.0 11668.0 11712.0 11928.0 11864.0 12189.0 12024.0 
11909.0 12003.0 12199.0 12009.0 11782.0 12103.0 12149.0 
12134.0 12139.0 12119.0 11998.0 11971.0 11804.0 11783.0 
11675.0 11537.0 11747.0 11734.0 11529.0 11476.0 11688.0 
11370.0 11601.0 11761.0 11941.0 11677.0 12028.0 11893.0 
11832.0 12094.0 11908.0 11999.0 12106.0 12193.0 12495.0 
12469.0 12257.0 12426.0 12332.0 12368.0 12429.0 12424.0 
12328.0 12110.0 12323.0 12332.0 12324.0 12467.0 12189.0 
12437.0 12050.0 11937.0 11883.0 11873.0 11688.0 11513.0 
11637.0 11505.0 11344.0 11647.0 11791.0 11975.0 11888.0 
11911.0 12206.0 12006.0 11909.0 11995.0 12167.0 11911.0 
12197.0 11913.0 11958.0 11638.0 11495.0 11730.0 11486.0 
11437.0 11409.0 11345.0 11665.0 11905.0 11957.0 12378.0 
12037.0 12453.0 12326.0 12528.0 12443.0 12310.0 12321.0 
12642.0 12323.0 12364.0 12191.0 12147.0 12307.0 11669.0 
11875.0 11829.0 11368.0 11491.0 11495.0 11423.0 11550.0 
11503.0 11857.0 11834.0 12021.0 11894.0 11801.0 12024.0 
11578.0 11729.0 11413.0 11236.0 11073.0 11276.0 11293.0 
11245.0 11107.0 11263.0 11487.0 11151.0 11358.0 11408.0 
11154.0 10832.0 10899.0 10578.0 10491.0 10661.0 10684.0 
10572.0 10799.0 10783.0 11046.0 10921.0 11351.0 11137.0 
10925.0 11260.0 10952.0 10796.0 10733.0 10315.0 10482.0 
10419.0 10256.0 10404.0 10424.0 10347.0 10451.0 10534.0 
10649.0 10341.0 10307.0 10259.0 10100.0 9862.0 10177.0 
9919.0 9829.0 10025.0 9726.0 9931.0 9675.0 10106.0 
10246.0 10283.0 10510.0 10857.0 10679.0 10665.0 10760.0 
11030.0 10737.0 10716.0 10760.0 10781.0 10582.0 10464.0 
10613.0 10312.0 10520.0 10389.0 9993.0 10035.0 10220.0 
10095.0 9868.0 9966.0 10015.0 9892.0 10183.0 10104.0 
9735.0 10052.0 10185.0 9836.0 10024.0 9908.0 9999.0 
9964.0 9612.0 9792.0 9976.0 10065.0 9846.0 10433.0 
10078.0 9821.0 10246.0 10093.0 9773.0 9883.0 9931.0 
9847.0 9993.0 10324.0 10207.0 10275.0 10919.0 10644.0 
10724.0 11016.0 10523.0 10957.0 10815.0 10893.0 10856.0 
10736.0 10900.0 10863.0 10901.0 10786.0 10849.0 10487.0 
10424.0 10373.0 10458.0 10254.0 10281.0 10210.0 9946.0 
9808.0 10152.0 9888.0 9840.0 10188.0 9805.0 10040.0 
10027.0 10146.0 10252.0 10154.0 10392.0 10370.0 10791.0 
10700.0 10697.0 11050.0 10877.0 10959.0 10880.0 10662.0 
10734.0 10543.0 10396.0 10534.0 10544.0 10560.0 10844.0 
10815.0 10828.0 11149.0 10665.0 10909.0 10614.0 10792.0 
10782.0 10641.0 10689.0 10446.0 10481.0 10610.0 10336.0 
10355.0 10497.0 10438.0 10350.0 10476.0 10497.0 10268.0 
10498.0 10429.0 10451.0 10343.0 10399.0 10159.0 10480.0 
10349.0 10215.0 10514.0 10365.0 10368.0 10643.0 10308.0 
10632.0 10555.0 10355.0 10269.0 10393.0 10284.0 10012.0 
10377.0 10627.0 10618.0 10856.0 10936.0 10855.0 10823.0 
10670.0 10667.0 10318.0 10393.0 10499.0 10365.0 10489.0 
10705.0 10557.0 10929.0 10833.0 10725.0 11154.0 11063.0 
11066.0 11013.0 11082.0 11040.0 10979.0 10907.0 10830.0 
11108.0 10933.0 10836.0 10921.0 10972.0 10609.0 10585.0 
10438.0 10401.0 10488.0 10211.0 10317.0 10237.0 10230.0 
10410.0 10350.0 10405.0 10326.0 10541.0 10868.0 10866.0 
10961.0 10966.0 11129.0 11311.0 11337.0 11247.0 11342.0 
11411.0 11279.0 11300.0 11450.0 11170.0 11041.0 11101.0 
11009.0 10987.0 10834.0 10874.0 10878.0 10747.0 10642.0 
10681.0 10762.0 10575.0 10879.0 10518.0 10571.0 10676.0 
10622.0 10671.0 10651.0 10697.0 10969.0 10993.0 10888.0 
10945.0 11216.0 11199.0 11094.0 11158.0 11201.0 10974.0 
11048.0 11160.0 10524.0 10851.0 10885.0 10608.0 10692.0 
10711.0 10487.0 10430.0 10603.0 10494.0 10323.0 10463.0 
10616.0 10673.0 10710.0 11076.0 11187.0 11310.0 11313.0 
11590.0 11324.0 11382.0 11550.0 11202.0 11206.0 11172.0 
11168.0 11317.0 11134.0 11304.0 11305.0 11141.0 11206.0 
11086.0 10981.0 10868.0 10931.0 10944.0 10897.0 10858.0 
10868.0 11010.0 10852.0 10799.0 10990.0 10777.0 10840.0 
10759.0 10826.0 10748.0 10799.0 10840.0 11095.0 11135.0 
11074.0 11155.0 11047.0 10870.0 10979.0 11003.0 10774.0 
10902.0 10996.0 10909.0 11219.0 11277.0 11217.0 11444.0 
11563.0 11342.0 11475.0 11575.0 11331.0 11342.0 11074.0 
10985.0 10885.0 10818.0 10746.0 10897.0 10951.0 11043.0 
11092.0 11158.0 11116.0 11368.0 11116.0 11284.0 11233.0 
10992.0 11303.0 11271.0 11298.0 11480.0 11245.0 11454.0 
11488.0 11334.0 11214.0 11079.0 11183.0 10833.0 10671.0 
10712.0 10357.0 10587.0 10215.0 10541.0 10695.0 10265.0 
10777.0 10489.0 10585.0 10546.0 10467.0 10504.0 10289.0 
10391.0 10414.0 10604.0 10534.0 10527.0 10713.0 10713.0 
11015.0 10830.0 11061.0 11086.0 11074.0 10965.0 11148.0 
11240.0 10990.0 11143.0 11250.0 11185.0 11082.0 10954.0 
11037.0 10813.0 10749.0 10774.0 10817.0 10931.0 10788.0 
10680.0 10989.0 10750.0 10734.0 10750.0 10493.0 10463.0 
10496.0 10218.0 10410.0 10249.0 10223.0 10325.0 10116.0 
10225.0 10216.0 10174.0 10087.0 10234.0 10338.0 10146.0 
10291.0 10467.0 10396.0 10617.0 10531.0 10497.0 10773.0 
10867.0 10554.0 10927.0 10631.0 10802.0 10768.0 10406.0 
10646.0 10488.0 10290.0 10476.0 10470.0 10292.0 10189.0 
10209.0 10025.0 9932.0 9750.0 9696.0 9851.0 9599.0 
9618.0 9706.0 9585.0 9671.0 9739.0 9602.0 9814.0 
9685.0 9931.0 9802.0 9843.0 10140.0 10209.0 10195.0 
10250.0 10456.0 10300.0 10355.0 10360.0 10313.0 10487.0 
10440.0 10260.0 10245.0 10091.0 10079.0 10176.0 10165.0 
10309.0 10291.0 10117.0 10363.0 10036.0 10080.0 9951.0 
9849.0 9951.0 9866.0 9924.0 9980.0 10018.0 10312.0 
10119.0 10297.0 10301.0 10067.0 9963.0 9999.0 9908.0 
9736.0 9869.0 10027.0 9989.0 9936.0 9977.0 10007.0 
10001.0 9910.0 9876.0 9703.0 9875.0 9723.0 9787.0 
9835.0 9964.0 10140.0 10358.0 10424.0 10571.0 10717.0 
10837.0 10856.0 10681.0 10786.0 10697.0 10583.0 10684.0 
10427.0 10614.0 10517.0 10542.0 10419.0 10533.0 10651.0 
10592.0 10842.0 10585.0 10483.0 10646.0 10203.0 10346.0 
10450.0 10147.0 10242.0 10255.0 10161.0 10142.0 10038.0 
10343.0 10118.0 10356.0 10538.0 10536.0 10749.0 10719.0 
10670.0 10657.0 10714.0 10640.0 10732.0 10580.0 10646.0 
10599.0 10602.0 10455.0 10259.0 10557.0 10573.0 10251.0 
10466.0 10384.0 10441.0 10535.0 10565.0 10552.0 10518.0 
10390.0 10154.0 10202.0 10195.0 10148.0 10163.0 10139.0 
10194.0 10196.0 10195.0 10175.0 10305.0 10323.0 10343.0 
10358.0 10391.0 10564.0 10201.0 10342.0 10365.0 10359.0 
10539.0 10265.0 10582.0 10629.0 10673.0 10828.0 10738.0 
10895.0 10734.0 10414.0 10459.0 10386.0 10110.0 10248.0 
10196.0 10273.0 10301.0 10432.0 10589.0 10555.0 10630.0 
10533.0 10508.0 10642.0 10464.0 10265.0 10591.0 10208.0 
10365.0 10421.0 10248.0 10467.0 10297.0 10138.0 10193.0 
9875.0 10086.0 9770.0 9653.0 9561.0 9402.0 9415.0 
9359.0 9476.0 9381.0 9607.0 9670.0 9523.0 9746.0 
9560.0 9565.0 9601.0 9504.0 9276.0 9203.0 9322.0 
9022.0 8971.0 9179.0 9000.0 9175.0 9294.0 9159.0 
9391.0 9451.0 9389.0 9484.0 9552.0 9731.0 9723.0 
9612.0 9830.0 9743.0 9692.0 9790.0 9843.0 9779.0 
9965.0 9803.0 9740.0 9684.0 9592.0 9542.0 9655.0 
9303.0 9398.0 9489.0 9565.0 9943.0 10116.0 10263.0 
10624.0 10482.0 10362.0 10646.0 10701.0 10683.0 10526.0 
10613.0 10435.0 10447.0 10501.0 10709.0 10522.0 10899.0 
11081.0 10976.0 11061.0 11042.0 11260.0 10966.0 11034.0 
10690.0 10875.0 10874.0 10756.0 10811.0 10856.0 10839.0 
10668.0 11016.0 10704.0 10714.0 10901.0 10825.0 11019.0 
10761.0 11049.0 10999.0 11061.0 11079.0 11470.0 11270.0 
11340.0 11290.0 11412.0 11349.0 11269.0 11190.0 11269.0 
11599.0 11207.0 11693.0 11880.0 12086.0 12146.0 12426.0 
12453.0 12345.0 12552.0 12065.0 12026.0 12027.0 11708.0 
11762.0 11537.0 11416.0 11108.0 11091.0 11126.0 10928.0 
11020.0 11160.0 10746.0 11057.0 10972.0 11171.0 11185.0 
11146.0 11147.0 11283.0 11477.0 11661.0 11520.0 11745.0 
11880.0 11907.0 12103.0 12229.0 12065.0 12282.0 12561.0 
12382.0 12460.0 12582.0 12322.0 12202.0 12509.0 12392.0 
12298.0 12359.0 12257.0 12027.0 12376.0 12289.0 12259.0 
12311.0 12121.0 12097.0 12106.0 11842.0 11822.0 11631.0 
11715.0 11623.0 11579.0 11686.0 11723.0 11369.0 11524.0 
11556.0 11074.0 11348.0 11458.0 11523.0 11539.0 11781.0 
11689.0 11784.0 12016.0 12167.0 12199.0 12236.0 12328.0 
12260.0 12383.0 12068.0 12109.0 11973.0 11882.0 11798.0 
11958.0 11963.0 11936.0 12110.0 12121.0 12268.0 12249.0 
12422.0 12257.0 12191.0 12203.0 12181.0 11997.0 12015.0 
11937.0 11912.0 11721.0 11831.0 11771.0 11735.0 11801.0 
11799.0 11621.0 11570.0 11634.0 11581.0 11401.0 11379.0 
11440.0 11359.0 11561.0 11778.0 11786.0 11645.0 11846.0 
11866.0 11935.0 11794.0 11798.0 11503.0 11747.0 11687.0 
11635.0 11664.0 11853.0 11901.0 11880.0 11928.0 12200.0 
12104.0 12037.0 12259.0 12104.0 12099.0 12080.0 12106.0 
12078.0 12033.0 12051.0 12265.0 11946.0 12241.0 12160.0 
11920.0 11938.0 11626.0 11281.0 11427.0 11291.0 11295.0 
11394.0 11451.0 11801.0 11770.0 11715.0 11726.0 11797.0 
11633.0 11671.0 11579.0 11755.0 11828.0 11758.0 11861.0 
11796.0 11959.0 11759.0 11608.0 11663.0 11545.0 11158.0 
11263.0 11234.0 11061.0 11384.0 11446.0 11361.0 11517.0 
11647.0 11466.0 11485.0 11392.0 11293.0 11245.0 11156.0 
10907.0 11097.0 10906.0 10859.0 10980.0 10780.0 11059.0 
11164.0 11044.0 11250.0 11607.0 11344.0 11656.0 11627.0 
11746.0 11869.0 11865.0 12019.0 12001.0 11977.0 11960.0 
12015.0 11823.0 11834.0 11784.0 11729.0 11925.0 11836.0 
11684.0 11903.0 11854.0 11638.0 11770.0 11772.0 11657.0 
11737.0 11736.0 11763.0 11673.0 11709.0 11602.0 11492.0 
11369.0 11288.0 11100.0 11064.0 10899.0 10843.0 10980.0 
10985.0 11253.0 11081.0 11413.0 11491.0 11676.0 11757.0 
11890.0 11824.0 11707.0 11626.0 11578.0 11363.0 11210.0 
11353.0 11149.0 11107.0 11218.0 11421.0 11356.0 11423.0 
11632.0 11471.0 11297.0 11291.0 11212.0 11132.0 11077.0 
11220.0 11097.0 10810.0 10780.0 10908.0 10628.0 10860.0 
10762.0 11026.0 11061.0 10929.0 11032.0 11122.0 11093.0 
10830.0 11025.0 11021.0 11186.0 10922.0 10927.0 10782.0 
10682.0 10723.0 10689.0 10934.0 10894.0 10885.0 11094.0 
11178.0 11141.0 11110.0 10984.0 11115.0 11104.0 11069.0 
11091.0 11045.0 11147.0 11003.0 11001.0 11232.0 11254.0 
11116.0 11337.0 11356.0 11460.0 11379.0 11511.0 11479.0 
11493.0 11414.0 11359.0 11317.0 11249.0 11273.0 11113.0 
10946.0 10863.0 11031.0 10855.0 10881.0 10930.0 10899.0 
10953.0 10980.0 11202.0 11231.0 11359.0 11469.0 11628.0 
11636.0 11648.0 11903.0 11779.0 11962.0 12215.0 12056.0 
12087.0 12121.0 11860.0 12153.0 11914.0 11823.0 11870.0 
11833.0 11813.0 11747.0 12108.0 12038.0 12067.0 12149.0 
12336.0 12238.0 12451.0 12465.0 12141.0 12241.0 12042.0 
12345.0 12038.0 12149.0 12205.0 12236.0 12261.0 12372.0 
12356.0 12414.0 12508.0 12464.0 12343.0 12415.0 12565.0 
12571.0 12646.0 