526.0 416.0 290.0 153.0 24.0 -87.0 -185.0 
-287.0 -409.0 -525.0 -614.0 -701.0 -802.0 -898.0 
-978.0 -1033.0 -1069.0 -1117.0 -1168.0 -1184.0 -1168.0 
-1143.0 -1115.0 -1070.0 -1000.0 -914.0 -810.0 -697.0 
-586.0 -467.0 -330.0 -177.0 -22.0 115.0 232.0 
351.0 481.0 606.0 715.0 796.0 851.0 915.0 
972.0 991.0 976.0 942.0 909.0 887.0 839.0 
744.0 641.0 551.0 450.0 340.0 221.0 79.0 
-63.0 -185.0 -296.0 -417.0 -553.0 -671.0 -754.0 
-826.0 -898.0 -968.0 -1007.0 -987.0 -941.0 -904.0 
-839.0 -724.0 -575.0 -401.0 -233.0 -91.0 53.0 
234.0 428.0 593.0 726.0 849.0 961.0 1056.0 
1136.0 1183.0 1187.0 1179.0 1166.0 1118.0 1015.0 
877.0 747.0 630.0 489.0 313.0 126.0 -45.0 
-194.0 -343.0 -520.0 -700.0 -837.0 -932.0 -1016.0 
-1108.0 -1204.0 -1266.0 -1290.0 -1307.0 -1335.0 -1374.0 
-1397.0 -1384.0 -1341.0 -1302.0 -1272.0 -1231.0 -1164.0 
-1073.0 -972.0 -880.0 -798.0 -698.0 -585.0 -483.0 
-401.0 -335.0 -271.0 -196.0 -124.0 -77.0 -47.0 
-19.0 12.0 42.0 64.0 81.0 100.0 122.0 
141.0 175.0 232.0 291.0 357.0 443.0 539.0 
638.0 731.0 824.0 925.0 1023.0 1099.0 1163.0 
1228.0 1289.0 1338.0 1363.0 1372.0 1381.0 1388.0 
1377.0 1337.0 1282.0 1225.0 1163.0 1086.0 974.0 
839.0 703.0 571.0 447.0 326.0 182.0 31.0 
-92.0 -197.0 -316.0 -447.0 -557.0 -647.0 -739.0 
-816.0 -874.0 -926.0 -955.0 -949.0 -935.0 -929.0 
-927.0 -928.0 -922.0 -905.0 -910.0 -946.0 -984.0 
-1008.0 -1028.0 -1054.0 -1099.0 -1145.0 -1164.0 -1171.0 
-1184.0 -1198.0 -1202.0 -1192.0 -1168.0 -1136.0 -1105.0 
-1059.0 -980.0 -888.0 -799.0 -703.0 -593.0 -461.0 
-316.0 -177.0 -62.0 39.0 153.0 270.0 378.0 
473.0 561.0 650.0 733.0 803.0 867.0 919.0 
966.0 1027.0 1089.0 1120.0 1127.0 1128.0 1127.0 
1121.0 1096.0 1034.0 956.0 894.0 832.0 754.0 
660.0 555.0 447.0 345.0 257.0 169.0 74.0 
-3.0 -56.0 -92.0 -131.0 -186.0 -228.0 -220.0 
-190.0 -177.0 -180.0 -171.0 -139.0 -100.0 -76.0 
-54.0 -27.0 -12.0 5.0 36.0 67.0 86.0 
88.0 95.0 111.0 102.0 59.0 32.0 39.0 
32.0 -1.0 -29.0 -37.0 -42.0 -58.0 -98.0 
-159.0 -216.0 -263.0 -305.0 -365.0 -454.0 -564.0 
-677.0 -772.0 -854.0 -943.0 -1028.0 -1089.0 -1131.0 
-1175.0 -1233.0 -1272.0 -1264.0 -1226.0 -1183.0 -1141.0 
-1085.0 -1013.0 -931.0 -834.0 -737.0 -650.0 -552.0 
-432.0 -306.0 -188.0 -79.0 34.0 165.0 301.0 
419.0 517.0 608.0 720.0 851.0 968.0 1052.0 
1102.0 1143.0 1212.0 1299.0 1366.0 1398.0 1412.0 
1423.0 1438.0 1452.0 1446.0 1421.0 1415.0 1420.0 
1387.0 1329.0 1285.0 1240.0 1186.0 1113.0 994.0 
861.0 741.0 609.0 448.0 262.0 78.0 -105.0 
-305.0 -519.0 -737.0 -932.0 -1097.0 -1247.0 -1396.0 
-1544.0 -1670.0 -1754.0 -1818.0 -1881.0 -1941.0 -1977.0 
-1980.0 -1968.0 -1953.0 -1932.0 -1902.0 -1852.0 -1777.0 
-1692.0 -1611.0 -1519.0 -1398.0 -1269.0 -1153.0 -1046.0 
-939.0 -828.0 -722.0 -626.0 -520.0 -397.0 -278.0 
-154.0 -13.0 133.0 284.0 444.0 602.0 765.0 
924.0 1055.0 1158.0 1255.0 1359.0 1457.0 1517.0 
1550.0 1587.0 1628.0 1653.0 1642.0 1593.0 1535.0 
1485.0 1424.0 1345.0 1256.0 1165.0 1077.0 990.0 
891.0 788.0 706.0 643.0 574.0 504.0 441.0 
379.0 330.0 305.0 291.0 275.0 261.0 254.0 
250.0 250.0 233.0 192.0 159.0 148.0 122.0 
55.0 -24.0 -86.0 -125.0 -165.0 -247.0 -350.0 
-421.0 -466.0 -534.0 -632.0 -723.0 -798.0 -867.0 
-937.0 -1019.0 -1108.0 -1187.0 -1258.0 -1326.0 -1392.0 
-1463.0 -1545.0 -1620.0 -1666.0 -1695.0 -1734.0 -1778.0 
-1799.0 -1793.0 -1780.0 -1769.0 -1755.0 -1724.0 -1668.0 
-1594.0 -1529.0 -1473.0 -1387.0 -1264.0 -1139.0 -1019.0 
-896.0 -750.0 -577.0 -405.0 -244.0 -67.0 138.0 
353.0 552.0 742.0 924.0 1085.0 1241.0 1400.0 
1540.0 1648.0 1720.0 1771.0 1837.0 1897.0 1909.0 
1906.0 1927.0 1952.0 1948.0 1907.0 1863.0 1835.0 
1811.0 1775.0 1702.0 1602.0 1518.0 1438.0 1324.0 
1188.0 1050.0 919.0 786.0 627.0 455.0 303.0 
165.0 20.0 -126.0 -270.0 -411.0 -543.0 -669.0 
-786.0 -886.0 -976.0 -1061.0 -1126.0 -1156.0 -1177.0 
-1216.0 -1256.0 -1274.0 -1258.0 -1232.0 -1233.0 -1244.0 
-1229.0 -1198.0 -1169.0 -1149.0 -1137.0 -1108.0 -1065.0 
-1031.0 -1008.0 -983.0 -956.0 -910.0 -832.0 -759.0 
-710.0 -662.0 -587.0 -493.0 -413.0 -346.0 -261.0 
-168.0 -88.0 -18.0 46.0 100.0 146.0 214.0 
289.0 343.0 402.0 477.0 541.0 604.0 670.0 
734.0 797.0 858.0 910.0 945.0 974.0 995.0 
1007.0 1017.0 1014.0 980.0 920.0 851.0 808.0 
768.0 691.0 599.0 518.0 433.0 332.0 208.0 
67.0 -61.0 -162.0 -258.0 -369.0 -483.0 -567.0 
-626.0 -694.0 -767.0 -818.0 -837.0 -832.0 -829.0 
-836.0 -840.0 -819.0 -771.0 -717.0 -679.0 -645.0 
-605.0 -562.0 -515.0 -470.0 -434.0 -408.0 -396.0 
-394.0 -384.0 -379.0 -387.0 -393.0 -379.0 -346.0 
-327.0 -333.0 -316.0 -258.0 -191.0 -129.0 -68.0 
3.0 107.0 227.0 327.0 412.0 510.0 612.0 
701.0 777.0 843.0 897.0 936.0 946.0 922.0 
880.0 840.0 804.0 752.0 685.0 600.0 488.0 
368.0 263.0 160.0 43.0 -75.0 -172.0 -248.0 
-334.0 -446.0 -555.0 -635.0 -690.0 -741.0 -792.0 
-829.0 -829.0 -802.0 -784.0 -765.0 -714.0 -652.0 
-604.0 -547.0 -478.0 -419.0 -363.0 -312.0 -272.0 
-232.0 -192.0 -159.0 -126.0 -75.0 -12.0 47.0 
90.0 121.0 178.0 252.0 305.0 338.0 371.0 
409.0 442.0 464.0 477.0 477.0 467.0 464.0 
463.0 440.0 405.0 366.0 312.0 268.0 243.0 
211.0 166.0 132.0 114.0 100.0 95.0 97.0 
104.0 113.0 121.0 130.0 144.0 160.0 171.0 
175.0 194.0 224.0 254.0 275.0 266.0 246.0 
244.0 243.0 222.0 194.0 154.0 110.0 85.0 
60.0 13.0 -43.0 -92.0 -147.0 -215.0 -275.0 
-333.0 -398.0 -440.0 -456.0 -471.0 -487.0 -506.0 
-524.0 -521.0 -499.0 -491.0 -484.0 -454.0 -415.0 
-384.0 -355.0 -347.0 -347.0 -313.0 -277.0 -288.0 
-306.0 -284.0 -265.0 -263.0 -269.0 -299.0 -320.0 
-316.0 -317.0 -333.0 -367.0 -413.0 -443.0 -451.0 
-449.0 -451.0 -469.0 -495.0 -486.0 -447.0 -434.0 
-441.0 -416.0 -356.0 -299.0 -248.0 -174.0 -75.0 
20.0 131.0 246.0 346.0 449.0 567.0 687.0 
787.0 842.0 888.0 966.0 1037.0 1058.0 1052.0 
1059.0 1082.0 1092.0 1071.0 1035.0 1013.0 992.0 
943.0 865.0 791.0 727.0 638.0 532.0 436.0 
335.0 220.0 109.0 3.0 -105.0 -216.0 -332.0 
-451.0 -558.0 -639.0 -712.0 -790.0 -849.0 -884.0 
-902.0 -912.0 -926.0 -946.0 -957.0 -952.0 -953.0 
-972.0 -1006.0 -1035.0 -1052.0 -1064.0 -1085.0 -1108.0 
-1108.0 -1088.0 -1069.0 -1048.0 -1019.0 -976.0 -914.0 
-844.0 -783.0 -749.0 -712.0 -635.0 -544.0 -472.0 
-415.0 -342.0 -234.0 -120.0 -24.0 49.0 129.0 
241.0 362.0 453.0 514.0 576.0 656.0 727.0 
777.0 820.0 849.0 873.0 910.0 937.0 941.0 
931.0 923.0 934.0 961.0 966.0 934.0 890.0 
869.0 874.0 862.0 807.0 750.0 727.0 714.0 
688.0 641.0 589.0 562.0 543.0 500.0 441.0 
379.0 309.0 243.0 180.0 100.0 18.0 -49.0 
-113.0 -180.0 -236.0 -266.0 -287.0 -305.0 -313.0 
-319.0 -332.0 -351.0 -360.0 -369.0 -396.0 -429.0 
-450.0 -459.0 -463.0 -476.0 -504.0 -535.0 -547.0 
-548.0 -568.0 -615.0 -665.0 -691.0 -689.0 -690.0 
-723.0 -751.0 -749.0 -741.0 -737.0 -751.0 -776.0 
-779.0 -761.0 -750.0 -735.0 -705.0 -669.0 -623.0 
-572.0 -537.0 -495.0 -431.0 -359.0 -297.0 -245.0 
-186.0 -125.0 -63.0 -7.0 39.0 91.0 153.0 
206.0 244.0 288.0 331.0 362.0 399.0 447.0 
491.0 517.0 521.0 529.0 559.0 591.0 576.0 
517.0 478.0 499.0 522.0 491.0 434.0 415.0 
427.0 438.0 453.0 475.0 500.0 534.0 600.0 
668.0 705.0 754.0 806.0 826.0 861.0 897.0 
893.0 898.0 920.0 900.0 833.0 771.0 721.0 
656.0 560.0 431.0 303.0 211.0 122.0 -6.0 
-154.0 -285.0 -389.0 -482.0 -572.0 -672.0 -775.0 
-858.0 -904.0 -915.0 -929.0 -967.0 -1011.0 -1030.0 
-1030.0 -1038.0 -1048.0 -1040.0 -1019.0 -990.0 -963.0 
-948.0 -931.0 -884.0 -801.0 -727.0 -690.0 -657.0 
-601.0 -534.0 -485.0 -464.0 -439.0 -394.0 -354.0 
-339.0 -331.0 -308.0 -283.0 -266.0 -252.0 -239.0 
-225.0 -198.0 -159.0 -123.0 -103.0 -88.0 -49.0 
15.0 78.0 122.0 162.0 227.0 314.0 393.0 
457.0 503.0 539.0 588.0 656.0 707.0 723.0 
737.0 775.0 808.0 815.0 812.0 806.0 786.0 
755.0 708.0 643.0 564.0 489.0 437.0 383.0 
305.0 219.0 152.0 106.0 56.0 -4.0 -52.0 
-70.0 -82.0 -98.0 -93.0 -68.0 -49.0 -33.0 
2.0 37.0 40.0 30.0 38.0 52.0 53.0 
34.0 9.0 0.0 -3.0 -24.0 -59.0 -100.0 
-147.0 -193.0 -232.0 -282.0 -352.0 -419.0 -457.0 
-487.0 -541.0 -609.0 -655.0 -682.0 -700.0 -706.0 
-710.0 -724.0 -717.0 -675.0 -645.0 -653.0 -664.0 
-643.0 -612.0 -603.0 -621.0 -639.0 -630.0 -600.0 
-579.0 -574.0 -565.0 -533.0 -494.0 -460.0 -422.0 
-387.0 -353.0 -300.0 -227.0 -166.0 -107.0 -32.0 
44.0 116.0 191.0 249.0 289.0 345.0 407.0 
448.0 471.0 504.0 553.0 611.0 665.0 701.0 
737.0 792.0 856.0 903.0 926.0 950.0 979.0 
1006.0 1022.0 1017.0 1004.0 994.0 989.0 972.0 
935.0 887.0 838.0 798.0 755.0 681.0 573.0 
465.0 384.0 296.0 181.0 56.0 -72.0 -196.0 
-310.0 -435.0 -569.0 -685.0 -771.0 -843.0 -915.0 
-981.0 -1024.0 -1054.0 -1079.0 -1094.0 -1092.0 -1078.0 
-1050.0 -999.0 -942.0 -887.0 -823.0 -740.0 -634.0 
-529.0 -441.0 -352.0 -257.0 -166.0 -90.0 -20.0 
47.0 96.0 127.0 137.0 123.0 82.0 27.0 
-26.0 -88.0 -171.0 -279.0 -381.0 -450.0 -510.0 
-569.0 -624.0 -668.0 -676.0 -644.0 -619.0 -627.0 
-615.0 -548.0 -464.0 -403.0 -348.0 -275.0 -189.0 
-86.0 34.0 139.0 228.0 330.0 448.0 565.0 
659.0 724.0 784.0 852.0 914.0 944.0 940.0 
942.0 962.0 972.0 974.0 969.0 952.0 952.0 
982.0 991.0 975.0 980.0 1006.0 1022.0 1011.0 
962.0 886.0 815.0 752.0 653.0 523.0 395.0 
285.0 180.0 59.0 -75.0 -229.0 -382.0 -492.0 
-572.0 -645.0 -717.0 -792.0 -843.0 -852.0 -863.0 
-886.0 -883.0 -855.0 -836.0 -809.0 -756.0 -692.0 
-638.0 -586.0 -524.0 -476.0 -442.0 -389.0 -324.0 
-290.0 -283.0 -270.0 -242.0 -220.0 -233.0 -282.0 
-330.0 -354.0 -361.0 -384.0 -435.0 -487.0 -526.0 
-547.0 -545.0 -555.0 -585.0 -596.0 -589.0 -584.0 
-582.0 -571.0 -552.0 -539.0 -504.0 -447.0 -405.0 
-373.0 -313.0 -237.0 -178.0 -145.0 -107.0 -52.0 
15.0 90.0 153.0 212.0 283.0 351.0 413.0 
481.0 540.0 602.0 678.0 743.0 786.0 819.0 
863.0 919.0 969.0 995.0 1013.0 1036.0 1056.0 
1077.0 1099.0 1098.0 1091.0 1093.0 1084.0 1065.0 
1038.0 987.0 932.0 889.0 831.0 739.0 629.0 
517.0 418.0 338.0 258.0 156.0 38.0 -59.0 
-139.0 -239.0 -345.0 -426.0 -497.0 -588.0 -691.0 
-764.0 -807.0 -863.0 -938.0 -1002.0 -1052.0 -1099.0 
-1127.0 -1145.0 -1179.0 -1229.0 -1273.0 -1287.0 -1290.0 
-1320.0 -1364.0 -1385.0 -1370.0 -1346.0 -1353.0 -1379.0 
-1381.0 -1343.0 -1280.0 -1230.0 -1204.0 -1169.0 -1103.0 
-1018.0 -922.0 -817.0 -702.0 -570.0 -433.0 -304.0 
-183.0 -60.0 82.0 241.0 392.0 530.0 676.0 
826.0 972.0 1125.0 1255.0 1348.0 1444.0 1532.0 
1592.0 1628.0 1621.0 1594.0 1579.0 1557.0 1513.0 
1441.0 1359.0 1297.0 1255.0 1208.0 1154.0 1095.0 
1037.0 982.0 919.0 842.0 759.0 673.0 583.0 
500.0 405.0 272.0 147.0 64.0 -8.0 -95.0 
-191.0 -269.0 -316.0 -347.0 -382.0 -433.0 -489.0 
-518.0 -519.0 -551.0 -620.0 -677.0 -706.0 -724.0 
-758.0 -810.0 -867.0 -915.0 -944.0 -979.0 -1043.0 
-1105.0 -1146.0 -1166.0 -1189.0 -1215.0 -1225.0 -1217.0 
-1193.0 -1141.0 -1083.0 -1040.0 -977.0 -891.0 -831.0 
-785.0 -726.0 -665.0 -610.0 -558.0 -509.0 -471.0 
-444.0 -405.0 -344.0 -281.0 -238.0 -198.0 -129.0 
-34.0 48.0 107.0 164.0 246.0 351.0 438.0 
494.0 553.0 622.0 695.0 761.0 816.0 871.0 
929.0 979.0 1027.0 1077.0 1122.0 1160.0 1194.0 
1231.0 1259.0 1265.0 1267.0 1289.0 1319.0 1338.0 
1338.0 1327.0 1321.0 1299.0 1245.0 1173.0 1089.0 
988.0 877.0 744.0 574.0 401.0 243.0 79.0 
-93.0 -272.0 -442.0 -595.0 -729.0 -839.0 -941.0 
-1036.0 -1105.0 -1145.0 -1165.0 -1174.0 -1187.0 -1191.0 
-1166.0 -1113.0 -1053.0 -1042.0 -1048.0 -1007.0 -941.0 
-885.0 -862.0 -867.0 -838.0 -773.0 -753.0 -768.0 
-760.0 -747.0 -746.0 -738.0 -739.0 -754.0 -753.0 
-724.0 -693.0 -666.0 -641.0 -617.0 -563.0 -483.0 
-418.0 -367.0 -310.0 -242.0 -159.0 -80.0 -21.0 
32.0 97.0 183.0 269.0 319.0 342.0 380.0 
459.0 523.0 543.0 557.0 596.0 640.0 688.0 
730.0 738.0 740.0 750.0 752.0 742.0 731.0 
721.0 711.0 693.0 668.0 640.0 610.0 591.0 
589.0 593.0 590.0 561.0 529.0 530.0 535.0 
515.0 491.0 482.0 483.0 469.0 439.0 409.0 
380.0 360.0 355.0 344.0 313.0 295.0 292.0 
277.0 244.0 201.0 153.0 111.0 69.0 0.0 
-87.0 -174.0 -248.0 -317.0 -393.0 -493.0 -597.0 
-667.0 -716.0 -777.0 -853.0 -929.0 -983.0 -1013.0 
-1044.0 -1097.0 -1165.0 -1201.0 -1207.0 -1213.0 -1223.0 
-1210.0 -1180.0 -1148.0 -1098.0 -1030.0 -961.0 -876.0 
-782.0 -692.0 -603.0 -514.0 -438.0 -360.0 -268.0 
-182.0 -124.0 -76.0 -9.0 48.0 71.0 74.0 
75.0 87.0 105.0 114.0 114.0 124.0 147.0 
187.0 237.0 273.0 298.0 329.0 375.0 421.0 
449.0 487.0 536.0 564.0 585.0 626.0 668.0 
697.0 718.0 747.0 795.0 832.0 850.0 883.0 
916.0 926.0 928.0 938.0 949.0 939.0 897.0 
864.0 856.0 838.0 802.0 767.0 729.0 672.0 
611.0 560.0 521.0 458.0 350.0 245.0 176.0 
103.0 8.0 -93.0 -187.0 -275.0 -364.0 -435.0 
-489.0 -562.0 -627.0 -651.0 -663.0 -684.0 -699.0 
-682.0 -650.0 -651.0 -631.0 -582.0 -560.0 -540.0 
-500.0 -459.0 -460.0 -477.0 -465.0 -454.0 -486.0 
-547.0 -590.0 -605.0 -632.0 -696.0 -789.0 -865.0 
-922.0 -987.0 -1044.0 -1064.0 -1087.0 -1116.0 -1100.0 
-1059.0 -1039.0 -1032.0 -986.0 -903.0 -831.0 -771.0 
-707.0 -636.0 -540.0 -425.0 -335.0 -249.0 -113.0 
31.0 153.0 268.0 383.0 505.0 649.0 795.0 
892.0 956.0 1039.0 1119.0 1164.0 1188.0 1189.0 
1175.0 1156.0 1119.0 1060.0 1004.0 944.0 874.0 
802.0 726.0 632.0 520.0 429.0 366.0 292.0 
188.0 94.0 37.0 -1.0 -43.0 -93.0 -138.0 
-161.0 -164.0 -163.0 -178.0 -201.0 -207.0 -203.0 
-202.0 -226.0 -257.0 -248.0 -219.0 -210.0 -215.0 
-202.0 -149.0 -93.0 -71.0 -55.0 -10.0 41.0 
81.0 131.0 193.0 214.0 202.0 231.0 282.0 
280.0 235.0 211.0 220.0 216.0 165.0 100.0 
58.0 31.0 -11.0 -70.0 -139.0 -217.0 -307.0 
-381.0 -446.0 -522.0 -626.0 -730.0 -788.0 -822.0 
-890.0 -988.0 -1058.0 -1076.0 -1086.0 -1107.0 -1146.0 
-1167.0 -1165.0 -1141.0 -1086.0 -1029.0 -970.0 -901.0 
-824.0 -715.0 -615.0 -538.0 -428.0 -282.0 -154.0 
-56.0 55.0 206.0 381.0 539.0 658.0 785.0 
925.0 1025.0 1100.0 1177.0 1212.0 1215.0 1240.0 
1257.0 1223.0 1174.0 1144.0 1107.0 1056.0 996.0 
896.0 766.0 646.0 553.0 480.0 380.0 231.0 
97.0 15.0 -74.0 -210.0 -354.0 -444.0 -481.0 
-529.0 -598.0 -645.0 -678.0 -708.0 -709.0 -666.0 
-627.0 -618.0 -565.0 -458.0 -362.0 -290.0 -206.0 
-104.0 -15.0 53.0 129.0 198.0 261.0 359.0 
458.0 476.0 436.0 425.0 450.0 457.0 432.0 
394.0 355.0 304.0 250.0 212.0 180.0 143.0 
93.0 50.0 34.0 5.0 -61.0 -116.0 -129.0 
-135.0 -160.0 -180.0 -182.0 -176.0 -170.0 -149.0 
-103.0 -48.0 -8.0 7.0 22.0 67.0 105.0 
112.0 116.0 116.0 103.0 87.0 61.0 26.0 
-9.0 -40.0 -63.0 -91.0 -118.0 -145.0 -176.0 
-202.0 -216.0 -223.0 -236.0 -269.0 -320.0 -354.0 
-349.0 -354.0 -409.0 -489.0 -547.0 -580.0 -636.0 
-732.0 -815.0 -880.0 -936.0 -989.0 -1031.0 -1054.0 
-1074.0 -1086.0 -1074.0 -1035.0 -990.0 -949.0 -885.0 
-813.0 -736.0 -658.0 -583.0 -497.0 -387.0 -287.0 
-199.0 -79.0 55.0 172.0 280.0 387.0 490.0 
589.0 679.0 765.0 839.0 894.0 960.0 1036.0 
1085.0 1107.0 1129.0 1161.0 1197.0 1223.0 1222.0 
1206.0 1201.0 1202.0 1204.0 1209.0 1199.0 1175.0 
1149.0 1128.0 1105.0 1077.0 1048.0 983.0 889.0 
808.0 721.0 604.0 486.0 356.0 191.0 38.0 
-86.0 -235.0 -398.0 -538.0 -677.0 -820.0 -921.0 
-989.0 -1069.0 -1164.0 -1254.0 -1303.0 -1314.0 -1319.0 
-1333.0 -1345.0 -1335.0 -1310.0 -1285.0 -1260.0 -1235.0 
-1195.0 -1140.0 -1106.0 -1095.0 -1083.0 -1063.0 -1030.0 
-990.0 -972.0 -964.0 -921.0 -849.0 -773.0 -695.0 
-611.0 -528.0 -439.0 -334.0 -215.0 -132.0 -82.0 
21.0 148.0 237.0 302.0 382.0 474.0 559.0 
631.0 694.0 753.0 806.0 858.0 883.0 905.0 
938.0 945.0 933.0 926.0 929.0 929.0 909.0 
888.0 893.0 902.0 870.0 820.0 803.0 807.0 
780.0 717.0 669.0 651.0 617.0 563.0 508.0 
445.0 387.0 343.0 301.0 268.0 239.0 208.0 
201.0 212.0 205.0 175.0 149.0 139.0 125.0 
80.0 13.0 -59.0 -130.0 -198.0 -273.0 -368.0 
-461.0 -525.0 -579.0 -634.0 -690.0 -746.0 -777.0 
-779.0 -784.0 -807.0 -821.0 -805.0 -772.0 -738.0 
-723.0 -692.0 -624.0 -562.0 -514.0 -464.0 -414.0 
-368.0 -311.0 -260.0 -249.0 -250.0 -238.0 -220.0 
-205.0 -197.0 -198.0 -195.0 -182.0 -169.0 -156.0 
-136.0 -113.0 -88.0 -43.0 10.0 53.0 90.0 
135.0 194.0 244.0 269.0 291.0 328.0 362.0 
376.0 377.0 362.0 346.0 346.0 315.0 244.0 
176.0 105.0 28.0 -57.0 -170.0 -294.0 -402.0 
-493.0 -586.0 -708.0 -844.0 -953.0 -1020.0 -1057.0 
-1096.0 -1141.0 -1154.0 -1117.0 -1058.0 -995.0 -916.0 
-820.0 -701.0 -553.0 -401.0 -258.0 -109.0 64.0 
253.0 425.0 582.0 742.0 900.0 1056.0 1202.0 
1323.0 1423.0 1523.0 1610.0 1660.0 1677.0 1678.0 
1678.0 1674.0 1648.0 1599.0 1525.0 1440.0 1369.0 
1295.0 1194.0 1080.0 968.0 854.0 746.0 639.0 
507.0 372.0 263.0 172.0 75.0 -34.0 -129.0 
-200.0 -268.0 -353.0 -458.0 -563.0 -658.0 -745.0 
-821.0 -894.0 -980.0 -1074.0 -1141.0 -1183.0 -1227.0 
-1267.0 -1292.0 -1290.0 -1263.0 -1258.0 -1285.0 -1292.0 
-1253.0 -1203.0 -1190.0 -1208.0 -1213.0 -1183.0 -1139.0 
-1103.0 -1084.0 -1068.0 -1033.0 -986.0 -935.0 -892.0 
-859.0 -818.0 -757.0 -675.0 -612.0 -566.0 -504.0 
-411.0 -295.0 -200.0 -132.0 -59.0 30.0 126.0 
205.0 273.0 346.0 431.0 536.0 621.0 647.0 
700.0 814.0 898.0 956.0 1026.0 1080.0 1127.0 
1182.0 1219.0 1231.0 1236.0 1253.0 1269.0 1258.0 
1222.0 1179.0 1143.0 1110.0 1057.0 1003.0 961.0 
899.0 805.0 720.0 660.0 571.0 463.0 411.0 
389.0 335.0 259.0 212.0 202.0 199.0 165.0 
95.0 49.0 40.0 0.0 -86.0 -170.0 -242.0 
-322.0 -392.0 -435.0 -507.0 -613.0 -689.0 -726.0 
-776.0 -870.0 -952.0 -977.0 -997.0 -1037.0 -1078.0 
-1089.0 -1075.0 -1092.0 -1125.0 -1104.0 -1077.0 -1091.0 
-1068.0 -989.0 -948.0 -947.0 -910.0 -833.0 -764.0 
-705.0 -652.0 -620.0 -571.0 -473.0 -377.0 -325.0 
-254.0 -125.0 -17.0 58.0 149.0 242.0 327.0 
417.0 490.0 529.0 574.0 637.0 675.0 719.0 
797.0 833.0 822.0 866.0 940.0 950.0 934.0 
953.0 975.0 978.0 969.0 933.0 869.0 818.0 
784.0 737.0 652.0 552.0 475.0 393.0 284.0 
173.0 67.0 -34.0 -129.0 -216.0 -295.0 -383.0 
-470.0 -536.0 -580.0 -614.0 -685.0 -758.0 -766.0 
-735.0 -726.0 -745.0 -739.0 -693.0 -653.0 -627.0 
-589.0 -543.0 -508.0 -479.0 -464.0 -448.0 -428.0 
-408.0 -374.0 -336.0 -323.0 -320.0 -292.0 -245.0 
-206.0 -187.0 -177.0 -148.0 -120.0 -113.0 -107.0 
-104.0 -112.0 -120.0 -105.0 -92.0 -120.0 -136.0 
-103.0 -74.0 -88.0 -111.0 -100.0 -78.0 -58.0 
-31.0 -14.0 -2.0 34.0 97.0 160.0 213.0 
259.0 314.0 392.0 483.0 532.0 543.0 583.0 
650.0 677.0 663.0 648.0 647.0 655.0 631.0 
574.0 524.0 479.0 413.0 354.0 309.0 236.0 
146.0 69.0 20.0 -29.0 -117.0 -203.0 -244.0 
-281.0 -353.0 -419.0 -466.0 -512.0 -535.0 -545.0 
-562.0 -574.0 -576.0 -561.0 -532.0 -508.0 -470.0 
-408.0 -360.0 -302.0 -217.0 -130.0 -37.0 51.0 
138.0 242.0 336.0 403.0 465.0 533.0 591.0 
608.0 598.0 618.0 645.0 603.0 515.0 471.0 
456.0 380.0 264.0 168.0 73.0 -43.0 -158.0 
-249.0 -341.0 -460.0 -571.0 -646.0 -700.0 -763.0 
-843.0 -913.0 -949.0 -956.0 -950.0 -937.0 -920.0 
-886.0 -814.0 -729.0 -648.0 -546.0 -411.0 -275.0 
-155.0 -22.0 113.0 213.0 322.0 469.0 581.0 
627.0 692.0 795.0 841.0 839.0 846.0 843.0 
828.0 803.0 742.0 658.0 587.0 517.0 419.0 
312.0 226.0 133.0 26.0 -60.0 -136.0 -241.0 
-360.0 -455.0 -522.0 -575.0 -636.0 -716.0 -769.0 
-765.0 -761.0 -770.0 -752.0 -718.0 -677.0 -622.0 
-572.0 -512.0 -423.0 -322.0 -240.0 -173.0 -106.0 
-30.0 54.0 132.0 206.0 267.0 304.0 347.0 
424.0 500.0 519.0 528.0 592.0 649.0 655.0 
666.0 688.0 707.0 723.0 704.0 657.0 613.0 
560.0 495.0 430.0 339.0 216.0 101.0 18.0 
-53.0 -150.0 -277.0 -398.0 -473.0 -515.0 -577.0 
-639.0 -656.0 -651.0 -648.0 -636.0 -611.0 -571.0 
-502.0 -423.0 -374.0 -332.0 -265.0 -198.0 -142.0 
-93.0 -65.0 -52.0 -21.0 16.0 29.0 20.0 
18.0 51.0 96.0 105.0 85.0 64.0 69.0 
78.0 59.0 50.0 57.0 36.0 13.0 13.0 
12.0 -11.0 -54.0 -90.0 -98.0 -112.0 -161.0 
-201.0 -221.0 -251.0 -282.0 -311.0 -353.0 -376.0 
-380.0 -399.0 -432.0 -460.0 -445.0 -394.0 -385.0 
-410.0 -391.0 -345.0 -309.0 -255.0 -186.0 -133.0 
-74.0 19.0 129.0 215.0 289.0 382.0 462.0 
515.0 567.0 592.0 590.0 587.0 558.0 484.0 
396.0 300.0 206.0 142.0 61.0 -56.0 -159.0 
-203.0 -221.0 -241.0 -252.0 -250.0 -238.0 -203.0 
-164.0 -137.0 -109.0 -77.0 -44.0 0.0 49.0 
74.0 72.0 78.0 86.0 88.0 87.0 81.0 
91.0 112.0 108.0 88.0 73.0 73.0 91.0 
95.0 75.0 62.0 62.0 72.0 94.0 106.0 
117.0 153.0 201.0 247.0 281.0 321.0 374.0 
412.0 437.0 469.0 500.0 513.0 520.0 514.0 
477.0 423.0 373.0 316.0 248.0 161.0 48.0 
-66.0 -170.0 -268.0 -375.0 -505.0 -641.0 -734.0 
-790.0 -850.0 -935.0 -1035.0 -1088.0 -1088.0 -1106.0 
-1158.0 -1199.0 -1202.0 -1171.0 -1105.0 -1024.0 -958.0 
-914.0 -856.0 -770.0 -671.0 -569.0 -488.0 -434.0 
-367.0 -273.0 -205.0 -171.0 -129.0 -88.0 -61.0 
-49.0 -26.0 20.0 72.0 121.0 159.0 197.0 
247.0 321.0 391.0 440.0 505.0 604.0 719.0 
797.0 834.0 880.0 917.0 934.0 944.0 950.0 
953.0 940.0 906.0 861.0 814.0 754.0 677.0 
619.0 591.0 549.0 472.0 418.0 430.0 434.0 
373.0 315.0 310.0 326.0 331.0 323.0 315.0 
309.0 284.0 253.0 246.0 248.0 234.0 197.0 
153.0 118.0 59.0 -23.0 -74.0 -102.0 -172.0 
-286.0 -381.0 -431.0 -489.0 -591.0 -686.0 -757.0 
-848.0 -938.0 -992.0 -1051.0 -1149.0 -1227.0 -1266.0 
-1305.0 -1355.0 -1403.0 -1428.0 -1434.0 -1430.0 -1427.0 
-1415.0 -1366.0 -1310.0 -1265.0 -1178.0 -1049.0 -930.0 
-819.0 -703.0 -584.0 -474.0 -362.0 -226.0 -91.0 
12.0 73.0 131.0 224.0 339.0 458.0 548.0 
602.0 673.0 770.0 863.0 953.0 1027.0 1073.0 
1133.0 1227.0 1297.0 1309.0 1303.0 1321.0 1352.0 
1338.0 1296.0 1298.0 1295.0 1229.0 1159.0 1134.0 
1104.0 1040.0 965.0 879.0 792.0 726.0 676.0 
638.0 595.0 539.0 485.0 445.0 402.0 337.0 
259.0 189.0 115.0 44.0 -9.0 -92.0 -213.0 
-307.0 -361.0 -425.0 -506.0 -578.0 -651.0 -737.0 
-806.0 -860.0 -940.0 -1033.0 -1093.0 -1133.0 -1193.0 
-1285.0 -1377.0 -1421.0 -1434.0 -1475.0 -1531.0 -1554.0 
-1552.0 -1545.0 -1528.0 -1502.0 -1472.0 -1427.0 -1348.0 
-1254.0 -1181.0 -1125.0 -1056.0 -954.0 -833.0 -726.0 
-640.0 -542.0 -410.0 -273.0 -173.0 -74.0 46.0 
157.0 239.0 310.0 393.0 469.0 534.0 614.0 
679.0 724.0 779.0 838.0 882.0 916.0 960.0 
1008.0 1050.0 1104.0 1176.0 1221.0 1216.0 1246.0 
1333.0 1391.0 1400.0 1407.0 1427.0 1434.0 1424.0 
1408.0 1374.0 1311.0 1240.0 1192.0 1160.0 1090.0 
988.0 914.0 871.0 815.0 730.0 654.0 606.0 
565.0 491.0 397.0 315.0 228.0 119.0 9.0 
-92.0 -213.0 -359.0 -478.0 -553.0 -641.0 -761.0 
-861.0 -917.0 -962.0 -1026.0 -1113.0 -1195.0 -1255.0 
-1333.0 -1437.0 -1539.0 -1628.0 -1704.0 -1773.0 -1842.0 
-1910.0 -1964.0 -1975.0 -1948.0 -1908.0 -1866.0 -1803.0 
-1692.0 -1531.0 -1345.0 -1177.0 -1025.0 -851.0 -666.0 
-482.0 -301.0 -146.0 -10.0 139.0 289.0 406.0 
485.0 556.0 637.0 716.0 763.0 790.0 811.0 
831.0 865.0 893.0 884.0 860.0 859.0 868.0 
841.0 779.0 728.0 692.0 655.0 638.0 611.0 
542.0 462.0 413.0 388.0 338.0 271.0 224.0 
201.0 181.0 143.0 106.0 96.0 109.0 119.0 
119.0 106.0 111.0 162.0 214.0 218.0 208.0 
235.0 284.0 316.0 353.0 396.0 417.0 461.0 
531.0 567.0 579.0 598.0 618.0 647.0 665.0 
647.0 614.0 587.0 562.0 529.0 483.0 435.0 
367.0 280.0 192.0 75.0 -69.0 -190.0 -284.0 
-381.0 -492.0 -617.0 -722.0 -775.0 -810.0 -855.0 
-894.0 -913.0 -919.0 -928.0 -937.0 -945.0 -963.0 
-984.0 -984.0 -968.0 -969.0 -993.0 -992.0 -958.0 
-936.0 -937.0 -938.0 -921.0 -889.0 -861.0 -851.0 
-851.0 -835.0 -802.0 -768.0 -756.0 -747.0 -721.0 
-696.0 -645.0 -576.0 -543.0 -514.0 -444.0 -342.0 
-262.0 -216.0 -146.0 -47.0 52.0 163.0 280.0 
378.0 493.0 647.0 795.0 913.0 1023.0 1142.0 
1267.0 1380.0 1468.0 1533.0 1599.0 1683.0 1749.0 
1775.0 1772.0 1757.0 1736.0 1697.0 1618.0 1510.0 
1399.0 1283.0 1146.0 995.0 834.0 661.0 500.0 
366.0 220.0 53.0 -102.0 -223.0 -317.0 -415.0 
-531.0 -641.0 -706.0 -754.0 -814.0 -865.0 -914.0 
-958.0 -974.0 -960.0 -947.0 -975.0 -1005.0 -979.0 
-931.0 -916.0 -934.0 -936.0 -916.0 -891.0 -870.0 
-865.0 -858.0 -817.0 -760.0 -731.0 -701.0 -645.0 
-581.0 -505.0 -426.0 -346.0 -258.0 -178.0 -94.0 
5.0 66.0 72.0 95.0 160.0 205.0 213.0 
232.0 264.0 295.0 323.0 327.0 328.0 345.0 
362.0 392.0 423.0 432.0 457.0 509.0 560.0 
589.0 592.0 614.0 654.0 656.0 633.0 615.0 
592.0 563.0 543.0 524.0 482.0 423.0 387.0 
369.0 323.0 238.0 161.0 124.0 95.0 28.0 
-67.0 -148.0 -193.0 -224.0 -260.0 -307.0 -369.0 
-421.0 -429.0 -417.0 -428.0 -470.0 -492.0 -461.0 
-436.0 -452.0 -455.0 -425.0 -401.0 -386.0 -363.0 
-348.0 -359.0 -375.0 -365.0 -330.0 -299.0 -302.0 
-333.0 -349.0 -335.0 -336.0 -367.0 -393.0 -401.0 
-423.0 -475.0 -524.0 -549.0 -571.0 -599.0 -622.0 
-642.0 -672.0 -701.0 -706.0 -701.0 -705.0 -693.0 
-646.0 -584.0 -539.0 -496.0 -427.0 -313.0 -182.0 
-77.0 31.0 173.0 323.0 460.0 602.0 750.0 
860.0 945.0 1065.0 1204.0 1281.0 1294.0 1319.0 
1373.0 1388.0 1339.0 1287.0 1259.0 1216.0 1141.0 
1068.0 1003.0 935.0 853.0 781.0 733.0 666.0 
567.0 478.0 408.0 335.0 251.0 165.0 83.0 
12.0 -38.0 -103.0 -198.0 -283.0 -335.0 -390.0 
-464.0 -542.0 -635.0 -726.0 -796.0 -858.0 -930.0 
-1021.0 -1105.0 -1162.0 -1217.0 -1283.0 -1334.0 -1351.0 
-1357.0 -1371.0 -1383.0 -1369.0 -1318.0 -1253.0 -1215.0 
-1166.0 -1056.0 -946.0 -866.0 -761.0 -632.0 -520.0 
-412.0 -282.0 -143.0 -12.0 106.0 213.0 339.0 
484.0 566.0 588.0 637.0 724.0 793.0 805.0 
785.0 805.0 856.0 877.0 866.0 834.0 801.0 
798.0 821.0 831.0 800.0 748.0 705.0 673.0 
631.0 581.0 520.0 445.0 386.0 358.0 336.0 
322.0 321.0 328.0 362.0 417.0 457.0 476.0 
512.0 567.0 597.0 589.0 588.0 615.0 619.0 
573.0 506.0 439.0 370.0 284.0 165.0 11.0 
-154.0 -315.0 -473.0 -644.0 -835.0 -1019.0 -1177.0 
-1310.0 -1427.0 -1509.0 -1564.0 -1605.0 -1619.0 -1597.0 
-1559.0 -1537.0 -1496.0 -1385.0 -1227.0 -1091.0 -995.0 
-885.0 -731.0 -586.0 -459.0 -312.0 -157.0 -15.0 
112.0 236.0 360.0 472.0 556.0 623.0 684.0 
721.0 740.0 778.0 833.0 868.0 847.0 804.0 
794.0 784.0 741.0 687.0 630.0 572.0 539.0 
515.0 464.0 396.0 346.0 284.0 201.0 138.0 
84.0 19.0 -41.0 -105.0 -169.0 -222.0 -261.0 
-299.0 -338.0 -377.0 -433.0 -473.0 -471.0 -462.0 
-464.0 -467.0 -466.0 -461.0 -432.0 -380.0 -340.0 
-308.0 -248.0 -176.0 -118.0 -82.0 -69.0 -57.0 
-24.0 15.0 30.0 14.0 -8.0 -8.0 2.0 
-33.0 -106.0 -137.0 -129.0 -145.0 -189.0 -212.0 
-203.0 -197.0 -188.0 -158.0 -114.0 -84.0 -51.0 
29.0 121.0 178.0 231.0 310.0 393.0 458.0 
516.0 574.0 626.0 658.0 648.0 616.0 594.0 
578.0 553.0 529.0 496.0 428.0 353.0 303.0 
250.0 160.0 39.0 -71.0 -150.0 -227.0 -324.0 
-424.0 -502.0 -560.0 -612.0 -653.0 -692.0 -732.0 
-754.0 -758.0 -751.0 -747.0 -752.0 -743.0 -721.0 
-700.0 -674.0 -648.0 -625.0 -597.0 -555.0 -492.0 
-418.0 -359.0 -297.0 -214.0 -136.0 -77.0 -23.0 
39.0 114.0 196.0 268.0 321.0 365.0 411.0 
465.0 524.0 567.0 601.0 662.0 715.0 722.0 
727.0 761.0 800.0 808.0 795.0 791.0 782.0 
762.0 747.0 730.0 683.0 616.0 581.0 565.0 
515.0 431.0 344.0 272.0 202.0 129.0 39.0 
-58.0 -134.0 -196.0 -258.0 -314.0 -346.0 -368.0 
-405.0 -445.0 -485.0 -521.0 -550.0 -586.0 -608.0 
-621.0 -656.0 -691.0 -707.0 -715.0 -715.0 -718.0 
-715.0 -673.0 -611.0 -588.0 -597.0 -566.0 -486.0 
-406.0 -346.0 -309.0 -294.0 -274.0 -226.0 -171.0 
-153.0 -166.0 -171.0 -164.0 -179.0 -222.0 -237.0 
-209.0 -204.0 -224.0 -224.0 -207.0 -186.0 -160.0 
-126.0 -92.0 -71.0 -47.0 0.0 55.0 102.0 
124.0 130.0 152.0 185.0 206.0 227.0 243.0 
218.0 185.0 176.0 151.0 106.0 74.0 42.0 
-14.0 -90.0 -158.0 -183.0 -181.0 -198.0 -241.0 
-276.0 -275.0 -266.0 -256.0 -224.0 -195.0 -176.0 
-135.0 -69.0 -7.0 24.0 63.0 158.0 263.0 
313.0 332.0 378.0 448.0 515.0 554.0 574.0 
600.0 619.0 637.0 682.0 726.0 745.0 779.0 
834.0 850.0 836.0 849.0 885.0 924.0 934.0 
886.0 811.0 756.0 705.0 632.0 539.0 425.0 
296.0 173.0 58.0 -56.0 -186.0 -331.0 -450.0 
-534.0 -615.0 -705.0 -815.0 -903.0 -926.0 -943.0 
-997.0 -1043.0 -1040.0 -1019.0 -1033.0 -1067.0 -1072.0 
-1052.0 -1037.0 -1055.0 -1089.0 -1104.0 -1085.0 -1058.0 
-1069.0 -1104.0 -1098.0 -1054.0 -1007.0 -957.0 -909.0 
-864.0 -803.0 -686.0 -542.0 -436.0 -337.0 -182.0 
-5.0 146.0 282.0 412.0 558.0 717.0 844.0 
928.0 992.0 1062.0 1129.0 1179.0 1234.0 1282.0 
1304.0 1297.0 1282.0 1276.0 1243.0 1181.0 1134.0 
1094.0 1040.0 967.0 868.0 770.0 691.0 606.0 
519.0 458.0 421.0 377.0 322.0 274.0 226.0 
142.0 43.0 -17.0 -69.0 -164.0 -272.0 -345.0 
-393.0 -466.0 -587.0 -704.0 -789.0 -873.0 -976.0 
-1060.0 -1110.0 -1161.0 -1215.0 -1249.0 -1264.0 -1273.0 
-1265.0 -1230.0 -1196.0 -1170.0 -1122.0 -1062.0 -1022.0 
-983.0 -913.0 -839.0 -788.0 -718.0 -609.0 -505.0 
-434.0 -362.0 -249.0 -126.0 -36.0 41.0 136.0 
255.0 362.0 442.0 510.0 573.0 628.0 672.0 
714.0 739.0 744.0 753.0 782.0 803.0 789.0 
770.0 770.0 779.0 782.0 769.0 749.0 753.0 
775.0 793.0 805.0 831.0 884.0 935.0 962.0 
976.0 978.0 976.0 981.0 988.0 970.0 902.0 
807.0 729.0 660.0 569.0 457.0 345.0 235.0 
107.0 -28.0 -150.0 -252.0 -350.0 -444.0 -523.0 
-616.0 -726.0 -815.0 -867.0 -911.0 -977.0 -1057.0 
-1130.0 -1167.0 -1187.0 -1226.0 -1271.0 -1308.0 -1320.0 
-1311.0 -1304.0 -1301.0 -1296.0 -1283.0 -1247.0 -1205.0 
-1182.0 -1163.0 -1114.0 -1039.0 -978.0 -930.0 -856.0 
-758.0 -642.0 -521.0 -413.0 -300.0 -159.0 -15.0 
103.0 197.0 281.0 367.0 463.0 567.0 647.0 
688.0 718.0 747.0 757.0 764.0 765.0 765.0 
786.0 795.0 774.0 739.0 705.0 679.0 666.0 
644.0 593.0 546.0 512.0 469.0 412.0 358.0 
320.0 285.0 240.0 179.0 100.0 27.0 0.0 
-2.0 -26.0 -61.0 -90.0 -102.0 -88.0 -59.0 
-25.0 0.0 25.0 86.0 174.0 239.0 277.0 
327.0 405.0 484.0 543.0 582.0 615.0 660.0 
702.0 713.0 700.0 687.0 693.0 692.0 640.0 
550.0 470.0 407.0 342.0 247.0 121.0 -12.0 
-139.0 -261.0 -388.0 -539.0 -715.0 -886.0 -1020.0 
-1137.0 -1269.0 -1415.0 -1549.0 -1639.0 -1700.0 -1760.0 
-1801.0 -1816.0 -1822.0 -1812.0 -1763.0 -1693.0 -1632.0 
-1576.0 -1504.0 -1389.0 -1249.0 -1116.0 -997.0 -876.0 
-718.0 -536.0 -374.0 -222.0 -64.0 82.0 202.0 
305.0 416.0 541.0 644.0 701.0 735.0 794.0 
884.0 975.0 1038.0 1047.0 1033.0 1081.0 1167.0 
1212.0 1207.0 1187.0 1188.0 1212.0 1233.0 1230.0 
1216.0 1217.0 1227.0 1238.0 1261.0 1266.0 1233.0 
1220.0 1232.0 1224.0 1205.0 1187.0 1161.0 1139.0 
1112.0 1059.0 988.0 921.0 856.0 796.0 735.0 
644.0 538.0 454.0 355.0 216.0 81.0 -26.0 
-151.0 -315.0 -480.0 -617.0 -746.0 -878.0 -1015.0 
-1151.0 -1277.0 -1396.0 -1512.0 -1623.0 -1743.0 -1850.0 
-1923.0 -2004.0 -2108.0 -2195.0 -2249.0 -2284.0 -2322.0 
-2343.0 -2335.0 -2321.0 -2283.0 -2184.0 -2047.0 -1925.0 
-1839.0 -1737.0 -1538.0 -1277.0 -1068.0 -892.0 -657.0 
-409.0 -210.0 15.0 273.0 472.0 654.0 887.0 
1124.0 1321.0 1476.0 1600.0 1709.0 1810.0 1885.0 
1946.0 2012.0 2041.0 2009.0 1961.0 1924.0 1866.0 
1788.0 1714.0 1610.0 1471.0 1361.0 1287.0 1197.0 
1089.0 973.0 860.0 771.0 697.0 606.0 489.0 
368.0 286.0 247.0 192.0 87.0 -32.0 -109.0 
-143.0 -172.0 -203.0 -238.0 -278.0 -302.0 -290.0 
-272.0 -287.0 -328.0 -360.0 -366.0 -373.0 -420.0 
-502.0 -572.0 -620.0 -688.0 -785.0 -870.0 -941.0 
-1024.0 -1117.0 -1207.0 -1288.0 -1350.0 -1386.0 -1403.0 
-1405.0 -1389.0 -1330.0 -1234.0 -1162.0 -1129.0 -1064.0 
-952.0 -846.0 -749.0 -666.0 -622.0 -577.0 -480.0 
-372.0 -302.0 -251.0 -194.0 -129.0 -51.0 39.0 
125.0 197.0 259.0 335.0 426.0 499.0 538.0 
574.0 638.0 692.0 706.0 722.0 774.0 833.0 
864.0 875.0 909.0 974.0 1022.0 1036.0 1046.0 
1060.0 1076.0 1095.0 1117.0 1099.0 1045.0 1011.0 
995.0 958.0 903.0 831.0 744.0 656.0 581.0 
505.0 405.0 299.0 222.0 151.0 53.0 -57.0 
-153.0 -225.0 -288.0 -360.0 -433.0 -506.0 -559.0 
-580.0 -604.0 -652.0 -696.0 -712.0 -710.0 -719.0 
-750.0 -776.0 -783.0 -791.0 -810.0 -841.0 -881.0 
-907.0 -907.0 -906.0 -928.0 -956.0 -950.0 -929.0 
-912.0 -889.0 -879.0 -871.0 -828.0 -764.0 -709.0 
-673.0 -632.0 -564.0 -483.0 -416.0 -362.0 -297.0 
-214.0 -117.0 -15.0 82.0 177.0 288.0 413.0 
521.0 598.0 657.0 723.0 794.0 845.0 865.0 
871.0 880.0 891.0 890.0 862.0 815.0 770.0 
728.0 690.0 657.0 616.0 577.0 557.0 540.0 
527.0 520.0 514.0 515.0 524.0 529.0 535.0 
543.0 540.0 527.0 502.0 461.0 408.0 354.0 
304.0 239.0 159.0 76.0 1.0 -65.0 -147.0 
-245.0 -340.0 -419.0 -487.0 -559.0 -654.0 -763.0 
-863.0 -953.0 -1043.0 -1142.0 -1249.0 -1344.0 -1405.0 
-1433.0 -1455.0 -1478.0 -1466.0 -1416.0 -1355.0 -1302.0 
-1255.0 -1188.0 -1091.0 -979.0 -866.0 -761.0 -645.0 
-506.0 -351.0 -202.0 -70.0 51.0 166.0 283.0 
409.0 541.0 649.0 729.0 816.0 917.0 997.0 
1028.0 1045.0 1098.0 1166.0 1191.0 1178.0 1164.0 
1168.0 1170.0 1141.0 1098.0 1074.0 1059.0 1035.0 
1016.0 1013.0 1006.0 961.0 899.0 859.0 837.0 
816.0 785.0 730.0 661.0 587.0 501.0 426.0 
375.0 297.0 172.0 33.0 -90.0 -204.0 -337.0 
-491.0 -659.0 -831.0 -970.0 -1059.0 -1139.0 -1259.0 
-1388.0 -1461.0 -1483.0 -1483.0 -1479.0 -1490.0 -1492.0 
-1453.0 -1396.0 -1347.0 -1290.0 -1220.0 -1148.0 -1072.0 
-979.0 -871.0 -773.0 -684.0 -586.0 -483.0 -385.0 
-286.0 -193.0 -117.0 -43.0 35.0 103.0 170.0 
253.0 317.0 347.0 367.0 407.0 463.0 490.0 
514.0 580.0 652.0 690.0 719.0 756.0 788.0 
811.0 831.0 851.0 863.0 858.0 841.0 824.0 
808.0 774.0 722.0 664.0 615.0 573.0 517.0 
427.0 330.0 266.0 210.0 133.0 40.0 -45.0 
-94.0 -111.0 -138.0 -183.0 -208.0 -213.0 -231.0 
-242.0 -221.0 -205.0 -197.0 -173.0 -151.0 -139.0 
-113.0 -70.0 -26.0 -12.0 -24.0 -20.0 0.0 
6.0 -14.0 -44.0 -64.0 -80.0 -88.0 -84.0 
-96.0 -143.0 -190.0 -208.0 -220.0 -243.0 -283.0 
-322.0 -331.0 -323.0 -335.0 -361.0 -366.0 -351.0 
-345.0 -348.0 -338.0 -310.0 -291.0 -305.0 -330.0 
-347.0 -372.0 -402.0 -433.0 -463.0 -496.0 -532.0 
-549.0 -538.0 -518.0 -517.0 -509.0 -488.0 -463.0 
-408.0 -312.0 -259.0 -259.0 -216.0 -126.0 -65.0 
-23.0 49.0 158.0 253.0 299.0 328.0 378.0 
438.0 474.0 482.0 490.0 520.0 545.0 548.0 
552.0 558.0 551.0 569.0 639.0 695.0 704.0 
720.0 781.0 877.0 967.0 1038.0 1098.0 1151.0 
1212.0 1250.0 1222.0 1163.0 1129.0 1115.0 1079.0 
996.0 890.0 804.0 717.0 600.0 473.0 338.0 
204.0 79.0 -47.0 -184.0 -342.0 -519.0 -675.0 
-796.0 -916.0 -1060.0 -1214.0 -1350.0 -1442.0 -1502.0 
-1575.0 -1648.0 -1679.0 -1675.0 -1671.0 -1669.0 -1649.0 
-1600.0 -1544.0 -1483.0 -1412.0 -1360.0 -1310.0 -1208.0 
-1072.0 -954.0 -857.0 -763.0 -648.0 -505.0 -370.0 
-278.0 -190.0 -67.0 64.0 164.0 234.0 296.0 
359.0 426.0 492.0 546.0 582.0 602.0 588.0 
561.0 554.0 555.0 535.0 514.0 515.0 512.0 
492.0 484.0 497.0 508.0 506.0 498.0 501.0 
538.0 580.0 589.0 589.0 615.0 677.0 743.0 
775.0 776.0 770.0 783.0 805.0 799.0 767.0 
727.0 693.0 668.0 646.0 606.0 544.0 467.0 
390.0 332.0 275.0 190.0 77.0 -14.0 -83.0 
-179.0 -266.0 -318.0 -372.0 -423.0 -455.0 -479.0 
-496.0 -488.0 -461.0 -429.0 -404.0 -395.0 -388.0 
-361.0 -347.0 -363.0 -378.0 -396.0 -418.0 -423.0 
-435.0 -469.0 -497.0 -505.0 -506.0 -513.0 -532.0 
-556.0 -568.0 -588.0 -642.0 -686.0 -674.0 -648.0 
-641.0 -658.0 -706.0 -728.0 -694.0 -644.0 -604.0 
-566.0 -538.0 -520.0 -465.0 -391.0 -339.0 -279.0 
-202.0 -153.0 -128.0 -101.0 -47.0 30.0 104.0 
146.0 178.0 237.0 322.0 408.0 483.0 531.0 
567.0 636.0 726.0 801.0 834.0 822.0 821.0 
847.0 854.0 823.0 780.0 721.0 648.0 610.0 
593.0 552.0 513.0 494.0 500.0 517.0 518.0 
514.0 511.0 536.0 578.0 574.0 526.0 487.0 
477.0 457.0 386.0 294.0 231.0 183.0 112.0 
24.0 -44.0 -100.0 -136.0 -150.0 -182.0 -252.0 
-319.0 -366.0 -403.0 -426.0 -453.0 -525.0 -617.0 
-696.0 -771.0 -824.0 -850.0 -893.0 -962.0 -1028.0 
-1058.0 -1053.0 -1061.0 -1096.0 -1128.0 -1128.0 -1109.0 
-1084.0 -1036.0 -983.0 -947.0 -888.0 -780.0 -644.0 
-513.0 -403.0 -291.0 -169.0 -21.0 165.0 331.0 
437.0 554.0 728.0 906.0 1037.0 1130.0 1225.0 
1331.0 1415.0 1471.0 1517.0 1540.0 1544.0 1517.0 
1453.0 1380.0 1299.0 1210.0 1135.0 1055.0 938.0 
800.0 678.0 569.0 429.0 251.0 79.0 -72.0 
-219.0 -364.0 -517.0 -677.0 -825.0 -966.0 -1100.0 
-1216.0 -1328.0 -1432.0 -1507.0 -1556.0 -1575.0 -1585.0 
-1594.0 -1570.0 -1491.0 -1370.0 -1229.0 -1080.0 -943.0 
-823.0 -680.0 -509.0 -339.0 -194.0 -75.0 28.0 
114.0 191.0 262.0 314.0 336.0 349.0 377.0 
398.0 387.0 357.0 311.0 263.0 253.0 262.0 
258.0 231.0 185.0 155.0 141.0 119.0 97.0 
71.0 18.0 -27.0 -26.0 -19.0 -39.0 -60.0 
-54.0 -39.0 -21.0 11.0 27.0 51.0 135.0 
220.0 251.0 285.0 366.0 469.0 540.0 568.0 
603.0 678.0 758.0 814.0 855.0 876.0 886.0 
903.0 894.0 857.0 828.0 816.0 798.0 763.0 
717.0 666.0 600.0 520.0 434.0 341.0 248.0 
163.0 80.0 -13.0 -120.0 -234.0 -337.0 -426.0 
-496.0 -551.0 -622.0 -692.0 -700.0 -669.0 -659.0 
-668.0 -655.0 -600.0 -526.0 -459.0 -407.0 -370.0 
-333.0 -282.0 -225.0 -181.0 -170.0 -169.0 -149.0 
-138.0 -154.0 -186.0 -221.0 -253.0 -295.0 -358.0 
-411.0 -455.0 -515.0 -574.0 -611.0 -644.0 -692.0 
-720.0 -700.0 -695.0 -729.0 -722.0 -663.0 -611.0 
-579.0 -550.0 -513.0 -457.0 -384.0 -312.0 -245.0 
-176.0 -122.0 -71.0 10.0 104.0 164.0 203.0 
252.0 324.0 396.0 433.0 452.0 489.0 533.0 
561.0 568.0 561.0 550.0 522.0 470.0 417.0 
369.0 314.0 264.0 227.0 180.0 124.0 102.0 
117.0 108.0 64.0 49.0 92.0 155.0 209.0 
244.0 259.0 279.0 311.0 326.0 335.0 354.0 
352.0 334.0 330.0 310.0 261.0 200.0 129.0 
78.0 55.0 12.0 -33.0 -30.0 -28.0 -85.0 
-158.0 -180.0 -169.0 -179.0 -208.0 -242.0 -292.0 
-347.0 -364.0 -346.0 -363.0 -419.0 -446.0 -427.0 
-415.0 -442.0 -465.0 -454.0 -445.0 -445.0 -422.0 
-395.0 -391.0 -379.0 -323.0 -248.0 -177.0 -108.0 
-49.0 5.0 69.0 134.0 204.0 293.0 369.0 
393.0 400.0 423.0 448.0 474.0 498.0 489.0 
455.0 430.0 436.0 442.0 402.0 352.0 323.0 
293.0 259.0 216.0 168.0 127.0 87.0 50.0 
18.0 -19.0 -63.0 -88.0 -75.0 -64.0 -98.0 
-136.0 -139.0 -124.0 -133.0 -165.0 -184.0 -181.0 
-179.0 -208.0 -267.0 -305.0 -320.0 -341.0 -355.0 
-359.0 -381.0 -431.0 -479.0 -480.0 -468.0 -493.0 
-509.0 -482.0 -442.0 -407.0 -374.0 -341.0 -299.0 
-256.0 -218.0 -166.0 -111.0 -72.0 -33.0 15.0 
59.0 104.0 156.0 206.0 244.0 277.0 320.0 
352.0 349.0 356.0 391.0 395.0 345.0 281.0 
225.0 174.0 130.0 85.0 23.0 -49.0 -127.0 
-204.0 -255.0 -268.0 -273.0 -318.0 -360.0 -332.0 
-263.0 -204.0 -155.0 -84.0 11.0 98.0 191.0 
301.0 371.0 394.0 434.0 496.0 526.0 509.0 
459.0 394.0 340.0 295.0 216.0 103.0 8.0 
-54.0 -114.0 -195.0 -306.0 -418.0 -497.0 -543.0 
-577.0 -613.0 -650.0 -668.0 -651.0 -609.0 -572.0 
-527.0 -453.0 -364.0 -268.0 -178.0 -105.0 -13.0 
112.0 228.0 316.0 400.0 484.0 567.0 635.0 
661.0 678.0 722.0 767.0 792.0 802.0 804.0 
791.0 760.0 731.0 701.0 648.0 589.0 541.0 
501.0 447.0 370.0 288.0 213.0 147.0 65.0 
-49.0 -179.0 -304.0 -408.0 -500.0 -599.0 -698.0 
-790.0 -859.0 -902.0 -939.0 -983.0 -1006.0 -977.0 
-919.0 -864.0 -807.0 -728.0 -621.0 -500.0 -387.0 
-278.0 -177.0 -82.0 20.0 108.0 174.0 238.0 
298.0 340.0 347.0 340.0 344.0 330.0 307.0 
303.0 280.0 229.0 193.0 187.0 182.0 157.0 
142.0 149.0 148.0 118.0 81.0 63.0 65.0 
71.0 66.0 47.0 20.0 -8.0 -41.0 -91.0 
-150.0 -223.0 -315.0 -395.0 -470.0 -572.0 -685.0 
-767.0 -804.0 -828.0 -865.0 -905.0 -921.0 -892.0 
-836.0 -780.0 -704.0 -599.0 -496.0 -402.0 -307.0 
-222.0 -147.0 -61.0 41.0 149.0 233.0 305.0 
402.0 520.0 620.0 698.0 772.0 855.0 937.0 
995.0 1035.0 1079.0 1113.0 1133.0 1148.0 1144.0 
1120.0 1086.0 1048.0 994.0 927.0 867.0 811.0 
751.0 697.0 645.0 572.0 487.0 416.0 343.0 
260.0 167.0 73.0 -4.0 -75.0 -150.0 -227.0 
-302.0 -357.0 -408.0 -462.0 -523.0 -606.0 -675.0 
-709.0 -740.0 -801.0 -895.0 -992.0 -1056.0 -1095.0 
-1139.0 -1194.0 -1213.0 -1186.0 -1145.0 -1103.0 -1069.0 
-1036.0 -974.0 -889.0 -812.0 -772.0 -751.0 -696.0 
-595.0 -484.0 -405.0 -348.0 -278.0 -214.0 -181.0 
-139.0 -62.0 -11.0 -10.0 5.0 34.0 34.0 
24.0 24.0 34.0 29.0 15.0 2.0 -9.0 
-13.0 -26.0 -31.0 12.0 86.0 142.0 173.0 
216.0 289.0 385.0 495.0 593.0 674.0 758.0 
849.0 936.0 1014.0 1069.0 1099.0 1131.0 1157.0 
1169.0 1151.0 1102.0 1072.0 1061.0 1012.0 934.0 
841.0 736.0 673.0 596.0 489.0 425.0 351.0 
267.0 227.0 171.0 74.0 7.0 -24.0 -82.0 
-164.0 -247.0 -326.0 -386.0 -433.0 -497.0 -577.0 
-634.0 -663.0 -694.0 -752.0 -791.0 -793.0 -794.0 
-780.0 -769.0 -788.0 -802.0 -793.0 -764.0 -726.0 
-723.0 -722.0 -680.0 -647.0 -649.0 -655.0 -650.0 
-625.0 -581.0 -541.0 -531.0 -534.0 -519.0 -520.0 
-554.0 -580.0 -603.0 -636.0 -661.0 -696.0 -772.0 
-854.0 -899.0 -915.0 -918.0 -923.0 -951.0 -970.0 
-923.0 -830.0 -731.0 -635.0 -519.0 -354.0 -157.0 
28.0 215.0 415.0 607.0 813.0 1046.0 1243.0 
1390.0 1551.0 1726.0 1861.0 1975.0 2087.0 2156.0 
2186.0 2210.0 2215.0 2209.0 2196.0 2156.0 2106.0 
2051.0 1963.0 1861.0 1771.0 1695.0 1600.0 1459.0 
1297.0 1162.0 1054.0 934.0 793.0 663.0 545.0 
418.0 291.0 167.0 35.0 -93.0 -213.0 -346.0 
-504.0 -671.0 -810.0 -928.0 -1067.0 -1216.0 -1367.0 
-1521.0 -1649.0 -1762.0 -1880.0 -2001.0 -2128.0 -2235.0 
-2294.0 -2344.0 -2420.0 -2495.0 -2527.0 -2528.0 -2534.0 
-2526.0 -2495.0 -2443.0 -2353.0 -2252.0 -2151.0 -2024.0 
-1864.0 -1678.0 -1484.0 -1309.0 -1130.0 -928.0 -730.0 
-546.0 -383.0 -236.0 -84.0 68.0 216.0 349.0 
469.0 608.0 748.0 853.0 942.0 1046.0 1148.0 
1223.0 1302.0 1408.0 1481.0 1508.0 1551.0 1608.0 
1671.0 1701.0 1667.0 1662.0 1727.0 1760.0 1725.0 
1710.0 1748.0 1798.0 1825.0 1836.0 1845.0 1833.0 
1817.0 1837.0 1846.0 1788.0 1696.0 1618.0 1559.0 
1514.0 1454.0 1361.0 1255.0 1162.0 1072.0 960.0 
846.0 729.0 580.0 420.0 269.0 116.0 -32.0 
-187.0 -365.0 -544.0 -717.0 -881.0 -1024.0 -1180.0 
-1384.0 -1547.0 -1619.0 -1703.0 -1843.0 -1970.0 -2036.0 
-2096.0 -2173.0 -2216.0 -2230.0 -2274.0 -2326.0 -2337.0 
-2280.0 -2210.0 -2218.0 -2246.0 -2176.0 -2046.0 -1953.0 
-1899.0 -1838.0 -1714.0 -1543.0 -1402.0 -1262.0 -1071.0 
-883.0 -718.0 -534.0 -323.0 -123.0 47.0 206.0 
356.0 508.0 648.0 766.0 887.0 1004.0 1089.0 
1143.0 1190.0 1228.0 1240.0 1243.0 1243.0 1222.0 
1211.0 1213.0 1175.0 1092.0 1022.0 1001.0 1008.0 
975.0 878.0 794.0 756.0 713.0 634.0 529.0 
435.0 360.0 272.0 177.0 79.0 -36.0 -136.0 
-193.0 -237.0 -279.0 -307.0 -322.0 -321.0 -280.0 
-214.0 -156.0 -91.0 10.0 128.0 226.0 307.0 
412.0 553.0 685.0 777.0 869.0 978.0 1061.0 
1108.0 1134.0 1125.0 1094.0 1089.0 1072.0 974.0 
824.0 678.0 563.0 470.0 366.0 250.0 139.0 
35.0 -81.0 -201.0 -287.0 -350.0 -422.0 -503.0 
-560.0 -608.0 -673.0 -734.0 -782.0 -816.0 -849.0 
-909.0 -970.0 -996.0 -1002.0 -1015.0 -1047.0 -1061.0 
-1023.0 -980.0 -962.0 -951.0 -907.0 -831.0 -778.0 
-747.0 -702.0 -646.0 -595.0 -536.0 -488.0 -476.0 
-451.0 -391.0 -367.0 -383.0 -386.0 -398.0 -443.0 
-468.0 -457.0 -472.0 -529.0 -575.0 -574.0 -549.0 
-540.0 -562.0 -579.0 -541.0 -474.0 -423.0 -371.0 
-288.0 -183.0 -62.0 59.0 176.0 306.0 436.0 
556.0 675.0 794.0 905.0 1000.0 1077.0 1133.0 
1164.0 1177.0 1198.0 1221.0 1220.0 1195.0 1166.0 
1150.0 1147.0 1134.0 1105.0 1073.0 1049.0 1019.0 
986.0 969.0 943.0 889.0 842.0 813.0 764.0 
685.0 603.0 547.0 494.0 414.0 336.0 266.0 
188.0 103.0 20.0 -44.0 -107.0 -184.0 -251.0 
-308.0 -376.0 -460.0 -535.0 -599.0 -674.0 -749.0 
-819.0 -892.0 -946.0 -975.0 -1026.0 -1120.0 -1196.0 
-1208.0 -1213.0 -1250.0 -1282.0 -1290.0 -1295.0 -1287.0 
-1271.0 -1249.0 -1217.0 -1173.0 -1127.0 -1108.0 -1107.0 
-1079.0 -1017.0 -949.0 -883.0 -831.0 -793.0 -723.0 
-608.0 -502.0 -417.0 -321.0 -203.0 -81.0 34.0 
150.0 267.0 381.0 497.0 608.0 703.0 791.0 
884.0 976.0 1040.0 1082.0 1136.0 1218.0 1306.0 
1366.0 1416.0 1481.0 1546.0 1599.0 1649.0 1677.0 
1660.0 1612.0 1554.0 1484.0 1387.0 1247.0 1074.0 
897.0 732.0 564.0 384.0 202.0 32.0 -125.0 
-283.0 -436.0 -572.0 -681.0 -760.0 -824.0 -903.0 
-977.0 -1009.0 -1025.0 -1050.0 -1072.0 -1086.0 -1095.0 
-1094.0 -1083.0 -1079.0 -1080.0 -1059.0 -1002.0 -930.0 
-850.0 -776.0 -723.0 -654.0 -552.0 -446.0 -359.0 
-271.0 -159.0 -39.0 65.0 148.0 228.0 324.0 
435.0 539.0 593.0 605.0 630.0 663.0 672.0 
658.0 646.0 641.0 618.0 577.0 533.0 483.0 
430.0 391.0 353.0 299.0 233.0 172.0 134.0 
96.0 36.0 -43.0 -104.0 -133.0 -155.0 -190.0 
-257.0 -334.0 -376.0 -387.0 -411.0 -458.0 -506.0 
-543.0 -555.0 -561.0 -589.0 -630.0 -666.0 -681.0 
-670.0 -653.0 -642.0 -619.0 -571.0 -519.0 -467.0 
-390.0 -292.0 -199.0 -119.0 -34.0 50.0 114.0 
180.0 252.0 302.0 325.0 346.0 384.0 412.0 
409.0 398.0 380.0 351.0 321.0 296.0 264.0 
228.0 195.0 173.0 143.0 100.0 62.0 14.0 
-29.0 -30.0 -23.0 -57.0 -100.0 -113.0 -121.0 
-146.0 -151.0 -126.0 -104.0 -82.0 -54.0 -19.0 
39.0 125.0 195.0 237.0 281.0 337.0 398.0 
465.0 519.0 545.0 568.0 604.0 634.0 646.0 
627.0 580.0 564.0 571.0 543.0 484.0 412.0 
335.0 273.0 232.0 183.0 110.0 54.0 17.0 
-19.0 -52.0 -85.0 -124.0 -153.0 -165.0 -178.0 
-220.0 -270.0 -285.0 -293.0 -335.0 -386.0 -414.0 
-434.0 -457.0 -478.0 -494.0 -508.0 -522.0 -515.0 
-484.0 -473.0 -487.0 -467.0 -418.0 -374.0 -342.0 
-322.0 -292.0 -239.0 -187.0 -166.0 -173.0 -167.0 
-137.0 -104.0 -83.0 -77.0 -67.0 -32.0 11.0 
34.0 38.0 58.0 114.0 188.0 241.0 278.0 
329.0 395.0 457.0 524.0 592.0 629.0 654.0 
708.0 754.0 754.0 737.0 729.0 714.0 675.0 
618.0 545.0 450.0 347.0 248.0 137.0 2.0 
-135.0 -250.0 -365.0 -505.0 -648.0 -761.0 -854.0 
-956.0 -1057.0 -1142.0 -1216.0 -1257.0 -1263.0 -1264.0 
-1281.0 -1295.0 -1285.0 -1267.0 -1253.0 -1215.0 -1162.0 
-1110.0 -1038.0 -951.0 -872.0 -805.0 -723.0 -618.0 
-504.0 -394.0 -297.0 -215.0 -116.0 6.0 110.0 
178.0 256.0 368.0 470.0 550.0 624.0 700.0 
761.0 820.0 885.0 917.0 920.0 950.0 988.0 
988.0 959.0 934.0 928.0 915.0 868.0 810.0 
771.0 737.0 707.0 714.0 716.0 681.0 655.0 
652.0 642.0 616.0 603.0 623.0 641.0 628.0 
612.0 615.0 623.0 622.0 617.0 609.0 586.0 
572.0 572.0 550.0 491.0 423.0 365.0 325.0 
302.0 257.0 167.0 65.0 -1.0 -30.0 -56.0 
-108.0 -171.0 -221.0 -275.0 -334.0 -383.0 -420.0 
-458.0 -497.0 -533.0 -581.0 -646.0 -710.0 -763.0 
-818.0 -914.0 -1028.0 -1115.0 -1187.0 -1274.0 -1370.0 
-1451.0 -1520.0 -1563.0 -1591.0 -1636.0 -1664.0 -1650.0 
-1612.0 -1557.0 -1481.0 -1403.0 -1325.0 -1199.0 -1006.0 
-811.0 -644.0 -465.0 -258.0 -52.0 140.0 314.0 
453.0 569.0 688.0 805.0 899.0 961.0 1013.0 
1074.0 1135.0 1177.0 1202.0 1219.0 1223.0 1227.0 
1229.0 1220.0 1199.0 1160.0 1125.0 1091.0 1027.0 
957.0 920.0 916.0 888.0 808.0 744.0 715.0 
662.0 610.0 582.0 528.0 459.0 413.0 372.0 
317.0 247.0 181.0 145.0 128.0 81.0 8.0 
-57.0 -113.0 -151.0 -186.0 -262.0 -348.0 -389.0 
-415.0 -471.0 -547.0 -613.0 -669.0 -716.0 -734.0 
-747.0 -782.0 -823.0 -840.0 -836.0 -824.0 -802.0 
-774.0 -753.0 -734.0 -706.0 -673.0 -640.0 -586.0 
-512.0 -463.0 -431.0 -381.0 -303.0 -215.0 -159.0 
-130.0 -98.0 -62.0 -36.0 -17.0 -15.0 -31.0 
-32.0 -9.0 17.0 37.0 43.0 60.0 130.0 
200.0 226.0 246.0 293.0 348.0 384.0 411.0 
444.0 463.0 467.0 481.0 493.0 462.0 421.0 
402.0 384.0 342.0 287.0 258.0 258.0 256.0 
241.0 214.0 193.0 190.0 170.0 126.0 96.0 
103.0 123.0 113.0 71.0 17.0 -39.0 -87.0 
-112.0 -109.0 -124.0 -206.0 -293.0 -326.0 -360.0 
-410.0 -441.0 -470.0 -512.0 -541.0 -552.0 -582.0 
-629.0 -646.0 -641.0 -645.0 -640.0 -599.0 -559.0 
-539.0 -516.0 -479.0 -416.0 -310.0 -193.0 -111.0 
-54.0 29.0 160.0 275.0 344.0 411.0 482.0 
536.0 608.0 710.0 779.0 793.0 802.0 854.0 
919.0 939.0 924.0 941.0 988.0 1018.0 1018.0 
986.0 941.0 907.0 853.0 783.0 721.0 651.0 
570.0 492.0 415.0 309.0 180.0 75.0 -9.0 
-118.0 -249.0 -351.0 -417.0 -493.0 -590.0 -676.0 
-736.0 -775.0 -803.0 -839.0 -865.0 -866.0 -863.0 
-853.0 -820.0 -802.0 -812.0 -775.0 -683.0 -609.0 
-571.0 -532.0 -482.0 -425.0 -362.0 -323.0 -319.0 
-299.0 -260.0 -254.0 -283.0 -324.0 -370.0 -400.0 
-402.0 -402.0 -422.0 -453.0 -472.0 -462.0 -440.0 
-423.0 -398.0 -355.0 -285.0 -197.0 -121.0 -60.0 
11.0 94.0 170.0 225.0 262.0 310.0 355.0 
389.0 422.0 438.0 440.0 461.0 495.0 501.0 
489.0 502.0 519.0 518.0 516.0 528.0 552.0 
578.0 609.0 629.0 634.0 655.0 693.0 717.0 
720.0 709.0 677.0 649.0 650.0 645.0 601.0 
540.0 484.0 454.0 437.0 395.0 325.0 272.0 
255.0 231.0 187.0 154.0 112.0 36.0 -19.0 
-41.0 -83.0 -144.0 -167.0 -170.0 -207.0 -256.0 
-278.0 -280.0 -276.0 -277.0 -286.0 -294.0 -303.0 
-327.0 -372.0 -427.0 -492.0 -562.0 -616.0 -664.0 
-745.0 -847.0 -929.0 -988.0 -1046.0 -1101.0 -1135.0 
-1166.0 -1217.0 -1253.0 -1238.0 -1206.0 -1183.0 -1148.0 
-1104.0 -1062.0 -1007.0 -923.0 -821.0 -733.0 -672.0 
-605.0 -504.0 -386.0 -270.0 -166.0 -90.0 -13.0 
99.0 223.0 319.0 391.0 469.0 569.0 683.0 
797.0 901.0 995.0 1076.0 1160.0 1249.0 1310.0 
1351.0 1392.0 1417.0 1431.0 1432.0 1414.0 1400.0 
1399.0 1387.0 1353.0 1322.0 1316.0 1311.0 1298.0 
1290.0 1256.0 1185.0 1130.0 1104.0 1059.0 994.0 
930.0 860.0 778.0 701.0 620.0 501.0 374.0 
275.0 171.0 44.0 -88.0 -213.0 -339.0 -478.0 
-630.0 -783.0 -917.0 -1022.0 -1109.0 -1207.0 -1310.0 
-1378.0 -1432.0 -1505.0 -1578.0 -1631.0 -1676.0 -1701.0 
-1685.0 -1662.0 -1662.0 -1656.0 -1614.0 -1545.0 -1490.0 
-1480.0 -1468.0 -1377.0 -1268.0 -1198.0 -1127.0 -1043.0 
-953.0 -840.0 -711.0 -599.0 -494.0 -369.0 -223.0 
-80.0 48.0 166.0 276.0 398.0 518.0 604.0 
670.0 726.0 765.0 797.0 819.0 816.0 804.0 
813.0 833.0 840.0 829.0 809.0 792.0 781.0 
761.0 710.0 655.0 633.0 631.0 608.0 559.0 
515.0 479.0 430.0 366.0 295.0 216.0 151.0 
107.0 56.0 0.0 -53.0 -93.0 -95.0 -79.0 
-65.0 -34.0 13.0 72.0 141.0 204.0 256.0 
311.0 378.0 449.0 516.0 572.0 612.0 650.0 
689.0 705.0 677.0 624.0 595.0 574.0 516.0 
423.0 329.0 241.0 158.0 85.0 -4.0 -119.0 
-199.0 -240.0 -302.0 -383.0 -438.0 -479.0 -512.0 
-519.0 -531.0 -578.0 -625.0 -641.0 -642.0 -664.0 
-703.0 -739.0 -770.0 -789.0 -813.0 -851.0 -879.0 
-879.0 -869.0 -873.0 -886.0 -882.0 -842.0 -787.0 
-744.0 -706.0 -650.0 -564.0 -445.0 -323.0 -225.0 
-128.0 -2.0 134.0 250.0 344.0 436.0 525.0 
609.0 696.0 756.0 770.0 779.0 804.0 814.0 
797.0 770.0 760.0 752.0 733.0 692.0 622.0 
537.0 457.0 394.0 316.0 202.0 98.0 20.0 
-73.0 -167.0 -242.0 -306.0 -359.0 -404.0 -446.0 
-471.0 -457.0 -419.0 -397.0 -379.0 -334.0 -300.0 
-273.0 -203.0 -115.0 -60.0 -35.0 12.0 98.0 
176.0 201.0 193.0 208.0 252.0 299.0 313.0 
296.0 292.0 310.0 315.0 306.0 297.0 285.0 
270.0 272.0 284.0 289.0 291.0 289.0 276.0 
258.0 242.0 240.0 249.0 241.0 207.0 148.0 
76.0 -3.0 -80.0 -141.0 -207.0 -299.0 -384.0 
-436.0 -468.0 -503.0 -570.0 -644.0 -675.0 -674.0 
-682.0 -709.0 -729.0 -723.0 -694.0 -654.0 -611.0 
-570.0 -519.0 -447.0 -375.0 -314.0 -240.0 -158.0 
-88.0 -34.0 10.0 70.0 133.0 169.0 181.0 
169.0 138.0 117.0 125.0 139.0 121.0 64.0 
5.0 -20.0 -37.0 -87.0 -143.0 -176.0 -191.0 
-188.0 -166.0 -144.0 -126.0 -96.0 -58.0 -27.0 
-4.0 28.0 67.0 94.0 119.0 166.0 213.0 
242.0 275.0 318.0 351.0 362.0 369.0 408.0 
474.0 537.0 588.0 625.0 655.0 700.0 759.0 
807.0 845.0 867.0 871.0 880.0 897.0 892.0 
864.0 838.0 808.0 767.0 715.0 638.0 548.0 
461.0 348.0 224.0 131.0 52.0 -56.0 -196.0 
-327.0 -423.0 -504.0 -602.0 -716.0 -819.0 -891.0 
-940.0 -996.0 -1072.0 -1141.0 -1170.0 -1160.0 -1138.0 
-1122.0 -1110.0 -1075.0 -1002.0 -906.0 -820.0 -762.0 
-705.0 -612.0 -495.0 -378.0 -261.0 -136.0 -14.0 
99.0 197.0 271.0 342.0 426.0 497.0 527.0 
525.0 516.0 517.0 507.0 470.0 426.0 385.0 
352.0 336.0 317.0 286.0 260.0 247.0 245.0 
250.0 255.0 252.0 238.0 215.0 184.0 132.0 
60.0 -8.0 -57.0 -97.0 -142.0 -205.0 -271.0 
-324.0 -370.0 -425.0 -498.0 -587.0 -666.0 -705.0 
-724.0 -745.0 -740.0 -693.0 -637.0 -582.0 -521.0 
-460.0 -384.0 -291.0 -199.0 -125.0 -78.0 -41.0 
1.0 46.0 75.0 87.0 110.0 155.0 203.0 
241.0 253.0 242.0 236.0 230.0 226.0 258.0 
323.0 387.0 455.0 560.0 656.0 695.0 711.0 
733.0 754.0 764.0 756.0 718.0 694.0 713.0 
711.0 647.0 578.0 553.0 528.0 456.0 353.0 
270.0 249.0 240.0 170.0 54.0 -47.0 -104.0 
-156.0 -251.0 -344.0 -410.0 -477.0 -520.0 -515.0 
-521.0 -591.0 -678.0 -731.0 -766.0 -787.0 -787.0 
-766.0 -739.0 -749.0 -817.0 -896.0 -909.0 -856.0 
-808.0 -805.0 -786.0 -680.0 -520.0 -394.0 -343.0 
-325.0 -262.0 -161.0 -115.0 -139.0 -130.0 -54.0 
32.0 74.0 45.0 -12.0 -74.0 -132.0 -129.0 
-99.0 -85.0 -36.0 49.0 138.0 217.0 249.0 
239.0 260.0 331.0 400.0 416.0 388.0 396.0 
492.0 630.0 694.0 653.0 619.0 655.0 690.0 
670.0 615.0 578.0 605.0 668.0 682.0 624.0 
594.0 650.0 704.0 687.0 641.0 599.0 571.0 
588.0 647.0 666.0 596.0 519.0 479.0 401.0 
249.0 93.0 5.0 -6.0 -42.0 -172.0 -309.0 
-377.0 -407.0 -415.0 -391.0 -388.0 -443.0 -519.0 
-603.0 -677.0 -701.0 -701.0 -744.0 -815.0 -801.0 
-671.0 -506.0 -378.0 -285.0 -210.0 -190.0 -220.0 
-238.0 -245.0 -273.0 -252.0 -144.0 -34.0 30.0 
104.0 170.0 144.0 95.0 114.0 129.0 85.0 
54.0 86.0 134.0 142.0 99.0 60.0 39.0 
-37.0 -157.0 -202.0 -166.0 -133.0 -126.0 -149.0 
-183.0 -199.0 -224.0 -271.0 -303.0 -344.0 -428.0 
-484.0 -429.0 -279.0 -125.0 -64.0 -135.0 -272.0 
-366.0 -342.0 -245.0 -189.0 -150.0 -39.0 51.0 
-10.0 -178.0 -308.0 -354.0 -366.0 -378.0 -416.0 
-467.0 -465.0 -395.0 -354.0 -406.0 -483.0 -515.0 
-505.0 -490.0 -473.0 -390.0 -199.0 13.0 120.0 
122.0 117.0 139.0 189.0 288.0 392.0 433.0 
419.0 400.0 400.0 387.0 325.0 235.0 133.0 
16.0 -67.0 -42.0 61.0 167.0 301.0 484.0 
648.0 772.0 899.0 985.0 957.0 833.0 684.0 
577.0 507.0 489.0 591.0 754.0 879.0 964.0 
1004.0 1004.0 1031.0 1074.0 1034.0 897.0 711.0 
508.0 347.0 223.0 78.0 -42.0 -102.0 -142.0 
-171.0 -180.0 -195.0 -202.0 -213.0 -313.0 -473.0 
-583.0 -624.0 -650.0 -711.0 -830.0 -1001.0 -1191.0 
-1340.0 -1428.0 -1521.0 -1643.0 -1695.0 -1634.0 -1556.0 
-1525.0 -1486.0 -1446.0 -1479.0 -1553.0 -1580.0 -1502.0 
-1257.0 -848.0 -399.0 -40.0 194.0 356.0 510.0 
600.0 558.0 462.0 410.0 380.0 354.0 347.0 
371.0 447.0 573.0 717.0 860.0 1022.0 1188.0 
1244.0 1160.0 1079.0 1070.0 1061.0 1050.0 1098.0 
1185.0 1222.0 1182.0 1126.0 1078.0 975.0 781.0 
548.0 347.0 202.0 183.0 391.0 722.0 912.0 
923.0 891.0 805.0 607.0 381.0 248.0 260.0 
360.0 464.0 553.0 605.0 557.0 388.0 115.0 
-252.0 -661.0 -942.0 -1043.0 -1107.0 -1177.0 -1161.0 
-1073.0 -1059.0 -1169.0 -1281.0 -1308.0 -1297.0 -1255.0 
-1058.0 -699.0 -393.0 -275.0 -293.0 -359.0 -437.0 
-487.0 -476.0 -423.0 -321.0 -131.0 78.0 212.0 
305.0 419.0 509.0 565.0 670.0 813.0 840.0 
677.0 426.0 244.0 264.0 427.0 503.0 423.0 
306.0 229.0 218.0 259.0 259.0 204.0 199.0 
254.0 263.0 217.0 199.0 213.0 207.0 161.0 
80.0 -23.0 -141.0 -260.0 -387.0 -539.0 -672.0 
-705.0 -661.0 -645.0 -674.0 -699.0 -796.0 -1009.0 
-1136.0 -1037.0 -888.0 -862.0 -884.0 -851.0 -790.0 
-726.0 -608.0 -452.0 -349.0 -299.0 -229.0 -102.0 
41.0 119.0 114.0 97.0 151.0 312.0 513.0 
641.0 724.0 883.0 1074.0 1148.0 1128.0 1147.0 
1205.0 1174.0 1056.0 997.0 1010.0 967.0 872.0 
781.0 671.0 550.0 451.0 357.0 280.0 291.0 
425.0 651.0 969.0 1385.0 1770.0 1945.0 1847.0 
1557.0 1175.0 764.0 376.0 67.0 -111.0 -158.0 
-173.0 -275.0 -463.0 -663.0 -832.0 -976.0 -1141.0 
-1348.0 -1556.0 -1737.0 -1890.0 -1999.0 -2036.0 -1942.0 
-1704.0 -1465.0 -1419.0 -1589.0 -1787.0 -1851.0 -1796.0 
-1723.0 -1656.0 -1504.0 -1185.0 -738.0 -315.0 -43.0 
78.0 143.0 213.0 271.0 296.0 276.0 170.0 
28.0 31.0 220.0 456.0 643.0 754.0 812.0 
876.0 856.0 624.0 292.0 83.0 56.0 119.0 
191.0 280.0 421.0 616.0 779.0 766.0 508.0 
108.0 -254.0 -485.0 -551.0 -408.0 -84.0 239.0 
385.0 376.0 297.0 178.0 63.0 9.0 27.0 
118.0 237.0 287.0 271.0 232.0 113.0 -59.0 
-143.0 -135.0 -188.0 -312.0 -349.0 -266.0 -178.0 
-118.0 -33.0 80.0 192.0 333.0 486.0 514.0 
331.0 58.0 -121.0 -144.0 -1.0 311.0 674.0 
861.0 794.0 625.0 517.0 474.0 394.0 185.0 
-131.0 -437.0 -627.0 -687.0 -644.0 -517.0 -338.0 
-156.0 -56.0 -141.0 -454.0 -931.0 -1376.0 -1552.0 
-1390.0 -1054.0 -755.0 -530.0 -320.0 -173.0 -151.0 
-216.0 -288.0 -284.0 -206.0 -116.0 4.0 197.0 
397.0 495.0 444.0 285.0 86.0 -113.0 -255.0 
-275.0 -200.0 -143.0 -149.0 -172.0 -157.0 -81.0 
31.0 200.0 461.0 710.0 777.0 675.0 505.0 
296.0 72.0 -127.0 -303.0 -440.0 -473.0 -393.0 
-255.0 -92.0 129.0 357.0 438.0 300.0 -37.0 
-457.0 -748.0 -798.0 -676.0 -526.0 -434.0 -373.0 
-221.0 39.0 258.0 307.0 247.0 227.0 244.0 
213.0 157.0 146.0 192.0 263.0 305.0 267.0 
171.0 91.0 67.0 79.0 79.0 36.0 -47.0 
-146.0 -225.0 -247.0 -166.0 62.0 347.0 448.0 
246.0 -112.0 -390.0 -504.0 -513.0 -424.0 -184.0 
158.0 452.0 613.0 622.0 445.0 152.0 -103.0 
-260.0 -331.0 -292.0 -91.0 215.0 451.0 514.0 
460.0 389.0 354.0 326.0 238.0 73.0 -83.0 
-110.0 13.0 229.0 515.0 829.0 1034.0 1006.0 
789.0 533.0 319.0 186.0 217.0 444.0 770.0 
1077.0 1296.0 1398.0 1390.0 1286.0 1095.0 857.0 
660.0 530.0 402.0 247.0 144.0 105.0 20.0 
-159.0 -415.0 -733.0 -1022.0 -1117.0 -988.0 -802.0 
-746.0 -848.0 -1038.0 -1293.0 -1542.0 -1671.0 -1705.0 
-1736.0 -1763.0 -1759.0 -1783.0 -1884.0 -2007.0 -2084.0 
-2070.0 -1887.0 -1512.0 -1091.0 -762.0 -508.0 -269.0 
-38.0 145.0 240.0 271.0 281.0 286.0 346.0 
539.0 814.0 1022.0 1158.0 1345.0 1591.0 1764.0 
1826.0 1818.0 1728.0 1529.0 1292.0 1149.0 1178.0 
1329.0 1512.0 1645.0 1669.0 1574.0 1398.0 1204.0 
1069.0 1012.0 1004.0 1053.0 1125.0 1070.0 823.0 
505.0 218.0 -59.0 -368.0 -671.0 -882.0 -951.0 
-883.0 -745.0 -679.0 -760.0 -931.0 -1119.0 -1320.0 
-1564.0 -1768.0 -1785.0 -1596.0 -1294.0 -1030.0 -960.0 
-1084.0 -1239.0 -1328.0 -1386.0 -1408.0 -1341.0 -1133.0 
-760.0 -351.0 -111.0 -72.0 -121.0 -172.0 -167.0 
-66.0 113.0 317.0 517.0 729.0 971.0 1194.0 
1308.0 1287.0 1202.0 1119.0 1074.0 1093.0 1169.0 
1255.0 1296.0 1266.0 1171.0 1037.0 864.0 646.0 
387.0 125.0 -36.0 -50.0 6.0 34.0 -28.0 
-203.0 -432.0 -631.0 -745.0 -719.0 -568.0 -413.0 
-343.0 -300.0 -191.0 -40.0 35.0 -68.0 -338.0 
-657.0 -921.0 -1050.0 -960.0 -695.0 -424.0 -203.0 
43.0 297.0 483.0 590.0 608.0 533.0 443.0 
387.0 286.0 93.0 -100.0 -195.0 -190.0 -133.0 
-93.0 -82.0 -22.0 124.0 279.0 366.0 380.0 
338.0 248.0 99.0 -68.0 -119.0 -3.0 157.0 
234.0 192.0 57.0 -121.0 -282.0 -353.0 -352.0 
-374.0 -439.0 -473.0 -429.0 -335.0 -265.0 -264.0 
-313.0 -413.0 -615.0 -846.0 -908.0 -748.0 -499.0 
-274.0 -131.0 -102.0 -164.0 -280.0 -430.0 -554.0 
-613.0 -623.0 -622.0 -640.0 -669.0 -653.0 -562.0 
-443.0 -366.0 -331.0 -278.0 -178.0 -65.0 25.0 
72.0 74.0 102.0 232.0 427.0 567.0 632.0 
713.0 837.0 931.0 932.0 827.0 676.0 526.0 
389.0 278.0 188.0 103.0 -8.0 -128.0 -165.0 
-64.0 123.0 282.0 353.0 357.0 316.0 196.0 
4.0 -158.0 -212.0 -146.0 29.0 292.0 562.0 
730.0 751.0 672.0 584.0 525.0 463.0 426.0 
501.0 650.0 729.0 690.0 583.0 409.0 184.0 
28.0 -18.0 -24.0 1.0 99.0 230.0 325.0 
370.0 369.0 312.0 228.0 199.0 260.0 319.0 
291.0 203.0 83.0 -80.0 -241.0 -310.0 -271.0 
-214.0 -239.0 -386.0 -660.0 -1021.0 -1355.0 -1535.0 
-1497.0 -1247.0 -837.0 -362.0 61.0 332.0 400.0 
284.0 51.0 -222.0 -463.0 -647.0 -756.0 -737.0 
-605.0 -502.0 -534.0 -650.0 -736.0 -747.0 -736.0 
-770.0 -854.0 -933.0 -947.0 -891.0 -833.0 -820.0 
-819.0 -813.0 -789.0 -699.0 -516.0 -282.0 -48.0 
164.0 339.0 467.0 553.0 598.0 588.0 524.0 
494.0 603.0 853.0 1177.0 1495.0 1744.0 1884.0 
1873.0 1737.0 1595.0 1511.0 1487.0 1525.0 1613.0 
1676.0 1688.0 1683.0 1665.0 1645.0 1643.0 1631.0 
1587.0 1529.0 1479.0 1428.0 1357.0 1260.0 1121.0 
955.0 795.0 624.0 347.0 -48.0 -456.0 -802.0 
-1087.0 -1339.0 -1570.0 -1750.0 -1878.0 -2003.0 -2150.0 
-2307.0 -2448.0 -2549.0 -2596.0 -2590.0 -2535.0 -2448.0 
-2362.0 -2275.0 -2205.0 -2198.0 -2188.0 -2105.0 -1996.0 
-1899.0 -1759.0 -1534.0 -1257.0 -978.0 -741.0 -552.0 
-371.0 -198.0 -76.0 -47.0 -99.0 -158.0 -145.0 
-32.0 152.0 331.0 464.0 590.0 729.0 862.0 
979.0 1100.0 1247.0 1398.0 1476.0 1391.0 1171.0 
956.0 851.0 842.0 897.0 1031.0 1205.0 1306.0 
1263.0 1123.0 971.0 872.0 860.0 912.0 950.0 
964.0 991.0 1029.0 1049.0 1030.0 964.0 842.0 
681.0 566.0 545.0 580.0 616.0 611.0 518.0 
342.0 139.0 -61.0 -257.0 -391.0 -402.0 -304.0 
-160.0 -17.0 123.0 227.0 251.0 212.0 108.0 
-98.0 -396.0 -725.0 -1028.0 -1271.0 -1473.0 -1661.0 
-1820.0 -1899.0 -1884.0 -1787.0 -1626.0 -1487.0 -1469.0 
-1538.0 -1574.0 -1504.0 -1363.0 -1214.0 -1091.0 -985.0 
-839.0 -625.0 -401.0 -174.0 82.0 305.0 421.0 
405.0 279.0 142.0 98.0 145.0 245.0 384.0 
531.0 632.0 696.0 773.0 872.0 976.0 1058.0 
1077.0 1028.0 948.0 865.0 781.0 708.0 665.0 
620.0 509.0 335.0 177.0 81.0 45.0 83.0 
227.0 473.0 740.0 918.0 977.0 943.0 811.0 
549.0 145.0 -347.0 -768.0 -939.0 -836.0 -603.0 
-352.0 -88.0 112.0 125.0 -35.0 -237.0 -403.0 
-527.0 -625.0 -737.0 -862.0 -931.0 -897.0 -817.0 
-781.0 -761.0 -654.0 -496.0 -413.0 -414.0 -438.0 
-477.0 -583.0 -770.0 -976.0 -1157.0 -1314.0 -1413.0 
-1400.0 -1249.0 -998.0 -720.0 -492.0 -364.0 -345.0 
-381.0 -376.0 -301.0 -197.0 -95.0 -19.0 37.0 
132.0 291.0 473.0 630.0 770.0 957.0 1226.0 
1530.0 1811.0 2023.0 2120.0 2127.0 2103.0 2043.0 
1971.0 1967.0 2035.0 2096.0 2052.0 1894.0 1685.0 
1429.0 1090.0 677.0 238.0 -126.0 -321.0 -328.0 
-186.0 31.0 245.0 407.0 479.0 428.0 259.0 
-5.0 -325.0 -618.0 -820.0 -915.0 -956.0 -1016.0 
-1098.0 -1205.0 -1381.0 -1614.0 -1820.0 -1916.0 -1850.0 
-1636.0 -1398.0 -1249.0 -1197.0 -1222.0 -1298.0 -1382.0 
-1422.0 -1378.0 -1259.0 -1103.0 -905.0 -630.0 -268.0 
133.0 507.0 798.0 952.0 951.0 847.0 700.0 
540.0 382.0 237.0 123.0 100.0 183.0 304.0 
425.0 555.0 680.0 749.0 731.0 663.0 580.0 
471.0 307.0 87.0 -126.0 -268.0 -323.0 -300.0 
-220.0 -94.0 90.0 339.0 614.0 827.0 889.0 
815.0 674.0 507.0 386.0 402.0 537.0 715.0 
889.0 1002.0 983.0 863.0 736.0 651.0 616.0 
621.0 652.0 713.0 791.0 848.0 827.0 708.0 
524.0 290.0 24.0 -245.0 -494.0 -701.0 -876.0 
-1038.0 -1146.0 -1137.0 -989.0 -752.0 -531.0 -397.0 
-369.0 -431.0 -518.0 -573.0 -572.0 -506.0 -405.0 
-300.0 -206.0 -157.0 -167.0 -177.0 -111.0 39.0 
198.0 267.0 256.0 236.0 206.0 118.0 -9.0 
-73.0 18.0 206.0 360.0 454.0 526.0 576.0 
568.0 490.0 382.0 299.0 271.0 296.0 339.0 
357.0 340.0 310.0 261.0 170.0 40.0 -127.0 
-302.0 -388.0 -338.0 -227.0 -143.0 -114.0 -118.0 
-105.0 -29.0 83.0 205.0 357.0 502.0 545.0 
474.0 351.0 226.0 130.0 61.0 -5.0 -30.0 
26.0 103.0 121.0 95.0 78.0 67.0 40.0 
17.0 22.0 69.0 134.0 160.0 105.0 -12.0 
-142.0 -237.0 -275.0 -288.0 -351.0 -502.0 -719.0 
-967.0 -1190.0 -1314.0 -1279.0 -1090.0 -830.0 -591.0 
-424.0 -382.0 -475.0 -626.0 -774.0 -925.0 -1050.0 
-1069.0 -912.0 -589.0 -197.0 175.0 508.0 791.0 
1030.0 1205.0 1263.0 1209.0 1101.0 954.0 756.0 
531.0 337.0 254.0 366.0 676.0 1092.0 1516.0 
1852.0 2010.0 1984.0 1842.0 1648.0 1446.0 1281.0 
1170.0 1080.0 958.0 806.0 672.0 566.0 494.0 
456.0 429.0 404.0 395.0 384.0 335.0 240.0 
145.0 99.0 85.0 51.0 -34.0 -177.0 -368.0 
-596.0 -847.0 -1068.0 -1191.0 -1196.0 -1116.0 -1003.0 
-926.0 -912.0 -922.0 -945.0 -1011.0 -1115.0 -1218.0 
-1293.0 -1325.0 -1318.0 -1289.0 -1216.0 -1072.0 -875.0 
-678.0 -527.0 -426.0 -405.0 -527.0 -772.0 -1052.0 
-1288.0 -1426.0 -1448.0 -1356.0 -1175.0 -938.0 -650.0 
-321.0 -7.0 235.0 374.0 410.0 410.0 430.0 
481.0 574.0 706.0 843.0 943.0 987.0 977.0 
939.0 916.0 924.0 951.0 1001.0 1106.0 1277.0 
1469.0 1614.0 1675.0 1630.0 1442.0 1125.0 747.0 
366.0 23.0 -242.0 -386.0 -393.0 -304.0 -167.0 
16.0 233.0 412.0 484.0 460.0 374.0 236.0 
66.0 -89.0 -208.0 -269.0 -222.0 -72.0 100.0 
245.0 354.0 391.0 297.0 77.0 -236.0 -619.0 
-996.0 -1279.0 -1456.0 -1560.0 -1601.0 -1592.0 -1562.0 
-1545.0 -1567.0 -1609.0 -1622.0 -1569.0 -1482.0 -1431.0 
-1420.0 -1381.0 -1267.0 -1096.0 -902.0 -696.0 -490.0 
-315.0 -207.0 -181.0 -209.0 -225.0 -171.0 -50.0 
89.0 229.0 373.0 515.0 625.0 682.0 673.0 
613.0 541.0 488.0 463.0 464.0 480.0 504.0 
554.0 641.0 713.0 718.0 690.0 668.0 602.0 
457.0 295.0 171.0 76.0 26.0 62.0 164.0 
291.0 422.0 523.0 578.0 615.0 679.0 785.0 
895.0 955.0 938.0 868.0 777.0 684.0 623.0 
613.0 646.0 686.0 682.0 610.0 492.0 350.0 
176.0 -32.0 -259.0 -503.0 -755.0 -971.0 -1132.0 
-1251.0 -1356.0 -1465.0 -1587.0 -1719.0 -1864.0 -2025.0 
-2165.0 -2243.0 -2270.0 -2277.0 -2254.0 -2174.0 -2021.0 
-1827.0 -1616.0 -1384.0 -1146.0 -927.0 -726.0 -530.0 
-343.0 -181.0 -42.0 101.0 279.0 450.0 548.0 
592.0 645.0 721.0 794.0 855.0 900.0 922.0 
915.0 880.0 840.0 807.0 785.0 806.0 863.0 
902.0 912.0 921.0 931.0 933.0 923.0 900.0 
892.0 928.0 973.0 979.0 965.0 942.0 886.0 
828.0 796.0 744.0 643.0 512.0 343.0 120.0 
-122.0 -345.0 -544.0 -718.0 -857.0 -967.0 -1046.0 
-1034.0 -896.0 -675.0 -413.0 -145.0 108.0 353.0 
546.0 645.0 695.0 741.0 765.0 750.0 702.0 
635.0 598.0 632.0 700.0 757.0 803.0 843.0 
891.0 943.0 962.0 935.0 868.0 762.0 627.0 
480.0 316.0 133.0 -39.0 -203.0 -340.0 -435.0 
-518.0 -593.0 -628.0 -612.0 -564.0 -503.0 -391.0 
-224.0 -63.0 69.0 196.0 309.0 395.0 437.0 
440.0 451.0 497.0 567.0 637.0 701.0 758.0 
783.0 757.0 704.0 638.0 517.0 341.0 194.0 
121.0 76.0 25.0 -9.0 3.0 42.0 69.0 
80.0 93.0 104.0 108.0 95.0 56.0 5.0 
-34.0 -26.0 43.0 144.0 258.0 401.0 569.0 
703.0 767.0 779.0 767.0 744.0 719.0 715.0 
756.0 829.0 905.0 967.0 984.0 947.0 870.0 
777.0 678.0 551.0 398.0 263.0 178.0 147.0 
154.0 178.0 233.0 324.0 408.0 464.0 499.0 
516.0 527.0 548.0 587.0 647.0 712.0 753.0 
756.0 707.0 590.0 424.0 251.0 96.0 -20.0 
-98.0 -151.0 -192.0 -224.0 -255.0 -306.0 -391.0 
-506.0 -617.0 -680.0 -703.0 -703.0 -643.0 -526.0 
-404.0 -307.0 -251.0 -242.0 -273.0 -351.0 -481.0 
-642.0 -814.0 -982.0 -1150.0 -1313.0 -1451.0 -1538.0 
-1543.0 -1444.0 -1258.0 -1041.0 -823.0 -609.0 -403.0 
-200.0 -14.0 137.0 258.0 340.0 363.0 296.0 
158.0 0.0 -156.0 -299.0 -403.0 -478.0 -551.0 
-580.0 -554.0 -552.0 -614.0 -732.0 -909.0 -1116.0 
-1321.0 -1517.0 -1686.0 -1797.0 -1834.0 -1800.0 -1710.0 
-1580.0 -1429.0 -1262.0 -1093.0 -962.0 -890.0 -852.0 
-832.0 -802.0 -703.0 -552.0 -385.0 -177.0 54.0 
251.0 403.0 527.0 639.0 721.0 737.0 676.0 
586.0 540.0 554.0 587.0 615.0 628.0 622.0 
605.0 560.0 468.0 336.0 164.0 -26.0 -217.0 
-408.0 -607.0 -782.0 -874.0 -888.0 -883.0 -901.0 
-952.0 -1017.0 -1093.0 -1207.0 -1354.0 -1486.0 -1572.0 
-1601.0 -1575.0 -1516.0 -1431.0 -1303.0 -1149.0 -1009.0 
-888.0 -762.0 -622.0 -484.0 -366.0 -271.0 -204.0 
-180.0 -168.0 -136.0 -102.0 -87.0 -85.0 -92.0 
-109.0 -140.0 -163.0 -146.0 -99.0 -59.0 -42.0 
-61.0 -115.0 -162.0 -191.0 -219.0 -260.0 -300.0 
-298.0 -246.0 -198.0 -185.0 -179.0 -169.0 -167.0 
-160.0 -144.0 -123.0 -76.0 -1.0 72.0 150.0 
238.0 318.0 380.0 426.0 447.0 437.0 429.0 
466.0 525.0 576.0 629.0 698.0 779.0 871.0 
946.0 964.0 952.0 933.0 882.0 795.0 705.0 
635.0 611.0 659.0 770.0 921.0 1086.0 1239.0 
1338.0 1366.0 1363.0 1342.0 1295.0 1230.0 1145.0 
1027.0 913.0 857.0 861.0 882.0 882.0 846.0 
800.0 788.0 801.0 800.0 769.0 727.0 684.0 
632.0 571.0 509.0 477.0 501.0 569.0 637.0 
669.0 669.0 656.0 641.0 610.0 547.0 460.0 
377.0 313.0 252.0 175.0 92.0 17.0 -76.0 
-204.0 -337.0 -461.0 -578.0 -660.0 -690.0 -690.0 
-676.0 -616.0 -486.0 -324.0 -187.0 -86.0 8.0 
117.0 231.0 329.0 387.0 427.0 494.0 585.0 
678.0 797.0 953.0 1131.0 1301.0 1452.0 1591.0 
1730.0 1866.0 1988.0 2097.0 2182.0 2204.0 2153.0 
2070.0 1957.0 1814.0 1701.0 1661.0 1669.0 1684.0 
1683.0 1654.0 1595.0 1491.0 1314.0 1069.0 796.0 
544.0 342.0 182.0 49.0 -59.0 -137.0 -169.0 
-171.0 -173.0 -179.0 -198.0 -239.0 -310.0 -405.0 
-491.0 -558.0 -634.0 -722.0 -826.0 -965.0 -1119.0 
-1252.0 -1357.0 -1430.0 -1480.0 -1534.0 -1581.0 -1612.0 
-1653.0 -1713.0 -1777.0 -1809.0 -1813.0 -1831.0 -1869.0 
-1883.0 -1846.0 -1777.0 -1699.0 -1605.0 -1513.0 -1446.0 
-1378.0 -1298.0 -1234.0 -1200.0 -1184.0 -1173.0 -1171.0 
-1184.0 -1208.0 -1216.0 -1187.0 -1113.0 -1009.0 -891.0 
-748.0 -564.0 -344.0 -103.0 136.0 355.0 552.0 
733.0 874.0 944.0 947.0 915.0 879.0 835.0 
767.0 693.0 630.0 581.0 556.0 557.0 565.0 
578.0 595.0 594.0 558.0 501.0 439.0 368.0 
282.0 173.0 42.0 -91.0 -200.0 -264.0 -294.0 
-315.0 -334.0 -337.0 -325.0 -317.0 -334.0 -377.0 
-425.0 -467.0 -531.0 -633.0 -742.0 -833.0 -919.0 
-1004.0 -1064.0 -1106.0 -1164.0 -1218.0 -1241.0 -1280.0 
-1365.0 -1454.0 -1506.0 -1537.0 -1559.0 -1566.0 -1562.0 
-1543.0 -1495.0 -1423.0 -1351.0 -1314.0 -1302.0 -1284.0 
-1249.0 -1212.0 -1169.0 -1082.0 -937.0 -760.0 -582.0 
-417.0 -277.0 -171.0 -113.0 -117.0 -140.0 -114.0 
-39.0 34.0 85.0 121.0 159.0 193.0 210.0 
207.0 193.0 195.0 211.0 253.0 336.0 422.0 
482.0 564.0 702.0 833.0 915.0 986.0 1069.0 
1144.0 1190.0 1217.0 1263.0 1332.0 1403.0 1473.0 
1539.0 1591.0 1621.0 1633.0 1622.0 1576.0 1493.0 
1378.0 1262.0 1168.0 1051.0 893.0 756.0 671.0 
591.0 505.0 456.0 445.0 455.0 489.0 529.0 
536.0 490.0 428.0 378.0 318.0 234.0 158.0 
111.0 79.0 41.0 -10.0 -46.0 -39.0 -10.0 
20.0 64.0 129.0 193.0 244.0 292.0 325.0 
338.0 354.0 386.0 427.0 478.0 528.0 566.0 
619.0 679.0 706.0 694.0 654.0 617.0 602.0 
562.0 476.0 388.0 308.0 205.0 77.0 -53.0 
-174.0 -285.0 -391.0 -487.0 -562.0 -608.0 -600.0 
-555.0 -506.0 -439.0 -360.0 -287.0 -204.0 -118.0 
-82.0 -88.0 -86.0 -62.0 -34.0 -7.0 22.0 
59.0 110.0 162.0 192.0 203.0 213.0 210.0 
197.0 189.0 177.0 148.0 124.0 136.0 156.0 
169.0 208.0 278.0 380.0 518.0 643.0 726.0 
794.0 845.0 848.0 805.0 756.0 703.0 641.0 
587.0 512.0 385.0 238.0 90.0 -62.0 -220.0 
-389.0 -553.0 -681.0 -780.0 -864.0 -927.0 -961.0 
-960.0 -950.0 -963.0 -1000.0 -1046.0 -1070.0 -1063.0 
-1060.0 -1069.0 -1068.0 -1030.0 -953.0 -859.0 -770.0 
-675.0 -568.0 -464.0 -382.0 -319.0 -265.0 -194.0 
-117.0 -70.0 -40.0 -18.0 -12.0 -12.0 -3.0 
7.0 2.0 -3.0 12.0 29.0 12.0 -42.0 
-104.0 -157.0 -208.0 -251.0 -278.0 -283.0 -269.0 
-243.0 -212.0 -176.0 -127.0 -67.0 6.0 121.0 
263.0 414.0 586.0 769.0 926.0 1039.0 1127.0 
1217.0 1303.0 1359.0 1374.0 1351.0 1303.0 1238.0 
1155.0 1052.0 939.0 836.0 763.0 720.0 670.0 
594.0 516.0 446.0 370.0 278.0 165.0 58.0 
-20.0 -88.0 -158.0 -227.0 -290.0 -346.0 -393.0 
-433.0 -481.0 -539.0 -593.0 -630.0 -667.0 -738.0 
-827.0 -902.0 -964.0 -1020.0 -1085.0 -1155.0 -1189.0 
-1185.0 -1174.0 -1163.0 -1149.0 -1129.0 -1092.0 -1038.0 
-985.0 -937.0 -874.0 -796.0 -734.0 -700.0 -675.0 
-653.0 -618.0 -555.0 -475.0 -389.0 -289.0 -177.0 
-46.0 106.0 241.0 335.0 420.0 504.0 546.0 
548.0 542.0 534.0 526.0 488.0 412.0 341.0 
293.0 270.0 246.0 203.0 170.0 157.0 151.0 
136.0 100.0 56.0 44.0 75.0 128.0 189.0 
236.0 267.0 300.0 333.0 357.0 373.0 385.0 
397.0 411.0 423.0 414.0 398.0 423.0 489.0 
553.0 593.0 627.0 678.0 732.0 772.0 793.0 
801.0 800.0 790.0 767.0 717.0 634.0 539.0 
447.0 349.0 244.0 139.0 47.0 -15.0 -60.0 
-100.0 -128.0 -145.0 -158.0 -174.0 -212.0 -275.0 
-344.0 -401.0 -436.0 -458.0 -494.0 -545.0 -569.0 
-567.0 -562.0 -562.0 -570.0 -570.0 -546.0 -517.0 
-499.0 -472.0 -432.0 -392.0 -351.0 -309.0 -287.0 
-289.0 -288.0 -279.0 -291.0 -324.0 -334.0 -317.0 
-316.0 -346.0 -382.0 -394.0 -390.0 -393.0 -391.0 
-369.0 -324.0 -274.0 -212.0 -138.0 -74.0 -18.0 
36.0 83.0 128.0 178.0 214.0 232.0 272.0 
351.0 445.0 523.0 603.0 704.0 789.0 841.0 
874.0 901.0 918.0 915.0 896.0 871.0 863.0 
872.0 873.0 866.0 847.0 807.0 760.0 709.0 
631.0 505.0 372.0 268.0 168.0 64.0 -27.0 
-103.0 -170.0 -214.0 -241.0 -264.0 -270.0 -270.0 
-268.0 -233.0 -196.0 -195.0 -177.0 -117.0 -60.0 
-15.0 38.0 101.0 162.0 218.0 251.0 249.0 
235.0 236.0 235.0 204.0 139.0 60.0 -14.0 
-88.0 -188.0 -316.0 -460.0 -623.0 -798.0 -980.0 
-1171.0 -1357.0 -1515.0 -1625.0 -1696.0 -1757.0 -1799.0 
-1798.0 -1753.0 -1690.0 -1631.0 -1576.0 -1500.0 -1391.0 
-1271.0 -1140.0 -975.0 -782.0 -556.0 -298.0 -37.0 
215.0 454.0 690.0 935.0 1153.0 1314.0 1450.0 
1596.0 1717.0 1795.0 1851.0 1880.0 1880.0 1870.0 
1841.0 1763.0 1631.0 1496.0 1381.0 1242.0 1069.0 
902.0 775.0 670.0 565.0 466.0 368.0 284.0 
213.0 116.0 -9.0 -155.0 -315.0 -466.0 -600.0 
-743.0 -880.0 -978.0 -1040.0 -1062.0 -1046.0 -1024.0 
-995.0 -938.0 -857.0 -778.0 -706.0 -622.0 -519.0 
-405.0 -275.0 -158.0 -70.0 39.0 208.0 371.0 
472.0 547.0 615.0 668.0 736.0 823.0 883.0 
902.0 920.0 949.0 951.0 914.0 897.0 934.0 
971.0 975.0 978.0 984.0 957.0 928.0 945.0 
943.0 867.0 789.0 747.0 671.0 532.0 398.0 
324.0 273.0 202.0 124.0 95.0 116.0 132.0 
112.0 66.0 25.0 -2.0 -69.0 -201.0 -351.0 
-495.0 -645.0 -770.0 -861.0 -972.0 -1106.0 -1198.0 
-1217.0 -1207.0 -1222.0 -1256.0 -1251.0 -1199.0 -1146.0 
-1112.0 -1087.0 -1042.0 -955.0 -845.0 -725.0 -600.0 
-476.0 -339.0 -188.0 -45.0 68.0 156.0 239.0 
315.0 358.0 390.0 439.0 502.0 564.0 626.0 
684.0 723.0 749.0 777.0 812.0 832.0 813.0 
796.0 800.0 782.0 727.0 669.0 618.0 536.0 
443.0 375.0 306.0 216.0 141.0 117.0 114.0 
64.0 -20.0 -83.0 -141.0 -226.0 -326.0 -425.0 
-522.0 -617.0 -706.0 -792.0 -886.0 -970.0 -1029.0 
-1102.0 -1209.0 -1308.0 -1377.0 -1452.0 -1545.0 -1638.0 
-1728.0 -1777.0 -1769.0 -1737.0 -1691.0 -1631.0 -1549.0 
-1427.0 -1273.0 -1104.0 -930.0 -754.0 -553.0 -326.0 
-109.0 89.0 303.0 557.0 825.0 1059.0 1268.0 
1464.0 1630.0 1773.0 1906.0 1999.0 2030.0 2035.0 
2040.0 2024.0 1970.0 1896.0 1837.0 1762.0 1634.0 
1469.0 1284.0 1098.0 918.0 725.0 500.0 259.0 
29.0 -178.0 -367.0 -546.0 -718.0 -862.0 -960.0 
-1031.0 -1075.0 -1104.0 -1140.0 -1158.0 -1130.0 -1070.0 
-1028.0 -1014.0 -968.0 -878.0 -813.0 -798.0 -797.0 
-792.0 -774.0 -749.0 -772.0 -829.0 -847.0 -817.0 
-793.0 -798.0 -798.0 -778.0 -733.0 -658.0 -576.0 
-502.0 -423.0 -322.0 -215.0 -123.0 -59.0 -32.0 
-12.0 32.0 86.0 119.0 148.0 208.0 303.0 
393.0 467.0 569.0 711.0 849.0 957.0 1038.0 
1106.0 1192.0 1295.0 1377.0 1436.0 1495.0 1554.0 
1612.0 1659.0 1680.0 1678.0 1670.0 1661.0 1653.0 
1624.0 1570.0 1500.0 1427.0 1356.0 1244.0 1078.0 
910.0 766.0 623.0 458.0 272.0 95.0 -56.0 
-187.0 -319.0 -466.0 -608.0 -712.0 -782.0 -852.0 
-921.0 -973.0 -1020.0 -1064.0 -1092.0 -1106.0 -1133.0 
-1179.0 -1210.0 -1209.0 -1212.0 -1218.0 -1201.0 -1150.0 
-1073.0 -989.0 -918.0 -857.0 -774.0 -673.0 -591.0 
-516.0 -411.0 -281.0 -162.0 -50.0 74.0 204.0 
320.0 416.0 494.0 551.0 593.0 634.0 660.0 
675.0 694.0 691.0 654.0 622.0 618.0 610.0 
591.0 594.0 632.0 678.0 699.0 691.0 685.0 
692.0 689.0 660.0 609.0 557.0 511.0 456.0 
382.0 300.0 240.0 205.0 172.0 139.0 110.0 
58.0 1.0 -28.0 -61.0 -127.0 -208.0 -291.0 
-358.0 -406.0 -451.0 -489.0 -516.0 -525.0 -521.0 
-532.0 -549.0 -537.0 -515.0 -515.0 -534.0 -546.0 
-535.0 -514.0 -498.0 -489.0 -484.0 -468.0 -418.0 
-351.0 -313.0 -299.0 -267.0 -203.0 -122.0 -49.0 
15.0 93.0 184.0 275.0 356.0 416.0 452.0 
481.0 512.0 511.0 472.0 426.0 386.0 341.0 
272.0 172.0 60.0 -47.0 -140.0 -235.0 -363.0 
-498.0 -602.0 -669.0 -721.0 -779.0 -817.0 -804.0 
-766.0 -732.0 -691.0 -646.0 -609.0 -559.0 -482.0 
-394.0 -299.0 -202.0 -108.0 -8.0 114.0 231.0 
309.0 379.0 467.0 539.0 559.0 542.0 515.0 
485.0 433.0 349.0 250.0 168.0 99.0 27.0 
-34.0 -73.0 -81.0 -66.0 -36.0 10.0 67.0 
128.0 197.0 282.0 367.0 420.0 459.0 528.0 
613.0 693.0 769.0 835.0 906.0 987.0 1033.0 
1031.0 1015.0 996.0 979.0 954.0 912.0 873.0 
851.0 834.0 822.0 795.0 739.0 687.0 661.0 
628.0 563.0 495.0 444.0 401.0 341.0 259.0 
180.0 109.0 43.0 -7.0 -73.0 -178.0 -290.0 
-378.0 -470.0 -587.0 -695.0 -788.0 -875.0 -948.0 
-1009.0 -1079.0 -1151.0 -1199.0 -1227.0 -1264.0 -1310.0 
-1341.0 -1365.0 -1395.0 -1407.0 -1401.0 -1391.0 -1364.0 
-1317.0 -1260.0 -1193.0 -1109.0 -997.0 -856.0 -711.0 
-579.0 -475.0 -376.0 -250.0 -119.0 -16.0 73.0 
179.0 283.0 381.0 469.0 524.0 562.0 621.0 
698.0 766.0 814.0 868.0 925.0 957.0 978.0 
989.0 989.0 986.0 972.0 963.0 954.0 927.0 
904.0 898.0 877.0 828.0 753.0 663.0 577.0 
488.0 370.0 233.0 127.0 60.0 0.0 -69.0 
-147.0 -206.0 -244.0 -283.0 -333.0 -385.0 -422.0 
-440.0 -451.0 -480.0 -528.0 -582.0 -633.0 -666.0 
-696.0 -750.0 -810.0 -847.0 -863.0 -875.0 -911.0 
-964.0 -985.0 -953.0 -912.0 -894.0 -873.0 -839.0 
-808.0 -785.0 -766.0 -763.0 -777.0 -784.0 -791.0 
-811.0 -831.0 -844.0 -846.0 -817.0 -771.0 -747.0 
-733.0 -685.0 -602.0 -518.0 -455.0 -404.0 -322.0 
-207.0 -109.0 -32.0 53.0 150.0 242.0 325.0 
405.0 471.0 532.0 611.0 704.0 786.0 845.0 
904.0 972.0 1043.0 1097.0 1124.0 1159.0 1213.0 
1273.0 1324.0 1357.0 1400.0 1461.0 1504.0 1523.0 
1536.0 1559.0 1587.0 1608.0 1624.0 1619.0 1602.0 
1608.0 1633.0 1645.0 1637.0 1618.0 1595.0 1588.0 
1590.0 1554.0 1480.0 1407.0 1342.0 1252.0 1127.0 
984.0 842.0 698.0 545.0 397.0 246.0 83.0 
-71.0 -205.0 -335.0 -476.0 -629.0 -778.0 -910.0 
-1039.0 -1191.0 -1340.0 -1441.0 -1507.0 -1584.0 -1660.0 
-1707.0 -1724.0 -1721.0 -1702.0 -1684.0 -1657.0 -1622.0 
-1580.0 -1528.0 -1481.0 -1445.0 -1414.0 -1373.0 -1297.0 
-1218.0 -1177.0 -1133.0 -1044.0 -963.0 -923.0 -885.0 
-828.0 -764.0 -696.0 -635.0 -583.0 -517.0 -434.0 
-344.0 -252.0 -176.0 -110.0 -19.0 101.0 221.0 
321.0 412.0 519.0 648.0 767.0 867.0 965.0 
1064.0 1165.0 1254.0 1317.0 1353.0 1363.0 1373.0 
1395.0 1393.0 1363.0 1328.0 1291.0 1237.0 1154.0 
1037.0 898.0 771.0 666.0 540.0 393.0 254.0 
130.0 20.0 -92.0 -204.0 -298.0 -367.0 -406.0 
-425.0 -428.0 -415.0 -392.0 -354.0 -305.0 -251.0 
-197.0 -142.0 -86.0 -35.0 0.0 24.0 55.0 
95.0 130.0 134.0 103.0 70.0 58.0 28.0 
-32.0 -96.0 -169.0 -251.0 -322.0 -391.0 -476.0 
-565.0 -642.0 -701.0 -746.0 -789.0 -837.0 -862.0 
-850.0 -826.0 -814.0 -800.0 -746.0 -653.0 -565.0 
-504.0 -446.0 -366.0 -271.0 -184.0 -116.0 -49.0 
44.0 148.0 239.0 309.0 363.0 412.0 458.0 
490.0 491.0 463.0 426.0 389.0 336.0 264.0 
182.0 107.0 34.0 -48.0 -138.0 -229.0 -313.0 
-374.0 -400.0 -398.0 -395.0 -401.0 -390.0 -345.0 
-301.0 -278.0 -262.0 -228.0 -159.0 -82.0 -31.0 
6.0 63.0 125.0 174.0 208.0 243.0 285.0 
319.0 349.0 386.0 413.0 419.0 431.0 452.0 
458.0 449.0 437.0 444.0 469.0 487.0 492.0 
494.0 501.0 528.0 566.0 580.0 565.0 566.0 
604.0 632.0 622.0 621.0 647.0 657.0 652.0 
661.0 660.0 628.0 590.0 566.0 549.0 525.0 
502.0 503.0 523.0 543.0 548.0 532.0 499.0 
472.0 455.0 422.0 369.0 328.0 305.0 270.0 
214.0 175.0 167.0 165.0 142.0 107.0 77.0 
60.0 38.0 -1.0 -46.0 -77.0 -98.0 -124.0 
-137.0 -139.0 -160.0 -202.0 -220.0 -210.0 -222.0 
-266.0 -311.0 -340.0 -368.0 -412.0 -474.0 -539.0 
-584.0 -619.0 -674.0 -754.0 -834.0 -902.0 -978.0 
-1053.0 -1113.0 -1182.0 -1265.0 -1325.0 -1362.0 -1418.0 
-1477.0 -1507.0 -1518.0 -1533.0 -1549.0 -1563.0 -1562.0 
-1514.0 -1442.0 -1383.0 -1319.0 -1239.0 -1127.0 -998.0 
-893.0 -789.0 -654.0 -508.0 -372.0 -257.0 -165.0 
-62.0 61.0 179.0 306.0 451.0 609.0 774.0 
934.0 1092.0 1238.0 1351.0 1448.0 1565.0 1690.0 
1778.0 1816.0 1833.0 1860.0 1885.0 1867.0 1813.0 
1770.0 1750.0 1720.0 1659.0 1582.0 1514.0 1461.0 
1397.0 1309.0 1197.0 1083.0 986.0 878.0 745.0 
614.0 484.0 339.0 184.0 15.0 -158.0 -323.0 
-459.0 -566.0 -681.0 -826.0 -976.0 -1092.0 -1193.0 
-1311.0 -1442.0 -1565.0 -1666.0 -1746.0 -1816.0 -1883.0 
-1933.0 -1948.0 -1942.0 -1940.0 -1950.0 -1956.0 -1950.0 
-1929.0 -1889.0 -1851.0 -1826.0 -1787.0 -1710.0 -1609.0 
-1514.0 -1429.0 -1313.0 -1153.0 -989.0 -831.0 -665.0 
-484.0 -282.0 -77.0 106.0 266.0 418.0 585.0 
757.0 921.0 1076.0 1210.0 1336.0 1462.0 1581.0 
1688.0 1778.0 1857.0 1930.0 1998.0 2050.0 2083.0 
2106.0 2130.0 2153.0 2173.0 2178.0 2181.0 2204.0 
2224.0 2214.0 2168.0 2098.0 2032.0 1968.0 1894.0 
1805.0 1696.0 1585.0 1492.0 1407.0 1287.0 1138.0 
1004.0 883.0 746.0 579.0 405.0 272.0 162.0 
23.0 -132.0 -279.0 -423.0 -563.0 -700.0 -853.0 
-1015.0 -1158.0 -1278.0 -1381.0 -1494.0 -1639.0 -1767.0 
-1845.0 -1899.0 -1956.0 -2033.0 -2114.0 -2152.0 -2155.0 
-2176.0 -2214.0 -2232.0 -2216.0 -2179.0 -2144.0 -2119.0 
-2088.0 -2004.0 -1872.0 -1752.0 -1656.0 -1539.0 -1382.0 
-1219.0 -1066.0 -905.0 -732.0 -548.0 -354.0 -176.0 
-27.0 102.0 241.0 403.0 562.0 694.0 802.0 
912.0 1040.0 1172.0 1288.0 1377.0 1467.0 1591.0 
1713.0 1791.0 1837.0 1883.0 1941.0 1981.0 2010.0 
2027.0 2008.0 1975.0 1949.0 1903.0 1820.0 1711.0 
1598.0 1490.0 1388.0 1269.0 1127.0 999.0 908.0 
822.0 723.0 633.0 565.0 522.0 488.0 436.0 
366.0 304.0 244.0 169.0 92.0 17.0 -67.0 
-138.0 -185.0 -249.0 -346.0 -457.0 -544.0 -598.0 
-656.0 -730.0 -798.0 -854.0 -896.0 -928.0 -985.0 
-1071.0 -1132.0 -1152.0 -1168.0 -1205.0 -1244.0 -1258.0 
-1253.0 -1241.0 -1226.0 -1222.0 -1215.0 -1177.0 -1133.0 
-1112.0 -1109.0 -1108.0 -1083.0 -1039.0 -998.0 -963.0 
-924.0 -872.0 -810.0 -752.0 -692.0 -630.0 -568.0 
-468.0 -348.0 -263.0 -191.0 -92.0 17.0 117.0 
209.0 304.0 412.0 538.0 650.0 740.0 840.0 
962.0 1076.0 1159.0 1225.0 1290.0 1354.0 1411.0 
1444.0 1451.0 1452.0 1446.0 1432.0 1421.0 1412.0 
1393.0 1362.0 1325.0 1276.0 1209.0 1133.0 1047.0 
939.0 825.0 697.0 531.0 353.0 190.0 38.0 
-113.0 -266.0 -412.0 -529.0 -616.0 -703.0 -786.0 
-848.0 -888.0 -904.0 -921.0 -954.0 -987.0 -992.0 
-969.0 -946.0 -928.0 -906.0 -887.0 -866.0 -826.0 
-775.0 -736.0 -717.0 -683.0 -614.0 -534.0 -474.0 
-421.0 -348.0 -264.0 -183.0 -114.0 -51.0 9.0 
70.0 133.0 193.0 248.0 293.0 348.0 415.0 
464.0 495.0 531.0 592.0 667.0 708.0 706.0 
726.0 783.0 817.0 805.0 785.0 778.0 766.0 
740.0 708.0 661.0 605.0 565.0 523.0 448.0 
342.0 238.0 161.0 97.0 36.0 -20.0 -89.0 
-162.0 -216.0 -263.0 -325.0 -387.0 -417.0 -423.0 
-428.0 -432.0 -428.0 -426.0 -410.0 -365.0 -334.0 
-324.0 -302.0 -265.0 -232.0 -217.0 -225.0 -228.0 
-211.0 -202.0 -227.0 -289.0 -360.0 -411.0 -447.0 
-486.0 -545.0 -602.0 -599.0 -571.0 -567.0 -549.0 
-498.0 -448.0 -393.0 -306.0 -218.0 -160.0 -108.0 
-51.0 -3.0 25.0 39.0 42.0 47.0 63.0 
70.0 54.0 30.0 13.0 -4.0 -29.0 -57.0 
-85.0 -101.0 -108.0 -133.0 -182.0 -230.0 -260.0 
-288.0 -326.0 -364.0 -398.0 -416.0 -414.0 -418.0 
-439.0 -465.0 -478.0 -477.0 -491.0 -510.0 -501.0 
-507.0 -520.0 -510.0 -519.0 -555.0 -569.0 -552.0 
-522.0 -494.0 -461.0 -406.0 -338.0 -262.0 -171.0 
-77.0 24.0 143.0 260.0 394.0 563.0 740.0 
916.0 1093.0 1253.0 1394.0 1525.0 1645.0 1754.0 
1840.0 1883.0 1894.0 1896.0 1869.0 1797.0 1711.0 
1619.0 1519.0 1421.0 1303.0 1157.0 996.0 834.0 
698.0 570.0 432.0 308.0 202.0 110.0 48.0 
6.0 -39.0 -82.0 -127.0 -167.0 -182.0 -219.0 
-275.0 -298.0 -312.0 -364.0 -445.0 -516.0 -556.0 
-595.0 -653.0 -708.0 -757.0 -810.0 -841.0 -849.0 
-862.0 -871.0 -868.0 -850.0 -809.0 -767.0 -739.0 
-701.0 -649.0 -595.0 -551.0 -505.0 -447.0 -384.0 
-306.0 -216.0 -142.0 -69.0 30.0 141.0 245.0 
340.0 440.0 562.0 700.0 830.0 941.0 1041.0 
1157.0 1297.0 1434.0 1540.0 1619.0 1701.0 1772.0 
1820.0 1851.0 1866.0 1871.0 1860.0 1836.0 1801.0 
1722.0 1632.0 1553.0 1458.0 1337.0 1186.0 1018.0 
852.0 689.0 511.0 312.0 108.0 -85.0 -277.0 
-481.0 -697.0 -905.0 -1093.0 -1261.0 -1414.0 -1553.0 
-1686.0 -1804.0 -1884.0 -1943.0 -2014.0 -2087.0 -2139.0 
-2153.0 -2133.0 -2110.0 -2101.0 -2080.0 -2023.0 -1934.0 
-1833.0 -1736.0 -1630.0 -1491.0 -1338.0 -1203.0 -1075.0 
-929.0 -786.0 -660.0 -545.0 -443.0 -333.0 -211.0 
-106.0 -19.0 53.0 126.0 213.0 302.0 394.0 
472.0 527.0 594.0 689.0 763.0 802.0 832.0 
874.0 918.0 939.0 936.0 927.0 930.0 938.0 
933.0 920.0 906.0 896.0 899.0 900.0 888.0 
869.0 850.0 852.0 843.0 781.0 704.0 652.0 
609.0 555.0 475.0 377.0 281.0 210.0 157.0 
66.0 -49.0 -120.0 -146.0 -177.0 -211.0 -237.0 
-261.0 -243.0 -189.0 -140.0 -100.0 -79.0 -57.0 
-4.0 38.0 42.0 42.0 47.0 42.0 19.0 
-30.0 -97.0 -162.0 -220.0 -271.0 -328.0 -395.0 
-466.0 -521.0 -539.0 -533.0 -550.0 -581.0 -582.0 
-551.0 -521.0 -500.0 -473.0 -418.0 -349.0 -298.0 
-261.0 -224.0 -179.0 -120.0 -75.0 -76.0 -98.0 
-88.0 -46.0 -19.0 -37.0 -72.0 -86.0 -72.0 
-70.0 -91.0 -96.0 -84.0 -64.0 -31.0 -16.0 
-25.0 -8.0 37.0 69.0 99.0 135.0 157.0 
192.0 264.0 333.0 376.0 423.0 491.0 552.0 
584.0 597.0 614.0 648.0 681.0 688.0 677.0 
667.0 653.0 631.0 601.0 563.0 520.0 477.0 
438.0 398.0 361.0 322.0 280.0 257.0 243.0 
206.0 155.0 119.0 101.0 76.0 34.0 -19.0 
-72.0 -106.0 -129.0 -168.0 -222.0 -274.0 -317.0 
-345.0 -378.0 -428.0 -467.0 -493.0 -508.0 -512.0 
-517.0 -527.0 -539.0 -536.0 -504.0 -473.0 -475.0 
-474.0 -440.0 -407.0 -399.0 -404.0 -399.0 -377.0 
-349.0 -347.0 -372.0 -383.0 -360.0 -325.0 -323.0 
-355.0 -367.0 -346.0 -323.0 -308.0 -297.0 -296.0 
-282.0 -250.0 -216.0 -192.0 -179.0 -156.0 -92.0 
-4.0 70.0 133.0 216.0 330.0 457.0 576.0 
689.0 808.0 937.0 1065.0 1172.0 1247.0 1311.0 
1376.0 1423.0 1438.0 1415.0 1374.0 1341.0 1305.0 
1248.0 1166.0 1081.0 1012.0 936.0 833.0 730.0 
645.0 564.0 485.0 419.0 351.0 276.0 224.0 
195.0 150.0 98.0 46.0 -15.0 -64.0 -112.0 
-188.0 -264.0 -328.0 -401.0 -480.0 -554.0 -630.0 
-708.0 -774.0 -851.0 -943.0 -1035.0 -1133.0 -1244.0 
-1374.0 -1507.0 -1620.0 -1719.0 -1809.0 -1893.0 -1965.0 
-2023.0 -2072.0 -2081.0 