18098.0 18154.0 18266.0 18241.0 18624.0 18688.0 18930.0 
18873.0 19291.0 19239.0 19438.0 19565.0 19672.0 19583.0 
19513.0 19635.0 19308.0 19149.0 19339.0 19138.0 19010.0 
19169.0 19125.0 18954.0 19160.0 19081.0 19142.0 19015.0 
19346.0 19377.0 19210.0 19539.0 19648.0 19522.0 19499.0 
19551.0 19509.0 19362.0 19696.0 19376.0 19453.0 19591.0 
19382.0 19718.0 19554.0 19748.0 19491.0 19617.0 19389.0 
19534.0 19456.0 19354.0 19505.0 19815.0 19828.0 19803.0 
20008.0 20063.0 19731.0 19970.0 19765.0 19544.0 19587.0 
19314.0 19298.0 19321.0 19403.0 19328.0 19454.0 19602.0 
19523.0 19880.0 19743.0 19842.0 20011.0 19839.0 20030.0 
20042.0 19946.0 20051.0 20034.0 19971.0 19766.0 19783.0 
19943.0 19664.0 19659.0 19550.0 19502.0 19239.0 19281.0 
19059.0 19032.0 19161.0 18938.0 19074.0 19370.0 19471.0 
19664.0 19465.0 19848.0 19513.0 19745.0 19657.0 19558.0 
19814.0 19660.0 19751.0 19734.0 19699.0 19899.0 19708.0 
19878.0 19645.0 19633.0 19743.0 19471.0 19636.0 19542.0 
19767.0 19589.0 20004.0 19521.0 20127.0 19770.0 19990.0 
19673.0 19805.0 19891.0 19732.0 20043.0 19943.0 20012.0 
20181.0 19996.0 20373.0 20207.0 20170.0 20406.0 20178.0 
20226.0 20274.0 20473.0 20315.0 20355.0 20352.0 20436.0 
20092.0 20157.0 19821.0 20122.0 19952.0 19706.0 19837.0 
20069.0 19683.0 19810.0 19659.0 19725.0 19420.0 19273.0 
19270.0 19236.0 19279.0 19527.0 19539.0 19589.0 20046.0 
19781.0 20192.0 20156.0 20080.0 20059.0 19942.0 19747.0 
19916.0 19661.0 19528.0 19419.0 19524.0 19519.0 19875.0 
19917.0 20142.0 20258.0 20294.0 20323.0 20328.0 20571.0 
20313.0 20507.0 20679.0 20439.0 20430.0 20528.0 20348.0 
20318.0 20237.0 20298.0 20122.0 20190.0 20184.0 20128.0 
20288.0 20254.0 19985.0 20177.0 20021.0 19942.0 19885.0 
20148.0 19943.0 19793.0 20114.0 20089.0 19858.0 19847.0 
19920.0 19876.0 19659.0 19376.0 19631.0 19416.0 19530.0 
19594.0 19562.0 19453.0 19618.0 19668.0 19587.0 19749.0 
19625.0 19812.0 19652.0 19453.0 19690.0 19494.0 19408.0 
19608.0 19424.0 19564.0 19267.0 19575.0 19473.0 19332.0 
19572.0 19380.0 19841.0 19747.0 19979.0 19833.0 20067.0 
20169.0 19892.0 19840.0 19509.0 19726.0 19284.0 19508.0 
19288.0 19614.0 19483.0 19605.0 19657.0 19837.0 19608.0 
19813.0 19884.0 19877.0 20122.0 19974.0 19806.0 20066.0 
19909.0 19741.0 20022.0 19751.0 19927.0 19536.0 19881.0 
19813.0 19676.0 19795.0 19777.0 19604.0 19862.0 19515.0 
19842.0 19658.0 19751.0 19678.0 19540.0 19707.0 19404.0 
19632.0 19698.0 19420.0 19499.0 19596.0 19397.0 19348.0 
19348.0 19443.0 19357.0 19181.0 19340.0 19275.0 19285.0 
19594.0 19588.0 19773.0 19791.0 19958.0 19856.0 19858.0 
19902.0 19952.0 19994.0 19954.0 20190.0 20050.0 20359.0 
19955.0 20385.0 19838.0 20279.0 19977.0 20050.0 19971.0 
19911.0 19858.0 19794.0 19962.0 19684.0 19728.0 19683.0 
19932.0 19560.0 19609.0 19600.0 19663.0 19512.0 19645.0 
19646.0 19749.0 19953.0 19784.0 19742.0 19760.0 19874.0 
19711.0 19658.0 20101.0 19920.0 20000.0 20163.0 19860.0 
20016.0 20083.0 20014.0 19784.0 19857.0 19814.0 19766.0 
19771.0 19649.0 19916.0 19437.0 20109.0 19655.0 19849.0 
19932.0 20319.0 20033.0 20222.0 20093.0 20091.0 20005.0 
19998.0 19792.0 19823.0 19893.0 19720.0 19751.0 19701.0 
19862.0 19831.0 19790.0 19810.0 19804.0 19642.0 19349.0 
19410.0 19181.0 19253.0 19187.0 19393.0 19324.0 19625.0 
19523.0 19485.0 19849.0 19682.0 19861.0 19752.0 20012.0 
19628.0 20040.0 19898.0 19917.0 20095.0 19862.0 19843.0 
19799.0 19988.0 19838.0 19600.0 20059.0 19940.0 20007.0 
20073.0 19920.0 20085.0 19890.0 20054.0 19854.0 19891.0 
19807.0 19956.0 19882.0 19788.0 20162.0 20025.0 20264.0 
20007.0 20213.0 20016.0 20154.0 20008.0 19983.0 20111.0 
20213.0 20079.0 19976.0 20053.0 19930.0 20102.0 19952.0 
19942.0 19800.0 19753.0 19785.0 19779.0 19616.0 19701.0 
19634.0 19843.0 19803.0 20036.0 20019.0 20069.0 20154.0 
20146.0 20284.0 20087.0 20367.0 20354.0 20152.0 20282.0 
20240.0 20012.0 20247.0 20376.0 20287.0 20582.0 20467.0 
20476.0 20647.0 20515.0 20656.0 20404.0 20346.0 20222.0 
20147.0 20216.0 20308.0 20342.0 20231.0 20657.0 20546.0 
20669.0 20685.0 20671.0 20733.0 20827.0 20511.0 20674.0 
20601.0 20383.0 20341.0 20332.0 20306.0 20400.0 20421.0 
20342.0 20436.0 20479.0 20027.0 20160.0 20075.0 19789.0 
20049.0 19970.0 19995.0 20264.0 20122.0 20426.0 20358.0 
20367.0 20417.0 20337.0 20366.0 20220.0 20352.0 20183.0 
20365.0 20062.0 20484.0 20201.0 20276.0 20130.0 20470.0 
20239.0 20278.0 20167.0 20247.0 20231.0 20252.0 20295.0 
20200.0 20421.0 20255.0 20318.0 20181.0 20186.0 19865.0 
19896.0 19658.0 19509.0 19275.0 19512.0 18986.0 19358.0 
19242.0 19266.0 19706.0 19600.0 19998.0 20032.0 20122.0 
20115.0 20120.0 20123.0 20194.0 19997.0 20005.0 20198.0 
20301.0 20271.0 20393.0 20491.0 20613.0 20653.0 20800.0 
20644.0 20666.0 20826.0 20774.0 20585.0 20804.0 20588.0 
20854.0 20543.0 20692.0 20773.0 20813.0 20800.0 20811.0 
20673.0 20405.0 20387.0 20239.0 20147.0 19919.0 19970.0 
20227.0 19937.0 20048.0 20329.0 20201.0 20291.0 20176.0 
20430.0 20439.0 20293.0 20591.0 20628.0 20543.0 20743.0 
20884.0 20827.0 20976.0 20875.0 21071.0 21111.0 20868.0 
21092.0 20737.0 20520.0 20467.0 20270.0 20232.0 20170.0 
20004.0 20240.0 20197.0 20289.0 20498.0 20550.0 20552.0 
20596.0 20609.0 20428.0 20675.0 20275.0 20597.0 20390.0 
20640.0 20511.0 20240.0 20839.0 20239.0 20641.0 20246.0 
20591.0 20279.0 20388.0 20230.0 20228.0 20222.0 20185.0 
20014.0 20144.0 20042.0 20139.0 20328.0 20265.0 20347.0 
20486.0 20696.0 20799.0 20855.0 20934.0 20880.0 21151.0 
21058.0 21035.0 20943.0 20741.0 20711.0 20887.0 20565.0 
20409.0 20440.0 20454.0 20397.0 20246.0 20232.0 20283.0 
20573.0 20170.0 20454.0 20368.0 20520.0 20249.0 20167.0 
20328.0 19896.0 20020.0 19994.0 19674.0 20045.0 19820.0 
19890.0 19894.0 19920.0 20030.0 20315.0 20059.0 20218.0 
20243.0 20302.0 20217.0 20634.0 20184.0 20300.0 20268.0 
19990.0 19816.0 19849.0 19577.0 19683.0 19517.0 19524.0 
19717.0 19662.0 19720.0 19678.0 19798.0 19974.0 20008.0 
20059.0 20224.0 20121.0 20297.0 20177.0 20400.0 20240.0 
20398.0 20269.0 20273.0 20410.0 20199.0 20247.0 20198.0 
20397.0 20312.0 20522.0 20397.0 20292.0 20463.0 20015.0 
20082.0 20139.0 19997.0 19881.0 19749.0 19721.0 20101.0 
19775.0 20180.0 19783.0 20272.0 19994.0 20039.0 20032.0 
20076.0 19926.0 19835.0 19820.0 19647.0 19751.0 19402.0 
19779.0 19532.0 19536.0 19625.0 19568.0 19561.0 19688.0 
19488.0 19656.0 19288.0 19574.0 19425.0 19501.0 19553.0 
19672.0 19687.0 19781.0 19866.0 20163.0 19950.0 20205.0 
20003.0 20092.0 19908.0 19938.0 19719.0 19982.0 19843.0 
19905.0 19761.0 19803.0 19875.0 19736.0 19942.0 19916.0 
19874.0 19907.0 19951.0 19674.0 20010.0 19701.0 20095.0 
19927.0 20023.0 20114.0 20355.0 20158.0 20457.0 20241.0 
20394.0 20097.0 20229.0 20008.0 19860.0 19699.0 19584.0 
19486.0 19555.0 19280.0 19654.0 19659.0 19908.0 19814.0 
20222.0 20232.0 20011.0 20271.0 20022.0 20128.0 20296.0 
20192.0 19999.0 20231.0 20269.0 20214.0 20095.0 20360.0 
20163.0 20457.0 20144.0 20373.0 20167.0 20210.0 20016.0 
20181.0 19941.0 20034.0 19953.0 19787.0 20103.0 20104.0 
20240.0 20329.0 20339.0 20316.0 20281.0 20456.0 20167.0 
20418.0 20184.0 20297.0 20216.0 20358.0 20364.0 20195.0 
20300.0 20243.0 20292.0 20303.0 20357.0 20345.0 20389.0 
20401.0 20411.0 20299.0 20295.0 20035.0 20154.0 20156.0 
19994.0 20109.0 20357.0 20218.0 20486.0 20442.0 20414.0 
20576.0 20475.0 20321.0 20349.0 20440.0 20331.0 20626.0 
20451.0 20353.0 20370.0 20214.0 20235.0 20089.0 20264.0 
20309.0 20121.0 20151.0 20029.0 20082.0 20128.0 19860.0 
19979.0 19718.0 20030.0 19731.0 20064.0 19839.0 20098.0 
19887.0 20213.0 20239.0 20113.0 20224.0 20167.0 19980.0 
20266.0 20366.0 20078.0 20221.0 20109.0 20132.0 19807.0 
20015.0 19885.0 19881.0 20132.0 20050.0 20253.0 20245.0 
20262.0 20296.0 20419.0 20569.0 20217.0 20776.0 20242.0 
20264.0 20594.0 20501.0 20329.0 19963.0 20286.0 19680.0 
19806.0 19643.0 19624.0 19649.0 19722.0 19801.0 19830.0 
19972.0 19811.0 19652.0 19485.0 19675.0 19367.0 19502.0 
19277.0 19508.0 19478.0 19765.0 19712.0 19856.0 20048.0 
19907.0 20104.0 20128.0 20258.0 20244.0 20181.0 20307.0 
20333.0 20344.0 20280.0 20353.0 20075.0 20229.0 19923.0 
20033.0 19709.0 19918.0 19772.0 19745.0 19784.0 19687.0 
19743.0 19833.0 19896.0 19685.0 19862.0 19702.0 19781.0 
19369.0 19711.0 19368.0 19584.0 19542.0 19716.0 19702.0 
20088.0 20100.0 20134.0 20545.0 20131.0 20545.0 20555.0 
20548.0 20584.0 20781.0 20752.0 20707.0 20882.0 20510.0 
20570.0 20573.0 20595.0 20524.0 20665.0 20585.0 20525.0 
20585.0 20527.0 20548.0 20356.0 20318.0 20192.0 20362.0 
20027.0 20195.0 19989.0 20180.0 20189.0 20161.0 20245.0 
20293.0 20285.0 20310.0 20443.0 20412.0 20582.0 20670.0 
20465.0 20787.0 20592.0 20548.0 20693.0 20888.0 20779.0 
20975.0 20817.0 20969.0 21033.0 20747.0 20967.0 20717.0 
20816.0 20680.0 20800.0 20816.0 20829.0 20841.0 20952.0 
20904.0 20860.0 21045.0 21035.0 21034.0 21174.0 21123.0 
21174.0 21218.0 21187.0 21204.0 21188.0 20912.0 21301.0 
20975.0 20900.0 20854.0 21095.0 20860.0 20752.0 21004.0 
20618.0 20814.0 20518.0 20720.0 20582.0 20768.0 20673.0 
20873.0 20835.0 20705.0 20981.0 20886.0 20767.0 20691.0 
20791.0 20604.0 20677.0 20707.0 20932.0 20839.0 20841.0 
20926.0 20983.0 20805.0 21070.0 20908.0 20708.0 20819.0 
20550.0 20444.0 20500.0 20280.0 20587.0 20398.0 20572.0 
20710.0 20675.0 20857.0 20624.0 20950.0 20763.0 21017.0 
20605.0 20973.0 20652.0 20663.0 20752.0 20744.0 20694.0 
20446.0 20656.0 20445.0 20839.0 20448.0 20768.0 20645.0 
20820.0 20629.0 21020.0 20743.0 20788.0 20709.0 20659.0 
20614.0 20595.0 20698.0 20587.0 20750.0 20815.0 20903.0 
20740.0 20864.0 20926.0 20848.0 20995.0 21020.0 21089.0 
21037.0 21027.0 21092.0 20897.0 21143.0 20929.0 21100.0 
21006.0 21169.0 21052.0 20959.0 21053.0 20905.0 21109.0 
20873.0 20966.0 20898.0 21118.0 20979.0 20978.0 21061.0 
20912.0 21209.0 21277.0 21333.0 21504.0 21385.0 21482.0 
21489.0 21442.0 21299.0 21416.0 21106.0 21326.0 21044.0 
21110.0 20978.0 21102.0 21023.0 21023.0 20861.0 21117.0 
21335.0 21118.0 21581.0 21349.0 21495.0 21612.0 21169.0 
21535.0 21507.0 21269.0 21274.0 21134.0 21528.0 21204.0 
21378.0 21407.0 21445.0 21359.0 21519.0 21372.0 21533.0 
21324.0 21363.0 21292.0 21211.0 21416.0 21080.0 21211.0 
21017.0 20959.0 21004.0 20787.0 20962.0 20898.0 20998.0 
20995.0 21033.0 21067.0 20930.0 21142.0 20981.0 21134.0 
21039.0 20917.0 21062.0 20940.0 20815.0 20939.0 20850.0 
20749.0 20722.0 20871.0 20771.0 20806.0 20761.0 20966.0 
20931.0 20840.0 20949.0 20894.0 21005.0 20795.0 20957.0 
20877.0 20990.0 20925.0 20937.0 20813.0 20843.0 20918.0 
20811.0 20951.0 20739.0 20733.0 20806.0 20594.0 20465.0 
20518.0 20603.0 20568.0 20584.0 20574.0 20678.0 20525.0 
20356.0 20426.0 20539.0 20280.0 20512.0 20447.0 20766.0 
20522.0 20817.0 20918.0 20816.0 21057.0 21013.0 21060.0 
20756.0 20885.0 20978.0 20663.0 20617.0 20688.0 20768.0 
20736.0 20829.0 20990.0 21033.0 21275.0 21184.0 21433.0 
21369.0 21381.0 21344.0 21121.0 21249.0 21164.0 21097.0 
21310.0 21155.0 21420.0 21388.0 21418.0 21253.0 21427.0 
21260.0 21306.0 21339.0 21441.0 21358.0 21166.0 21334.0 
21114.0 21137.0 20985.0 21076.0 21005.0 20829.0 20872.0 
21198.0 20963.0 21003.0 21151.0 21128.0 21130.0 21058.0 
21373.0 21117.0 21277.0 21384.0 21229.0 21245.0 21297.0 
20990.0 21284.0 21067.0 21257.0 21443.0 21618.0 21450.0 
21618.0 21537.0 21256.0 21248.0 20903.0 20966.0 20974.0 
20922.0 21002.0 21021.0 20944.0 20953.0 21118.0 21178.0 
21149.0 21538.0 21378.0 21657.0 21388.0 21639.0 21404.0 
21178.0 21656.0 21495.0 21547.0 21608.0 21827.0 21695.0 
21737.0 21663.0 21390.0 21491.0 21410.0 21279.0 21218.0 
21230.0 21217.0 21305.0 21217.0 21266.0 21329.0 21030.0 
21467.0 21184.0 21434.0 21319.0 21473.0 21309.0 21203.0 
21249.0 21220.0 21116.0 21177.0 21281.0 21300.0 21357.0 
21429.0 21566.0 21351.0 21512.0 21269.0 21374.0 21344.0 
21197.0 21349.0 21411.0 21352.0 21467.0 21398.0 21473.0 
21263.0 21608.0 21458.0 21518.0 21707.0 21807.0 21730.0 
22000.0 21908.0 21854.0 21978.0 21891.0 22004.0 21811.0 
21985.0 21905.0 21758.0 21916.0 21747.0 21650.0 21566.0 
21331.0 21229.0 21240.0 20889.0 21187.0 20943.0 21223.0 
20886.0 21212.0 21076.0 21104.0 21050.0 21088.0 21321.0 
21368.0 21196.0 21169.0 21248.0 21241.0 21158.0 21366.0 
21215.0 21363.0 21210.0 21041.0 21090.0 21215.0 21269.0 
21257.0 21557.0 21547.0 21599.0 21648.0 21593.0 21434.0 
21463.0 21477.0 21499.0 21222.0 21615.0 21326.0 21639.0 
21539.0 21727.0 21565.0 21678.0 21429.0 21417.0 21248.0 
21195.0 21177.0 21059.0 21095.0 21058.0 20916.0 20965.0 
21020.0 20992.0 21025.0 20936.0 20923.0 20971.0 20809.0 
20580.0 20761.0 20713.0 20675.0 20686.0 20682.0 20686.0 
20927.0 20872.0 20777.0 21004.0 20868.0 21061.0 20931.0 
20994.0 21053.0 20908.0 21153.0 20956.0 20887.0 21077.0 
21053.0 20971.0 21049.0 21212.0 21317.0 21091.0 21436.0 
21225.0 21238.0 21257.0 21299.0 20989.0 20974.0 20821.0 
20861.0 20735.0 20561.0 20633.0 20462.0 20577.0 20459.0 
20700.0 20645.0 20635.0 20900.0 20947.0 21066.0 21251.0 
21271.0 21401.0 21463.0 21230.0 21410.0 21400.0 21239.0 
21231.0 21147.0 21071.0 20874.0 20975.0 20778.0 20859.0 
20777.0 20881.0 20856.0 20801.0 21053.0 20950.0 20864.0 
20957.0 20905.0 20915.0 20879.0 20975.0 20815.0 20839.0 
20827.0 20939.0 21047.0 21126.0 21082.0 21145.0 20964.0 
21194.0 20973.0 21292.0 21116.0 21023.0 21205.0 21110.0 
21033.0 20906.0 21025.0 20851.0 20754.0 20721.0 20641.0 
20385.0 20604.0 20409.0 20291.0 20226.0 20469.0 20356.0 
20371.0 20625.0 20438.0 20583.0 20661.0 20325.0 20545.0 
20516.0 20336.0 20392.0 20482.0 20462.0 20579.0 20546.0 
20814.0 20846.0 21060.0 20793.0 20971.0 20941.0 20715.0 
20963.0 20920.0 20967.0 21036.0 21130.0 21337.0 21376.0 
21279.0 21363.0 21206.0 21398.0 21351.0 21155.0 21258.0 
21090.0 21028.0 21101.0 20911.0 20899.0 20908.0 21102.0 
20954.0 20999.0 21011.0 20892.0 21021.0 21100.0 20829.0 
21041.0 20894.0 21146.0 21027.0 20824.0 21100.0 20925.0 
21089.0 21016.0 21243.0 21182.0 21288.0 21349.0 21266.0 
21123.0 21203.0 21315.0 21247.0 21085.0 21336.0 21316.0 
21142.0 21090.0 21063.0 20939.0 20871.0 20695.0 20818.0 
20778.0 20925.0 21079.0 20817.0 21376.0 21062.0 21454.0 
21257.0 21402.0 21241.0 21143.0 21092.0 20997.0 20944.0 
21020.0 20814.0 21042.0 20865.0 21085.0 21239.0 21161.0 
21156.0 21119.0 21149.0 21403.0 21075.0 21279.0 21386.0 
21211.0 21259.0 21513.0 21191.0 21004.0 21071.0 20640.0 
20863.0 20536.0 20766.0 20708.0 20941.0 20979.0 21440.0 
21268.0 21807.0 21587.0 21836.0 21637.0 21585.0 21587.0 
21320.0 21250.0 21222.0 20943.0 21048.0 21081.0 21017.0 
20918.0 21094.0 21060.0 20900.0 21122.0 21187.0 21076.0 
21163.0 21374.0 21153.0 21193.0 21317.0 21081.0 21151.0 
21251.0 21262.0 21355.0 21320.0 21575.0 21236.0 21735.0 
21438.0 21710.0 21411.0 21771.0 21411.0 21525.0 21644.0 
21256.0 21559.0 21318.0 21515.0 21063.0 21524.0 21285.0 
21441.0 21468.0 21428.0 21693.0 21399.0 21478.0 21422.0 
21419.0 21342.0 21655.0 21251.0 21293.0 21342.0 21031.0 
21254.0 20988.0 21192.0 21297.0 21143.0 21279.0 21132.0 
21249.0 21138.0 21181.0 21300.0 21085.0 21358.0 21236.0 
21399.0 21342.0 21562.0 21439.0 21600.0 21577.0 21319.0 
21722.0 21540.0 21694.0 21539.0 21747.0 21760.0 21558.0 
21763.0 21336.0 21558.0 21077.0 21213.0 20895.0 20961.0 
20711.0 20626.0 20661.0 20549.0 20872.0 20775.0 21025.0 
20851.0 21077.0 21120.0 21273.0 21270.0 21335.0 21558.0 
21464.0 21485.0 21636.0 21498.0 21615.0 21410.0 21648.0 
21454.0 21288.0 21520.0 21301.0 21277.0 21530.0 21281.0 
21248.0 21599.0 21498.0 21428.0 21327.0 21463.0 21493.0 
21472.0 21587.0 21661.0 21545.0 21808.0 21537.0 21759.0 
21629.0 21472.0 21537.0 21429.0 21399.0 21292.0 21256.0 
21428.0 21227.0 21437.0 21203.0 21312.0 21134.0 20976.0 
21019.0 20874.0 20878.0 21051.0 20967.0 21250.0 21121.0 
21296.0 21271.0 21256.0 21675.0 21322.0 21574.0 21388.0 
21491.0 21416.0 21540.0 21487.0 21613.0 21771.0 21910.0 
21999.0 22071.0 22209.0 22414.0 22202.0 22506.0 22301.0 
22181.0 22285.0 22201.0 22131.0 22171.0 22148.0 22153.0 
21972.0 21999.0 21871.0 21645.0 21765.0 21558.0 21579.0 
21587.0 21330.0 21712.0 21426.0 21437.0 21704.0 21432.0 
21612.0 21481.0 21719.0 21355.0 21587.0 21405.0 21386.0 
21364.0 21573.0 21595.0 21707.0 21788.0 21739.0 22036.0 
21847.0 21893.0 21874.0 21767.0 21720.0 21891.0 21636.0 
21503.0 21571.0 21518.0 21600.0 21475.0 21665.0 21676.0 
21889.0 21798.0 21854.0 21941.0 21703.0 21867.0 21646.0 
21929.0 21848.0 21977.0 22139.0 22122.0 22384.0 22386.0 
22343.0 22373.0 22143.0 21948.0 21893.0 21528.0 21590.0 
21366.0 21206.0 21191.0 21071.0 21211.0 21259.0 21439.0 
21199.0 21427.0 21531.0 21224.0 21373.0 21146.0 21042.0 
21082.0 20994.0 21221.0 21280.0 21350.0 21487.0 21876.0 
21793.0 21490.0 21563.0 21406.0 21277.0 21287.0 21528.0 
21642.0 21901.0 22288.0 22217.0 22567.0 22428.0 22665.0 
22478.0 22380.0 22566.0 22195.0 22198.0 22197.0 21977.0 
22021.0 22177.0 22041.0 22294.0 22211.0 22239.0 22049.0 
22149.0 21991.0 21946.0 22109.0 21857.0 22009.0 21870.0 
22027.0 22205.0 22113.0 22387.0 22236.0 22660.0 22393.0 
22686.0 22782.0 22965.0 22957.0 22892.0 22855.0 22933.0 
22494.0 22600.0 22301.0 22427.0 21915.0 22512.0 22537.0 
22872.0 22681.0 21040.0 22152.0 22672.0 21885.0 21699.0 
22589.0 21575.0 22311.0 22218.0 22021.0 22299.0 22095.0 
22341.0 22004.0 22092.0 21972.0 21862.0 21762.0 21564.0 
21657.0 21487.0 21545.0 21329.0 21295.0 21277.0 21368.0 
21402.0 21349.0 21505.0 21425.0 21469.0 21301.0 21573.0 
21332.0 21315.0 21275.0 21295.0 21352.0 21545.0 21312.0 
21534.0 21771.0 21622.0 21946.0 22004.0 22031.0 21995.0 
22280.0 21893.0 22168.0 21847.0 21796.0 21889.0 21926.0 
21581.0 21665.0 21709.0 21416.0 21591.0 21501.0 21551.0 
21441.0 21378.0 21494.0 21425.0 21480.0 21565.0 21450.0 
21509.0 21404.0 21305.0 21572.0 21207.0 21183.0 21391.0 
21341.0 21292.0 21620.0 21035.0 21202.0 21176.0 21234.0 
21239.0 20764.0 20866.0 20585.0 20569.0 20331.0 20000.0 
19476.0 19468.0 18958.0 19393.0 19168.0 18905.0 19116.0 
18807.0 19388.0 19433.0 19416.0 19553.0 19141.0 19370.0 
19514.0 19871.0 19326.0 19266.0 19167.0 19233.0 19352.0 
19521.0 18870.0 19065.0 18800.0 19105.0 19209.0 19092.0 
19076.0 18653.0 18837.0 18792.0 18977.0 19096.0 19580.0 
19523.0 19311.0 19384.0 19953.0 19876.0 20163.0 20090.0 
20351.0 20212.0 20436.0 20476.0 20740.0 21029.0 20970.0 
21030.0 21186.0 21296.0 21338.0 21422.0 21332.0 21644.0 
21445.0 21492.0 21656.0 21593.0 21718.0 21820.0 21980.0 
21960.0 22309.0 22187.0 22470.0 22735.0 22756.0 22776.0 
23015.0 22838.0 23105.0 23067.0 22934.0 22863.0 22725.0 
22684.0 22762.0 22797.0 22777.0 22941.0 22888.0 22960.0 
22980.0 22971.0 22979.0 22934.0 22979.0 22824.0 22621.0 
22811.0 22558.0 22740.0 22406.0 22547.0 22135.0 22173.0 
22533.0 22410.0 22764.0 22899.0 22512.0 22706.0 22398.0 
21477.0 21988.0 21787.0 22415.0 22193.0 21733.0 21621.0 
21382.0 21577.0 21507.0 21169.0 21357.0 21376.0 21674.0 
21723.0 21745.0 21920.0 21957.0 22047.0 21901.0 21939.0 
22024.0 21930.0 21981.0 22033.0 22083.0 22115.0 22075.0 
22013.0 21963.0 21777.0 21899.0 21745.0 21762.0 21799.0 
21899.0 21720.0 21903.0 22009.0 21880.0 22120.0 21940.0 
22055.0 22043.0 22100.0 22141.0 22126.0 22217.0 21955.0 
22012.0 21958.0 21722.0 21749.0 21859.0 21849.0 22114.0 
22343.0 22198.0 22623.0 22503.0 22730.0 22734.0 22675.0 
22831.0 22663.0 22908.0 22780.0 22874.0 22791.0 22828.0 
22993.0 22852.0 22963.0 22874.0 22761.0 22877.0 22731.0 
22863.0 22711.0 22664.0 22561.0 22565.0 22525.0 22516.0 
22407.0 22401.0 22520.0 22560.0 22511.0 22428.0 22735.0 
22488.0 22506.0 22612.0 22662.0 22600.0 22614.0 22702.0 
22691.0 22909.0 22882.0 22935.0 23178.0 23058.0 23331.0 
23082.0 23182.0 23136.0 23288.0 23241.0 23291.0 23372.0 
23439.0 23668.0 23412.0 23663.0 23536.0 23509.0 23548.0 
23390.0 23429.0 23335.0 23147.0 23155.0 22936.0 23181.0 
22914.0 23256.0 22940.0 23299.0 23334.0 23283.0 23249.0 
23326.0 23305.0 23180.0 23338.0 23059.0 23160.0 23187.0 
23075.0 23192.0 23296.0 23285.0 23284.0 23250.0 23393.0 
23204.0 23604.0 23219.0 23443.0 23432.0 23436.0 23461.0 
23517.0 23771.0 23551.0 23744.0 23744.0 23625.0 23725.0 
23702.0 23300.0 23453.0 23163.0 23171.0 22926.0 23015.0 
22967.0 22849.0 22948.0 22781.0 23042.0 22857.0 23121.0 
22957.0 23292.0 23064.0 23188.0 23071.0 23435.0 23323.0 
23203.0 23468.0 23412.0 23222.0 23538.0 23474.0 23348.0 
23688.0 23500.0 23229.0 23407.0 23299.0 23061.0 23195.0 
22920.0 23058.0 22982.0 22962.0 22998.0 23134.0 23013.0 
23057.0 22957.0 23389.0 22963.0 23111.0 23362.0 23319.0 
23425.0 23520.0 23453.0 23553.0 23301.0 23279.0 23276.0 
22918.0 23058.0 22839.0 22580.0 22783.0 22717.0 22685.0 
22965.0 22865.0 23094.0 23209.0 23258.0 23344.0 23502.0 
23455.0 23562.0 23327.0 23288.0 23295.0 23121.0 23192.0 
23162.0 23013.0 23329.0 23094.0 23402.0 23212.0 23570.0 
23628.0 23783.0 23726.0 23861.0 24141.0 23765.0 24083.0 
23986.0 23823.0 23863.0 23870.0 23730.0 23957.0 23681.0 
23921.0 23635.0 23625.0 23668.0 23402.0 23485.0 23301.0 
22941.0 23369.0 23042.0 23106.0 23378.0 23381.0 23602.0 
23491.0 23599.0 23582.0 23355.0 23343.0 22934.0 22944.0 
22988.0 22746.0 22725.0 22845.0 22846.0 22594.0 22792.0 
22662.0 22693.0 22564.0 22614.0 22411.0 22508.0 22423.0 
22246.0 22176.0 22251.0 22199.0 21904.0 22233.0 22121.0 
22408.0 22256.0 22339.0 22291.0 22349.0 22207.0 22499.0 
22241.0 22670.0 22513.0 22563.0 22614.0 22485.0 22657.0 
22443.0 22438.0 22367.0 22376.0 22312.0 22341.0 22332.0 
22250.0 22505.0 22318.0 22311.0 22387.0 22093.0 22286.0 
22085.0 21919.0 21920.0 21987.0 21823.0 21873.0 21610.0 
21592.0 21531.0 21551.0 21508.0 21444.0 21122.0 21188.0 
21190.0 21103.0 21002.0 21108.0 21195.0 21447.0 21312.0 
21563.0 21426.0 21535.0 21621.0 21650.0 21592.0 21684.0 
21490.0 21776.0 21644.0 21767.0 21388.0 21646.0 21675.0 
21296.0 21541.0 21409.0 21307.0 21353.0 21480.0 21284.0 
21343.0 21368.0 21659.0 21330.0 21457.0 21652.0 21466.0 
21550.0 21596.0 21676.0 21716.0 21720.0 22035.0 22060.0 
21778.0 22132.0 22070.0 22009.0 22259.0 22079.0 22251.0 
21979.0 21968.0 21861.0 21888.0 21591.0 21521.0 21434.0 
21382.0 21252.0 21222.0 21085.0 21014.0 20865.0 21065.0 
21005.0 21144.0 21214.0 21403.0 21466.0 21429.0 21280.0 
21312.0 21128.0 21103.0 21075.0 20933.0 21229.0 21121.0 
21310.0 21257.0 21320.0 21362.0 21215.0 21295.0 21348.0 
21343.0 21327.0 21457.0 21364.0 21362.0 21346.0 21162.0 
21188.0 21284.0 21183.0 21102.0 20941.0 21133.0 21123.0 
21454.0 21211.0 21587.0 21731.0 21593.0 21806.0 22033.0 
21839.0 22159.0 21987.0 22186.0 22080.0 22335.0 22225.0 
22120.0 22431.0 22103.0 22490.0 22095.0 22053.0 21857.0 
21661.0 21678.0 21358.0 21492.0 21427.0 21347.0 21643.0 
21531.0 21697.0 21418.0 21766.0 21815.0 21888.0 21917.0 
21934.0 21793.0 21995.0 21820.0 21911.0 21891.0 21937.0 
21819.0 21867.0 21989.0 21731.0 21950.0 21707.0 21622.0 
21669.0 21502.0 21532.0 21620.0 21564.0 21645.0 21621.0 
21791.0 21758.0 21720.0 21715.0 21924.0 21724.0 21846.0 
21673.0 21521.0 21554.0 21285.0 21492.0 21251.0 21411.0 
21148.0 21429.0 21142.0 21369.0 21140.0 21180.0 21142.0 
20863.0 20957.0 20826.0 20867.0 20478.0 20677.0 20791.0 
20643.0 20860.0 20828.0 20983.0 20928.0 21257.0 21093.0 
21367.0 21154.0 21371.0 21544.0 21272.0 21354.0 21482.0 
21375.0 21505.0 21404.0 21442.0 21681.0 21438.0 21509.0 
21219.0 21514.0 20993.0 21347.0 21170.0 21337.0 21232.0 
21257.0 21140.0 21145.0 21019.0 21146.0 21045.0 21079.0 
21171.0 21096.0 21164.0 21050.0 21237.0 21201.0 21262.0 
21282.0 21213.0 21119.0 21442.0 21293.0 21318.0 21598.0 
21430.0 21397.0 21458.0 21273.0 21023.0 21332.0 20997.0 
21164.0 21164.0 21159.0 21184.0 21048.0 21192.0 21080.0 
20886.0 21077.0 20843.0 20987.0 20873.0 20761.0 20816.0 
21011.0 20831.0 20840.0 21200.0 20944.0 21039.0 21318.0 
21111.0 21210.0 21081.0 21332.0 21129.0 20945.0 21096.0 
20916.0 20966.0 20583.0 20902.0 20713.0 21004.0 20655.0 
21220.0 20829.0 20933.0 21087.0 20892.0 21159.0 20803.0 
21189.0 20911.0 21113.0 20960.0 21062.0 21121.0 21246.0 
21130.0 21468.0 21481.0 21867.0 21598.0 21726.0 21795.0 
21626.0 21711.0 21374.0 21178.0 21111.0 21108.0 20712.0 
21050.0 20888.0 20952.0 21003.0 20928.0 20655.0 20873.0 
20712.0 20641.0 20687.0 20952.0 20721.0 21188.0 21062.0 
21257.0 21422.0 21436.0 21496.0 21465.0 21567.0 21539.0 
21543.0 21622.0 21330.0 21817.0 21209.0 21256.0 21390.0 
21492.0 21215.0 21463.0 21190.0 21103.0 21205.0 21102.0 
21182.0 21076.0 21046.0 21333.0 21286.0 21465.0 21485.0 
21534.0 21690.0 21416.0 21532.0 21492.0 21513.0 21340.0 
21332.0 21399.0 21306.0 21157.0 21202.0 21258.0 21150.0 
21351.0 21482.0 21429.0 21663.0 21381.0 21657.0 21222.0 
21670.0 21227.0 21380.0 21170.0 21239.0 21007.0 21073.0 
21026.0 21009.0 21273.0 21128.0 21175.0 21403.0 21331.0 
21296.0 21231.0 21120.0 21451.0 21253.0 21466.0 21426.0 
21648.0 21619.0 21668.0 22022.0 21955.0 21963.0 22033.0 
21974.0 21917.0 21726.0 21868.0 21435.0 21663.0 21523.0 
21487.0 21498.0 21219.0 21521.0 21289.0 21601.0 21442.0 
21563.0 21533.0 21518.0 21615.0 21540.0 21482.0 21687.0 
21513.0 21640.0 21561.0 21874.0 21824.0 21671.0 21859.0 
21959.0 21798.0 21989.0 21997.0 21854.0 21835.0 21753.0 
21683.0 21540.0 21747.0 21275.0 21475.0 21139.0 21276.0 
21274.0 21405.0 21398.0 21319.0 21362.0 21430.0 21323.0 
21249.0 21453.0 21161.0 21351.0 21364.0 21096.0 21339.0 
21144.0 21626.0 21406.0 21297.0 21398.0 21563.0 21275.0 
21444.0 21397.0 21074.0 21216.0 21105.0 21135.0 20994.0 
21023.0 20992.0 21183.0 21099.0 20845.0 20954.0 21062.0 
20726.0 20886.0 20793.0 20968.0 21146.0 20902.0 21327.0 
21218.0 21464.0 21444.0 21442.0 21418.0 21172.0 21460.0 
21017.0 21083.0 21165.0 21005.0 21124.0 20983.0 20941.0 
21122.0 21115.0 21218.0 21569.0 21459.0 21664.0 21563.0 
21565.0 21523.0 21440.0 21309.0 21335.0 20974.0 21355.0 
21187.0 21289.0 21639.0 21345.0 21707.0 21678.0 21663.0 
21563.0 21543.0 21553.0 21215.0 21172.0 21101.0 20723.0 
20927.0 20752.0 20583.0 20632.0 20559.0 20569.0 20629.0 
20696.0 20769.0 20800.0 20794.0 20925.0 20792.0 20887.0 
21057.0 21049.0 21080.0 21195.0 21418.0 21669.0 21412.0 
21768.0 21677.0 21685.0 21695.0 21542.0 21458.0 21361.0 
21449.0 21042.0 21326.0 21142.0 21228.0 20872.0 21067.0 
21120.0 20966.0 20960.0 21045.0 21040.0 21008.0 21139.0 
21011.0 20997.0 20954.0 21078.0 21054.0 21152.0 21234.0 
21252.0 21423.0 21580.0 21590.0 21285.0 21457.0 21320.0 
21277.0 21118.0 21279.0 21100.0 21151.0 21148.0 20983.0 
21243.0 20914.0 21216.0 21164.0 21054.0 21301.0 21107.0 
21211.0 21132.0 21266.0 21265.0 21379.0 21266.0 21433.0 
21020.0 21223.0 21385.0 20715.0 21299.0 21104.0 21336.0 
21391.0 21558.0 21550.0 21597.0 21602.0 21757.0 21640.0 
21739.0 21531.0 21667.0 21563.0 21668.0 21332.0 21661.0 
21524.0 21370.0 21580.0 21320.0 21450.0 21565.0 21277.0 
21767.0 21498.0 21583.0 21635.0 21476.0 21428.0 21279.0 
21363.0 21113.0 21016.0 20975.0 21205.0 20977.0 21285.0 
21238.0 21826.0 21384.0 21682.0 21641.0 21898.0 21683.0 
21691.0 21860.0 21562.0 21536.0 21556.0 21470.0 21516.0 
21455.0 21441.0 21513.0 21740.0 21932.0 21869.0 22376.0 
22468.0 22516.0 22470.0 22509.0 22425.0 22379.0 22370.0 
22188.0 22349.0 22345.0 22359.0 22461.0 22226.0 22298.0 
22515.0 21904.0 22490.0 22042.0 22198.0 22393.0 21854.0 
22495.0 22074.0 22350.0 21971.0 22264.0 22140.0 21990.0 
22277.0 22139.0 22561.0 22366.0 22603.0 22552.0 22479.0 
22681.0 22632.0 22823.0 22660.0 22778.0 22521.0 22769.0 
22895.0 22704.0 22965.0 22782.0 22953.0 23013.0 22972.0 
23079.0 23057.0 23172.0 23183.0 23061.0 22878.0 22820.0 
22734.0 22511.0 22594.0 22488.0 22462.0 22751.0 22770.0 
22805.0 22773.0 22795.0 22898.0 23024.0 22783.0 22919.0 
22999.0 23120.0 22899.0 22920.0 23125.0 22788.0 22740.0 
22853.0 22806.0 22825.0 22778.0 22842.0 22829.0 22846.0 
22906.0 22872.0 22992.0 22892.0 22856.0 23030.0 22826.0 
22720.0 22676.0 22608.0 22530.0 22423.0 22542.0 22476.0 
22450.0 22521.0 22617.0 22480.0 22645.0 22517.0 22571.0 
22494.0 22520.0 22590.0 22503.0 22600.0 22318.0 22403.0 
22536.0 22201.0 22469.0 22341.0 22417.0 22244.0 22406.0 
22524.0 22505.0 22529.0 22812.0 22801.0 22904.0 22968.0 
22829.0 22940.0 23058.0 23133.0 23251.0 23197.0 23180.0 
23306.0 23291.0 23131.0 23295.0 23175.0 23090.0 22902.0 
23043.0 22972.0 23036.0 23033.0 22799.0 23061.0 22922.0 
23018.0 22687.0 22841.0 22526.0 22477.0 22512.0 22441.0 
22404.0 22562.0 22438.0 22374.0 22584.0 22504.0 22553.0 
22519.0 22443.0 22651.0 22600.0 22577.0 22597.0 22617.0 
22618.0 22839.0 22761.0 22886.0 23024.0 23062.0 23166.0 
22912.0 23021.0 22950.0 22908.0 22900.0 22955.0 23068.0 
22857.0 23218.0 23106.0 23228.0 23139.0 23218.0 23059.0 
23025.0 23070.0 22954.0 22982.0 22945.0 22839.0 22657.0 
22732.0 22582.0 22534.0 22398.0 22346.0 22385.0 22193.0 
22089.0 21862.0 21799.0 21930.0 21810.0 22023.0 22225.0 
22333.0 22438.0 22770.0 22656.0 22587.0 22660.0 22597.0 
22470.0 22653.0 22366.0 22440.0 22509.0 22349.0 22490.0 
22226.0 22215.0 22083.0 21944.0 21862.0 21646.0 21791.0 
21549.0 21890.0 21763.0 21890.0 21953.0 21935.0 22436.0 
22255.0 22288.0 22314.0 22413.0 22099.0 22474.0 22165.0 
22339.0 22345.0 22433.0 22325.0 22495.0 22389.0 22606.0 
22501.0 22587.0 22726.0 22570.0 22605.0 22402.0 22352.0 
22142.0 22312.0 22118.0 22287.0 22111.0 22067.0 21969.0 
21631.0 21904.0 21730.0 21703.0 21773.0 21760.0 21967.0 
21736.0 22068.0 21972.0 21893.0 21884.0 21838.0 21872.0 
21755.0 21505.0 21875.0 21788.0 21897.0 22134.0 21924.0 
22325.0 22229.0 22468.0 22250.0 22386.0 22341.0 22340.0 
22166.0 22184.0 22193.0 22293.0 22530.0 22249.0 22317.0 
22018.0 22176.0 21983.0 21907.0 21858.0 21843.0 21959.0 
22100.0 22172.0 22052.0 22340.0 22158.0 22467.0 22121.0 
22365.0 22236.0 22170.0 21986.0 22023.0 21875.0 21849.0 
22092.0 22028.0 22131.0 22287.0 22511.0 22306.0 22492.0 
22130.0 22308.0 21986.0 21980.0 21866.0 21703.0 21709.0 
21797.0 21647.0 21585.0 21532.0 21715.0 21547.0 21584.0 
21531.0 21632.0 21684.0 21703.0 21655.0 21912.0 21695.0 
22022.0 21837.0 21747.0 22100.0 21848.0 22001.0 22012.0 
22215.0 22189.0 22127.0 22272.0 22188.0 22215.0 22236.0 
22229.0 22316.0 22155.0 22135.0 22343.0 22295.0 22380.0 
22365.0 22487.0 22475.0 22418.0 22298.0 22190.0 22110.0 
22009.0 22045.0 21995.0 21998.0 21943.0 22154.0 22060.0 
21916.0 22178.0 22024.0 21961.0 21951.0 21982.0 22044.0 
21936.0 21999.0 22044.0 22179.0 22145.0 22261.0 22345.0 
22174.0 22214.0 22143.0 21971.0 22039.0 21860.0 22104.0 
21591.0 21994.0 21931.0 21985.0 21928.0 22201.0 21931.0 
21911.0 22155.0 22048.0 21943.0 22150.0 22012.0 21969.0 
22011.0 21977.0 21859.0 21959.0 22177.0 21702.0 22156.0 
21919.0 21717.0 21918.0 22029.0 22083.0 22072.0 22206.0 
22036.0 22154.0 22232.0 22055.0 21975.0 22169.0 21856.0 
22114.0 21819.0 21944.0 22155.0 22040.0 22106.0 22142.0 
22134.0 22282.0 22134.0 22249.0 22307.0 22108.0 22321.0 
22056.0 22228.0 22262.0 22599.0 22337.0 22637.0 22861.0 
22460.0 22790.0 22614.0 22673.0 22443.0 22376.0 22081.0 
22046.0 22109.0 21846.0 21882.0 21854.0 21869.0 21674.0 
21885.0 21928.0 22042.0 21826.0 21929.0 22171.0 21971.0 
21815.0 21862.0 21666.0 21816.0 21790.0 21874.0 21839.0 
22119.0 22063.0 22025.0 22052.0 22126.0 22150.0 21981.0 
22045.0 22051.0 21863.0 21852.0 22087.0 21801.0 21873.0 
21928.0 21874.0 21774.0 21910.0 21548.0 21846.0 21446.0 
21501.0 21571.0 21592.0 21731.0 21683.0 21889.0 21948.0 
21694.0 21747.0 21726.0 21824.0 21756.0 21822.0 21994.0 
21943.0 22147.0 22253.0 22300.0 22478.0 22576.0 22100.0 
22113.0 21884.0 21711.0 21636.0 21575.0 21338.0 21703.0 
21609.0 21923.0 21945.0 22109.0 22224.0 22287.0 22384.0 
22208.0 22081.0 22046.0 21984.0 21873.0 21823.0 21813.0 
21587.0 21510.0 21459.0 21438.0 21391.0 21730.0 21481.0 
21817.0 21701.0 21895.0 21823.0 21963.0 21858.0 22011.0 
21750.0 21884.0 21830.0 21774.0 21889.0 21875.0 21927.0 
22161.0 22323.0 22260.0 22558.0 22310.0 22487.0 22424.0 
22437.0 22250.0 22373.0 22235.0 22424.0 22185.0 22217.0 
22341.0 22142.0 22141.0 22108.0 21809.0 22076.0 21554.0 
21813.0 21687.0 21526.0 21825.0 21524.0 21845.0 21883.0 
22058.0 21969.0 21999.0 21954.0 21954.0 21886.0 21734.0 
22005.0 21784.0 22007.0 21798.0 21904.0 21866.0 21908.0 
21975.0 21799.0 21816.0 21759.0 21813.0 21681.0 21882.0 
21946.0 22002.0 22332.0 22364.0 22147.0 22331.0 22125.0 
22080.0 22299.0 21740.0 21824.0 21682.0 21554.0 21666.0 
21369.0 21529.0 21656.0 21531.0 21373.0 21322.0 21393.0 
21471.0 21358.0 21486.0 21694.0 21635.0 21627.0 21837.0 
21631.0 21841.0 21697.0 21728.0 21563.0 21681.0 21448.0 
21593.0 21378.0 21615.0 21665.0 21572.0 21927.0 21768.0 
22047.0 21948.0 22277.0 22098.0 22248.0 22155.0 22075.0 
22003.0 21909.0 22149.0 21899.0 21943.0 21951.0 21719.0 
21775.0 21681.0 21749.0 21438.0 21657.0 21488.0 21711.0 
21623.0 21448.0 21529.0 21363.0 21247.0 21198.0 21168.0 
21111.0 21552.0 21377.0 21621.0 21690.0 21760.0 21846.0 
21704.0 21931.0 21864.0 21843.0 21738.0 21882.0 21916.0 
21903.0 21861.0 21741.0 21919.0 21766.0 21876.0 21831.0 
22056.0 21981.0 21937.0 22134.0 21867.0 21871.0 21634.0 
21806.0 21408.0 21706.0 21367.0 21471.0 21364.0 21403.0 
21439.0 21477.0 21501.0 21492.0 21596.0 21894.0 21791.0 
21920.0 22060.0 21933.0 22099.0 22109.0 22121.0 21987.0 
21965.0 22045.0 21726.0 21888.0 21583.0 21981.0 21888.0 
21704.0 22080.0 21746.0 21842.0 21713.0 21823.0 21683.0 
21997.0 21822.0 22068.0 21972.0 22112.0 22081.0 21987.0 
21830.0 21956.0 21754.0 21684.0 21643.0 21687.0 21359.0 
21737.0 21576.0 21378.0 21598.0 21637.0 21392.0 21387.0 
21385.0 21304.0 21485.0 21269.0 21226.0 21600.0 21386.0 
21426.0 21551.0 21812.0 21805.0 21590.0 22149.0 21866.0 
21818.0 22159.0 21803.0 21942.0 22030.0 21937.0 21668.0 
21942.0 21851.0 21733.0 21901.0 21702.0 21780.0 21689.0 
21800.0 21743.0 22011.0 21799.0 21912.0 22046.0 22000.0 
21797.0 22253.0 21718.0 21914.0 21848.0 21745.0 21561.0 
21431.0 21534.0 21172.0 21308.0 21478.0 21237.0 21232.0 
21107.0 21303.0 21180.0 21079.0 21189.0 21018.0 21122.0 
21071.0 21231.0 21069.0 21421.0 21438.0 21525.0 21448.0 
21424.0 21468.0 21388.0 21330.0 21445.0 21588.0 21416.0 
21792.0 21567.0 21728.0 21761.0 21772.0 21838.0 21544.0 
21863.0 21430.0 21636.0 21583.0 21500.0 21419.0 21502.0 
21340.0 21313.0 21301.0 21331.0 21133.0 21257.0 21268.0 
21138.0 21399.0 21314.0 21486.0 21423.0 21756.0 21655.0 
21698.0 21888.0 21827.0 21698.0 21892.0 21761.0 21551.0 
21618.0 21381.0 21418.0 21404.0 21206.0 21187.0 21249.0 
21234.0 21338.0 21438.0 21352.0 21296.0 21392.0 21271.0 
21415.0 21322.0 21427.0 21460.0 21468.0 21636.0 21487.0 
21765.0 21517.0 21847.0 21576.0 21977.0 21674.0 21687.0 
21961.0 21571.0 21922.0 21555.0 21580.0 21504.0 21422.0 
21324.0 21370.0 21420.0 21435.0 21453.0 21434.0 21312.0 
21562.0 21346.0 21486.0 21366.0 21591.0 21349.0 21597.0 
21538.0 21356.0 21370.0 21487.0 21320.0 21437.0 21689.0 
21507.0 21938.0 21777.0 22132.0 22136.0 22432.0 22173.0 
22490.0 22315.0 22265.0 22355.0 22255.0 22316.0 22197.0 
22487.0 22298.0 22240.0 22341.0 22120.0 22275.0 21967.0 
22173.0 22086.0 22196.0 22158.0 22097.0 22271.0 22250.0 
21852.0 22190.0 22148.0 21708.0 22001.0 22004.0 21869.0 
22183.0 22170.0 22125.0 22315.0 22324.0 22406.0 22425.0 
22605.0 22199.0 22443.0 22087.0 22234.0 21827.0 22069.0 
21779.0 22059.0 22038.0 22165.0 22354.0 22435.0 22690.0 
22761.0 22847.0 22915.0 22701.0 22954.0 22732.0 22963.0 
22928.0 22783.0 23066.0 22734.0 23064.0 22887.0 23124.0 
23129.0 23217.0 23289.0 23356.0 23245.0 23409.0 23359.0 
23341.0 23453.0 23317.0 23346.0 23269.0 23167.0 23099.0 
23192.0 23081.0 23035.0 23305.0 23020.0 23319.0 22983.0 
23243.0 22813.0 22954.0 22733.0 22983.0 22843.0 23049.0 
23052.0 23269.0 23142.0 23354.0 23103.0 23205.0 23243.0 
23111.0 23251.0 23053.0 23349.0 23003.0 23508.0 23075.0 
23441.0 23362.0 23303.0 23222.0 23064.0 22955.0 22811.0 
22685.0 22648.0 22679.0 22505.0 22923.0 22866.0 22906.0 
23201.0 23059.0 23207.0 23186.0 23532.0 23342.0 23341.0 
23209.0 23235.0 23031.0 23079.0 23381.0 22852.0 23353.0 
23409.0 23277.0 23411.0 23351.0 23497.0 23264.0 23439.0 
23318.0 22851.0 23219.0 22990.0 23299.0 23036.0 23075.0 
23447.0 23327.0 23429.0 23394.0 23463.0 23288.0 23420.0 
23361.0 23509.0 23336.0 23356.0 23551.0 23224.0 23395.0 
23391.0 23661.0 23247.0 23254.0 23298.0 23087.0 23180.0 
22975.0 22982.0 22931.0 22966.0 23025.0 22810.0 22828.0 
23137.0 22977.0 23056.0 22916.0 23408.0 22792.0 23086.0 
22859.0 22916.0 22699.0 23039.0 22424.0 22814.0 22716.0 
22607.0 22190.0 23226.0 22411.0 23134.0 22513.0 22851.0 
22836.0 23096.0 22761.0 23061.0 22656.0 22160.0 23051.0 
22646.0 23048.0 22054.0 22658.0 22608.0 23388.0 22396.0 
22561.0 22672.0 22566.0 22953.0 22883.0 22403.0 22923.0 
22777.0 22267.0 22710.0 22564.0 23035.0 22664.0 22195.0 
23097.0 22506.0 22531.0 22032.0 22832.0 22610.0 22290.0 
22286.0 22707.0 22759.0 22278.0 22673.0 22599.0 22245.0 
22121.0 22017.0 22036.0 22045.0 22644.0 21516.0 22693.0 
21821.0 22049.0 22375.0 21544.0 22538.0 21949.0 22226.0 
22222.0 22206.0 22660.0 22100.0 22861.0 22670.0 22736.0 
22541.0 22696.0 22221.0 22026.0 22376.0 22153.0 22022.0 
22018.0 22246.0 22149.0 22414.0 22478.0 22569.0 22800.0 
23128.0 22543.0 22797.0 22684.0 22526.0 22541.0 22309.0 
22439.0 22595.0 22319.0 22597.0 22449.0 22789.0 22265.0 
22582.0 22721.0 22604.0 22340.0 22434.0 22100.0 22185.0 
22034.0 21932.0 22028.0 21970.0 21977.0 22319.0 22157.0 
22321.0 22378.0 22083.0 22459.0 22466.0 21837.0 22323.0 
22139.0 21894.0 22187.0 21948.0 22216.0 22356.0 22310.0 
22671.0 22565.0 22741.0 22686.0 22686.0 22592.0 22446.0 
22559.0 22529.0 22088.0 22139.0 22540.0 22452.0 22569.0 
22357.0 22851.0 22821.0 22952.0 22894.0 22827.0 22894.0 
22776.0 22946.0 23024.0 22873.0 23010.0 22806.0 22947.0 
23009.0 23272.0 22726.0 23230.0 23204.0 22984.0 22924.0 
23197.0 22894.0 22796.0 22749.0 22833.0 22636.0 22308.0 
22637.0 22447.0 22954.0 22675.0 22788.0 23058.0 22936.0 
23241.0 22999.0 23162.0 22787.0 23202.0 22694.0 22788.0 
22605.0 22436.0 22494.0 22121.0 22416.0 22488.0 22203.0 
22738.0 23005.0 23662.0 23447.0 22298.0 23799.0 23088.0 
23523.0 23425.0 23917.0 23370.0 23420.0 23942.0 23099.0 
23404.0 23633.0 23540.0 23171.0 23516.0 22981.0 23210.0 
23213.0 23254.0 23257.0 23482.0 23569.0 23339.0 23212.0 
23030.0 22805.0 23001.0 22483.0 22818.0 22566.0 23168.0 
23081.0 23614.0 23095.0 21755.0 24020.0 23373.0 22118.0 
22869.0 22324.0 21939.0 22251.0 21471.0 21800.0 21153.0 
21315.0 21581.0 20977.0 20994.0 21453.0 21354.0 21408.0 
21981.0 21815.0 21794.0 22410.0 21806.0 22301.0 22165.0 
22098.0 22008.0 21529.0 22334.0 21569.0 22027.0 21537.0 
21846.0 21955.0 21804.0 22180.0 22312.0 22471.0 21997.0 
22321.0 21805.0 22138.0 21857.0 21956.0 21492.0 21753.0 
21888.0 21806.0 22124.0 22030.0 22114.0 22146.0 22431.0 
22338.0 22272.0 22352.0 22809.0 22143.0 22474.0 22307.0 
22047.0 22203.0 21731.0 22049.0 21454.0 21541.0 21870.0 
21687.0 21779.0 21408.0 21988.0 21655.0 21691.0 21509.0 
21581.0 21592.0 21517.0 21630.0 21357.0 21567.0 21113.0 
21528.0 21305.0 21237.0 21338.0 21258.0 21316.0 21275.0 
21468.0 21462.0 21748.0 21713.0 21560.0 21664.0 21552.0 
21800.0 21582.0 21295.0 21531.0 21688.0 21769.0 21633.0 
21903.0 21878.0 21997.0 22047.0 22389.0 21882.0 22040.0 
22107.0 21972.0 21983.0 22133.0 22067.0 21893.0 22236.0 
21587.0 22003.0 21999.0 22052.0 22227.0 22328.0 22458.0 
22694.0 22200.0 22466.0 22602.0 22082.0 22361.0 21819.0 
21887.0 21974.0 21521.0 21785.0 21620.0 21434.0 21463.0 
21417.0 21236.0 21419.0 21351.0 21674.0 21595.0 21807.0 
21490.0 21683.0 21842.0 21451.0 21957.0 21611.0 21610.0 
21721.0 21769.0 21924.0 21740.0 21735.0 21780.0 21612.0 
21712.0 21697.0 21449.0 21314.0 21515.0 21256.0 21339.0 
21290.0 21487.0 21091.0 21144.0 21348.0 21225.0 21349.0 
21049.0 21205.0 21248.0 20964.0 21440.0 21532.0 21191.0 
21397.0 21412.0 21465.0 21231.0 21366.0 21446.0 21241.0 
21270.0 21339.0 20993.0 21332.0 20913.0 21001.0 21070.0 
20556.0 20786.0 20644.0 20706.0 20246.0 20211.0 20600.0 
20182.0 20631.0 20897.0 20694.0 21050.0 20821.0 21193.0 
20797.0 20879.0 20946.0 20775.0 20948.0 20747.0 20823.0 
20517.0 20314.0 20591.0 20425.0 20733.0 20720.0 20808.0 
20837.0 20922.0 20785.0 20705.0 20519.0 20796.0 20297.0 
20346.0 20310.0 20059.0 20179.0 20132.0 20060.0 20003.0 
20329.0 20193.0 20390.0 20379.0 20130.0 20210.0 20394.0 
20489.0 20145.0 20255.0 20421.0 20085.0 20286.0 20242.0 
20063.0 20337.0 20390.0 20180.0 20513.0 20286.0 20772.0 
20557.0 20565.0 20691.0 20569.0 20916.0 20782.0 20448.0 
20512.0 20405.0 20281.0 20232.0 20122.0 20240.0 20049.0 
20212.0 20053.0 20234.0 20143.0 20237.0 19939.0 20152.0 
20176.0 20225.0 20394.0 20385.0 20441.0 20622.0 20638.0 
20289.0 20377.0 20425.0 20260.0 19935.0 20038.0 19890.0 
19952.0 19687.0 19802.0 19768.0 19696.0 19762.0 20044.0 
19931.0 20027.0 20265.0 20379.0 20078.0 20329.0 20350.0 
20238.0 20242.0 20404.0 20142.0 20377.0 20488.0 20643.0 
20741.0 20961.0 20892.0 20817.0 20982.0 21088.0 20747.0 
20884.0 20984.0 20500.0 20733.0 20643.0 20256.0 20381.0 
20573.0 20323.0 20422.0 20668.0 20561.0 20512.0 20610.0 
20418.0 20693.0 20341.0 20343.0 20339.0 20230.0 20201.0 
20296.0 20378.0 20406.0 20513.0 20469.0 20343.0 20589.0 
20552.0 20425.0 20695.0 20388.0 20606.0 20574.0 20625.0 
20833.0 20912.0 20783.0 20922.0 20714.0 20771.0 20717.0 
20581.0 20816.0 20688.0 20799.0 20506.0 20511.0 20551.0 
20149.0 20589.0 20347.0 20592.0 20608.0 20348.0 20478.0 
20165.0 20596.0 20310.0 20502.0 20492.0 20779.0 20629.0 
20724.0 20867.0 20709.0 20701.0 20888.0 20424.0 20667.0 
20521.0 20574.0 20604.0 20632.0 20489.0 20743.0 20259.0 
20593.0 20436.0 20620.0 20522.0 20481.0 20547.0 20319.0 
20425.0 20155.0 20102.0 20153.0 19995.0 19885.0 20068.0 
19676.0 19821.0 19569.0 19540.0 19440.0 19295.0 19039.0 
19139.0 18955.0 19236.0 19058.0 19243.0 19430.0 19637.0 
19633.0 19754.0 19769.0 19720.0 19836.0 19803.0 19787.0 
19766.0 19722.0 19633.0 19627.0 19681.0 19600.0 19461.0 
19562.0 19841.0 19553.0 19664.0 19856.0 19825.0 19890.0 
19988.0 20244.0 20124.0 20160.0 20189.0 20260.0 20446.0 
20272.0 20453.0 20403.0 20423.0 20441.0 20045.0 20277.0 
19966.0 19814.0 19615.0 19389.0 19447.0 19286.0 19378.0 
19386.0 19474.0 19451.0 19377.0 19571.0 19305.0 19212.0 
19203.0 19044.0 19352.0 19315.0 19167.0 19336.0 19376.0 
19482.0 19478.0 19412.0 19552.0 19598.0 19657.0 19633.0 
19740.0 19565.0 19498.0 19587.0 19215.0 19325.0 19170.0 
19088.0 19323.0 18889.0 18815.0 19284.0 18939.0 18961.0 
19068.0 18819.0 19014.0 19231.0 19227.0 19384.0 19389.0 
19491.0 19627.0 19257.0 19567.0 19278.0 19597.0 19475.0 
19725.0 19469.0 19825.0 19811.0 19621.0 19784.0 19577.0 
19559.0 19494.0 19334.0 19263.0 19286.0 18986.0 19264.0 
19130.0 19146.0 19243.0 19215.0 19048.0 19265.0 18955.0 
19171.0 19146.0 18998.0 18975.0 18819.0 19050.0 18854.0 
18742.0 18973.0 18925.0 18769.0 18854.0 18859.0 18673.0 
18710.0 18655.0 18717.0 18719.0 18565.0 19002.0 18900.0 
19019.0 19363.0 19482.0 19288.0 19476.0 19256.0 19272.0 
19202.0 19043.0 19025.0 19302.0 18573.0 19156.0 18597.0 
18878.0 18947.0 18865.0 18785.0 18781.0 18686.0 18568.0 
18880.0 18479.0 18565.0 18654.0 18625.0 18689.0 18902.0 
18811.0 19125.0 19177.0 19235.0 19104.0 19428.0 19263.0 
19766.0 19303.0 19505.0 19526.0 19309.0 19254.0 19098.0 
18904.0 18838.0 18745.0 18626.0 18556.0 18920.0 18523.0 
18731.0 18985.0 18986.0 19134.0 19165.0 19436.0 19400.0 
19430.0 19463.0 19482.0 19373.0 19262.0 19162.0 19241.0 
19441.0 19262.0 19485.0 19214.0 19387.0 19091.0 19092.0 
19282.0 19070.0 19108.0 19137.0 19259.0 19174.0 19100.0 
19089.0 18987.0 19014.0 19050.0 18813.0 19240.0 18838.0 
19022.0 18919.0 19119.0 19211.0 19346.0 19417.0 19512.0 
19650.0 19758.0 19656.0 19763.0 19624.0 19433.0 19466.0 
19624.0 19303.0 19281.0 19429.0 19234.0 19263.0 19314.0 
19607.0 19564.0 19720.0 19748.0 19803.0 19600.0 19707.0 
19944.0 19564.0 19937.0 19555.0 19667.0 19778.0 19671.0 
19524.0 19864.0 19511.0 19831.0 19543.0 19894.0 19703.0 
19571.0 19614.0 19425.0 19626.0 19337.0 19723.0 19484.0 
19505.0 19647.0 20016.0 19668.0 20049.0 19821.0 19950.0 
19801.0 19973.0 19800.0 19744.0 19808.0 19640.0 19759.0 
19695.0 19829.0 19717.0 19837.0 19871.0 19794.0 19819.0 
19975.0 19878.0 19936.0 19723.0 19907.0 19844.0 19888.0 
20001.0 19826.0 20067.0 19816.0 19777.0 19609.0 19623.0 
19413.0 19486.0 19276.0 19418.0 19406.0 19436.0 19413.0 
19337.0 19440.0 19389.0 19723.0 19395.0 19666.0 19453.0 
19622.0 19487.0 19338.0 19514.0 19399.0 19259.0 19287.0 
19274.0 19162.0 19206.0 19196.0 19307.0 19257.0 19252.0 
19650.0 19423.0 19526.0 19667.0 19400.0 19528.0 19514.0 
19470.0 19616.0 19393.0 19477.0 19399.0 19295.0 19358.0 
19162.0 19211.0 18966.0 19006.0 18947.0 18831.0 18859.0 
18986.0 18945.0 18995.0 18900.0 18896.0 18762.0 18694.0 
18686.0 18743.0 18621.0 18905.0 18881.0 18980.0 19088.0 
19257.0 18921.0 19146.0 18901.0 18920.0 18943.0 18900.0 
18897.0 18950.0 18984.0 18997.0 19107.0 19201.0 19327.0 
19246.0 19222.0 19142.0 19023.0 19021.0 19144.0 18835.0 
19172.0 18747.0 18817.0 18566.0 18732.0 18391.0 18390.0 
18263.0 18165.0 17999.0 18194.0 18133.0 18159.0 18308.0 
18167.0 18252.0 18026.0 18153.0 17938.0 17960.0 18042.0 
17932.0 17997.0 18165.0 17658.0 18262.0 18281.0 18409.0 
18713.0 18714.0 18751.0 18686.0 18810.0 18497.0 18348.0 
18156.0 18132.0 18377.0 18215.0 18480.0 18641.0 18880.0 
18904.0 19000.0 18892.0 18990.0 18873.0 18726.0 18529.0 
18567.0 18724.0 18382.0 18700.0 18663.0 18967.0 18870.0 
18874.0 19057.0 19124.0 18956.0 19161.0 18955.0 18902.0 
18955.0 19083.0 18866.0 19104.0 18810.0 18625.0 18514.0 
18540.0 18773.0 18678.0 18902.0 19009.0 19306.0 19252.0 
19203.0 19305.0 19206.0 18854.0 19202.0 18649.0 19147.0 
18920.0 19105.0 19419.0 19453.0 19826.0 19776.0 19699.0 
19680.0 19816.0 19745.0 19240.0 19365.0 19422.0 19236.0 
19405.0 19521.0 19477.0 19772.0 19743.0 19816.0 19639.0 
19623.0 19797.0 19577.0 19635.0 19533.0 19912.0 19644.0 
19578.0 19721.0 19617.0 19730.0 19795.0 19687.0 19641.0 
19516.0 19416.0 19349.0 19408.0 19526.0 19472.0 19584.0 
19764.0 19518.0 19796.0 19615.0 19806.0 19316.0 19446.0 
19421.0 19319.0 19083.0 19052.0 19175.0 19132.0 19234.0 
19082.0 19333.0 19471.0 19379.0 19195.0 19168.0 19086.0 
19044.0 18867.0 19075.0 18921.0 19138.0 19014.0 19328.0 
19226.0 19480.0 19574.0 19495.0 19721.0 19587.0 19571.0 
19644.0 19428.0 19365.0 19289.0 19062.0 19023.0 18966.0 
19173.0 18946.0 19260.0 19126.0 19343.0 19204.0 19306.0 
19416.0 19247.0 19659.0 19527.0 19528.0 19763.0 19431.0 
19638.0 19304.0 19399.0 19226.0 19512.0 19112.0 19388.0 
19330.0 19174.0 19216.0 19102.0 19365.0 19310.0 19422.0 
19213.0 19338.0 19242.0 19211.0 19345.0 19234.0 19418.0 
19357.0 19302.0 19401.0 19308.0 19247.0 19474.0 19390.0 
19498.0 19391.0 19174.0 19329.0 19142.0 19514.0 19376.0 
19500.0 19431.0 19600.0 19598.0 19761.0 19888.0 20001.0 
19956.0 19909.0 19896.0 19770.0 19705.0 19788.0 19417.0 
19546.0 19368.0 19135.0 19434.0 19284.0 19281.0 19395.0 
19438.0 19511.0 19405.0 19647.0 19553.0 19682.0 19750.0 
19587.0 19903.0 19633.0 19863.0 19797.0 19809.0 20066.0 
19744.0 19764.0 19594.0 19526.0 19435.0 19668.0 19348.0 
19744.0 19627.0 19565.0 19524.0 19540.0 19552.0 19441.0 
19593.0 19560.0 19668.0 19845.0 19820.0 20111.0 20006.0 
19867.0 19969.0 19794.0 19890.0 19640.0 19858.0 19641.0 
19719.0 19683.0 19659.0 19699.0 19736.0 19532.0 19558.0 
19566.0 19687.0 19515.0 19717.0 19840.0 19576.0 19688.0 
19689.0 19670.0 19596.0 19779.0 19382.0 19578.0 19563.0 
19453.0 19496.0 19480.0 19346.0 19489.0 19707.0 19607.0 
19545.0 19753.0 19759.0 19581.0 19509.0 19459.0 19320.0 
19059.0 19202.0 19025.0 19393.0 19157.0 19399.0 19478.0 
19235.0 19491.0 19372.0 19539.0 19304.0 19435.0 19088.0 
19076.0 19335.0 19203.0 19345.0 19311.0 19493.0 19770.0 
19628.0 19790.0 19621.0 19740.0 19751.0 19657.0 19560.0 
19500.0 19552.0 19340.0 19288.0 19342.0 19462.0 19318.0 
19380.0 19374.0 19421.0 19448.0 19419.0 19510.0 19387.0 
19422.0 19331.0 19251.0 19463.0 19035.0 19334.0 19038.0 
18904.0 19066.0 18944.0 19015.0 19121.0 19227.0 19234.0 
19430.0 19518.0 19442.0 19703.0 19384.0 19615.0 19472.0 
19725.0 19473.0 19389.0 19588.0 19396.0 19562.0 19535.0 
19707.0 19602.0 19684.0 19611.0 19804.0 19648.0 19840.0 
19667.0 19419.0 19351.0 19050.0 19122.0 19045.0 19029.0 
19365.0 19284.0 19472.0 19464.0 19555.0 19416.0 19491.0 
19177.0 19251.0 19142.0 19097.0 19073.0 19000.0 19274.0 
19147.0 19484.0 19397.0 19919.0 20042.0 20181.0 20213.0 
20210.0 20279.0 20139.0 20017.0 19959.0 19960.0 19885.0 
19670.0 19739.0 19405.0 19804.0 19720.0 19710.0 19840.0 
19803.0 19774.0 19838.0 19463.0 19529.0 19665.0 19312.0 
19334.0 19338.0 19248.0 19189.0 19540.0 19216.0 19451.0 
19485.0 19650.0 19566.0 19690.0 19679.0 19610.0 19765.0 
19334.0 19780.0 19512.0 19698.0 19753.0 19681.0 19735.0 
19620.0 19874.0 19895.0 19967.0 20055.0 20162.0 20044.0 
20051.0 20095.0 20044.0 20054.0 19828.0 19890.0 19865.0 
19647.0 19634.0 19544.0 19553.0 19494.0 19781.0 19619.0 
19763.0 19731.0 19571.0 19753.0 19579.0 19596.0 19531.0 
19564.0 19464.0 19271.0 19338.0 19289.0 19325.0 19210.0 
19034.0 19024.0 19133.0 19092.0 18978.0 18988.0 19151.0 
19093.0 19145.0 19356.0 19427.0 19424.0 19849.0 19869.0 
19990.0 20194.0 20265.0 20279.0 20092.0 20178.0 20002.0 
19936.0 19625.0 19345.0 19411.0 18977.0 19090.0 18805.0 
18995.0 18836.0 18947.0 19114.0 18873.0 19104.0 18798.0 
18892.0 18600.0 18651.0 18754.0 18751.0 18714.0 18782.0 
19098.0 18745.0 19042.0 19177.0 19206.0 19310.0 19376.0 
19518.0 19569.0 19625.0 19669.0 19466.0 19426.0 19455.0 
19226.0 19202.0 