807.0 158.0 -95.0 393.0 1004.0 680.0 -57.0 
133.0 879.0 935.0 246.0 -209.0 263.0 969.0 
676.0 -147.0 31.0 843.0 722.0 -168.0 -260.0 
683.0 920.0 7.0 -338.0 479.0 939.0 136.0 
-580.0 195.0 1230.0 763.0 -421.0 -233.0 1065.0 
1206.0 66.0 -322.0 863.0 1417.0 370.0 -349.0 
638.0 1442.0 599.0 -355.0 405.0 1437.0 666.0 
-564.0 140.0 1407.0 705.0 -518.0 -77.0 1049.0 
825.0 -193.0 -110.0 903.0 966.0 -241.0 -541.0 
934.0 1487.0 -49.0 -779.0 715.0 1645.0 321.0 
-868.0 260.0 1729.0 837.0 -828.0 -163.0 1551.0 
982.0 -566.0 -144.0 1004.0 673.0 -200.0 -200.0 
389.0 590.0 -123.0 -555.0 244.0 673.0 -158.0 
-381.0 549.0 635.0 -172.0 -99.0 705.0 855.0 
-96.0 -371.0 854.0 1297.0 69.0 -441.0 526.0 
1128.0 424.0 -322.0 192.0 1101.0 603.0 -401.0 
-48.0 833.0 797.0 94.0 -136.0 247.0 672.0 
527.0 -35.0 -188.0 267.0 542.0 179.0 -87.0 
179.0 537.0 291.0 -275.0 -98.0 673.0 613.0 
-65.0 154.0 749.0 507.0 149.0 454.0 774.0 
716.0 422.0 402.0 654.0 815.0 659.0 301.0 
459.0 994.0 766.0 23.0 61.0 740.0 905.0 
238.0 -223.0 295.0 773.0 139.0 -274.0 387.0 
675.0 2.0 -529.0 229.0 919.0 60.0 -867.0 
72.0 1316.0 552.0 -1095.0 -488.0 1543.0 1135.0 
-1156.0 -930.0 1648.0 1553.0 -1069.0 -1337.0 1212.0 
1914.0 -219.0 -1385.0 189.0 1547.0 639.0 -678.0 
-501.0 691.0 925.0 86.0 -400.0 132.0 803.0 
531.0 -41.0 54.0 367.0 290.0 351.0 323.0 
133.0 266.0 359.0 122.0 23.0 185.0 182.0 
0.0 -169.0 120.0 536.0 -80.0 -803.0 -55.0 
814.0 190.0 -783.0 -462.0 859.0 996.0 -463.0 
-775.0 834.0 1400.0 21.0 -425.0 762.0 1325.0 
441.0 -61.0 810.0 1215.0 435.0 37.0 638.0 
1005.0 259.0 -214.0 449.0 720.0 154.0 -265.0 
23.0 596.0 488.0 -172.0 -137.0 488.0 579.0 
76.0 -254.0 250.0 721.0 101.0 -297.0 414.0 
614.0 -232.0 -425.0 310.0 637.0 -95.0 -548.0 
249.0 792.0 80.0 -564.0 -101.0 743.0 670.0 
-173.0 -237.0 463.0 826.0 470.0 -79.0 197.0 
915.0 1057.0 459.0 0.0 440.0 918.0 693.0 
448.0 277.0 126.0 623.0 816.0 -184.0 -580.0 
458.0 903.0 -159.0 -766.0 207.0 879.0 76.0 
-652.0 -91.0 858.0 562.0 -462.0 -134.0 891.0 
586.0 -348.0 -278.0 553.0 845.0 24.0 -595.0 
77.0 741.0 207.0 -335.0 89.0 482.0 126.0 
-246.0 -41.0 526.0 706.0 -4.0 -401.0 446.0 
934.0 183.0 -313.0 137.0 542.0 442.0 31.0 
-182.0 116.0 241.0 82.0 114.0 53.0 -132.0 
-212.0 -116.0 181.0 -47.0 -451.0 -172.0 301.0 
146.0 -376.0 -122.0 345.0 87.0 -140.0 -35.0 
119.0 245.0 -42.0 -287.0 3.0 129.0 76.0 
95.0 -26.0 31.0 293.0 151.0 -181.0 -105.0 
308.0 272.0 -111.0 -14.0 384.0 546.0 205.0 
-45.0 386.0 539.0 102.0 92.0 509.0 514.0 
292.0 131.0 144.0 343.0 568.0 365.0 -236.0 
-105.0 548.0 486.0 -250.0 -515.0 64.0 668.0 
321.0 -284.0 0.0 525.0 454.0 139.0 79.0 
390.0 509.0 233.0 215.0 475.0 219.0 -57.0 
217.0 332.0 -74.0 -116.0 271.0 314.0 -202.0 
-340.0 221.0 346.0 -115.0 -124.0 250.0 285.0 
-7.0 -90.0 125.0 153.0 27.0 96.0 107.0 
24.0 100.0 149.0 183.0 122.0 -99.0 -6.0 
305.0 219.0 96.0 217.0 111.0 5.0 212.0 
230.0 111.0 143.0 166.0 173.0 110.0 -56.0 
171.0 482.0 194.0 50.0 397.0 377.0 -64.0 
114.0 512.0 304.0 -2.0 138.0 362.0 303.0 
-35.0 -118.0 287.0 466.0 234.0 1.0 14.0 
298.0 431.0 170.0 258.0 607.0 329.0 87.0 
566.0 698.0 342.0 340.0 431.0 434.0 481.0 
459.0 453.0 297.0 -11.0 156.0 448.0 171.0 
-65.0 219.0 308.0 -23.0 -195.0 -60.0 183.0 
338.0 78.0 -177.0 -27.0 19.0 42.0 181.0 
-4.0 -63.0 238.0 95.0 -174.0 62.0 226.0 
74.0 -92.0 -75.0 228.0 150.0 -301.0 -119.0 
263.0 -30.0 -221.0 242.0 330.0 -264.0 -301.0 
421.0 457.0 -266.0 -247.0 395.0 355.0 -1.0 
94.0 59.0 -95.0 131.0 274.0 -34.0 -264.0 
90.0 221.0 -273.0 -199.0 279.0 91.0 -244.0 
-71.0 318.0 449.0 127.0 -111.0 268.0 671.0 
361.0 -76.0 133.0 633.0 455.0 -153.0 -108.0 
519.0 448.0 -165.0 -132.0 167.0 90.0 38.0 
83.0 173.0 135.0 -139.0 -158.0 430.0 546.0 
-53.0 -28.0 566.0 645.0 189.0 -70.0 138.0 
600.0 648.0 46.0 -369.0 101.0 654.0 248.0 
-546.0 -337.0 537.0 492.0 -296.0 -498.0 128.0 
597.0 207.0 -324.0 -274.0 189.0 533.0 222.0 
-347.0 -255.0 378.0 292.0 -291.0 -117.0 394.0 
170.0 -307.0 -214.0 56.0 121.0 32.0 -171.0 
-367.0 -151.0 83.0 -184.0 -561.0 -301.0 57.0 
-163.0 -427.0 -203.0 17.0 -124.0 -264.0 -97.0 
0.0 -60.0 78.0 223.0 10.0 -162.0 -59.0 
102.0 37.0 -235.0 -304.0 -104.0 -39.0 -287.0 
-427.0 -259.0 -104.0 -143.0 -410.0 -405.0 184.0 
232.0 -425.0 -445.0 165.0 244.0 -200.0 -302.0 
-109.0 142.0 289.0 -148.0 -660.0 -202.0 437.0 
-72.0 -829.0 -255.0 512.0 51.0 -572.0 -442.0 
104.0 308.0 -129.0 -409.0 -41.0 346.0 166.0 
-388.0 -326.0 322.0 230.0 -378.0 -229.0 138.0 
6.0 -55.0 171.0 61.0 -138.0 35.0 218.0 
85.0 18.0 189.0 214.0 -40.0 -151.0 1.0 
-2.0 -42.0 -117.0 -409.0 -223.0 423.0 102.0 
-896.0 -615.0 370.0 321.0 -408.0 -660.0 -110.0 
438.0 68.0 -381.0 -140.0 64.0 60.0 182.0 
13.0 -390.0 -175.0 376.0 138.0 -522.0 -249.0 
387.0 142.0 -478.0 -278.0 476.0 254.0 -662.0 
-592.0 294.0 398.0 -302.0 -525.0 -136.0 -109.0 
-332.0 -108.0 -210.0 -628.0 -381.0 57.0 -264.0 
-1027.0 -813.0 146.0 -23.0 -936.0 -876.0 -45.0 
179.0 -416.0 -663.0 -336.0 -67.0 50.0 -142.0 
-494.0 -440.0 96.0 21.0 -590.0 -478.0 -16.0 
-87.0 -338.0 -408.0 -364.0 -187.0 -413.0 -616.0 
-142.0 27.0 -503.0 -619.0 -333.0 -59.0 -74.0 
-439.0 -428.0 5.0 149.0 -46.0 -253.0 -200.0 
210.0 303.0 -89.0 -207.0 77.0 101.0 -372.0 
-401.0 185.0 150.0 -448.0 -409.0 -113.0 -296.0 
-334.0 -216.0 -233.0 -370.0 -270.0 -19.0 -237.0 
-472.0 116.0 547.0 -103.0 -520.0 26.0 450.0 
41.0 -367.0 46.0 319.0 -231.0 -392.0 73.0 
80.0 -399.0 -624.0 -145.0 131.0 -352.0 -467.0 
-106.0 -116.0 -238.0 -99.0 6.0 -207.0 -305.0 
139.0 308.0 -115.0 -433.0 -22.0 526.0 -12.0 
-348.0 371.0 232.0 -414.0 -71.0 124.0 -197.0 
-194.0 -69.0 -168.0 -271.0 -166.0 50.0 -103.0 
-441.0 -454.0 39.0 108.0 -305.0 -207.0 50.0 
-343.0 -489.0 98.0 79.0 -557.0 -527.0 151.0 
231.0 -527.0 -655.0 54.0 239.0 -288.0 -511.0 
-41.0 171.0 -236.0 -133.0 292.0 -35.0 -289.0 
268.0 476.0 -73.0 -69.0 345.0 354.0 194.0 
22.0 80.0 230.0 -10.0 -196.0 -46.0 -163.0 
-235.0 -58.0 -156.0 -413.0 -389.0 -204.0 -270.0 
-393.0 -321.0 -131.0 -175.0 -622.0 -707.0 -109.0 
44.0 -459.0 -594.0 -304.0 -102.0 -292.0 -572.0 
-351.0 123.0 4.0 -350.0 -315.0 -139.0 52.0 
-196.0 -518.0 -161.0 -83.0 -531.0 -332.0 -35.0 
-495.0 -677.0 -155.0 35.0 -291.0 -480.0 -411.0 
-195.0 18.0 -211.0 -613.0 -434.0 32.0 -125.0 
-547.0 -373.0 -135.0 -365.0 -448.0 -347.0 -496.0 
-331.0 -69.0 -465.0 -836.0 -255.0 161.0 -537.0 
-1142.0 -489.0 233.0 -260.0 -931.0 -692.0 -92.0 
-127.0 -617.0 -641.0 -125.0 -2.0 -522.0 -715.0 
-179.0 251.0 -126.0 -771.0 -615.0 145.0 182.0 
-398.0 -611.0 -314.0 153.0 23.0 -544.0 -584.0 
-290.0 40.0 134.0 -390.0 -587.0 -29.0 201.0 
-69.0 -285.0 -349.0 -242.0 39.0 8.0 -343.0 
-585.0 -356.0 46.0 -163.0 -819.0 -909.0 -143.0 
9.0 -657.0 -704.0 -194.0 -204.0 -622.0 -528.0 
-172.0 -356.0 -516.0 -221.0 -315.0 -540.0 -465.0 
-258.0 -52.0 -291.0 -495.0 -62.0 98.0 -226.0 
-362.0 -264.0 -135.0 -187.0 -320.0 -451.0 -523.0 
-108.0 84.0 -592.0 -859.0 -412.0 -117.0 -206.0 
-617.0 -932.0 -557.0 -190.0 -417.0 -671.0 -650.0 
-534.0 -338.0 -402.0 -687.0 -743.0 -411.0 -189.0 
-441.0 -663.0 -438.0 19.0 -104.0 -645.0 -474.0 
61.0 -147.0 -483.0 -316.0 -82.0 -143.0 -286.0 
-254.0 -368.0 -541.0 -146.0 107.0 -492.0 -929.0 
-172.0 148.0 -597.0 -826.0 -420.0 -179.0 -269.0 
-543.0 -695.0 -589.0 -473.0 -198.0 -248.0 -755.0 
-766.0 -276.0 25.0 -158.0 -662.0 -767.0 -105.0 
517.0 177.0 -782.0 -864.0 278.0 932.0 -19.0 
-1100.0 -535.0 740.0 449.0 -979.0 -1177.0 1.0 
362.0 -564.0 -1113.0 -664.0 -134.0 -261.0 -719.0 
-1005.0 -822.0 -264.0 -155.0 -651.0 -948.0 -628.0 
-181.0 -371.0 -900.0 -787.0 -211.0 -275.0 -719.0 
-475.0 -154.0 -176.0 -231.0 -409.0 -380.0 -106.0 
-49.0 -304.0 -438.0 -1.0 120.0 -463.0 -569.0 
-73.0 213.0 -205.0 -810.0 -471.0 324.0 -78.0 
-985.0 -652.0 222.0 -93.0 -886.0 -738.0 -248.0 
-70.0 -235.0 -800.0 -841.0 -141.0 -75.0 -761.0 
-853.0 -157.0 21.0 -584.0 -841.0 -384.0 126.0 
-118.0 -825.0 -805.0 94.0 380.0 -482.0 -959.0 
-198.0 314.0 -266.0 -615.0 -183.0 -99.0 -395.0 
-232.0 19.0 -223.0 -482.0 -246.0 96.0 5.0 
-380.0 -441.0 -129.0 -5.0 -116.0 -179.0 -303.0 
-318.0 -155.0 -282.0 -535.0 -476.0 -248.0 -360.0 
-492.0 -330.0 -442.0 -648.0 -336.0 32.0 -354.0 
-792.0 -303.0 120.0 -250.0 -564.0 -526.0 -187.0 
-78.0 -494.0 -450.0 32.0 -283.0 -758.0 -279.0 
76.0 -354.0 -601.0 -275.0 -93.0 -347.0 -649.0 
-481.0 -231.0 -456.0 -460.0 -218.0 -553.0 -725.0 
-206.0 -19.0 -708.0 -917.0 -165.0 -129.0 -612.0 
-445.0 -352.0 -735.0 -513.0 -61.0 -299.0 -621.0 
-404.0 -358.0 -476.0 -362.0 -281.0 -397.0 -487.0 
-498.0 -538.0 -459.0 -366.0 -506.0 -772.0 -663.0 
-374.0 -386.0 -565.0 -641.0 -405.0 -190.0 -607.0 
-703.0 23.0 -119.0 -858.0 -278.0 544.0 70.0 
-641.0 -347.0 481.0 519.0 -334.0 -611.0 250.0 
726.0 -59.0 -677.0 36.0 698.0 57.0 -793.0 
-327.0 570.0 170.0 -768.0 -438.0 307.0 -54.0 
-600.0 -214.0 189.0 -334.0 -870.0 -339.0 296.0 
-277.0 -932.0 -362.0 190.0 -406.0 -1093.0 -654.0 
122.0 -83.0 -911.0 -1016.0 -244.0 169.0 -468.0 
-1078.0 -478.0 220.0 -262.0 -913.0 -632.0 9.0 
72.0 -677.0 -813.0 52.0 171.0 -672.0 -856.0 
-5.0 335.0 -546.0 -1004.0 -314.0 62.0 -245.0 
-655.0 -848.0 -255.0 225.0 -363.0 -842.0 -529.0 
-274.0 -230.0 -196.0 -426.0 -623.0 -182.0 156.0 
-320.0 -465.0 84.0 305.0 -19.0 -343.0 -384.0 
92.0 409.0 -219.0 -750.0 -161.0 454.0 -63.0 
-792.0 -690.0 12.0 344.0 -341.0 -864.0 -176.0 
471.0 75.0 -279.0 -97.0 203.0 376.0 247.0 
-108.0 -85.0 469.0 499.0 35.0 157.0 435.0 
265.0 0.0 -72.0 218.0 242.0 -243.0 -322.0 
100.0 272.0 -87.0 -506.0 -271.0 60.0 -123.0 
-356.0 -300.0 -65.0 -33.0 -361.0 -423.0 -265.0 
-278.0 -56.0 49.0 -429.0 -654.0 -51.0 436.0 
-210.0 -907.0 -260.0 540.0 211.0 -427.0 -315.0 
368.0 404.0 -134.0 -193.0 -74.0 -89.0 177.0 
357.0 -116.0 -478.0 -2.0 313.0 -138.0 -276.0 
80.0 -82.0 -356.0 84.0 364.0 -245.0 -653.0 
-33.0 414.0 -118.0 -571.0 -276.0 242.0 223.0 
-434.0 -717.0 -69.0 344.0 -8.0 -535.0 -428.0 
176.0 163.0 -420.0 -449.0 -67.0 3.0 -207.0 
-456.0 -497.0 -304.0 -64.0 -337.0 -775.0 -549.0 
-213.0 -285.0 -427.0 -483.0 -550.0 -511.0 -156.0 
-164.0 -615.0 -456.0 -25.0 -196.0 -458.0 -288.0 
-110.0 -127.0 -150.0 -349.0 -538.0 -290.0 -71.0 
-249.0 -598.0 -838.0 -602.0 -154.0 -376.0 -952.0 
-839.0 -263.0 -270.0 -834.0 -719.0 -193.0 -414.0 
-639.0 -462.0 -416.0 -359.0 -310.0 -394.0 -305.0 
-231.0 -405.0 -304.0 -39.0 -454.0 -599.0 68.0 
-110.0 -809.0 -556.0 73.0 19.0 -702.0 -895.0 
-222.0 52.0 -429.0 -695.0 -541.0 -339.0 -131.0 
-112.0 -464.0 -634.0 -210.0 48.0 -390.0 -580.0 
-260.0 -216.0 -167.0 24.0 -132.0 -388.0 -206.0 
68.0 116.0 -92.0 -453.0 -10.0 349.0 -257.0 
-548.0 -134.0 183.0 21.0 -388.0 -278.0 312.0 
105.0 -395.0 -239.0 12.0 30.0 -149.0 -23.0 
80.0 -124.0 -132.0 -8.0 -6.0 -53.0 -101.0 
-204.0 -129.0 143.0 135.0 -87.0 -92.0 37.0 
52.0 -55.0 -65.0 63.0 58.0 -83.0 19.0 
158.0 29.0 -45.0 99.0 32.0 -268.0 -43.0 
370.0 179.0 -9.0 130.0 189.0 270.0 223.0 
-15.0 165.0 337.0 95.0 158.0 296.0 232.0 
265.0 366.0 400.0 335.0 56.0 73.0 634.0 
690.0 207.0 130.0 594.0 841.0 404.0 15.0 
534.0 1066.0 560.0 25.0 160.0 497.0 691.0 
557.0 167.0 85.0 488.0 649.0 470.0 285.0 
290.0 502.0 640.0 349.0 248.0 602.0 798.0 
465.0 98.0 699.0 1164.0 325.0 -235.0 570.0 
1055.0 344.0 -205.0 193.0 723.0 733.0 281.0 
-201.0 86.0 642.0 728.0 293.0 -264.0 158.0 
1298.0 991.0 -350.0 -232.0 1122.0 1258.0 -109.0 
-430.0 848.0 1217.0 249.0 -245.0 244.0 772.0 
706.0 431.0 216.0 24.0 248.0 651.0 498.0 
185.0 441.0 790.0 368.0 -108.0 257.0 666.0 
551.0 371.0 282.0 293.0 455.0 577.0 543.0 
380.0 371.0 574.0 648.0 353.0 184.0 631.0 
1053.0 708.0 223.0 446.0 957.0 739.0 288.0 
541.0 921.0 837.0 665.0 444.0 416.0 1012.0 
1277.0 386.0 -219.0 756.0 1557.0 865.0 161.0 
442.0 1130.0 1225.0 511.0 -10.0 590.0 1364.0 
854.0 -79.0 259.0 981.0 680.0 78.0 48.0 
476.0 662.0 140.0 -219.0 363.0 883.0 398.0 
-231.0 262.0 933.0 503.0 70.0 520.0 719.0 
282.0 189.0 646.0 650.0 52.0 -103.0 385.0 
470.0 -93.0 -245.0 108.0 259.0 -97.0 -318.0 
-126.0 -145.0 -243.0 -34.0 31.0 -239.0 -101.0 
279.0 105.0 -374.0 -255.0 397.0 446.0 -479.0 
-616.0 335.0 416.0 -187.0 -250.0 -155.0 -79.0 
142.0 23.0 -495.0 -678.0 -75.0 288.0 -289.0 
-810.0 -172.0 536.0 -160.0 -1261.0 -836.0 312.0 
-97.0 -1333.0 -1135.0 66.0 161.0 -1040.0 -1455.0 
-322.0 287.0 -688.0 -1347.0 -506.0 278.0 -173.0 
-802.0 -577.0 -151.0 -10.0 -81.0 -341.0 -477.0 
-245.0 54.0 -115.0 -602.0 -521.0 19.0 29.0 
-580.0 -841.0 -286.0 -142.0 -768.0 -787.0 -386.0 
-624.0 -988.0 -748.0 -442.0 -795.0 -1139.0 -759.0 
-527.0 -969.0 -1160.0 -811.0 -746.0 -1165.0 -1178.0 
-695.0 -839.0 -1333.0 -1125.0 -697.0 -823.0 -1289.0 
-1382.0 -935.0 -810.0 -1157.0 -1206.0 -1020.0 -1043.0 
-1099.0 -919.0 -793.0 -1151.0 -1233.0 -641.0 -577.0 
-1327.0 -1395.0 -557.0 -383.0 -1154.0 -1473.0 -1160.0 
-940.0 -733.0 -879.0 -1536.0 -1405.0 -570.0 -775.0 
-1442.0 -1313.0 -1005.0 -1103.0 -1299.0 -1364.0 -1229.0 
-1139.0 -1200.0 -1186.0 -1178.0 -1144.0 -882.0 -845.0 
-1227.0 -1266.0 -932.0 -1002.0 -1354.0 -1178.0 -587.0 
-666.0 -1268.0 -1239.0 -740.0 -697.0 -1137.0 -1283.0 
-786.0 -335.0 -852.0 -1454.0 -844.0 -285.0 -900.0 
-1437.0 -1125.0 -590.0 -493.0 -835.0 -1395.0 -1557.0 
-791.0 -255.0 -1056.0 -1711.0 -1093.0 -378.0 -744.0 
-1539.0 -1391.0 -641.0 -660.0 -1210.0 -1392.0 -1184.0 
-994.0 -917.0 -1047.0 -1252.0 -1169.0 -947.0 -1077.0 
-1193.0 -851.0 -757.0 -1127.0 -1357.0 -1109.0 -757.0 
-852.0 -1153.0 -1220.0 -987.0 -811.0 -1032.0 -1140.0 
-886.0 -929.0 -963.0 -711.0 -941.0 -1082.0 -681.0 
-786.0 -1148.0 -863.0 -451.0 -662.0 -1188.0 -1110.0 
-581.0 -582.0 -903.0 -1114.0 -1125.0 -652.0 -376.0 
-998.0 -1357.0 -636.0 -145.0 -854.0 -1429.0 -820.0 
-187.0 -560.0 -1229.0 -1237.0 -795.0 -631.0 -956.0 
-1183.0 -1097.0 -1038.0 -925.0 -915.0 -1181.0 -1265.0 
-885.0 -822.0 -1265.0 -1467.0 -975.0 -433.0 -820.0 
-1468.0 -1056.0 -579.0 -932.0 -970.0 -610.0 -823.0 
-983.0 -553.0 -422.0 -904.0 -1104.0 -495.0 -92.0 
-965.0 -1494.0 -589.0 -1.0 -783.0 -1447.0 -852.0 
-364.0 -821.0 -1156.0 -920.0 -838.0 -997.0 -1033.0 
-703.0 -728.0 -1329.0 -1238.0 -444.0 -550.0 -1290.0 
-1089.0 -472.0 -547.0 -934.0 -800.0 -617.0 -682.0 
-539.0 -410.0 -795.0 -998.0 -366.0 -178.0 -853.0 
-1025.0 -631.0 -436.0 -350.0 -774.0 -1251.0 -660.0 
-33.0 -280.0 -819.0 -973.0 -603.0 -230.0 -487.0 
-1116.0 -1068.0 -315.0 -298.0 -1202.0 -1341.0 -796.0 
-697.0 -811.0 -996.0 -1280.0 -1219.0 -829.0 -519.0 
-851.0 -1444.0 -1004.0 -335.0 -771.0 -1130.0 -708.0 
-457.0 -562.0 -647.0 -764.0 -883.0 -684.0 -582.0 
-803.0 -881.0 -643.0 -776.0 -987.0 -839.0 -776.0 
-837.0 -947.0 -1111.0 -983.0 -762.0 -868.0 -986.0 
-1032.0 -893.0 -713.0 -937.0 -1029.0 -712.0 -595.0 
-853.0 -936.0 -638.0 -296.0 -383.0 -874.0 -915.0 
-496.0 -519.0 -596.0 -493.0 -867.0 -943.0 -342.0 
-393.0 -1011.0 -830.0 -265.0 -357.0 -833.0 -1021.0 
-681.0 -178.0 -317.0 -814.0 -766.0 -352.0 -305.0 
-643.0 -768.0 -497.0 -268.0 -457.0 -799.0 -783.0 
-593.0 -632.0 -767.0 -748.0 -651.0 -747.0 -929.0 
-885.0 -612.0 -500.0 -726.0 -973.0 -714.0 -468.0 
-688.0 -876.0 -845.0 -693.0 -596.0 -776.0 -883.0 
-747.0 -719.0 -669.0 -494.0 -648.0 -940.0 -702.0 
-302.0 -389.0 -731.0 -745.0 -460.0 -300.0 -543.0 
-722.0 -488.0 -334.0 -363.0 -519.0 -511.0 -263.0 
-329.0 -592.0 -402.0 -233.0 -479.0 -770.0 -632.0 
-90.0 -307.0 -1206.0 -1066.0 -146.0 -230.0 -1263.0 
-1278.0 -313.0 -263.0 -1017.0 -1117.0 -422.0 -108.0 
-615.0 -837.0 -322.0 -110.0 -512.0 -598.0 -282.0 
-198.0 -239.0 -261.0 -400.0 -409.0 -187.0 -158.0 
-381.0 -600.0 -580.0 -229.0 -157.0 -541.0 -680.0 
-400.0 -310.0 -663.0 -757.0 -508.0 -539.0 -793.0 
-807.0 -613.0 -569.0 -741.0 -877.0 -740.0 -655.0 
-735.0 -634.0 -715.0 -1098.0 -820.0 -202.0 -539.0 
-1167.0 -909.0 -459.0 -434.0 -619.0 -849.0 -815.0 
-527.0 -443.0 -655.0 -701.0 -428.0 -550.0 -854.0 
-520.0 -274.0 -637.0 -853.0 -654.0 -640.0 -741.0 
-571.0 -747.0 -1167.0 -1008.0 -529.0 -600.0 -1133.0 
-1102.0 -772.0 -931.0 -1011.0 -765.0 -796.0 -1172.0 
-995.0 -277.0 -430.0 -1401.0 -1140.0 -118.0 -275.0 
-1094.0 -1068.0 -354.0 -135.0 -607.0 -900.0 -625.0 
-195.0 -394.0 -835.0 -622.0 -298.0 -514.0 -602.0 
-453.0 -541.0 -681.0 -440.0 -235.0 -601.0 -854.0 
-455.0 -254.0 -607.0 -807.0 -610.0 -411.0 -401.0 
-574.0 -712.0 -540.0 -409.0 -412.0 -392.0 -555.0 
-681.0 -470.0 -282.0 -554.0 -729.0 -223.0 -147.0 
-741.0 -746.0 -319.0 -307.0 -737.0 -818.0 -307.0 
-399.0 -1065.0 -809.0 -120.0 -418.0 -1023.0 -811.0 
-355.0 -406.0 -527.0 -545.0 -724.0 -551.0 -134.0 
-222.0 -503.0 -676.0 -585.0 -170.0 -184.0 -765.0 
-907.0 -473.0 -386.0 -603.0 -831.0 -961.0 -695.0 
-383.0 -662.0 -1284.0 -967.0 8.0 -323.0 -1203.0 
-866.0 -27.0 -25.0 -708.0 -746.0 -205.0 -135.0 
-227.0 -241.0 -371.0 -312.0 -226.0 -143.0 -172.0 
-493.0 -511.0 -224.0 -341.0 -649.0 -426.0 -111.0 
-531.0 -774.0 -93.0 22.0 -674.0 -661.0 -97.0 
-33.0 -415.0 -511.0 -150.0 33.0 -381.0 -377.0 
142.0 -63.0 -615.0 -337.0 34.0 -69.0 -184.0 
-289.0 -219.0 -92.0 -225.0 -313.0 -147.0 -121.0 
-79.0 37.0 -190.0 -448.0 -343.0 -163.0 -233.0 
-405.0 -392.0 -266.0 -344.0 -518.0 -574.0 -418.0 
-127.0 -35.0 -322.0 -513.0 -170.0 144.0 -146.0 
-482.0 -189.0 311.0 194.0 -222.0 -154.0 102.0 
-49.0 -236.0 -220.0 -127.0 -5.0 -72.0 -459.0 
-353.0 51.0 -289.0 -873.0 -599.0 51.0 12.0 
-609.0 -841.0 -436.0 -24.0 -124.0 -561.0 -718.0 
-549.0 -320.0 -91.0 -269.0 -573.0 -547.0 -390.0 
1.0 165.0 -315.0 -569.0 -87.0 305.0 101.0 
-294.0 -325.0 -39.0 -9.0 -199.0 -197.0 -55.0 
-88.0 -235.0 -317.0 -254.0 9.0 -139.0 -659.0 
-447.0 11.0 -92.0 -325.0 -209.0 27.0 -93.0 
-312.0 -54.0 143.0 -208.0 -290.0 4.0 -79.0 
-389.0 -243.0 -124.0 -443.0 -427.0 241.0 264.0 
-690.0 -818.0 131.0 284.0 -464.0 -653.0 -227.0 
104.0 -96.0 -526.0 -589.0 -443.0 -183.0 -36.0 
-383.0 -751.0 -540.0 75.0 83.0 -576.0 -583.0 
69.0 331.0 -180.0 -593.0 -137.0 268.0 66.0 
-245.0 -227.0 -36.0 52.0 38.0 -56.0 -165.0 
-380.0 -401.0 -179.0 -151.0 -370.0 -476.0 -475.0 
-392.0 -282.0 -268.0 -155.0 -86.0 -122.0 -33.0 
-39.0 -37.0 40.0 48.0 166.0 213.0 129.0 
34.0 -116.0 46.0 288.0 37.0 -145.0 -67.0 
-160.0 -238.0 -129.0 -116.0 -190.0 -247.0 -356.0 
-239.0 -245.0 -358.0 -51.0 82.0 -232.0 -287.0 
-36.0 82.0 56.0 -158.0 -270.0 175.0 543.0 
1.0 -619.0 -70.0 611.0 41.0 -543.0 -100.0 
381.0 123.0 -224.0 -6.0 56.0 65.0 351.0 
116.0 -156.0 252.0 542.0 258.0 11.0 215.0 
481.0 358.0 193.0 192.0 286.0 385.0 254.0 
268.0 336.0 183.0 167.0 515.0 575.0 186.0 
105.0 378.0 460.0 382.0 271.0 158.0 265.0 
308.0 176.0 117.0 104.0 10.0 164.0 476.0 
267.0 -18.0 228.0 475.0 266.0 130.0 484.0 
698.0 397.0 155.0 475.0 779.0 527.0 344.0 
598.0 685.0 514.0 628.0 755.0 630.0 494.0 
425.0 584.0 853.0 629.0 249.0 403.0 867.0 
947.0 498.0 339.0 864.0 1081.0 659.0 542.0 
714.0 817.0 857.0 756.0 530.0 620.0 784.0 
647.0 602.0 640.0 518.0 487.0 515.0 643.0 
624.0 245.0 209.0 628.0 743.0 389.0 120.0 
416.0 678.0 425.0 287.0 393.0 357.0 246.0 
528.0 685.0 73.0 66.0 1089.0 983.0 -200.0 
-50.0 1080.0 1059.0 217.0 219.0 811.0 837.0 
445.0 475.0 797.0 723.0 391.0 422.0 488.0 
485.0 695.0 668.0 324.0 302.0 599.0 689.0 
575.0 364.0 247.0 604.0 988.0 671.0 230.0 
449.0 962.0 1024.0 720.0 567.0 648.0 867.0 
1189.0 1019.0 501.0 551.0 917.0 847.0 590.0 
578.0 395.0 349.0 726.0 800.0 208.0 -79.0 
510.0 1172.0 794.0 -15.0 416.0 1521.0 1410.0 
438.0 526.0 1559.0 1618.0 648.0 571.0 1384.0 
1478.0 787.0 496.0 887.0 1202.0 1032.0 658.0 
627.0 1070.0 1093.0 452.0 416.0 1213.0 1276.0 
416.0 192.0 990.0 1213.0 556.0 373.0 767.0 
839.0 693.0 714.0 724.0 719.0 702.0 706.0 
803.0 829.0 824.0 942.0 943.0 695.0 755.0 
1208.0 1215.0 769.0 668.0 1070.0 1335.0 1028.0 
731.0 886.0 1155.0 1118.0 881.0 881.0 958.0 
934.0 1003.0 1027.0 861.0 786.0 840.0 1064.0 
1236.0 1002.0 759.0 906.0 1065.0 1108.0 1195.0 
1011.0 683.0 896.0 1174.0 1153.0 964.0 871.0 
1075.0 1184.0 1088.0 1119.0 1219.0 1174.0 973.0 
1000.0 1306.0 1340.0 1020.0 857.0 1155.0 1373.0 
1085.0 705.0 826.0 1176.0 1103.0 845.0 947.0 
1149.0 1087.0 810.0 678.0 1157.0 1443.0 707.0 
512.0 1221.0 1343.0 902.0 620.0 891.0 1316.0 
976.0 634.0 845.0 969.0 1040.0 1009.0 742.0 
824.0 1202.0 1189.0 803.0 778.0 1163.0 1292.0 
1029.0 1063.0 1343.0 1128.0 824.0 1059.0 1377.0 
1110.0 662.0 1112.0 1700.0 1328.0 851.0 1027.0 
1561.0 1627.0 1115.0 1048.0 1360.0 1413.0 1382.0 
1115.0 899.0 1322.0 1686.0 1316.0 930.0 1180.0 
1515.0 1375.0 857.0 859.0 1569.0 1728.0 1187.0 
1081.0 1353.0 1522.0 1462.0 1196.0 1321.0 1683.0 
1503.0 1030.0 1172.0 1570.0 1395.0 912.0 911.0 
1244.0 1360.0 1172.0 969.0 1029.0 1300.0 1497.0 
1333.0 771.0 723.0 1647.0 2110.0 1157.0 387.0 
1197.0 2159.0 1618.0 569.0 844.0 1943.0 2070.0 
1028.0 612.0 1530.0 2206.0 1540.0 495.0 883.0 
1962.0 1756.0 945.0 742.0 1190.0 1861.0 1473.0 
282.0 590.0 1968.0 1880.0 490.0 377.0 1818.0 
2162.0 891.0 433.0 1482.0 2057.0 1238.0 657.0 
1165.0 1828.0 1746.0 1039.0 738.0 1142.0 1663.0 
1650.0 1061.0 706.0 1204.0 1824.0 1689.0 980.0 
732.0 1449.0 2144.0 1684.0 683.0 890.0 2065.0 
2012.0 1020.0 942.0 1369.0 1432.0 1298.0 1144.0 
1183.0 1356.0 1297.0 978.0 933.0 1047.0 1050.0 
1210.0 1267.0 785.0 583.0 1196.0 1436.0 973.0 
821.0 952.0 1253.0 1691.0 1237.0 390.0 991.0 
2180.0 1667.0 613.0 1050.0 1986.0 1899.0 1204.0 
1179.0 1645.0 1629.0 1616.0 1722.0 1524.0 1363.0 
1225.0 1352.0 1465.0 940.0 802.0 1421.0 1439.0 
548.0 392.0 1391.0 1339.0 297.0 642.0 1652.0 
1140.0 330.0 756.0 1477.0 1392.0 894.0 995.0 
1438.0 1365.0 1178.0 1217.0 1054.0 911.0 1337.0 
1565.0 994.0 654.0 950.0 1276.0 1015.0 527.0 
662.0 1233.0 1257.0 650.0 387.0 834.0 1266.0 
1097.0 761.0 903.0 1166.0 1046.0 1009.0 920.0 
836.0 968.0 795.0 733.0 1214.0 1159.0 480.0 
416.0 1078.0 1185.0 604.0 587.0 1026.0 1167.0 
818.0 401.0 764.0 1090.0 560.0 399.0 903.0 
877.0 530.0 714.0 904.0 581.0 497.0 1070.0 
1222.0 758.0 626.0 900.0 1144.0 1089.0 796.0 
750.0 1054.0 1136.0 965.0 915.0 941.0 972.0 
1129.0 1168.0 983.0 817.0 1070.0 1433.0 1000.0 
429.0 740.0 1400.0 1210.0 494.0 599.0 1037.0 
996.0 989.0 897.0 647.0 841.0 1056.0 845.0 
722.0 884.0 830.0 729.0 829.0 772.0 834.0 
956.0 720.0 630.0 959.0 1054.0 858.0 677.0 
498.0 594.0 908.0 836.0 450.0 460.0 831.0 
896.0 603.0 365.0 488.0 875.0 887.0 673.0 
722.0 670.0 572.0 858.0 864.0 466.0 638.0 
917.0 679.0 471.0 470.0 626.0 663.0 375.0 
479.0 894.0 683.0 324.0 562.0 824.0 622.0 
524.0 787.0 894.0 586.0 332.0 517.0 890.0 
884.0 444.0 173.0 367.0 776.0 685.0 62.0 
166.0 880.0 670.0 177.0 397.0 838.0 933.0 
482.0 77.0 584.0 1074.0 559.0 136.0 586.0 
851.0 464.0 278.0 566.0 757.0 418.0 214.0 
788.0 1091.0 365.0 -31.0 599.0 990.0 548.0 
181.0 501.0 850.0 660.0 341.0 320.0 432.0 
601.0 519.0 255.0 333.0 579.0 405.0 326.0 
483.0 357.0 261.0 508.0 380.0 112.0 425.0 
725.0 587.0 266.0 76.0 389.0 829.0 423.0 
220.0 757.0 634.0 -4.0 158.0 779.0 687.0 
148.0 191.0 666.0 749.0 344.0 -96.0 13.0 
713.0 905.0 80.0 -390.0 223.0 817.0 379.0 
-480.0 -215.0 902.0 856.0 -306.0 -493.0 487.0 
946.0 226.0 -589.0 -81.0 926.0 547.0 -352.0 
-153.0 383.0 449.0 168.0 -294.0 -127.0 491.0 
350.0 -227.0 -135.0 289.0 157.0 -217.0 -47.0 
385.0 133.0 -310.0 -2.0 371.0 35.0 -336.0 
-55.0 173.0 48.0 -161.0 -245.0 22.0 391.0 
130.0 -317.0 -20.0 736.0 540.0 -298.0 -119.0 
452.0 470.0 347.0 -98.0 -169.0 641.0 723.0 
-207.0 -265.0 636.0 624.0 -58.0 2.0 471.0 
343.0 372.0 541.0 62.0 -144.0 557.0 612.0 
-9.0 -52.0 262.0 368.0 269.0 133.0 -148.0 
-212.0 140.0 565.0 381.0 -434.0 -559.0 266.0 
613.0 142.0 -197.0 -347.0 0.0 791.0 352.0 
-777.0 -170.0 806.0 229.0 -376.0 -41.0 -20.0 
-126.0 74.0 -58.0 -372.0 59.0 235.0 -575.0 
-559.0 466.0 314.0 -754.0 -461.0 654.0 401.0 
-522.0 -204.0 406.0 218.0 -4.0 -131.0 -216.0 
95.0 382.0 113.0 -401.0 -481.0 102.0 461.0 
-131.0 -694.0 -203.0 433.0 211.0 -480.0 -901.0 
-112.0 755.0 58.0 -1082.0 -699.0 408.0 342.0 
-581.0 -860.0 -217.0 346.0 109.0 -673.0 -633.0 
174.0 348.0 -214.0 -582.0 -159.0 565.0 285.0 
-667.0 -347.0 642.0 385.0 -442.0 -255.0 304.0 
267.0 -101.0 -271.0 5.0 180.0 149.0 131.0 
-130.0 -365.0 214.0 529.0 -36.0 -499.0 -87.0 
447.0 69.0 -431.0 -185.0 228.0 209.0 -55.0 
-253.0 -176.0 27.0 19.0 -118.0 -138.0 -17.0 
47.0 -160.0 -272.0 -130.0 -21.0 -101.0 -416.0 
-457.0 -140.0 -79.0 -341.0 -431.0 -155.0 35.0 
-228.0 -491.0 -279.0 151.0 156.0 -396.0 -507.0 
43.0 282.0 34.0 -268.0 -285.0 71.0 -4.0 
-481.0 -288.0 225.0 109.0 -474.0 -768.0 -281.0 
96.0 -418.0 -871.0 -519.0 -97.0 -273.0 -757.0 
-707.0 -116.0 -57.0 -642.0 -814.0 -328.0 234.0 
67.0 -884.0 -950.0 222.0 349.0 -701.0 -908.0 
-55.0 370.0 -186.0 -693.0 -473.0 154.0 381.0 
-269.0 -675.0 11.0 580.0 119.0 -410.0 -455.0 
107.0 813.0 239.0 -742.0 -195.0 708.0 393.0 
-284.0 -276.0 238.0 427.0 -69.0 -457.0 -189.0 
16.0 -83.0 -273.0 -453.0 -340.0 39.0 57.0 
-480.0 -635.0 18.0 403.0 -239.0 -730.0 -105.0 
573.0 121.0 -613.0 -453.0 298.0 595.0 66.0 
-597.0 -454.0 210.0 457.0 49.0 -620.0 -635.0 
205.0 547.0 -239.0 -823.0 -368.0 414.0 481.0 
-340.0 -798.0 27.0 753.0 26.0 -764.0 -382.0 
278.0 211.0 -412.0 -516.0 72.0 311.0 -151.0 
-649.0 -389.0 366.0 319.0 -283.0 -441.0 -27.0 
449.0 242.0 -311.0 -70.0 341.0 -16.0 -149.0 
280.0 320.0 26.0 31.0 50.0 51.0 169.0 
6.0 -136.0 147.0 258.0 -28.0 -109.0 79.0 
100.0 45.0 173.0 78.0 -130.0 231.0 450.0 
-34.0 -190.0 228.0 287.0 -39.0 -37.0 269.0 
371.0 206.0 300.0 481.0 327.0 174.0 397.0 
681.0 577.0 291.0 110.0 335.0 722.0 450.0 
-108.0 72.0 500.0 74.0 -431.0 -30.0 244.0 
-71.0 -260.0 -255.0 -241.0 -58.0 -180.0 -449.0 
-54.0 99.0 -362.0 -326.0 23.0 193.0 -28.0 
-327.0 -9.0 248.0 34.0 1.0 136.0 103.0 
100.0 183.0 -167.0 -144.0 406.0 271.0 -106.0 
-358.0 -299.0 343.0 255.0 -472.0 -594.0 -320.0 
74.0 112.0 -541.0 -782.0 -108.0 364.0 -226.0 
-777.0 -391.0 185.0 341.0 -167.0 -747.0 -319.0 
476.0 129.0 -616.0 -538.0 145.0 416.0 -151.0 
-488.0 -177.0 258.0 532.0 32.0 -623.0 -103.0 
573.0 323.0 -359.0 -463.0 42.0 178.0 -95.0 
-373.0 -614.0 -193.0 318.0 -350.0 -1031.0 -370.0 
335.0 -38.0 -865.0 -749.0 499.0 563.0 -883.0 
-810.0 699.0 730.0 -494.0 -703.0 327.0 701.0 
7.0 -532.0 -147.0 441.0 182.0 -277.0 -252.0 
-188.0 -45.0 149.0 1.0 -509.0 -772.0 -78.0 
564.0 -218.0 -1276.0 -641.0 653.0 389.0 -1004.0 
-1154.0 65.0 637.0 -137.0 -970.0 -680.0 483.0 
757.0 -530.0 -1139.0 106.0 1043.0 187.0 -971.0 
-460.0 772.0 459.0 -631.0 -528.0 190.0 145.0 
-412.0 -512.0 -213.0 -216.0 -514.0 -326.0 -138.0 
-632.0 -785.0 -139.0 115.0 -520.0 -971.0 -470.0 
50.0 -214.0 -698.0 -444.0 104.0 -101.0 -507.0 
-260.0 89.0 -93.0 -485.0 -375.0 82.0 84.0 
-367.0 -496.0 -108.0 242.0 -63.0 -467.0 -196.0 
282.0 293.0 -195.0 -472.0 -143.0 83.0 -236.0 
-567.0 -438.0 -203.0 -120.0 -249.0 -642.0 -666.0 
-296.0 -45.0 -130.0 -634.0 -805.0 -165.0 391.0 
77.0 -771.0 -763.0 94.0 446.0 -165.0 -862.0 
-446.0 512.0 420.0 -696.0 -1018.0 26.0 618.0 
-119.0 -759.0 -391.0 122.0 -2.0 -231.0 -245.0 
-159.0 22.0 -8.0 -216.0 -347.0 -264.0 -78.0 
-168.0 -367.0 -402.0 -319.0 -301.0 -315.0 -352.0 
-519.0 -622.0 -404.0 -274.0 -635.0 -907.0 -697.0 
-255.0 -188.0 -868.0 -1358.0 -649.0 209.0 -399.0 
-1495.0 -975.0 257.0 94.0 -915.0 -1082.0 -138.0 
328.0 -293.0 -852.0 -502.0 151.0 114.0 -476.0 
-814.0 -223.0 464.0 -162.0 -1151.0 -612.0 324.0 
189.0 -615.0 -1022.0 -289.0 495.0 -7.0 -841.0 
-639.0 -190.0 -109.0 -259.0 -619.0 -883.0 -329.0 
386.0 -257.0 -1338.0 -785.0 539.0 396.0 -887.0 
-1219.0 83.0 992.0 6.0 -1006.0 -227.0 874.0 
357.0 -891.0 -582.0 843.0 705.0 -689.0 -990.0 
9.0 440.0 -430.0 -877.0 -127.0 301.0 -451.0 
-1131.0 -594.0 38.0 -145.0 -470.0 -675.0 -709.0 
-464.0 -134.0 -133.0 -652.0 -1059.0 -670.0 150.0 
-195.0 -1225.0 -927.0 42.0 49.0 -912.0 -1394.0 
-379.0 503.0 -382.0 -1579.0 -1037.0 304.0 106.0 
-1215.0 -1443.0 -235.0 391.0 -465.0 -1239.0 -780.0 
67.0 108.0 -636.0 -1103.0 -420.0 37.0 -602.0 
-882.0 -747.0 -732.0 -639.0 -471.0 -679.0 -1263.0 
-1118.0 -445.0 -382.0 -837.0 -1214.0 -807.0 -83.0 
-406.0 -1125.0 -870.0 -165.0 -60.0 -618.0 -958.0 
-335.0 100.0 -447.0 -650.0 -299.0 -32.0 -162.0 
-529.0 -551.0 -222.0 -92.0 -257.0 -427.0 -455.0 
-330.0 -226.0 -370.0 -672.0 -618.0 -248.0 -276.0 
-782.0 -894.0 -393.0 -180.0 -522.0 -829.0 -709.0 
-350.0 -225.0 -513.0 -651.0 -360.0 -228.0 -562.0 
-825.0 -382.0 -17.0 -586.0 -915.0 -304.0 -84.0 
-555.0 -742.0 -515.0 -228.0 -232.0 -653.0 -807.0 
-496.0 -450.0 -506.0 -541.0 -923.0 -818.0 -334.0 
-571.0 -921.0 -679.0 -377.0 -497.0 -826.0 -737.0 
-310.0 -548.0 -1100.0 -743.0 -77.0 -514.0 -1245.0 
-812.0 -168.0 -399.0 -905.0 -1013.0 -678.0 -395.0 
-452.0 -722.0 -904.0 -578.0 -269.0 -579.0 -906.0 
-695.0 -390.0 -428.0 -690.0 -779.0 -650.0 -479.0 
-571.0 -870.0 -744.0 -324.0 -494.0 -880.0 -519.0 
-391.0 -922.0 -843.0 -302.0 -462.0 -655.0 -533.0 
-635.0 -648.0 -426.0 -295.0 -460.0 -770.0 -642.0 
-95.0 -120.0 -681.0 -840.0 -536.0 -391.0 -618.0 
-770.0 -588.0 -269.0 -316.0 -891.0 -942.0 -225.0 
-113.0 -584.0 -722.0 -472.0 -147.0 -224.0 -711.0 
-782.0 -228.0 -12.0 -520.0 -918.0 -637.0 -410.0 
-514.0 -515.0 -597.0 -917.0 -748.0 -84.0 -48.0 
-777.0 -971.0 -182.0 156.0 -515.0 -939.0 -373.0 
146.0 -265.0 -796.0 -536.0 -88.0 -309.0 -750.0 
-682.0 -377.0 -431.0 -689.0 -691.0 -437.0 -380.0 
-580.0 -703.0 -622.0 -489.0 -387.0 -593.0 -836.0 
-415.0 76.0 -377.0 -1053.0 -794.0 -131.0 -17.0 
-475.0 -980.0 -729.0 -37.0 -197.0 -911.0 -848.0 
-208.0 -185.0 -731.0 -703.0 -362.0 -502.0 -619.0 
-473.0 -586.0 -743.0 -306.0 -163.0 -826.0 -978.0 
-370.0 -60.0 -421.0 -1070.0 -909.0 -33.0 23.0 
-947.0 -1125.0 20.0 409.0 -725.0 -1255.0 -240.0 
327.0 -385.0 -947.0 -732.0 -145.0 22.0 -742.0 
-1171.0 -652.0 -229.0 -589.0 -1063.0 -867.0 -545.0 
-634.0 -863.0 -904.0 -754.0 -520.0 -773.0 -1212.0 
-927.0 -416.0 -542.0 -968.0 -1103.0 -735.0 -242.0 
-521.0 -1201.0 -1040.0 -327.0 -247.0 -731.0 -1022.0 
-921.0 -458.0 -307.0 -774.0 -896.0 -559.0 -528.0 
-739.0 -816.0 -783.0 -614.0 -532.0 -783.0 -908.0 
-940.0 -862.0 -632.0 -1195.0 -1595.0 -667.0 -340.0 
-1370.0 -1739.0 -891.0 -384.0 -946.0 -1600.0 -1184.0 
-162.0 -221.0 -1321.0 -1305.0 -204.0 -126.0 -927.0 
-1021.0 -474.0 -214.0 -668.0 -1168.0 -731.0 -179.0 
-609.0 -1268.0 -827.0 -219.0 -650.0 -1224.0 -1124.0 
-676.0 -584.0 -927.0 -1015.0 -886.0 -1041.0 -1025.0 
-741.0 -811.0 -1207.0 -1227.0 -790.0 -1006.0 -1544.0 
-1249.0 -975.0 -1405.0 -1455.0 -1108.0 -1219.0 -1360.0 
-1184.0 -967.0 -1143.0 -1207.0 -900.0 -671.0 -829.0 
-919.0 -763.0 -675.0 -629.0 -550.0 -586.0 -912.0 
-963.0 -631.0 -539.0 -733.0 -856.0 -821.0 -648.0 
-762.0 -1053.0 -961.0 -771.0 -1067.0 -1226.0 -763.0 
-716.0 -1363.0 -1251.0 -553.0 -833.0 -1518.0 -1314.0 
-612.0 -586.0 -1379.0 -1463.0 -573.0 -504.0 -1250.0 
-1134.0 -420.0 -493.0 -1030.0 -1073.0 -571.0 -227.0 
-554.0 -1078.0 -974.0 -547.0 -589.0 -919.0 -1007.0 
-828.0 -772.0 -842.0 -1001.0 -1126.0 -1083.0 -1015.0 
-1008.0 -974.0 -1041.0 -1210.0 -1200.0 -920.0 -780.0 
-971.0 -1225.0 -1194.0 -783.0 -754.0 -1165.0 -1063.0 
-772.0 -736.0 -677.0 -675.0 -807.0 -1002.0 -882.0 
-395.0 -517.0 -1151.0 -1161.0 -613.0 -436.0 -947.0 
-1305.0 -1080.0 -605.0 -572.0 -1174.0 -1401.0 -891.0 
-497.0 -810.0 -1308.0 -1268.0 -848.0 -537.0 -833.0 
-1453.0 -1257.0 -661.0 -710.0 -1084.0 -1067.0 -758.0 
-751.0 -884.0 -858.0 -864.0 -667.0 -505.0 -757.0 
-1081.0 -1066.0 -507.0 -136.0 -757.0 -1272.0 -695.0 
-134.0 -568.0 -1261.0 -1264.0 -529.0 -112.0 -817.0 
-1489.0 -944.0 -236.0 -449.0 -1059.0 -1346.0 -950.0 
-244.0 -499.0 -1525.0 -1470.0 -374.0 -255.0 -1210.0 
-1517.0 -753.0 -289.0 -729.0 -1265.0 -1134.0 -561.0 
-513.0 -838.0 -922.0 -895.0 -677.0 -478.0 -814.0 
-1144.0 -733.0 -361.0 -728.0 -959.0 -722.0 -674.0 
-668.0 -588.0 -689.0 -719.0 -588.0 -684.0 -768.0 
-460.0 -274.0 -783.0 -1103.0 -650.0 -236.0 -484.0 
-990.0 -883.0 -299.0 -312.0 -830.0 -1142.0 -737.0 
-101.0 -286.0 -1004.0 -1104.0 -430.0 -33.0 -531.0 
-1081.0 -871.0 -334.0 -76.0 -421.0 -1163.0 -1141.0 
-156.0 123.0 -818.0 -1515.0 -876.0 131.0 -62.0 
-891.0 -1158.0 -743.0 -292.0 -396.0 -851.0 -1110.0 
-770.0 -27.0 -177.0 -1442.0 -1468.0 256.0 627.0 
-953.0 -1659.0 -335.0 802.0 -73.0 -1272.0 -838.0 
247.0 270.0 -547.0 -899.0 -594.0 -93.0 193.0 
-427.0 -1172.0 -569.0 299.0 -265.0 -1178.0 -730.0 
146.0 -86.0 -763.0 -621.0 -122.0 -222.0 -476.0 
-377.0 -217.0 -253.0 -416.0 -562.0 -583.0 -539.0 
-434.0 -316.0 -564.0 -948.0 -679.0 -328.0 -693.0 
-956.0 -561.0 -360.0 -488.0 -517.0 -500.0 -372.0 
-174.0 -390.0 -390.0 286.0 267.0 -617.0 -763.0 
249.0 914.0 -103.0 -1141.0 -250.0 616.0 -37.0 
-466.0 -323.0 -280.0 1.0 291.0 -237.0 -1035.0 
-574.0 471.0 333.0 -535.0 -734.0 -221.0 76.0 
53.0 -177.0 -396.0 -208.0 314.0 232.0 -486.0 
-461.0 330.0 417.0 -337.0 -312.0 454.0 403.0 
-236.0 -266.0 192.0 359.0 -1.0 -217.0 -5.0 
55.0 -106.0 76.0 229.0 -153.0 -306.0 85.0 
299.0 76.0 -94.0 6.0 -35.0 -100.0 62.0 
-25.0 -169.0 21.0 41.0 -279.0 -345.0 68.0 
165.0 -253.0 -381.0 -162.0 -13.0 -63.0 -280.0 
-404.0 -273.0 -127.0 -155.0 -217.0 -237.0 -200.0 
-150.0 -204.0 -256.0 -130.0 -104.0 -402.0 -417.0 
14.0 126.0 -217.0 -537.0 -339.0 148.0 290.0 
-108.0 -468.0 -215.0 420.0 527.0 -118.0 -414.0 
-26.0 402.0 306.0 -180.0 -374.0 147.0 437.0 
144.0 26.0 81.0 198.0 147.0 173.0 237.0 
121.0 167.0 503.0 339.0 -362.0 -233.0 735.0 
757.0 -394.0 -573.0 661.0 1050.0 -217.0 -928.0 
318.0 1540.0 685.0 -688.0 -331.0 865.0 1130.0 
284.0 -381.0 304.0 1189.0 726.0 -236.0 -118.0 
1062.0 1346.0 -155.0 -769.0 652.0 1441.0 251.0 
-579.0 327.0 1098.0 290.0 -575.0 140.0 951.0 
446.0 -101.0 290.0 483.0 106.0 84.0 547.0 
666.0 145.0 -260.0 145.0 791.0 550.0 -360.0 
-163.0 906.0 683.0 -322.0 -179.0 666.0 707.0 
40.0 -90.0 398.0 455.0 -107.0 -61.0 492.0 
271.0 -220.0 -144.0 293.0 383.0 -378.0 -592.0 
379.0 613.0 -270.0 -456.0 414.0 747.0 92.0 
-313.0 425.0 1115.0 367.0 -352.0 292.0 956.0 
512.0 -2.0 232.0 477.0 462.0 355.0 -4.0 
-11.0 444.0 552.0 287.0 43.0 198.0 543.0 
511.0 242.0 168.0 337.0 667.0 654.0 273.0 
337.0 726.0 532.0 109.0 433.0 786.0 446.0 
220.0 502.0 579.0 313.0 447.0 844.0 523.0 
31.0 480.0 1029.0 592.0 59.0 501.0 879.0 
403.0 188.0 669.0 845.0 498.0 427.0 689.0 
880.0 638.0 358.0 809.0 1262.0 785.0 407.0 
770.0 1179.0 1044.0 602.0 494.0 870.0 1135.0 
697.0 209.0 738.0 1162.0 406.0 24.0 596.0 
768.0 241.0 109.0 502.0 522.0 166.0 214.0 
386.0 274.0 263.0 291.0 158.0 20.0 142.0 
245.0 66.0 -34.0 138.0 244.0 17.0 -136.0 
207.0 445.0 88.0 -42.0 322.0 513.0 433.0 
397.0 336.0 208.0 299.0 643.0 571.0 38.0 
114.0 885.0 930.0 -45.0 -262.0 573.0 885.0 
480.0 -1.0 -250.0 521.0 1195.0 363.0 -258.0 
381.0 936.0 660.0 37.0 121.0 911.0 878.0 
48.0 14.0 768.0 733.0 26.0 0.0 523.0 
718.0 544.0 154.0 40.0 376.0 666.0 512.0 
101.0 141.0 831.0 909.0 185.0 290.0 849.0 
669.0 459.0 625.0 556.0 548.0 635.0 626.0 
708.0 601.0 350.0 444.0 485.0 421.0 573.0 
437.0 244.0 477.0 541.0 223.0 164.0 469.0 
608.0 277.0 38.0 442.0 825.0 302.0 -180.0 
327.0 866.0 535.0 46.0 117.0 483.0 606.0 
315.0 80.0 386.0 606.0 141.0 53.0 606.0 
433.0 -67.0 100.0 318.0 246.0 325.0 87.0 
-406.0 -39.0 716.0 559.0 -238.0 -425.0 516.0 
1233.0 360.0 -585.0 130.0 1045.0 579.0 -113.0 
-35.0 469.0 786.0 507.0 -17.0 -24.0 487.0 
779.0 319.0 -220.0 147.0 892.0 648.0 -149.0 
-153.0 644.0 855.0 176.0 -51.0 484.0 727.0 
338.0 -51.0 287.0 770.0 512.0 9.0 26.0 
434.0 534.0 276.0 219.0 409.0 328.0 -22.0 
224.0 705.0 339.0 -138.0 178.0 837.0 835.0 
-61.0 -278.0 841.0 1280.0 343.0 -57.0 460.0 
752.0 518.0 252.0 253.0 381.0 484.0 326.0 
102.0 200.0 194.0 257.0 505.0 337.0 8.0 
28.0 379.0 631.0 317.0 35.0 288.0 594.0 
523.0 180.0 68.0 336.0 515.0 287.0 108.0 
153.0 35.0 -38.0 108.0 -7.0 -214.0 -31.0 
19.0 -160.0 -122.0 -188.0 -291.0 33.0 234.0 
-196.0 -552.0 -159.0 326.0 130.0 -474.0 -483.0 
321.0 641.0 -139.0 -661.0 -206.0 400.0 247.0 
-445.0 -659.0 20.0 552.0 60.0 -625.0 -465.0 
224.0 371.0 -161.0 -444.0 -172.0 234.0 263.0 
-133.0 -477.0 -152.0 592.0 516.0 -337.0 -306.0 
471.0 602.0 66.0 -153.0 319.0 518.0 142.0 
88.0 276.0 288.0 204.0 100.0 17.0 287.0 
655.0 368.0 -276.0 -154.0 541.0 758.0 318.0 
-66.0 194.0 590.0 388.0 -74.0 -131.0 238.0 
516.0 201.0 -182.0 29.0 482.0 444.0 -116.0 
-340.0 102.0 525.0 410.0 -90.0 -210.0 49.0 
175.0 58.0 -163.0 -314.0 -341.0 -86.0 166.0 
-195.0 -773.0 -442.0 432.0 189.0 -859.0 -746.0 
333.0 517.0 -316.0 -649.0 -63.0 452.0 174.0 
-113.0 174.0 65.0 -264.0 158.0 454.0 -42.0 
-494.0 -435.0 215.0 485.0 -354.0 -839.0 -174.0 
284.0 4.0 -193.0 -216.0 54.0 294.0 98.0 
224.0 408.0 -53.0 -123.0 538.0 637.0 166.0 
-55.0 47.0 363.0 615.0 183.0 -438.0 39.0 
669.0 354.0 56.0 50.0 18.0 401.0 668.0 
295.0 131.0 305.0 342.0 613.0 709.0 112.0 
-26.0 369.0 540.0 385.0 168.0 63.0 -8.0 
435.0 859.0 253.0 -288.0 302.0 695.0 262.0 
78.0 533.0 541.0 134.0 309.0 623.0 250.0 
11.0 448.0 475.0 -115.0 -280.0 168.0 422.0 
73.0 -246.0 -215.0 -114.0 40.0 15.0 -227.0 
-329.0 -195.0 20.0 147.0 -75.0 -236.0 -68.0 
105.0 -13.0 4.0 267.0 248.0 -67.0 -165.0 
203.0 600.0 445.0 -55.0 -45.0 461.0 643.0 
334.0 147.0 81.0 341.0 834.0 591.0 -12.0 
186.0 552.0 511.0 420.0 129.0 392.0 1098.0 
544.0 -327.0 269.0 888.0 452.0 77.0 173.0 
461.0 566.0 343.0 398.0 588.0 408.0 279.0 
660.0 904.0 529.0 325.0 658.0 877.0 647.0 
467.0 719.0 1026.0 685.0 256.0 518.0 873.0 
645.0 313.0 432.0 511.0 226.0 185.0 498.0 
361.0 -54.0 34.0 339.0 210.0 64.0 62.0 
-105.0 11.0 269.0 37.0 -182.0 127.0 358.0 
14.0 -320.0 -83.0 311.0 233.0 -148.0 -209.0 
228.0 453.0 156.0 -284.0 -104.0 541.0 502.0 
-66.0 -226.0 73.0 542.0 653.0 71.0 -291.0 
171.0 431.0 273.0 229.0 76.0 -5.0 434.0 
526.0 -116.0 -223.0 441.0 639.0 22.0 -275.0 
237.0 580.0 204.0 -30.0 363.0 472.0 -98.0 
-213.0 376.0 630.0 319.0 -55.0 0.0 449.0 
606.0 178.0 -223.0 269.0 997.0 388.0 -384.0 
343.0 992.0 353.0 -77.0 297.0 621.0 606.0 
252.0 44.0 464.0 704.0 357.0 -3.0 -49.0 
303.0 665.0 421.0 -237.0 -267.0 430.0 711.0 
260.0 -260.0 -11.0 692.0 750.0 229.0 -202.0 
17.0 916.0 1103.0 172.0 -338.0 352.0 1171.0 
800.0 -285.0 -209.0 937.0 1142.0 56.0 -361.0 
515.0 1150.0 541.0 -294.0 116.0 1118.0 798.0 
-240.0 -102.0 628.0 734.0 409.0 27.0 -148.0 
123.0 460.0 402.0 4.0 -269.0 57.0 459.0 
228.0 -135.0 -147.0 -34.0 1.0 461.0 496.0 
-494.0 -454.0 502.0 344.0 -68.0 92.0 -12.0 
-152.0 -49.0 363.0 187.0 -98.0 -161.0 -14.0 
104.0 4.0 -236.0 -45.0 276.0 201.0 6.0 
-302.0 -87.0 407.0 0.0 -412.0 421.0 519.0 
-462.0 -387.0 601.0 585.0 -420.0 -555.0 402.0 
671.0 -278.0 -659.0 58.0 486.0 -62.0 -617.0 
-44.0 512.0 -250.0 -673.0 223.0 437.0 -362.0 
-278.0 338.0 277.0 88.0 239.0 309.0 222.0 
215.0 378.0 342.0 165.0 183.0 336.0 293.0 
95.0 42.0 173.0 319.0 270.0 -56.0 -168.0 
367.0 480.0 -336.0 -534.0 366.0 724.0 -4.0 
-370.0 172.0 558.0 234.0 -172.0 -148.0 362.0 
697.0 239.0 -304.0 96.0 660.0 445.0 -86.0 
-228.0 220.0 697.0 146.0 -538.0 -94.0 413.0 
32.0 -265.0 -125.0 -81.0 -26.0 -79.0 -351.0 
-357.0 11.0 23.0 -335.0 -429.0 -174.0 -78.0 
-124.0 -27.0 -114.0 -285.0 -95.0 206.0 42.0 
-302.0 -129.0 336.0 299.0 -144.0 -264.0 28.0 
352.0 216.0 -209.0 -138.0 180.0 218.0 166.0 
15.0 -106.0 120.0 343.0 198.0 -66.0 -79.0 
140.0 153.0 -144.0 -293.0 -110.0 54.0 108.0 
-142.0 -488.0 -287.0 113.0 2.0 -341.0 -324.0 
111.0 382.0 -22.0 -447.0 -99.0 510.0 437.0 
-117.0 -168.0 313.0 405.0 52.0 -38.0 304.0 
305.0 115.0 338.0 366.0 46.0 -28.0 270.0 
501.0 278.0 -15.0 44.0 215.0 104.0 28.0 
31.0 -71.0 64.0 138.0 -143.0 -115.0 87.0 
-64.0 -105.0 114.0 6.0 -104.0 207.0 140.0 
-205.0 -108.0 -50.0 -119.0 17.0 -42.0 -179.0 
-106.0 -154.0 -240.0 -128.0 -51.0 -242.0 -254.0 
-80.0 -173.0 -284.0 51.0 277.0 -279.0 -586.0 
176.0 549.0 -230.0 -509.0 87.0 309.0 37.0 
-99.0 -25.0 -22.0 -46.0 50.0 -16.0 -174.0 
119.0 267.0 -423.0 -453.0 656.0 574.0 -646.0 
-422.0 739.0 740.0 -199.0 -366.0 475.0 685.0 
35.0 -82.0 293.0 353.0 261.0 255.0 25.0 
-46.0 357.0 436.0 102.0 144.0 105.0 7.0 
492.0 622.0 53.0 -35.0 402.0 553.0 282.0 
-111.0 325.0 842.0 13.0 -271.0 727.0 671.0 
-140.0 63.0 446.0 385.0 307.0 164.0 385.0 
552.0 63.0 156.0 740.0 474.0 161.0 316.0 
385.0 705.0 640.0 -75.0 187.0 801.0 253.0 
-4.0 585.0 309.0 -68.0 567.0 548.0 -165.0 
30.0 691.0 541.0 -145.0 -331.0 421.0 813.0 
-25.0 -528.0 246.0 588.0 46.0 -2.0 58.0 
-92.0 302.0 422.0 2.0 73.0 219.0 345.0 
759.0 422.0 -210.0 358.0 956.0 493.0 52.0 
236.0 702.0 699.0 -15.0 148.0 1072.0 630.0 
-143.0 474.0 895.0 386.0 215.0 310.0 471.0 
635.0 228.0 -73.0 332.0 504.0 252.0 130.0 
190.0 260.0 225.0 158.0 342.0 403.0 -15.0 
33.0 764.0 649.0 -12.0 85.0 583.0 801.0 
355.0 -216.0 298.0 959.0 446.0 -163.0 75.0 
672.0 761.0 103.0 -128.0 526.0 723.0 174.0 
-55.0 343.0 659.0 370.0 86.0 126.0 149.0 
292.0 398.0 65.0 13.0 376.0 229.0 28.0 
235.0 372.0 560.0 542.0 220.0 414.0 663.0 
407.0 491.0 749.0 435.0 214.0 459.0 524.0 
428.0 532.0 429.0 75.0 109.0 743.0 847.0 
19.0 -266.0 508.0 958.0 385.0 -192.0 230.0 
1080.0 969.0 -1.0 -341.0 677.0 1495.0 583.0 
-516.0 167.0 1377.0 918.0 -427.0 -423.0 1018.0 
1410.0 -74.0 -799.0 456.0 1181.0 264.0 -476.0 
-129.0 566.0 658.0 -108.0 -526.0 150.0 564.0 
242.0 -233.0 -347.0 384.0 897.0 19.0 -529.0 
419.0 921.0 147.0 -414.0 237.0 1058.0 567.0 
-610.0 -112.0 1396.0 965.0 -542.0 -238.0 1213.0 
1308.0 -105.0 -683.0 808.0 1728.0 313.0 -595.0 
513.0 1268.0 638.0 -27.0 133.0 741.0 988.0 
498.0 3.0 252.0 727.0 640.0 308.0 223.0 
408.0 574.0 548.0 461.0 447.0 357.0 472.0 
808.0 709.0 148.0 177.0 888.0 952.0 170.0 
-71.0 523.0 872.0 519.0 -88.0 -89.0 603.0 
846.0 131.0 -395.0 6.0 739.0 701.0 -207.0 
-491.0 345.0 695.0 60.0 -314.0 -50.0 394.0 
462.0 44.0 -186.0 66.0 390.0 468.0 248.0 
10.0 114.0 464.0 694.0 368.0 -243.0 -68.0 
854.0 915.0 2.0 -341.0 250.0 824.0 558.0 
-353.0 -453.0 696.0 1114.0 -186.0 -814.0 455.0 
1204.0 184.0 -678.0 136.0 1116.0 515.0 -427.0 
-88.0 674.0 375.0 -261.0 115.0 512.0 -38.0 
-390.0 66.0 325.0 -133.0 -408.0 211.0 641.0 
-66.0 -530.0 202.0 877.0 455.0 -419.0 -315.0 
638.0 837.0 -70.0 -622.0 46.0 799.0 409.0 
-477.0 -379.0 388.0 447.0 -180.0 -367.0 149.0 
353.0 -176.0 -412.0 88.0 407.0 -17.0 -510.0 
-202.0 383.0 241.0 -260.0 -203.0 183.0 254.0 
141.0 82.0 117.0 192.0 180.0 179.0 260.0 
176.0 43.0 179.0 345.0 239.0 41.0 33.0 
278.0 247.0 -199.0 -159.0 360.0 560.0 195.0 
-332.0 -171.0 469.0 451.0 -6.0 -79.0 102.0 
178.0 124.0 186.0 192.0 -54.0 -81.0 293.0 
365.0 -148.0 -317.0 373.0 721.0 -42.0 -620.0 
159.0 1096.0 586.0 -486.0 -281.0 773.0 910.0 
-3.0 -533.0 131.0 949.0 475.0 -536.0 -472.0 
495.0 787.0 -40.0 -618.0 -72.0 675.0 472.0 
-365.0 -538.0 195.0 647.0 148.0 -553.0 -414.0 
275.0 353.0 -269.0 -716.0 -456.0 235.0 403.0 
-482.0 -1142.0 -415.0 463.0 167.0 -643.0 -580.0 
179.0 473.0 -9.0 -445.0 -155.0 415.0 573.0 
243.0 20.0 141.0 367.0 420.0 188.0 162.0 
290.0 114.0 40.0 121.0 157.0 23.0 -381.0 
-323.0 -62.0 -4.0 -267.0 -481.0 -376.0 -25.0 
-54.0 -443.0 -541.0 -58.0 291.0 -81.0 -427.0 
-71.0 561.0 160.0 -362.0 -110.0 502.0 377.0 
-339.0 -320.0 236.0 215.0 -192.0 -243.0 69.0 
67.0 -316.0 -143.0 190.0 2.0 -250.0 -90.0 
177.0 146.0 0.0 51.0 225.0 139.0 0.0 
265.0 395.0 188.0 229.0 247.0 -15.0 100.0 
352.0 160.0 -41.0 2.0 -28.0 -123.0 -180.0 
-197.0 45.0 84.0 -231.0 -356.0 -212.0 -65.0 
2.0 -15.0 -248.0 -419.0 -155.0 156.0 1.0 
-376.0 -308.0 -43.0 68.0 13.0 -326.0 -466.0 
-181.0 37.0 -37.0 -313.0 -455.0 -296.0 -136.0 
-280.0 -446.0 -337.0 -184.0 -311.0 -320.0 18.0 
0.0 -487.0 -419.0 229.0 220.0 -479.0 -460.0 
364.0 430.0 -469.0 -546.0 431.0 420.0 -464.0 
-376.0 343.0 207.0 -477.0 -485.0 128.0 235.0 
-341.0 -727.0 -307.0 281.0 -164.0 -870.0 -384.0 
230.0 -61.0 -484.0 -422.0 22.0 252.0 -31.0 
-179.0 88.0 139.0 -134.0 -211.0 260.0 554.0 
101.0 -179.0 212.0 431.0 273.0 135.0 157.0 
387.0 473.0 153.0 64.0 296.0 202.0 81.0 
294.0 219.0 -92.0 -123.0 -7.0 42.0 -126.0 
-412.0 -355.0 -88.0 -169.0 -495.0 -549.0 -315.0 
-60.0 -133.0 -428.0 -430.0 -200.0 -107.0 -65.0 
-122.0 -209.0 -22.0 -55.0 -126.0 47.0 -47.0 
-205.0 47.0 104.0 -41.0 -105.0 -126.0 -51.0 
-7.0 -163.0 -293.0 -146.0 3.0 -26.0 -438.0 
-474.0 -35.0 -157.0 -503.0 -514.0 -522.0 -182.0 
41.0 -526.0 -619.0 -185.0 -189.0 -325.0 -364.0 
-427.0 -229.0 -145.0 -413.0 -353.0 31.0 -138.0 
-478.0 -133.0 200.0 -58.0 -353.0 -129.0 225.0 
199.0 -34.0 59.0 374.0 123.0 -122.0 403.0 
475.0 -13.0 153.0 408.0 51.0 -10.0 270.0 
176.0 3.0 -41.0 -145.0 -112.0 -45.0 10.0 
-187.0 -403.0 -109.0 140.0 -293.0 -674.0 -177.0 
76.0 -452.0 -391.0 4.0 -419.0 -719.0 -276.0 
85.0 -302.0 -673.0 -399.0 25.0 -36.0 -470.0 
-579.0 -135.0 125.0 -129.0 -460.0 -468.0 -64.0 
-24.0 -592.0 -514.0 -47.0 -411.0 -536.0 -260.0 
-347.0 -265.0 -427.0 -790.0 -320.0 -76.0 -484.0 
-386.0 -271.0 -366.0 -132.0 -72.0 -148.0 -236.0 
-326.0 130.0 227.0 -402.0 -239.0 216.0 -169.0 
-159.0 101.0 -249.0 -149.0 249.0 -26.0 -305.0 
-239.0 -35.0 121.0 -118.0 -176.0 -12.0 -221.0 
-270.0 1.0 -133.0 -387.0 -270.0 -23.0 -1.0 
-296.0 -364.0 -58.0 -119.0 -309.0 -103.0 -207.0 
-334.0 -74.0 -113.0 -226.0 -184.0 -241.0 -37.0 
141.0 -228.0 -414.0 -46.0 115.0 65.0 -161.0 
-505.0 -313.0 0.0 -161.0 -183.0 -85.0 -317.0 
-317.0 -148.0 -264.0 -286.0 -174.0 -101.0 63.0 
-1.0 -320.0 -289.0 -51.0 -102.0 -250.0 -342.0 
-279.0 -27.0 -237.0 -530.0 -164.0 -31.0 -466.0 
-502.0 -163.0 -120.0 -342.0 -466.0 -204.0 13.0 
-265.0 -496.0 -253.0 2.0 -83.0 -301.0 -225.0 
108.0 20.0 -434.0 -262.0 226.0 56.0 -412.0 
-407.0 -107.0 -47.0 -181.0 -323.0 -291.0 -184.0 
-211.0 -223.0 -107.0 -170.0 -292.0 -177.0 -106.0 
-188.0 -89.0 91.0 -5.0 -197.0 -216.0 -173.0 
58.0 72.0 -275.0 -471.0 -209.0 176.0 -5.0 
-525.0 -582.0 -200.0 130.0 41.0 -456.0 -549.0 
-188.0 -41.0 -252.0 -332.0 -129.0 -161.0 -238.0 
-125.0 14.0 -49.0 -124.0 -219.0 -133.0 35.0 
0.0 -204.0 -387.0 -368.0 -175.0 -96.0 -318.0 
-523.0 -593.0 -474.0 -237.0 -251.0 -534.0 -700.0 
-442.0 -152.0 -353.0 -581.0 -359.0 -279.0 -587.0 
-502.0 -126.0 -80.0 -213.0 -318.0 -280.0 -71.0 
60.0 -34.0 -207.0 20.0 287.0 -6.0 -131.0 
125.0 64.0 -177.0 -92.0 45.0 -96.0 -214.0 
-111.0 -202.0 -291.0 -222.0 -153.0 -248.0 -309.0 
-403.0 -532.0 -214.0 151.0 -299.0 -838.0 -341.0 
264.0 -75.0 -621.0 -326.0 180.0 -40.0 -347.0 
-300.0 -185.0 -128.0 -143.0 -204.0 -262.0 -271.0 
-191.0 -159.0 -348.0 -422.0 -207.0 -257.0 -449.0 
-335.0 -322.0 -437.0 -254.0 -120.0 -375.0 -533.0 
-336.0 -195.0 -188.0 -369.0 -619.0 -456.0 -165.0 
-196.0 -388.0 -545.0 -523.0 -137.0 73.0 -508.0 
-946.0 -264.0 275.0 -156.0 -764.0 -836.0 -93.0 
319.0 -282.0 -875.0 -563.0 199.0 171.0 -526.0 
-524.0 90.0 358.0 -226.0 -734.0 27.0 462.0 
-179.0 -283.0 113.0 122.0 64.0 2.0 -121.0 
181.0 354.0 -77.0 -52.0 152.0 217.0 328.0 
139.0 -185.0 -166.0 198.0 520.0 -111.0 -900.0 
-168.0 657.0 -99.0 -989.0 -555.0 172.0 -153.0 
-889.0 -574.0 162.0 -231.0 -831.0 -425.0 -122.0 
-356.0 -277.0 -16.0 -496.0 -646.0 296.0 345.0 
-823.0 -1027.0 -8.0 528.0 -251.0 -1137.0 -540.0 
294.0 -176.0 -606.0 -384.0 -329.0 -223.0 -211.0 
-392.0 -372.0 -470.0 -424.0 70.0 -221.0 -823.0 
-272.0 -47.0 -601.0 -376.0 -129.0 -348.0 -325.0 
-548.0 -328.0 290.0 -722.0 -1367.0 0.0 409.0 
-662.0 -979.0 -480.0 299.0 259.0 -888.0 -892.0 
320.0 408.0 -289.0 -352.0 -143.0 5.0 32.0 
-168.0 -348.0 -173.0 -24.0 -84.0 -123.0 -462.0 
-701.0 -194.0 1.0 -413.0 -589.0 -463.0 -303.0 
-60.0 -97.0 -281.0 -496.0 -382.0 16.0 65.0 
-344.0 -450.0 -106.0 -37.0 -312.0 -466.0 -334.0 
-148.0 -299.0 -436.0 -315.0 -400.0 -657.0 -562.0 
-371.0 -352.0 -460.0 -755.0 -640.0 -203.0 -227.0 
-351.0 -443.0 -356.0 -179.0 -139.0 -160.0 -256.0 
-411.0 -272.0 83.0 -41.0 -335.0 -232.0 -25.0 
-96.0 -404.0 -210.0 92.0 -328.0 -738.0 -473.0 
-53.0 -314.0 -813.0 -664.0 -239.0 -219.0 -428.0 
-576.0 -609.0 -462.0 -106.0 -38.0 -368.0 -420.0 
-120.0 83.0 -83.0 -449.0 -187.0 288.0 64.0 
-473.0 -326.0 61.0 -287.0 -614.0 -294.0 -88.0 
-335.0 -593.0 -368.0 -102.0 -560.0 -746.0 -53.0 
297.0 -324.0 -727.0 -241.0 200.0 122.0 -276.0 
-329.0 23.0 141.0 -105.0 -211.0 -135.0 -115.0 
-237.0 -252.0 -181.0 -347.0 -487.0 -446.0 -327.0 
-358.0 -521.0 -669.0 -577.0 -200.0 -159.0 -726.0 
-886.0 -280.0 -101.0 -492.0 -623.0 -500.0 -398.0 
-356.0 -616.0 -772.0 -399.0 -418.0 -807.0 -626.0 
-359.0 -547.0 -675.0 -424.0 -220.0 -316.0 -617.0 
-687.0 -248.0 -44.0 -497.0 -883.0 -575.0 -57.0 
-150.0 -811.0 -961.0 -486.0 -177.0 -222.0 -560.0 
-942.0 -674.0 -11.0 -397.0 -1398.0 -855.0 445.0 
117.0 -711.0 -501.0 -485.0 -857.0 -491.0 -434.0 
-933.0 -279.0 733.0 -40.0 -1484.0 -1363.0 -32.0 
242.0 -210.0 -273.0 -1038.0 -604.0 1116.0 -290.0 
-2917.0 -1611.0 1407.0 1425.0 -2039.0 -2762.0 425.0 
2005.0 -430.0 -1621.0 -1446.0 -1266.0 2632.0 1721.0 
-4138.0 -2785.0 1830.0 1528.0 -1063.0 -3163.0 -1589.0 
2339.0 1963.0 -1085.0 -1610.0 -2212.0 -79.0 3385.0 
-422.0 -3522.0 -1111.0 1468.0 1414.0 -844.0 -2676.0 
-1413.0 939.0 217.0 -1476.0 -1887.0 -1346.0 975.0 
1093.0 -2555.0 -2766.0 462.0 1227.0 -2560.0 -4617.0 
148.0 3218.0 -633.0 -4023.0 -1774.0 2324.0 1540.0 
-2726.0 -3203.0 -522.0 1559.0 1320.0 -974.0 -2741.0 
-1239.0 361.0 -124.0 -365.0 -730.0 -929.0 -765.0 
-892.0 282.0 -53.0 -3239.0 -1558.0 3323.0 1752.0 
-2699.0 -1950.0 834.0 774.0 -103.0 -436.0 -2293.0 
-1430.0 1023.0 -338.0 -1022.0 960.0 -45.0 -2449.0 
-1015.0 1126.0 -147.0 -687.0 572.0 552.0 117.0 
-931.0 -2921.0 -1279.0 1413.0 491.0 -734.0 -850.0 
-253.0 1013.0 276.0 -1001.0 139.0 -109.0 -1267.0 
48.0 124.0 -2071.0 -471.0 1124.0 -1985.0 -1033.0 
2223.0 -111.0 -1603.0 1.0 -1001.0 -346.0 1962.0 
-972.0 -3476.0 238.0 1911.0 -534.0 -2156.0 -2017.0 
-79.0 307.0 -1446.0 -1117.0 -105.0 -769.0 -882.0 
-175.0 -365.0 -1520.0 -1821.0 139.0 374.0 -901.0 
-654.0 -2040.0 -2867.0 453.0 1392.0 -1261.0 -1180.0 
154.0 -541.0 -1701.0 -1351.0 -235.0 54.0 -873.0 
-1094.0 414.0 1311.0 -108.0 -1497.0 -1797.0 -365.0 
1311.0 441.0 -2077.0 -991.0 1866.0 130.0 -2513.0 
-284.0 1933.0 -773.0 -2325.0 -56.0 1438.0 -678.0 
-2451.0 -942.0 1104.0 -94.0 -2448.0 -1170.0 649.0 
-160.0 70.0 1421.0 -428.0 -2057.0 316.0 366.0 
-2287.0 -785.0 2022.0 305.0 -2448.0 -1390.0 387.0 
457.0 97.0 -720.0 -251.0 2312.0 2079.0 -1100.0 
-1847.0 -238.0 1051.0 333.0 -2214.0 -1742.0 1327.0 
1531.0 -932.0 -2343.0 -734.0 1821.0 1481.0 -1769.0 
-2477.0 623.0 1563.0 -1330.0 -2205.0 -223.0 581.0 
687.0 239.0 -1266.0 -1132.0 1314.0 1387.0 -2008.0 
-3028.0 312.0 1266.0 -1788.0 -2654.0 192.0 2014.0 
247.0 -1968.0 -2102.0 -309.0 1307.0 503.0 -1620.0 
-1109.0 644.0 288.0 -650.0 -165.0 565.0 -262.0 
-973.0 -812.0 -685.0 -607.0 -354.0 59.0 267.0 
-848.0 -1834.0 -634.0 518.0 830.0 618.0 -1612.0 
-2863.0 676.0 2829.0 -336.0 -2856.0 -1174.0 383.0 
-916.0 -1653.0 777.0 1034.0 -2852.0 -3258.0 414.0 
1367.0 -573.0 -1058.0 -572.0 -261.0 595.0 273.0 
-1423.0 -1532.0 265.0 1144.0 -191.0 -1888.0 -1880.0 
-161.0 2122.0 1371.0 -1824.0 -1468.0 2195.0 2539.0 
-1841.0 -3742.0 405.0 3315.0 -118.0 -3850.0 -1913.0 
2561.0 2312.0 -2053.0 -3103.0 28.0 1678.0 353.0 
-1046.0 -901.0 265.0 537.0 -901.0 -1303.0 356.0 
539.0 -899.0 -605.0 282.0 10.0 -531.0 -933.0 
-19.0 1198.0 -431.0 -1819.0 -724.0 -423.0 -401.0 
731.0 644.0 -416.0 -553.0 -795.0 -1065.0 21.0 
397.0 -1509.0 -1939.0 289.0 1442.0 398.0 -1004.0 
-1485.0 -693.0 396.0 -16.0 -1395.0 -1548.0 -435.0 
312.0 -37.0 -1438.0 -1391.0 1851.0 3074.0 -945.0 
-3690.0 -1767.0 418.0 592.0 -997.0 -2017.0 194.0 
2448.0 -176.0 -2908.0 -1019.0 1059.0 384.0 -1407.0 
-2309.0 -1035.0 1416.0 1745.0 -643.0 -1940.0 -650.0 
875.0 842.0 -459.0 -1690.0 -1678.0 7.0 1824.0 
1189.0 -2052.0 -2912.0 564.0 2654.0 391.0 -2374.0 
-1585.0 1499.0 1772.0 -735.0 -1140.0 468.0 438.0 
-1148.0 -633.0 977.0 -354.0 -2106.0 -325.0 1730.0 
660.0 -1216.0 -800.0 181.0 -554.0 -751.0 176.0 
95.0 -968.0 -1808.0 -1064.0 1764.0 2557.0 -928.0 
-2695.0 319.0 1696.0 -1395.0 -2425.0 422.0 995.0 
-1247.0 -1049.0 723.0 237.0 -362.0 -46.0 -1101.0 
-1577.0 612.0 1614.0 -1399.0 -2968.0 -260.0 1016.0 
-31.0 -700.0 -877.0 -976.0 -450.0 -93.0 -715.0 
-922.0 274.0 386.0 -1629.0 -2458.0 -1075.0 193.0 
685.0 66.0 -1626.0 -1613.0 425.0 653.0 -1322.0 
-2024.0 -1286.0 -420.0 367.0 -510.0 -1518.0 -1089.0 
-2005.0 -2388.0 647.0 1349.0 -1809.0 -2608.0 -145.0 
1125.0 92.0 -1193.0 -606.0 1151.0 242.0 -1460.0 
-1402.0 -651.0 -390.0 -1291.0 -2099.0 -916.0 188.0 
-895.0 -1032.0 258.0 55.0 -702.0 -511.0 -1410.0 
-1670.0 -523.0 -849.0 -1667.0 -1362.0 -230.0 387.0 
-933.0 -2153.0 -1090.0 -670.0 -1728.0 -897.0 98.0 
-668.0 -608.0 -446.0 -1612.0 -1847.0 -872.0 -278.0 
71.0 84.0 -837.0 -1435.0 -306.0 517.0 -580.0 
-1493.0 -898.0 -453.0 -1225.0 -2055.0 -1019.0 -41.0 
-1176.0 -1728.0 -125.0 554.0 -1005.0 -1277.0 -94.0 
-854.0 -1939.0 -1503.0 -904.0 -763.0 -520.0 -664.0 
-1262.0 -1149.0 -669.0 -1066.0 -906.0 888.0 825.0 
-2215.0 -2654.0 127.0 456.0 -1179.0 -1047.0 -123.0 
-284.0 -1002.0 -808.0 -990.0 -1600.0 -59.0 1103.0 
-1326.0 -3599.0 -1298.0 2136.0 743.0 -2178.0 -790.0 
1078.0 -203.0 -1068.0 -374.0 -501.0 -1909.0 -1986.0 
-588.0 -219.0 -624.0 -820.0 -1202.0 -1590.0 -1357.0 
210.0 -342.0 -2884.0 -1792.0 1604.0 1162.0 -2227.0 
-2780.0 4.0 1437.0 -796.0 -3623.0 -1934.0 2062.0 
1466.0 -2395.0 -2811.0 899.0 2044.0 -923.0 -2525.0 
-975.0 1065.0 272.0 -1826.0 -1479.0 32.0 42.0 
-1341.0 -2255.0 -477.0 1563.0 -165.0 -3099.0 -1893.0 
1167.0 593.0 -1814.0 -1532.0 -262.0 -517.0 -1105.0 
-1203.0 -1544.0 -1316.0 -267.0 -136.0 -1502.0 -1821.0 
-180.0 996.0 -340.0 -2533.0 -1221.0 1095.0 -170.0 
-2502.0 -1826.0 478.0 815.0 -1118.0 -2895.0 -1943.0 
811.0 940.0 -1545.0 -3004.0 -1687.0 517.0 214.0 
-1716.0 -1113.0 1212.0 706.0 -1842.0 -1815.0 326.0 
1060.0 -369.0 -1860.0 -1339.0 -78.0 188.0 -702.0 
-2107.0 -1866.0 572.0 1669.0 -475.0 -1917.0 -998.0 
-369.0 -951.0 -1198.0 -163.0 213.0 -1087.0 -1207.0 
-76.0 -744.0 -1925.0 -476.0 424.0 -1335.0 -1616.0 
63.0 716.0 36.0 -27.0 22.0 -1108.0 -1589.0 
-931.0 -797.0 -646.0 -777.0 -2746.0 -3365.0 -683.0 
1066.0 -134.0 -1974.0 -2241.0 -22.0 1408.0 -739.0 
-2454.0 -879.0 514.0 -164.0 -982.0 -1525.0 -1097.0 
676.0 136.0 -2372.0 -2238.0 433.0 1014.0 -907.0 
-1814.0 -288.0 968.0 94.0 -916.0 -85.0 -609.0 
-3385.0 -2965.0 136.0 -253.0 -2830.0 -1151.0 3035.0 
2476.0 -2270.0 -3052.0 1878.0 5449.0 3280.0 -278.0 
-819.0 755.0 1320.0 -500.0 -2644.0 -2837.0 -1675.0 
-1587.0 -1092.0 1275.0 2047.0 339.0 -2157.0 -3168.0 
-3411.0 -3194.0 -105.0 2029.0 -522.0 -2199.0 79.0 
2380.0 1570.0 482.0 823.0 -544.0 -1340.0 1235.0 
1269.0 -2934.0 -3398.0 446.0 223.0 -3837.0 -4500.0 
-1280.0 687.0 1141.0 1573.0 1022.0 1089.0 1876.0 
711.0 -1292.0 -3357.0 -3198.0 1836.0 4239.0 -574.0 
-5862.0 -3976.0 2119.0 2869.0 21.0 537.0 852.0 
-2214.0 -3709.0 -791.0 3429.0 2690.0 -1650.0 -2810.0 
-1387.0 96.0 -237.0 -300.0 1065.0 -585.0 -2072.0 
-278.0 -1859.0 -4798.0 -817.0 4657.0 3892.0 -1453.0 
-4104.0 730.0 5320.0 1725.0 -2472.0 -2248.0 -2848.0 
-961.0 4676.0 2726.0 -4072.0 -3403.0 1084.0 2707.0 
367.0 -2616.0 -1399.0 482.0 -549.0 -119.0 2823.0 
2180.0 -2801.0 -2705.0 2101.0 2757.0 39.0 -450.0 
698.0 -969.0 -2347.0 486.0 1735.0 -1396.0 -2424.0 
207.0 1694.0 1709.0 1104.0 -1432.0 -1719.0 2491.0 
3049.0 -3847.0 -7198.0 -2446.0 2902.0 2929.0 -2457.0 
-4417.0 2655.0 6244.0 2049.0 1649.0 3367.0 2059.0 
1263.0 2156.0 1483.0 -2822.0 -6078.0 -3588.0 -268.0 
1478.0 2470.0 -478.0 -3155.0 1094.0 4828.0 1589.0 
-1125.0 557.0 57.0 -2471.0 -1417.0 393.0 -203.0 
-244.0 700.0 338.0 -809.0 -2116.0 -1543.0 2671.0 
5291.0 1994.0 -1361.0 -12.0 1835.0 2080.0 1413.0 
-654.0 -1969.0 550.0 2888.0 958.0 -62.0 561.0 
-3357.0 -6081.0 -941.0 4621.0 3826.0 -1903.0 -6194.0 
-2553.0 3663.0 3198.0 733.0 2072.0 1261.0 -3437.0 
-2861.0 3932.0 4550.0 -2433.0 -2642.0 3948.0 3951.0 
-140.0 -1479.0 -2242.0 -409.0 1953.0 -1561.0 -4727.0 
-1601.0 1667.0 1588.0 1137.0 1551.0 1897.0 2514.0 
1811.0 -576.0 -916.0 1345.0 2517.0 2084.0 1873.0 
898.0 -456.0 -519.0 -648.0 -781.0 -1143.0 -1590.0 
891.0 1828.0 -809.0 202.0 2704.0 356.0 -2310.0 
-556.0 1889.0 1227.0 -748.0 -2500.0 -2094.0 136.0 
1345.0 938.0 -1458.0 -2364.0 866.0 1069.0 -3519.0 
-3711.0 200.0 1057.0 669.0 1227.0 -1345.0 -3777.0 
489.0 3179.0 -1907.0 -4695.0 -269.0 2988.0 735.0 
-1386.0 682.0 2965.0 714.0 -3145.0 -2757.0 -122.0 
685.0 147.0 -681.0 -1442.0 -768.0 1276.0 2680.0 
1366.0 -1264.0 -2690.0 -1761.0 137.0 -75.0 -793.0 
206.0 657.0 -278.0 -681.0 -717.0 -249.0 605.0 
876.0 1009.0 704.0 155.0 928.0 1420.0 594.0 
576.0 978.0 -265.0 -892.0 2159.0 4626.0 1557.0 
-2371.0 -1530.0 1671.0 2582.0 247.0 -2350.0 -1467.0 
554.0 -188.0 -1112.0 -141.0 576.0 707.0 1691.0 
3454.0 3197.0 227.0 -904.0 780.0 1940.0 1947.0 
529.0 -1074.0 451.0 2638.0 900.0 -1267.0 124.0 
1797.0 722.0 -437.0 -140.0 -147.0 -496.0 20.0 
948.0 223.0 -1286.0 -763.0 737.0 1492.0 1435.0 
-24.0 -1276.0 -276.0 1758.0 2758.0 1978.0 1017.0 
356.0 67.0 511.0 1118.0 1390.0 525.0 -713.0 
86.0 1273.0 1290.0 2106.0 2072.0 -903.0 -2540.0 
-160.0 1181.0 -489.0 -473.0 1358.0 564.0 -1683.0 
-1411.0 -323.0 -518.0 -295.0 232.0 141.0 119.0 
-500.0 -1223.0 44.0 1705.0 721.0 -689.0 499.0 
1742.0 736.0 -114.0 718.0 1703.0 988.0 -192.0 
1180.0 3240.0 1690.0 -1398.0 -1114.0 806.0 513.0 
-591.0 58.0 1668.0 2581.0 2434.0 1505.0 389.0 
-210.0 -180.0 67.0 -188.0 -952.0 -659.0 731.0 
1051.0 287.0 467.0 1946.0 2647.0 1051.0 -233.0 
1611.0 3220.0 1370.0 -778.0 -681.0 -157.0 -298.0 
-1052.0 -1514.0 -265.0 1335.0 1059.0 -140.0 -393.0 
784.0 2086.0 1492.0 -444.0 -1153.0 -32.0 836.0 
612.0 698.0 1597.0 2082.0 1380.0 615.0 922.0 
761.0 -219.0 392.0 1778.0 1987.0 2292.0 2681.0 
1461.0 265.0 531.0 1159.0 994.0 -199.0 -1332.0 
-1070.0 193.0 435.0 -683.0 -1672.0 -1706.0 -686.0 
723.0 805.0 -304.0 -367.0 673.0 1107.0 843.0 
748.0 1094.0 1072.0 121.0 -488.0 104.0 682.0 
468.0 609.0 912.0 -351.0 -1565.0 -438.0 660.0 
-472.0 -1127.0 -12.0 243.0 -386.0 76.0 804.0 
499.0 226.0 621.0 859.0 614.0 274.0 432.0 
1647.0 2674.0 1808.0 605.0 971.0 2139.0 2622.0 
1802.0 713.0 734.0 1136.0 820.0 -35.0 -250.0 
596.0 1303.0 859.0 193.0 788.0 1618.0 1239.0 
966.0 1158.0 411.0 -319.0 738.0 1864.0 1150.0 
27.0 349.0 1409.0 1598.0 850.0 412.0 657.0 
400.0 -254.0 160.0 423.0 -554.0 -466.0 506.0 
77.0 -247.0 650.0 725.0 -353.0 -605.0 -61.0 
146.0 683.0 903.0 -36.0 -404.0 209.0 863.0 
1296.0 1274.0 760.0 307.0 168.0 244.0 51.0 
-216.0 450.0 1509.0 1275.0 231.0 427.0 1290.0 
1546.0 1319.0 524.0 -115.0 118.0 -67.0 -633.0 
103.0 1008.0 363.0 -529.0 -733.0 -918.0 -716.0 
-621.0 -1161.0 -801.0 366.0 435.0 -317.0 -301.0 
580.0 1027.0 702.0 415.0 390.0 52.0 -251.0 
23.0 50.0 102.0 520.0 612.0 1032.0 2164.0 
2320.0 1616.0 1610.0 1625.0 834.0 231.0 487.0 
1005.0 1125.0 962.0 830.0 1125.0 1500.0 924.0 
679.0 1826.0 2107.0 882.0 400.0 1075.0 1317.0 
483.0 152.0 1316.0 2034.0 1111.0 384.0 999.0 
1265.0 36.0 -546.0 737.0 1412.0 115.0 -505.0 
474.0 958.0 167.0 -683.0 -403.0 391.0 389.0 
58.0 513.0 858.0 -20.0 -730.0 -103.0 800.0 
638.0 -386.0 -715.0 51.0 495.0 805.0 1123.0 
393.0 -235.0 642.0 1487.0 1096.0 498.0 254.0 
-40.0 -25.0 507.0 701.0 216.0 -128.0 211.0 
797.0 1080.0 921.0 246.0 -150.0 -48.0 -409.0 
-959.0 -733.0 -578.0 -801.0 -307.0 123.0 -402.0 
-621.0 -195.0 -216.0 -401.0 -64.0 224.0 171.0 
82.0 102.0 416.0 1152.0 1174.0 319.0 210.0 
883.0 934.0 525.0 683.0 1030.0 792.0 237.0 
234.0 292.0 -215.0 -57.0 1078.0 1394.0 687.0 
585.0 1101.0 1062.0 597.0 799.0 1294.0 1060.0 
666.0 1073.0 1449.0 1103.0 916.0 1153.0 862.0 
394.0 609.0 581.0 24.0 412.0 1265.0 781.0 
-74.0 26.0 433.0 771.0 1020.0 725.0 652.0 
1300.0 1255.0 505.0 378.0 686.0 771.0 697.0 
600.0 668.0 885.0 954.0 763.0 390.0 191.0 
322.0 687.0 806.0 437.0 -27.0 -31.0 111.0 
-104.0 6.0 804.0 1138.0 542.0 332.0 939.0 
1005.0 85.0 -706.0 -211.0 859.0 508.0 -489.0 
32.0 1331.0 1653.0 1026.0 589.0 564.0 427.0 
209.0 407.0 395.0 -446.0 -717.0 453.0 924.0 
-56.0 -157.0 1392.0 1928.0 761.0 554.0 1504.0 
1542.0 619.0 -119.0 66.0 714.0 765.0 893.0 
1462.0 1331.0 482.0 368.0 955.0 1389.0 815.0 
-73.0 -70.0 165.0 240.0 248.0 330.0 758.0 
1151.0 762.0 490.0 1737.0 2987.0 2082.0 242.0 
-264.0 488.0 972.0 888.0 647.0 118.0 -169.0 
326.0 1042.0 1237.0 659.0 123.0 371.0 782.0 
882.0 926.0 502.0 282.0 628.0 754.0 568.0 
645.0 704.0 454.0 460.0 715.0 944.0 877.0 
291.0 -443.0 -290.0 599.0 502.0 -497.0 -231.0 
1194.0 1238.0 -107.0 -258.0 1310.0 2049.0 1123.0 
410.0 469.0 346.0 129.0 240.0 628.0 862.0 
737.0 929.0 1307.0 1472.0 1781.0 1601.0 607.0 
184.0 629.0 839.0 544.0 181.0 151.0 667.0 
968.0 387.0 76.0 723.0 987.0 434.0 109.0 
285.0 477.0 632.0 587.0 593.0 1041.0 1216.0 
881.0 1040.0 1372.0 801.0 -147.0 -286.0 299.0 
468.0 -79.0 -260.0 621.0 1228.0 556.0 326.0 
1468.0 2069.0 1248.0 497.0 750.0 1414.0 1374.0 
470.0 -194.0 36.0 447.0 300.0 -185.0 -206.0 
379.0 755.0 633.0 495.0 600.0 889.0 1016.0 
670.0 450.0 551.0 733.0 898.0 610.0 54.0 
111.0 642.0 654.0 161.0 46.0 404.0 882.0 
1151.0 1237.0 1229.0 974.0 976.0 1492.0 1636.0 
1038.0 627.0 921.0 1259.0 1076.0 552.0 350.0 
718.0 994.0 833.0 826.0 906.0 744.0 1074.0 
1776.0 1702.0 1115.0 1024.0 1452.0 1719.0 1399.0 
951.0 909.0 1245.0 1250.0 652.0 372.0 636.0 
996.0 1485.0 1607.0 980.0 800.0 1393.0 1660.0 
1225.0 925.0 1228.0 1245.0 780.0 771.0 1110.0 
1382.0 1613.0 1223.0 501.0 461.0 826.0 468.0 
-210.0 -46.0 738.0 842.0 343.0 255.0 658.0 
866.0 472.0 42.0 535.0 1031.0 377.0 -147.0 
808.0 1792.0 1198.0 28.0 22.0 1008.0 1320.0 
306.0 -597.0 -74.0 954.0 944.0 334.0 588.0 
1342.0 1439.0 940.0 674.0 1092.0 1323.0 721.0 
569.0 1284.0 1564.0 993.0 204.0 -89.0 268.0 
685.0 695.0 561.0 479.0 -18.0 -231.0 656.0 
1049.0 107.0 -468.0 300.0 994.0 532.0 -269.0 
-98.0 866.0 1172.0 801.0 835.0 1064.0 961.0 
1134.0 1649.0 1633.0 1109.0 927.0 1496.0 2210.0 
1998.0 1296.0 1227.0 1545.0 1503.0 1248.0 1006.0 
679.0 429.0 429.0 416.0 270.0 144.0 503.0 
1394.0 1700.0 1075.0 542.0 968.0 1811.0 1792.0 
1007.0 967.0 1865.0 2023.0 882.0 96.0 776.0 
1524.0 916.0 14.0 197.0 938.0 1190.0 883.0 
395.0 286.0 779.0 1055.0 483.0 99.0 726.0 
1316.0 1075.0 799.0 1108.0 1330.0 1166.0 930.0 
792.0 661.0 630.0 1149.0 1643.0 1191.0 762.0 
1072.0 1265.0 1073.0 1112.0 1119.0 515.0 260.0 
944.0 1027.0 407.0 517.0 816.0 383.0 96.0 
363.0 295.0 -349.0 -498.0 251.0 667.0 150.0 
-81.0 703.0 1151.0 364.0 -29.0 890.0 1415.0 
640.0 -323.0 -36.0 742.0 470.0 31.0 423.0 
406.0 74.0 569.0 1106.0 809.0 230.0 415.0 
1262.0 1269.0 217.0 57.0 1009.0 1053.0 160.0 
293.0 1062.0 667.0 81.0 594.0 642.0 -47.0 
265.0 845.0 402.0 51.0 267.0 321.0 367.0 
378.0 156.0 62.0 59.0 83.0 384.0 480.0 
341.0 520.0 335.0 -410.0 -262.0 614.0 599.0 
-67.0 -166.0 185.0 314.0 183.0 173.0 433.0 
476.0 116.0 3.0 453.0 638.0 149.0 -186.0 
227.0 622.0 165.0 -268.0 331.0 883.0 554.0 
406.0 828.0 831.0 286.0 110.0 423.0 435.0 
69.0 24.0 153.0 71.0 26.0 213.0 505.0 
725.0 465.0 100.0 470.0 977.0 668.0 217.0 
319.0 532.0 437.0 174.0 149.0 371.0 389.0 
167.0 334.0 721.0 639.0 208.0 31.0 156.0 
487.0 722.0 266.0 -201.0 127.0 548.0 440.0 
153.0 55.0 232.0 392.0 410.0 457.0 262.0 
-258.0 -300.0 286.0 351.0 -177.0 -58.0 496.0 
332.0 -270.0 -358.0 15.0 351.0 395.0 18.0 
-472.0 -329.0 298.0 326.0 -19.0 16.0 187.0 
246.0 474.0 639.0 213.0 -236.0 132.0 501.0 
210.0 71.0 151.0 79.0 190.0 285.0 28.0 
117.0 484.0 590.0 629.0 479.0 12.0 98.0 
543.0 253.0 -150.0 163.0 341.0 -11.0 -239.0 
-262.0 -28.0 55.0 -395.0 -275.0 260.0 -101.0 
-533.0 -340.0 -119.0 -91.0 -444.0 -728.0 -436.0 
-25.0 -234.0 -647.0 -156.0 753.0 527.0 -217.0 
0.0 584.0 700.0 785.0 782.0 478.0 309.0 
365.0 401.0 147.0 -116.0 355.0 879.0 374.0 
-9.0 587.0 873.0 521.0 313.0 432.0 747.0 
967.0 628.0 -6.0 196.0 669.0 319.0 -95.0 
-99.0 -205.0 -304.0 -64.0 155.0 89.0 -144.0 
-248.0 32.0 233.0 28.0 43.0 -56.0 -423.0 
-277.0 -197.0 -453.0 -163.0 233.0 -124.0 -616.0 
-543.0 -292.0 26.0 161.0 -277.0 -719.0 -747.0 
-463.0 -97.0 -346.0 -946.0 -785.0 -399.0 -647.0 
-827.0 -667.0 -770.0 -822.0 -570.0 -541.0 -634.0 
-528.0 -392.0 -466.0 -652.0 -607.0 -413.0 -532.0 
-782.0 -719.0 -729.0 -994.0 -766.0 -232.0 -159.0 
-485.0 -743.0 -587.0 -262.0 -427.0 -663.0 -336.0 
-311.0 -653.0 -564.0 -409.0 -415.0 -249.0 -373.0 
-638.0 -442.0 -223.0 -449.0 -665.0 -580.0 -593.0 
-882.0 -877.0 -438.0 -351.0 -804.0 -924.0 -387.0 
-239.0 -619.0 -620.0 -310.0 -157.0 -185.0 -506.0 
-609.0 -140.0 53.0 -147.0 -223.0 -383.0 -511.0 
-423.0 -524.0 -553.0 -369.0 -553.0 -599.0 -108.0 
-73.0 -446.0 -256.0 189.0 30.0 -405.0 -393.0 
-207.0 -267.0 -310.0 -279.0 -441.0 -541.0 -276.0 
-142.0 -384.0 -585.0 -543.0 -532.0 -467.0 -361.0 
-629.0 -948.0 -564.0 -100.0 -662.0 -1338.0 -955.0 
-360.0 -606.0 -1189.0 -1302.0 -995.0 -857.0 -900.0 
-666.0 -577.0 -839.0 -732.0 -527.0 -1060.0 -1462.0 
-1046.0 -981.0 -1476.0 -1595.0 -1403.0 -1378.0 -1368.0 
-1521.0 -1757.0 -1507.0 -1182.0 -1263.0 -1313.0 -1295.0 
-1421.0 -1561.0 -1518.0 -1213.0 -1140.0 -1582.0 -1748.0 
-1333.0 -1120.0 -1264.0 -1174.0 -908.0 -890.0 -1037.0 
-1175.0 -1245.0 -1280.0 -1295.0 -1490.0 -1544.0 -1190.0 
-1158.0 -1432.0 -1485.0 -1491.0 -1523.0 -1492.0 -1408.0 
-1229.0 -1245.0 -1514.0 -1649.0 -1742.0 -1756.0 -1502.0 
-1581.0 -1946.0 -1851.0 -1533.0 -1347.0 -1477.0 -2085.0 
-2149.0 -1225.0 -985.0 -1895.0 -2255.0 -1442.0 -846.0 
-1525.0 -2269.0 -1938.0 -1390.0 -1505.0 -1920.0 -2045.0 
-1932.0 -1562.0 -1447.0 -1939.0 -2050.0 -1762.0 -1843.0 
-2055.0 -1884.0 -1845.0 -2290.0 -2514.0 -1912.0 -1222.0 
-1837.0 -2797.0 -2179.0 -1277.0 -1967.0 -2847.0 -2290.0 
-1413.0 -1752.0 -2749.0 -2751.0 -1833.0 -1718.0 -2521.0 
-2399.0 -1674.0 -2036.0 -2710.0 -2432.0 -1834.0 -1896.0 
-2174.0 -1761.0 -1293.0 -1902.0 -2548.0 -1817.0 -1359.0 
-2424.0 -2801.0 -1659.0 -1225.0 -2184.0 -2874.0 -2242.0 
-1275.0 -1826.0 -2680.0 -2085.0 -1583.0 -2226.0 -2580.0 
-2111.0 -1809.0 -2160.0 -2468.0 -2273.0 -2103.0 -2204.0 
-2422.0 -2233.0 -2125.0 -2298.0 -2138.0 -2198.0 -2608.0 
-2388.0 -1964.0 -2287.0 -2368.0 -1839.0 -1702.0 -1938.0 
-2003.0 -1752.0 -1517.0 -1585.0 -1428.0 -1230.0 -1827.0 
-2142.0 -1509.0 -1307.0 -2051.0 -2629.0 -2114.0 -1532.0 
-2016.0 -2589.0 -2374.0 -2135.0 -2050.0 -1946.0 -2063.0 
-2215.0 -2318.0 -2297.0 -2155.0 -2352.0 -2548.0 -2355.0 
-2299.0 -2315.0 -2124.0 -2066.0 -2281.0 -2441.0 -2281.0 
-2180.0 -2358.0 -2444.0 -2361.0 -2131.0 -1923.0 -2031.0 
-1878.0 -1444.0 -1561.0 -1846.0 -1577.0 -1432.0 -1882.0 
-1923.0 -1471.0 -1680.0 -2128.0 -1976.0 -1507.0 -1347.0 
-2045.0 -2588.0 -1665.0 -973.0 -1565.0 -1958.0 -1682.0 
-1265.0 -928.0 -1264.0 -1711.0 -1429.0 -1233.0 -1430.0 
-1536.0 -1690.0 -1487.0 -897.0 -1237.0 -1964.0 -1624.0 
-1198.0 -1459.0 -1642.0 -2024.0 -2199.0 -1396.0 -1183.0 
-2014.0 -2317.0 -1842.0 -1419.0 -1439.0 -1900.0 -2105.0 
-1696.0 -1343.0 -1397.0 -1392.0 -1434.0 -1415.0 -819.0 
-931.0 -1607.0 -958.0 -677.0 -1667.0 -1536.0 -939.0 
-1072.0 -1236.0 -1826.0 -1879.0 -979.0 -1277.0 -2162.0 
-1921.0 -1324.0 -1255.0 -1607.0 -1955.0 -1627.0 -841.0 
-1020.0 -1810.0 -1677.0 -1429.0 -1562.0 -1315.0 -1302.0 
-1521.0 -1598.0 -1700.0 -1463.0 -1319.0 -1715.0 -1816.0 
-1638.0 -1617.0 -1833.0 -1916.0 -1673.0 -1571.0 -1761.0 
-1907.0 -1962.0 -1962.0 -2041.0 -2340.0 -2346.0 -1942.0 
-2046.0 -2393.0 -2199.0 -1959.0 -2041.0 -2057.0 -1976.0 
-1814.0 -1914.0 -2396.0 -2357.0 -1900.0 -1937.0 -2043.0 
-1927.0 -1887.0 -1696.0 -1695.0 -2161.0 -1966.0 -1293.0 
-1545.0 -2293.0 -2171.0 -1356.0 -1293.0 -2115.0 -2254.0 
-1668.0 -1756.0 -2192.0 -2164.0 -2104.0 -2023.0 -2000.0 
-2220.0 -2208.0 -1916.0 -1976.0 -2283.0 -2295.0 -1947.0 
-1855.0 -2316.0 -2280.0 -1750.0 -2018.0 -2220.0 -1699.0 
-1647.0 -2014.0 -2180.0 -2197.0 -2109.0 -1922.0 -1998.0 
-2214.0 -2222.0 -2162.0 -2068.0 -2034.0 -2340.0 -2482.0 
-1943.0 -1707.0 -2087.0 -2270.0 -2005.0 -1475.0 -1532.0 
-2191.0 -2163.0 -1107.0 -843.0 -2032.0 -2728.0 -1879.0 
-1093.0 -1523.0 -2301.0 -2347.0 -1446.0 -1210.0 -1951.0 
-2211.0 -1819.0 -1616.0 -1784.0 -1998.0 -1937.0 -1776.0 
-2039.0 -2185.0 -1796.0 -1742.0 -2175.0 -2073.0 -1675.0 
-1961.0 -2182.0 -2015.0 -2021.0 -1876.0 -1630.0 -1754.0 
-1890.0 -1932.0 -1969.0 -1699.0 -1662.0 -2380.0 -2586.0 
-1899.0 -1750.0 -2239.0 -2579.0 -2608.0 -2204.0 -2009.0 
-2321.0 -2293.0 -2079.0 -1963.0 -1610.0 -1559.0 -2189.0 
-2252.0 -1724.0 -1825.0 -2033.0 -1959.0 -2092.0 -2066.0 
-1609.0 -1539.0 -1903.0 -2061.0 -1888.0 -1453.0 -1421.0 
-2086.0 -2398.0 -1888.0 -1438.0 -1680.0 -2112.0 -2100.0 
-1656.0 -1331.0 -1629.0 -2009.0 -1656.0 -1236.0 -1367.0 
-1651.0 -1780.0 -1634.0 -1409.0 -1613.0 -1803.0 -1427.0 
-1261.0 -1885.0 -2309.0 -1724.0 -1339.0 -2049.0 -2855.0 
-2329.0 -1246.0 -1549.0 -2895.0 -3087.0 -1688.0 -859.0 
-1921.0 -2961.0 -2111.0 -792.0 -1210.0 -2543.0 -2514.0 
-1387.0 -1354.0 -2273.0 -2301.0 -1740.0 -1662.0 -1841.0 
-1941.0 -1719.0 -1803.0 -2160.0 -1749.0 -1221.0 -1749.0 
-2463.0 -2081.0 -1296.0 -1577.0 -2455.0 -2449.0 -1673.0 
-1435.0 -2170.0 -2804.0 -2529.0 -1983.0 -1844.0 -2187.0 
-2489.0 -2384.0 -1900.0 -1708.0 -2288.0 -2570.0 -1992.0 
-1670.0 -2121.0 -2315.0 -1794.0 -1322.0 -1708.0 -2030.0 
-1570.0 -1482.0 -1744.0 -1608.0 -1506.0 -1634.0 -1584.0 
-1466.0 -1393.0 -1446.0 -1614.0 -1587.0 -1318.0 -1228.0 
-1451.0 -1392.0 -1120.0 -1310.0 -1962.0 -2194.0 -1533.0 
-1051.0 -1753.0 -2329.0 -1591.0 -922.0 -1446.0 -2111.0 
-1767.0 -1228.0 -1467.0 -1703.0 -1597.0 -1564.0 -1481.0 
-1310.0 -1533.0 -1960.0 -1709.0 -1044.0 -1118.0 -1831.0 
-1922.0 -1230.0 -1187.0 -2054.0 -2216.0 -1332.0 -1015.0 
-1630.0 -1979.0 -1682.0 -1356.0 -1530.0 -1971.0 -2029.0 
-1884.0 -1916.0 -1801.0 -1490.0 -1524.0 -1842.0 -1933.0 
-1787.0 -1699.0 -1684.0 -1643.0 -1763.0 -1819.0 -1664.0 
-1679.0 -1790.0 -1645.0 -1510.0 -1654.0 -1717.0 -1485.0 
-1344.0 -1428.0 -1438.0 -1272.0 -1214.0 -1462.0 -1734.0 
-1738.0 -1464.0 -1326.0 -1829.0 -2092.0 -1561.0 -1396.0 
-1762.0 -1718.0 -1578.0 -1521.0 -1350.0 -1415.0 -1440.0 
-1467.0 -1792.0 -1665.0 -1238.0 -1460.0 -1836.0 -1761.0 
-1483.0 -1220.0 -1507.0 -2066.0 -1657.0 -849.0 -1129.0 
-2011.0 -2033.0 -1135.0 -684.0 -1314.0 -1623.0 -910.0 
-423.0 -717.0 -1146.0 -1198.0 -822.0 -612.0 -1009.0 
-1346.0 -1210.0 -961.0 -859.0 -1106.0 -1464.0 -1402.0 
-1139.0 -741.0 -1054.0 -1712.0 -1318.0 -504.0 -978.0 
-1532.0 -1370.0 -922.0 -865.0 -1582.0 -1864.0 -957.0 
-342.0 -1287.0 -1923.0 -1202.0 -337.0 -739.0 -1612.0 
-1517.0 -669.0 -494.0 -1210.0 -1465.0 -834.0 -628.0 
-1088.0 -1339.0 -1366.0 -927.0 -643.0 -1353.0 -1710.0 
-1133.0 -1141.0 -1340.0 -1171.0 -1227.0 -1176.0 -1258.0 
-1408.0 -687.0 -660.0 -1771.0 -1617.0 -736.0 -1059.0 
-1689.0 -1635.0 -1203.0 -827.0 -1382.0 -1967.0 -1633.0 
-1423.0 -1425.0 -1444.0 -1535.0 -1420.0 -1280.0 -1249.0 
-1424.0 -1325.0 -913.0 -1169.0 -1443.0 -1168.0 -971.0 
-933.0 -1096.0 -1116.0 -752.0 -691.0 -1024.0 -1137.0 
-675.0 -429.0 -1220.0 -1677.0 -1131.0 -907.0 -1269.0 
-1591.0 -1504.0 -1345.0 -1640.0 -1540.0 -1019.0 -1151.0 
-1344.0 -885.0 -660.0 -839.0 -826.0 -686.0 -539.0 
-655.0 -1200.0 -1079.0 -422.0 -749.0 -1433.0 -1352.0 
-916.0 -794.0 -1311.0 -1556.0 -1109.0 -994.0 -1268.0 
-1310.0 -1141.0 -1137.0 -1247.0 -1108.0 -833.0 -810.0 
-947.0 -934.0 -895.0 -892.0 -800.0 -817.0 -1029.0 
-1079.0 -958.0 -1033.0 -1214.0 -1426.0 -1410.0 -1018.0 
-997.0 -1336.0 -1133.0 -696.0 -905.0 -1292.0 -1011.0 
-599.0 -1017.0 -1677.0 -1467.0 -819.0 -831.0 -1374.0 
-1587.0 -1242.0 -763.0 -948.0 -1556.0 -1403.0 -783.0 
-745.0 -1331.0 -1605.0 -997.0 -439.0 -972.0 -1759.0 
-1436.0 -493.0 -506.0 -1511.0 -1837.0 -924.0 -268.0 
-961.0 -1847.0 -1387.0 -548.0 -859.0 -1696.0 -1699.0 
-977.0 -768.0 -1401.0 -2032.0 -1785.0 -741.0 -415.0 
-1528.0 -2435.0 -1741.0 -625.0 -785.0 -1736.0 -1795.0 
-806.0 -233.0 -1013.0 -1936.0 -1379.0 -211.0 -405.0 
-1534.0 -1534.0 -507.0 -286.0 -1150.0 -1709.0 -1148.0 
-326.0 -581.0 -1555.0 -1706.0 -915.0 -567.0 -1230.0 
-1774.0 -1456.0 -1064.0 -1031.0 -1416.0 -1775.0 -1489.0 
-1139.0 -1307.0 -1381.0 -1424.0 -1226.0 -715.0 -1141.0 
-1620.0 -1189.0 -596.0 -877.0 -1437.0 -1279.0 -627.0 
-629.0 -1268.0 -1482.0 -997.0 -705.0 -1150.0 -1376.0 
-1155.0 -1118.0 -979.0 -959.0 -1456.0 -1345.0 -745.0 
-1047.0 -1488.0 -1152.0 -839.0 -1060.0 -1503.0 -1675.0 
-1308.0 -1269.0 -1614.0 -1538.0 -1431.0 -1442.0 -1317.0 
-1331.0 -1219.0 -902.0 -1178.0 -1441.0 -928.0 -1022.0 
-1678.0 -1398.0 -1105.0 -1646.0 -1664.0 -1017.0 -1201.0 
-2011.0 -1824.0 -1001.0 -810.0 -1414.0 -2068.0 -1718.0 
-723.0 -653.0 -1691.0 -2178.0 -1459.0 -705.0 -1221.0 
-2144.0 -1615.0 -427.0 -749.0 -1926.0 -1790.0 -721.0 
-666.0 -1484.0 -1427.0 -611.0 -661.0 -1180.0 -1065.0 
-816.0 -1020.0 -1477.0 -1393.0 -803.0 -688.0 -1354.0 
-1579.0 -839.0 -609.0 -1272.0 -1363.0 -719.0 -698.0 
-1153.0 -1194.0 -955.0 -772.0 -889.0 -1084.0 -998.0 
-867.0 -1023.0 -1056.0 -786.0 -774.0 -1111.0 -1143.0 
-759.0 -492.0 -681.0 -925.0 -685.0 -414.0 -628.0 
-845.0 -774.0 -997.0 -839.0 -221.0 -665.0 -1592.0 
-1115.0 -194.0 -467.0 -1097.0 -1022.0 -538.0 -362.0 
-775.0 -1141.0 -797.0 -449.0 -661.0 -827.0 -835.0 
-852.0 -633.0 -372.0 -610.0 -843.0 -670.0 -514.0 
-616.0 -1018.0 -1070.0 -710.0 -928.0 -1029.0 -454.0 
-418.0 -1236.0 -1541.0 -770.0 -471.0 -1192.0 -1482.0 
-835.0 -368.0 -827.0 -1418.0 -1028.0 -432.0 -752.0 
-1441.0 -1326.0 -579.0 -351.0 -1032.0 -1576.0 -1085.0 
-562.0 -1060.0 -1743.0 -1357.0 -752.0 -999.0 -1513.0 
-1367.0 -797.0 -731.0 -1118.0 -1056.0 -736.0 -1163.0 
-1581.0 -923.0 -430.0 -1092.0 -1616.0 -924.0 -114.0 
-592.0 -1730.0 -1530.0 -335.0 -502.0 -1666.0 -1548.0 
-601.0 -644.0 -1452.0 -1709.0 -976.0 -577.0 -1258.0 
-1743.0 -1244.0 -658.0 -664.0 -1152.0 -1545.0 -1051.0 
-326.0 -723.0 -1498.0 -1319.0 -615.0 -311.0 -921.0 
-1765.0 -1323.0 -219.0 -370.0 -1523.0 -1859.0 -883.0 
-265.0 -837.0 -1610.0 -1374.0 -687.0 -696.0 -1536.0 
-1769.0 -1383.0 -1233.0 -1501.0 -1745.0 -1554.0 -1214.0 
-1417.0 -1820.0 -1386.0 -1021.0 -1312.0 -1550.0 -1333.0 
-1104.0 -1056.0 -1158.0 -1488.0 -1615.0 -1126.0 -721.0 
-1428.0 -2060.0 -1609.0 -983.0 -975.0 -1568.0 -1714.0 
-997.0 -722.0 -1220.0 -1213.0 -751.0 -701.0 -809.0 
-816.0 -931.0 -980.0 -922.0 -1157.0 -1350.0 -1249.0 
-1109.0 -1142.0 -1485.0 -1486.0 -1072.0 -1233.0 -1515.0 
-1206.0 -1092.0 -1291.0 -1193.0 -1083.0 -1308.0 -1466.0 
-1298.0 -955.0 -1068.0 -1685.0 -1692.0 -951.0 -925.0 
-1808.0 -2161.0 -1429.0 -757.0 -1263.0 -2022.0 -1566.0 
-809.0 -1151.0 -1660.0 -1228.0 -740.0 -1171.0 -1547.0 
-1251.0 -1246.0 -1446.0 -1213.0 -1247.0 -1766.0 -1898.0 
-1352.0 -1234.0 -1984.0 -1959.0 -937.0 -747.0 -1557.0 
-1707.0 -937.0 -753.0 -1401.0 -1497.0 -882.0 -841.0 
-1390.0 -1328.0 -979.0 -1418.0 -1886.0 -1327.0 -686.0 
-1264.0 -2130.0 -1506.0 -285.0 -764.0 -2031.0 -1588.0 
-300.0 -396.0 -1289.0 -1316.0 -606.0 -343.0 -848.0 
-1245.0 -988.0 -680.0 -799.0 -1003.0 -898.0 -772.0 
-931.0 -898.0 -407.0 -314.0 -964.0 -1183.0 -576.0 
-354.0 -811.0 -1053.0 -934.0 -769.0 -641.0 -771.0 
-1190.0 -1354.0 -995.0 -837.0 -1191.0 -1326.0 -1234.0 
-1212.0 -954.0 -817.0 -1102.0 -1222.0 -998.0 -734.0 
-742.0 -1112.0 -1156.0 -962.0 -930.0 -981.0 -1121.0 
-1144.0 -822.0 -834.0 -1350.0 -1380.0 -874.0 -746.0 
-1235.0 -1396.0 -1190.0 -1038.0 -1326.0 -1584.0 -1533.0 
-1276.0 -1176.0 -1359.0 -1438.0 -1553.0 -1524.0 -1093.0 
-882.0 -1274.0 -1621.0 -1305.0 -646.0 -792.0 -1585.0 
-1593.0 -894.0 -614.0 -991.0 -1490.0 -1293.0 -590.0 
-841.0 -1727.0 -1717.0 -1074.0 -932.0 -1620.0 -2263.0 
-1874.0 -1163.0 -1393.0 -1820.0 -1320.0 -808.0 -980.0 
-1051.0 -931.0 -970.0 -933.0 -910.0 -1048.0 -1031.0 
-790.0 -692.0 -975.0 -1171.0 -1071.0 -1003.0 -1084.0 
-1124.0 -1045.0 -1056.0 -1121.0 -1011.0 -935.0 -1180.0 
-1279.0 -1003.0 -999.0 -1232.0 -1161.0 -951.0 -997.0 
-1211.0 -1256.0 -1223.0 -947.0 -686.0 -1107.0 -1432.0 
-854.0 -496.0 -1028.0 -1369.0 -821.0 -415.0 -868.0 
-1132.0 -635.0 -350.0 -784.0 -867.0 -378.0 -440.0 
-1051.0 -1153.0 -628.0 -549.0 -1190.0 -1411.0 -830.0 
-566.0 -1166.0 -1516.0 -983.0 -582.0 -1004.0 -1270.0 
-755.0 -495.0 -993.0 -1235.0 -810.0 -576.0 -1015.0 
-1284.0 -947.0 -859.0 -1195.0 -1294.0 -1123.0 -931.0 
-1013.0 -1205.0 -1034.0 -846.0 -825.0 -851.0 -913.0 
-753.0 -409.0 -411.0 -814.0 -1013.0 -711.0 -581.0 
-969.0 -1134.0 -946.0 -951.0 -1089.0 -892.0 -857.0 
-1172.0 -1215.0 -903.0 -958.0 -1401.0 -1264.0 -996.0 
-1283.0 -1265.0 -790.0 -899.0 -1382.0 -1351.0 -1087.0 
-881.0 -1020.0 -1419.0 -1240.0 -609.0 -801.0 -1523.0 
-1359.0 -671.0 -538.0 -1032.0 -1363.0 -940.0 -551.0 
-911.0 -1124.0 -965.0 -776.0 -627.0 -553.0 -750.0 
-1056.0 -606.0 -266.0 -835.0 -1158.0 -725.0 -417.0 
-912.0 -1246.0 -629.0 -282.0 -1073.0 -1629.0 -1041.0 
-623.0 -955.0 -1172.0 -877.0 -585.0 -714.0 -1057.0 
-897.0 -325.0 -459.0 -920.0 -488.0 -5.0 -522.0 
-960.0 -542.0 -123.0 -434.0 -881.0 -594.0 39.0 
-314.0 -1183.0 -802.0 118.0 -179.0 -1007.0 -642.0 
62.0 -190.0 -797.0 -750.0 -149.0 60.0 -484.0 
-915.0 -550.0 13.0 3.0 -553.0 -730.0 -263.0 
131.0 -299.0 -833.0 -594.0 -139.0 -195.0 -367.0 
-185.0 -10.0 -99.0 -344.0 -325.0 -23.0 -172.0 
-488.0 -251.0 -79.0 -287.0 -325.0 -87.0 -62.0 
-347.0 -286.0 -26.0 -48.0 -147.0 59.0 429.0 
325.0 -153.0 -78.0 478.0 435.0 -260.0 -275.0 
170.0 -42.0 -300.0 -39.0 243.0 -102.0 -551.0 
-6.0 565.0 -142.0 -690.0 -41.0 364.0 -349.0 
-592.0 139.0 195.0 -560.0 -512.0 24.0 70.0 
-270.0 -444.0 -115.0 61.0 -362.0 -555.0 -81.0 
77.0 -295.0 -316.0 -76.0 -28.0 -190.0 -245.0 
169.0 340.0 -290.0 -383.0 306.0 148.0 -408.0 
-125.0 87.0 -164.0 -106.0 149.0 161.0 -71.0 
-475.0 -308.0 355.0 306.0 -233.0 -88.0 281.0 
209.0 -258.0 -527.0 59.0 521.0 -132.0 -950.0 
-630.0 170.0 176.0 -425.0 -657.0 -320.0 59.0 
-84.0 -599.0 -560.0 6.0 228.0 -79.0 -508.0 
-618.0 87.0 723.0 -22.0 -625.0 56.0 638.0 
65.0 -574.0 -134.0 490.0 200.0 -463.0 -590.0 
38.0 687.0 169.0 -726.0 -565.0 232.0 412.0 
-173.0 -680.0 -458.0 27.0 109.0 10.0 -235.0 
-382.0 8.0 396.0 135.0 -451.0 -446.0 164.0 
351.0 -67.0 -491.0 -432.0 51.0 230.0 -124.0 
-147.0 215.0 279.0 193.0 307.0 265.0 200.0 
338.0 307.0 189.0 84.0 13.0 114.0 -46.0 
-392.0 -120.0 233.0 -127.0 -573.0 -297.0 374.0 
302.0 -376.0 -482.0 35.0 405.0 -7.0 -280.0 
118.0 155.0 -23.0 61.0 136.0 269.0 99.0 
-115.0 87.0 324.0 318.0 158.0 203.0 251.0 
120.0 68.0 178.0 269.0 94.0 -181.0 -118.0 
219.0 199.0 -199.0 -2.0 481.0 271.0 -98.0 
128.0 428.0 454.0 391.0 258.0 490.0 587.0 
1.0 106.0 745.0 498.0 62.0 -66.0 66.0 
562.0 499.0 -113.0 25.0 585.0 466.0 27.0 
41.0 369.0 393.0 101.0 23.0 297.0 460.0 
217.0 167.0 558.0 634.0 360.0 488.0 860.0 
743.0 444.0 647.0 810.0 529.0 510.0 845.0 
803.0 403.0 427.0 741.0 614.0 342.0 545.0 
621.0 342.0 385.0 667.0 596.0 266.0 276.0 
716.0 843.0 372.0 311.0 923.0 1006.0 384.0 
220.0 692.0 973.0 791.0 483.0 478.0 751.0 
892.0 769.0 685.0 777.0 871.0 879.0 860.0 
805.0 775.0 879.0 1021.0 904.0 585.0 783.0 
1299.0 1049.0 409.0 534.0 1110.0 996.0 458.0 
545.0 951.0 916.0 612.0 541.0 762.0 946.0 
760.0 559.0 603.0 683.0 671.0 685.0 733.0 
647.0 612.0 718.0 679.0 483.0 632.0 914.0 
790.0 422.0 439.0 956.0 1200.0 605.0 66.0 
590.0 1304.0 997.0 374.0 578.0 1117.0 1131.0 
697.0 590.0 894.0 997.0 844.0 717.0 663.0 
765.0 990.0 1010.0 773.0 655.0 836.0 1070.0 
1057.0 600.0 407.0 1051.0 1255.0 390.0 129.0 
1040.0 1431.0 744.0 318.0 853.0 1402.0 1115.0 
659.0 868.0 1138.0 837.0 645.0 827.0 830.0 
840.0 995.0 885.0 647.0 623.0 765.0 968.0 
941.0 689.0 665.0 853.0 720.0 487.0 653.0 
813.0 506.0 239.0 536.0 764.0 480.0 321.0 
503.0 486.0 355.0 690.0 907.0 295.0 5.0 
694.0 1121.0 566.0 61.0 447.0 854.0 598.0 
345.0 602.0 1039.0 1165.0 574.0 112.0 811.0 
1577.0 1034.0 60.0 416.0 1508.0 1393.0 310.0 
-31.0 719.0 1178.0 613.0 -3.0 191.0 658.0 
534.0 185.0 322.0 578.0 595.0 619.0 431.0 
309.0 444.0 495.0 653.0 447.0 237.0 645.0 
903.0 323.0 71.0 233.0 553.0 818.0 866.0 
477.0 294.0 793.0 991.0 583.0 242.0 565.0 
993.0 766.0 80.0 125.0 757.0 810.0 306.0 
90.0 483.0 960.0 705.0 8.0 348.0 879.0 
379.0 301.0 849.0 618.0 347.0 677.0 616.0 
438.0 675.0 957.0 946.0 735.0 651.0 851.0 
854.0 618.0 673.0 894.0 830.0 745.0 661.0 
574.0 757.0 870.0 511.0 458.0 764.0 772.0 
721.0 840.0 618.0 435.0 832.0 1067.0 878.0 
616.0 614.0 952.0 994.0 565.0 627.0 1158.0 
995.0 485.0 642.0 924.0 913.0 897.0 772.0 
894.0 1183.0 971.0 448.0 630.0 1321.0 1106.0 
423.0 524.0 965.0 1308.0 1058.0 297.0 378.0 
1366.0 1342.0 313.0 328.0 1421.0 1662.0 756.0 
262.0 901.0 1433.0 1143.0 863.0 794.0 640.0 
770.0 1074.0 916.0 564.0 636.0 1065.0 899.0 
384.0 420.0 915.0 1076.0 735.0 553.0 548.0 
656.0 958.0 919.0 438.0 327.0 889.0 906.0 
255.0 126.0 836.0 951.0 371.0 234.0 704.0 
733.0 94.0 135.0 797.0 678.0 -35.0 14.0 
786.0 789.0 -242.0 -438.0 490.0 784.0 133.0 
-339.0 140.0 686.0 337.0 -42.0 287.0 491.0 
83.0 251.0 1122.0 844.0 -51.0 232.0 1030.0 
752.0 73.0 235.0 919.0 1069.0 232.0 -60.0 
460.0 904.0 750.0 331.0 301.0 683.0 832.0 
575.0 782.0 687.0 309.0 857.0 1377.0 776.0 
328.0 1002.0 1598.0 1040.0 287.0 690.0 1510.0 
1409.0 747.0 486.0 932.0 1450.0 1094.0 457.0 
678.0 1236.0 1258.0 764.0 384.0 623.0 962.0 
1013.0 695.0 307.0 632.0 1142.0 703.0 227.0 
765.0 1213.0 903.0 396.0 249.0 709.0 1052.0 
529.0 197.0 527.0 662.0 727.0 665.0 489.0 
742.0 948.0 612.0 659.0 909.0 535.0 524.0 
874.0 770.0 792.0 929.0 738.0 622.0 579.0 
505.0 684.0 817.0 648.0 528.0 699.0 752.0 
628.0 712.0 798.0 871.0 1078.0 1046.0 746.0 
773.0 1075.0 940.0 574.0 687.0 1226.0 1102.0 
462.0 538.0 1059.0 1009.0 439.0 259.0 868.0 
1065.0 279.0 -161.0 460.0 921.0 557.0 133.0 
199.0 569.0 822.0 491.0 2.0 356.0 1067.0 
893.0 381.0 393.0 652.0 823.0 760.0 591.0 
704.0 689.0 367.0 626.0 1068.0 397.0 -336.0 
320.0 1065.0 451.0 -232.0 -50.0 587.0 926.0 
323.0 -298.0 -25.0 592.0 653.0 183.0 86.0 
369.0 401.0 377.0 368.0 312.0 413.0 328.0 
254.0 497.0 321.0 0.0 208.0 460.0 417.0 
190.0 -108.0 38.0 573.0 548.0 45.0 -4.0 
348.0 664.0 645.0 279.0 212.0 639.0 977.0 
783.0 415.0 166.0 316.0 695.0 483.0 -131.0 
7.0 504.0 218.0 -305.0 -62.0 305.0 83.0 
-19.0 241.0 290.0 144.0 143.0 405.0 611.0 
342.0 211.0 772.0 940.0 267.0 212.0 992.0 
997.0 336.0 450.0 991.0 815.0 235.0 323.0 
715.0 707.0 585.0 450.0 420.0 639.0 761.0 
644.0 492.0 517.0 805.0 986.0 660.0 460.0 
697.0 695.0 424.0 392.0 552.0 508.0 193.0 
253.0 711.0 715.0 306.0 477.0 876.0 705.0 
656.0 1110.0 1135.0 718.0 618.0 1023.0 1351.0 
1010.0 538.0 799.0 1262.0 940.0 579.0 952.0 
1238.0 814.0 534.0 897.0 1210.0 959.0 450.0 
378.0 959.0 1240.0 822.0 304.0 305.0 924.0 
1102.0 257.0 16.0 778.0 900.0 471.0 331.0 
416.0 738.0 845.0 531.0 253.0 360.0 966.0 
1168.0 449.0 202.0 887.0 1266.0 769.0 196.0 
662.0 1469.0 1090.0 539.0 913.0 1115.0 855.0 
804.0 863.0 934.0 783.0 573.0 783.0 864.0 
551.0 636.0 873.0 581.0 452.0 725.0 658.0 
343.0 397.0 574.0 392.0 108.0 288.0 601.0 
638.0 359.0 203.0 518.0 885.0 792.0 417.0 
513.0 899.0 931.0 642.0 537.0 852.0 1251.0 
1010.0 333.0 351.0 1018.0 1248.0 632.0 84.0 
282.0 768.0 808.0 316.0 61.0 342.0 433.0 
415.0 407.0 40.0 145.0 517.0 354.0 363.0 
92.0 -192.0 384.0 548.0 437.0 112.0 0.0 
836.0 737.0 67.0 295.0 757.0 809.0 179.0 
157.0 806.0 959.0 732.0 295.0 664.0 1268.0 
822.0 593.0 904.0 975.0 785.0 640.0 502.0 
503.0 918.0 856.0 397.0 434.0 764.0 627.0 
141.0 417.0 1031.0 991.0 352.0 51.0 1065.0 
1678.0 543.0 -205.0 757.0 1599.0 843.0 -176.0 
381.0 1406.0 861.0 -5.0 357.0 972.0 932.0 
514.0 178.0 659.0 958.0 550.0 470.0 574.0 
660.0 592.0 419.0 570.0 413.0 428.0 676.0 
417.0 468.0 462.0 334.0 512.0 666.0 577.0 
355.0 464.0 413.0 319.0 711.0 815.0 488.0 
251.0 340.0 1106.0 