-21.0 46.0 48.0 27.0 63.0 124.0 134.0 
90.0 90.0 148.0 174.0 145.0 135.0 159.0 
152.0 118.0 102.0 95.0 55.0 10.0 1.0 
-15.0 -48.0 -82.0 -130.0 -173.0 -192.0 -194.0 
-188.0 -218.0 -250.0 -242.0 -213.0 -171.0 -131.0 
-162.0 -180.0 -71.0 -12.0 -63.0 1.0 94.0 
15.0 -6.0 120.0 116.0 8.0 25.0 78.0 
35.0 3.0 29.0 4.0 -26.0 1.0 -14.0 
-64.0 -78.0 -81.0 -88.0 -91.0 -80.0 -62.0 
-47.0 -8.0 34.0 -5.0 -9.0 106.0 93.0 
-9.0 114.0 200.0 45.0 89.0 270.0 171.0 
95.0 234.0 224.0 137.0 213.0 232.0 139.0 
120.0 121.0 124.0 136.0 86.0 81.0 140.0 
65.0 24.0 95.0 76.0 28.0 65.0 72.0 
-32.0 -24.0 110.0 61.0 -33.0 40.0 59.0 
19.0 85.0 98.0 3.0 29.0 57.0 4.0 
27.0 5.0 -53.0 -46.0 -65.0 -85.0 -93.0 
-127.0 -162.0 -200.0 -197.0 -163.0 -211.0 -263.0 
-195.0 -165.0 -237.0 -221.0 -147.0 -191.0 -239.0 
-175.0 -130.0 -191.0 -247.0 -176.0 -129.0 -223.0 
-208.0 -110.0 -196.0 -241.0 -94.0 -118.0 -295.0 
-219.0 -126.0 -304.0 -289.0 -103.0 -227.0 -314.0 
-128.0 -140.0 -239.0 -62.0 22.0 -70.0 22.0 
98.0 35.0 82.0 147.0 169.0 225.0 227.0 
238.0 318.0 302.0 269.0 365.0 366.0 251.0 
299.0 363.0 256.0 242.0 325.0 223.0 114.0 
162.0 102.0 -22.0 11.0 13.0 -102.0 -121.0 
-111.0 -151.0 -124.0 -111.0 -162.0 -171.0 -182.0 
-210.0 -188.0 -155.0 -148.0 -158.0 -169.0 -155.0 
-144.0 -151.0 -113.0 -74.0 -134.0 -158.0 -70.0 
-53.0 -139.0 -116.0 -31.0 -52.0 -148.0 -150.0 
-23.0 -8.0 -129.0 -105.0 -13.0 -83.0 -122.0 
-23.0 -13.0 -77.0 -33.0 -24.0 -114.0 -122.0 
-84.0 -137.0 -171.0 -107.0 -92.0 -144.0 -138.0 
-83.0 -70.0 -69.0 -22.0 20.0 9.0 9.0 
75.0 123.0 109.0 119.0 142.0 101.0 59.0 
100.0 139.0 96.0 76.0 97.0 69.0 29.0 
27.0 41.0 29.0 -9.0 -53.0 -90.0 -107.0 
-113.0 -103.0 -102.0 -151.0 -193.0 -192.0 -191.0 
-192.0 -195.0 -225.0 -248.0 -248.0 -240.0 -194.0 
-146.0 -154.0 -138.0 -87.0 -83.0 -70.0 -15.0 
2.0 6.0 52.0 68.0 32.0 26.0 94.0 
146.0 118.0 107.0 136.0 119.0 96.0 137.0 
172.0 155.0 132.0 127.0 114.0 105.0 124.0 
143.0 118.0 68.0 48.0 64.0 48.0 10.0 
2.0 -7.0 -38.0 -59.0 -92.0 -130.0 -116.0 
-96.0 -141.0 -190.0 -189.0 -199.0 -203.0 -158.0 
-137.0 -161.0 -172.0 -163.0 -149.0 -119.0 -66.0 
-21.0 -26.0 -42.0 0.0 53.0 59.0 79.0 
120.0 125.0 113.0 124.0 143.0 158.0 162.0 
164.0 162.0 129.0 110.0 141.0 149.0 132.0 
123.0 94.0 40.0 2.0 -5.0 -14.0 -34.0 
-60.0 -91.0 -124.0 -146.0 -142.0 -123.0 -110.0 
-103.0 -117.0 -145.0 -132.0 -106.0 -122.0 -119.0 
-118.0 -152.0 -146.0 -131.0 -156.0 -124.0 -77.0 
-120.0 -132.0 -63.0 -84.0 -94.0 -1.0 -30.0 
-61.0 25.0 3.0 14.0 126.0 81.0 109.0 
237.0 129.0 91.0 253.0 180.0 88.0 165.0 
89.0 34.0 52.0 -26.0 18.0 39.0 -130.0 
-87.0 8.0 -166.0 -155.0 6.0 -85.0 -130.0 
-61.0 -93.0 -73.0 -21.0 -10.0 51.0 96.0 
89.0 138.0 197.0 214.0 267.0 300.0 293.0 
300.0 309.0 319.0 295.0 278.0 302.0 242.0 
157.0 187.0 164.0 56.0 72.0 97.0 -29.0 
-106.0 -75.0 -82.0 -174.0 -243.0 -211.0 -251.0 
-387.0 -387.0 -362.0 -450.0 -433.0 -345.0 -443.0 
-538.0 -415.0 -341.0 -437.0 -467.0 -348.0 -306.0 
-414.0 -405.0 -262.0 -243.0 -312.0 -271.0 -173.0 
-179.0 -219.0 -157.0 -75.0 -90.0 -139.0 -129.0 
-108.0 -95.0 -75.0 -78.0 -60.0 -20.0 -39.0 
-42.0 46.0 92.0 61.0 118.0 183.0 162.0 
196.0 278.0 327.0 361.0 349.0 347.0 430.0 
441.0 392.0 461.0 507.0 456.0 456.0 447.0 
405.0 413.0 380.0 314.0 306.0 278.0 215.0 
189.0 192.0 198.0 157.0 94.0 116.0 115.0 
32.0 56.0 97.0 2.0 -69.0 -80.0 -84.0 
-85.0 -136.0 -168.0 -133.0 -175.0 -245.0 -199.0 
-188.0 -243.0 -245.0 -251.0 -268.0 -290.0 -333.0 
-325.0 -305.0 -307.0 -307.0 -345.0 -378.0 -365.0 
-356.0 -359.0 -328.0 -337.0 -380.0 -312.0 -213.0 
-236.0 -261.0 -139.0 -69.0 -179.0 -158.0 -2.0 
-40.0 -131.0 -41.0 -17.0 -166.0 -189.0 -81.0 
-136.0 -215.0 -151.0 -167.0 -256.0 -220.0 -180.0 
-211.0 -183.0 -138.0 -167.0 -176.0 -125.0 -112.0 
-130.0 -95.0 -41.0 -61.0 -77.0 11.0 94.0 
90.0 71.0 85.0 123.0 146.0 147.0 168.0 
222.0 255.0 247.0 219.0 211.0 255.0 284.0 
263.0 251.0 262.0 250.0 238.0 277.0 319.0 
305.0 283.0 307.0 325.0 297.0 295.0 319.0 
315.0 259.0 198.0 197.0 199.0 166.0 143.0 
155.0 115.0 31.0 56.0 72.0 -12.0 0.0 
40.0 -80.0 -156.0 -72.0 -118.0 -224.0 -143.0 
-142.0 -277.0 -287.0 -242.0 -264.0 -301.0 -298.0 
-289.0 -331.0 -356.0 -294.0 -265.0 -300.0 -237.0 
-159.0 -235.0 -248.0 -136.0 -159.0 -204.0 -128.0 
-129.0 -199.0 -178.0 -108.0 -107.0 -139.0 -94.0 
-68.0 -138.0 -123.0 -50.0 -95.0 -109.0 -31.0 
-80.0 -176.0 -99.0 -57.0 -153.0 -114.0 -19.0 
-98.0 -119.0 -8.0 7.0 0.0 36.0 57.0 
73.0 47.0 38.0 105.0 86.0 36.0 103.0 
105.0 8.0 69.0 152.0 78.0 130.0 219.0 
114.0 141.0 259.0 185.0 178.0 279.0 242.0 
198.0 269.0 279.0 234.0 273.0 278.0 216.0 
208.0 231.0 233.0 218.0 186.0 196.0 183.0 
82.0 82.0 135.0 44.0 -9.0 45.0 -33.0 
-168.0 -128.0 -109.0 -243.0 -273.0 -234.0 -309.0 
-378.0 -356.0 -347.0 -412.0 -416.0 -401.0 -485.0 
-490.0 -421.0 -466.0 -491.0 -430.0 -404.0 -436.0 
-453.0 -396.0 -349.0 -347.0 -325.0 -291.0 -276.0 
-252.0 -229.0 -230.0 -193.0 -170.0 -239.0 -230.0 
-180.0 -220.0 -205.0 -174.0 -220.0 -181.0 -164.0 
-227.0 -154.0 -108.0 -148.0 -38.0 14.0 -63.0 
18.0 119.0 125.0 216.0 241.0 197.0 307.0 
369.0 300.0 360.0 464.0 417.0 378.0 464.0 
529.0 517.0 513.0 553.0 579.0 544.0 500.0 
507.0 511.0 437.0 375.0 418.0 395.0 269.0 
285.0 353.0 259.0 177.0 218.0 199.0 123.0 
138.0 152.0 87.0 62.0 67.0 7.0 -31.0 
-16.0 -40.0 -83.0 -93.0 -123.0 -176.0 -184.0 
-190.0 -199.0 -171.0 -205.0 -276.0 -275.0 -283.0 
-272.0 -213.0 -266.0 -350.0 -300.0 -277.0 -338.0 
-351.0 -358.0 -375.0 -374.0 -435.0 -456.0 -370.0 
-400.0 -448.0 -334.0 -324.0 -401.0 -317.0 -246.0 
-274.0 -190.0 -105.0 -137.0 -81.0 7.0 8.0 
92.0 210.0 197.0 190.0 297.0 329.0 296.0 
385.0 463.0 419.0 431.0 507.0 462.0 395.0 
489.0 496.0 331.0 339.0 394.0 252.0 203.0 
268.0 171.0 49.0 95.0 84.0 -40.0 -6.0 
45.0 -89.0 -121.0 -53.0 -141.0 -172.0 -39.0 
-73.0 -175.0 -100.0 -86.0 -163.0 -106.0 -51.0 
-95.0 -93.0 -116.0 -188.0 -158.0 -103.0 -136.0 
-185.0 -172.0 -166.0 -173.0 -149.0 -162.0 -164.0 
-144.0 -187.0 -193.0 -139.0 -154.0 -187.0 -129.0 
-111.0 -157.0 -119.0 -95.0 -133.0 -77.0 -5.0 
-71.0 -121.0 -26.0 8.0 -44.0 22.0 78.0 
-31.0 -44.0 84.0 59.0 -52.0 -42.0 19.0 
-12.0 -108.0 -113.0 -65.0 -134.0 -214.0 -136.0 
-125.0 -279.0 -308.0 -216.0 -193.0 -219.0 -257.0 
-269.0 -241.0 -216.0 -219.0 -195.0 -163.0 -196.0 
-191.0 -85.0 -75.0 -115.0 1.0 78.0 0.0 
42.0 185.0 135.0 77.0 210.0 253.0 170.0 
179.0 182.0 141.0 196.0 213.0 113.0 149.0 
234.0 114.0 106.0 255.0 162.0 78.0 233.0 
188.0 43.0 180.0 231.0 79.0 146.0 259.0 
109.0 50.0 192.0 194.0 131.0 170.0 150.0 
99.0 150.0 129.0 34.0 55.0 42.0 -86.0 
-102.0 -58.0 -143.0 -210.0 -171.0 -218.0 -301.0 
-259.0 -229.0 -288.0 -265.0 -222.0 -272.0 -270.0 
-249.0 -296.0 -249.0 -189.0 -283.0 -311.0 -185.0 
-165.0 -235.0 -187.0 -114.0 -132.0 -134.0 -94.0 
-116.0 -160.0 -147.0 -139.0 -131.0 -116.0 -155.0 
-194.0 -153.0 -107.0 -121.0 -152.0 -177.0 -180.0 
-159.0 -165.0 -166.0 -135.0 -161.0 -197.0 -128.0 
-63.0 -124.0 -153.0 -63.0 -56.0 -149.0 -105.0 
-20.0 -115.0 -132.0 24.0 -9.0 -87.0 46.0 
85.0 35.0 164.0 254.0 165.0 182.0 296.0 
295.0 278.0 309.0 307.0 347.0 365.0 302.0 
343.0 453.0 385.0 295.0 407.0 442.0 295.0 
294.0 389.0 319.0 232.0 250.0 204.0 142.0 
161.0 115.0 34.0 34.0 3.0 -68.0 -34.0 
31.0 -17.0 -70.0 -14.0 24.0 9.0 2.0 
-16.0 -10.0 15.0 -14.0 -24.0 16.0 0.0 
-62.0 -53.0 0.0 -36.0 -109.0 -119.0 -93.0 
-131.0 -208.0 -182.0 -117.0 -186.0 -290.0 -271.0 
-225.0 -258.0 -267.0 -242.0 -273.0 -318.0 -296.0 
-245.0 -235.0 -265.0 -283.0 -271.0 -267.0 -254.0 
-227.0 -221.0 -256.0 -281.0 -278.0 -281.0 -275.0 
-269.0 -272.0 -250.0 -228.0 -233.0 -203.0 -140.0 
-103.0 -79.0 -60.0 -42.0 -6.0 30.0 50.0 
69.0 92.0 117.0 144.0 172.0 199.0 250.0 
293.0 291.0 305.0 352.0 373.0 398.0 470.0 
496.0 468.0 479.0 507.0 485.0 468.0 484.0 
460.0 387.0 340.0 336.0 320.0 272.0 226.0 
195.0 159.0 102.0 54.0 25.0 -12.0 -60.0 
-103.0 -152.0 -205.0 -243.0 -280.0 -317.0 -331.0 
-344.0 -366.0 -382.0 -372.0 -343.0 -326.0 -324.0 
-326.0 -320.0 -320.0 -345.0 -335.0 -274.0 -251.0 
-277.0 -266.0 -200.0 -135.0 -95.0 -51.0 -5.0 
2.0 -13.0 6.0 51.0 71.0 85.0 101.0 
92.0 85.0 133.0 199.0 208.0 184.0 193.0 
216.0 213.0 195.0 195.0 210.0 207.0 175.0 
139.0 111.0 100.0 115.0 105.0 53.0 40.0 
59.0 35.0 -13.0 -26.0 -26.0 -76.0 -130.0 
-144.0 -149.0 -159.0 -154.0 -152.0 -168.0 -165.0 
-136.0 -121.0 -139.0 -120.0 -53.0 -48.0 -107.0 
-90.0 -2.0 8.0 -34.0 -26.0 -8.0 -9.0 
-15.0 -30.0 -20.0 -3.0 -48.0 -96.0 -64.0 
-60.0 -127.0 -121.0 -65.0 -88.0 -121.0 -85.0 
-73.0 -88.0 -56.0 -49.0 -89.0 -74.0 -63.0 
-105.0 -87.0 -37.0 -47.0 -72.0 -53.0 -26.0 
-41.0 -70.0 -68.0 -46.0 -60.0 -111.0 -130.0 
-108.0 -91.0 -93.0 -71.0 -49.0 -75.0 -89.0 
-62.0 -32.0 -15.0 -14.0 -32.0 -29.0 -17.0 
-52.0 -60.0 -2.0 14.0 -22.0 -18.0 14.0 
28.0 47.0 59.0 57.0 72.0 76.0 74.0 
109.0 141.0 104.0 80.0 109.0 97.0 68.0 
79.0 96.0 90.0 79.0 69.0 56.0 45.0 
38.0 60.0 82.0 22.0 -50.0 -15.0 5.0 
-84.0 -136.0 -92.0 -94.0 -171.0 -187.0 -145.0 
-187.0 -257.0 -243.0 -246.0 -330.0 -363.0 -318.0 
-323.0 -375.0 -388.0 -375.0 -397.0 -431.0 -405.0 
-335.0 -305.0 -360.0 -347.0 -219.0 -190.0 -242.0 
-165.0 -58.0 -82.0 -79.0 32.0 76.0 71.0 
147.0 218.0 220.0 238.0 277.0 299.0 321.0 
323.0 312.0 328.0 317.0 264.0 264.0 294.0 
262.0 239.0 248.0 217.0 184.0 206.0 222.0 
203.0 192.0 186.0 170.0 168.0 163.0 154.0 
147.0 121.0 74.0 54.0 67.0 55.0 7.0 
-9.0 7.0 -19.0 -71.0 -77.0 -55.0 -65.0 
-89.0 -87.0 -112.0 -168.0 -188.0 -174.0 -174.0 
-192.0 -221.0 -244.0 -217.0 -179.0 -159.0 -150.0 
-162.0 -148.0 -99.0 -90.0 -101.0 -71.0 -67.0 
-82.0 -24.0 -14.0 -97.0 -69.0 44.0 35.0 
-27.0 -11.0 3.0 -16.0 -30.0 -31.0 -21.0 
-39.0 -92.0 -123.0 -103.0 -96.0 -134.0 -138.0 
-140.0 -156.0 -127.0 -130.0 -210.0 -165.0 -54.0 
-138.0 -247.0 -171.0 -130.0 -177.0 -137.0 -133.0 
-197.0 -169.0 -125.0 -122.0 -97.0 -78.0 -53.0 
-22.0 -38.0 -11.0 77.0 82.0 57.0 116.0 
153.0 157.0 186.0 210.0 241.0 275.0 282.0 
297.0 311.0 317.0 360.0 368.0 346.0 350.0 
335.0 310.0 304.0 303.0 296.0 292.0 286.0 
253.0 241.0 271.0 296.0 289.0 218.0 196.0 
261.0 194.0 90.0 142.0 151.0 88.0 46.0 
-1.0 -22.0 -55.0 -114.0 -96.0 -90.0 -219.0 
-274.0 -196.0 -211.0 -274.0 -254.0 -241.0 -264.0 
-282.0 -293.0 -272.0 -223.0 -239.0 -309.0 -276.0 
-197.0 -275.0 -352.0 -243.0 -236.0 -387.0 -390.0 
-322.0 -383.0 -451.0 -430.0 -406.0 -437.0 -480.0 
-459.0 -404.0 -403.0 -403.0 -344.0 -298.0 -314.0 
-303.0 -227.0 -169.0 -165.0 -168.0 -136.0 -82.0 
-21.0 33.0 56.0 101.0 180.0 215.0 224.0 
274.0 324.0 336.0 357.0 389.0 390.0 376.0 
375.0 398.0 422.0 414.0 396.0 390.0 361.0 
315.0 303.0 286.0 235.0 180.0 130.0 97.0 
82.0 65.0 28.0 -8.0 -31.0 -59.0 -72.0 
-64.0 -82.0 -124.0 -133.0 -132.0 -156.0 -161.0 
-150.0 -149.0 -118.0 -61.0 -37.0 -23.0 28.0 
89.0 112.0 107.0 128.0 146.0 125.0 123.0 
160.0 157.0 108.0 113.0 126.0 93.0 83.0 
90.0 82.0 95.0 113.0 49.0 -20.0 43.0 
124.0 39.0 -72.0 -43.0 -19.0 -111.0 -171.0 
-160.0 -182.0 -212.0 -227.0 -270.0 -254.0 -207.0 
-249.0 -304.0 -284.0 -282.0 -326.0 -326.0 -296.0 
-301.0 -283.0 -246.0 -273.0 -285.0 -225.0 -208.0 
-230.0 -185.0 -173.0 -212.0 -176.0 -121.0 -154.0 
-166.0 -107.0 -105.0 -154.0 -154.0 -102.0 -61.0 
-64.0 -98.0 -68.0 7.0 -14.0 -54.0 22.0 
69.0 7.0 4.0 57.0 19.0 -16.0 27.0 
33.0 -14.0 -35.0 -16.0 -11.0 -5.0 2.0 
-5.0 9.0 13.0 -24.0 -24.0 19.0 13.0 
-13.0 9.0 25.0 15.0 32.0 56.0 53.0 
53.0 54.0 38.0 36.0 47.0 64.0 90.0 
97.0 84.0 87.0 102.0 102.0 108.0 116.0 
116.0 122.0 133.0 143.0 137.0 127.0 132.0 
123.0 90.0 68.0 65.0 53.0 38.0 30.0 
5.0 -17.0 -20.0 -20.0 -18.0 -9.0 -11.0 
-17.0 -44.0 -71.0 -58.0 -29.0 -38.0 -95.0 
-99.0 -44.0 -81.0 -169.0 -170.0 -138.0 -176.0 
-233.0 -247.0 -252.0 -273.0 -315.0 -326.0 -271.0 
-300.0 -404.0 -404.0 -329.0 -300.0 -307.0 -342.0 
-348.0 -276.0 -226.0 -235.0 -207.0 -152.0 -150.0 
-147.0 -88.0 -28.0 -15.0 4.0 60.0 106.0 
125.0 149.0 197.0 244.0 267.0 296.0 357.0 
383.0 372.0 427.0 516.0 517.0 496.0 529.0 
552.0 542.0 531.0 520.0 499.0 487.0 449.0 
364.0 309.0 312.0 274.0 186.0 128.0 81.0 
30.0 4.0 -41.0 -115.0 -132.0 -134.0 -214.0 
-270.0 -233.0 -257.0 -351.0 -365.0 -338.0 -359.0 
-374.0 -416.0 -463.0 -391.0 -347.0 -452.0 -491.0 
-408.0 -416.0 -462.0 -388.0 -319.0 -334.0 -310.0 
-242.0 -240.0 -251.0 -165.0 -69.0 -78.0 -111.0 
-64.0 9.0 28.0 50.0 122.0 167.0 141.0 
149.0 232.0 289.0 285.0 271.0 263.0 258.0 
259.0 246.0 244.0 238.0 179.0 127.0 127.0 
113.0 73.0 76.0 111.0 81.0 -2.0 8.0 
112.0 120.0 53.0 88.0 146.0 122.0 128.0 
198.0 220.0 180.0 146.0 140.0 170.0 183.0 
124.0 68.0 78.0 96.0 49.0 -24.0 -29.0 
3.0 -33.0 -97.0 -69.0 -29.0 -68.0 -88.0 
-49.0 -16.0 -1.0 -14.0 -32.0 -3.0 28.0 
2.0 -30.0 6.0 40.0 -4.0 -35.0 14.0 
32.0 -37.0 -68.0 -33.0 -36.0 -68.0 -71.0 
-61.0 -83.0 -138.0 -160.0 -156.0 -190.0 -225.0 
-197.0 -192.0 -244.0 -262.0 -267.0 -287.0 -271.0 
-240.0 -256.0 -275.0 -253.0 -231.0 -231.0 -203.0 
-145.0 -124.0 -126.0 -81.0 -31.0 -17.0 3.0 
61.0 100.0 91.0 88.0 132.0 167.0 120.0 
109.0 182.0 157.0 8.0 -5.0 179.0 163.0 
-68.0 -77.0 76.0 2.0 -141.0 -70.0 -23.0 
-142.0 -212.0 -160.0 -106.0 -132.0 -150.0 -116.0 
-121.0 -128.0 -48.0 -16.0 -125.0 -129.0 5.0 
4.0 -85.0 -67.0 -27.0 -50.0 -37.0 2.0 
8.0 0.0 -25.0 -54.0 -18.0 41.0 12.0 
-5.0 58.0 75.0 17.0 15.0 85.0 98.0 
70.0 105.0 131.0 75.0 65.0 154.0 153.0 
39.0 42.0 111.0 56.0 -23.0 1.0 71.0 
18.0 -90.0 -89.0 -49.0 -79.0 -109.0 -107.0 
-128.0 -174.0 -178.0 -147.0 -152.0 -161.0 -137.0 
-136.0 -153.0 -134.0 -94.0 -82.0 -101.0 -71.0 
-19.0 -37.0 -52.0 -39.0 -22.0 -34.0 -94.0 
-107.0 -85.0 -81.0 -90.0 -90.0 -54.0 -69.0 
-121.0 -134.0 -128.0 -128.0 -116.0 -109.0 -123.0 
-111.0 -85.0 -65.0 -31.0 0.0 3.0 19.0 
56.0 59.0 46.0 79.0 114.0 85.0 47.0 
49.0 43.0 41.0 76.0 106.0 99.0 77.0 
78.0 92.0 117.0 141.0 125.0 119.0 134.0 
90.0 95.0 173.0 171.0 159.0 173.0 134.0 
132.0 185.0 154.0 92.0 103.0 106.0 56.0 
7.0 -15.0 -13.0 -5.0 -61.0 -123.0 -130.0 
-109.0 -60.0 -22.0 -30.0 -30.0 -8.0 12.0 
44.0 73.0 101.0 110.0 92.0 88.0 104.0 
124.0 97.0 64.0 52.0 33.0 49.0 23.0 
-71.0 -110.0 -91.0 -115.0 -179.0 -195.0 -203.0 
-267.0 -294.0 -243.0 -246.0 -314.0 -318.0 -298.0 
-351.0 -361.0 -283.0 -279.0 -348.0 -379.0 -355.0 
-308.0 -285.0 -293.0 -310.0 -314.0 -295.0 -261.0 
-251.0 -256.0 -223.0 -181.0 -177.0 -177.0 -141.0 
-72.0 -10.0 -9.0 -22.0 31.0 97.0 106.0 
118.0 149.0 176.0 203.0 217.0 218.0 245.0 
305.0 336.0 362.0 386.0 346.0 324.0 402.0 
448.0 373.0 335.0 354.0 323.0 285.0 303.0 
336.0 324.0 263.0 184.0 178.0 281.0 305.0 
137.0 55.0 154.0 139.0 -12.0 -72.0 -28.0 
-49.0 -123.0 -137.0 -133.0 -162.0 -161.0 -130.0 
-123.0 -125.0 -117.0 -115.0 -117.0 -90.0 -44.0 
-12.0 -10.0 -28.0 -77.0 -88.0 -14.0 46.0 
11.0 -38.0 -5.0 6.0 -54.0 -46.0 31.0 
31.0 -27.0 -37.0 -14.0 -18.0 -12.0 8.0 
-10.0 -63.0 -76.0 -47.0 -34.0 -38.0 -31.0 
-7.0 3.0 -11.0 -18.0 24.0 51.0 26.0 
28.0 32.0 -6.0 -23.0 -6.0 -23.0 -68.0 
-83.0 -97.0 -175.0 -244.0 -216.0 -157.0 -180.0 
-228.0 -226.0 -223.0 -215.0 -183.0 -163.0 -149.0 
-113.0 -95.0 -102.0 -77.0 -32.0 -11.0 4.0 
32.0 39.0 25.0 52.0 130.0 167.0 159.0 
193.0 248.0 237.0 220.0 297.0 339.0 270.0 
251.0 296.0 281.0 229.0 223.0 222.0 182.0 
143.0 128.0 105.0 70.0 70.0 69.0 21.0 
-31.0 -65.0 -113.0 -147.0 -124.0 -106.0 -127.0 
-154.0 -153.0 -105.0 -62.0 -82.0 -99.0 -66.0 
-58.0 -108.0 -115.0 -42.0 -24.0 -105.0 -146.0 
-145.0 -190.0 -225.0 -207.0 -224.0 -280.0 -292.0 
-290.0 -340.0 -384.0 -347.0 -329.0 -403.0 -432.0 
-401.0 -409.0 -390.0 -342.0 -319.0 -285.0 -252.0 
-199.0 -145.0 -169.0 -109.0 55.0 43.0 -41.0 
53.0 159.0 149.0 157.0 219.0 243.0 202.0 
186.0 253.0 299.0 250.0 259.0 295.0 219.0 
218.0 300.0 262.0 213.0 228.0 149.0 88.0 
121.0 77.0 -5.0 -16.0 -60.0 -157.0 -182.0 
-178.0 -227.0 -254.0 -251.0 -284.0 -323.0 -348.0 
-376.0 -372.0 -348.0 -372.0 -403.0 -395.0 -383.0 
-365.0 -339.0 -337.0 -331.0 -303.0 -310.0 -313.0 
-254.0 -226.0 -234.0 -197.0 -178.0 -163.0 -102.0 
-93.0 -109.0 -45.0 -26.0 -70.0 -28.0 8.0 
7.0 87.0 126.0 84.0 123.0 186.0 201.0 
219.0 260.0 288.0 233.0 193.0 246.0 262.0 
257.0 272.0 215.0 206.0 284.0 252.0 204.0 
245.0 238.0 214.0 230.0 237.0 230.0 183.0 
155.0 210.0 248.0 184.0 125.0 147.0 162.0 
145.0 126.0 104.0 66.0 18.0 3.0 0.0 
-35.0 -80.0 -131.0 -174.0 -178.0 -173.0 -190.0 
-209.0 -190.0 -196.0 -253.0 -241.0 -180.0 -170.0 
-175.0 -173.0 -154.0 -129.0 -112.0 -102.0 -95.0 
-79.0 -72.0 -92.0 -84.0 -59.0 -71.0 -92.0 
-100.0 -94.0 -77.0 -92.0 -98.0 -33.0 30.0 
29.0 40.0 117.0 142.0 97.0 129.0 205.0 
190.0 177.0 242.0 251.0 258.0 341.0 365.0 
332.0 355.0 381.0 351.0 342.0 380.0 379.0 
332.0 301.0 306.0 286.0 230.0 230.0 215.0 
142.0 148.0 126.0 30.0 59.0 47.0 -103.0 
-100.0 -64.0 -231.0 -296.0 -205.0 -309.0 -412.0 
-321.0 -365.0 -452.0 -364.0 -352.0 -408.0 -339.0 
-290.0 -335.0 -313.0 -243.0 -234.0 -206.0 -140.0 
-130.0 -109.0 -66.0 -48.0 1.0 41.0 19.0 
19.0 50.0 6.0 -56.0 -17.0 0.0 -70.0 
-91.0 -87.0 -95.0 -85.0 -102.0 -116.0 -88.0 
-99.0 -151.0 -139.0 -97.0 -124.0 -136.0 -71.0 
-78.0 -150.0 -119.0 -48.0 -37.0 -50.0 -43.0 
0.0 15.0 -9.0 7.0 70.0 80.0 35.0 
29.0 48.0 7.0 1.0 33.0 -3.0 -15.0 
4.0 -34.0 -29.0 40.0 42.0 4.0 30.0 
81.0 57.0 51.0 125.0 135.0 98.0 119.0 
128.0 110.0 114.0 122.0 132.0 128.0 80.0 
36.0 45.0 0.0 -53.0 -40.0 -112.0 -196.0 
-204.0 -259.0 -283.0 -274.0 -314.0 -315.0 -287.0 
-311.0 -336.0 -264.0 -216.0 -272.0 -236.0 -154.0 
-181.0 -193.0 -115.0 -89.0 -138.0 -99.0 -46.0 
-87.0 -58.0 1.0 -10.0 11.0 14.0 -3.0 
58.0 55.0 -2.0 75.0 114.0 18.0 23.0 
105.0 72.0 47.0 93.0 63.0 34.0 50.0 
56.0 89.0 120.0 121.0 133.0 144.0 160.0 
180.0 130.0 100.0 202.0 197.0 51.0 102.0 
186.0 68.0 29.0 102.0 52.0 -19.0 -24.0 
-47.0 -50.0 -49.0 -133.0 -195.0 -171.0 -188.0 
-272.0 -289.0 -242.0 -279.0 -375.0 -385.0 -358.0 
-364.0 -350.0 -325.0 -318.0 -306.0 -276.0 -249.0 
-231.0 -178.0 -109.0 -109.0 -142.0 -82.0 -16.0 
-71.0 -67.0 70.0 76.0 -12.0 65.0 155.0 
84.0 97.0 219.0 185.0 96.0 175.0 238.0 
165.0 168.0 231.0 186.0 159.0 213.0 202.0 
175.0 188.0 163.0 174.0 227.0 151.0 82.0 
232.0 316.0 175.0 136.0 243.0 233.0 161.0 
199.0 265.0 219.0 137.0 172.0 230.0 179.0 
149.0 225.0 221.0 122.0 151.0 213.0 120.0 
76.0 149.0 82.0 -44.0 -9.0 5.0 -86.0 
-101.0 -78.0 -137.0 -199.0 -218.0 -240.0 -241.0 
-248.0 -311.0 -350.0 -326.0 -323.0 -364.0 -350.0 
-275.0 -290.0 -356.0 -302.0 -258.0 -315.0 -290.0 
-199.0 -203.0 -227.0 -196.0 -153.0 -88.0 -61.0 
-60.0 41.0 90.0 33.0 108.0 187.0 122.0 
151.0 200.0 99.0 92.0 154.0 89.0 70.0 
125.0 71.0 6.0 24.0 16.0 5.0 48.0 
21.0 -38.0 -5.0 2.0 -32.0 -5.0 23.0 
-8.0 -43.0 -39.0 0.0 26.0 -4.0 0.0 
49.0 -15.0 -84.0 12.0 45.0 -63.0 -57.0 
13.0 -58.0 -130.0 -43.0 -7.0 -107.0 -89.0 
7.0 -40.0 -74.0 -2.0 4.0 -24.0 -24.0 
13.0 33.0 -58.0 -85.0 19.0 -10.0 -93.0 
-21.0 -37.0 -168.0 -86.0 13.0 -141.0 -194.0 
-84.0 -139.0 -228.0 -182.0 -144.0 -157.0 -142.0 
-116.0 -116.0 -95.0 -55.0 -23.0 -3.0 -38.0 
-53.0 -37.0 -78.0 -66.0 -40.0 -112.0 -147.0 
-90.0 -101.0 -188.0 -148.0 -87.0 -160.0 -163.0 
-108.0 -114.0 -107.0 -80.0 -53.0 -9.0 31.0 
35.0 40.0 79.0 98.0 100.0 119.0 126.0 
126.0 156.0 189.0 189.0 224.0 283.0 265.0 
269.0 324.0 296.0 242.0 253.0 243.0 163.0 
122.0 147.0 109.0 49.0 68.0 79.0 41.0 
-8.0 -19.0 5.0 -25.0 -93.0 -120.0 -143.0 
-178.0 -182.0 -175.0 -202.0 -212.0 -180.0 -168.0 
-167.0 -131.0 -121.0 -145.0 -135.0 -120.0 -144.0 
-151.0 -120.0 -124.0 -137.0 -107.0 -102.0 -133.0 
-137.0 -137.0 -160.0 -147.0 -130.0 -161.0 -177.0 
-150.0 -137.0 -139.0 -122.0 -105.0 -107.0 -116.0 
-101.0 -53.0 -38.0 -58.0 -45.0 -9.0 25.0 
33.0 -15.0 -19.0 56.0 83.0 50.0 82.0 
187.0 219.0 173.0 248.0 345.0 245.0 201.0 
331.0 310.0 190.0 280.0 325.0 182.0 192.0 
289.0 216.0 135.0 216.0 257.0 142.0 97.0 
189.0 156.0 17.0 57.0 108.0 -26.0 -36.0 
42.0 -99.0 -181.0 8.0 61.0 -182.0 -234.0 
-30.0 -38.0 -176.0 -106.0 -44.0 -147.0 -159.0 
-70.0 -93.0 -165.0 -103.0 -27.0 -122.0 -152.0 
-33.0 -24.0 -64.0 -45.0 -68.0 -79.0 -9.0 
12.0 -87.0 -97.0 38.0 36.0 -79.0 -50.0 
33.0 -18.0 -44.0 58.0 67.0 -36.0 -33.0 
46.0 63.0 57.0 83.0 68.0 11.0 50.0 
145.0 117.0 60.0 104.0 125.0 67.0 44.0 
64.0 38.0 0.0 0.0 -40.0 -111.0 -110.0 
-69.0 -96.0 -152.0 -132.0 -138.0 -224.0 -230.0 
-177.0 -206.0 -260.0 -284.0 -322.0 -351.0 -341.0 
-305.0 -290.0 -347.0 -402.0 -351.0 -279.0 -291.0 
-295.0 -242.0 -211.0 -197.0 -170.0 -150.0 -121.0 
-79.0 -53.0 -22.0 -1.0 -19.0 0.0 66.0 
90.0 96.0 131.0 140.0 130.0 175.0 229.0 
244.0 252.0 267.0 282.0 311.0 358.0 373.0 
366.0 384.0 384.0 343.0 334.0 357.0 345.0 
306.0 271.0 242.0 199.0 145.0 120.0 107.0 
52.0 -23.0 -69.0 -89.0 -117.0 -151.0 -175.0 
-207.0 -249.0 -273.0 -286.0 -320.0 -340.0 -327.0 
-351.0 -389.0 -385.0 -396.0 -423.0 -410.0 -387.0 
-397.0 -419.0 -435.0 -453.0 -449.0 -405.0 -365.0 
-405.0 -471.0 -425.0 -331.0 -317.0 -322.0 -288.0 
-269.0 -256.0 -202.0 -154.0 -161.0 -154.0 -99.0 
-74.0 -74.0 -23.0 30.0 19.0 26.0 90.0 
103.0 57.0 68.0 101.0 65.0 46.0 85.0 
86.0 35.0 36.0 90.0 89.0 59.0 82.0 
101.0 82.0 72.0 99.0 127.0 106.0 79.0 
113.0 153.0 129.0 117.0 157.0 183.0 175.0 
148.0 128.0 142.0 140.0 116.0 120.0 125.0 
101.0 85.0 108.0 148.0 148.0 103.0 107.0 
141.0 105.0 76.0 111.0 93.0 29.0 23.0 
21.0 -25.0 -54.0 -74.0 -108.0 -128.0 -142.0 
-155.0 -163.0 -161.0 -170.0 -176.0 -150.0 -183.0 
-255.0 -196.0 -109.0 -182.0 -220.0 -113.0 -108.0 
-159.0 -89.0 -37.0 -60.0 -39.0 22.0 40.0 
43.0 54.0 41.0 44.0 84.0 95.0 63.0 
66.0 104.0 100.0 99.0 136.0 127.0 78.0 
98.0 166.0 155.0 83.0 95.0 152.0 97.0 
41.0 126.0 140.0 13.0 18.0 135.0 90.0 
-15.0 21.0 82.0 53.0 -19.0 -38.0 -25.0 
-90.0 -157.0 -124.0 -149.0 -241.0 -204.0 -164.0 
-269.0 -258.0 -117.0 -128.0 -171.0 -101.0 -82.0 
-83.0 -15.0 -1.0 -23.0 46.0 105.0 60.0 
59.0 165.0 210.0 169.0 183.0 281.0 325.0 
252.0 244.0 361.0 365.0 243.0 262.0 317.0 
236.0 223.0 272.0 190.0 127.0 171.0 140.0 
99.0 146.0 118.0 66.0 89.0 53.0 0.0 
15.0 6.0 -19.0 -40.0 -65.0 -51.0 -73.0 
-142.0 -96.0 -38.0 -143.0 -175.0 -83.0 -153.0 
-232.0 -100.0 -94.0 -232.0 -165.0 -79.0 -181.0 
-194.0 -63.0 -48.0 -116.0 -97.0 -26.0 -3.0 
-37.0 -37.0 27.0 16.0 -35.0 31.0 87.0 
48.0 48.0 74.0 63.0 59.0 66.0 59.0 
39.0 42.0 60.0 25.0 -27.0 -12.0 11.0 
-22.0 -26.0 6.0 -37.0 -88.0 -31.0 26.0 
1.0 -6.0 51.0 69.0 29.0 52.0 140.0 
148.0 78.0 60.0 92.0 78.0 18.0 -6.0 
-15.0 -73.0 -146.0 -185.0 -213.0 -256.0 -295.0 
-334.0 -386.0 -421.0 -450.0 -499.0 -527.0 -535.0 
-573.0 -623.0 -644.0 -644.0 -655.0 -650.0 -588.0 
-551.0 -587.0 -568.0 -491.0 -488.0 -508.0 -437.0 
-365.0 -396.0 -419.0 -350.0 -293.0 -289.0 -257.0 
-219.0 -238.0 -243.0 -153.0 -54.0 -39.0 -49.0 
8.0 94.0 123.0 131.0 183.0 232.0 238.0 
252.0 269.0 273.0 295.0 342.0 381.0 395.0 
417.0 434.0 409.0 395.0 420.0 409.0 359.0 
338.0 315.0 273.0 269.0 271.0 232.0 229.0 
273.0 239.0 169.0 210.0 289.0 226.0 107.0 
139.0 201.0 87.0 4.0 107.0 88.0 -71.0 
-36.0 21.0 -90.0 -108.0 -74.0 -133.0 -143.0 
-174.0 -254.0 -230.0 -258.0 -357.0 -338.0 -365.0 
-440.0 -409.0 -427.0 -451.0 -393.0 -454.0 -515.0 
-424.0 -440.0 -532.0 -504.0 -491.0 -501.0 -494.0 
-535.0 -486.0 -403.0 -458.0 -436.0 -348.0 -365.0 
-301.0 -212.0 -221.0 -129.0 -23.0 -47.0 25.0 
146.0 127.0 165.0 248.0 223.0 292.0 382.0 
327.0 375.0 458.0 383.0 393.0 464.0 389.0 
379.0 450.0 341.0 263.0 378.0 325.0 186.0 
339.0 409.0 184.0 203.0 412.0 290.0 123.0 
289.0 387.0 194.0 112.0 273.0 345.0 187.0 
112.0 268.0 299.0 157.0 190.0 321.0 276.0 
215.0 284.0 261.0 177.0 247.0 294.0 200.0 
184.0 254.0 201.0 104.0 133.0 191.0 149.0 
62.0 51.0 77.0 27.0 -8.0 30.0 1.0 
-78.0 -74.0 -76.0 -162.0 -183.0 -164.0 -245.0 
-304.0 -267.0 -280.0 -345.0 -332.0 -298.0 -334.0 
-376.0 -383.0 -393.0 -400.0 -386.0 -361.0 -348.0 
-366.0 -389.0 -369.0 -330.0 -314.0 -336.0 -366.0 
-317.0 -238.0 -269.0 -311.0 -209.0 -156.0 -227.0 
-205.0 -116.0 -77.0 -59.0 -37.0 12.0 61.0 
53.0 60.0 143.0 200.0 192.0 181.0 174.0 
220.0 281.0 275.0 302.0 366.0 358.0 340.0 
404.0 468.0 450.0 452.0 502.0 512.0 498.0 
492.0 507.0 518.0 506.0 505.0 451.0 383.0 
380.0 360.0 316.0 295.0 266.0 168.0 129.0 
205.0 150.0 26.0 55.0 79.0 -8.0 -92.0 
-88.0 -73.0 -125.0 -171.0 -189.0 -224.0 -251.0 
-244.0 -263.0 -293.0 -276.0 -283.0 -330.0 -302.0 
-260.0 -303.0 -310.0 -260.0 -312.0 -388.0 -322.0 
-229.0 -288.0 -383.0 -322.0 -238.0 -297.0 -358.0 
-285.0 -227.0 -288.0 -305.0 -231.0 -226.0 -237.0 
-204.0 -224.0 -233.0 -168.0 -179.0 -256.0 -217.0 
-138.0 -180.0 -242.0 -216.0 -183.0 -196.0 -175.0 
-132.0 -134.0 -126.0 -92.0 -83.0 -62.0 -15.0 
-10.0 -41.0 -38.0 -12.0 -12.0 -33.0 -45.0 
-54.0 -85.0 -94.0 -83.0 -110.0 -128.0 -104.0 
-106.0 -130.0 -125.0 -136.0 -150.0 -120.0 -113.0 
-162.0 -184.0 -141.0 -121.0 -130.0 -102.0 -67.0 
-59.0 -63.0 -53.0 -48.0 -50.0 -52.0 -76.0 
-94.0 -74.0 -57.0 -69.0 -67.0 -24.0 -7.0 
-39.0 -11.0 54.0 48.0 41.0 91.0 119.0 
120.0 151.0 201.0 228.0 244.0 256.0 258.0 
277.0 272.0 242.0 257.0 285.0 237.0 172.0 
182.0 200.0 162.0 127.0 114.0 78.0 46.0 
38.0 8.0 -9.0 -18.0 -52.0 -58.0 -64.0 
-124.0 -159.0 -124.0 -132.0 -193.0 -222.0 -227.0 
-214.0 -206.0 -251.0 -272.0 -252.0 -257.0 -248.0 
-221.0 -219.0 -226.0 -211.0 -167.0 -164.0 -211.0 
-191.0 -115.0 -79.0 -99.0 -93.0 -54.0 -49.0 
-33.0 37.0 61.0 10.0 10.0 70.0 102.0 
120.0 126.0 104.0 100.0 123.0 112.0 120.0 
153.0 125.0 90.0 88.0 95.0 97.0 73.0 
71.0 92.0 69.0 38.0 59.0 80.0 43.0 
31.0 76.0 108.0 84.0 70.0 127.0 172.0 
147.0 126.0 139.0 104.0 61.0 100.0 108.0 
31.0 -2.0 37.0 40.0 0.0 36.0 80.0 
4.0 -63.0 -3.0 48.0 -8.0 -59.0 -4.0 
43.0 -32.0 -70.0 17.0 24.0 -67.0 -63.0 
-15.0 -45.0 -79.0 -66.0 -33.0 -10.0 -45.0 
-57.0 9.0 -1.0 -79.0 -31.0 56.0 6.0 
-62.0 -11.0 45.0 6.0 -19.0 55.0 110.0 
42.0 -15.0 66.0 113.0 17.0 -8.0 48.0 
27.0 0.0 19.0 0.0 -18.0 7.0 -15.0 
-59.0 -27.0 -14.0 -49.0 -44.0 -37.0 -9.0 
6.0 -91.0 -125.0 13.0 57.0 -69.0 -86.0 
9.0 -12.0 -78.0 -16.0 59.0 -19.0 -116.0 
-42.0 48.0 -7.0 -75.0 -38.0 -29.0 -119.0 
-147.0 -112.0 -137.0 -161.0 -154.0 -200.0 -218.0 
-160.0 -181.0 -265.0 -240.0 -196.0 -290.0 -359.0 
-299.0 -263.0 -273.0 -246.0 -189.0 -170.0 -180.0 
-122.0 -32.0 -1.0 9.0 28.0 42.0 79.0 
120.0 129.0 148.0 176.0 158.0 160.0 223.0 
229.0 197.0 235.0 280.0 259.0 211.0 234.0 
306.0 290.0 236.0 267.0 295.0 215.0 146.0 
190.0 212.0 117.0 46.0 72.0 76.0 -5.0 
-47.0 -1.0 1.0 -85.0 -161.0 -178.0 -159.0 
-195.0 -322.0 -351.0 -271.0 -314.0 -426.0 -371.0 
-266.0 -332.0 -404.0 -319.0 -239.0 -273.0 -309.0 
-254.0 -188.0 -193.0 -204.0 -164.0 -110.0 -84.0 
-58.0 -11.0 13.0 -1.0 5.0 46.0 64.0 
63.0 75.0 95.0 99.0 102.0 106.0 96.0 
103.0 120.0 117.0 93.0 98.0 149.0 139.0 
70.0 81.0 116.0 58.0 30.0 103.0 106.0 
35.0 42.0 99.0 115.0 65.0 5.0 21.0 
45.0 -15.0 -61.0 -22.0 -28.0 -104.0 -105.0 
-65.0 -124.0 -179.0 -139.0 -142.0 -179.0 -133.0 
-65.0 -100.0 -144.0 -76.0 -5.0 -18.0 -62.0 
-85.0 -36.0 12.0 -42.0 -80.0 5.0 55.0 
-9.0 0.0 92.0 99.0 81.0 127.0 146.0 
117.0 107.0 146.0 167.0 96.0 37.0 77.0 
86.0 7.0 -31.0 -1.0 -43.0 -157.0 -188.0 
-146.0 -159.0 -255.0 -323.0 -304.0 -284.0 -330.0 
-363.0 -332.0 -313.0 -322.0 -289.0 -265.0 -288.0 
-227.0 -144.0 -166.0 -186.0 -155.0 -139.0 -118.0 
-78.0 -34.0 -25.0 -71.0 -72.0 13.0 58.0 
34.0 55.0 96.0 71.0 77.0 169.0 203.0 
159.0 189.0 278.0 304.0 278.0 289.0 347.0 
393.0 370.0 335.0 380.0 415.0 354.0 339.0 
395.0 340.0 219.0 221.0 271.0 199.0 106.0 
117.0 125.0 71.0 46.0 34.0 2.0 -6.0 
-7.0 -38.0 -81.0 -95.0 -80.0 -61.0 -56.0 
-62.0 -52.0 -35.0 -17.0 7.0 10.0 6.0 
13.0 -1.0 -26.0 -21.0 -10.0 -35.0 -69.0 
-61.0 -61.0 -109.0 -125.0 -109.0 -147.0 -201.0 
-234.0 -269.0 -290.0 -283.0 -298.0 -357.0 -396.0 
-404.0 -447.0 -484.0 -448.0 -435.0 -513.0 -545.0 
-497.0 -473.0 -483.0 -482.0 -445.0 -404.0 -397.0 
-380.0 -300.0 -229.0 -222.0 -195.0 -149.0 -140.0 
-124.0 -85.0 -37.0 -17.0 -35.0 -23.0 30.0 
42.0 23.0 66.0 146.0 162.0 146.0 168.0 
195.0 236.0 272.0 278.0 287.0 301.0 301.0 
303.0 324.0 338.0 331.0 338.0 350.0 347.0 
349.0 369.0 382.0 357.0 303.0 285.0 293.0 
260.0 231.0 243.0 219.0 129.0 54.0 66.0 
76.0 19.0 -22.0 -60.0 -136.0 -151.0 -96.0 
-102.0 -166.0 -163.0 -141.0 -195.0 -218.0 -167.0 
-121.0 -102.0 -124.0 -128.0 -64.0 -22.0 -28.0 
-16.0 4.0 3.0 11.0 25.0 17.0 24.0 
60.0 56.0 6.0 -5.0 13.0 0.0 -40.0 
-48.0 -28.0 -63.0 -125.0 -119.0 -81.0 -102.0 
-129.0 -109.0 -131.0 -167.0 -128.0 -123.0 -194.0 
-231.0 -238.0 -296.0 -350.0 -326.0 -327.0 -389.0 
-369.0 -317.0 -365.0 -384.0 -320.0 -318.0 -333.0 
-259.0 -203.0 -234.0 -211.0 -98.0 -47.0 -52.0 
-25.0 9.0 22.0 45.0 104.0 134.0 123.0 
148.0 196.0 196.0 180.0 217.0 250.0 228.0 
233.0 274.0 231.0 169.0 210.0 234.0 183.0 
167.0 176.0 162.0 172.0 197.0 192.0 177.0 
175.0 182.0 187.0 176.0 175.0 194.0 193.0 
178.0 177.0 180.0 184.0 179.0 168.0 161.0 
141.0 115.0 74.0 44.0 70.0 60.0 -14.0 
-26.0 14.0 4.0 -2.0 23.0 -12.0 -51.0 
-5.0 14.0 -27.0 -21.0 -7.0 -40.0 -39.0 
-12.0 -39.0 -79.0 -80.0 -79.0 -100.0 -121.0 
-142.0 -173.0 -194.0 -179.0 -187.0 -246.0 -261.0 
-220.0 -224.0 -266.0 -275.0 -269.0 -275.0 -284.0 
-267.0 -216.0 -209.0 -263.0 -267.0 -210.0 -166.0 
-175.0 -194.0 -197.0 -194.0 -181.0 -180.0 -193.0 
-172.0 -159.0 -207.0 -226.0 -174.0 -162.0 -189.0 
-164.0 -117.0 -133.0 -181.0 -178.0 -127.0 -98.0 
-126.0 -152.0 -148.0 -169.0 -200.0 -149.0 -73.0 
-96.0 -153.0 -118.0 -57.0 -55.0 -50.0 10.0 
44.0 12.0 8.0 78.0 149.0 155.0 147.0 
187.0 224.0 207.0 194.0 242.0 290.0 266.0 
217.0 222.0 243.0 236.0 227.0 243.0 258.0 
232.0 193.0 198.0 230.0 239.0 232.0 219.0 
198.0 175.0 174.0 195.0 223.0 225.0 201.0 
184.0 195.0 213.0 217.0 221.0 224.0 185.0 
125.0 100.0 82.0 31.0 -22.0 -65.0 -144.0 
-218.0 -224.0 -228.0 -274.0 -294.0 -296.0 -352.0 
-420.0 -419.0 -364.0 -353.0 -379.0 -356.0 -325.0 
-351.0 -353.0 -291.0 -241.0 -237.0 -247.0 -250.0 
-254.0 -242.0 -195.0 -150.0 -153.0 -164.0 -147.0 
-128.0 -103.0 -60.0 -43.0 -59.0 -79.0 -88.0 
-76.0 -41.0 -24.0 -16.0 32.0 41.0 -10.0 
8.0 93.0 138.0 153.0 158.0 147.0 147.0 
184.0 218.0 236.0 235.0 190.0 164.0 198.0 
203.0 167.0 181.0 219.0 208.0 159.0 145.0 
187.0 224.0 197.0 146.0 118.0 93.0 68.0 
67.0 102.0 124.0 82.0 17.0 13.0 38.0 
12.0 -37.0 -43.0 -43.0 -113.0 -182.0 -157.0 
-137.0 -186.0 -217.0 -223.0 -261.0 -284.0 -259.0 
-265.0 -294.0 -301.0 -312.0 -316.0 -302.0 -300.0 
-296.0 -271.0 -242.0 -227.0 -249.0 -252.0 -178.0 
-111.0 -112.0 -106.0 -53.0 -22.0 -11.0 50.0 
120.0 125.0 124.0 158.0 174.0 171.0 174.0 
178.0 180.0 165.0 145.0 148.0 153.0 140.0 
123.0 123.0 129.0 98.0 44.0 49.0 112.0 
86.0 10.0 25.0 14.0 -59.0 -27.0 38.0 
-53.0 -162.0 -105.0 -26.0 -65.0 -144.0 -145.0 
-98.0 -126.0 -176.0 -133.0 -127.0 -207.0 -202.0 
-130.0 -123.0 -164.0 -154.0 -92.0 -68.0 -79.0 
-66.0 -46.0 -52.0 -75.0 -64.0 -26.0 -49.0 
-109.0 -74.0 -9.0 -70.0 -143.0 -78.0 -10.0 
-62.0 -102.0 -68.0 -67.0 -81.0 -46.0 -14.0 
-33.0 -53.0 -27.0 3.0 4.0 14.0 40.0 
41.0 32.0 39.0 55.0 50.0 10.0 -8.0 
24.0 30.0 -39.0 -86.0 -50.0 -15.0 -31.0 
-31.0 5.0 3.0 -34.0 5.0 92.0 101.0 
76.0 109.0 151.0 154.0 164.0 211.0 233.0 
232.0 259.0 245.0 204.0 221.0 232.0 196.0 
188.0 217.0 207.0 156.0 141.0 173.0 194.0 
196.0 181.0 153.0 144.0 157.0 163.0 153.0 
138.0 109.0 71.0 61.0 53.0 49.0 52.0 
5.0 -56.0 -81.0 -92.0 -111.0 -151.0 -198.0 
-221.0 -250.0 -297.0 -327.0 -319.0 -326.0 -391.0 
-425.0 -416.0 -461.0 -491.0 -414.0 -358.0 -406.0 
-446.0 -408.0 -346.0 -331.0 -325.0 -260.0 -206.0 
-231.0 -220.0 -132.0 -66.0 -41.0 -1.0 53.0 
95.0 102.0 99.0 152.0 227.0 233.0 190.0 
188.0 234.0 249.0 230.0 250.0 288.0 263.0 
204.0 203.0 259.0 272.0 238.0 247.0 274.0 
233.0 180.0 197.0 243.0 230.0 164.0 118.0 
128.0 127.0 82.0 78.0 103.0 54.0 -3.0 
29.0 49.0 -8.0 -27.0 11.0 -12.0 -95.0 
-141.0 -119.0 -88.0 -115.0 -171.0 -185.0 -201.0 
-243.0 -238.0 -204.0 -207.0 -253.0 -286.0 -267.0 
-243.0 -248.0 -246.0 -228.0 -221.0 -234.0 -228.0 
-173.0 -127.0 -122.0 -98.0 -31.0 -11.0 -39.0 
-9.0 56.0 80.0 79.0 73.0 84.0 85.0 
59.0 101.0 164.0 98.0 5.0 14.0 12.0 
-37.0 -31.0 -28.0 -73.0 -86.0 -117.0 -169.0 
-121.0 -75.0 -153.0 -212.0 -199.0 -214.0 -264.0 
-276.0 -245.0 -253.0 -321.0 -357.0 -317.0 -287.0 
-304.0 -299.0 -263.0 -245.0 -249.0 -243.0 -178.0 
-101.0 -103.0 -115.0 -42.0 10.0 -6.0 14.0 
103.0 152.0 138.0 160.0 211.0 207.0 195.0 
249.0 319.0 300.0 228.0 234.0 292.0 278.0 
237.0 239.0 216.0 164.0 150.0 146.0 119.0 
101.0 75.0 -2.0 -61.0 -58.0 -73.0 -139.0 
-168.0 -148.0 -184.0 -251.0 -232.0 -185.0 -216.0 
-251.0 -220.0 -203.0 -235.0 -252.0 -225.0 -178.0 
-150.0 -155.0 -149.0 -112.0 -76.0 -41.0 -4.0 
18.0 40.0 61.0 62.0 89.0 155.0 177.0 
143.0 149.0 181.0 175.0 178.0 213.0 211.0 
161.0 129.0 143.0 146.0 79.0 12.0 37.0 
42.0 -47.0 -77.0 -57.0 -116.0 -170.0 -147.0 
-141.0 -193.0 -249.0 -263.0 -242.0 -255.0 -311.0 
-330.0 -295.0 -305.0 -370.0 -392.0 -337.0 -310.0 
-358.0 -364.0 -299.0 -267.0 -274.0 -242.0 -196.0 
-174.0 -148.0 -87.0 -38.0 -14.0 66.0 136.0 
126.0 170.0 269.0 277.0 242.0 287.0 340.0 
303.0 247.0 253.0 277.0 238.0 190.0 209.0 
207.0 160.0 159.0 148.0 91.0 84.0 111.0 
103.0 69.0 0.0 -40.0 40.0 87.0 8.0 
-6.0 84.0 92.0 64.0 142.0 201.0 132.0 
138.0 225.0 220.0 185.0 180.0 209.0 270.0 
240.0 135.0 112.0 155.0 150.0 76.0 10.0 
-28.0 -69.0 -103.0 -104.0 -95.0 -165.0 -288.0 
-330.0 -275.0 -280.0 -381.0 -406.0 -343.0 -337.0 
-368.0 -336.0 -272.0 -251.0 -267.0 -211.0 -83.0 
-74.0 -180.0 -148.0 -4.0 1.0 -80.0 -49.0 
44.0 43.0 -14.0 3.0 124.0 192.0 105.0 
40.0 161.0 212.0 85.0 108.0 276.0 237.0 
77.0 149.0 273.0 232.0 216.0 310.0 352.0 
246.0 150.0 263.0 400.0 331.0 219.0 244.0 
272.0 197.0 175.0 226.0 235.0 146.0 21.0 
27.0 120.0 73.0 -58.0 -79.0 -48.0 -98.0 
-166.0 -152.0 -135.0 -175.0 -182.0 -163.0 -168.0 
-173.0 -184.0 -167.0 -107.0 -83.0 -146.0 -184.0 
-103.0 -38.0 -66.0 -80.0 -48.0 -50.0 -112.0 
-123.0 -60.0 -55.0 -135.0 -202.0 -218.0 -246.0 
-291.0 -318.0 -351.0 -395.0 -440.0 -498.0 -538.0 
-525.0 -513.0 -537.0 -555.0 -533.0 -500.0 -520.0 
-545.0 -457.0 -343.0 -394.0 -447.0 -293.0 -203.0 
-295.0 -213.0 -32.0 -86.0 -129.0 11.0 73.0 
84.0 196.0 261.0 262.0 325.0 395.0 427.0 
464.0 489.0 512.0 558.0 553.0 510.0 518.0 
556.0 537.0 471.0 438.0 448.0 425.0 353.0 
335.0 359.0 286.0 179.0 190.0 220.0 136.0 
33.0 46.0 62.0 -36.0 -114.0 -68.0 -61.0 
-157.0 -165.0 -97.0 -148.0 -213.0 -161.0 -144.0 
-181.0 -139.0 -133.0 -230.0 -211.0 -117.0 -187.0 
-256.0 -181.0 -190.0 -286.0 -249.0 -186.0 -249.0 
-255.0 -169.0 -192.0 -275.0 -256.0 -172.0 -151.0 
-208.0 -214.0 -151.0 -150.0 -201.0 -160.0 -72.0 
-83.0 -148.0 -138.0 -89.0 -113.0 -169.0 -155.0 
-112.0 -141.0 -193.0 -176.0 -132.0 -151.0 -208.0 
-191.0 -153.0 -234.0 -311.0 -223.0 -177.0 -274.0 
-294.0 -208.0 -202.0 -285.0 -286.0 -179.0 -157.0 
-238.0 -215.0 -107.0 -86.0 -89.0 -19.0 51.0 
97.0 157.0 205.0 253.0 354.0 406.0 394.0 
456.0 536.0 535.0 540.0 593.0 627.0 605.0 
566.0 585.0 586.0 523.0 513.0 515.0 431.0 
360.0 374.0 355.0 262.0 203.0 180.0 140.0 
102.0 54.0 -10.0 -51.0 -75.0 -120.0 -168.0 
-181.0 -215.0 -291.0 -330.0 -316.0 -333.0 -379.0 
-402.0 -405.0 -406.0 -420.0 -465.0 -474.0 -445.0 
-466.0 -508.0 -489.0 -464.0 -479.0 -486.0 -457.0 
-417.0 -416.0 -422.0 -378.0 -329.0 -305.0 -258.0 
-197.0 -178.0 -177.0 -134.0 -78.0 -59.0 -44.0 
-7.0 14.0 27.0 66.0 126.0 173.0 202.0 
229.0 243.0 253.0 278.0 305.0 326.0 335.0 
332.0 353.0 392.0 420.0 431.0 424.0 417.0 
415.0 389.0 362.0 350.0 323.0 301.0 277.0 
215.0 160.0 139.0 93.0 21.0 -13.0 -30.0 
-82.0 -138.0 -144.0 -157.0 -213.0 -255.0 -290.0 
-333.0 -357.0 -355.0 -348.0 -324.0 -313.0 -318.0 
-297.0 -285.0 -283.0 -218.0 -162.0 -191.0 -194.0 
-139.0 -118.0 -99.0 -46.0 -14.0 1.0 18.0 
48.0 107.0 141.0 139.0 147.0 169.0 192.0 
200.0 197.0 235.0 285.0 277.0 283.0 321.0 
329.0 338.0 336.0 306.0 311.0 305.0 254.0 
244.0 260.0 233.0 188.0 129.0 62.0 42.0 
18.0 -51.0 -100.0 -133.0 -191.0 -236.0 -301.0 
-367.0 -340.0 -340.0 -437.0 -465.0 -427.0 -460.0 
-513.0 -500.0 -491.0 -519.0 -560.0 -601.0 -575.0 
-535.0 -557.0 -569.0 -510.0 -475.0 -487.0 -420.0 
-321.0 -315.0 -310.0 -255.0 -201.0 -179.0 -159.0 
-116.0 -58.0 -8.0 21.0 39.0 61.0 93.0 
129.0 190.0 255.0 232.0 189.0 237.0 327.0 
372.0 326.0 323.0 402.0 376.0 298.0 354.0 
419.0 347.0 281.0 326.0 344.0 285.0 280.0 
345.0 349.0 308.0 291.0 286.0 288.0 279.0 
275.0 279.0 264.0 237.0 242.0 243.0 230.0 
243.0 223.0 196.0 188.0 175.0 152.0 106.0 
87.0 98.0 65.0 3.0 -19.0 -21.0 -21.0 
-61.0 -152.0 -231.0 -241.0 -256.0 -327.0 -350.0 
-359.0 -422.0 -435.0 -444.0 -479.0 -454.0 -429.0 
-479.0 -510.0 -435.0 -379.0 -388.0 -375.0 -334.0 
-279.0 -194.0 -195.0 -226.0 -128.0 -44.0 -32.0 
-27.0 -54.0 -47.0 4.0 7.0 2.0 28.0 
37.0 0.0 26.0 51.0 25.0 20.0 35.0 
51.0 28.0 29.0 59.0 59.0 94.0 126.0 
117.0 176.0 202.0 207.0 270.0 354.0 367.0 
373.0 413.0 475.0 497.0 480.0 492.0 484.0 
438.0 413.0 374.0 327.0 289.0 249.0 179.0 
115.0 96.0 31.0 -57.0 -66.0 -111.0 -188.0 
-239.0 -287.0 -294.0 -320.0 -342.0 -346.0 -355.0 
-358.0 -385.0 -369.0 -365.0 -385.0 -364.0 -373.0 
-376.0 -369.0 -362.0 -323.0 -353.0 -361.0 -320.0 
-338.0 -381.0 -312.0 -295.0 -355.0 -331.0 -287.0 
-290.0 -294.0 -221.0 -196.0 -168.0 -148.0 -125.0 
-59.0 -65.0 -79.0 -17.0 16.0 -33.0 -26.0 
59.0 38.0 -3.0 64.0 118.0 54.0 41.0 
125.0 135.0 104.0 142.0 174.0 148.0 167.0 
204.0 186.0 200.0 250.0 248.0 229.0 274.0 
293.0 247.0 233.0 279.0 288.0 232.0 236.0 
281.0 254.0 222.0 268.0 295.0 245.0 235.0 
292.0 260.0 211.0 252.0 257.0 203.0 198.0 
209.0 169.0 122.0 130.0 99.0 41.0 11.0 
-30.0 -84.0 -133.0 -193.0 -258.0 -302.0 -365.0 
-412.0 -425.0 -478.0 -534.0 -502.0 -511.0 -596.0 
-620.0 -557.0 -584.0 -637.0 -593.0 -545.0 -583.0 
-581.0 -529.0 -478.0 -476.0 -442.0 -406.0 -373.0 
-349.0 -338.0 -248.0 -201.0 -162.0 -156.0 -124.0 
-42.0 22.0 -16.0 64.0 191.0 141.0 100.0 
209.0 349.0 280.0 164.0 263.0 423.0 380.0 
244.0 322.0 416.0 313.0 326.0 379.0 300.0 
280.0 321.0 328.0 288.0 233.0 237.0 273.0 
276.0 247.0 243.0 222.0 188.0 194.0 145.0 
97.0 134.0 120.0 32.0 49.0 74.0 46.0 
10.0 6.0 4.0 -15.0 -45.0 -54.0 -38.0 
-33.0 -47.0 -80.0 -79.0 -17.0 -25.0 -47.0 
-26.0 19.0 76.0 12.0 -53.0 11.0 62.0 
22.0 -10.0 -12.0 -26.0 -48.0 -35.0 -66.0 
-90.0 -113.0 -163.0 -108.0 -98.0 -178.0 -172.0 
-162.0 -219.0 -244.0 -169.0 -216.0 -319.0 -244.0 
-185.0 -208.0 -227.0 -222.0 -222.0 -189.0 -152.0 
-105.0 -147.0 -187.0 -98.0 -68.0 -58.0 -11.0 
7.0 -29.0 -16.0 59.0 60.0 7.0 72.0 
76.0 14.0 57.0 114.0 108.0 86.0 134.0 
176.0 156.0 159.0 204.0 153.0 114.0 197.0 
177.0 104.0 125.0 150.0 111.0 62.0 91.0 
124.0 60.0 10.0 88.0 83.0 19.0 42.0 
80.0 66.0 -19.0 -18.0 12.0 -48.0 -69.0 
-28.0 -109.0 -121.0 -74.0 -161.0 -190.0 -136.0 
-126.0 -185.0 -200.0 -142.0 -133.0 -154.0 -163.0 
-111.0 -46.0 -92.0 -108.0 -58.0 -72.0 -50.0 
0.0 -26.0 -42.0 -11.0 -33.0 -60.0 -6.0 
3.0 -105.0 -163.0 -92.0 -92.0 -184.0 -198.0 
-138.0 -159.0 -238.0 -214.0 -127.0 -101.0 -79.0 
-38.0 -29.0 -8.0 55.0 78.0 13.0 5.0 
111.0 107.0 -48.0 -23.0 89.0 -15.0 -72.0 
25.0 27.0 -81.0 -106.0 12.0 36.0 -106.0 
-97.0 25.0 -24.0 -105.0 -43.0 3.0 -44.0 
-80.0 -40.0 30.0 4.0 -61.0 -62.0 -3.0 
38.0 3.0 -62.0 -15.0 73.0 48.0 -50.0 
10.0 124.0 11.0 -65.0 66.0 94.0 -49.0 
-46.0 94.0 46.0 -71.0 18.0 48.0 -38.0 
-63.0 2.0 29.0 13.0 0.0 18.0 82.0 
97.0 116.0 168.0 152.0 134.0 169.0 153.0 
154.0 200.0 100.0 -25.0 76.0 209.0 50.0 
-91.0 26.0 64.0 -75.0 -62.0 13.0 -65.0 
-118.0 -45.0 2.0 -52.0 -103.0 -69.0 20.0 
15.0 -74.0 -18.0 71.0 11.0 -37.0 -6.0 
13.0 28.0 -18.0 -60.0 47.0 61.0 -111.0 
-119.0 43.0 12.0 -137.0 -132.0 -24.0 -18.0 
-143.0 -171.0 -69.0 -84.0 -169.0 -122.0 -38.0 
-88.0 -135.0 -56.0 -3.0 -74.0 -111.0 -59.0 
-60.0 -93.0 -90.0 -130.0 -122.0 -94.0 -121.0 
-130.0 -106.0 -52.0 -59.0 -171.0 -126.0 10.0 
-66.0 -137.0 -24.0 14.0 -67.0 -38.0 56.0 
6.0 -76.0 -3.0 61.0 -23.0 -62.0 2.0 
24.0 20.0 35.0 30.0 21.0 43.0 74.0 
78.0 67.0 55.0 54.0 43.0 41.0 43.0 
20.0 2.0 -22.0 -31.0 -45.0 -75.0 -33.0 
-3.0 -66.0 -64.0 -17.0 -49.0 -91.0 -41.0 
-13.0 -99.0 -108.0 -41.0 -58.0 -71.0 -37.0 
-53.0 -41.0 69.0 96.0 43.0 93.0 128.0 
101.0 111.0 132.0 105.0 73.0 91.0 86.0 
29.0 38.0 86.0 65.0 29.0 56.0 76.0 
59.0 58.0 70.0 55.0 20.0 8.0 9.0 
-24.0 -66.0 -67.0 -86.0 -136.0 -144.0 -137.0 
-179.0 -208.0 -200.0 -222.0 -263.0 -282.0 -300.0 
-323.0 -314.0 -298.0 -346.0 -408.0 -391.0 -355.0 
-373.0 -365.0 -327.0 -352.0 -381.0 -331.0 -263.0 
-241.0 -246.0 -216.0 -151.0 -117.0 -94.0 -10.0 
51.0 38.0 90.0 201.0 226.0 200.0 239.0 
325.0 371.0 368.0 386.0 432.0 441.0 416.0 
439.0 479.0 459.0 430.0 450.0 477.0 439.0 
368.0 365.0 375.0 307.0 239.0 205.0 135.0 
61.0 28.0 3.0 -11.0 -48.0 -157.0 -229.0 
-185.0 -170.0 -259.0 -306.0 -286.0 -300.0 -331.0 
-336.0 -308.0 -283.0 -319.0 -322.0 -251.0 -230.0 
-248.0 -213.0 -184.0 -210.0 -182.0 -142.0 -189.0 
-190.0 -142.0 -166.0 -166.0 -104.0 -88.0 -128.0 
-109.0 -44.0 -26.0 -41.0 -68.0 -81.0 -65.0 
-75.0 -82.0 -31.0 -25.0 -97.0 -104.0 -21.0 
11.0 -54.0 -86.0 -24.0 13.0 3.0 22.0 
43.0 40.0 55.0 89.0 109.0 95.0 104.0 
128.0 109.0 106.0 148.0 151.0 103.0 90.0 
128.0 122.0 79.0 92.0 107.0 66.0 37.0 
58.0 42.0 -21.0 -21.0 21.0 -13.0 -74.0 
-39.0 5.0 -9.0 -11.0 -7.0 -4.0 25.0 
14.0 -17.0 34.0 101.0 40.0 8.0 111.0 
110.0 39.0 119.0 189.0 88.0 13.0 111.0 
146.0 49.0 56.0 123.0 76.0 19.0 67.0 
106.0 47.0 14.0 27.0 14.0 20.0 33.0 
23.0 12.0 8.0 21.0 21.0 8.0 35.0 
76.0 8.0 -77.0 1.0 112.0 30.0 -55.0 
11.0 36.0 -13.0 -3.0 49.0 37.0 -30.0 
-51.0 -26.0 -58.0 -132.0 -138.0 -92.0 -134.0 
-230.0 -259.0 -235.0 -200.0 -216.0 -284.0 -287.0 
-245.0 -234.0 -231.0 -226.0 -187.0 -128.0 -104.0 
-106.0 -78.0 -15.0 29.0 52.0 81.0 118.0 
146.0 149.0 175.0 228.0 209.0 152.0 136.0 
126.0 109.0 107.0 88.0 70.0 63.0 16.0 
-26.0 -8.0 -14.0 -72.0 -94.0 -107.0 -146.0 
-163.0 -158.0 -157.0 -171.0 -178.0 -155.0 -150.0 
-195.0 -226.0 -164.0 -96.0 -137.0 -188.0 -167.0 
-136.0 -142.0 -148.0 -100.0 -72.0 -135.0 -176.0 
-117.0 -61.0 -67.0 -70.0 -38.0 -26.0 -74.0 
-105.0 -75.0 -39.0 -54.0 -99.0 -101.0 -58.0 
-44.0 -27.0 8.0 26.0 29.0 26.0 23.0 
47.0 84.0 80.0 53.0 67.0 82.0 50.0 
66.0 134.0 125.0 70.0 101.0 153.0 142.0 
157.0 217.0 216.0 181.0 196.0 204.0 173.0 
163.0 174.0 152.0 104.0 74.0 67.0 62.0 
49.0 47.0 25.0 -19.0 -13.0 10.0 -10.0 
-4.0 43.0 21.0 -17.0 11.0 44.0 28.0 
20.0 54.0 20.0 -64.0 -76.0 -39.0 -56.0 
-83.0 -93.0 -169.0 -233.0 -206.0 -206.0 -263.0 
-328.0 -388.0 -410.0 -391.0 -398.0 -428.0 -440.0 
-439.0 -392.0 -361.0 -405.0 -393.0 -295.0 -239.0 
-229.0 -206.0 -169.0 -115.0 -58.0 -35.0 -5.0 
39.0 36.0 25.0 53.0 80.0 78.0 60.0 
51.0 78.0 82.0 35.0 31.0 79.0 108.0 
99.0 77.0 84.0 127.0 147.0 147.0 157.0 
147.0 121.0 114.0 124.0 141.0 147.0 145.0 
149.0 140.0 148.0 190.0 207.0 220.0 252.0 
238.0 217.0 249.0 267.0 244.0 228.0 226.0 
205.0 165.0 149.0 161.0 132.0 76.0 68.0 
58.0 -6.0 -30.0 -18.0 -60.0 -111.0 -141.0 
-187.0 -221.0 -216.0 -229.0 -265.0 -294.0 -309.0 
-315.0 -323.0 -328.0 -338.0 -361.0 -380.0 -362.0 
-361.0 -396.0 -392.0 -359.0 -348.0 -345.0 -321.0 
-298.0 -335.0 -336.0 -263.0 -268.0 -325.0 -314.0 
-282.0 -288.0 -291.0 -271.0 -260.0 -256.0 -232.0 
-198.0 -168.0 -128.0 -88.0 -68.0 -22.0 48.0 
73.0 79.0 158.0 223.0 222.0 254.0 330.0 
363.0 353.0 410.0 472.0 461.0 459.0 495.0 
509.0 509.0 496.0 452.0 451.0 457.0 416.0 
393.0 412.0 411.0 367.0 366.0 376.0 333.0 
304.0 297.0 268.0 250.0 235.0 210.0 188.0 
154.0 121.0 128.0 119.0 55.0 15.0 18.0 
-19.0 -84.0 -115.0 -124.0 -186.0 -274.0 -288.0 
-296.0 -368.0 -403.0 -364.0 -372.0 -445.0 -465.0 
-429.0 -448.0 -500.0 -461.0 -382.0 -427.0 -506.0 
-425.0 -342.0 -393.0 -374.0 -230.0 -214.0 -307.0 
-249.0 -126.0 -134.0 -144.0 -15.0 60.0 -38.0 
-73.0 45.0 69.0 13.0 64.0 97.0 -8.0 
-57.0 20.0 49.0 7.0 23.0 74.0 38.0 
-27.0 29.0 120.0 84.0 57.0 159.0 153.0 
48.0 122.0 217.0 135.0 110.0 228.0 210.0 
133.0 216.0 289.0 236.0 223.0 309.0 310.0 
231.0 240.0 271.0 244.0 230.0 222.0 176.0 
138.0 138.0 143.0 117.0 78.0 69.0 74.0 
38.0 21.0 54.0 24.0 -42.0 9.0 72.0 
3.0 -8.0 83.0 56.0 -29.0 6.0 30.0 
-25.0 -30.0 -2.0 -22.0 -77.0 -124.0 -98.0 
-84.0 -162.0 -184.0 -143.0 -212.0 -306.0 -256.0 
-236.0 -333.0 -348.0 -284.0 -297.0 -342.0 -283.0 
-188.0 -199.0 -244.0 -181.0 -100.0 -137.0 -156.0 
-46.0 -24.0 -110.0 -79.0 7.0 -22.0 -70.0 
-4.0 41.0 -32.0 -64.0 -8.0 -14.0 -63.0 
-54.0 -56.0 -124.0 -143.0 -117.0 -133.0 -160.0 
-168.0 -193.0 -351.0 -834.0 -1606.0 -2228.0 -2266.0 
-1843.0 -1443.0 -1313.0 -1278.0 -933.0 96.0 2043.0 
3435.0 1872.0 -898.0 -727.0 1964.0 3289.0 1482.0 
-404.0 105.0 1390.0 1123.0 -1593.0 -4131.0 -627.0 
5631.0 3922.0 -5349.0 -7709.0 1535.0 7187.0 1345.0 
-3889.0 -845.0 2317.0 1611.0 802.0 116.0 -699.0 
-176.0 2098.0 3060.0 478.0 -2041.0 -1336.0 1474.0 
3436.0 936.0 -3788.0 -2010.0 2656.0 367.0 -3514.0 
-1161.0 1385.0 -719.0 -2280.0 -784.0 137.0 -572.0 
596.0 2568.0 -314.0 -3777.0 24.0 5295.0 3491.0 
-1362.0 -1926.0 -462.0 -1968.0 -2065.0 1932.0 2329.0 
-1671.0 -2271.0 -488.0 -177.0 -127.0 -1501.0 -2924.0 
-27.0 1871.0 -991.0 -1769.0 1132.0 2248.0 491.0 
-991.0 -369.0 99.0 66.0 1231.0 247.0 -2456.0 
-1285.0 958.0 806.0 1578.0 795.0 -1551.0 555.0 
919.0 -857.0 1829.0 2579.0 -1976.0 -2948.0 -633.0 
34.0 1599.0 1228.0 -1706.0 185.0 2238.0 -1505.0 
-1018.0 3610.0 1818.0 -1543.0 502.0 2497.0 301.0 
-1177.0 -549.0 -489.0 -540.0 344.0 1615.0 856.0 
-244.0 1580.0 2249.0 -142.0 -749.0 557.0 456.0 
830.0 1969.0 189.0 -2100.0 -1681.0 -334.0 375.0 
936.0 906.0 -492.0 -1113.0 -611.0 -1209.0 -1905.0 
-521.0 1394.0 1514.0 1295.0 1942.0 394.0 -1483.0 
-296.0 1147.0 42.0 -1699.0 -1240.0 -1083.0 -1660.0 
-399.0 -400.0 -1762.0 -380.0 1273.0 58.0 30.0 
2229.0 792.0 -2346.0 -2141.0 -1251.0 -551.0 935.0 
390.0 -1318.0 -14.0 1694.0 1025.0 406.0 -199.0 
-2141.0 -1218.0 2799.0 2347.0 -1755.0 -1786.0 831.0 
478.0 -1467.0 -1295.0 701.0 711.0 -1208.0 -805.0 
1150.0 108.0 -2245.0 -710.0 2011.0 1652.0 -9.0 
-1002.0 -2163.0 -2758.0 53.0 3404.0 1626.0 -2579.0 
-3071.0 43.0 2584.0 1927.0 -1276.0 -2228.0 337.0 
1477.0 32.0 -1157.0 -1557.0 -1181.0 -481.0 -87.0 
254.0 1431.0 2385.0 1514.0 -31.0 -2119.0 -4146.0 
-1258.0 3437.0 1708.0 -1579.0 1334.0 3359.0 -364.0 
-1688.0 3.0 304.0 462.0 1301.0 1818.0 1095.0 
-1148.0 -1876.0 327.0 970.0 -730.0 -1092.0 146.0 
1218.0 220.0 -786.0 667.0 -319.0 -3129.0 -854.0 
2311.0 319.0 -1252.0 569.0 534.0 -1836.0 -1927.0 
480.0 1471.0 528.0 -655.0 -950.0 -343.0 184.0 
170.0 -574.0 -879.0 357.0 1091.0 1369.0 1660.0 
-981.0 -3739.0 -1491.0 883.0 250.0 90.0 594.0 
395.0 618.0 522.0 -504.0 31.0 1269.0 1674.0 
2132.0 706.0 -2112.0 -1904.0 1332.0 2147.0 -160.0 
-769.0 -480.0 -190.0 1101.0 -129.0 -2070.0 -449.0 
1535.0 1562.0 963.0 450.0 695.0 564.0 -712.0 
-516.0 374.0 -257.0 59.0 1612.0 1547.0 195.0 
-446.0 -412.0 230.0 1555.0 994.0 -1379.0 -2475.0 
-3195.0 -1183.0 3644.0 2902.0 -2076.0 -1684.0 1418.0 
985.0 -30.0 798.0 1643.0 1654.0 425.0 -807.0 
-646.0 -1569.0 -1904.0 200.0 1090.0 -765.0 -2117.0 
-1628.0 -1541.0 -1534.0 -116.0 933.0 456.0 53.0 
-293.0 -513.0 287.0 357.0 -1742.0 -1713.0 1315.0 
1354.0 -137.0 528.0 -623.0 -2720.0 -624.0 1662.0 
419.0 -300.0 933.0 711.0 -1092.0 -1328.0 -595.0 
-830.0 -442.0 1297.0 1419.0 -252.0 187.0 1533.0 
-663.0 -2513.0 -383.0 290.0 -933.0 658.0 1893.0 
-303.0 -1713.0 -274.0 1835.0 2187.0 252.0 -816.0 
240.0 15.0 -1780.0 -2165.0 -935.0 718.0 979.0 
-225.0 -256.0 -52.0 -125.0 934.0 1459.0 130.0 
-550.0 594.0 -229.0 -2487.0 -2196.0 -391.0 537.0 
786.0 1080.0 1257.0 279.0 -1300.0 -1435.0 -770.0 
-1137.0 -991.0 -522.0 -1981.0 -2107.0 1021.0 3321.0 
2527.0 608.0 -548.0 -792.0 -486.0 633.0 1011.0 
-714.0 -1939.0 -1457.0 -920.0 -520.0 676.0 1876.0 
1323.0 -420.0 -909.0 41.0 624.0 1322.0 2149.0 
1069.0 -1451.0 -2033.0 -101.0 896.0 196.0 -144.0 
-720.0 -925.0 561.0 1407.0 255.0 -606.0 42.0 
501.0 -608.0 -1057.0 288.0 1027.0 584.0 -485.0 
-1325.0 -199.0 1687.0 790.0 -1347.0 -1371.0 -193.0 
708.0 1515.0 1298.0 -25.0 -398.0 367.0 698.0 
20.0 -791.0 -719.0 -1117.0 -2318.0 -1163.0 1214.0 
1079.0 588.0 1545.0 936.0 -673.0 -470.0 -261.0 
-798.0 -102.0 428.0 506.0 1372.0 1180.0 -782.0 
-1194.0 707.0 1853.0 1772.0 715.0 -1688.0 -2996.0 
-1319.0 376.0 -100.0 -459.0 63.0 174.0 852.0 
1472.0 444.0 418.0 650.0 -1174.0 -1727.0 -559.0 
-491.0 -189.0 565.0 122.0 -55.0 271.0 386.0 
767.0 681.0 -299.0 -834.0 213.0 760.0 -658.0 
-74.0 2371.0 1254.0 -853.0 270.0 1078.0 493.0 
1086.0 1289.0 -608.0 -841.0 334.0 -132.0 -59.0 
713.0 -164.0 -578.0 594.0 493.0 370.0 1415.0 
710.0 -493.0 941.0 1511.0 -664.0 -1775.0 -817.0 
543.0 1315.0 228.0 -2209.0 -2436.0 -99.0 1409.0 
1072.0 54.0 -1981.0 -3388.0 -665.0 2275.0 520.0 
-915.0 137.0 -843.0 -991.0 1738.0 1206.0 -2123.0 
-2560.0 -2129.0 -2938.0 -2606.0 -762.0 1127.0 1809.0 
531.0 -1156.0 -667.0 169.0 -247.0 -439.0 -846.0 
-1939.0 -1565.0 -234.0 399.0 718.0 1489.0 2658.0 
1986.0 -796.0 -1994.0 -749.0 -424.0 -425.0 56.0 
-1069.0 -1692.0 88.0 1121.0 -331.0 -437.0 654.0 
-399.0 -849.0 169.0 305.0 664.0 976.0 -393.0 
-1221.0 -1540.0 -2943.0 -1629.0 1073.0 115.0 -659.0 
455.0 -765.0 -1208.0 826.0 506.0 -445.0 902.0 
1514.0 418.0 -261.0 -117.0 -473.0 -698.0 447.0 
329.0 -318.0 1288.0 2549.0 1660.0 910.0 850.0 
-404.0 -1014.0 1225.0 896.0 -2167.0 -1163.0 193.0 
-2061.0 -2270.0 120.0 -295.0 -1420.0 531.0 2169.0 
1693.0 745.0 -358.0 -158.0 961.0 1333.0 3437.0 
4105.0 426.0 -273.0 3926.0 4836.0 641.0 -1273.0 
-810.0 -1134.0 525.0 1201.0 -2012.0 -1384.0 3853.0 
4872.0 1086.0 -605.0 384.0 -1004.0 -3323.0 -2724.0 
-2891.0 -2462.0 827.0 -199.0 -3671.0 -2177.0 1555.0 
2500.0 3569.0 4802.0 1929.0 -1351.0 -2445.0 -2796.0 
-529.0 1690.0 -178.0 -2187.0 -1058.0 1788.0 3356.0 
1403.0 -1950.0 -1440.0 2636.0 3073.0 924.0 1641.0 
26.0 -3712.0 -2208.0 -1100.0 -2298.0 -1068.0 -828.0 
-1416.0 3.0 1392.0 556.0 -2882.0 -3141.0 1094.0 
1251.0 -2582.0 -1472.0 2717.0 1798.0 165.0 2395.0 
972.0 -2150.0 879.0 3336.0 -1382.0 -4718.0 -1149.0 
1773.0 700.0 -1325.0 -530.0 336.0 -3833.0 -3074.0 
3658.0 4824.0 -1309.0 -6240.0 -834.0 3588.0 -2215.0 
-716.0 5980.0 2305.0 -940.0 -336.0 -1397.0 -417.0 
1107.0 955.0 322.0 117.0 1345.0 3241.0 3790.0 
-515.0 -3040.0 -179.0 -268.0 208.0 3140.0 1989.0 
449.0 -810.0 -677.0 2628.0 832.0 -2735.0 1084.0 
3099.0 -873.0 -2166.0 -99.0 1897.0 1152.0 -137.0 
-574.0 -1123.0 -685.0 -2554.0 -2682.0 1890.0 -880.0 
-4833.0 289.0 1023.0 -305.0 3917.0 3946.0 -1247.0 
-1590.0 340.0 -1325.0 -168.0 2916.0 -171.0 -3711.0 
-1592.0 145.0 -440.0 40.0 329.0 -364.0 -361.0 
959.0 -473.0 -4342.0 -2399.0 1001.0 -924.0 -2718.0 
160.0 3464.0 2668.0 535.0 3.0 -1247.0 -1930.0 
1209.0 3298.0 1410.0 -1696.0 -3120.0 -1401.0 475.0 
-227.0 -843.0 -270.0 305.0 1613.0 321.0 -1327.0 
-20.0 -547.0 -637.0 1401.0 575.0 -468.0 974.0 
910.0 -1605.0 -2850.0 -250.0 538.0 -926.0 -590.0 
25.0 3137.0 5450.0 511.0 -3253.0 -475.0 -276.0 
-2519.0 -2336.0 -1709.0 -1301.0 -198.0 -345.0 925.0 
3690.0 907.0 -2199.0 1420.0 3226.0 -114.0 200.0 
3284.0 1177.0 -3655.0 -1384.0 2206.0 94.0 -751.0 
516.0 2325.0 3095.0 -869.0 -3452.0 -1185.0 164.0 
196.0 811.0 593.0 -162.0 -775.0 -184.0 127.0 
-2058.0 -2154.0 558.0 1086.0 -233.0 -20.0 -1018.0 
-4767.0 -3301.0 1207.0 -200.0 -1406.0 2227.0 2585.0 
-275.0 55.0 400.0 -2576.0 -1912.0 1902.0 -290.0 
-2700.0 -1366.0 -813.0 636.0 1677.0 771.0 662.0 
1403.0 740.0 644.0 1084.0 239.0 1486.0 2254.0 
-329.0 -78.0 1588.0 -374.0 -1507.0 -1336.0 -814.0 
457.0 405.0 -45.0 17.0 19.0 1646.0 3039.0 
2352.0 2503.0 2738.0 2081.0 1392.0 -758.0 -3716.0 
-2594.0 1919.0 2640.0 1633.0 1421.0 965.0 2320.0 
2504.0 -904.0 -1180.0 1735.0 742.0 -1774.0 -2333.0 
-1708.0 -527.0 53.0 -507.0 -1657.0 -1441.0 -1107.0 
-1457.0 -86.0 1333.0 -115.0 -1371.0 393.0 935.0 
-1563.0 -1314.0 1919.0 1339.0 -846.0 225.0 1764.0 
1546.0 356.0 -1511.0 -2332.0 -1509.0 -983.0 -987.0 
-1141.0 -1245.0 -482.0 485.0 432.0 -218.0 223.0 
915.0 -109.0 -1104.0 -786.0 -1501.0 -1308.0 721.0 
-464.0 -2920.0 -2193.0 -421.0 -216.0 -669.0 110.0 
1153.0 665.0 424.0 679.0 6.0 431.0 -105.0 
-1671.0 -580.0 -366.0 -2728.0 -3575.0 -3297.0 -2890.0 
-983.0 557.0 -183.0 -1060.0 -823.0 -137.0 1593.0 
1467.0 -420.0 -267.0 868.0 1685.0 1792.0 1027.0 
667.0 1094.0 1418.0 1184.0 865.0 233.0 -369.0 
-317.0 766.0 1528.0 191.0 -538.0 317.0 115.0 
-481.0 79.0 198.0 -719.0 -643.0 914.0 903.0 
-252.0 763.0 2113.0 945.0 -1370.0 -2865.0 -1801.0 
299.0 217.0 989.0 3790.0 3041.0 -676.0 -1225.0 
1364.0 1797.0 -322.0 -544.0 594.0 331.0 15.0 
304.0 -914.0 -1531.0 -555.0 -143.0 76.0 -1196.0 
-2544.0 -777.0 177.0 -1776.0 -2248.0 41.0 1997.0 
2338.0 1224.0 -502.0 -802.0 -484.0 -1056.0 -2310.0 
-2878.0 -1191.0 -34.0 -592.0 13.0 144.0 -693.0 
201.0 819.0 41.0 -83.0 870.0 1225.0 -97.0 
-714.0 606.0 1839.0 1522.0 810.0 1357.0 1233.0 
-239.0 -1113.0 -2056.0 -2094.0 -701.0 -867.0 -1751.0 
-981.0 -780.0 -1625.0 -1025.0 282.0 533.0 307.0 
428.0 667.0 1486.0 2709.0 2961.0 1732.0 497.0 
-107.0 -626.0 -495.0 -177.0 -609.0 -1165.0 -1326.0 
-603.0 385.0 348.0 -161.0 334.0 1158.0 672.0 
-287.0 -32.0 1144.0 1631.0 1307.0 1351.0 1866.0 
1401.0 691.0 1750.0 1491.0 -746.0 -1939.0 -1566.0 
-1074.0 -1753.0 -2279.0 -1793.0 -877.0 135.0 341.0 
163.0 409.0 163.0 -130.0 208.0 -380.0 -816.0 
436.0 1213.0 386.0 -604.0 -1259.0 -1740.0 -1830.0 
-1587.0 -1573.0 -1711.0 -1672.0 -1465.0 -565.0 283.0 
478.0 1377.0 1980.0 1047.0 -97.0 -1148.0 -1205.0 
338.0 1573.0 1688.0 1108.0 533.0 109.0 -906.0 
-1084.0 196.0 15.0 -1479.0 -961.0 772.0 1274.0 
716.0 -359.0 -1299.0 -513.0 1049.0 166.0 -891.0 
-264.0 -737.0 -1240.0 -636.0 -269.0 177.0 357.0 
473.0 1009.0 776.0 509.0 846.0 85.0 -977.0 
-351.0 397.0 -287.0 -422.0 136.0 118.0 804.0 
966.0 -302.0 -229.0 -101.0 -1267.0 -886.0 -277.0 
-734.0 22.0 550.0 150.0 644.0 449.0 -452.0 
-168.0 -527.0 -1401.0 146.0 2079.0 1167.0 299.0 
1326.0 1511.0 547.0 225.0 898.0 915.0 -403.0 
-810.0 382.0 735.0 -65.0 9.0 474.0 144.0 
106.0 639.0 738.0 327.0 -546.0 -1205.0 -568.0 
-187.0 -1091.0 -1067.0 -385.0 -801.0 -973.0 -490.0 
-881.0 -1690.0 -1194.0 30.0 335.0 58.0 484.0 
316.0 -929.0 -845.0 203.0 376.0 627.0 1635.0 
2123.0 1623.0 1227.0 1042.0 67.0 -773.0 -752.0 
-1153.0 -1690.0 -1318.0 -1055.0 -544.0 701.0 968.0 
525.0 221.0 90.0 58.0 -311.0 -143.0 422.0 
233.0 345.0 746.0 114.0 -502.0 217.0 842.0 
663.0 1157.0 1143.0 -94.0 157.0 991.0 228.0 
-158.0 292.0 354.0 599.0 1084.0 1008.0 629.0 
703.0 1394.0 1943.0 1284.0 602.0 1280.0 1575.0 
647.0 1.0 -111.0 50.0 294.0 377.0 147.0 
93.0 235.0 480.0 1353.0 1319.0 -299.0 -1333.0 
-659.0 523.0 918.0 494.0 91.0 -102.0 76.0 
827.0 1168.0 750.0 312.0 86.0 99.0 64.0 
-787.0 -1555.0 -1125.0 -568.0 -875.0 -1197.0 -349.0 
455.0 -15.0 -267.0 185.0 149.0 -234.0 -261.0 
-515.0 -1335.0 -1475.0 -1253.0 -1335.0 -820.0 -242.0 
-82.0 313.0 464.0 -10.0 -199.0 60.0 237.0 
55.0 -394.0 -144.0 578.0 695.0 528.0 -23.0 
-1029.0 -1413.0 -1115.0 -508.0 -81.0 -142.0 34.0 
166.0 -296.0 -262.0 285.0 271.0 -294.0 -48.0 
868.0 628.0 -344.0 -233.0 593.0 549.0 7.0 
73.0 182.0 2.0 387.0 1268.0 1612.0 1613.0 
1910.0 1615.0 704.0 -71.0 -442.0 -3.0 363.0 
124.0 239.0 481.0 115.0 -426.0 -772.0 -1011.0 
-933.0 -404.0 172.0 293.0 -108.0 -676.0 -1071.0 
-1152.0 -1236.0 -1392.0 -1026.0 -686.0 -1171.0 -1513.0 
-1297.0 -1492.0 -1342.0 -215.0 600.0 615.0 214.0 
-241.0 -295.0 -220.0 -473.0 -577.0 -373.0 -7.0 
324.0 124.0 -484.0 -1019.0 -1018.0 -468.0 -498.0 
-1472.0 -1668.0 -686.0 -199.0 -485.0 -530.0 -177.0 
333.0 550.0 338.0 319.0 372.0 -283.0 -1106.0 
-970.0 -740.0 -1297.0 -1477.0 -606.0 4.0 -457.0 
-283.0 1062.0 1690.0 1418.0 1308.0 1184.0 830.0 
596.0 560.0 533.0 91.0 -382.0 -176.0 229.0 
428.0 324.0 -53.0 5.0 91.0 -803.0 -1761.0 
-1871.0 -1800.0 -2112.0 -2211.0 -1802.0 -1544.0 -1368.0 
-807.0 -235.0 95.0 238.0 449.0 668.0 445.0 
299.0 567.0 627.0 394.0 547.0 848.0 927.0 
1018.0 979.0 771.0 875.0 1248.0 981.0 418.0 
374.0 325.0 -226.0 -782.0 -1136.0 -1363.0 -911.0 
-236.0 -337.0 -738.0 -694.0 -468.0 -564.0 -873.0 
-1021.0 -997.0 -978.0 -767.0 -243.0 130.0 120.0 
74.0 -111.0 -523.0 -730.0 -590.0 -57.0 481.0 
570.0 620.0 872.0 804.0 691.0 987.0 811.0 
-48.0 -592.0 -682.0 -753.0 -612.0 -142.0 -144.0 
-447.0 -59.0 313.0 45.0 -181.0 -171.0 -2.0 
205.0 231.0 252.0 175.0 152.0 324.0 91.0 
-75.0 633.0 1047.0 590.0 389.0 639.0 517.0 
433.0 885.0 585.0 -589.0 -923.0 -181.0 379.0 
604.0 1086.0 1423.0 1066.0 634.0 577.0 514.0 
210.0 -15.0 -94.0 -98.0 264.0 555.0 372.0 
279.0 205.0 -381.0 -869.0 -842.0 -746.0 -830.0 
-985.0 -1237.0 -1223.0 -821.0 -775.0 -752.0 -81.0 
482.0 535.0 492.0 369.0 386.0 627.0 761.0 
616.0 603.0 737.0 766.0 819.0 641.0 355.0 
483.0 291.0 -202.0 33.0 70.0 -569.0 -604.0 
-119.0 33.0 -37.0 -218.0 -307.0 -284.0 -648.0 
-829.0 -303.0 63.0 -180.0 -16.0 631.0 503.0 
-181.0 -171.0 204.0 213.0 132.0 156.0 431.0 
1031.0 1305.0 1020.0 853.0 835.0 528.0 143.0 
142.0 -80.0 -660.0 -758.0 -633.0 -510.0 -203.0 
39.0 289.0 453.0 126.0 -262.0 -117.0 92.0 
-332.0 -1114.0 -1272.0 -707.0 -476.0 -747.0 -611.0 
-96.0 130.0 342.0 821.0 1093.0 1047.0 1175.0 
1563.0 1856.0 1676.0 1339.0 1285.0 1140.0 679.0 
405.0 324.0 76.0 -50.0 205.0 234.0 -56.0 
-40.0 -85.0 -541.0 -741.0 -570.0 -636.0 -678.0 
-321.0 -202.0 -240.0 -154.0 -87.0 145.0 572.0 
1224.0 1555.0 1182.0 828.0 767.0 768.0 965.0 
1228.0 1207.0 1028.0 745.0 459.0 415.0 94.0 
-451.0 -405.0 -71.0 -6.0 3.0 -96.0 -64.0 
173.0 -82.0 -724.0 -1070.0 -1154.0 -1458.0 -1815.0 
-1507.0 -741.0 -629.0 -1087.0 -1081.0 -758.0 -739.0 
-558.0 -131.0 -223.0 -718.0 -678.0 -99.0 89.0 
17.0 293.0 558.0 175.0 -362.0 -149.0 359.0 
581.0 812.0 946.0 712.0 451.0 178.0 -119.0 
11.0 157.0 -148.0 -317.0 -291.0 -527.0 -641.0 
-371.0 -360.0 -783.0 -929.0 -746.0 -744.0 -718.0 
-449.0 -245.0 -328.0 -438.0 -82.0 207.0 -205.0 
-502.0 -177.0 79.0 63.0 -108.0 -379.0 -416.0 
-331.0 -458.0 -513.0 -299.0 -30.0 174.0 222.0 
194.0 214.0 198.0 -58.0 -414.0 -354.0 102.0 
435.0 524.0 603.0 536.0 301.0 297.0 213.0 
-312.0 -411.0 115.0 20.0 -640.0 -711.0 -454.0 
-548.0 -794.0 -683.0 -530.0 -856.0 -1010.0 -626.0 
-382.0 -484.0 -480.0 -485.0 -675.0 -665.0 -327.0 
-23.0 197.0 560.0 823.0 791.0 959.0 1152.0 
869.0 635.0 740.0 654.0 363.0 34.0 -355.0 
-399.0 -148.0 -333.0 -799.0 -874.0 -752.0 -902.0 
-962.0 -582.0 -189.0 -103.0 -47.0 242.0 366.0 
30.0 -172.0 122.0 390.0 275.0 139.0 226.0 
307.0 325.0 460.0 769.0 1041.0 1115.0 1037.0 
877.0 677.0 443.0 211.0 70.0 -97.0 -138.0 
36.0 -64.0 -322.0 -428.0 -959.0 -1646.0 -1537.0 
-1047.0 -836.0 -568.0 -206.0 -155.0 -291.0 -145.0 
305.0 635.0 753.0 556.0 234.0 293.0 295.0 
-91.0 -382.0 -383.0 -391.0 -576.0 -786.0 -924.0 
-1063.0 -1067.0 -783.0 -605.0 -822.0 -900.0 -575.0 
-370.0 -400.0 -442.0 -512.0 -540.0 -328.0 -90.0 
-111.0 -227.0 -290.0 -289.0 -302.0 -415.0 -597.0 
-677.0 -537.0 -439.0 -525.0 -407.0 43.0 428.0 
506.0 462.0 546.0 823.0 892.0 619.0 446.0 
527.0 600.0 370.0 -17.0 -54.0 180.0 355.0 
570.0 741.0 620.0 516.0 793.0 1069.0 1156.0 
1124.0 728.0 367.0 432.0 362.0 15.0 -138.0 
-232.0 -381.0 -317.0 -78.0 82.0 -74.0 -336.0 
-220.0 -10.0 -145.0 -278.0 -106.0 31.0 -77.0 
-129.0 -155.0 -352.0 -460.0 -388.0 -466.0 -661.0 
-631.0 -481.0 -404.0 -201.0 77.0 182.0 124.0 
1.0 -106.0 -177.0 -187.0 -300.0 -573.0 -638.0 
-534.0 -580.0 -621.0 -457.0 -367.0 -515.0 -589.0 
-386.0 -128.0 -105.0 -326.0 -448.0 -333.0 -325.0 
-352.0 -192.0 14.0 107.0 81.0 162.0 332.0 
371.0 399.0 448.0 285.0 78.0 289.0 727.0 
820.0 586.0 432.0 425.0 283.0 6.0 -123.0 
-104.0 59.0 526.0 1145.0 1393.0 1261.0 1374.0 
1537.0 1217.0 757.0 574.0 537.0 537.0 584.0 
566.0 491.0 515.0 531.0 368.0 281.0 299.0 
266.0 288.0 337.0 432.0 635.0 799.0 824.0 
824.0 990.0 1127.0 988.0 682.0 289.0 -38.0 
-185.0 -331.0 -347.0 -214.0 -216.0 -224.0 -132.0 
-168.0 -301.0 -326.0 -216.0 -55.0 20.0 -158.0 
-402.0 -246.0 45.0 -10.0 -51.0 241.0 458.0 
425.0 424.0 406.0 279.0 215.0 213.0 155.0 
58.0 -48.0 -227.0 -470.0 -641.0 -590.0 -454.0 
-420.0 -314.0 -121.0 -41.0 15.0 92.0 16.0 
-137.0 -255.0 -289.0 -212.0 -125.0 4.0 211.0 
235.0 94.0 106.0 8.0 -341.0 -497.0 -399.0 
-340.0 -215.0 -13.0 -72.0 -191.0 -152.0 -166.0 
-147.0 -79.0 -121.0 -86.0 105.0 284.0 254.0 
-84.0 -380.0 -458.0 -476.0 -292.0 34.0 182.0 
157.0 171.0 231.0 178.0 -4.0 -47.0 142.0 
336.0 395.0 313.0 226.0 218.0 115.0 -162.0 
-429.0 -632.0 -817.0 -872.0 -804.0 -755.0 -706.0 
-576.0 -322.0 15.0 204.0 188.0 230.0 380.0 
351.0 240.0 344.0 394.0 265.0 216.0 245.0 
248.0 168.0 11.0 -46.0 -29.0 -267.0 -661.0 
-882.0 -942.0 -899.0 -880.0 -914.0 -842.0 -764.0 
-806.0 -804.0 -811.0 -954.0 -986.0 -831.0 -654.0 
-370.0 -119.0 -139.0 -208.0 -215.0 -356.0 -497.0 
-465.0 -491.0 -583.0 -578.0 -558.0 -540.0 -520.0 
-578.0 -581.0 -430.0 -303.0 -245.0 -305.0 -575.0 
-705.0 -493.0 -391.0 -443.0 -274.0 -36.0 0.0 
-88.0 -256.0 -399.0 -314.0 -78.0 51.0 56.0 
67.0 40.0 -33.0 24.0 178.0 217.0 269.0 
444.0 531.0 488.0 560.0 784.0 803.0 626.0 
682.0 838.0 696.0 427.0 281.0 178.0 64.0 
21.0 -35.0 -187.0 -169.0 54.0 123.0 48.0 
50.0 73.0 114.0 262.0 374.0 245.0 145.0 
320.0 403.0 237.0 75.0 -31.0 -189.0 -346.0 
-364.0 -416.0 -633.0 -632.0 -342.0 -178.0 -248.0 
-396.0 -504.0 -610.0 -792.0 -925.0 -972.0 -1066.0 
-1138.0 -1101.0 -1108.0 -1124.0 -922.0 -568.0 -306.0 
-184.0 -22.0 146.0 -4.0 -187.0 -141.0 -307.0 
-425.0 -45.0 307.0 303.0 344.0 611.0 916.0 
1039.0 963.0 1004.0 1361.0 1713.0 1746.0 1562.0 
1229.0 783.0 591.0 686.0 597.0 259.0 22.0 
44.0 258.0 432.0 316.0 61.0 -39.0 -4.0 
80.0 202.0 288.0 348.0 458.0 524.0 426.0 
313.0 369.0 416.0 329.0 383.0 513.0 402.0 
269.0 317.0 268.0 158.0 200.0 252.0 269.0 
280.0 235.0 231.0 304.0 228.0 -31.0 -164.0 
-65.0 90.0 312.0 444.0 245.0 0.0 -88.0 
-104.0 -27.0 -8.0 -141.0 -185.0 -23.0 142.0 
171.0 70.0 -187.0 -498.0 -583.0 -483.0 -502.0 
-600.0 -586.0 -399.0 -195.0 -357.0 -576.0 -263.0 
7.0 -151.0 -107.0 98.0 28.0 -102.0 -120.0 
-69.0 7.0 -7.0 -3.0 238.0 473.0 291.0 
71.0 155.0 177.0 111.0 209.0 437.0 676.0 
882.0 1034.0 1041.0 810.0 519.0 468.0 531.0 
382.0 237.0 279.0 217.0 10.0 -125.0 -254.0 
-434.0 -521.0 -428.0 -205.0 -74.0 -124.0 -99.0 
65.0 196.0 280.0 341.0 305.0 258.0 228.0 
71.0 12.0 190.0 284.0 254.0 241.0 108.0 
-115.0 -293.0 -427.0 -476.0 -471.0 -569.0 -708.0 
-760.0 -736.0 -643.0 -548.0 -591.0 -768.0 -901.0 
-943.0 -986.0 -1013.0 -901.0 -670.0 -631.0 -878.0 
-1062.0 -980.0 -775.0 -504.0 -215.0 -238.0 -376.0 
-122.0 78.0 -124.0 -167.0 -55.0 -264.0 -297.0 
12.0 -86.0 -404.0 -374.0 -365.0 -565.0 -500.0 
-296.0 -354.0 -395.0 -292.0 -337.0 -389.0 -269.0 
-104.0 -33.0 -38.0 68.0 245.0 223.0 191.0 
398.0 412.0 148.0 128.0 227.0 91.0 -33.0 
1.0 17.0 -50.0 -181.0 -254.0 -144.0 40.0 
151.0 190.0 158.0 97.0 112.0 205.0 328.0 
456.0 567.0 656.0 770.0 874.0 881.0 859.0 
858.0 775.0 592.0 458.0 490.0 571.0 478.0 
367.0 441.0 467.0 232.0 -171.0 -516.0 -661.0 
-705.0 -755.0 -774.0 -742.0 -619.0 -370.0 -116.0 
-3.0 -18.0 -8.0 65.0 18.0 -226.0 -460.0 
-533.0 -511.0 -469.0 -390.0 -284.0 -278.0 -368.0 
-392.0 -340.0 -394.0 -571.0 -652.0 -652.0 -774.0 
-858.0 -731.0 -530.0 -431.0 -423.0 -422.0 -407.0 
-318.0 -157.0 -107.0 -156.0 -18.0 266.0 346.0 
211.0 153.0 251.0 363.0 412.0 406.0 337.0 
309.0 405.0 504.0 563.0 627.0 730.0 870.0 
982.0 993.0 859.0 730.0 818.0 963.0 917.0 
847.0 965.0 1169.0 1269.0 1216.0 1128.0 1106.0 
1131.0 1144.0 997.0 696.0 455.0 343.0 182.0 
-46.0 -176.0 -224.0 -306.0 -458.0 -649.0 -771.0 
-658.0 -382.0 -204.0 -208.0 -312.0 -410.0 -454.0 
-463.0 -347.0 -58.0 208.0 247.0 46.0 -218.0 
-374.0 -383.0 -334.0 -319.0 -362.0 -367.0 -220.0 
-6.0 58.0 -88.0 -305.0 -379.0 -220.0 -35.0 
-92.0 -257.0 -260.0 -179.0 -109.0 -10.0 101.0 
156.0 66.0 -90.0 -138.0 -149.0 -250.0 -294.0 
-225.0 -262.0 -413.0 -530.0 -560.0 -512.0 -504.0 
-615.0 -741.0 -778.0 -756.0 -730.0 -807.0 -1023.0 
-1158.0 -1156.0 -1273.0 -1353.0 -1014.0 -606.0 -542.0 
-532.0 -510.0 -585.0 -337.0 53.0 -46.0 -171.0 
181.0 268.0 -185.0 -310.0 87.0 325.0 314.0 
417.0 504.0 530.0 769.0 937.0 701.0 577.0 
821.0 868.0 854.0 1146.0 1035.0 439.0 427.0 
862.0 726.0 371.0 528.0 634.0 276.0 66.0 
283.0 330.0 -34.0 -143.0 83.0 -34.0 -347.0 
-308.0 -161.0 -174.0 -129.0 -68.0 -178.0 -282.0 
-346.0 -527.0 -538.0 -229.0 -136.0 -427.0 -476.0 
-125.0 45.0 -64.0 -104.0 -79.0 -142.0 -203.0 
-159.0 -130.0 -256.0 -329.0 -116.0 53.0 -60.0 
-129.0 -36.0 -39.0 -131.0 -150.0 -225.0 -378.0 
-357.0 -286.0 -436.0 -544.0 -378.0 -299.0 -426.0 
-260.0 97.0 -16.0 -399.0 -407.0 -314.0 -540.0 
-571.0 -156.0 93.0 12.0 57.0 253.0 308.0 
306.0 397.0 361.0 44.0 -182.0 -160.0 -134.0 
-1.0 192.0 78.0 -22.0 217.0 235.0 -176.0 
-191.0 246.0 202.0 -186.0 29.0 503.0 234.0 
-209.0 -1.0 123.0 -170.0 -91.0 209.0 56.0 
-15.0 343.0 470.0 292.0 224.0 260.0 417.0 
773.0 1057.0 1059.0 992.0 1075.0 1129.0 983.0 
809.0 818.0 864.0 716.0 535.0 548.0 613.0 
604.0 585.0 553.0 499.0 359.0 114.0 -59.0 
-86.0 -148.0 -273.0 -366.0 -519.0 -570.0 -318.0 
-121.0 -223.0 -347.0 -414.0 -630.0 -885.0 -976.0 
-897.0 -797.0 -733.0 -577.0 -450.0 -458.0 -367.0 
-182.0 -49.0 12.0 -23.0 -42.0 46.0 190.0 
294.0 243.0 161.0 198.0 114.0 -253.0 -565.0 
-667.0 -830.0 -999.0 -959.0 -906.0 -862.0 -613.0 
-429.0 -567.0 -709.0 -656.0 -601.0 -590.0 -529.0 
-477.0 -435.0 -345.0 -336.0 -458.0 -487.0 -350.0 
-226.0 -151.0 26.0 258.0 388.0 477.0 590.0 
584.0 443.0 361.0 381.0 358.0 319.0 389.0 
402.0 227.0 188.0 408.0 584.0 642.0 725.0 
874.0 964.0 935.0 988.0 1150.0 1175.0 1109.0 
1052.0 855.0 502.0 319.0 376.0 355.0 280.0 
306.0 197.0 -41.0 -56.0 55.0 -1.0 -25.0 
140.0 208.0 141.0 156.0 219.0 204.0 181.0 
210.0 166.0 3.0 -194.0 -368.0 -480.0 -515.0 
-573.0 -761.0 -896.0 -780.0 -615.0 -699.0 -860.0 
-829.0 -766.0 -834.0 -879.0 -790.0 -740.0 -761.0 
-589.0 -372.0 -421.0 -378.0 -52.0 28.0 -215.0 
-241.0 -61.0 -70.0 -216.0 -275.0 -329.0 -464.0 
-410.0 -144.0 -104.0 -223.0 -124.0 -20.0 -32.0 
106.0 265.0 198.0 153.0 331.0 560.0 734.0 
881.0 882.0 728.0 601.0 540.0 484.0 413.0 
397.0 420.0 343.0 136.0 -48.0 -78.0 -45.0 
-32.0 -23.0 13.0 185.0 477.0 687.0 740.0 
669.0 494.0 313.0 177.0 -21.0 -271.0 -453.0 
-545.0 -646.0 -781.0 -820.0 -718.0 -625.0 -591.0 
-475.0 -300.0 -302.0 -517.0 -594.0 -349.0 -91.0 
-112.0 -260.0 -315.0 -270.0 -249.0 -353.0 -520.0 
-576.0 -561.0 -572.0 -576.0 -631.0 -732.0 -761.0 
-658.0 -512.0 -446.0 -406.0 -340.0 -320.0 -316.0 
-221.0 -97.0 -21.0 96.0 219.0 265.0 356.0 
478.0 440.0 322.0 367.0 420.0 312.0 295.0 
410.0 352.0 186.0 154.0 129.0 -44.0 -187.0 
-90.0 128.0 226.0 141.0 6.0 -39.0 -60.0 
-132.0 -201.0 -243.0 -269.0 -252.0 -162.0 -34.0 
-8.0 -69.0 -90.0 -80.0 -86.0 -21.0 63.0 
-34.0 -91.0 194.0 375.0 61.0 -183.0 -6.0 
194.0 215.0 125.0 -45.0 -184.0 -251.0 -209.0 
-6.0 197.0 191.0 91.0 209.0 486.0 581.0 
484.0 458.0 559.0 589.0 538.0 537.0 553.0 
536.0 529.0 556.0 530.0 433.0 379.0 366.0 
315.0 284.0 284.0 274.0 350.0 474.0 528.0 
560.0 601.0 559.0 462.0 499.0 596.0 500.0 
302.0 205.0 146.0 36.0 -74.0 -75.0 17.0 
42.0 -83.0 -235.0 -355.0 -491.0 -548.0 -462.0 
-391.0 -423.0 -413.0 -350.0 -369.0 -455.0 -500.0 
-499.0 -528.0 -502.0 -348.0 -233.0 -233.0 -286.0 
-357.0 -375.0 -347.0 -367.0 -355.0 -239.0 -210.0 
-317.0 -435.0 -537.0 -627.0 -557.0 -345.0 -298.0 
-444.0 -479.0 -340.0 -174.0 -87.0 -109.0 -104.0 
-35.0 -36.0 -67.0 55.0 190.0 50.0 -149.0 
-78.0 25.0 -126.0 -352.0 -421.0 -473.0 -550.0 
-419.0 -352.0 -639.0 -679.0 -267.0 -118.0 -355.0 
-408.0 -255.0 -198.0 -231.0 -129.0 135.0 189.0 
70.0 111.0 186.0 239.0 355.0 357.0 253.0 
309.0 458.0 436.0 311.0 309.0 279.0 69.0 
-45.0 53.0 105.0 54.0 92.0 209.0 322.0 
409.0 350.0 171.0 38.0 13.0 115.0 191.0 
32.0 -178.0 -32.0 232.0 149.0 -42.0 -41.0 
-50.0 -208.0 -200.0 -49.0 -174.0 -328.0 -159.0 
-80.0 -321.0 -467.0 -427.0 -557.0 -759.0 -687.0 
-586.0 -640.0 -483.0 -213.0 -334.0 -499.0 -226.0 
-87.0 -400.0 -379.0 11.0 -117.0 -453.0 -222.0 
4.0 -336.0 -508.0 -131.0 84.0 -7.0 61.0 
247.0 347.0 421.0 445.0 394.0 414.0 509.0 
494.0 446.0 530.0 693.0 838.0 915.0 956.0 
918.0 713.0 556.0 651.0 785.0 721.0 608.0 
595.0 504.0 328.0 259.0 223.0 101.0 91.0 
292.0 448.0 567.0 830.0 951.0 780.0 721.0 
778.0 608.0 521.0 764.0 814.0 527.0 494.0 
670.0 380.0 34.0 439.0 794.0 238.0 -157.0 
147.0 100.0 -171.0 120.0 252.0 -157.0 -14.0 
478.0 204.0 -108.0 301.0 346.0 -330.0 -512.0 
-105.0 -258.0 -705.0 -528.0 -384.0 -740.0 -758.0 
-353.0 -287.0 -440.0 -375.0 -329.0 -406.0 -387.0 
-403.0 -515.0 -470.0 -329.0 -394.0 -695.0 -887.0 
-722.0 -485.0 -612.0 -894.0 -866.0 -723.0 -810.0 
-808.0 -627.0 -746.0 -1037.0 -866.0 -527.0 -673.0 
-864.0 -693.0 -802.0 -1237.0 -1037.0 -343.0 -204.0 
-407.0 -249.0 -230.0 -619.0 -665.0 -491.0 -746.0 
-900.0 -642.0 -654.0 -920.0 -825.0 -513.0 -466.0 
-627.0 -644.0 -484.0 -335.0 -187.0 32.0 85.0 
-73.0 -115.0 -77.0 -137.0 -185.0 -139.0 -94.0 
-75.0 28.0 77.0 -42.0 117.0 541.0 546.0 
339.0 532.0 733.0 685.0 909.0 1097.0 730.0 
461.0 644.0 715.0 632.0 786.0 911.0 708.0 
527.0 503.0 395.0 297.0 344.0 321.0 272.0 
416.0 594.0 627.0 607.0 574.0 501.0 428.0 
337.0 92.0 -72.0 219.0 576.0 395.0 13.0 
-5.0 -21.0 -258.0 -273.0 -167.0 -337.0 -455.0 
-289.0 -109.0 -33.0 -39.0 1.0 138.0 148.0 
-60.0 -285.0 -409.0 -524.0 -689.0 -818.0 -798.0 
-660.0 -527.0 -501.0 -555.0 -509.0 -352.0 -302.0 
-430.0 -506.0 -383.0 -314.0 -378.0 -209.0 207.0 
419.0 312.0 175.0 196.0 204.0 78.0 -4.0 
-98.0 -196.0 47.0 381.0 294.0 167.0 338.0 
328.0 131.0 298.0 527.0 328.0 193.0 541.0 
935.0 951.0 772.0 795.0 1100.0 1232.0 952.0 
784.0 903.0 829.0 630.0 644.0 562.0 141.0 
-109.0 124.0 179.0 -130.0 -102.0 134.0 -147.0 
-634.0 -493.0 -75.0 -123.0 -240.0 59.0 337.0 
399.0 605.0 695.0 307.0 65.0 281.0 394.0 
199.0 79.0 123.0 81.0 81.0 182.0 87.0 
-77.0 -60.0 -108.0 -378.0 -385.0 -41.0 96.0 
25.0 28.0 28.0 -3.0 7.0 20.0 -44.0 
-338.0 -699.0 -795.0 -828.0 -991.0 -920.0 -491.0 
-373.0 -801.0 -982.0 -725.0 -657.0 -744.0 -566.0 
-488.0 -818.0 -869.0 -479.0 -519.0 -1009.0 -1062.0 
-807.0 -908.0 -933.0 -464.0 -174.0 -337.0 -354.0 
-212.0 -336.0 -375.0 -136.0 -187.0 -368.0 -118.0 
-40.0 -421.0 -355.0 70.0 2.0 -278.0 -202.0 
-40.0 -103.0 -240.0 -148.0 157.0 225.0 4.0 
-146.0 -177.0 -120.0 -35.0 -14.0 25.0 39.0 
49.0 272.0 500.0 296.0 -63.0 -67.0 147.0 
206.0 -15.0 -232.0 -101.0 152.0 271.0 395.0 
404.0 171.0 97.0 382.0 466.0 91.0 -52.0 
257.0 376.0 131.0 -48.0 68.0 231.0 40.0 
-283.0 -215.0 -51.0 -212.0 -387.0 -315.0 -333.0 
-571.0 -582.0 -456.0 -783.0 -1142.0 -742.0 -140.0 
-209.0 -507.0 -440.0 -275.0 -156.0 -12.0 -15.0 
-38.0 185.0 341.0 232.0 220.0 366.0 351.0 
67.0 -75.0 221.0 376.0 176.0 339.0 851.0 
778.0 376.0 600.0 821.0 345.0 175.0 825.0 
1100.0 732.0 739.0 1019.0 1051.0 1078.0 1142.0 
1088.0 990.0 774.0 538.0 590.0 751.0 801.0 
773.0 603.0 456.0 431.0 229.0 130.0 410.0 
495.0 169.0 28.0 331.0 433.0 42.0 -143.0 
78.0 -54.0 -487.0 -493.0 -366.0 -457.0 -402.0 
-332.0 -468.0 -487.0 -245.0 -89.0 -265.0 -362.0 
-269.0 -290.0 -230.0 87.0 293.0 210.0 137.0 
152.0 105.0 104.0 278.0 320.0 20.0 -169.0 
-31.0 88.0 106.0 153.0 112.0 4.0 -12.0 
1.0 -62.0 -167.0 -231.0 -90.0 69.0 -35.0 
-82.0 66.0 53.0 -125.0 -180.0 -190.0 -230.0 
-111.0 -33.0 -224.0 -276.0 -81.0 -86.0 -185.0 
-129.0 -236.0 -428.0 -337.0 -296.0 -531.0 -493.0 
-164.0 -237.0 -521.0 -399.0 -167.0 -165.0 -174.0 
-100.0 -53.0 -97.0 -117.0 -21.0 104.0 183.0 
190.0 164.0 125.0 -24.0 -195.0 -102.0 163.0 
123.0 -207.0 -299.0 -127.0 -40.0 30.0 209.0 
341.0 408.0 346.0 130.0 85.0 206.0 28.0 
-275.0 -272.0 -174.0 -255.0 -376.0 -418.0 -444.0 
-421.0 -313.0 -352.0 -665.0 -783.0 -529.0 -508.0 
-759.0 -797.0 -727.0 -695.0 -578.0 -513.0 -618.0 
-745.0 -767.0 -819.0 -907.0 -802.0 -638.0 -617.0 
-473.0 -160.0 -149.0 -459.0 -648.0 -679.0 -688.0 
-576.0 -378.0 -245.0 -145.0 -10.0 137.0 203.0 
132.0 66.0 24.0 -120.0 -161.0 81.0 301.0 
253.0 246.0 444.0 488.0 259.0 229.0 417.0 
258.0 -108.0 -47.0 236.0 105.0 -65.0 229.0 
432.0 127.0 -114.0 5.0 46.0 -158.0 -206.0 
33.0 125.0 -36.0 -114.0 -110.0 -115.0 7.0 
19.0 -178.0 -171.0 41.0 153.0 201.0 287.0 
252.0 61.0 -31.0 122.0 207.0 11.0 -134.0 
-88.0 -60.0 -4.0 120.0 107.0 -34.0 -99.0 
-100.0 -191.0 -250.0 -119.0 -41.0 -166.0 -191.0 
4.0 116.0 -11.0 -108.0 23.0 164.0 110.0 
83.0 266.0 430.0 435.0 442.0 500.0 512.0 
472.0 417.0 401.0 421.0 413.0 393.0 426.0 
535.0 660.0 685.0 594.0 497.0 516.0 611.0 
677.0 704.0 676.0 637.0 544.0 300.0 136.0 
173.0 162.0 70.0 90.0 138.0 150.0 131.0 
13.0 -12.0 78.0 56.0 37.0 107.0 50.0 
-148.0 -285.0 -342.0 -313.0 -204.0 -192.0 -269.0 
-237.0 -100.0 -83.0 -257.0 -319.0 -238.0 -233.0 
-158.0 -39.0 3.0 112.0 80.0 -142.0 -98.0 
49.0 -27.0 -59.0 -33.0 -10.0 158.0 294.0 
383.0 544.0 542.0 440.0 390.0 240.0 154.0 
274.0 436.0 521.0 377.0 166.0 176.0 228.0 
240.0 303.0 270.0 171.0 135.0 25.0 -53.0 
57.0 167.0 193.0 180.0 82.0 -50.0 -128.0 
-176.0 -192.0 -194.0 -269.0 -288.0 -170.0 -106.0 
-91.0 -65.0 -198.0 -341.0 -204.0 -40.0 -146.0 
-294.0 -282.0 -275.0 -280.0 -69.0 193.0 112.0 
-55.0 78.0 201.0 82.0 14.0 87.0 -4.0 
-262.0 -339.0 -240.0 -226.0 -248.0 -237.0 -350.0 
-414.0 -227.0 -201.0 -451.0 -452.0 -204.0 -255.0 
-546.0 -579.0 -448.0 -457.0 -438.0 -302.0 -281.0 
-356.0 -322.0 -247.0 -233.0 -315.0 -452.0 -413.0 
-269.0 -344.0 -479.0 -425.0 -349.0 -327.0 -319.0 
-356.0 -396.0 -446.0 -458.0 -336.0 -243.0 -312.0 
-348.0 -225.0 -136.0 -224.0 -309.0 -225.0 -139.0 
-159.0 -114.0 -62.0 -164.0 -285.0 -277.0 -153.0 
-11.0 44.0 72.0 135.0 178.0 196.0 159.0 
26.0 -36.0 58.0 70.0 -76.0 -107.0 -13.0 
82.0 247.0 343.0 202.0 76.0 141.0 136.0 
-60.0 -235.0 -230.0 -119.0 22.0 197.0 216.0 
-16.0 -206.0 -259.0 -321.0 -370.0 -334.0 -242.0 
-123.0 1.0 77.0 115.0 104.0 85.0 52.0 
-139.0 -341.0 -303.0 -246.0 -214.0 97.0 394.0 
332.0 276.0 365.0 269.0 101.0 261.0 519.0 
316.0 -53.0 32.0 223.0 101.0 29.0 184.0 
260.0 244.0 259.0 248.0 214.0 228.0 353.0 
524.0 522.0 393.0 255.0 101.0 124.0 225.0 
52.0 -141.0 2.0 218.0 208.0 139.0 202.0 
256.0 265.0 325.0 264.0 20.0 -70.0 -20.0 
-100.0 -147.0 -53.0 -51.0 -129.0 -124.0 -29.0 
137.0 220.0 131.0 74.0 67.0 8.0 -24.0 
30.0 66.0 40.0 84.0 194.0 229.0 188.0 
139.0 121.0 103.0 -45.0 -243.0 -235.0 -177.0 
-276.0 -371.0 -358.0 -192.0 8.0 -28.0 -213.0 
-300.0 -299.0 -275.0 -250.0 -298.0 -301.0 -125.0 
38.0 47.0 2.0 75.0 250.0 255.0 87.0 
110.0 380.0 488.0 352.0 382.0 554.0 463.0 
279.0 369.0 481.0 336.0 180.0 142.0 57.0 
39.0 129.0 95.0 97.0 193.0 61.0 -136.0 
-76.0 -4.0 -124.0 -261.0 -257.0 -176.0 -193.0 
-161.0 41.0 70.0 -83.0 -45.0 63.0 -1.0 
-46.0 -11.0 -34.0 -41.0 -51.0 -149.0 -205.0 
-249.0 -364.0 -333.0 -145.0 -216.0 -473.0 -494.0 
-515.0 -645.0 -366.0 89.0 -40.0 -284.0 -40.0 
-8.0 -401.0 -489.0 -305.0 -355.0 -429.0 -311.0 
-342.0 -399.0 -216.0 -162.0 -338.0 -376.0 -366.0 
-589.0 -776.0 -657.0 -468.0 -446.0 -438.0 -246.0 
-116.0 -221.0 -175.0 127.0 171.0 -101.0 -188.0 
-112.0 -195.0 -209.0 -10.0 22.0 -97.0 -17.0 
119.0 76.0 7.0 1.0 -19.0 -37.0 -55.0 
-51.0 29.0 136.0 237.0 310.0 329.0 295.0 
159.0 16.0 71.0 225.0 220.0 101.0 172.0 
429.0 548.0 468.0 386.0 392.0 490.0 609.0 
601.0 456.0 366.0 347.0 220.0 87.0 149.0 
242.0 222.0 267.0 341.0 220.0 95.0 229.0 
271.0 -19.0 -109.0 178.0 313.0 219.0 279.0 
392.0 239.0 -1.0 29.0 184.0 133.0 0.0 
110.0 261.0 115.0 -70.0 8.0 133.0 73.0 
-69.0 -129.0 -27.0 -13.0 -172.0 -214.0 -166.0 
-169.0 -225.0 -369.0 -408.0 -391.0 -558.0 -564.0 
-320.0 -388.0 -612.0 -433.0 -201.0 -385.0 -591.0 
-355.0 -27.0 -94.0 -246.0 -143.0 -90.0 -105.0 
42.0 28.0 -236.0 -277.0 -122.0 -162.0 -218.0 
-139.0 -232.0 -314.0 -67.0 75.0 -177.0 -373.0 
-235.0 -27.0 30.0 87.0 226.0 273.0 302.0 
406.0 369.0 158.0 -11.0 -17.0 -5.0 -117.0 
-125.0 69.0 203.0 99.0 20.0 81.0 106.0 
126.0 155.0 106.0 90.0 154.0 162.0 89.0 
19.0 -146.0 -385.0 -421.0 -412.0 -461.0 -242.0 
-11.0 -166.0 -357.0 -230.0 -167.0 -359.0 -326.0 
-124.0 -228.0 -402.0 -272.0 -121.0 -253.0 -272.0 
47.0 220.0 120.0 105.0 208.0 249.0 206.0 
142.0 55.0 -147.0 -205.0 125.0 384.0 203.0 
242.0 680.0 614.0 97.0 77.0 379.0 182.0 
-75.0 164.0 203.0 -69.0 -42.0 20.0 -88.0 
16.0 183.0 68.0 42.0 182.0 -9.0 -249.0 
-182.0 -191.0 -331.0 -304.0 -192.0 -121.0 -124.0 
-176.0 -197.0 -137.0 -60.0 -96.0 -24.0 159.0 
66.0 -126.0 -93.0 -94.0 -180.0 -169.0 -227.0 
-195.0 59.0 -5.0 -248.0 4.0 242.0 -115.0 
-265.0 157.0 199.0 -311.0 -395.0 -39.0 -62.0 
-283.0 -143.0 110.0 156.0 167.0 272.0 315.0 
295.0 349.0 391.0 285.0 198.0 298.0 343.0 
241.0 327.0 470.0 292.0 140.0 243.0 174.0 
-46.0 17.0 186.0 63.0 -118.0 -60.0 39.0 
-36.0 -124.0 48.0 249.0 155.0 36.0 68.0 
-2.0 6.0 309.0 372.0 128.0 215.0 352.0 
20.0 -153.0 93.0 79.0 -216.0 -227.0 -126.0 
-290.0 -376.0 -180.0 -19.0 29.0 115.0 125.0 
97.0 203.0 298.0 192.0 17.0 0.0 59.0 
31.0 34.0 67.0 -46.0 -140.0 -22.0 21.0 
-162.0 -265.0 -223.0 -261.0 -317.0 -202.0 -45.0 
-58.0 -135.0 -106.0 -74.0 -114.0 -131.0 -124.0 
-186.0 -226.0 -128.0 18.0 100.0 91.0 41.0 
11.0 15.0 60.0 95.0 -11.0 -186.0 -194.0 
-23.0 81.0 24.0 -22.0 41.0 58.0 -77.0 
-168.0 -126.0 -169.0 -292.0 -196.0 40.0 52.0 
-53.0 -16.0 -67.0 -295.0 -420.0 -391.0 -434.0 
-524.0 -462.0 -311.0 -188.0 -146.0 -236.0 -319.0 
-309.0 -376.0 -509.0 -526.0 -438.0 -434.0 -506.0 
-491.0 -459.0 -535.0 -609.0 -566.0 -475.0 -380.0 
-279.0 -281.0 -255.0 -152.0 -256.0 -342.0 -165.0 
-217.0 -461.0 -247.0 96.0 -100.0 -327.0 -105.0 
16.0 -216.0 -260.0 -80.0 -176.0 -298.0 -84.0 
58.0 12.0 101.0 189.0 188.0 308.0 382.0 
253.0 219.0 292.0 246.0 168.0 179.0 244.0 
223.0 129.0 229.0 411.0 347.0 237.0 335.0 
381.0 257.0 309.0 559.0 592.0 446.0 517.0 
592.0 329.0 168.0 432.0 553.0 257.0 157.0 
426.0 496.0 321.0 251.0 150.0 -69.0 -124.0 
-57.0 -54.0 83.0 267.0 228.0 264.0 455.0 
403.0 197.0 239.0 330.0 198.0 107.0 199.0 
213.0 98.0 52.0 60.0 21.0 -16.0 -12.0 
20.0 9.0 -139.0 -236.0 -134.0 -110.0 -268.0 
-259.0 -125.0 -228.0 -350.0 -209.0 -186.0 -373.0 
-289.0 -50.0 -106.0 -241.0 -131.0 -84.0 -274.0 
-324.0 -227.0 -275.0 -285.0 -106.0 -79.0 -205.0 
-157.0 -101.0 -253.0 -306.0 -175.0 -193.0 -347.0 
-340.0 -214.0 -188.0 -200.0 -176.0 -208.0 -207.0 
-125.0 -174.0 -264.0 -132.0 30.0 -49.0 -188.0 
-224.0 -330.0 -445.0 -293.0 -106.0 -286.0 -468.0 
-279.0 -125.0 -202.0 -148.0 6.0 0.0 0.0 
93.0 62.0 3.0 127.0 221.0 169.0 219.0 
329.0 288.0 293.0 413.0 283.0 54.0 184.0 
333.0 184.0 244.0 505.0 350.0 103.0 322.0 
455.0 153.0 80.0 297.0 193.0 -30.0 96.0 
176.0 -66.0 -185.0 -167.0 -340.0 -449.0 -306.0 
-279.0 -395.0 -314.0 -163.0 -232.0 -344.0 -312.0 
-335.0 -416.0 -344.0 -167.0 -88.0 -90.0 22.0 
242.0 282.0 22.0 -182.0 -109.0 -20.0 -84.0 
-123.0 -11.0 39.0 -16.0 131.0 298.0 115.0 
-93.0 11.0 65.0 -105.0 -89.0 71.0 -22.0 
-167.0 -67.0 13.0 -58.0 -95.0 -87.0 -104.0 
-82.0 -34.0 -28.0 29.0 172.0 247.0 184.0 
86.0 129.0 222.0 126.0 76.0 148.0 0.0 
-145.0 -5.0 22.0 