56.0 -27.0 -94.0 -50.0 58.0 1.0 -55.0 
61.0 115.0 84.0 78.0 20.0 38.0 198.0 
159.0 -27.0 -69.0 28.0 44.0 -79.0 -105.0 
78.0 152.0 5.0 -61.0 41.0 54.0 -101.0 
-184.0 -17.0 80.0 -42.0 -190.0 -211.0 -79.0 
69.0 -46.0 -243.0 -87.0 142.0 -13.0 -240.0 
-2.0 227.0 21.0 -81.0 75.0 246.0 193.0 
-88.0 2.0 344.0 172.0 -125.0 91.0 371.0 
212.0 -3.0 -1.0 115.0 184.0 -90.0 -312.0 
74.0 196.0 -256.0 -324.0 -61.0 66.0 -41.0 
-397.0 -273.0 269.0 106.0 -394.0 -183.0 237.0 
101.0 -207.0 -183.0 168.0 292.0 -43.0 -190.0 
42.0 166.0 -22.0 -227.0 -3.0 183.0 -145.0 
-316.0 -13.0 55.0 -203.0 -273.0 -168.0 -58.0 
-184.0 -363.0 -123.0 121.0 -178.0 -324.0 -16.0 
165.0 2.0 -210.0 28.0 458.0 212.0 -158.0 
133.0 352.0 151.0 63.0 195.0 236.0 155.0 
72.0 25.0 -1.0 7.0 47.0 -13.0 -103.0 
-181.0 -171.0 -74.0 -153.0 -251.0 -134.0 -112.0 
-205.0 -74.0 -19.0 -167.0 -93.0 11.0 -85.0 
-107.0 -66.0 9.0 190.0 163.0 84.0 221.0 
290.0 256.0 180.0 113.0 195.0 211.0 107.0 
125.0 93.0 -141.0 -119.0 51.0 -168.0 -317.0 
-89.0 -82.0 -276.0 -178.0 -31.0 -120.0 -220.0 
-116.0 110.0 146.0 -131.0 -84.0 374.0 393.0 
-59.0 -46.0 499.0 544.0 -2.0 -84.0 538.0 
723.0 91.0 -189.0 286.0 540.0 247.0 -38.0 
-23.0 267.0 263.0 -95.0 -122.0 133.0 98.0 
-177.0 -146.0 15.0 -71.0 -213.0 -108.0 -33.0 
-159.0 -215.0 -176.0 -11.0 -65.0 -360.0 -186.0 
121.0 -55.0 -154.0 19.0 1.0 -86.0 -166.0 
-130.0 45.0 -146.0 -382.0 0.0 171.0 -261.0 
-298.0 -58.0 5.0 -6.0 -235.0 -160.0 212.0 
-60.0 -324.0 15.0 108.0 25.0 10.0 -18.0 
247.0 215.0 -170.0 -2.0 191.0 -71.0 -217.0 
-158.0 -57.0 -95.0 -298.0 -245.0 -116.0 -161.0 
-168.0 -241.0 -144.0 76.0 -43.0 -100.0 82.0 
137.0 38.0 -25.0 168.0 303.0 91.0 48.0 
211.0 198.0 107.0 -37.0 -57.0 186.0 104.0 
-266.0 -187.0 57.0 0.0 -152.0 -185.0 -113.0 
-48.0 -33.0 -139.0 -115.0 63.0 39.0 22.0 
137.0 69.0 -18.0 97.0 223.0 43.0 -163.0 
58.0 225.0 -131.0 -289.0 -99.0 -39.0 -128.0 
-441.0 -416.0 39.0 -160.0 -468.0 -59.0 20.0 
-185.0 -23.0 -108.0 -52.0 303.0 -17.0 -192.0 
220.0 130.0 -94.0 61.0 66.0 16.0 -38.0 
-148.0 -45.0 57.0 -10.0 -61.0 -35.0 44.0 
126.0 125.0 -58.0 -90.0 160.0 221.0 55.0 
-27.0 6.0 94.0 86.0 -45.0 -59.0 13.0 
-40.0 -71.0 48.0 -2.0 -175.0 -54.0 142.0 
14.0 -111.0 32.0 86.0 18.0 42.0 39.0 
90.0 198.0 38.0 -86.0 118.0 106.0 -24.0 
50.0 -36.0 -155.0 -67.0 -122.0 -294.0 -228.0 
-130.0 -268.0 -314.0 -248.0 -266.0 -235.0 -296.0 
-289.0 -143.0 -153.0 -161.0 -110.0 -49.0 77.0 
58.0 -17.0 89.0 145.0 151.0 165.0 68.0 
39.0 142.0 151.0 20.0 -146.0 -54.0 242.0 
22.0 -274.0 -12.0 90.0 -74.0 -94.0 -122.0 
8.0 110.0 -85.0 -2.0 276.0 54.0 -57.0 
233.0 274.0 120.0 143.0 173.0 191.0 129.0 
-60.0 -20.0 171.0 24.0 -128.0 37.0 79.0 
-93.0 -78.0 27.0 6.0 33.0 131.0 130.0 
133.0 169.0 165.0 238.0 224.0 157.0 238.0 
295.0 332.0 424.0 337.0 253.0 353.0 337.0 
313.0 362.0 219.0 187.0 266.0 77.0 7.0 
156.0 2.0 -154.0 -31.0 -123.0 -198.0 -181.0 
-263.0 -62.0 -32.0 -393.0 -233.0 46.0 -207.0 
-296.0 -154.0 -173.0 -132.0 -132.0 -256.0 -165.0 
-70.0 -150.0 -147.0 -90.0 -91.0 -85.0 -69.0 
-9.0 94.0 85.0 35.0 146.0 187.0 146.0 
272.0 250.0 96.0 162.0 221.0 124.0 147.0 
172.0 85.0 65.0 -52.0 -181.0 -148.0 -190.0 
-235.0 -265.0 -305.0 -259.0 -332.0 -318.0 -146.0 
-251.0 -308.0 -98.0 -180.0 -300.0 -97.0 -60.0 
-99.0 -42.0 -108.0 -6.0 5.0 -171.0 26.0 
68.0 -190.0 -41.0 55.0 -168.0 -167.0 -104.0 
-77.0 -45.0 -252.0 -268.0 22.0 5.0 -128.0 
-11.0 -48.0 -169.0 -14.0 45.0 -88.0 -119.0 
-131.0 -169.0 -195.0 -281.0 -264.0 -158.0 -273.0 
-313.0 -103.0 -82.0 -95.0 -55.0 -69.0 115.0 
249.0 50.0 93.0 437.0 417.0 239.0 254.0 
326.0 406.0 309.0 210.0 321.0 311.0 242.0 
195.0 145.0 154.0 146.0 52.0 114.0 193.0 
-67.0 -131.0 144.0 158.0 -38.0 -35.0 45.0 
109.0 167.0 70.0 -40.0 81.0 231.0 108.0 
-108.0 -86.0 121.0 105.0 -171.0 -255.0 0.0 
103.0 -197.0 -272.0 -113.0 -124.0 -99.0 -124.0 
-338.0 -380.0 -183.0 -165.0 -254.0 -231.0 -156.0 
-178.0 -272.0 -267.0 -171.0 -82.0 -63.0 -166.0 
-163.0 -92.0 -117.0 -17.0 -46.0 -255.0 -141.0 
-13.0 -197.0 -236.0 -74.0 -50.0 -119.0 -202.0 
-222.0 -93.0 -53.0 -99.0 -57.0 0.0 -26.0 
1.0 171.0 86.0 -125.0 59.0 141.0 -88.0 
-24.0 29.0 -84.0 -7.0 -45.0 -109.0 121.0 
46.0 -188.0 102.0 232.0 28.0 111.0 205.0 
221.0 301.0 294.0 323.0 326.0 320.0 439.0 
391.0 155.0 230.0 418.0 256.0 77.0 159.0 
234.0 166.0 82.0 96.0 147.0 139.0 23.0 
-127.0 -83.0 40.0 -17.0 -100.0 -99.0 -104.0 
-111.0 -194.0 -195.0 -92.0 -116.0 -165.0 -63.0 
-37.0 -145.0 -91.0 -7.0 -81.0 -73.0 -10.0 
-11.0 2.0 34.0 -2.0 21.0 177.0 111.0 
-223.0 -235.0 154.0 208.0 -122.0 -295.0 -145.0 
-25.0 -140.0 -209.0 -125.0 -83.0 -125.0 -10.0 
-12.0 -150.0 -72.0 109.0 74.0 -99.0 20.0 
186.0 58.0 -134.0 -66.0 178.0 73.0 -217.0 
-182.0 105.0 141.0 -143.0 -200.0 -15.0 -27.0 
-169.0 -15.0 -18.0 -302.0 -168.0 -21.0 -183.0 
-205.0 -176.0 -49.0 43.0 -172.0 -196.0 162.0 
256.0 60.0 139.0 285.0 313.0 409.0 396.0 
333.0 449.0 529.0 430.0 399.0 439.0 429.0 
392.0 314.0 208.0 193.0 223.0 59.0 32.0 
213.0 55.0 -163.0 -155.0 -147.0 -63.0 -190.0 
-328.0 -151.0 -212.0 -346.0 -256.0 -269.0 -233.0 
-152.0 -236.0 -184.0 -148.0 -154.0 87.0 38.0 
-87.0 241.0 223.0 -73.0 114.0 144.0 -69.0 
26.0 17.0 -61.0 -99.0 -183.0 -90.0 -83.0 
-275.0 -77.0 108.0 -226.0 -283.0 -8.0 2.0 
-19.0 -72.0 -165.0 -27.0 -66.0 -209.0 -4.0 
64.0 -221.0 -303.0 -76.0 -17.0 -208.0 -268.0 
-115.0 -123.0 -278.0 -259.0 -106.0 -148.0 -393.0 
-269.0 -11.0 -189.0 -309.0 -64.0 51.0 -176.0 
-158.0 203.0 110.0 -186.0 61.0 244.0 -35.0 
-48.0 82.0 14.0 0.0 -10.0 -12.0 -15.0 
-150.0 -173.0 30.0 83.0 -65.0 -43.0 89.0 
-42.0 -60.0 191.0 131.0 -35.0 78.0 142.0 
99.0 -4.0 -80.0 46.0 89.0 -85.0 -185.0 
-31.0 -1.0 -142.0 -22.0 40.0 -169.0 -97.0 
7.0 -41.0 78.0 20.0 -95.0 77.0 111.0 
40.0 94.0 108.0 78.0 108.0 138.0 70.0 
64.0 121.0 114.0 46.0 -1.0 67.0 35.0 
-114.0 -40.0 57.0 -42.0 -159.0 -131.0 -19.0 
-44.0 -148.0 -209.0 -179.0 -62.0 -117.0 -203.0 
-82.0 23.0 -48.0 -67.0 -22.0 0.0 116.0 
117.0 -69.0 16.0 163.0 25.0 39.0 152.0 
16.0 -26.0 120.0 164.0 31.0 -92.0 -35.0 
62.0 62.0 59.0 -51.0 -68.0 155.0 31.0 
-121.0 161.0 157.0 -36.0 71.0 127.0 63.0 
109.0 134.0 70.0 14.0 71.0 229.0 170.0 
-17.0 102.0 283.0 186.0 74.0 173.0 290.0 
269.0 160.0 120.0 207.0 175.0 48.0 58.0 
101.0 140.0 156.0 -2.0 -53.0 124.0 131.0 
-44.0 -129.0 -74.0 -3.0 -96.0 -300.0 -312.0 
-259.0 -278.0 -252.0 -355.0 -445.0 -275.0 -227.0 
-322.0 -274.0 -245.0 -191.0 -111.0 -135.0 -116.0 
-120.0 -51.0 141.0 53.0 -187.0 -70.0 204.0 
183.0 -61.0 -95.0 107.0 15.0 -200.0 -13.0 
19.0 -238.0 -166.0 -94.0 -252.0 -218.0 -238.0 
-288.0 -169.0 -151.0 -207.0 -125.0 -1.0 -86.0 
-190.0 -49.0 80.0 66.0 90.0 29.0 53.0 
310.0 253.0 73.0 182.0 257.0 341.0 358.0 
126.0 104.0 295.0 265.0 108.0 136.0 163.0 
65.0 0.0 18.0 33.0 -109.0 -71.0 128.0 
-66.0 -227.0 11.0 73.0 -125.0 -109.0 -11.0 
38.0 24.0 -76.0 -3.0 95.0 -18.0 -90.0 
29.0 98.0 0.0 37.0 140.0 -77.0 -264.0 
40.0 221.0 -35.0 -151.0 12.0 13.0 -83.0 
-21.0 -47.0 -181.0 -70.0 50.0 -78.0 -194.0 
-223.0 -185.0 -77.0 -139.0 -342.0 -402.0 -255.0 
-52.0 -137.0 -403.0 -276.0 9.0 56.0 17.0 
-64.0 15.0 335.0 266.0 -119.0 -129.0 129.0 
171.0 -64.0 -208.0 -137.0 -89.0 -129.0 -216.0 
-303.0 -344.0 -205.0 -103.0 -224.0 -288.0 -178.0 
69.0 85.0 -127.0 26.0 229.0 58.0 74.0 
274.0 292.0 298.0 370.0 424.0 325.0 283.0 
460.0 529.0 393.0 389.0 555.0 525.0 388.0 
415.0 542.0 455.0 165.0 85.0 357.0 360.0 
-18.0 -20.0 266.0 141.0 -159.0 7.0 202.0 
37.0 -34.0 24.0 43.0 168.0 190.0 84.0 
88.0 138.0 148.0 110.0 51.0 80.0 218.0 
122.0 -168.0 -147.0 34.0 -35.0 -244.0 -393.0 
-307.0 -222.0 -405.0 -530.0 -573.0 -579.0 -497.0 
-565.0 -614.0 -593.0 -602.0 -455.0 -372.0 -511.0 
-495.0 -316.0 -273.0 -332.0 -267.0 -80.0 -146.0 
-275.0 -54.0 51.0 -216.0 -298.0 -185.0 -108.0 
-37.0 -152.0 -407.0 -352.0 -90.0 -145.0 -378.0 
-373.0 -243.0 -257.0 -326.0 -338.0 -256.0 -119.0 
-219.0 -338.0 -76.0 101.0 -141.0 -142.0 241.0 
253.0 31.0 31.0 239.0 453.0 213.0 -11.0 
358.0 466.0 105.0 142.0 349.0 250.0 152.0 
78.0 131.0 290.0 70.0 -60.0 187.0 195.0 
95.0 105.0 27.0 187.0 290.0 0.0 55.0 
336.0 192.0 83.0 118.0 174.0 189.0 102.0 
101.0 229.0 269.0 73.0 -29.0 184.0 268.0 
6.0 55.0 267.0 67.0 21.0 114.0 -11.0 
-26.0 8.0 -149.0 -136.0 49.0 -31.0 -194.0 
-224.0 -128.0 -19.0 -169.0 -279.0 -122.0 -33.0 
-140.0 -218.0 -113.0 31.0 -132.0 -287.0 -184.0 
-119.0 -169.0 -252.0 -287.0 -131.0 -173.0 -448.0 
-354.0 -16.0 -61.0 -391.0 -401.0 35.0 125.0 
-254.0 -227.0 155.0 220.0 -24.0 -204.0 22.0 
286.0 48.0 -120.0 69.0 130.0 65.0 -5.0 
-13.0 253.0 291.0 -2.0 41.0 252.0 261.0 
176.0 127.0 294.0 323.0 142.0 163.0 222.0 
290.0 265.0 58.0 143.0 335.0 66.0 -107.0 
70.0 90.0 34.0 60.0 105.0 78.0 -29.0 
-103.0 55.0 166.0 -84.0 -160.0 102.0 113.0 
-60.0 -7.0 123.0 219.0 151.0 0.0 130.0 
352.0 305.0 145.0 162.0 295.0 297.0 110.0 
8.0 93.0 202.0 133.0 -101.0 -185.0 -69.0 
-83.0 -240.0 -266.0 -299.0 -379.0 -317.0 -276.0 
-413.0 -450.0 -315.0 -386.0 -448.0 -273.0 -248.0 
-283.0 -175.0 -163.0 -147.0 2.0 45.0 -3.0 
50.0 135.0 84.0 -20.0 22.0 3.0 -49.0 
-26.0 -66.0 -6.0 126.0 -68.0 -154.0 22.0 
-30.0 -5.0 173.0 4.0 -154.0 47.0 203.0 
-30.0 -210.0 15.0 159.0 12.0 -121.0 -79.0 
47.0 21.0 -65.0 10.0 77.0 110.0 136.0 
147.0 205.0 128.0 94.0 276.0 280.0 204.0 
274.0 165.0 120.0 269.0 253.0 63.0 -2.0 
81.0 133.0 -3.0 -203.0 -93.0 85.0 -82.0 
-311.0 -291.0 -109.0 -73.0 -225.0 -260.0 -167.0 
-139.0 -164.0 -220.0 -238.0 -200.0 -145.0 -147.0 
-229.0 -241.0 -138.0 -52.0 -162.0 -226.0 -34.0 
-223.0 -266.0 80.0 -190.0 -389.0 -108.0 -167.0 
-239.0 -144.0 -240.0 -138.0 -9.0 -217.0 -181.0 
-34.0 -28.0 12.0 -104.0 -127.0 120.0 95.0 
-93.0 -53.0 -48.0 -168.0 -58.0 -68.0 -395.0 
-367.0 -149.0 -327.0 -459.0 -275.0 -215.0 -284.0 
-293.0 -254.0 -164.0 -52.0 55.0 41.0 87.0 
254.0 233.0 268.0 407.0 302.0 262.0 381.0 
361.0 283.0 268.0 305.0 330.0 144.0 -11.0 
179.0 242.0 112.0 55.0 -25.0 -36.0 74.0 
23.0 -47.0 -94.0 -49.0 118.0 0.0 -94.0 
99.0 147.0 108.0 193.0 271.0 300.0 333.0 
334.0 382.0 415.0 329.0 431.0 557.0 407.0 
255.0 312.0 461.0 300.0 43.0 136.0 281.0 
58.0 -124.0 -80.0 -78.0 -52.0 -163.0 -237.0 
-104.0 -158.0 -263.0 -132.0 -87.0 -88.0 9.0 
-7.0 37.0 23.0 -45.0 30.0 -59.0 -57.0 
101.0 -68.0 -189.0 -97.0 -217.0 -353.0 -304.0 
-310.0 -332.0 -344.0 -418.0 -378.0 -423.0 -434.0 
-253.0 -241.0 -231.0 -109.0 -88.0 -17.0 0.0 
-91.0 87.0 154.0 14.0 159.0 141.0 -33.0 
83.0 114.0 8.0 51.0 -65.0 -162.0 -13.0 
-54.0 -175.0 -165.0 27.0 153.0 -44.0 -102.0 
74.0 150.0 143.0 -2.0 -58.0 133.0 109.0 
18.0 69.0 31.0 73.0 123.0 -37.0 -63.0 
103.0 9.0 -73.0 76.0 68.0 6.0 158.0 
173.0 -53.0 89.0 399.0 84.0 -210.0 210.0 
378.0 0.0 -83.0 124.0 255.0 304.0 171.0 
31.0 237.0 420.0 289.0 288.0 324.0 287.0 
582.0 564.0 20.0 86.0 520.0 389.0 67.0 
53.0 224.0 241.0 -53.0 -190.0 105.0 56.0 
-245.0 -98.0 -26.0 -327.0 -393.0 -257.0 -195.0 
-302.0 -294.0 -82.0 -190.0 -307.0 -122.0 -98.0 
-118.0 15.0 11.0 -92.0 -63.0 6.0 98.0 
91.0 -15.0 82.0 240.0 76.0 -80.0 70.0 
285.0 284.0 52.0 11.0 238.0 272.0 119.0 
132.0 138.0 74.0 74.0 10.0 -62.0 -12.0 
98.0 -48.0 -293.0 -101.0 145.0 -90.0 -314.0 
-152.0 78.0 41.0 -150.0 -231.0 -45.0 99.0 
-59.0 -157.0 -70.0 5.0 -63.0 -159.0 -187.0 
-129.0 -146.0 -413.0 -451.0 -265.0 -307.0 -392.0 
-512.0 -508.0 -278.0 -448.0 -632.0 -339.0 -258.0 
-359.0 -307.0 -260.0 -174.0 -59.0 -145.0 -111.0 
42.0 -2.0 10.0 64.0 23.0 -19.0 -10.0 
10.0 -9.0 -27.0 51.0 184.0 50.0 -89.0 
93.0 258.0 37.0 -158.0 178.0 298.0 -126.0 
-225.0 16.0 71.0 -7.0 -130.0 -151.0 63.0 
94.0 -82.0 -163.0 -200.0 -66.0 187.0 52.0 
-132.0 162.0 252.0 -43.0 -172.0 8.0 230.0 
88.0 -221.0 -161.0 111.0 31.0 -387.0 -425.0 
-49.0 -43.0 -455.0 -558.0 -231.0 -178.0 -405.0 
-353.0 -191.0 -142.0 -64.0 -15.0 -68.0 0.0 
232.0 309.0 279.0 314.0 272.0 289.0 340.0 
244.0 176.0 263.0 257.0 81.0 92.0 169.0 
20.0 -67.0 3.0 59.0 -32.0 -157.0 -99.0 
28.0 -56.0 -141.0 -16.0 15.0 -73.0 -69.0 
37.0 76.0 -4.0 -16.0 74.0 67.0 -37.0 
-4.0 86.0 -3.0 -77.0 39.0 100.0 53.0 
29.0 76.0 208.0 131.0 -29.0 207.0 260.0 
-104.0 -58.0 215.0 187.0 95.0 -18.0 -81.0 
93.0 171.0 31.0 -29.0 23.0 154.0 150.0 
-60.0 -91.0 46.0 54.0 -136.0 -243.0 -77.0 
-75.0 -293.0 -271.0 -185.0 -246.0 -221.0 -140.0 
-272.0 -373.0 -190.0 -156.0 -277.0 -198.0 -39.0 
-91.0 -211.0 -93.0 46.0 25.0 -38.0 -26.0 
128.0 253.0 161.0 95.0 303.0 396.0 278.0 
265.0 264.0 311.0 473.0 297.0 29.0 129.0 
242.0 172.0 -31.0 -97.0 60.0 43.0 -64.0 
-88.0 -29.0 76.0 32.0 -33.0 61.0 186.0 
141.0 148.0 286.0 221.0 142.0 258.0 249.0 
209.0 326.0 287.0 130.0 168.0 240.0 126.0 
37.0 81.0 91.0 117.0 6.0 -93.0 45.0 
38.0 -89.0 -3.0 10.0 -97.0 -84.0 -15.0 
-15.0 -93.0 -89.0 68.0 18.0 -252.0 -184.0 
-1.0 -139.0 -170.0 -196.0 -310.0 -149.0 -114.0 
-341.0 -275.0 -177.0 -211.0 -237.0 -350.0 -223.0 
87.0 -65.0 -261.0 -19.0 66.0 -43.0 13.0 
0.0 -72.0 -69.0 -78.0 -46.0 -77.0 -250.0 
-197.0 -58.0 -244.0 -344.0 -65.0 15.0 -174.0 
-181.0 -80.0 -50.0 27.0 -3.0 -75.0 64.0 
95.0 82.0 198.0 26.0 -115.0 274.0 315.0 
-82.0 -33.0 212.0 285.0 86.0 -97.0 123.0 
228.0 32.0 32.0 112.0 -16.0 -59.0 54.0 
64.0 56.0 -43.0 -150.0 73.0 98.0 -167.0 
-86.0 78.0 -76.0 -256.0 -103.0 9.0 -170.0 
-166.0 97.0 -82.0 -335.0 40.0 148.0 -233.0 
-191.0 0.0 -35.0 15.0 -155.0 -283.0 41.0 
45.0 -147.0 -110.0 -81.0 25.0 143.0 12.0 
-91.0 -20.0 95.0 169.0 -28.0 -85.0 179.0 
168.0 0.0 36.0 14.0 -98.0 -22.0 77.0 
-38.0 -145.0 -80.0 -50.0 -88.0 -44.0 -47.0 
-14.0 128.0 95.0 -2.0 102.0 177.0 182.0 
244.0 246.0 244.0 233.0 258.0 263.0 207.0 
252.0 282.0 154.0 93.0 211.0 224.0 72.0 
42.0 156.0 137.0 12.0 59.0 149.0 94.0 
63.0 64.0 101.0 286.0 238.0 16.0 126.0 
197.0 99.0 181.0 217.0 65.0 18.0 81.0 
12.0 -88.0 -42.0 -26.0 -96.0 -164.0 -296.0 
-276.0 -64.0 -162.0 -355.0 -274.0 -251.0 -295.0 
-245.0 -291.0 -407.0 -355.0 -283.0 -389.0 -430.0 
-293.0 -254.0 -378.0 -299.0 -141.0 -237.0 -327.0 
-179.0 -66.0 -21.0 26.0 -35.0 10.0 91.0 
-16.0 -107.0 -112.0 -98.0 -83.0 -191.0 -248.0 
-131.0 -179.0 -290.0 -136.0 -119.0 -225.0 -87.0 
30.0 -21.0 -57.0 -35.0 59.0 108.0 27.0 
50.0 127.0 157.0 236.0 144.0 150.0 286.0 
252.0 226.0 239.0 271.0 303.0 198.0 175.0 
441.0 371.0 -7.0 131.0 313.0 147.0 9.0 
0.0 144.0 191.0 -51.0 -132.0 55.0 71.0 
-115.0 -167.0 -32.0 -15.0 -145.0 -96.0 34.0 
-8.0 -61.0 -12.0 12.0 13.0 66.0 67.0 
38.0 45.0 -23.0 16.0 91.0 -21.0 -71.0 
-37.0 -124.0 -158.0 -137.0 -170.0 -157.0 -184.0 
-236.0 -194.0 -126.0 -136.0 -259.0 -200.0 -105.0 
-217.0 -229.0 -230.0 -355.0 -233.0 -55.0 -227.0 
-367.0 -262.0 -243.0 -319.0 -308.0 -363.0 -397.0 
-300.0 -329.0 -404.0 -287.0 -138.0 -284.0 -363.0 
-136.0 -159.0 -288.0 -124.0 -91.0 -148.0 22.0 
11.0 -114.0 4.0 -2.0 4.0 143.0 -55.0 
-174.0 68.0 77.0 -115.0 -60.0 42.0 -72.0 
-109.0 -10.0 -31.0 -141.0 -25.0 130.0 46.0 
-47.0 27.0 241.0 302.0 93.0 43.0 220.0 
322.0 233.0 159.0 219.0 235.0 160.0 109.0 
171.0 203.0 34.0 97.0 352.0 174.0 11.0 
218.0 287.0 261.0 237.0 206.0 293.0 324.0 
283.0 205.0 204.0 331.0 246.0 96.0 94.0 
112.0 155.0 158.0 25.0 11.0 157.0 129.0 
1.0 30.0 180.0 190.0 -63.0 -19.0 193.0 
-86.0 -289.0 -58.0 28.0 -107.0 -235.0 -240.0 
-115.0 -86.0 -133.0 -151.0 -175.0 -22.0 7.0 
-98.0 96.0 119.0 10.0 219.0 322.0 218.0 
162.0 261.0 308.0 201.0 187.0 147.0 124.0 
271.0 88.0 -179.0 47.0 181.0 -50.0 -225.0 
-110.0 120.0 3.0 -212.0 -66.0 6.0 43.0 
161.0 120.0 177.0 227.0 129.0 272.0 428.0 
250.0 254.0 420.0 338.0 309.0 396.0 342.0 
277.0 257.0 274.0 299.0 181.0 114.0 270.0 
313.0 88.0 -7.0 180.0 191.0 14.0 43.0 
124.0 30.0 -109.0 -82.0 17.0 -18.0 -104.0 
-86.0 3.0 -36.0 -86.0 -56.0 -62.0 -25.0 
12.0 0.0 18.0 -20.0 -40.0 12.0 9.0 
-68.0 -92.0 -4.0 -34.0 -185.0 -211.0 -100.0 
-128.0 -220.0 -258.0 -298.0 -263.0 -280.0 -421.0 
-468.0 -340.0 -242.0 -315.0 -372.0 -291.0 -269.0 
-205.0 -143.0 -241.0 -85.0 40.0 -148.0 -55.0 
85.0 8.0 -28.0 -149.0 -132.0 57.0 5.0 
-213.0 -230.0 -122.0 -185.0 -266.0 -221.0 -350.0 
-412.0 -245.0 -255.0 -392.0 -419.0 -369.0 -314.0 
-307.0 -265.0 -348.0 -502.0 -276.0 -104.0 -236.0 
-211.0 -217.0 -214.0 -82.0 -201.0 -251.0 -89.0 
-114.0 -122.0 -122.0 -245.0 -89.0 42.0 -228.0 
-282.0 -100.0 -78.0 -137.0 -40.0 89.0 -26.0 
-158.0 50.0 226.0 116.0 50.0 183.0 258.0 
166.0 151.0 225.0 170.0 36.0 150.0 272.0 
0.0 -113.0 163.0 154.0 -102.0 -27.0 77.0 
-41.0 -88.0 -88.0 -151.0 -218.0 -211.0 -199.0 
-254.0 -322.0 -333.0 -236.0 -191.0 -347.0 -405.0 
-194.0 -63.0 -234.0 -277.0 -54.0 -9.0 -107.0 
-116.0 35.0 105.0 42.0 105.0 150.0 113.0 
81.0 95.0 157.0 209.0 147.0 75.0 60.0 
58.0 1.0 -78.0 -146.0 -173.0 -111.0 -110.0 
-289.0 -214.0 -85.0 -248.0 -237.0 -123.0 -160.0 
-78.0 -16.0 -4.0 61.0 49.0 11.0 1.0 
90.0 214.0 125.0 16.0 154.0 112.0 -65.0 
9.0 18.0 26.0 147.0 19.0 -113.0 -35.0 
-12.0 78.0 142.0 -6.0 13.0 254.0 375.0 
204.0 67.0 219.0 346.0 179.0 11.0 71.0 
175.0 69.0 -97.0 -95.0 -64.0 -64.0 -44.0 
-132.0 -163.0 40.0 155.0 7.0 -22.0 145.0 
290.0 302.0 254.0 241.0 310.0 379.0 256.0 
251.0 427.0 360.0 229.0 364.0 389.0 200.0 
172.0 286.0 312.0 221.0 190.0 265.0 225.0 
137.0 185.0 156.0 67.0 111.0 171.0 183.0 
135.0 73.0 89.0 109.0 66.0 43.0 117.0 
199.0 155.0 60.0 164.0 278.0 172.0 153.0 
288.0 266.0 199.0 293.0 283.0 197.0 159.0 
52.0 29.0 152.0 112.0 -55.0 -73.0 20.0 
-42.0 -105.0 -73.0 -49.0 -10.0 -52.0 -175.0 
-156.0 -75.0 -50.0 -80.0 -147.0 -177.0 -132.0 
-136.0 -138.0 -76.0 -41.0 -130.0 -154.0 -25.0 
-58.0 -206.0 -181.0 -82.0 -76.0 -82.0 -155.0 
-120.0 4.0 -118.0 -249.0 -98.0 -35.0 -179.0 
-129.0 -54.0 -175.0 -145.0 72.0 11.0 -251.0 
-200.0 99.0 190.0 -16.0 -105.0 67.0 157.0 
33.0 48.0 178.0 96.0 -52.0 -24.0 36.0 
28.0 -15.0 25.0 26.0 -52.0 -15.0 -47.0 
-145.0 -152.0 -144.0 -114.0 -109.0 -211.0 -274.0 
-158.0 -132.0 -256.0 -167.0 -50.0 -182.0 -172.0 
48.0 55.0 -41.0 77.0 131.0 77.0 113.0 
83.0 4.0 -31.0 -81.0 -103.0 -220.0 -390.0 
-337.0 -237.0 -372.0 -573.0 -565.0 -316.0 -254.0 
-604.0 -690.0 -333.0 -263.0 -514.0 -438.0 -143.0 
-224.0 -473.0 -375.0 -66.0 -61.0 -236.0 -207.0 
-107.0 -76.0 -42.0 -1.0 -83.0 -28.0 220.0 
111.0 -136.0 110.0 329.0 175.0 58.0 86.0 
272.0 340.0 35.0 -78.0 131.0 92.0 -65.0 
-49.0 -75.0 -65.0 -24.0 -134.0 -149.0 -37.0 
8.0 5.0 -118.0 -147.0 45.0 123.0 -1.0 
1.0 120.0 197.0 125.0 29.0 93.0 127.0 
88.0 67.0 63.0 16.0 -49.0 7.0 38.0 
19.0 -20.0 -102.0 -115.0 -83.0 25.0 76.0 
-56.0 -61.0 53.0 46.0 135.0 126.0 10.0 
121.0 51.0 -88.0 89.0 109.0 -22.0 -50.0 
-80.0 41.0 93.0 -145.0 -197.0 7.0 0.0 
-102.0 -114.0 -136.0 -53.0 -16.0 -147.0 -82.0 
29.0 -77.0 -115.0 -84.0 -34.0 56.0 -15.0 
-16.0 147.0 180.0 89.0 94.0 215.0 174.0 
98.0 200.0 146.0 19.0 119.0 104.0 73.0 
166.0 119.0 156.0 155.0 72.0 220.0 299.0 
129.0 259.0 420.0 238.0 212.0 326.0 357.0 
340.0 241.0 308.0 448.0 389.0 260.0 173.0 
307.0 451.0 138.0 29.0 279.0 224.0 112.0 
111.0 58.0 34.0 42.0 63.0 16.0 -132.0 
-54.0 98.0 -63.0 -202.0 -92.0 43.0 -11.0 
-93.0 18.0 104.0 73.0 45.0 79.0 112.0 
126.0 167.0 76.0 -11.0 135.0 80.0 -28.0 
114.0 1.0 -109.0 61.0 -36.0 -111.0 63.0 
52.0 -150.0 -215.0 9.0 229.0 -100.0 -370.0 
-11.0 193.0 0.0 -188.0 -70.0 221.0 218.0 
-57.0 -121.0 129.0 299.0 163.0 -69.0 7.0 
172.0 132.0 28.0 -119.0 -52.0 109.0 -154.0 
-394.0 -132.0 75.0 -123.0 -363.0 -264.0 19.0 
-50.0 -349.0 -171.0 83.0 -46.0 -108.0 -34.0 
8.0 54.0 -8.0 -96.0 22.0 29.0 -141.0 
-132.0 -24.0 -160.0 -343.0 -136.0 -20.0 -339.0 
-491.0 -313.0 -158.0 -249.0 -438.0 -383.0 -100.0 
-75.0 -244.0 -192.0 -101.0 -10.0 42.0 -37.0 
88.0 241.0 58.0 -21.0 169.0 124.0 -74.0 
-21.0 104.0 -42.0 -230.0 -133.0 -34.0 -161.0 
-339.0 -432.0 -313.0 -168.0 -344.0 -619.0 -564.0 
-335.0 -427.0 -603.0 -443.0 -307.0 -393.0 -334.0 
-241.0 -239.0 -86.0 6.0 1.0 161.0 251.0 
101.0 229.0 445.0 136.0 86.0 392.0 320.0 
16.0 -60.0 93.0 160.0 -79.0 -218.0 10.0 
-30.0 -280.0 -96.0 50.0 -149.0 -174.0 21.0 
16.0 -117.0 -100.0 -25.0 -33.0 -49.0 33.0 
127.0 46.0 -78.0 -53.0 57.0 13.0 -69.0 
-7.0 76.0 79.0 13.0 -114.0 -74.0 109.0 
25.0 -62.0 139.0 184.0 81.0 176.0 200.0 
139.0 224.0 286.0 221.0 305.0 404.0 157.0 
92.0 396.0 391.0 141.0 160.0 313.0 372.0 
301.0 70.0 94.0 262.0 12.0 -113.0 148.0 
52.0 -243.0 -140.0 -59.0 -217.0 -245.0 -77.0 
-28.0 -157.0 -165.0 -45.0 1.0 -35.0 -67.0 
-13.0 113.0 157.0 96.0 41.0 39.0 81.0 
124.0 106.0 14.0 -11.0 60.0 1.0 -52.0 
-71.0 -144.0 70.0 99.0 -235.0 -78.0 61.0 
-186.0 1.0 96.0 -137.0 70.0 141.0 -157.0 
-126.0 -8.0 -81.0 -89.0 -172.0 -190.0 6.0 
-74.0 -277.0 -212.0 -139.0 -40.0 38.0 -128.0 
-95.0 118.0 19.0 70.0 219.0 92.0 252.0 
386.0 170.0 195.0 285.0 213.0 197.0 217.0 
212.0 156.0 83.0 135.0 248.0 122.0 8.0 
144.0 134.0 -27.0 89.0 216.0 40.0 24.0 
174.0 152.0 128.0 70.0 -17.0 96.0 88.0 
-50.0 97.0 172.0 -37.0 -50.0 74.0 50.0 
38.0 -24.0 -171.0 -89.0 66.0 5.0 -141.0 
-165.0 -37.0 -8.0 -149.0 -155.0 32.0 36.0 
-225.0 -300.0 -8.0 117.0 -131.0 -257.0 -109.0 
7.0 -142.0 -259.0 -37.0 102.0 -205.0 -373.0 
-63.0 43.0 -323.0 -406.0 -91.0 2.0 -173.0 
-289.0 -237.0 -125.0 -105.0 -199.0 -243.0 -111.0 
-39.0 -230.0 -318.0 -159.0 -166.0 -348.0 -327.0 
-211.0 -228.0 -279.0 -249.0 -248.0 -289.0 -244.0 
-162.0 -38.0 -66.0 -215.0 -91.0 58.0 -36.0 
84.0 251.0 114.0 56.0 162.0 241.0 225.0 
92.0 131.0 309.0 305.0 171.0 62.0 103.0 
319.0 332.0 69.0 -63.0 117.0 311.0 116.0 
-140.0 -3.0 210.0 96.0 -226.0 -266.0 66.0 
125.0 -203.0 -342.0 -154.0 -14.0 -93.0 -220.0 
-164.0 -8.0 0.0 -102.0 -112.0 -3.0 63.0 
65.0 15.0 -105.0 -69.0 65.0 -49.0 -131.0 
33.0 -49.0 -158.0 -8.0 -82.0 -247.0 -103.0 
-34.0 -200.0 -208.0 -144.0 -192.0 -128.0 -81.0 
-256.0 -338.0 -185.0 -123.0 -269.0 -256.0 -126.0 
-241.0 -300.0 -120.0 -127.0 -287.0 -129.0 49.0 
-194.0 -254.0 75.0 61.0 -102.0 -4.0 29.0 
14.0 189.0 164.0 -8.0 120.0 227.0 128.0 
170.0 182.0 154.0 233.0 216.0 136.0 163.0 
119.0 152.0 350.0 320.0 113.0 84.0 190.0 
331.0 296.0 85.0 32.0 197.0 325.0 170.0 
10.0 62.0 152.0 102.0 -3.0 34.0 36.0 
-35.0 17.0 38.0 -173.0 -157.0 31.0 -97.0 
-286.0 -133.0 -64.0 -240.0 -141.0 74.0 -36.0 
-152.0 25.0 114.0 54.0 61.0 38.0 28.0 
125.0 149.0 82.0 -2.0 -97.0 -56.0 54.0 
18.0 -167.0 -242.0 -65.0 29.0 -232.0 -404.0 
-142.0 61.0 -172.0 -490.0 -286.0 139.0 -14.0 
-346.0 -234.0 -132.0 -168.0 -37.0 -202.0 -457.0 
-173.0 -72.0 -321.0 -278.0 -151.0 -57.0 48.0 
-144.0 -129.0 196.0 148.0 -14.0 153.0 303.0 
329.0 270.0 193.0 259.0 303.0 256.0 242.0 
219.0 96.0 76.0 188.0 104.0 -146.0 -90.0 
130.0 -39.0 -204.0 -36.0 63.0 -74.0 -173.0 
-75.0 -11.0 -66.0 -78.0 -22.0 -42.0 -79.0 
-56.0 -28.0 8.0 -66.0 -62.0 53.0 -40.0 
-63.0 41.0 43.0 -42.0 -4.0 88.0 29.0 
-49.0 -16.0 -8.0 53.0 94.0 -47.0 -55.0 
50.0 98.0 125.0 -71.0 -139.0 142.0 116.0 
-57.0 112.0 162.0 32.0 -82.0 -211.0 -80.0 
32.0 -159.0 -266.0 -161.0 -28.0 -40.0 -362.0 
-258.0 172.0 -166.0 -374.0 -18.0 -95.0 -53.0 
170.0 -255.0 -158.0 398.0 109.0 -57.0 223.0 
187.0 159.0 101.0 -16.0 167.0 214.0 48.0 
57.0 4.0 -35.0 40.0 -4.0 -16.0 -56.0 
-65.0 218.0 218.0 -126.0 -68.0 237.0 162.0 
5.0 123.0 155.0 104.0 66.0 -32.0 22.0 
106.0 16.0 -68.0 -131.0 -226.0 -89.0 -64.0 
-330.0 -351.0 -162.0 -138.0 -228.0 -277.0 -190.0 
-10.0 -97.0 -340.0 -209.0 85.0 92.0 -61.0 
-195.0 -99.0 129.0 150.0 75.0 36.0 -12.0 
219.0 420.0 93.0 -16.0 195.0 215.0 272.0 
111.0 -54.0 183.0 237.0 25.0 -62.0 -35.0 
73.0 47.0 -180.0 -147.0 70.0 6.0 -157.0 
-175.0 -76.0 15.0 15.0 -53.0 -132.0 -97.0 
31.0 63.0 -25.0 -3.0 17.0 -123.0 -21.0 
197.0 96.0 26.0 121.0 131.0 101.0 127.0 
129.0 52.0 105.0 86.0 -41.0 66.0 135.0 
68.0 -8.0 -17.0 -14.0 -112.0 -149.0 -110.0 
-213.0 -283.0 -152.0 -141.0 -226.0 -203.0 -89.0 
-42.0 -132.0 -21.0 106.0 -59.0 -54.0 201.0 
223.0 207.0 297.0 168.0 149.0 436.0 362.0 
91.0 212.0 264.0 83.0 80.0 104.0 24.0 
59.0 -84.0 -211.0 -24.0 -71.0 -163.0 -90.0 
-286.0 -243.0 -75.0 -379.0 -337.0 -44.0 -398.0 
-437.0 -89.0 -389.0 -408.0 -91.0 -340.0 -224.0 
2.0 -284.0 -152.0 -46.0 -142.0 207.0 96.0 
-231.0 191.0 251.0 -31.0 223.0 161.0 -37.0 
192.0 92.0 -143.0 -27.0 -26.0 -48.0 -97.0 
-439.0 -380.0 -25.0 -185.0 -435.0 -328.0 -267.0 
-315.0 -222.0 -247.0 -292.0 9.0 -88.0 -263.0 
93.0 26.0 4.0 366.0 135.0 -16.0 366.0 
314.0 205.0 348.0 301.0 338.0 367.0 333.0 
338.0 196.0 279.0 395.0 -15.0 -119.0 112.0 
-48.0 61.0 -48.0 -457.0 64.0 148.0 -475.0 
-166.0 121.0 -151.0 -147.0 -227.0 -144.0 202.0 
-125.0 -301.0 95.0 26.0 -135.0 71.0 -11.0 
-179.0 -4.0 -18.0 -123.0 -164.0 -219.0 -61.0 
14.0 -203.0 -335.0 -217.0 -41.0 -72.0 -313.0 
-281.0 18.0 95.0 -27.0 -75.0 2.0 276.0 
372.0 55.0 16.0 373.0 574.0 469.0 187.0 
286.0 670.0 529.0 143.0 235.0 502.0 392.0 
108.0 96.0 255.0 151.0 -29.0 122.0 135.0 
-168.0 -166.0 40.0 -27.0 -184.0 -247.0 -153.0 
-2.0 -117.0 -257.0 -15.0 95.0 -150.0 -175.0 
20.0 48.0 -57.0 -86.0 -7.0 57.0 38.0 
-73.0 -56.0 94.0 162.0 84.0 34.0 187.0 
330.0 255.0 141.0 202.0 312.0 278.0 193.0 
155.0 131.0 123.0 123.0 29.0 -158.0 -221.0 
-151.0 -53.0 -138.0 -355.0 -386.0 -265.0 -152.0 
-174.0 -357.0 -387.0 -116.0 7.0 -151.0 -234.0 
-10.0 245.0 152.0 -89.0 -35.0 282.0 327.0 
45.0 -12.0 118.0 158.0 63.0 -83.0 -117.0 
7.0 24.0 -110.0 -134.0 -107.0 -170.0 -168.0 
-65.0 -96.0 -96.0 -10.0 -24.0 -3.0 9.0 
-20.0 20.0 75.0 143.0 153.0 -13.0 -33.0 
151.0 162.0 -4.0 -58.0 39.0 148.0 131.0 
-68.0 -64.0 129.0 102.0 -109.0 -187.0 0.0 
102.0 -125.0 -302.0 -172.0 -102.0 -154.0 -227.0 
-299.0 -84.0 145.0 -146.0 -362.0 -121.0 14.0 
19.0 -87.0 -281.0 -66.0 212.0 -55.0 -284.0 
-41.0 68.0 -25.0 -81.0 -123.0 -96.0 -55.0 
16.0 -18.0 -276.0 -192.0 159.0 0.0 -362.0 
-286.0 -55.0 46.0 -96.0 -427.0 -253.0 192.0 
2.0 -320.0 -114.0 181.0 151.0 -116.0 -205.0 
42.0 140.0 -109.0 -153.0 66.0 56.0 6.0 
-21.0 -100.0 73.0 153.0 -24.0 -17.0 66.0 
62.0 129.0 164.0 20.0 -52.0 102.0 263.0 
189.0 -10.0 34.0 244.0 233.0 -83.0 -158.0 
170.0 176.0 -169.0 -314.0 -150.0 97.0 34.0 
-317.0 -284.0 103.0 71.0 -153.0 -204.0 -149.0 
109.0 133.0 -160.0 -154.0 101.0 96.0 -59.0 
-42.0 -34.0 -65.0 -59.0 -15.0 -95.0 -259.0 
-180.0 -103.0 -105.0 -205.0 -410.0 -134.0 123.0 
-175.0 -252.0 -92.0 -14.0 125.0 -63.0 -182.0 
224.0 225.0 32.0 102.0 -45.0 63.0 206.0 
-118.0 -3.0 243.0 -17.0 -85.0 46.0 -9.0 
20.0 90.0 25.0 63.0 108.0 32.0 122.0 
128.0 -23.0 174.0 265.0 57.0 70.0 33.0 
-63.0 134.0 61.0 -242.0 -29.0 71.0 -219.0 
-219.0 -34.0 2.0 -121.0 -145.0 18.0 43.0 
13.0 59.0 108.0 188.0 245.0 161.0 170.0 
303.0 244.0 204.0 236.0 107.0 115.0 244.0 
193.0 87.0 69.0 117.0 102.0 -21.0 -44.0 
93.0 -11.0 -179.0 -53.0 -29.0 -152.0 -158.0 
-68.0 35.0 2.0 -172.0 -178.0 -5.0 -20.0 
-33.0 3.0 -227.0 -157.0 197.0 25.0 -215.0 
52.0 197.0 2.0 39.0 138.0 2.0 92.0 
120.0 -181.0 -145.0 70.0 -134.0 -308.0 -85.0 
-122.0 -356.0 -272.0 -204.0 -284.0 -282.0 -304.0 
-342.0 -260.0 -194.0 -182.0 -238.0 -266.0 -58.0 
110.0 28.0 -98.0 -15.0 145.0 97.0 27.0 
71.0 24.0 81.0 188.0 -1.0 -105.0 58.0 
106.0 38.0 -63.0 -45.0 158.0 142.0 -98.0 
-113.0 115.0 226.0 42.0 -110.0 39.0 107.0 
-38.0 27.0 142.0 -42.0 -140.0 74.0 176.0 
13.0 -97.0 56.0 212.0 52.0 -71.0 176.0 
332.0 168.0 47.0 134.0 247.0 212.0 98.0 
61.0 118.0 113.0 0.0 -8.0 66.0 0.0 
-115.0 -117.0 -118.0 -171.0 -174.0 -170.0 -178.0 
-141.0 -36.0 -73.0 -202.0 -117.0 34.0 87.0 
20.0 -119.0 -57.0 133.0 87.0 -122.0 -167.0 
-8.0 -15.0 -303.0 -352.0 -58.0 -68.0 -355.0 
-373.0 -283.0 -270.0 -167.0 -225.0 -373.0 -319.0 
-269.0 -206.0 -261.0 -435.0 -267.0 -172.0 -296.0 
-248.0 -345.0 -196.0 156.0 -224.0 -411.0 178.0 
168.0 -230.0 -28.0 154.0 81.0 139.0 78.0 
-107.0 -21.0 173.0 -31.0 -256.0 -69.0 -8.0 
-145.0 -175.0 -145.0 -78.0 -32.0 -151.0 -137.0 
31.0 15.0 81.0 151.0 31.0 141.0 386.0 
299.0 106.0 203.0 460.0 477.0 228.0 136.0 
281.0 377.0 329.0 263.0 330.0 421.0 387.0 
337.0 383.0 497.0 539.0 498.0 471.0 453.0 
391.0 466.0 559.0 288.0 156.0 393.0 384.0 
126.0 -15.0 50.0 167.0 24.0 -238.0 -216.0 
-49.0 -32.0 -217.0 -372.0 -199.0 -65.0 -235.0 
-344.0 -218.0 -4.0 -29.0 -274.0 -173.0 92.0 
-46.0 -238.0 -109.0 -50.0 -195.0 -253.0 -215.0 
-227.0 -251.0 -303.0 -334.0 -330.0 -426.0 -430.0 
-274.0 -295.0 -432.0 -464.0 -351.0 -277.0 -382.0 
-387.0 -267.0 -269.0 -340.0 -274.0 -236.0 -299.0 
-244.0 -72.0 -143.0 -263.0 -79.0 160.0 55.0 
-89.0 120.0 237.0 187.0 263.0 277.0 203.0 
295.0 342.0 299.0 358.0 376.0 320.0 292.0 
292.0 298.0 341.0 385.0 308.0 253.0 369.0 
368.0 236.0 345.0 500.0 373.0 228.0 319.0 
490.0 412.0 170.0 200.0 336.0 201.0 30.0 
70.0 193.0 132.0 -89.0 -135.0 37.0 104.0 
-5.0 -71.0 -17.0 52.0 61.0 2.0 -36.0 
56.0 99.0 8.0 14.0 -2.0 -73.0 -60.0 
-103.0 -148.0 -184.0 -280.0 -283.0 -327.0 -418.0 
-379.0 -497.0 -615.0 -444.0 -463.0 -648.0 -585.0 
-504.0 -494.0 -504.0 -523.0 -428.0 -479.0 -525.0 
-208.0 -177.0 -418.0 -314.0 -171.0 -125.0 -110.0 
-199.0 -141.0 79.0 -10.0 -284.0 -181.0 39.0 
1.0 -91.0 -117.0 -144.0 -65.0 46.0 -74.0 
-241.0 -115.0 25.0 -98.0 -186.0 -82.0 -37.0 
-104.0 -153.0 -76.0 30.0 -28.0 -90.0 -22.0 
-92.0 -156.0 73.0 148.0 -72.0 -96.0 92.0 
207.0 157.0 78.0 178.0 389.0 354.0 216.0 
272.0 371.0 361.0 358.0 307.0 166.0 162.0 
285.0 244.0 -13.0 -127.0 86.0 177.0 -91.0 
-241.0 -7.0 107.0 -80.0 -255.0 -223.0 -2.0 
11.0 -140.0 -145.0 -195.0 -164.0 -52.0 -186.0 
-271.0 -41.0 -28.0 -227.0 -183.0 -158.0 -227.0 
-101.0 -85.0 -204.0 -122.0 -25.0 -32.0 -68.0 
-40.0 69.0 69.0 -48.0 51.0 246.0 190.0 
74.0 194.0 369.0 315.0 134.0 77.0 224.0 
262.0 146.0 104.0 14.0 51.0 218.0 35.0 
-165.0 22.0 81.0 25.0 113.0 -50.0 4.0 
346.0 178.0 19.0 203.0 295.0 445.0 488.0 
254.0 214.0 357.0 341.0 224.0 158.0 176.0 
178.0 164.0 177.0 47.0 -91.0 114.0 279.0 
6.0 -229.0 74.0 370.0 81.0 -139.0 96.0 
344.0 330.0 147.0 91.0 200.0 281.0 320.0 
187.0 -86.0 27.0 332.0 24.0 -350.0 -131.0 
-5.0 -199.0 -347.0 -346.0 -209.0 -131.0 -226.0 
-240.0 -165.0 -247.0 -296.0 -126.0 -75.0 -191.0 
-105.0 42.0 -82.0 -231.0 -113.0 24.0 -92.0 
-249.0 -194.0 -112.0 -154.0 -226.0 -257.0 -221.0 
-231.0 -301.0 -250.0 -145.0 -100.0 -233.0 -394.0 
-103.0 179.0 -106.0 -235.0 39.0 189.0 147.0 
49.0 12.0 155.0 184.0 73.0 2.0 -104.0 
-74.0 128.0 91.0 -154.0 -156.0 -90.0 -171.0 
-82.0 -68.0 -204.0 -168.0 -109.0 -163.0 -253.0 
-249.0 -80.0 11.0 -151.0 -196.0 -16.0 7.0 
-42.0 -11.0 100.0 181.0 -8.0 2.0 264.0 
152.0 -61.0 161.0 303.0 52.0 48.0 261.0 
225.0 139.0 206.0 168.0 17.0 121.0 229.0 
97.0 72.0 137.0 26.0 -37.0 37.0 2.0 
-99.0 -30.0 57.0 -6.0 -52.0 -6.0 98.0 
150.0 122.0 81.0 137.0 244.0 249.0 143.0 
62.0 115.0 151.0 106.0 0.0 -156.0 -173.0 
-9.0 -34.0 -322.0 -415.0 -281.0 -186.0 -163.0 
-340.0 -557.0 -321.0 -7.0 -171.0 -411.0 -335.0 
-167.0 -74.0 -198.0 -368.0 -222.0 6.0 -68.0 
-244.0 -232.0 -118.0 -112.0 -286.0 -214.0 -13.0 
-100.0 -91.0 -25.0 -72.0 -60.0 23.0 149.0 
149.0 -86.0 -149.0 165.0 243.0 -71.0 -215.0 
55.0 285.0 24.0 -299.0 -280.0 -96.0 54.0 
-77.0 -271.0 -146.0 62.0 106.0 -51.0 -181.0 
134.0 406.0 61.0 -99.0 200.0 438.0 390.0 
86.0 65.0 446.0 337.0 -45.0 213.0 354.0 
99.0 231.0 282.0 79.0 136.0 157.0 129.0 
252.0 99.0 -87.0 111.0 274.0 190.0 -40.0 
-121.0 148.0 240.0 -8.0 -36.0 191.0 245.0 
170.0 190.0 273.0 311.0 270.0 322.0 396.0 
264.0 141.0 151.0 294.0 294.0 -54.0 -79.0 
154.0 45.0 -169.0 -243.0 -82.0 143.0 -5.0 
-209.0 51.0 255.0 45.0 -71.0 67.0 270.0 
257.0 69.0 70.0 137.0 111.0 85.0 18.0 
-79.0 -52.0 -1.0 -60.0 -111.0 -116.0 -86.0 
-75.0 -156.0 -226.0 -220.0 -137.0 -116.0 -216.0 
-232.0 -157.0 -192.0 -278.0 -165.0 -45.0 -141.0 
-252.0 -163.0 5.0 -108.0 -185.0 49.0 61.0 
-233.0 -215.0 65.0 -19.0 -299.0 -198.0 -74.0 
-277.0 -357.0 -225.0 -229.0 -313.0 -378.0 -305.0 
-164.0 -397.0 -486.0 -121.0 -98.0 -241.0 -146.0 
-58.0 68.0 158.0 91.0 126.0 265.0 338.0 
378.0 322.0 352.0 475.0 404.0 252.0 285.0 
385.0 194.0 103.0 306.0 168.0 45.0 170.0 
61.0 13.0 17.0 -133.0 6.0 18.0 -247.0 
-185.0 -187.0 -293.0 -112.0 -189.0 -454.0 -334.0 
-189.0 -289.0 -336.0 -317.0 -266.0 -92.0 -153.0 
-289.0 -110.0 -90.0 -141.0 49.0 24.0 -81.0 
-21.0 79.0 130.0 -103.0 -221.0 85.0 182.0 
-127.0 -383.0 -208.0 54.0 -133.0 -255.0 -206.0 
-364.0 -188.0 -40.0 -383.0 -309.0 -10.0 -161.0 
-304.0 -267.0 -184.0 -29.0 -94.0 -275.0 -189.0 
13.0 0.0 -194.0 -231.0 -101.0 -68.0 -138.0 
-164.0 -140.0 -34.0 8.0 -100.0 -72.0 18.0 
-24.0 -28.0 -11.0 46.0 145.0 100.0 105.0 
186.0 143.0 144.0 125.0 147.0 354.0 350.0 
128.0 96.0 218.0 251.0 208.0 69.0 50.0 
223.0 110.0 -154.0 11.0 207.0 -13.0 -111.0 
28.0 38.0 39.0 76.0 67.0 142.0 208.0 
150.0 173.0 307.0 253.0 122.0 236.0 375.0 
223.0 86.0 154.0 90.0 76.0 159.0 -108.0 
-232.0 -19.0 46.0 46.0 -101.0 -342.0 -39.0 
338.0 23.0 -211.0 91.0 173.0 21.0 -7.0 
-60.0 96.0 255.0 9.0 -95.0 21.0 -12.0 
28.0 29.0 -155.0 -76.0 98.0 25.0 -70.0 
-118.0 61.0 128.0 -155.0 -78.0 213.0 83.0 
-61.0 69.0 177.0 159.0 152.0 80.0 67.0 
144.0 98.0 -15.0 29.0 147.0 18.0 -189.0 
-78.0 70.0 -27.0 -167.0 -81.0 200.0 203.0 
-76.0 -63.0 197.0 386.0 323.0 114.0 249.0 
454.0 298.0 328.0 405.0 147.0 167.0 326.0 
116.0 -67.0 -11.0 99.0 28.0 -193.0 -225.0 
-133.0 -119.0 -167.0 -199.0 -182.0 -156.0 -39.0 
31.0 -73.0 -117.0 7.0 59.0 40.0 98.0 
70.0 -22.0 65.0 131.0 5.0 -70.0 24.0 
73.0 -48.0 -109.0 -153.0 -128.0 -24.0 -199.0 
-388.0 -231.0 -90.0 -86.0 -129.0 -266.0 -234.0 
12.0 112.0 -78.0 -244.0 -31.0 233.0 55.0 
-137.0 -32.0 51.0 132.0 73.0 -186.0 -128.0 
88.0 -36.0 -129.0 -95.0 -207.0 -66.0 129.0 
-93.0 -179.0 109.0 185.0 43.0 46.0 97.0 
145.0 244.0 160.0 109.0 256.0 148.0 -27.0 
147.0 204.0 -26.0 -138.0 -100.0 -157.0 -186.0 
-31.0 -89.0 -442.0 -378.0 -93.0 -185.0 -308.0 
-267.0 -258.0 -224.0 -130.0 -157.0 -248.0 -143.0 
-40.0 -118.0 -191.0 -152.0 45.0 159.0 -27.0 
-133.0 36.0 133.0 114.0 35.0 -28.0 100.0 
158.0 -9.0 -9.0 82.0 -78.0 -152.0 18.0 
-30.0 -285.0 -253.0 -24.0 -86.0 -380.0 -358.0 
28.0 96.0 -198.0 -206.0 39.0 97.0 43.0 
90.0 118.0 25.0 23.0 137.0 189.0 104.0 
-157.0 -230.0 77.0 63.0 -261.0 -237.0 -256.0 
-359.0 -188.0 -224.0 -456.0 -316.0 -223.0 -244.0 
-64.0 -82.0 -178.0 -69.0 -5.0 17.0 38.0 
0.0 10.0 124.0 208.0 186.0 88.0 179.0 
209.0 106.0 199.0 98.0 -30.0 221.0 203.0 
-43.0 79.0 149.0 12.0 39.0 105.0 92.0 
-38.0 -134.0 -14.0 -97.0 -198.0 -78.0 -203.0 
-288.0 -184.0 -163.0 -158.0 -130.0 -140.0 -114.0 
0.0 125.0 147.0 38.0 99.0 371.0 322.0 
183.0 401.0 475.0 298.0 319.0 369.0 309.0 
325.0 324.0 83.0 -15.0 157.0 -81.0 -352.0 
-109.0 -239.0 -401.0 6.0 -180.0 -503.0 -173.0 
-163.0 -389.0 -181.0 -88.0 -168.0 -182.0 -338.0 
-239.0 70.0 -57.0 -224.0 -51.0 4.0 -37.0 
12.0 8.0 81.0 122.0 -39.0 -35.0 108.0 
31.0 -31.0 147.0 102.0 -62.0 166.0 364.0 
156.0 -2.0 73.0 162.0 99.0 17.0 79.0 
87.0 -113.0 -178.0 2.0 -3.0 -119.0 -116.0 
-131.0 -121.0 -103.0 -163.0 -130.0 -43.0 -77.0 
-120.0 -71.0 65.0 70.0 -112.0 25.0 344.0 
242.0 64.0 163.0 233.0 264.0 391.0 320.0 
153.0 243.0 287.0 227.0 231.0 100.0 38.0 
160.0 159.0 74.0 85.0 46.0 25.0 135.0 
106.0 49.0 125.0 65.0 -8.0 109.0 95.0 
-23.0 -9.0 -15.0 -46.0 -65.0 -184.0 -206.0 
-95.0 -160.0 -229.0 -136.0 -83.0 -87.0 -173.0 
-168.0 19.0 61.0 -25.0 -31.0 -107.0 -73.0 
179.0 70.0 -107.0 143.0 134.0 -141.0 -147.0 
-44.0 46.0 -39.0 -254.0 -143.0 -61.0 -274.0 
-222.0 -95.0 -187.0 -174.0 -163.0 -184.0 -133.0 
-240.0 -312.0 -134.0 80.0 -8.0 -338.0 -231.0 
208.0 102.0 -188.0 24.0 283.0 199.0 117.0 
299.0 471.0 341.0 334.0 527.0 570.0 495.0 
353.0 357.0 557.0 538.0 337.0 335.0 325.0 
182.0 105.0 90.0 117.0 180.0 29.0 -305.0 
-250.0 129.0 -1.0 -463.0 -414.0 -33.0 -26.0 
-387.0 -588.0 -367.0 -138.0 -259.0 -445.0 -302.0 
-165.0 -266.0 -272.0 -235.0 -230.0 -91.0 -60.0 
-137.0 -32.0 -4.0 -172.0 -156.0 -87.0 -153.0 
-231.0 -308.0 -223.0 -204.0 -438.0 -472.0 -352.0 
-444.0 -520.0 -492.0 -527.0 -498.0 -413.0 -518.0 
-529.0 -496.0 -540.0 -208.0 -177.0 -641.0 -210.0 
182.0 -372.0 -115.0 178.0 -123.0 65.0 281.0 
75.0 44.0 255.0 304.0 208.0 142.0 222.0 
214.0 162.0 288.0 185.0 29.0 363.0 434.0 
51.0 113.0 418.0 379.0 145.0 117.0 332.0 
366.0 112.0 3.0 195.0 283.0 76.0 -128.0 
-7.0 130.0 -45.0 -171.0 -21.0 66.0 -106.0 
-157.0 86.0 97.0 -130.0 53.0 269.0 107.0 
81.0 172.0 105.0 151.0 204.0 119.0 106.0 
35.0 -11.0 76.0 27.0 -37.0 -27.0 -84.0 
-6.0 45.0 -185.0 -224.0 41.0 49.0 -138.0 
-194.0 -204.0 -121.0 -34.0 -175.0 -244.0 -14.0 
3.0 -243.0 -223.0 29.0 41.0 -85.0 -80.0 
-12.0 50.0 78.0 -67.0 -107.0 26.0 78.0 
53.0 -46.0 -130.0 12.0 81.0 -19.0 -16.0 
-44.0 -42.0 42.0 -45.0 -50.0 85.0 0.0 
20.0 194.0 60.0 -41.0 19.0 27.0 75.0 
-1.0 -92.0 56.0 58.0 -84.0 -66.0 -96.0 
-45.0 50.0 -171.0 -205.0 53.0 74.0 -55.0 
-80.0 48.0 112.0 -36.0 -79.0 40.0 23.0 
35.0 104.0 -64.0 -134.0 73.0 63.0 -23.0 
63.0 36.0 -87.0 -23.0 62.0 -6.0 -17.0 
63.0 83.0 12.0 -123.0 -157.0 46.0 81.0 
-251.0 -286.0 -11.0 -134.0 -307.0 -148.0 -135.0 
-221.0 -125.0 -69.0 23.0 4.0 -189.0 75.0 
283.0 18.0 30.0 237.0 162.0 68.0 135.0 
153.0 142.0 82.0 7.0 109.0 107.0 -49.0 
-18.0 25.0 -45.0 -39.0 -19.0 -44.0 -76.0 
-85.0 -9.0 40.0 -53.0 0.0 209.0 140.0 
6.0 161.0 248.0 117.0 140.0 268.0 337.0 
304.0 217.0 292.0 454.0 322.0 133.0 243.0 
376.0 370.0 292.0 218.0 262.0 187.0 49.0 
194.0 163.0 -107.0 -11.0 91.0 -121.0 -196.0 
-135.0 -171.0 -224.0 -302.0 -244.0 19.0 -191.0 
-556.0 -78.0 180.0 -402.0 -294.0 180.0 -79.0 
-177.0 19.0 24.0 115.0 40.0 -3.0 220.0 
87.0 -118.0 149.0 147.0 -232.0 -208.0 24.0 
-3.0 -125.0 -144.0 -245.0 -220.0 -48.0 -169.0 
-318.0 -77.0 -25.0 -298.0 -241.0 -52.0 -125.0 
-218.0 -232.0 -50.0 151.0 -164.0 -228.0 327.0 
125.0 -303.0 196.0 283.0 -73.0 174.0 94.0 
-44.0 435.0 233.0 -145.0 309.0 313.0 -76.0 
217.0 283.0 -59.0 84.0 177.0 47.0 38.0 
-162.0 2.0 269.0 -216.0 -272.0 300.0 79.0 
-258.0 20.0 97.0 -9.0 16.0 -34.0 -149.0 
-114.0 28.0 -3.0 -144.0 -163.0 -73.0 -56.0 
2.0 60.0 -108.0 -166.0 122.0 138.0 -148.0 
-17.0 178.0 -53.0 -99.0 77.0 72.0 40.0 
-43.0 -58.0 117.0 26.0 -120.0 63.0 94.0 
-47.0 -65.0 -138.0 -174.0 -63.0 -114.0 -242.0 
-218.0 -236.0 -326.0 -296.0 -181.0 -232.0 -383.0 
-358.0 -255.0 -257.0 -286.0 -323.0 -242.0 -56.0 
-216.0 -383.0 -46.0 132.0 -103.0 -96.0 82.0 
138.0 172.0 38.0 -45.0 133.0 142.0 -87.0 
-67.0 138.0 110.0 -48.0 43.0 2.0 -159.0 
29.0 0.0 -288.0 -112.0 -27.0 -289.0 -235.0 
-237.0 -308.0 -75.0 -226.0 -386.0 -73.0 -159.0 
-280.0 39.0 36.0 -1.0 146.0 71.0 212.0 
354.0 164.0 262.0 370.0 196.0 355.0 439.0 
80.0 111.0 361.0 136.0 2.0 73.0 -87.0 
-11.0 113.0 -130.0 -181.0 73.0 93.0 -34.0 
-95.0 -52.0 220.0 236.0 -133.0 -42.0 394.0 
273.0 -54.0 60.0 222.0 189.0 115.0 -14.0 
15.0 194.0 162.0 0.0 -46.0 2.0 12.0 
39.0 22.0 -71.0 -21.0 106.0 64.0 -114.0 
-138.0 35.0 77.0 -155.0 -203.0 27.0 47.0 
-226.0 -247.0 14.0 -39.0 -273.0 -187.0 49.0 
24.0 -245.0 -390.0 -130.0 158.0 -98.0 -375.0 
-86.0 140.0 -91.0 -315.0 -235.0 -13.0 111.0 
-45.0 -285.0 -156.0 75.0 -11.0 -89.0 -31.0 
-6.0 -4.0 -9.0 109.0 111.0 -45.0 107.0 
221.0 66.0 85.0 144.0 184.0 288.0 155.0 
21.0 255.0 362.0 148.0 31.0 132.0 294.0 
352.0 234.0 135.0 237.0 368.0 331.0 191.0 
134.0 234.0 223.0 98.0 91.0 103.0 132.0 
160.0 39.0 -64.0 11.0 79.0 16.0 -48.0 
-52.0 -59.0 -22.0 98.0 99.0 -89.0 -70.0 
183.0 170.0 -41.0 -103.0 22.0 138.0 0.0 
-255.0 -223.0 28.0 47.0 -289.0 -447.0 -141.0 
42.0 -209.0 -412.0 -176.0 77.0 -26.0 -211.0 
-109.0 132.0 66.0 -57.0 80.0 162.0 77.0 
-48.0 -28.0 148.0 26.0 -225.0 -19.0 147.0 
-138.0 -287.0 -140.0 -29.0 -49.0 -285.0 -285.0 
4.0 -40.0 -268.0 -320.0 -200.0 27.0 -57.0 
-360.0 -210.0 24.0 -91.0 -136.0 -137.0 -103.0 
13.0 -73.0 -135.0 42.0 34.0 -104.0 -71.0 
-55.0 -78.0 -51.0 -78.0 -35.0 -18.0 -128.0 
-21.0 84.0 -87.0 -82.0 53.0 127.0 191.0 
107.0 101.0 226.0 214.0 200.0 260.0 234.0 
222.0 229.0 126.0 21.0 46.0 144.0 79.0 
-136.0 -151.0 43.0 31.0 -167.0 -130.0 -19.0 
-38.0 -46.0 -1.0 -25.0 -64.0 -20.0 5.0 
13.0 4.0 -29.0 91.0 156.0 -6.0 -98.0 
89.0 230.0 61.0 -102.0 -3.0 219.0 230.0 
25.0 -90.0 34.0 184.0 89.0 -83.0 -85.0 
127.0 228.0 -25.0 -190.0 -40.0 86.0 69.0 
-67.0 -196.0 -89.0 55.0 -68.0 -283.0 -216.0 
3.0 -32.0 -203.0 -305.0 -248.0 -75.0 -96.0 
-343.0 -464.0 -286.0 -110.0 -249.0 -516.0 -490.0 
-292.0 -275.0 -408.0 -503.0 -381.0 -239.0 -289.0 
-352.0 -324.0 -251.0 -199.0 -158.0 -145.0 -123.0 
-67.0 -75.0 -37.0 15.0 6.0 -20.0 1.0 
66.0 -14.0 0.0 29.0 -130.0 -150.0 -40.0 
-92.0 -88.0 -110.0 -156.0 23.0 11.0 -115.0 
37.0 208.0 126.0 163.0 184.0 306.0 465.0 
302.0 322.0 530.0 488.0 394.0 469.0 585.0 
518.0 352.0 424.0 539.0 377.0 271.0 381.0 
418.0 388.0 318.0 200.0 279.0 356.0 238.0 
281.0 301.0 174.0 284.0 330.0 169.0 260.0 
292.0 125.0 79.0 -9.0 -36.0 -19.0 -206.0 
-272.0 -185.0 -346.0 -475.0 -435.0 -475.0 -483.0 
-419.0 -396.0 -393.0 -478.0 -384.0 -111.0 -233.0 
-387.0 -92.0 -54.0 -156.0 88.0 37.0 -156.0 
37.0 164.0 32.0 -65.0 -85.0 -75.0 -52.0 
-172.0 -273.0 -201.0 -182.0 -304.0 -319.0 -240.0 
-346.0 -423.0 -371.0 -340.0 -282.0 -364.0 -459.0 
-256.0 -175.0 -442.0 -393.0 -31.0 -84.0 -281.0 
-147.0 46.0 -12.0 -200.0 -134.0 69.0 55.0 
-14.0 -99.0 -78.0 180.0 11.0 -250.0 35.0 
91.0 -153.0 -123.0 -71.0 -49.0 51.0 -9.0 
-112.0 -36.0 55.0 -4.0 -71.0 121.0 247.0 
63.0 82.0 268.0 228.0 238.0 356.0 325.0 
265.0 344.0 330.0 282.0 357.0 354.0 303.0 
348.0 343.0 201.0 223.0 418.0 322.0 133.0 
245.0 291.0 124.0 168.0 196.0 14.0 78.0 
178.0 -17.0 50.0 135.0 -90.0 -7.0 136.0 
-79.0 -73.0 108.0 -37.0 -101.0 53.0 -51.0 
-198.0 -29.0 44.0 -129.0 -180.0 -63.0 -168.0 
-290.0 -142.0 -255.0 -338.0 -34.0 -77.0 -315.0 
-104.0 -37.0 -189.0 -50.0 -137.0 -306.0 -21.0 
-12.0 -236.0 -50.0 -61.0 -196.0 -7.0 -103.0 
-186.0 57.0 -86.0 -172.0 117.0 -68.0 -242.0 
-29.0 -233.0 -278.0 -21.0 -311.0 -410.0 -36.0 
-126.0 -386.0 -216.0 -60.0 -248.0 -313.0 -105.0 
-50.0 -112.0 -173.0 -101.0 29.0 -174.0 -144.0 
254.0 43.0 -204.0 146.0 109.0 -68.0 183.0 
92.0 -70.0 152.0 295.0 130.0 -55.0 226.0 
390.0 -18.0 57.0 410.0 106.0 -25.0 378.0 
390.0 84.0 152.0 317.0 247.0 277.0 235.0 
22.0 187.0 397.0 182.0 105.0 152.0 142.0 
251.0 88.0 131.0 352.0 92.0 198.0 311.0 
59.0 344.0 277.0 -69.0 338.0 275.0 -44.0 
234.0 85.0 -9.0 242.0 28.0 97.0 142.0 
-155.0 243.0 264.0 -128.0 294.0 230.0 -74.0 
355.0 162.0 -159.0 232.0 3.0 -294.0 71.0 
-137.0 -259.0 16.0 -405.0 -497.0 -197.0 -519.0 
-503.0 -227.0 -455.0 -483.0 -396.0 -428.0 -217.0 
-259.0 -417.0 -169.0 -162.0 -310.0 -70.0 -36.0 
-163.0 -82.0 -100.0 -66.0 -19.0 -92.0 28.0 
118.0 -51.0 -38.0 144.0 147.0 159.0 60.0 
-117.0 6.0 164.0 68.0 -5.0 -13.0 -105.0 
-99.0 -45.0 -75.0 -42.0 -19.0 -94.0 -60.0 
27.0 -50.0 -99.0 21.0 50.0 -11.0 4.0 
49.0 92.0 64.0 14.0 82.0 146.0 95.0 
63.0 91.0 144.0 177.0 134.0 161.0 259.0 
196.0 102.0 174.0 302.0 271.0 115.0 101.0 
204.0 164.0 45.0 77.0 197.0 145.0 20.0 
22.0 93.0 79.0 24.0 -26.0 -58.0 -97.0 
-157.0 -196.0 -195.0 -284.0 -325.0 -252.0 -277.0 
-374.0 -394.0 -349.0 -324.0 -341.0 -319.0 -308.0 
-304.0 -268.0 -291.0 -337.0 -235.0 -153.0 -260.0 
-307.0 -265.0 -207.0 -123.0 -144.0 -281.0 -290.0 
-172.0 -182.0 -217.0 -202.0 -171.0 -233.0 -247.0 
-91.0 -40.0 -171.0 -182.0 -93.0 -86.0 -88.0 
-27.0 -14.0 -132.0 -107.0 32.0 82.0 11.0 
-22.0 81.0 141.0 104.0 91.0 152.0 105.0 
81.0 162.0 61.0 -82.0 86.0 176.0 -31.0 
-17.0 161.0 133.0 63.0 109.0 145.0 78.0 
110.0 239.0 179.0 157.0 262.0 199.0 161.0 
181.0 178.0 256.0 230.0 126.0 158.0 133.0 
35.0 56.0 85.0 65.0 13.0 -113.0 -120.0 
-31.0 3.0 -6.0 -39.0 -106.0 -147.0 -30.0 
32.0 -83.0 -138.0 -33.0 8.0 -117.0 -129.0 
13.0 12.0 -54.0 -60.0 -54.0 -44.0 -66.0 
-37.0 -23.0 -139.0 -168.0 -103.0 -169.0 -164.0 
-74.0 -149.0 -172.0 -85.0 -68.0 -57.0 -45.0 
-80.0 -21.0 74.0 17.0 -44.0 86.0 210.0 
82.0 -15.0 75.0 92.0 164.0 165.0 -114.0 
-46.0 219.0 93.0 58.0 35.0 -88.0 182.0 
161.0 -147.0 72.0 154.0 43.0 218.0 59.0 
-82.0 223.0 203.0 -33.0 92.0 302.0 190.0 
-21.0 14.0 207.0 276.0 36.0 -23.0 280.0 
309.0 150.0 149.0 136.0 176.0 321.0 187.0 
82.0 265.0 197.0 176.0 320.0 165.0 143.0 
232.0 250.0 396.0 -12.0 -149.0 547.0 91.0 
-445.0 410.0 271.0 -440.0 170.0 183.0 -332.0 
145.0 42.0 -168.0 331.0 18.0 -115.0 489.0 
81.0 -201.0 398.0 197.0 -79.0 126.0 -107.0 
-15.0 142.0 -281.0 -191.0 -11.0 -399.0 -287.0 
23.0 -388.0 -540.0 -198.0 -154.0 -299.0 -271.0 
-181.0 -154.0 -115.0 -122.0 -95.0 -12.0 -58.0 
-178.0 -10.0 89.0 -183.0 -176.0 11.0 -53.0 
-191.0 -261.0 -212.0 19.0 -50.0 -377.0 -241.0 
-47.0 -118.0 -135.0 -123.0 -114.0 -97.0 -49.0 
-4.0 -108.0 -42.0 82.0 -58.0 -7.0 12.0 
-124.0 72.0 60.0 -147.0 -51.0 -31.0 -30.0 
94.0 43.0 -80.0 -130.0 -8.0 136.0 53.0 
-7.0 48.0 79.0 158.0 116.0 -25.0 59.0 
143.0 34.0 123.0 173.0 -4.0 -15.0 -11.0 
-110.0 -15.0 -19.0 -192.0 -41.0 25.0 -171.0 
-91.0 -93.0 -185.0 -76.0 -98.0 -194.0 -163.0 
-201.0 -164.0 -9.0 -53.0 -180.0 -108.0 29.0 
50.0 -86.0 -82.0 85.0 -2.0 -127.0 2.0 
116.0 8.0 -144.0 -73.0 -10.0 -133.0 -111.0 
-122.0 -314.0 -198.0 -30.0 -166.0 -242.0 -251.0 
-232.0 -61.0 -84.0 -223.0 -52.0 84.0 26.0 
-3.0 -13.0 130.0 131.0 -13.0 125.0 177.0 
1.0 -21.0 112.0 61.0 -114.0 -71.0 14.0 
-22.0 -105.0 -211.0 -75.0 73.0 -91.0 -136.0 
-19.0 -92.0 -57.0 99.0 -2.0 -65.0 -7.0 
-82.0 -71.0 16.0 -111.0 -192.0 -84.0 -109.0 
-174.0 -155.0 -220.0 -195.0 -51.0 -73.0 -256.0 
-255.0 -21.0 20.0 -92.0 -63.0 0.0 97.0 
134.0 37.0 115.0 375.0 437.0 384.0 556.0 
669.0 416.0 183.0 290.0 377.0 158.0 -36.0 
130.0 369.0 254.0 -12.0 111.0 733.0 1221.0 
1075.0 391.0 -376.0 -371.0 171.0 48.0 -643.0 
-691.0 143.0 315.0 -518.0 -888.0 -1020.0 -954.0 
374.0 1323.0 452.0 -429.0 -399.0 -71.0 22.0 
99.0 342.0 96.0 -72.0 -356.0 -1050.0 -117.0 
1679.0 1470.0 157.0 -300.0 -124.0 856.0 1168.0 
-1249.0 -1648.0 437.0 40.0 -162.0 46.0 -685.0 
408.0 1241.0 315.0 -782.0 -547.0 -125.0 -229.0 
-48.0 -777.0 -1064.0 443.0 1279.0 -6.0 -1094.0 
-116.0 677.0 697.0 -112.0 -1204.0 -195.0 1510.0 
931.0 -631.0 -1129.0 -422.0 256.0 187.0 -595.0 
-502.0 582.0 1232.0 1006.0 -400.0 -520.0 1737.0 
452.0 -2703.0 -1260.0 1510.0 2114.0 415.0 -471.0 
1313.0 491.0 -2233.0 -409.0 2113.0 -422.0 -2069.0 
-55.0 -1.0 -916.0 454.0 1212.0 -454.0 -264.0 
757.0 -476.0 -188.0 274.0 -1231.0 -391.0 289.0 
-1088.0 -469.0 478.0 -505.0 -952.0 -697.0 -59.0 
530.0 -522.0 -765.0 745.0 827.0 -312.0 -203.0 
406.0 -124.0 -316.0 490.0 1001.0 -172.0 -1129.0 
-158.0 967.0 434.0 -178.0 257.0 217.0 -714.0 
-507.0 1023.0 724.0 -1178.0 -523.0 598.0 -428.0 
-207.0 1683.0 817.0 -1184.0 -864.0 223.0 219.0 
284.0 -317.0 -839.0 139.0 -429.0 -1084.0 317.0 
1049.0 367.0 -1186.0 -1130.0 331.0 415.0 -21.0 
-643.0 -769.0 -160.0 -232.0 301.0 69.0 -1296.0 
-112.0 1224.0 -14.0 -425.0 173.0 149.0 251.0 
235.0 134.0 132.0 -392.0 -796.0 149.0 803.0 
-562.0 -853.0 884.0 1115.0 -903.0 -767.0 811.0 
-234.0 -921.0 -314.0 -422.0 -11.0 183.0 -326.0 
100.0 376.0 -316.0 -196.0 702.0 -413.0 -2100.0 
-672.0 493.0 -1073.0 -197.0 1441.0 -855.0 -1171.0 
1881.0 1407.0 -896.0 -658.0 471.0 775.0 -161.0 
-1426.0 -1192.0 376.0 749.0 -697.0 -1024.0 -343.0 
-605.0 465.0 1908.0 515.0 195.0 1377.0 -329.0 
-1314.0 631.0 1222.0 24.0 -1097.0 -360.0 854.0 
419.0 -91.0 -66.0 540.0 1084.0 -53.0 -459.0 
103.0 22.0 1357.0 1639.0 -438.0 -395.0 1136.0 
1440.0 748.0 -848.0 -949.0 796.0 717.0 -680.0 
-625.0 18.0 41.0 -414.0 -258.0 164.0 -212.0 
100.0 1006.0 480.0 59.0 752.0 224.0 -505.0 
-32.0 141.0 -323.0 -651.0 -368.0 201.0 49.0 
-821.0 -1290.0 -520.0 848.0 867.0 -714.0 -1006.0 
489.0 784.0 -792.0 -1442.0 -181.0 578.0 759.0 
1155.0 663.0 -603.0 -1160.0 -132.0 401.0 -456.0 
-725.0 -165.0 -32.0 317.0 543.0 -574.0 -745.0 
201.0 381.0 208.0 -528.0 -962.0 -242.0 205.0 
230.0 385.0 446.0 -23.0 -777.0 -650.0 -257.0 
-843.0 -611.0 490.0 494.0 -136.0 -28.0 414.0 
-488.0 -1447.0 -28.0 1285.0 -178.0 -1801.0 -1499.0 
113.0 1702.0 959.0 -755.0 -404.0 769.0 397.0 
-738.0 -957.0 293.0 1366.0 325.0 -712.0 -82.0 
696.0 408.0 -132.0 -81.0 -552.0 -796.0 412.0 
805.0 -164.0 -103.0 680.0 1043.0 988.0 53.0 
-512.0 107.0 218.0 -515.0 -902.0 -748.0 -635.0 
-506.0 106.0 402.0 28.0 183.0 533.0 333.0 
-322.0 -751.0 135.0 663.0 -193.0 -427.0 561.0 
1152.0 190.0 -1168.0 -1137.0 123.0 822.0 -291.0 
-744.0 912.0 1409.0 122.0 -731.0 -396.0 843.0 
1336.0 13.0 -1445.0 -1216.0 -2.0 213.0 -509.0 
-895.0 -721.0 125.0 617.0 286.0 43.0 87.0 
342.0 417.0 8.0 -469.0 39.0 1102.0 676.0 
-355.0 -393.0 -364.0 -68.0 80.0 -674.0 -338.0 
743.0 572.0 93.0 -217.0 -641.0 -258.0 766.0 
620.0 -303.0 -84.0 602.0 498.0 526.0 752.0 
171.0 -367.0 -173.0 763.0 1000.0 -326.0 -565.0 
253.0 -293.0 -872.0 -433.0 346.0 536.0 -347.0 
-223.0 541.0 249.0 89.0 -636.0 -1404.0 -343.0 
355.0 -464.0 -1185.0 -471.0 1361.0 1107.0 -562.0 
11.0 747.0 170.0 -160.0 -592.0 -315.0 870.0 
997.0 339.0 43.0 420.0 423.0 -432.0 -363.0 
-75.0 -334.0 428.0 734.0 -239.0 -324.0 -81.0 
-332.0 -326.0 -292.0 64.0 803.0 570.0 -722.0 
-786.0 1117.0 1413.0 -340.0 -688.0 152.0 388.0 
230.0 -64.0 -245.0 153.0 184.0 -23.0 392.0 
385.0 -565.0 -995.0 -113.0 595.0 470.0 -245.0 
-879.0 264.0 1803.0 943.0 -896.0 -1154.0 86.0 
688.0 -110.0 -442.0 392.0 583.0 176.0 323.0 
-132.0 -606.0 -165.0 -25.0 -167.0 152.0 283.0 
-94.0 -770.0 -794.0 266.0 755.0 -180.0 -680.0 
21.0 469.0 164.0 -459.0 -409.0 606.0 729.0 
-75.0 175.0 458.0 -484.0 -926.0 -660.0 -929.0 
-309.0 842.0 173.0 -274.0 36.0 -404.0 314.0 
1080.0 519.0 -43.0 -626.0 -516.0 -134.0 -349.0 
82.0 732.0 421.0 345.0 1027.0 827.0 -331.0 
-473.0 282.0 655.0 387.0 -424.0 -825.0 -207.0 
-130.0 -494.0 299.0 860.0 -39.0 -842.0 -617.0 
16.0 225.0 -52.0 -527.0 -341.0 256.0 336.0 
4.0 -331.0 -389.0 -127.0 103.0 45.0 -113.0 
145.0 361.0 14.0 -335.0 -296.0 439.0 555.0 
-930.0 -1483.0 -572.0 255.0 69.0 -350.0 377.0 
624.0 -176.0 -640.0 -870.0 -492.0 251.0 131.0 
-400.0 -351.0 708.0 1103.0 -75.0 -91.0 546.0 
135.0 -461.0 -1200.0 -1069.0 70.0 -121.0 -658.0 
104.0 1076.0 613.0 -789.0 -399.0 987.0 453.0 
-426.0 -448.0 -131.0 408.0 144.0 -100.0 142.0 
-472.0 -568.0 -89.0 -89.0 196.0 819.0 1106.0 
346.0 -428.0 655.0 1735.0 729.0 -658.0 -113.0 
1158.0 1020.0 182.0 -63.0 439.0 1079.0 476.0 
-793.0 -962.0 -132.0 512.0 407.0 252.0 394.0 
199.0 143.0 -299.0 -500.0 829.0 1103.0 -813.0 
-1639.0 -385.0 215.0 -134.0 -266.0 -178.0 65.0 
244.0 278.0 -425.0 -967.0 -246.0 -63.0 -478.0 
-338.0 -107.0 263.0 421.0 -294.0 -577.0 232.0 
435.0 130.0 493.0 295.0 -1014.0 -1278.0 154.0 
516.0 102.0 300.0 -658.0 -1331.0 -253.0 -119.0 
-941.0 -532.0 196.0 188.0 663.0 1029.0 -16.0 
-793.0 -81.0 293.0 -410.0 -1115.0 -1537.0 -1068.0 
-207.0 -78.0 177.0 630.0 438.0 39.0 0.0 
-279.0 -351.0 542.0 996.0 -19.0 -836.0 -55.0 
569.0 167.0 -328.0 -541.0 473.0 1148.0 130.0 
-357.0 336.0 769.0 424.0 -146.0 -598.0 -587.0 
115.0 675.0 241.0 -120.0 428.0 834.0 552.0 
-170.0 -155.0 900.0 1212.0 805.0 180.0 -1230.0 
-1524.0 -659.0 97.0 552.0 -168.0 -502.0 354.0 
-309.0 -2151.0 -2131.0 -475.0 563.0 -47.0 -1172.0 
-874.0 723.0 2305.0 2201.0 735.0 499.0 1522.0 
1752.0 1412.0 977.0 294.0 573.0 701.0 -724.0 
-2083.0 -1776.0 -537.0 -488.0 -1535.0 -1556.0 -626.0 
-474.0 -463.0 431.0 -144.0 -1481.0 -217.0 2082.0 
1422.0 166.0 1275.0 2110.0 1348.0 -846.0 -1963.0 
-327.0 -103.0 -408.0 700.0 652.0 496.0 267.0 
-820.0 -467.0 -435.0 -850.0 800.0 1753.0 -211.0 
-2569.0 -1555.0 835.0 -495.0 -898.0 1630.0 1085.0 
-502.0 -540.0 -477.0 608.0 1700.0 1134.0 -352.0 
-885.0 -523.0 -1641.0 -1582.0 1569.0 1115.0 -900.0 
1376.0 897.0 -2192.0 -1058.0 1221.0 1085.0 -418.0 
-1204.0 359.0 1163.0 274.0 1088.0 858.0 -1258.0 
294.0 2448.0 535.0 -1512.0 -705.0 253.0 253.0 
668.0 58.0 -1124.0 -1249.0 -875.0 -708.0 266.0 
1346.0 208.0 34.0 755.0 -795.0 -806.0 1174.0 
786.0 -6.0 1065.0 1032.0 -605.0 -840.0 406.0 
220.0 197.0 1900.0 1221.0 -1043.0 -727.0 168.0 
275.0 -251.0 -1556.0 -1336.0 -84.0 -239.0 -1464.0 
-1376.0 385.0 457.0 71.0 871.0 316.0 -372.0 
436.0 1397.0 1507.0 185.0 -941.0 -443.0 230.0 
1434.0 1599.0 -771.0 -1126.0 712.0 -152.0 -1210.0 
-258.0 208.0 -374.0 -1394.0 -1812.0 -905.0 -1270.0 
-1951.0 -515.0 -68.0 -1124.0 -1433.0 -1266.0 -322.0 
883.0 95.0 -831.0 255.0 1466.0 1241.0 284.0 
199.0 270.0 596.0 1961.0 1531.0 656.0 1689.0 
741.0 -1347.0 95.0 2717.0 2368.0 -596.0 -2415.0 
-896.0 50.0 -1234.0 -892.0 159.0 -988.0 -2357.0 
-2436.0 -1573.0 -1032.0 -1989.0 -2034.0 112.0 1292.0 
1257.0 1400.0 1109.0 1421.0 1496.0 24.0 -612.0 
392.0 869.0 667.0 1129.0 914.0 -115.0 -205.0 
-183.0 -1166.0 -1095.0 70.0 -114.0 -502.0 182.0 
-317.0 -1591.0 -1284.0 -891.0 -1605.0 -1622.0 -715.0 
-49.0 -10.0 278.0 892.0 705.0 235.0 53.0 
655.0 1296.0 850.0 334.0 373.0 303.0 360.0 
545.0 502.0 369.0 377.0 694.0 491.0 -492.0 
-930.0 -420.0 -246.0 -96.0 872.0 758.0 -159.0 
712.0 1045.0 -284.0 -917.0 -442.0 368.0 406.0 
-15.0 635.0 1534.0 774.0 -557.0 -566.0 211.0 
290.0 -315.0 -175.0 189.0 -336.0 -849.0 -719.0 
-581.0 -622.0 -760.0 -875.0 -443.0 266.0 166.0 
-150.0 1.0 -242.0 -411.0 -85.0 -77.0 52.0 
363.0 326.0 270.0 70.0 -344.0 -485.0 -156.0 
367.0 601.0 163.0 -122.0 427.0 982.0 659.0 
38.0 -24.0 612.0 811.0 -688.0 -2068.0 -1204.0 
-433.0 -1111.0 -908.0 -547.0 -878.0 -461.0 21.0 
445.0 821.0 259.0 109.0 538.0 263.0 -30.0 
-461.0 -717.0 38.0 387.0 396.0 903.0 833.0 
376.0 -45.0 -708.0 -950.0 -800.0 -671.0 244.0 
1339.0 1197.0 578.0 267.0 211.0 636.0 626.0 
-461.0 -1025.0 -438.0 146.0 437.0 741.0 1218.0 
820.0 -230.0 -201.0 290.0 408.0 467.0 362.0 
379.0 352.0 366.0 870.0 931.0 60.0 -275.0 
331.0 674.0 201.0 -269.0 -314.0 -630.0 -757.0 
-206.0 -166.0 -406.0 -28.0 23.0 -316.0 -427.0 
-1009.0 -1531.0 -994.0 -324.0 -369.0 -359.0 254.0 
335.0 -211.0 -169.0 -153.0 -402.0 -336.0 -270.0 
389.0 1384.0 997.0 -203.0 -304.0 364.0 487.0 
407.0 463.0 248.0 282.0 689.0 620.0 606.0 
633.0 -419.0 -1369.0 -1306.0 -1007.0 -526.0 28.0 
89.0 -375.0 -618.0 -477.0 -696.0 -992.0 -532.0 
365.0 771.0 588.0 419.0 541.0 767.0 447.0 
-305.0 -228.0 196.0 -329.0 -812.0 -821.0 -1188.0 
-954.0 -36.0 278.0 16.0 -352.0 -343.0 -13.0 
144.0 392.0 562.0 592.0 704.0 813.0 887.0 
708.0 266.0 181.0 470.0 503.0 508.0 664.0 
605.0 523.0 675.0 982.0 1037.0 552.0 115.0 
252.0 539.0 606.0 483.0 357.0 573.0 962.0 
986.0 441.0 -201.0 -240.0 -51.0 -215.0 -550.0 
-642.0 -348.0 -103.0 -292.0 -367.0 -143.0 -225.0 
-444.0 -364.0 -508.0 -1145.0 -1472.0 -1045.0 -373.0 
-39.0 -43.0 -68.0 -52.0 -49.0 -138.0 163.0 
859.0 973.0 497.0 208.0 36.0 -381.0 -464.0 
93.0 434.0 89.0 -20.0 236.0 249.0 453.0 
592.0 160.0 -106.0 132.0 27.0 -553.0 -582.0 
-23.0 110.0 -128.0 71.0 383.0 281.0 -42.0 
-191.0 -43.0 -196.0 -743.0 -704.0 -313.0 -136.0 
-193.0 -564.0 -699.0 -341.0 -256.0 -386.0 -52.0 
237.0 30.0 -61.0 -173.0 -504.0 -517.0 -534.0 
-478.0 243.0 645.0 297.0 305.0 739.0 736.0 
388.0 328.0 365.0 127.0 145.0 533.0 764.0 
666.0 560.0 527.0 183.0 -301.0 -480.0 -698.0 
-877.0 -459.0 -107.0 -330.0 -190.0 206.0 105.0 
395.0 852.0 286.0 -119.0 137.0 -123.0 -413.0 
-95.0 73.0 -59.0 -194.0 -316.0 -60.0 364.0 
95.0 -377.0 -338.0 -273.0 -243.0 -249.0 -286.0 
-44.0 -60.0 -380.0 -304.0 -83.0 -156.0 -128.0 
-243.0 -681.0 -430.0 114.0 51.0 -93.0 -22.0 
196.0 531.0 727.0 883.0 751.0 92.0 -58.0 
108.0 -218.0 -358.0 -320.0 -453.0 -280.0 -393.0 
-774.0 -370.0 -32.0 -494.0 -704.0 -309.0 21.0 
-149.0 -217.0 377.0 597.0 289.0 400.0 513.0 
243.0 -180.0 -359.0 264.0 835.0 299.0 -49.0 
255.0 113.0 -312.0 -542.0 -360.0 -50.0 -219.0 
-685.0 -775.0 -447.0 -229.0 -126.0 195.0 570.0 
537.0 195.0 167.0 319.0 87.0 45.0 164.0 
-195.0 -466.0 -237.0 -161.0 -315.0 -350.0 -285.0 
-120.0 -42.0 -59.0 141.0 195.0 5.0 -29.0 
84.0 35.0 -98.0 -232.0 -316.0 -308.0 -286.0 
-242.0 50.0 171.0 -128.0 -116.0 203.0 151.0 
-59.0 -198.0 -463.0 -583.0 -354.0 -138.0 -116.0 
-135.0 -156.0 -130.0 5.0 -90.0 -218.0 68.0 
328.0 218.0 90.0 -6.0 -13.0 75.0 -118.0 
-465.0 -536.0 -504.0 -441.0 -167.0 62.0 104.0 
24.0 -214.0 -481.0 -391.0 -30.0 -51.0 -285.0 
-308.0 -334.0 -182.0 244.0 216.0 -95.0 55.0 
128.0 -293.0 -530.0 -285.0 21.0 -6.0 -272.0 
-288.0 -86.0 30.0 108.0 114.0 58.0 184.0 
409.0 333.0 11.0 -82.0 56.0 56.0 -37.0 
31.0 276.0 330.0 88.0 32.0 -50.0 -424.0 
-564.0 -325.0 -10.0 66.0 -119.0 -33.0 99.0 
-263.0 -424.0 -63.0 -49.0 -385.0 -406.0 -85.0 
106.0 -75.0 -374.0 -126.0 460.0 589.0 480.0 
518.0 551.0 595.0 503.0 376.0 467.0 249.0 
-119.0 167.0 423.0 -118.0 -459.0 -249.0 -266.0 
-569.0 -589.0 -150.0 60.0 -204.0 -335.0 -128.0 
188.0 215.0 -98.0 -172.0 35.0 49.0 64.0 
226.0 242.0 -23.0 -288.0 -489.0 -418.0 -305.0 
-497.0 -584.0 -536.0 -427.0 -463.0 -484.0 -145.0 
125.0 -16.0 -68.0 185.0 516.0 568.0 251.0 
128.0 296.0 215.0 46.0 49.0 -99.0 -170.0 
65.0 65.0 -175.0 -149.0 -30.0 3.0 190.0 
220.0 82.0 121.0 69.0 -315.0 -347.0 16.0 
51.0 316.0 845.0 732.0 461.0 486.0 265.0 
-14.0 -247.0 -446.0 -183.0 -124.0 -429.0 -146.0 
238.0 36.0 -234.0 -235.0 217.0 591.0 369.0 
261.0 389.0 181.0 -39.0 20.0 166.0 129.0 
-45.0 152.0 469.0 383.0 333.0 268.0 -120.0 
-292.0 -134.0 -102.0 -163.0 -211.0 -223.0 19.0 
274.0 224.0 263.0 480.0 463.0 235.0 61.0 
-14.0 -86.0 -118.0 -96.0 -169.0 -297.0 -322.0 
-376.0 -457.0 -360.0 -230.0 -196.0 -26.0 161.0 
-7.0 -262.0 -247.0 -169.0 -185.0 -286.0 -228.0 
71.0 87.0 -164.0 -145.0 -95.0 -240.0 -222.0 
-128.0 -22.0 268.0 397.0 175.0 38.0 114.0 
205.0 274.0 319.0 331.0 345.0 482.0 655.0 
662.0 607.0 481.0 438.0 556.0 345.0 -35.0 
-37.0 95.0 100.0 6.0 -174.0 -373.0 -405.0 
-466.0 -646.0 -643.0 -529.0 -505.0 -328.0 -36.0 
-23.0 -179.0 -264.0 -226.0 -141.0 -327.0 -442.0 
-168.0 -108.0 -359.0 -368.0 -334.0 -475.0 -347.0 
-105.0 -250.0 -513.0 -475.0 -201.0 -130.0 -258.0 
-212.0 -88.0 -17.0 -120.0 -248.0 -40.0 18.0 
-144.0 69.0 281.0 117.0 44.0 98.0 131.0 
114.0 -33.0 -78.0 -18.0 -143.0 -210.0 -78.0 
32.0 15.0 -186.0 -415.0 -500.0 -479.0 -440.0 
-469.0 -401.0 6.0 294.0 276.0 321.0 407.0 
486.0 471.0 280.0 261.0 314.0 174.0 160.0 
493.0 754.0 670.0 475.0 415.0 460.0 337.0 
-74.0 -306.0 -39.0 195.0 6.0 -98.0 263.0 
481.0 288.0 147.0 94.0 146.0 149.0 -120.0 
-152.0 96.0 159.0 -34.0 -215.0 -132.0 51.0 
58.0 66.0 335.0 573.0 430.0 398.0 666.0 
620.0 292.0 66.0 135.0 183.0 -130.0 -417.0 
-267.0 51.0 128.0 -40.0 -99.0 71.0 58.0 
-101.0 82.0 238.0 11.0 -135.0 34.0 270.0 
255.0 30.0 22.0 330.0 356.0 193.0 346.0 
451.0 352.0 402.0 387.0 315.0 318.0 171.0 
119.0 185.0 -100.0 -452.0 -313.0 -13.0 18.0 
-86.0 -95.0 108.0 212.0 -67.0 -230.0 87.0 
321.0 146.0 -136.0 -224.0 -47.0 82.0 94.0 
142.0 79.0 183.0 392.0 36.0 -111.0 316.0 
170.0 -109.0 29.0 -207.0 -439.0 -301.0 -511.0 
-701.0 -627.0 -731.0 -441.0 -4.0 -222.0 -232.0 
80.0 -119.0 -243.0 29.0 33.0 -80.0 99.0 
331.0 272.0 62.0 41.0 200.0 176.0 -9.0 
-17.0 -17.0 -126.0 -142.0 -141.0 -75.0 -126.0 
-276.0 26.0 178.0 -231.0 -139.0 222.0 27.0 
-165.0 -235.0 -243.0 -3.0 -212.0 -447.0 -139.0 
-287.0 -541.0 -301.0 -345.0 -539.0 -535.0 -607.0 
-466.0 -209.0 -441.0 -598.0 -190.0 -81.0 -365.0 
-257.0 -76.0 -270.0 -244.0 81.0 110.0 65.0 
249.0 310.0 24.0 -184.0 -58.0 24.0 -134.0 
-125.0 33.0 -192.0 -391.0 -232.0 -232.0 -257.0 
-107.0 -65.0 -184.0 -413.0 -489.0 -225.0 -220.0 
-558.0 -619.0 -478.0 -409.0 -331.0 -223.0 -102.0 
-9.0 -158.0 -290.0 -186.0 -241.0 -417.0 -382.0 
-277.0 -221.0 -215.0 -330.0 -272.0 -115.0 -203.0 
-238.0 -79.0 -55.0 -193.0 -239.0 -123.0 -83.0 
-137.0 -123.0 -176.0 -276.0 -260.0 -210.0 -216.0 
-160.0 -99.0 -80.0 9.0 105.0 -1.0 -191.0 
-172.0 -39.0 32.0 44.0 65.0 26.0 -69.0 
-23.0 106.0 137.0 152.0 12.0 -216.0 -211.0 
-80.0 -25.0 -23.0 22.0 108.0 228.0 396.0 
413.0 345.0 419.0 444.0 357.0 396.0 284.0 
36.0 122.0 275.0 207.0 95.0 43.0 70.0 
236.0 159.0 -61.0 206.0 443.0 271.0 375.0 
393.0 117.0 278.0 296.0 -91.0 -37.0 18.0 
-337.0 -235.0 -42.0 -425.0 -522.0 -187.0 -136.0 
-98.0 109.0 71.0 77.0 266.0 133.0 -29.0 
206.0 398.0 351.0 377.0 387.0 206.0 283.0 
516.0 355.0 296.0 429.0 159.0 -7.0 53.0 
-201.0 -184.0 66.0 -149.0 -141.0 107.0 -40.0 
-64.0 159.0 185.0 142.0 91.0 -39.0 40.0 
327.0 227.0 -24.0 288.0 611.0 365.0 336.0 
439.0 248.0 480.0 715.0 507.0 589.0 639.0 
462.0 672.0 683.0 321.0 386.0 471.0 158.0 
145.0 226.0 101.0 276.0 304.0 152.0 412.0 
499.0 343.0 406.0 413.0 356.0 373.0 318.0 
262.0 276.0 120.0 -46.0 -3.0 31.0 -68.0 
-43.0 184.0 247.0 95.0 8.0 -143.0 -252.0 
-119.0 -95.0 -59.0 195.0 286.0 209.0 188.0 
195.0 186.0 182.0 136.0 4.0 -159.0 -192.0 
-96.0 -77.0 -169.0 -146.0 -37.0 105.0 251.0 
202.0 240.0 408.0 261.0 160.0 236.0 28.0 
-26.0 149.0 30.0 -45.0 35.0 -70.0 -107.0 
-3.0 6.0 10.0 31.0 72.0 262.0 329.0 
145.0 204.0 357.0 171.0 153.0 373.0 192.0 
68.0 215.0 -2.0 -156.0 47.0 -3.0 -113.0 
-5.0 -44.0 -3.0 63.0 -76.0 51.0 212.0 
4.0 -95.0 -115.0 -338.0 -508.0 -594.0 -685.0 
-727.0 -829.0 -847.0 -714.0 -617.0 -507.0 -484.0 
-531.0 -468.0 -429.0 -386.0 -480.0 -751.0 -612.0 
-365.0 -561.0 -535.0 -245.0 -414.0 -470.0 -166.0 
-222.0 -351.0 -279.0 -352.0 -378.0 -334.0 -554.0 
-695.0 -598.0 -557.0 -516.0 -534.0 -620.0 -526.0 
-439.0 -544.0 -548.0 -338.0 -188.0 -142.0 -24.0 
24.0 -24.0 103.0 212.0 -33.0 -238.0 -171.0 
-105.0 -175.0 -324.0 -414.0 -382.0 -441.0 -558.0 
-445.0 -306.0 -388.0 -449.0 -363.0 -350.0 -364.0 
-207.0 -91.0 -77.0 0.0 76.0 104.0 153.0 
108.0 90.0 91.0 -10.0 -16.0 -74.0 -266.0 
-237.0 -211.0 -269.0 -128.0 -128.0 -280.0 -214.0 
-299.0 -500.0 -498.0 -517.0 -420.0 -286.0 -405.0 
-379.0 -302.0 -456.0 -456.0 -442.0 -465.0 -188.0 
-156.0 -408.0 -296.0 -222.0 -439.0 -411.0 -210.0 
-227.0 -318.0 -300.0 -251.0 -263.0 -157.0 -8.0 
6.0 67.0 49.0 60.0 213.0 166.0 -12.0 
-125.0 -58.0 128.0 -113.0 -402.0 -84.0 14.0 
-121.0 146.0 235.0 132.0 230.0 223.0 187.0 
204.0 318.0 523.0 418.0 265.0 436.0 650.0 
476.0 346.0 682.0 689.0 314.0 427.0 762.0 
685.0 570.0 755.0 944.0 857.0 581.0 558.0 
791.0 552.0 134.0 415.0 568.0 261.0 340.0 
504.0 521.0 527.0 209.0 188.0 645.0 458.0 
33.0 320.0 479.0 108.0 66.0 310.0 347.0 
308.0 232.0 282.0 418.0 160.0 -96.0 222.0 
551.0 457.0 318.0 324.0 525.0 472.0 172.0 
406.0 729.0 586.0 577.0 670.0 574.0 460.0 
310.0 384.0 448.0 226.0 244.0 253.0 91.0 
251.0 231.0 -75.0 46.0 160.0 -43.0 -99.0 
-76.0 110.0 281.0 56.0 70.0 241.0 -69.0 
-268.0 -143.0 -67.0 -109.0 -297.0 -167.0 151.0 
-35.0 -149.0 51.0 19.0 30.0 74.0 83.0 
146.0 -108.0 -142.0 238.0 153.0 -19.0 208.0 
155.0 4.0 256.0 261.0 26.0 127.0 92.0 
-122.0 53.0 1.0 -274.0 26.0 73.0 -300.0 
-89.0 81.0 -63.0 6.0 -63.0 -31.0 222.0 
16.0 -110.0 54.0 -205.0 -331.0 -65.0 -291.0 
-613.0 -424.0 -393.0 -536.0 -522.0 -787.0 -850.0 
-497.0 -638.0 -736.0 -254.0 -266.0 -415.0 -73.0 
-179.0 -351.0 29.0 28.0 -79.0 184.0 41.0 
5.0 269.0 -14.0 -151.0 119.0 -5.0 -13.0 
134.0 -135.0 -70.0 216.0 0.0 -137.0 -58.0 
-160.0 -210.0 -255.0 -355.0 -371.0 -379.0 -287.0 
-273.0 -312.0 -65.0 -24.0 -162.0 26.0 155.0 
234.0 318.0 110.0 166.0 415.0 330.0 319.0 
311.0 223.0 403.0 367.0 25.0 86.0 265.0 
17.0 -145.0 -66.0 -199.0 -224.0 -108.0 -279.0 
-376.0 -404.0 -573.0 -409.0 -226.0 -286.0 -124.0 
23.0 23.0 -51.0 -140.0 113.0 341.0 114.0 
72.0 239.0 115.0 40.0 124.0 156.0 288.0 
199.0 -48.0 -6.0 -17.0 -105.0 -64.0 -192.0 
-248.0 -115.0 -285.0 -436.0 -319.0 -361.0 -456.0 
-472.0 -417.0 -180.0 -157.0 -399.0 -263.0 -50.0 
-170.0 -362.0 -440.0 -268.0 -127.0 -220.0 -154.0 
67.0 97.0 -11.0 11.0 58.0 -1.0 -93.0 
-154.0 -300.0 -443.0 -311.0 -372.0 -630.0 -350.0 
-117.0 -283.0 -238.0 -324.0 -537.0 -165.0 41.0 
-276.0 -137.0 -14.0 -293.0 -170.0 -52.0 -261.0 
-189.0 -177.0 -282.0 -153.0 -240.0 -345.0 -112.0 
71.0 88.0 23.0 -33.0 186.0 356.0 66.0 
-135.0 1.0 246.0 397.0 185.0 -239.0 -132.0 
360.0 233.0 -188.0 -25.0 359.0 249.0 50.0 
55.0 31.0 225.0 304.0 65.0 138.0 256.0 
18.0 -22.0 138.0 111.0 97.0 81.0 -62.0 
-58.0 60.0 -70.0 -232.0 -269.0 -326.0 -185.0 
-50.0 -186.0 -176.0 15.0 74.0 93.0 31.0 
-3.0 164.0 161.0 -53.0 2.0 181.0 92.0 
-6.0 6.0 -48.0 -14.0 103.0 117.0 105.0 
163.0 178.0 136.0 118.0 107.0 164.0 181.0 
129.0 114.0 -11.0 -169.0 -173.0 -66.0 -58.0 
-194.0 -246.0 -117.0 -57.0 -212.0 -361.0 -369.0 
-291.0 -219.0 -326.0 -519.0 -451.0 -244.0 -129.0 
-91.0 -187.0 -144.0 31.0 -40.0 -114.0 82.0 
197.0 84.0 132.0 324.0 379.0 313.0 174.0 
274.0 564.0 495.0 187.0 53.0 207.0 313.0 
41.0 -303.0 -154.0 319.0 254.0 -112.0 12.0 
285.0 325.0 332.0 332.0 360.0 519.0 509.0 
232.0 188.0 331.0 353.0 387.0 364.0 212.0 
102.0 70.0 222.0 207.0 -161.0 -107.0 163.0 
45.0 23.0 -15.0 -270.0 -191.0 -106.0 -339.0 
-221.0 -97.0 -265.0 -138.0 95.0 74.0 0.0 
30.0 15.0 -132.0 -135.0 158.0 223.0 83.0 
206.0 285.0 251.0 356.0 397.0 305.0 261.0 
329.0 458.0 445.0 262.0 293.0 463.0 303.0 
-23.0 -27.0 119.0 -7.0 -155.0 -52.0 106.0 
14.0 -337.0 -497.0 -269.0 -151.0 -406.0 -552.0 
-381.0 -310.0 -380.0 -316.0 -224.0 -269.0 -265.0 
-107.0 -33.0 -102.0 -56.0 53.0 43.0 -26.0 
-84.0 -3.0 176.0 113.0 -1.0 141.0 220.0 
158.0 113.0 9.0 -29.0 -3.0 -125.0 -293.0 
-314.0 -321.0 -352.0 -311.0 -255.0 -229.0 -160.0 
-37.0 34.0 81.0 152.0 132.0 138.0 326.0 
429.0 327.0 330.0 485.0 465.0 302.0 373.0 
614.0 746.0 724.0 567.0 427.0 434.0 242.0 
32.0 231.0 286.0 76.0 165.0 236.0 143.0 
230.0 81.0 -163.0 34.0 68.0 -131.0 -44.0 
-135.0 -274.0 -19.0 -58.0 -211.0 -71.0 -248.0 
-269.0 1.0 -239.0 -407.0 -277.0 -364.0 -162.0 
-112.0 -539.0 -228.0 70.0 -493.0 -550.0 -322.0 
-463.0 -306.0 -397.0 -688.0 -298.0 -136.0 -349.0 
-189.0 -204.0 -180.0 35.0 -144.0 -174.0 -154.0 
-306.0 -118.0 -186.0 -314.0 -150.0 -372.0 -454.0 
-237.0 -496.0 -259.0 108.0 -503.0 -433.0 149.0 
-87.0 -207.0 -114.0 -390.0 -177.0 -9.0 -449.0 
-295.0 29.0 -228.0 -221.0 -112.0 -123.0 91.0 
64.0 -110.0 68.0 198.0 9.0 -178.0 -126.0 
17.0 -45.0 -64.0 -2.0 -60.0 34.0 23.0 
3.0 350.0 253.0 -55.0 165.0 294.0 252.0 
283.0 226.0 326.0 368.0 125.0 178.0 213.0 
0.0 74.0 -4.0 -200.0 -70.0 -68.0 -18.0 
40.0 -211.0 -75.0 133.0 -28.0 130.0 311.0 
177.0 130.0 172.0 286.0 318.0 201.0 190.0 
340.0 482.0 210.0 -71.0 249.0 306.0 -45.0 
-123.0 -108.0 -1.0 -24.0 -255.0 -190.0 -169.0 
-318.0 -273.0 -291.0 -337.0 -275.0 -229.0 -35.0 
-34.0 -275.0 -36.0 127.0 -38.0 196.0 297.0 
267.0 476.0 273.0 169.0 378.0 184.0 88.0 
204.0 161.0 186.0 79.0 -128.0 -54.0 -63.0 
-240.0 -237.0 -192.0 -182.0 -159.0 -217.0 -364.0 
-425.0 -433.0 -457.0 -369.0 -341.0 -295.0 -116.0 
-142.0 -209.0 -121.0 -169.0 -170.0 69.0 219.0 
251.0 183.0 74.0 181.0 238.0 56.0 68.0 
161.0 119.0 223.0 308.0 189.0 146.0 253.0 
283.0 96.0 -79.0 43.0 203.0 3.0 -299.0 
-315.0 -134.0 -126.0 -342.0 -374.0 -87.0 65.0 
-177.0 -407.0 -230.0 -15.0 -94.0 -303.0 -212.0 
135.0 177.0 -72.0 -224.0 -117.0 199.0 359.0 
55.0 -226.0 -21.0 214.0 43.0 -336.0 -352.0 
-50.0 -17.0 -334.0 -544.0 -317.0 -89.0 -253.0 
-460.0 -349.0 -48.0 19.0 -206.0 -318.0 -66.0 
202.0 55.0 -202.0 -164.0 5.0 -8.0 -224.0 
-304.0 -120.0 76.0 -33.0 -245.0 -41.0 -25.0 
-302.0 -49.0 -51.0 -466.0 -21.0 178.0 -425.0 
-177.0 86.0 -196.0 -53.0 67.0 -100.0 109.0 
295.0 71.0 43.0 183.0 159.0 -3.0 -93.0 
99.0 180.0 138.0 305.0 364.0 286.0 460.0 
632.0 470.0 356.0 614.0 650.0 295.0 289.0 
509.0 316.0 229.0 394.0 234.0 156.0 398.0 
382.0 112.0 68.0 180.0 96.0 81.0 212.0 
159.0 61.0 114.0 97.0 86.0 206.0 208.0 
-23.0 0.0 252.0 252.0 82.0 19.0 76.0 
196.0 279.0 200.0 49.0 -84.0 22.0 142.0 
-186.0 -278.0 78.0 88.0 -262.0 -225.0 116.0 
-43.0 -371.0 -252.0 -201.0 -364.0 -326.0 -339.0 
-442.0 -333.0 -471.0 -717.0 -351.0 -146.0 -534.0 
-435.0 46.0 -28.0 -161.0 7.0 -53.0 -54.0 
143.0 0.0 -76.0 192.0 186.0 44.0 164.0 
162.0 37.0 78.0 124.0 117.0 96.0 56.0 
100.0 233.0 261.0 232.0 379.0 498.0 326.0 
185.0 305.0 335.0 224.0 285.0 307.0 255.0 
384.0 356.0 125.0 76.0 115.0 148.0 92.0 
-120.0 -140.0 28.0 -37.0 -243.0 -198.0 -81.0 
-113.0 -69.0 60.0 122.0 131.0 59.0 53.0 
175.0 134.0 -47.0 -50.0 48.0 123.0 219.0 
201.0 54.0 6.0 66.0 -3.0 -194.0 -284.0 
-141.0 -73.0 -269.0 -285.0 -63.0 -119.0 -240.0 
-251.0 -314.0 -159.0 -122.0 -433.0 -325.0 -10.0 
-152.0 -260.0 -209.0 -235.0 -119.0 -124.0 -379.0 
-243.0 128.0 2.0 -213.0 -27.0 92.0 -115.0 
-285.0 6.0 311.0 -19.0 -365.0 -128.0 88.0 
-89.0 -351.0 -309.0 48.0 118.0 -197.0 -183.0 
203.0 234.0 -40.0 -87.0 18.0 -55.0 -231.0 
-352.0 -393.0 -231.0 -138.0 -380.0 -387.0 -8.0 
66.0 -143.0 -219.0 -225.0 -148.0 -56.0 -233.0 
-523.0 -618.0 -503.0 -356.0 -511.0 -691.0 -257.0 
131.0 -84.0 -241.0 -79.0 176.0 210.0 -50.0 
105.0 284.0 64.0 59.0 -48.0 -199.0 9.0 
-133.0 -437.0 -168.0 -107.0 -310.0 -243.0 -243.0 
-229.0 -4.0 -46.0 -264.0 -176.0 -15.0 -24.0 
-82.0 -80.0 3.0 103.0 25.0 -217.0 -173.0 
94.0 88.0 -91.0 -76.0 -36.0 -78.0 -26.0 
-15.0 -107.0 -99.0 88.0 95.0 -51.0 101.0 
257.0 85.0 -64.0 -14.0 80.0 50.0 -97.0 
-133.0 31.0 28.0 -240.0 -323.0 -245.0 -277.0 
-310.0 -245.0 -179.0 -140.0 -65.0 107.0 295.0 
306.0 212.0 338.0 545.0 442.0 309.0 433.0 
480.0 382.0 267.0 258.0 376.0 251.0 162.0 
324.0 224.0 174.0 368.0 246.0 -7.0 -46.0 
144.0 251.0 -3.0 -32.0 254.0 144.0 -167.0 
-106.0 38.0 6.0 -55.0 0.0 127.0 125.0 
85.0 175.0 145.0 -33.0 -33.0 117.0 114.0 
-75.0 -121.0 35.0 185.0 162.0 64.0 170.0 
369.0 334.0 176.0 167.0 232.0 197.0 61.0 
19.0 87.0 106.0 144.0 129.0 48.0 85.0 
105.0 49.0 215.0 435.0 301.0 176.0 283.0 
342.0 319.0 210.0 175.0 339.0 367.0 197.0 
64.0 9.0 23.0 19.0 -134.0 -173.0 -57.0 
-181.0 -317.0 -246.0 -298.0 -434.0 -412.0 -350.0 
-363.0 -393.0 -382.0 -405.0 -355.0 -249.0 -353.0 
-374.0 -214.0 -195.0 -179.0 -95.0 39.0 238.0 
83.0 -97.0 47.0 85.0 -16.0 -19.0 -55.0 
50.0 211.0 -4.0 -114.0 38.0 -23.0 -106.0 
-43.0 -30.0 -112.0 -150.0 11.0 113.0 -25.0 
-3.0 248.0 309.0 125.0 29.0 241.0 503.0 
386.0 144.0 190.0 278.0 219.0 60.0 -64.0 
25.0 23.0 -201.0 -242.0 -116.0 -204.0 -367.0 
-365.0 -350.0 -402.0 -447.0 -458.0 -401.0 -257.0 
-114.0 -54.0 -58.0 -21.0 45.0 164.0 227.0 
101.0 144.0 266.0 56.0 -99.0 -4.0 -93.0 
-297.0 -259.0 -240.0 -370.0 -383.0 -278.0 -279.0 
-341.0 -327.0 -381.0 -370.0 -232.0 -255.0 -365.0 
-371.0 -257.0 -216.0 -414.0 -371.0 -47.0 -136.0 
-267.0 -65.0 -40.0 -167.0 -128.0 14.0 105.0 
-48.0 -188.0 92.0 283.0 114.0 85.0 229.0 
241.0 49.0 -111.0 109.0 318.0 54.0 -85.0 
206.0 249.0 32.0 50.0 150.0 155.0 109.0 
18.0 23.0 110.0 93.0 -33.0 79.0 333.0 
240.0 170.0 302.0 240.0 219.0 208.0 53.0 
131.0 315.0 246.0 104.0 110.0 176.0 276.0 
278.0 221.0 244.0 223.0 111.0 145.0 94.0 
-75.0 -18.0 128.0 95.0 10.0 80.0 44.0 
-116.0 -180.0 -188.0 -151.0 -218.0 -429.0 -252.0 
85.0 -186.0 -305.0 89.0 108.0 -132.0 -108.0 
65.0 202.0 116.0 -111.0 14.0 211.0 45.0 
-19.0 216.0 218.0 104.0 112.0 163.0 157.0 
20.0 -25.0 42.0 -102.0 -350.0 -340.0 -194.0 
-385.0 -559.0 -295.0 -282.0 -671.0 -659.0 -346.0 
-373.0 -472.0 -331.0 -192.0 -119.0 -64.0 -118.0 
-60.0 95.0 -7.0 -92.0 74.0 139.0 147.0 
163.0 81.0 188.0 345.0 124.0 18.0 343.0 
301.0 -96.0 12.0 356.0 295.0 54.0 -17.0 
60.0 103.0 -15.0 -60.0 88.0 103.0 -22.0 
-85.0 -66.0 -24.0 -62.0 -115.0 -172.0 -205.0 
-85.0 -113.0 -260.0 -185.0 -62.0 -124.0 -205.0 
-194.0 -142.0 -61.0 -87.0 -136.0 25.0 78.0 
-68.0 4.0 169.0 80.0 -44.0 36.0 156.0 
80.0 2.0 84.0 172.0 193.0 125.0 147.0 
226.0 -63.0 -159.0 273.0 157.0 -222.0 -39.0 
-38.0 -90.0 82.0 -115.0 -57.0 194.0 -163.0 
-98.0 338.0 -56.0 -133.0 337.0 175.0 14.0 
308.0 363.0 354.0 363.0 262.0 478.0 621.0 
344.0 326.0 609.0 514.0 270.0 289.0 362.0 
398.0 262.0 114.0 252.0 293.0 53.0 0.0 
149.0 152.0 -62.0 -132.0 95.0 54.0 -162.0 
-168.0 -189.0 -111.0 -32.0 -208.0 -145.0 17.0 
-190.0 -83.0 221.0 15.0 -79.0 173.0 142.0 
81.0 131.0 33.0 211.0 337.0 49.0 -101.0 
0.0 38.0 -78.0 -182.0 -184.0 -215.0 -322.0 
-368.0 -389.0 -355.0 -326.0 -435.0 -439.0 -381.0 
-448.0 -326.0 -90.0 -252.0 -415.0 -152.0 30.0 
-76.0 -65.0 25.0 74.0 183.0 0.0 -195.0 
153.0 310.0 28.0 -53.0 -116.0 -97.0 199.0 
-73.0 -520.0 -218.0 -26.0 -253.0 -243.0 -303.0 
-381.0 -182.0 -190.0 -300.0 -250.0 -168.0 -57.0 
-69.0 -133.0 -96.0 -65.0 2.0 57.0 -61.0 
-82.0 37.0 -31.0 -59.0 88.0 55.0 -69.0 
-61.0 2.0 -57.0 -214.0 -304.0 -276.0 -261.0 
-321.0 -239.0 -175.0 -263.0 -284.0 -268.0 -189.0 
-93.0 -177.0 -286.0 -119.0 97.0 -70.0 -95.0 
199.0 163.0 169.0 309.0 237.0 391.0 407.0 
214.0 368.0 497.0 436.0 504.0 450.0 334.0 
408.0 367.0 352.0 461.0 261.0 58.0 140.0 
99.0 -77.0 -171.0 -90.0 -24.0 -174.0 -181.0 
-66.0 -172.0 -196.0 -93.0 -126.0 -20.0 12.0 
-188.0 -84.0 56.0 -17.0 -39.0 -122.0 -57.0 
201.0 65.0 -195.0 -84.0 55.0 2.0 -173.0 
-217.0 -1.0 -65.0 -385.0 -365.0 -289.0 -372.0 
-400.0 -355.0 -214.0 -192.0 -321.0 -282.0 -154.0 
-172.0 -148.0 -26.0 -60.0 -93.0 -1.0 32.0 
0.0 -44.0 -22.0 58.0 31.0 -45.0 -49.0 
-88.0 -155.0 -197.0 -268.0 -302.0 -284.0 -340.0 
-320.0 -199.0 -221.0 -250.0 -120.0 -16.0 -82.0 
-85.0 88.0 159.0 48.0 4.0 106.0 132.0 
97.0 111.0 66.0 54.0 141.0 132.0 121.0 
242.0 260.0 175.0 180.0 168.0 98.0 126.0 
229.0 229.0 93.0 54.0 191.0 149.0 -24.0 
58.0 177.0 134.0 83.0 41.0 149.0 266.0 
102.0 3.0 111.0 113.0 30.0 7.0 41.0 
80.0 52.0 -52.0 -76.0 2.0 -9.0 -103.0 
-54.0 -38.0 -147.0 -40.0 120.0 -51.0 -179.0 
19.0 117.0 60.0 47.0 47.0 117.0 206.0 
113.0 42.0 132.0 103.0 52.0 77.0 23.0 
72.0 191.0 176.0 172.0 195.0 183.0 262.0 
306.0 140.0 54.0 229.0 312.0 115.0 15.0 
187.0 295.0 144.0 -35.0 18.0 116.0 32.0 
-2.0 79.0 144.0 133.0 117.0 197.0 250.0 
243.0 267.0 326.0 288.0 186.0 302.0 466.0 
350.0 266.0 357.0 390.0 345.0 311.0 338.0 
411.0 367.0 281.0 345.0 391.0 258.0 142.0 
165.0 152.0 15.0 20.0 90.0 -130.0 -332.0 
-211.0 -50.0 -145.0 -333.0 -319.0 -218.0 -239.0 
-331.0 -325.0 -187.0 -65.0 -178.0 -328.0 -134.0 
50.0 -199.0 -462.0 -248.0 85.0 24.0 -268.0 
-324.0 -66.0 72.0 -108.0 -218.0 -155.0 -222.0 
-378.0 -374.0 -334.0 -365.0 -447.0 -544.0 -488.0 
-524.0 -772.0 -566.0 -429.0 -929.0 -828.0 -468.0 
-723.0 -642.0 -461.0 -725.0 -444.0 -230.0 -578.0 
-495.0 -320.0 -462.0 -354.0 -301.0 -479.0 -283.0 
-148.0 -445.0 -468.0 -245.0 -277.0 -266.0 -183.0 
-337.0 -320.0 -107.0 -192.0 -295.0 -130.0 -120.0 
-271.0 -251.0 -185.0 -128.0 -110.0 -155.0 -46.0 
63.0 -50.0 -23.0 186.0 131.0 -42.0 57.0 
177.0 19.0 -35.0 108.0 7.0 -60.0 85.0 
-39.0 -176.0 -94.0 -117.0 -180.0 -189.0 -206.0 
-114.0 -38.0 -107.0 -106.0 94.0 232.0 264.0 
146.0 39.0 299.0 436.0 200.0 289.0 526.0 
360.0 239.0 299.0 245.0 223.0 287.0 301.0 
215.0 91.0 139.0 141.0 -34.0 16.0 115.0 
-12.0 -80.0 -71.0 63.0 136.0 -182.0 -138.0 
333.0 127.0 -226.0 146.0 390.0 144.0 -37.0 
12.0 183.0 88.0 -171.0 18.0 233.0 -24.0 
-5.0 380.0 327.0 53.0 38.0 240.0 215.0 
5.0 -117.0 4.0 99.0 -156.0 -157.0 132.0 
148.0 42.0 107.0 213.0 256.0 229.0 330.0 
389.0 168.0 220.0 456.0 280.0 307.0 501.0 
281.0 269.0 407.0 304.0 369.0 290.0 105.0 
413.0 542.0 149.0 220.0 544.0 467.0 391.0 
390.0 444.0 504.0 434.0 438.0 446.0 459.0 
557.0 540.0 566.0 654.0 391.0 168.0 501.0 
480.0 55.0 157.0 454.0 249.0 -96.0 -26.0 
-30.0 65.0 40.0 -528.0 -384.0 73.0 -375.0 
-555.0 -139.0 -299.0 -507.0 -306.0 -325.0 -341.0 
-287.0 -266.0 -103.0 -215.0 -471.0 -243.0 -29.0 
-158.0 -246.0 -304.0 -278.0 -128.0 -138.0 -200.0 
-70.0 65.0 83.0 -24.0 -92.0 9.0 116.0 
103.0 55.0 22.0 -42.0 -27.0 28.0 -85.0 
-129.0 10.0 -34.0 -229.0 -192.0 -98.0 -190.0 
-254.0 -234.0 -331.0 -361.0 -280.0 -352.0 -434.0 
-415.0 -353.0 -278.0 -328.0 -346.0 -247.0 -200.0 
-183.0 -74.0 -72.0 -75.0 41.0 -41.0 -94.0 
104.0 79.0 5.0 147.0 38.0 -9.0 163.0 
87.0 -15.0 4.0 -60.0 -42.0 7.0 -58.0 
-27.0 -8.0 -76.0 -1.0 -3.0 23.0 191.0 
161.0 168.0 314.0 234.0 144.0 174.0 213.0 
243.0 54.0 -170.0 -32.0 44.0 -161.0 -241.0 
-321.0 -456.0 -354.0 -391.0 -647.0 -545.0 -362.0 
-481.0 -552.0 -573.0 -580.0 -392.0 -275.0 -356.0 
-316.0 -145.0 -204.0 -211.0 -32.0 -41.0 -159.0 
-39.0 83.0 -53.0 -170.0 -220.0 -201.0 -109.0 
-211.0 -411.0 -467.0 -289.0 -261.0 -422.0 -345.0 
-299.0 -251.0 -131.0 -312.0 -281.0 43.0 -77.0 
-190.0 10.0 -108.0 -92.0 154.0 10.0 -3.0 
69.0 -80.0 65.0 115.0 -19.0 44.0 -38.0 
-41.0 214.0 98.0 -63.0 183.0 242.0 207.0 
310.0 243.0 237.0 413.0 416.0 359.0 328.0 
240.0 295.0 304.0 70.0 90.0 278.0 69.0 
-184.0 -73.0 34.0 -50.0 -193.0 -194.0 -29.0 
-95.0 -296.0 -244.0 -197.0 -298.0 -268.0 -130.0 
-182.0 -165.0 -47.0 -88.0 -33.0 -50.0 -95.0 
65.0 59.0 -3.0 83.0 92.0 52.0 150.0 
133.0 7.0 145.0 264.0 124.0 57.0 111.0 
129.0 198.0 185.0 29.0 179.0 298.0 2.0 
-21.0 228.0 119.0 -57.0 60.0 77.0 -4.0 
15.0 1.0 -24.0 17.0 -16.0 -33.0 74.0 
24.0 -138.0 -93.0 82.0 54.0 -51.0 97.0 
151.0 -68.0 -4.0 178.0 49.0 -7.0 83.0 
111.0 221.0 273.0 263.0 224.0 82.0 273.0 
450.0 119.0 111.0 363.0 224.0 190.0 180.0 
24.0 190.0 210.0 126.0 179.0 52.0 196.0 
406.0 130.0 81.0 298.0 319.0 250.0 59.0 
74.0 313.0 168.0 -4.0 165.0 214.0 130.0 
96.0 120.0 219.0 220.0 171.0 258.0 269.0 
266.0 363.0 372.0 313.0 391.0 454.0 327.0 
312.0 438.0 424.0 347.0 324.0 261.0 203.0 
204.0 19.0 -177.0 -67.0 -32.0 -214.0 -221.0 
-112.0 -101.0 -55.0 -71.0 -61.0 106.0 169.0 
138.0 151.0 189.0 324.0 399.0 265.0 212.0 
274.0 194.0 198.0 172.0 -10.0 -12.0 71.0 
-7.0 -51.0 -32.0 -103.0 -83.0 75.0 5.0 
-224.0 -76.0 34.0 -162.0 -41.0 -138.0 -230.0 
185.0 -99.0 -446.0 -108.0 -107.0 -190.0 -274.0 
-372.0 -87.0 -30.0 -257.0 -185.0 36.0 -16.0 
-86.0 -21.0 -131.0 -124.0 -162.0 -273.0 -131.0 
-209.0 -336.0 -256.0 -330.0 -360.0 -366.0 -440.0 
-307.0 -305.0 -378.0 -206.0 -315.0 -505.0 -29.0 
139.0 -316.0 -255.0 51.0 169.0 147.0 -49.0 
127.0 348.0 114.0 -17.0 66.0 107.0 68.0 
-131.0 -232.0 -59.0 -88.0 -234.0 -85.0 -242.0 
-389.0 -108.0 -250.0 -487.0 -296.0 -269.0 -402.0 
-380.0 -259.0 -343.0 -422.0 -313.0 -226.0 -67.0 
-160.0 -411.0 -195.0 -72.0 -268.0 -219.0 -173.0 
-286.0 -283.0 -93.0 