138.0 75.0 3.0 -18.0 -7.0 -17.0 -47.0 
-69.0 -69.0 -46.0 -16.0 -9.0 -9.0 15.0 
45.0 64.0 61.0 33.0 21.0 23.0 19.0 
-15.0 -74.0 -110.0 -137.0 -179.0 -219.0 -261.0 
-296.0 -293.0 -271.0 -261.0 -262.0 -252.0 -234.0 
-206.0 -150.0 -99.0 -89.0 -83.0 -46.0 6.0 
27.0 28.0 47.0 87.0 112.0 104.0 82.0 
81.0 110.0 123.0 107.0 96.0 83.0 64.0 
41.0 13.0 -12.0 -26.0 -38.0 -51.0 -54.0 
-66.0 -89.0 -113.0 -134.0 -135.0 -136.0 -158.0 
-172.0 -173.0 -179.0 -184.0 -174.0 -153.0 -125.0 
-92.0 -60.0 -45.0 -28.0 21.0 54.0 35.0 
22.0 30.0 9.0 -54.0 -139.0 -246.0 -375.0 
-492.0 -609.0 -759.0 -931.0 -1100.0 -1250.0 -1387.0 
-1512.0 -1638.0 -1767.0 -1845.0 -1872.0 -1907.0 -1954.0 
-1952.0 -1892.0 -1803.0 -1703.0 -1619.0 -1535.0 -1406.0 
-1247.0 -1102.0 -979.0 -845.0 -680.0 -530.0 -400.0 
-260.0 -119.0 11.0 130.0 259.0 397.0 504.0 
581.0 663.0 756.0 851.0 929.0 978.0 1027.0 
1071.0 1096.0 1103.0 1084.0 1076.0 1081.0 1068.0 
1039.0 998.0 943.0 878.0 805.0 729.0 637.0 
507.0 371.0 255.0 132.0 -5.0 -160.0 -329.0 
-477.0 -607.0 -750.0 -908.0 -1055.0 -1186.0 -1311.0 
-1436.0 -1551.0 -1653.0 -1759.0 -1865.0 -1964.0 -2050.0 
-2109.0 -2174.0 -2261.0 -2348.0 -2420.0 -2478.0 -2523.0 
-2578.0 -2662.0 -2751.0 -2804.0 -2817.0 -2805.0 -2787.0 
-2777.0 -2747.0 -2696.0 -2616.0 -2504.0 -2393.0 -2287.0 
-2156.0 -2011.0 -1855.0 -1691.0 -1539.0 -1376.0 -1191.0 
-1010.0 -830.0 -660.0 -510.0 -351.0 -156.0 19.0 
180.0 378.0 559.0 709.0 885.0 1078.0 1254.0 
1411.0 1565.0 1700.0 1798.0 1884.0 1953.0 1993.0 
2020.0 2032.0 2033.0 2012.0 1977.0 1946.0 1884.0 
1808.0 1741.0 1663.0 1569.0 1454.0 1325.0 1224.0 
1128.0 1001.0 856.0 718.0 592.0 455.0 312.0 
170.0 22.0 -137.0 -312.0 -508.0 -702.0 -876.0 
-1041.0 -1207.0 -1379.0 -1544.0 -1701.0 -1854.0 -2001.0 
-2128.0 -2236.0 -2358.0 -2462.0 -2525.0 -2566.0 -2609.0 
-2673.0 -2750.0 -2792.0 -2791.0 -2802.0 -2824.0 -2823.0 
-2819.0 -2811.0 -2784.0 -2739.0 -2693.0 -2638.0 -2575.0 
-2505.0 -2409.0 -2298.0 -2197.0 -2112.0 -1989.0 -1850.0 
-1750.0 -1636.0 -1490.0 -1353.0 -1239.0 -1121.0 -1007.0 
-889.0 -736.0 -562.0 -440.0 -362.0 -234.0 -68.0 
77.0 212.0 350.0 504.0 686.0 857.0 1008.0 
1176.0 1348.0 1518.0 1677.0 1824.0 1942.0 2049.0 
2163.0 2252.0 2297.0 2319.0 2336.0 2370.0 2416.0 
2431.0 2405.0 2351.0 2272.0 2180.0 2107.0 2044.0 
1958.0 1845.0 1709.0 1553.0 1415.0 1301.0 1175.0 
1027.0 861.0 676.0 463.0 233.0 13.0 -187.0 
-400.0 -637.0 -886.0 -1140.0 -1384.0 -1604.0 -1814.0 
-2041.0 -2278.0 -2507.0 -2733.0 -2954.0 -3149.0 -3331.0 
-3521.0 -3693.0 -3852.0 -3998.0 -4107.0 -4174.0 -4238.0 
-4283.0 -4288.0 -4267.0 -4208.0 -4103.0 -3951.0 -3767.0 
-3543.0 -3296.0 -3063.0 -2815.0 -2519.0 -2187.0 -1846.0 
-1515.0 -1200.0 -901.0 -606.0 -300.0 2.0 282.0 
561.0 836.0 1087.0 1316.0 1513.0 1670.0 1811.0 
1958.0 2088.0 2168.0 2216.0 2257.0 2293.0 2310.0 
2292.0 2239.0 2185.0 2134.0 2055.0 1956.0 1851.0 
1728.0 1601.0 1486.0 1377.0 1252.0 1085.0 906.0 
763.0 642.0 524.0 424.0 324.0 237.0 153.0 
51.0 -38.0 -111.0 -173.0 -231.0 -291.0 -362.0 
-441.0 -502.0 -554.0 -634.0 -731.0 -812.0 -900.0 
-1003.0 -1106.0 -1217.0 -1324.0 -1416.0 -1499.0 -1571.0 
-1656.0 -1772.0 -1862.0 -1909.0 -1923.0 -1928.0 -1949.0 
-1981.0 -2001.0 -1984.0 -1954.0 -1949.0 -1950.0 -1924.0 
-1883.0 -1855.0 -1848.0 -1835.0 -1794.0 -1739.0 -1707.0 
-1693.0 -1648.0 -1559.0 -1491.0 -1460.0 -1403.0 -1326.0 
-1265.0 -1223.0 -1185.0 -1136.0 -1061.0 -984.0 -928.0 
-874.0 -812.0 -750.0 -680.0 -600.0 -505.0 -418.0 
-367.0 -311.0 -220.0 -128.0 -47.0 32.0 88.0 
129.0 188.0 233.0 261.0 320.0 398.0 448.0 
463.0 491.0 553.0 627.0 700.0 766.0 831.0 
900.0 967.0 1028.0 1064.0 1084.0 1093.0 1074.0 
1049.0 1036.0 998.0 913.0 815.0 740.0 661.0 
555.0 419.0 286.0 186.0 103.0 -4.0 -155.0 
-284.0 -359.0 -445.0 -594.0 -746.0 -858.0 -966.0 
-1087.0 -1197.0 -1306.0 -1400.0 -1473.0 -1561.0 -1660.0 
-1722.0 -1761.0 -1805.0 -1828.0 -1827.0 -1832.0 -1851.0 
-1877.0 -1887.0 -1873.0 -1846.0 -1844.0 -1869.0 -1882.0 
-1860.0 -1846.0 -1863.0 -1866.0 -1858.0 -1862.0 -1890.0 
-1937.0 -1944.0 -1899.0 -1884.0 -1900.0 -1889.0 -1847.0 
-1775.0 -1667.0 -1543.0 -1433.0 -1341.0 -1217.0 -1052.0 
-878.0 -717.0 -578.0 -452.0 -329.0 -187.0 -27.0 
102.0 212.0 353.0 493.0 593.0 665.0 742.0 
812.0 860.0 890.0 892.0 863.0 826.0 773.0 
708.0 664.0 633.0 575.0 490.0 418.0 377.0 
333.0 256.0 159.0 71.0 1.0 -84.0 -202.0 
-325.0 -427.0 -506.0 -601.0 -706.0 -792.0 -872.0 
-943.0 -1014.0 -1083.0 -1125.0 -1138.0 -1145.0 -1172.0 
-1195.0 -1176.0 -1167.0 -1209.0 -1260.0 -1293.0 -1335.0 
-1384.0 -1446.0 -1531.0 -1610.0 -1661.0 -1710.0 -1784.0 
-1865.0 -1908.0 -1905.0 -1901.0 -1880.0 -1823.0 -1769.0 
-1725.0 -1655.0 -1523.0 -1378.0 -1266.0 -1152.0 -1019.0 
-872.0 -731.0 -618.0 -534.0 -438.0 -328.0 -263.0 
-250.0 -224.0 -179.0 -172.0 -196.0 -206.0 -186.0 
-159.0 -151.0 -156.0 -163.0 -156.0 -153.0 -174.0 
-204.0 -215.0 -229.0 -261.0 -282.0 -293.0 -322.0 
-390.0 -489.0 -546.0 -550.0 -535.0 -532.0 -527.0 
-480.0 -417.0 -392.0 -382.0 -326.0 -227.0 -128.0 
-43.0 27.0 95.0 171.0 228.0 263.0 292.0 
324.0 349.0 342.0 313.0 269.0 213.0 150.0 
71.0 -42.0 -146.0 -231.0 -343.0 -479.0 -595.0 
-689.0 -799.0 -922.0 -1025.0 -1097.0 -1166.0 -1256.0 
-1346.0 -1413.0 -1443.0 -1446.0 -1462.0 -1492.0 -1508.0 
-1499.0 -1462.0 -1424.0 -1392.0 -1362.0 -1327.0 -1292.0 
-1253.0 -1202.0 -1166.0 -1153.0 -1140.0 -1115.0 -1079.0 
-1043.0 -1017.0 -983.0 -945.0 -919.0 -903.0 -878.0 
-850.0 -826.0 -800.0 -768.0 -733.0 -720.0 -745.0 
-797.0 -821.0 -806.0 -810.0 -843.0 -877.0 -897.0 
-899.0 -891.0 -873.0 -854.0 -836.0 -822.0 -845.0 
-874.0 -873.0 -867.0 -882.0 -873.0 -832.0 -814.0 
-820.0 -799.0 -742.0 -683.0 -646.0 -618.0 -577.0 
-511.0 -424.0 -366.0 -324.0 -283.0 -249.0 -205.0 
-159.0 -122.0 -112.0 -99.0 -43.0 6.0 14.0 
31.0 68.0 93.0 98.0 116.0 145.0 157.0 
166.0 162.0 146.0 138.0 138.0 128.0 115.0 
111.0 100.0 73.0 55.0 44.0 27.0 15.0 
-3.0 -35.0 -48.0 -51.0 -105.0 -169.0 -194.0 
-228.0 -301.0 -394.0 -480.0 -549.0 -628.0 -707.0 
-772.0 -834.0 -889.0 -956.0 -1032.0 -1095.0 -1128.0 
-1162.0 -1197.0 -1203.0 -1204.0 -1239.0 -1273.0 -1264.0 
-1245.0 -1244.0 -1248.0 -1242.0 -1222.0 -1182.0 -1154.0 
-1153.0 -1151.0 -1130.0 -1085.0 -1025.0 -969.0 -932.0 
-887.0 -815.0 -748.0 -711.0 -683.0 -630.0 -543.0 
-476.0 -464.0 -467.0 -438.0 -387.0 -331.0 -307.0 
-333.0 -349.0 -307.0 -259.0 -259.0 -280.0 -296.0 
-309.0 -334.0 -369.0 -405.0 -444.0 -473.0 -492.0 
-530.0 -580.0 -622.0 -659.0 -680.0 -700.0 -738.0 
-795.0 -840.0 -847.0 -863.0 -912.0 -984.0 -1050.0 
-1045.0 -984.0 -923.0 -885.0 -860.0 -790.0 -670.0 
-537.0 -410.0 -297.0 -182.0 -39.0 111.0 222.0 
302.0 391.0 501.0 606.0 681.0 722.0 761.0 
818.0 860.0 870.0 871.0 850.0 797.0 739.0 
664.0 584.0 517.0 415.0 298.0 208.0 108.0 
-17.0 -126.0 -229.0 -333.0 -433.0 -541.0 -646.0 
-737.0 -836.0 -961.0 -1071.0 -1137.0 -1191.0 -1253.0 
-1322.0 -1387.0 -1453.0 -1509.0 -1546.0 -1580.0 -1609.0 
-1636.0 -1665.0 -1702.0 -1732.0 -1746.0 -1766.0 -1785.0 
-1779.0 -1754.0 -1733.0 -1728.0 -1741.0 -1756.0 -1736.0 
-1699.0 -1680.0 -1657.0 -1621.0 -1578.0 -1522.0 -1437.0 
-1302.0 -1147.0 -1018.0 -894.0 -724.0 -537.0 -382.0 
-258.0 -139.0 -2.0 151.0 277.0 380.0 468.0 
521.0 555.0 594.0 633.0 649.0 621.0 549.0 
488.0 467.0 447.0 384.0 290.0 221.0 185.0 
151.0 85.0 12.0 -24.0 -14.0 -20.0 -45.0 
-52.0 -67.0 -69.0 -34.0 16.0 77.0 142.0 
197.0 256.0 263.0 252.0 301.0 348.0 345.0 
316.0 272.0 219.0 185.0 148.0 68.0 -35.0 
-123.0 -238.0 -384.0 -525.0 -666.0 -796.0 -905.0 
-998.0 -1115.0 -1263.0 -1385.0 -1455.0 -1509.0 -1579.0 
-1675.0 -1767.0 -1811.0 -1801.0 -1791.0 -1806.0 -1834.0 
-1877.0 -1925.0 -1933.0 -1892.0 -1848.0 -1832.0 -1846.0 
-1871.0 -1872.0 -1849.0 -1832.0 -1788.0 -1714.0 -1666.0 
-1632.0 -1580.0 -1499.0 -1410.0 -1335.0 -1259.0 -1148.0 
-991.0 -831.0 -697.0 -547.0 -375.0 -205.0 -51.0 
95.0 232.0 372.0 535.0 695.0 836.0 960.0 
1078.0 1194.0 1295.0 1398.0 1484.0 1529.0 1543.0 
1533.0 1524.0 1516.0 1450.0 1335.0 1222.0 1125.0 
1010.0 844.0 677.0 541.0 418.0 280.0 112.0 
-60.0 -183.0 -266.0 -355.0 -460.0 -553.0 -616.0 
-679.0 -753.0 -822.0 -880.0 -951.0 -1018.0 -1048.0 
-1042.0 -1044.0 -1070.0 -1087.0 -1080.0 -1054.0 -1020.0 
-1002.0 -997.0 -969.0 -952.0 -990.0 -1046.0 -1057.0 
-1051.0 -1082.0 -1137.0 -1179.0 -1201.0 -1217.0 -1258.0 
-1317.0 -1342.0 -1362.0 -1383.0 -1373.0 -1358.0 -1352.0 
-1324.0 -1273.0 -1209.0 -1141.0 -1089.0 -1051.0 -1004.0 
-958.0 -925.0 -908.0 -900.0 -877.0 -838.0 -810.0 
-807.0 -800.0 -756.0 -693.0 -642.0 -587.0 -489.0 
-360.0 -240.0 -129.0 0.0 149.0 304.0 447.0 
583.0 713.0 842.0 966.0 1069.0 1153.0 1220.0 
1275.0 1312.0 1343.0 1370.0 1362.0 1329.0 1311.0 
1294.0 1256.0 1194.0 1122.0 1060.0 1003.0 921.0 
804.0 697.0 619.0 528.0 399.0 263.0 132.0 
7.0 -106.0 -237.0 -390.0 -531.0 -667.0 -811.0 
-933.0 -1038.0 -1170.0 -1314.0 -1416.0 -1498.0 -1581.0 
-1652.0 -1724.0 -1797.0 -1853.0 -1905.0 -1989.0 -2068.0 
-2117.0 -2128.0 -2107.0 -2076.0 -2046.0 -1993.0 -1898.0 
-1792.0 -1681.0 -1527.0 -1305.0 -1098.0 -953.0 -799.0 
-589.0 -364.0 -150.0 60.0 252.0 416.0 556.0 
693.0 845.0 999.0 1112.0 1181.0 1223.0 1255.0 
1270.0 1250.0 1206.0 1159.0 1120.0 1061.0 980.0 
898.0 810.0 723.0 649.0 584.0 520.0 463.0 
419.0 378.0 322.0 260.0 225.0 227.0 210.0 
153.0 118.0 102.0 87.0 97.0 113.0 117.0 
100.0 51.0 2.0 -38.0 -94.0 -165.0 -235.0 
-290.0 -352.0 -469.0 -579.0 -637.0 -698.0 -778.0 
-860.0 -942.0 -991.0 -997.0 -1011.0 -1028.0 -1019.0 
-1009.0 -992.0 -950.0 -920.0 -901.0 -847.0 -775.0 
-732.0 -684.0 -613.0 -553.0 -496.0 -402.0 -304.0 
-235.0 -162.0 -84.0 -8.0 69.0 141.0 187.0 
227.0 285.0 346.0 370.0 376.0 395.0 410.0 
387.0 363.0 379.0 401.0 375.0 326.0 294.0 
297.0 322.0 325.0 285.0 234.0 185.0 141.0 
110.0 56.0 -11.0 -86.0 -171.0 -236.0 -263.0 
-302.0 -362.0 -398.0 -398.0 -370.0 -343.0 -340.0 
-333.0 -297.0 -243.0 -187.0 -137.0 -92.0 -31.0 
31.0 79.0 155.0 232.0 270.0 292.0 319.0 
348.0 356.0 337.0 294.0 246.0 212.0 165.0 
91.0 10.0 -57.0 -120.0 -181.0 -241.0 -286.0 
-311.0 -375.0 -454.0 -500.0 -528.0 -564.0 -625.0 
-695.0 -722.0 -722.0 -724.0 -729.0 -728.0 -708.0 
-652.0 -594.0 -559.0 -492.0 -429.0 -373.0 -276.0 
-193.0 -117.0 -37.0 24.0 111.0 213.0 307.0 
410.0 514.0 601.0 688.0 763.0 816.0 901.0 
995.0 1039.0 1029.0 989.0 978.0 1003.0 998.0 
948.0 878.0 803.0 754.0 695.0 615.0 535.0 
424.0 288.0 171.0 85.0 15.0 -61.0 -140.0 
-204.0 -261.0 -294.0 -311.0 -321.0 -310.0 -303.0 
-319.0 -334.0 -306.0 -254.0 -222.0 -209.0 -219.0 
-239.0 -242.0 -242.0 -245.0 -254.0 -280.0 -316.0 
-359.0 -409.0 -459.0 -507.0 -549.0 -596.0 -654.0 
-690.0 -715.0 -761.0 -773.0 -751.0 -737.0 -740.0 
-727.0 -682.0 -643.0 -617.0 -602.0 -592.0 -573.0 
-552.0 -531.0 -507.0 -492.0 -457.0 -406.0 -387.0 
-386.0 -349.0 -301.0 -223.0 -106.0 -42.0 -5.0 
81.0 204.0 314.0 399.0 480.0 564.0 645.0 
729.0 812.0 849.0 889.0 959.0 997.0 995.0 
983.0 974.0 969.0 947.0 915.0 885.0 840.0 
809.0 807.0 785.0 749.0 705.0 669.0 667.0 
666.0 630.0 597.0 587.0 565.0 531.0 489.0 
443.0 395.0 352.0 316.0 263.0 202.0 148.0 
103.0 51.0 -2.0 -56.0 -127.0 -168.0 -155.0 
-167.0 -225.0 -271.0 -290.0 -308.0 -358.0 -436.0 
-508.0 -552.0 -594.0 -657.0 -731.0 -792.0 -834.0 
-864.0 -892.0 -927.0 -963.0 -986.0 -1005.0 -1021.0 
-1037.0 -1053.0 -1071.0 -1100.0 -1132.0 -1153.0 -1166.0 
-1155.0 -1138.0 -1167.0 -1180.0 -1168.0 -1162.0 -1150.0 
-1127.0 -1091.0 -1065.0 -1062.0 -1019.0 -928.0 -872.0 
-838.0 -766.0 -650.0 -538.0 -436.0 -334.0 -219.0 
-74.0 95.0 243.0 368.0 512.0 649.0 752.0 
861.0 977.0 1052.0 1090.0 1147.0 1232.0 1278.0 
1283.0 1284.0 1295.0 1315.0 1300.0 1245.0 1204.0 
1197.0 1195.0 1149.0 1068.0 1008.0 958.0 897.0 
844.0 792.0 724.0 630.0 546.0 522.0 514.0 
494.0 480.0 450.0 427.0 433.0 416.0 376.0 
330.0 271.0 214.0 177.0 135.0 73.0 12.0 
-56.0 -167.0 -301.0 -403.0 -454.0 -515.0 -620.0 
-740.0 -824.0 -877.0 -938.0 -991.0 -1030.0 -1065.0 
-1097.0 -1138.0 -1175.0 -1189.0 -1202.0 -1245.0 -1311.0 
-1356.0 -1373.0 -1391.0 -1410.0 -1398.0 -1371.0 -1342.0 
-1279.0 -1178.0 -1079.0 -1003.0 -910.0 -798.0 -711.0 
-626.0 -517.0 -431.0 -379.0 -325.0 -262.0 -218.0 
-193.0 -154.0 -115.0 -98.0 -93.0 -95.0 -97.0 
-96.0 -106.0 -127.0 -144.0 -152.0 -168.0 -185.0 
-192.0 -200.0 -203.0 -186.0 -128.0 -55.0 7.0 
78.0 165.0 277.0 394.0 515.0 623.0 716.0 
828.0 935.0 1052.0 1170.0 1231.0 1296.0 1394.0 
1435.0 1442.0 1483.0 1518.0 1483.0 1438.0 1407.0 
1362.0 1286.0 1185.0 1080.0 982.0 872.0 742.0 
622.0 503.0 333.0 148.0 -7.0 -154.0 -320.0 
-478.0 -625.0 -814.0 -1004.0 -1144.0 -1265.0 -1398.0 
-1509.0 -1583.0 -1656.0 -1741.0 -1797.0 -1823.0 -1840.0 
-1848.0 -1864.0 -1865.0 -1821.0 -1781.0 -1759.0 -1730.0 
-1681.0 -1634.0 -1616.0 -1587.0 -1524.0 -1471.0 -1438.0 
-1392.0 -1353.0 -1327.0 -1289.0 -1214.0 -1134.0 -1058.0 
-936.0 -834.0 -793.0 -740.0 -611.0 -450.0 -331.0 
-240.0 -153.0 -78.0 9.0 110.0 201.0 272.0 
319.0 365.0 405.0 450.0 520.0 591.0 620.0 
619.0 655.0 743.0 797.0 795.0 784.0 788.0 
804.0 812.0 820.0 802.0 755.0 705.0 658.0 
652.0 679.0 676.0 655.0 617.0 599.0 630.0 
645.0 646.0 681.0 730.0 742.0 710.0 690.0 
681.0 620.0 543.0 480.0 373.0 219.0 87.0 
-32.0 -172.0 -319.0 -458.0 -601.0 -737.0 -830.0 
-900.0 -996.0 -1119.0 -1212.0 -1268.0 -1323.0 -1387.0 
-1441.0 -1480.0 -1495.0 -1529.0 -1582.0 -1584.0 -1551.0 
-1537.0 -1550.0 -1551.0 -1515.0 -1468.0 -1432.0 -1383.0 
-1314.0 -1267.0 -1229.0 -1164.0 -1073.0 -941.0 -824.0 
-756.0 -675.0 -547.0 -405.0 -302.0 -217.0 -120.0 
-14.0 94.0 179.0 241.0 309.0 378.0 451.0 
519.0 560.0 641.0 748.0 768.0 761.0 839.0 
924.0 938.0 936.0 934.0 922.0 933.0 932.0 
883.0 789.0 680.0 591.0 513.0 423.0 325.0 
214.0 95.0 3.0 -53.0 -141.0 -282.0 -401.0 
-466.0 -503.0 -566.0 -647.0 -703.0 -716.0 -723.0 
-757.0 -801.0 -816.0 -806.0 -799.0 -785.0 -773.0 
-780.0 -776.0 -740.0 -690.0 -619.0 -558.0 -562.0 
-541.0 -446.0 -400.0 -432.0 -426.0 -387.0 -367.0 
-374.0 -434.0 -499.0 -532.0 -588.0 -672.0 -768.0 
-845.0 -879.0 -877.0 -908.0 -988.0 -1040.0 -1041.0 
-1031.0 -1071.0 -1106.0 -1058.0 -1017.0 -1003.0 -989.0 
-1002.0 -1047.0 -1062.0 -1010.0 -956.0 -941.0 -937.0 
-922.0 -900.0 -846.0 -779.0 -756.0 -731.0 -653.0 
-554.0 -497.0 -483.0 -442.0 -342.0 -222.0 -134.0 
-81.0 -27.0 45.0 128.0 194.0 244.0 303.0 
335.0 355.0 408.0 473.0 487.0 457.0 468.0 
528.0 562.0 559.0 563.0 568.0 558.0 568.0 
560.0 498.0 458.0 447.0 413.0 377.0 357.0 
310.0 212.0 124.0 81.0 61.0 41.0 -6.0 
-68.0 -74.0 -24.0 2.0 -19.0 -56.0 -58.0 
-40.0 -43.0 -88.0 -156.0 -232.0 -332.0 -443.0 
-527.0 -621.0 -746.0 -881.0 -1006.0 -1110.0 -1222.0 
-1355.0 -1494.0 -1621.0 -1731.0 -1841.0 -1967.0 -2081.0 
-2156.0 -2223.0 -2300.0 -2380.0 -2450.0 -2464.0 -2431.0 
-2416.0 -2402.0 -2350.0 -2267.0 -2161.0 -2025.0 -1892.0 
-1790.0 -1702.0 -1610.0 -1496.0 -1368.0 -1283.0 -1248.0 
-1207.0 -1130.0 -1063.0 -1019.0 -969.0 -950.0 -931.0 
-877.0 -823.0 -757.0 -656.0 -533.0 -418.0 -303.0 
-175.0 -30.0 144.0 324.0 480.0 629.0 787.0 
975.0 1150.0 1278.0 1374.0 1487.0 1597.0 1655.0 
1688.0 1720.0 1747.0 1752.0 1736.0 1734.0 1733.0 
1682.0 1637.0 1654.0 1642.0 1542.0 1415.0 1316.0 
1240.0 1154.0 1032.0 850.0 641.0 457.0 296.0 
125.0 -57.0 -245.0 -446.0 -653.0 -833.0 -981.0 
-1123.0 -1269.0 -1432.0 -1594.0 -1715.0 -1800.0 -1913.0 
-2063.0 -2208.0 -2335.0 -2433.0 -2507.0 -2584.0 -2683.0 
-2797.0 -2865.0 -2835.0 -2771.0 -2773.0 -2808.0 -2792.0 
-2724.0 -2631.0 -2552.0 -2513.0 -2482.0 -2392.0 -2221.0 
-2029.0 -1877.0 -1761.0 -1644.0 -1484.0 -1290.0 -1096.0 
-923.0 -762.0 -602.0 -465.0 -349.0 -210.0 -34.0 
111.0 223.0 353.0 501.0 641.0 745.0 836.0 
963.0 1070.0 1127.0 1174.0 1224.0 1256.0 1270.0 
1270.0 1245.0 1198.0 1141.0 1056.0 946.0 848.0 
749.0 617.0 490.0 383.0 263.0 126.0 1.0 
-85.0 -140.0 -204.0 -303.0 -386.0 -413.0 -415.0 
-433.0 -458.0 -469.0 -460.0 -456.0 -491.0 -536.0 
-535.0 -531.0 -576.0 -626.0 -651.0 -669.0 -712.0 
-778.0 -859.0 -916.0 -927.0 -935.0 -978.0 -1026.0 
-1047.0 -1059.0 -1059.0 -1056.0 -1067.0 -1088.0 -1110.0 
-1133.0 -1146.0 -1156.0 -1201.0 -1258.0 -1285.0 -1288.0 
-1293.0 -1322.0 -1364.0 -1387.0 -1384.0 -1389.0 -1396.0 
-1372.0 -1310.0 -1232.0 -1172.0 -1110.0 -1011.0 -897.0 
-810.0 -743.0 -670.0 -564.0 -441.0 -342.0 -271.0 
-210.0 -154.0 -72.0 42.0 126.0 171.0 255.0 
369.0 458.0 533.0 609.0 672.0 734.0 801.0 
835.0 846.0 896.0 956.0 982.0 992.0 999.0 
991.0 986.0 1015.0 1024.0 977.0 906.0 861.0 
827.0 757.0 649.0 530.0 416.0 304.0 175.0 
39.0 -94.0 -237.0 -377.0 -497.0 -612.0 -750.0 
-881.0 -954.0 -997.0 -1052.0 -1115.0 -1162.0 -1157.0 
-1105.0 -1049.0 -1020.0 -994.0 -939.0 -877.0 -844.0 
-826.0 -773.0 -693.0 -629.0 -585.0 -547.0 -521.0 
-468.0 -402.0 -384.0 -370.0 -334.0 -321.0 -327.0 
-334.0 -372.0 -442.0 -499.0 -548.0 -626.0 -693.0 
-725.0 -792.0 -864.0 -866.0 -838.0 -850.0 -862.0 
-836.0 -806.0 -785.0 -759.0 -710.0 -653.0 -592.0 
-533.0 -483.0 -433.0 -382.0 -329.0 -275.0 -225.0 
-164.0 -87.0 -19.0 31.0 65.0 92.0 117.0 
160.0 227.0 308.0 368.0 379.0 403.0 470.0 
538.0 586.0 641.0 690.0 739.0 817.0 880.0 
879.0 871.0 909.0 954.0 948.0 924.0 898.0 
862.0 825.0 782.0 717.0 671.0 670.0 600.0 
456.0 392.0 344.0 246.0 127.0 -4.0 -152.0 
-287.0 -381.0 -481.0 -604.0 -719.0 -830.0 -913.0 
-921.0 -906.0 -925.0 -947.0 -928.0 -894.0 -877.0 
-868.0 -881.0 -874.0 -808.0 -771.0 -790.0 -804.0 
-776.0 -724.0 -694.0 -679.0 -647.0 -599.0 -559.0 
-534.0 -503.0 -456.0 -414.0 -387.0 -348.0 -287.0 
-234.0 -217.0 -221.0 -197.0 -149.0 -109.0 -82.0 
-32.0 45.0 113.0 160.0 197.0 258.0 327.0 
372.0 391.0 409.0 452.0 492.0 494.0 471.0 
460.0 412.0 326.0 273.0 254.0 258.0 232.0 
163.0 99.0 91.0 131.0 172.0 181.0 210.0 
285.0 323.0 327.0 397.0 501.0 539.0 567.0 
629.0 645.0 658.0 769.0 884.0 861.0 802.0 
845.0 890.0 835.0 793.0 809.0 760.0 653.0 
603.0 602.0 562.0 490.0 433.0 351.0 254.0 
176.0 81.0 -23.0 -104.0 -172.0 -259.0 -364.0 
-446.0 -537.0 -658.0 -737.0 -771.0 -815.0 -868.0 
-930.0 -1011.0 -1082.0 -1111.0 -1126.0 -1196.0 -1309.0 
-1366.0 -1348.0 -1348.0 -1390.0 -1408.0 -1395.0 -1394.0 
-1373.0 -1305.0 -1219.0 -1124.0 -1025.0 -903.0 -732.0 
-569.0 -450.0 -322.0 -143.0 69.0 255.0 398.0 
546.0 711.0 886.0 1057.0 1201.0 1333.0 1479.0 
1619.0 1708.0 1771.0 1840.0 1893.0 1913.0 1902.0 
1883.0 1872.0 1823.0 1749.0 1684.0 1619.0 1540.0 
1426.0 1312.0 1226.0 1131.0 996.0 863.0 768.0 
666.0 557.0 474.0 411.0 333.0 255.0 190.0 
138.0 89.0 45.0 -1.0 -72.0 -154.0 -228.0 
-280.0 -315.0 -378.0 -456.0 -490.0 -491.0 -500.0 
-546.0 -579.0 -575.0 -584.0 -629.0 -665.0 -678.0 
-697.0 -724.0 -745.0 -748.0 -744.0 -805.0 -899.0 
-929.0 -945.0 -1020.0 -1103.0 -1144.0 -1150.0 -1149.0 
-1163.0 -1158.0 -1087.0 -989.0 -942.0 -886.0 -776.0 
-659.0 -552.0 -445.0 -333.0 -216.0 -87.0 60.0 
227.0 379.0 510.0 649.0 779.0 890.0 991.0 
1070.0 1149.0 1226.0 1281.0 1331.0 1376.0 1389.0 
1382.0 1415.0 1464.0 1442.0 1361.0 1321.0 1316.0 
1278.0 1215.0 1162.0 1105.0 1016.0 914.0 832.0 
741.0 612.0 492.0 419.0 355.0 272.0 180.0 
100.0 50.0 32.0 13.0 -27.0 -66.0 -64.0 
-20.0 18.0 21.0 8.0 30.0 58.0 82.0 
103.0 90.0 93.0 140.0 148.0 126.0 115.0 
84.0 51.0 1.0 -65.0 -82.0 -69.0 -131.0 
-248.0 -310.0 -315.0 -327.0 -368.0 -396.0 -381.0 
-341.0 -313.0 -299.0 -252.0 -166.0 -95.0 -40.0 
39.0 143.0 262.0 390.0 507.0 660.0 829.0 
952.0 1054.0 1184.0 1352.0 1486.0 1557.0 1618.0 
1674.0 1721.0 1751.0 1767.0 1784.0 1793.0 1769.0 
1706.0 1681.0 1697.0 1651.0 1567.0 1516.0 1467.0 
1393.0 1323.0 1271.0 1200.0 1116.0 1031.0 923.0 
830.0 743.0 654.0 590.0 519.0 437.0 388.0 
347.0 293.0 253.0 211.0 165.0 150.0 109.0 
21.0 -58.0 -99.0 -138.0 -220.0 -322.0 -403.0 
-450.0 -488.0 -533.0 -570.0 -590.0 -595.0 -586.0 
-552.0 -492.0 -434.0 -387.0 -336.0 -293.0 -239.0 
-138.0 -28.0 48.0 120.0 199.0 264.0 312.0 
374.0 450.0 503.0 506.0 494.0 513.0 540.0 
520.0 480.0 466.0 447.0 392.0 351.0 323.0 
266.0 220.0 220.0 213.0 162.0 123.0 143.0 
188.0 244.0 326.0 408.0 481.0 589.0 747.0 
897.0 994.0 1090.0 1233.0 1373.0 1460.0 1518.0 
1593.0 1655.0 1679.0 1690.0 1711.0 1723.0 1722.0 
1714.0 1692.0 1674.0 1663.0 1606.0 1530.0 1539.0 
1579.0 1542.0 1473.0 1450.0 1462.0 1470.0 1475.0 
1477.0 1497.0 1535.0 1545.0 1530.0 1538.0 1538.0 
1509.0 1464.0 1419.0 1365.0 1295.0 1209.0 1090.0 
951.0 830.0 716.0 575.0 420.0 278.0 139.0 
-6.0 -148.0 -265.0 -384.0 -522.0 -621.0 -692.0 
-766.0 -830.0 -899.0 -967.0 -992.0 -980.0 -963.0 
-959.0 -950.0 -904.0 -844.0 -767.0 -663.0 -588.0 
-531.0 -438.0 -322.0 -208.0 -96.0 18.0 117.0 
199.0 290.0 401.0 497.0 561.0 598.0 626.0 
662.0 715.0 772.0 803.0 798.0 769.0 753.0 
783.0 809.0 762.0 686.0 659.0 689.0 713.0 
675.0 600.0 552.0 556.0 596.0 645.0 660.0 
647.0 673.0 727.0 774.0 830.0 894.0 933.0 
950.0 987.0 1052.0 1102.0 1125.0 1136.0 1144.0 
1176.0 1227.0 1270.0 1299.0 1320.0 1331.0 1326.0 
1304.0 1288.0 1286.0 1259.0 1192.0 1111.0 1034.0 
953.0 862.0 762.0 673.0 582.0 464.0 327.0 
207.0 136.0 87.0 -3.0 -126.0 -213.0 -260.0 
-337.0 -439.0 -516.0 -589.0 -686.0 -780.0 -840.0 
-880.0 -929.0 -997.0 -1091.0 -1187.0 -1236.0 -1246.0 
-1281.0 -1349.0 -1359.0 -1292.0 -1241.0 -1236.0 -1206.0 
-1135.0 -1054.0 -931.0 -755.0 -594.0 -466.0 -324.0 
-178.0 -26.0 165.0 368.0 535.0 671.0 784.0 
881.0 987.0 1073.0 1108.0 1104.0 1071.0 1024.0 
949.0 851.0 761.0 648.0 462.0 232.0 19.0 
-159.0 -313.0 -448.0 -587.0 -750.0 -910.0 -1053.0 
-1130.0 -1110.0 -1088.0 -1139.0 -1148.0 -1045.0 -938.0 
-858.0 -745.0 -575.0 -382.0 -187.0 -1.0 196.0 
415.0 623.0 814.0 979.0 1121.0 1235.0 1321.0 
1405.0 1485.0 1514.0 1507.0 1497.0 1477.0 1463.0 
1465.0 1449.0 1371.0 1274.0 1215.0 1158.0 1083.0 
1008.0 934.0 878.0 804.0 674.0 561.0 526.0 
491.0 367.0 195.0 48.0 -82.0 -219.0 -367.0 
-528.0 -694.0 -832.0 -943.0 -1039.0 -1123.0 -1219.0 
-1306.0 -1328.0 -1306.0 -1290.0 -1298.0 -1326.0 -1339.0 
-1313.0 -1294.0 -1308.0 -1331.0 -1341.0 -1336.0 -1337.0 
-1359.0 -1381.0 -1396.0 -1395.0 -1398.0 -1418.0 -1420.0 
-1404.0 -1381.0 -1334.0 -1268.0 -1221.0 -1163.0 -1072.0 
-979.0 -907.0 -806.0 -681.0 -578.0 -508.0 -447.0 
-373.0 -304.0 -236.0 -156.0 -85.0 -59.0 -54.0 
-13.0 52.0 108.0 140.0 152.0 190.0 246.0 
273.0 281.0 326.0 401.0 472.0 498.0 495.0 
516.0 559.0 607.0 643.0 649.0 664.0 695.0 
712.0 730.0 765.0 802.0 812.0 808.0 835.0 
881.0 886.0 862.0 866.0 880.0 862.0 828.0 
807.0 799.0 785.0 729.0 632.0 525.0 422.0 
318.0 214.0 115.0 -17.0 -187.0 -327.0 -418.0 
-487.0 -552.0 -616.0 -702.0 -797.0 -844.0 -863.0 
-909.0 -975.0 -1020.0 -1041.0 -1054.0 -1104.0 -1199.0 
-1273.0 -1310.0 -1354.0 -1409.0 -1445.0 -1478.0 -1542.0 
-1607.0 -1641.0 -1649.0 -1642.0 -1644.0 -1684.0 -1731.0 
-1720.0 -1687.0 -1668.0 -1649.0 -1623.0 -1598.0 -1542.0 
-1434.0 -1336.0 -1268.0 -1170.0 -1036.0 -882.0 -728.0 
-589.0 -471.0 -352.0 -190.0 -8.0 127.0 239.0 
385.0 536.0 670.0 770.0 842.0 940.0 1080.0 
1198.0 1270.0 1329.0 1387.0 1449.0 1514.0 1551.0 
1546.0 1510.0 1473.0 1430.0 1355.0 1266.0 1167.0 
1036.0 885.0 747.0 628.0 530.0 434.0 352.0 
280.0 165.0 26.0 -51.0 -78.0 -105.0 -182.0 
-292.0 -357.0 -367.0 -373.0 -400.0 -428.0 -411.0 
-354.0 -331.0 -351.0 -321.0 -238.0 -198.0 -199.0 
-181.0 -149.0 -132.0 -126.0 -99.0 -71.0 -114.0 
-179.0 -199.0 -233.0 -332.0 -433.0 -510.0 -593.0 
-683.0 -786.0 -908.0 -1029.0 -1113.0 -1161.0 -1217.0 
-1290.0 -1342.0 -1372.0 -1381.0 -1362.0 -1364.0 -1357.0 
-1289.0 -1201.0 -1144.0 -1141.0 -1152.0 -1118.0 -1075.0 
-1081.0 -1101.0 -1126.0 -1161.0 -1159.0 -1150.0 -1159.0 
-1163.0 -1168.0 -1137.0 -1043.0 -939.0 -853.0 -747.0 
-615.0 -458.0 -268.0 -81.0 82.0 258.0 470.0 
712.0 952.0 1150.0 1323.0 1517.0 1711.0 1866.0 
1993.0 2099.0 2195.0 2292.0 2346.0 2363.0 2399.0 
2447.0 2460.0 2435.0 2407.0 2370.0 2285.0 2180.0 
2075.0 1939.0 1774.0 1586.0 1388.0 1194.0 1002.0 
800.0 566.0 316.0 79.0 -148.0 -384.0 -607.0 
-803.0 -1005.0 -1210.0 -1389.0 -1555.0 -1716.0 -1854.0 
-1971.0 -2071.0 -2136.0 -2157.0 -2166.0 -2201.0 -2223.0 
-2208.0 -2167.0 -2093.0 -2039.0 -2014.0 -1971.0 -1921.0 
-1870.0 -1790.0 -1692.0 -1616.0 -1573.0 -1521.0 -1428.0 
-1323.0 -1245.0 -1162.0 -1046.0 -919.0 -819.0 -738.0 
-638.0 -523.0 -391.0 -272.0 -190.0 -103.0 -9.0 
70.0 160.0 275.0 380.0 455.0 519.0 576.0 
618.0 653.0 709.0 796.0 861.0 881.0 886.0 
943.0 1034.0 1094.0 1100.0 1096.0 1156.0 1259.0 
1316.0 1316.0 1301.0 1309.0 1382.0 1463.0 1471.0 
1420.0 1375.0 1384.0 1392.0 1316.0 1224.0 1192.0 
1174.0 1114.0 1015.0 907.0 805.0 701.0 589.0 
468.0 321.0 185.0 88.0 5.0 -105.0 -270.0 
-454.0 -586.0 -667.0 -756.0 -872.0 -1002.0 -1108.0 
-1169.0 -1203.0 -1258.0 -1331.0 -1374.0 -1385.0 -1395.0 
-1449.0 -1512.0 -1515.0 -1485.0 -1475.0 -1486.0 -1502.0 
-1502.0 -1467.0 -1446.0 -1426.0 -1346.0 -1248.0 -1188.0 
-1127.0 -1047.0 -971.0 -870.0 -738.0 -624.0 -515.0 
-389.0 -274.0 -168.0 -50.0 68.0 167.0 243.0 
324.0 422.0 510.0 575.0 625.0 662.0 715.0 
739.0 690.0 637.0 657.0 698.0 679.0 630.0 
599.0 600.0 608.0 588.0 585.0 643.0 725.0 
766.0 779.0 836.0 910.0 926.0 927.0 977.0 
1015.0 993.0 952.0 947.0 974.0 936.0 838.0 
774.0 716.0 636.0 569.0 532.0 465.0 367.0 
296.0 251.0 191.0 114.0 60.0 10.0 -47.0 
-77.0 -101.0 -147.0 -189.0 -217.0 -250.0 -283.0 
-308.0 -331.0 -357.0 -391.0 -410.0 -420.0 -451.0 
-484.0 -481.0 -474.0 -508.0 -554.0 -551.0 -513.0 
-499.0 -503.0 -511.0 -525.0 -530.0 -522.0 -494.0 
-428.0 -358.0 -337.0 -338.0 -272.0 -163.0 -90.0 
-44.0 18.0 127.0 226.0 295.0 387.0 462.0 
482.0 509.0 594.0 694.0 752.0 781.0 788.0 
799.0 847.0 885.0 865.0 846.0 858.0 857.0 
835.0 812.0 746.0 654.0 610.0 587.0 489.0 
331.0 239.0 230.0 179.0 63.0 -35.0 -106.0 
-158.0 -212.0 -264.0 -303.0 -354.0 -437.0 -519.0 
-556.0 -576.0 -618.0 -657.0 -654.0 -601.0 -559.0 
-547.0 -495.0 -393.0 -279.0 -174.0 -89.0 -12.0 
76.0 172.0 256.0 332.0 407.0 471.0 529.0 
535.0 536.0 607.0 690.0 718.0 705.0 706.0 
721.0 694.0 658.0 647.0 622.0 540.0 455.0 
445.0 456.0 443.0 435.0 462.0 524.0 553.0 
552.0 583.0 625.0 661.0 719.0 801.0 889.0 
919.0 918.0 980.0 1037.0 1014.0 978.0 970.0 
943.0 881.0 822.0 785.0 732.0 628.0 505.0 
387.0 263.0 142.0 20.0 -120.0 -252.0 -370.0 
-506.0 -629.0 -724.0 -823.0 -915.0 -969.0 -1022.0 
-1112.0 -1200.0 -1273.0 -1362.0 -1457.0 -1561.0 -1668.0 
-1774.0 -1854.0 -1890.0 -1937.0 -2001.0 -2021.0 -2021.0 
-2027.0 -1995.0 -1927.0 -1839.0 -1742.0 -1619.0 -1462.0 
-1292.0 -1133.0 -993.0 -840.0 -655.0 -473.0 -344.0 
-258.0 -156.0 -29.0 67.0 110.0 135.0 175.0 
205.0 204.0 184.0 170.0 165.0 116.0 36.0 
0.0 -9.0 -20.0 -46.0 -68.0 -81.0 -130.0 
-168.0 -167.0 -181.0 -213.0 -225.0 -211.0 -205.0 
-239.0 -281.0 -299.0 -299.0 -316.0 -354.0 -399.0 
-463.0 -531.0 -575.0 -582.0 -606.0 -713.0 -862.0 
-968.0 -1009.0 -1045.0 -1125.0 -1206.0 -1276.0 -1324.0 
-1375.0 -1453.0 -1523.0 -1545.0 -1547.0 -1548.0 -1534.0 
-1518.0 -1527.0 -1549.0 -1556.0 -1544.0 -1505.0 -1467.0 
-1472.0 -1494.0 -1499.0 -1514.0 -1558.0 -1553.0 -1560.0 
-1601.0 -1653.0 -1728.0 -1810.0 -1869.0 -1919.0 -1998.0 
-2078.0 -2118.0 -2144.0 -2156.0 -2160.0 -2180.0 -2190.0 
-2175.0 -2128.0 -2084.0 -2082.0 -2076.0 -2022.0 -1934.0 
-1881.0 -1885.0 -1901.0 -1884.0 -1828.0 -1783.0 -1772.0 
-1760.0 -1756.0 -1770.0 -1774.0 -1774.0 -1778.0 -1799.0 
-1817.0 -1814.0 -1875.0 -2014.0 -2143.0 -2196.0 -2256.0 
-2418.0 -2608.0 -2736.0 -2822.0 -2944.0 -3105.0 -3200.0 
-3255.0 -3323.0 -3388.0 -3443.0 -3469.0 -3454.0 -3402.0 
-3367.0 -3351.0 -3326.0 -3308.0 -3263.0 -3173.0 -3108.0 
-3116.0 -3138.0 -3114.0 -3063.0 -3023.0 -3003.0 -3002.0 
-3025.0 -3018.0 -2971.0 -2986.0 -3037.0 -3042.0 -3027.0 
-3026.0 -3038.0 -3057.0 -3076.0 -3077.0 -3082.0 -3095.0 
-3071.0 -3040.0 -3061.0 -3091.0 -3107.0 -3115.0 -3088.0 
-3082.0 -3115.0 -3127.0 -3133.0 -3157.0 -3188.0 -3231.0 
-3310.0 -3370.0 -3384.0 -3404.0 -3472.0 -3566.0 -3623.0 
-3670.0 -3772.0 -3874.0 -3928.0 -4007.0 -4127.0 -4236.0 
-4312.0 -4397.0 -4545.0 -4669.0 -4726.0 -4814.0 -4961.0 
-5104.0 -5227.0 -5343.0 -5479.0 -5576.0 -5621.0 -5718.0 
-5878.0 -6009.0 -6091.0 -6146.0 -6229.0 -6376.0 -6483.0 
-6491.0 -6507.0 -6584.0 -6650.0 -6671.0 -6660.0 -6613.0 
-6587.0 -6620.0 -6638.0 -6592.0 -6461.0 -6326.0 -6247.0 
-6147.0 -6036.0 -5943.0 -5850.0 -5767.0 -5650.0 -5479.0 
-5360.0 -5320.0 -5290.0 -5273.0 -5269.0 -5241.0 -5220.0 
-5229.0 -5214.0 -5195.0 -5227.0 -5281.0 -5322.0 -5402.0 
-5514.0 -5624.0 -5719.0 -5831.0 -5981.0 -6126.0 -6206.0 
-6220.0 -6270.0 -6373.0 -6427.0 -6428.0 -6431.0 -6424.0 
-6389.0 -6340.0 -6315.0 -6332.0 -6383.0 -6430.0 -6500.0 
-6591.0 -6641.0 -6664.0 -6718.0 -6801.0 -6883.0 -6965.0 
-7081.0 -7232.0 -7379.0 -7525.0 -7659.0 -7752.0 -7878.0 
-8057.0 -8198.0 -8314.0 -8468.0 -8608.0 -8696.0 -8777.0 
-8849.0 -8916.0 -9026.0 -9108.0 -9118.0 -9119.0 -9126.0 
-9120.0 -9118.0 -9125.0 -9123.0 -9120.0 -9133.0 -9169.0 
-9180.0 -9165.0 -9175.0 -9179.0 -9126.0 -9051.0 -9013.0 
-9005.0 -8973.0 -8897.0 -8794.0 -8691.0 -8588.0 -8433.0 
-8250.0 -8122.0 -7988.0 -7786.0 -7586.0 -7456.0 -7343.0 
-7195.0 -7050.0 -6956.0 -6869.0 -6773.0 -6707.0 -6659.0 
-6610.0 -6591.0 -6590.0 -6539.0 -6508.0 -6541.0 -6596.0 
-6625.0 -6626.0 -6599.0 -6601.0 -6651.0 -6699.0 -6738.0 
-6788.0 -6846.0 -6884.0 -6942.0 -7056.0 -7144.0 -7176.0 
-7224.0 -7310.0 -7397.0 -7493.0 -7588.0 -7656.0 -7720.0 
-7794.0 -7865.0 -7931.0 -7962.0 -7973.0 -7993.0 -7996.0 
-7984.0 -7989.0 -8013.0 -8020.0 -7988.0 -7971.0 -7949.0 
-7916.0 -7904.0 -7908.0 -7882.0 -7836.0 -7828.0 -7827.0 
-7835.0 -7863.0 -7867.0 -7874.0 -7917.0 -7961.0 -8008.0 
-8064.0 -8124.0 -8172.0 -8208.0 -8226.0 -8213.0 -8187.0 
-8207.0 -8255.0 -8237.0 -8145.0 -8043.0 -7970.0 -7892.0 
-7806.0 -7732.0 -7639.0 -7513.0 -7364.0 -7230.0 -7089.0 
-6968.0 -6857.0 -6719.0 -6587.0 -6466.0 -6320.0 -6154.0 
-6006.0 -5877.0 -5744.0 -5622.0 -5497.0 -5372.0 -5293.0 
-5240.0 -5173.0 -5113.0 -5106.0 -5128.0 -5121.0 -5083.0 
-5084.0 -5136.0 -5196.0 -5244.0 -5292.0 -5360.0 -5464.0 
-5595.0 -5717.0 -5816.0 -5915.0 -6041.0 -6161.0 -6255.0 
-6352.0 -6444.0 -6512.0 -6575.0 -6627.0 -6672.0 -6734.0 
-6752.0 -6731.0 -6735.0 -6720.0 -6677.0 -6663.0 -6665.0 
-6636.0 -6600.0 -6570.0 -6530.0 -6497.0 -6476.0 -6424.0 
-6330.0 -6237.0 -6182.0 -6141.0 -6044.0 -5904.0 -5760.0 
-5610.0 -5490.0 -5386.0 -5244.0 -5109.0 -5019.0 -4947.0 
-4861.0 -4800.0 -4787.0 -4764.0 -4749.0 -4787.0 -4833.0 
-4873.0 -4921.0 -4964.0 -5015.0 -5076.0 -5121.0 -5145.0 
-5193.0 -5272.0 -5315.0 -5314.0 -5328.0 -5361.0 -5405.0 
-5427.0 -5415.0 -5418.0 -5432.0 -5448.0 -5445.0 -5394.0 
-5354.0 -5361.0 -5367.0 -5339.0 -5311.0 -5299.0 -5250.0 
-5160.0 -5087.0 -5068.0 -5049.0 -4986.0 -4883.0 -4737.0 
-4609.0 -4514.0 -4426.0 -4344.0 -4240.0 -4105.0 -3987.0 
-3918.0 -3851.0 -3759.0 -3678.0 -3629.0 -3598.0 -3556.0 
-3490.0 -3402.0 -3319.0 -3254.0 -3174.0 -3078.0 -2976.0 
-2862.0 -2748.0 -2659.0 -2617.0 -2593.0 -2535.0 -2442.0 
-2375.0 -2370.0 -2411.0 -2470.0 -2523.0 -2528.0 -2526.0 
-2586.0 -2689.0 -2777.0 -2813.0 -2827.0 -2862.0 -2919.0 
-2955.0 -2934.0 -2901.0 -2917.0 -2942.0 -2913.0 -2883.0 
-2872.0 -2831.0 -2778.0 -2766.0 -2774.0 -2741.0 -2724.0 
-2746.0 -2747.0 -2723.0 -2725.0 -2731.0 -2706.0 -2705.0 
-2771.0 -2867.0 -2933.0 -2937.0 -2902.0 -2900.0 -2948.0 
-3001.0 -3029.0 -3030.0 -2987.0 -2929.0 -2918.0 -2909.0 
-2852.0 -2768.0 -2699.0 -2641.0 -2578.0 -2489.0 -2367.0 
-2285.0 -2268.0 -2226.0 -2123.0 -2002.0 -1901.0 -1830.0 
-1760.0 -1667.0 -1564.0 -1446.0 -1302.0 -1154.0 -1029.0 
-914.0 -760.0 -533.0 -315.0 -196.0 -100.0 27.0 
140.0 234.0 330.0 410.0 479.0 529.0 538.0 
526.0 517.0 471.0 393.0 348.0 313.0 271.0 
219.0 104.0 -57.0 -203.0 -311.0 -426.0 -549.0 
-648.0 -735.0 -826.0 -958.0 -1123.0 -1247.0 -1319.0 
-1386.0 -1472.0 -1555.0 -1614.0 -1682.0 -1755.0 -1780.0 
-1761.0 -1718.0 -1665.0 -1612.0 -1557.0 -1465.0 -1322.0 
-1172.0 -1029.0 -879.0 -721.0 -568.0 -407.0 -233.0 
-77.0 51.0 174.0 311.0 454.0 587.0 676.0 
744.0 833.0 925.0 991.0 1062.0 1160.0 1260.0 
1348.0 1433.0 1529.0 1625.0 1708.0 1781.0 1850.0 
1919.0 1993.0 2068.0 2091.0 2052.0 2035.0 2053.0 
2068.0 2084.0 2071.0 2014.0 1942.0 1873.0 1806.0 
1760.0 1731.0 1663.0 1560.0 1483.0 1442.0 1368.0 
1289.0 1248.0 1193.0 1141.0 1139.0 1162.0 1173.0 
1184.0 1196.0 1207.0 1242.0 1301.0 1366.0 1432.0 
1511.0 1611.0 1716.0 1805.0 1861.0 1904.0 1966.0 
2065.0 2156.0 2169.0 2144.0 2127.0 2109.0 2107.0 
2073.0 1993.0 1919.0 1851.0 1770.0 1683.0 1590.0 
1488.0 1378.0 1285.0 1223.0 1153.0 1073.0 1004.0 
978.0 978.0 958.0 941.0 973.0 1034.0 1097.0 
1171.0 1246.0 1326.0 1441.0 1572.0 1681.0 1795.0 
1960.0 2149.0 2303.0 2421.0 2550.0 2686.0 2827.0 
2961.0 3060.0 3121.0 3168.0 3201.0 3231.0 3273.0 
3306.0 3322.0 3313.0 3278.0 3265.0 3258.0 3225.0 
3182.0 3136.0 3077.0 3009.0 2932.0 2856.0 2794.0 
2726.0 2624.0 2510.0 2438.0 2404.0 2363.0 2281.0 
2185.0 2125.0 2101.0 2074.0 2042.0 2026.0 2022.0 
2003.0 1983.0 1994.0 2027.0 2062.0 2092.0 2144.0 
2227.0 2309.0 2390.0 2503.0 2641.0 2796.0 2954.0 
3085.0 3212.0 3354.0 3486.0 3588.0 3667.0 3740.0 
3815.0 3861.0 3887.0 3897.0 3887.0 3881.0 3874.0 
3824.0 3743.0 3694.0 3656.0 3571.0 3481.0 3399.0 
3320.0 3247.0 3162.0 3075.0 3011.0 2957.0 2899.0 
2841.0 2801.0 2753.0 2683.0 2652.0 2646.0 2633.0 
2637.0 2639.0 2644.0 2687.0 2742.0 2791.0 2845.0 
2909.0 2983.0 3059.0 3111.0 3116.0 3135.0 3175.0 
3197.0 3213.0 3201.0 3190.0 3185.0 3126.0 3055.0 
3047.0 3060.0 2976.0 2855.0 2832.0 2834.0 2772.0 
2698.0 2693.0 2725.0 2728.0 2719.0 2715.0 2707.0 
2694.0 2672.0 2655.0 2683.0 2729.0 2706.0 2659.0 
2703.0 2793.0 2795.0 2704.0 2676.0 2760.0 2845.0 
2895.0 2937.0 2967.0 2990.0 3027.0 3076.0 3152.0 
3229.0 3269.0 3324.0 3400.0 3447.0 3471.0 3485.0 
3478.0 3485.0 3533.0 3552.0 3527.0 3496.0 3464.0 
3448.0 3433.0 3398.0 3331.0 3267.0 3239.0 3203.0 
3142.0 3064.0 2978.0 2936.0 2927.0 2897.0 2871.0 
2881.0 2883.0 2877.0 2910.0 2972.0 3040.0 3105.0 
3154.0 3212.0 3286.0 3353.0 3407.0 3446.0 3499.0 
3545.0 3550.0 3536.0 3526.0 3515.0 3501.0 3498.0 
3493.0 3478.0 3451.0 3383.0 3290.0 3266.0 3285.0 
3254.0 3207.0 3236.0 3291.0 3301.0 3292.0 3252.0 
3198.0 3188.0 3183.0 3144.0 3077.0 3002.0 2935.0 
2859.0 2778.0 2712.0 2626.0 2521.0 2471.0 2458.0 
2414.0 2343.0 2275.0 2227.0 2194.0 2169.0 2117.0 
2042.0 2025.0 2042.0 2022.0 2012.0 2022.0 2024.0 
2069.0 2150.0 2242.0 2329.0 2414.0 2518.0 2615.0 
2706.0 2818.0 2940.0 3051.0 3160.0 3293.0 3439.0 
3576.0 3713.0 3854.0 3996.0 4131.0 4257.0 4370.0 
4489.0 4583.0 4605.0 4602.0 4614.0 4637.0 4616.0 
4503.0 4364.0 4246.0 4142.0 3996.0 3788.0 3598.0 
3461.0 3323.0 3140.0 2954.0 2789.0 2652.0 2553.0 
2437.0 2303.0 2203.0 2147.0 2127.0 2078.0 1974.0 
1924.0 2015.0 2028.0 1948.0 1983.0 2053.0 2072.0 
2111.0 2146.0 2167.0 2207.0 2263.0 2303.0 2319.0 
2337.0 2380.0 2433.0 2492.0 2556.0 2598.0 2640.0 
2698.0 2771.0 2840.0 2886.0 2918.0 2946.0 2967.0 
2976.0 2971.0 2967.0 2945.0 2898.0 2873.0 2875.0 
2864.0 2823.0 2776.0 2751.0 2738.0 2732.0 2749.0 
2791.0 2831.0 2854.0 2882.0 2923.0 2982.0 3052.0 
3123.0 3195.0 3252.0 3305.0 3383.0 3471.0 3532.0 
3560.0 3601.0 3679.0 3741.0 3764.0 3787.0 3789.0 
3768.0 3762.0 3781.0 3775.0 3720.0 3641.0 3586.0 
3578.0 3567.0 3531.0 3464.0 3377.0 3326.0 3317.0 
3294.0 3221.0 3133.0 3072.0 3021.0 2968.0 2898.0 
2818.0 2758.0 2712.0 2670.0 2628.0 2570.0 2519.0 
2508.0 2527.0 2531.0 2486.0 2426.0 2399.0 2385.0 
2364.0 2331.0 2307.0 2306.0 2326.0 2358.0 2387.0 
2416.0 2426.0 2431.0 2489.0 2593.0 2684.0 2743.0 
2808.0 2862.0 2893.0 2948.0 3027.0 3073.0 3081.0 
3086.0 3114.0 3159.0 3197.0 3196.0 3141.0 3109.0 
3129.0 3138.0 3124.0 3086.0 3003.0 2956.0 2982.0 
2994.0 2967.0 2952.0 2945.0 2942.0 2979.0 3040.0 
3066.0 3093.0 3127.0 3152.0 3195.0 3239.0 3282.0 
3309.0 3298.0 3294.0 3334.0 3366.0 3327.0 3274.0 
3266.0 3266.0 3270.0 3271.0 3243.0 3223.0 3197.0 
3125.0 3077.0 3060.0 3010.0 2958.0 2923.0 2869.0 
2817.0 2784.0 2758.0 2739.0 2732.0 2730.0 2729.0 
2722.0 2714.0 2721.0 2754.0 2760.0 2768.0 2834.0 
2903.0 2947.0 2980.0 3005.0 3017.0 3055.0 3139.0 
3225.0 3260.0 3255.0 3253.0 3315.0 3434.0 3502.0 
3491.0 3492.0 3535.0 3598.0 3658.0 3696.0 3694.0 
3665.0 3662.0 3691.0 3678.0 3636.0 3627.0 3652.0 
3643.0 3568.0 3470.0 3402.0 3359.0 3321.0 3261.0 
3157.0 3051.0 2976.0 2880.0 2774.0 2692.0 2619.0 
2550.0 2484.0 2444.0 2399.0 2323.0 2282.0 2261.0 
2210.0 2182.0 2177.0 2144.0 2119.0 2107.0 2091.0 
2078.0 2090.0 2102.0 2133.0 2164.0 2163.0 2190.0 
2289.0 2387.0 2475.0 2575.0 2702.0 2850.0 2979.0 
3084.0 3179.0 3299.0 3453.0 3577.0 3672.0 3799.0 
3948.0 4055.0 4079.0 4088.0 4155.0 4231.0 4271.0 
4294.0 4282.0 4202.0 4114.0 4086.0 4091.0 4035.0 
3916.0 3792.0 3693.0 3617.0 3512.0 3318.0 3088.0 
2930.0 2859.0 2771.0 2623.0 2452.0 2315.0 2234.0 
2186.0 2121.0 2050.0 2019.0 2026.0 2042.0 2041.0 
2029.0 2036.0 2051.0 2051.0 2044.0 2052.0 2073.0 
2082.0 2088.0 2095.0 2089.0 2096.0 2149.0 2240.0 
2304.0 2333.0 2365.0 2446.0 2585.0 2699.0 2754.0 
2802.0 2884.0 2986.0 3087.0 3150.0 3158.0 3157.0 
3174.0 3188.0 3201.0 3198.0 3165.0 3130.0 3109.0 
3079.0 3045.0 3015.0 2954.0 2905.0 2912.0 2929.0 
2907.0 2898.0 2898.0 2877.0 2877.0 2902.0 2905.0 
2902.0 2895.0 2880.0 2912.0 2990.0 3041.0 3052.0 
3054.0 3096.0 3179.0 3252.0 3269.0 3239.0 3232.0 
3275.0 3328.0 3371.0 3372.0 3346.0 3328.0 3348.0 
3348.0 3294.0 3223.0 3170.0 3138.0 3093.0 3021.0 
2941.0 2846.0 2735.0 2651.0 2605.0 2553.0 2480.0 
2429.0 2395.0 2323.0 2238.0 2201.0 2249.0 2319.0 
2323.0 2256.0 2245.0 2342.0 2456.0 2504.0 2511.0 
2553.0 2658.0 2748.0 2766.0 2788.0 2851.0 2906.0 
2950.0 2989.0 3026.0 3082.0 3132.0 3136.0 3116.0 
3108.0 3125.0 3134.0 3130.0 3130.0 3108.0 3066.0 
3064.0 3088.0 3079.0 3049.0 3018.0 3003.0 2990.0 
2949.0 2894.0 2839.0 2804.0 2772.0 2706.0 2617.0 
2549.0 2530.0 2514.0 2488.0 2471.0 2447.0 2447.0 
2481.0 2507.0 2512.0 2482.0 2411.0 2334.0 2285.0 
2275.0 2276.0 2234.0 2168.0 2144.0 2164.0 2187.0 
2170.0 2137.0 2171.0 2268.0 2335.0 2357.0 2405.0 
2482.0 2557.0 2621.0 2674.0 2720.0 2731.0 2743.0 
2790.0 2841.0 2851.0 2824.0 2809.0 2800.0 2782.0 
2767.0 2762.0 2740.0 2715.0 2701.0 2666.0 2647.0 
2681.0 2724.0 2717.0 2661.0 2619.0 2599.0 2571.0 
2541.0 2517.0 2507.0 2476.0 2420.0 2393.0 2381.0 
2353.0 2318.0 2277.0 2242.0 2205.0 2165.0 2159.0 
2178.0 2143.0 2066.0 2036.0 2063.0 2092.0 2120.0 
2123.0 2085.0 2070.0 2093.0 2093.0 2072.0 2085.0 
2143.0 2218.0 2267.0 2288.0 2306.0 2305.0 2276.0 
2268.0 2288.0 2307.0 2299.0 2264.0 2216.0 2123.0 
2005.0 1950.0 1957.0 1938.0 1890.0 1842.0 1777.0 
1734.0 1751.0 1753.0 1712.0 1695.0 1711.0 1702.0 
1697.0 1726.0 1734.0 1700.0 1652.0 1643.0 1683.0 
1688.0 1629.0 1591.0 1552.0 1450.0 1335.0 1287.0 
1269.0 1196.0 1085.0 1002.0 935.0 874.0 846.0 
824.0 804.0 799.0 798.0 825.0 891.0 968.0 
1059.0 1152.0 1236.0 1352.0 1494.0 1653.0 1811.0 
1960.0 2126.0 2298.0 2462.0 2627.0 2812.0 2983.0 
3080.0 3149.0 3230.0 3289.0 3337.0 3378.0 3394.0 
3413.0 3403.0 3358.0 3309.0 3230.0 3140.0 3049.0 
2931.0 2785.0 2623.0 2451.0 2270.0 2087.0 1909.0 
1727.0 1566.0 1413.0 1248.0 1086.0 945.0 828.0 
735.0 653.0 543.0 430.0 365.0 303.0 219.0 
157.0 120.0 121.0 153.0 181.0 198.0 208.0 
246.0 346.0 470.0 576.0 655.0 718.0 808.0 
946.0 1089.0 1184.0 1271.0 1378.0 1498.0 1621.0 
1720.0 1808.0 1891.0 1965.0 2082.0 2195.0 2254.0 
2300.0 2366.0 2445.0 2531.0 2598.0 2623.0 2647.0 
2712.0 2769.0 2782.0 2781.0 2774.0 2758.0 2728.0 
2671.0 2605.0 2512.0 2383.0 2236.0 2086.0 1952.0 
1846.0 1728.0 1579.0 1441.0 1336.0 1245.0 1153.0 
1082.0 1054.0 1007.0 909.0 836.0 827.0 833.0 
818.0 783.0 759.0 765.0 777.0 792.0 809.0 
814.0 845.0 880.0 879.0 882.0 926.0 968.0 
996.0 991.0 960.0 961.0 986.0 977.0 947.0 
914.0 863.0 803.0 740.0 654.0 589.0 539.0 
475.0 409.0 348.0 304.0 247.0 162.0 126.0 
149.0 159.0 136.0 136.0 178.0 228.0 286.0 
379.0 504.0 646.0 772.0 903.0 1080.0 1279.0 
1427.0 1547.0 1714.0 1890.0 2006.0 2101.0 2215.0 
2292.0 2312.0 2308.0 2293.0 2274.0 2252.0 2206.0 
2133.0 2048.0 1943.0 1825.0 1693.0 1559.0 1436.0 
1285.0 1110.0 939.0 762.0 606.0 498.0 379.0 
208.0 64.0 -18.0 -107.0 -214.0 -300.0 -371.0 
-423.0 -458.0 -480.0 -469.0 -447.0 -463.0 -482.0 
-436.0 -362.0 -330.0 -326.0 -301.0 -234.0 -159.0 
-116.0 -63.0 29.0 124.0 199.0 270.0 342.0 
426.0 547.0 678.0 782.0 871.0 961.0 1054.0 
1155.0 1233.0 1292.0 1357.0 1422.0 1493.0 1561.0 
1606.0 1617.0 1613.0 1587.0 1524.0 1464.0 1416.0 
1357.0 1272.0 1168.0 1049.0 929.0 820.0 685.0 
526.0 378.0 218.0 57.0 -86.0 -249.0 -421.0 
-549.0 -637.0 -726.0 -809.0 -879.0 -960.0 -1012.0 
-1038.0 -1077.0 -1115.0 -1128.0 -1109.0 -1090.0 -1077.0 
-1041.0 -999.0 -954.0 -922.0 -887.0 -849.0 -841.0 
-850.0 -822.0 -772.0 -752.0 -768.0 -782.0 -775.0 
-773.0 -796.0 -802.0 -780.0 -765.0 -768.0 -762.0 
-740.0 -689.0 -644.0 -617.0 -604.0 -593.0 -533.0 
-446.0 -395.0 -370.0 -344.0 -311.0 -276.0 -267.0 
-263.0 -235.0 -183.0 -143.0 -127.0 -80.0 -43.0 
-70.0 -78.0 -41.0 4.0 1.0 -65.0 -84.0 
-29.0 8.0 0.0 -26.0 -38.0 -36.0 -69.0 
-131.0 -189.0 -258.0 -355.0 -493.0 -601.0 -727.0 
-898.0 -1084.0 -1237.0 -1357.0 -1509.0 -1711.0 -1909.0 
-2102.0 -2295.0 -2463.0 -2627.0 -2813.0 -2938.0 -3047.0 
-3189.0 -3265.0 -3290.0 -3347.0 -3346.0 -3302.0 -3283.0 
-3234.0 -3172.0 -3094.0 -2987.0 -2916.0 -2866.0 -2799.0 
-2755.0 -2723.0 -2668.0 -2634.0 -2612.0 -2562.0 -2529.0 
-2497.0 -2471.0 -2484.0 -2490.0 -2442.0 -2398.0 -2409.0 
-2445.0 -2458.0 -2476.0 -2557.0 -2651.0 -2728.0 -2796.0 
-2812.0 -2833.0 -2923.0 -2989.0 -2998.0 -3003.0 -3007.0 
-3003.0 -2972.0 -2915.0 -2863.0 -2784.0 -2677.0 -2602.0 
-2543.0 -2432.0 -2270.0 -2135.0 -2041.0 -1938.0 -1819.0 
-1712.0 -1640.0 -1588.0 -1505.0 -1433.0 -1411.0 -1421.0 
-1428.0 -1446.0 -1486.0 -1503.0 -1490.0 -1533.0 -1631.0 
-1707.0 -1748.0 -1816.0 -1932.0 -2045.0 -2110.0 -2198.0 
-2359.0 -2534.0 -2678.0 -2802.0 -2945.0 -3136.0 -3302.0 
-3427.0 -3567.0 -3698.0 -3804.0 -3932.0 -4033.0 -4111.0 
-4185.0 -4205.0 -4210.0 -4277.0 -4348.0 -4352.0 -4334.0 
-4326.0 -4318.0 -4303.0 -4261.0 -4181.0 -4154.0 -4175.0 
-4169.0 -4151.0 -4100.0 -4012.0 -3966.0 -3960.0 -3914.0 
-3869.0 -3880.0 -3908.0 -3907.0 -3903.0 -3917.0 -3920.0 
-3933.0 -3970.0 -4006.0 -4043.0 -4123.0 -4203.0 -4234.0 
-4277.0 -4342.0 -4380.0 -4396.0 -4413.0 -4423.0 -4406.0 
-4374.0 -4344.0 -4279.0 -4193.0 -4132.0 -4062.0 -4012.0 
-4007.0 -3963.0 -3918.0 -3936.0 -3952.0 -3958.0 -3973.0 
-3975.0 -3949.0 -3964.0 -4121.0 -4179.0 -4141.0 -4264.0 
-4485.0 -4522.0 -4500.0 -4505.0 -4556.0 -4593.0 -4661.0 
-4648.0 -4630.0 -4699.0 -4707.0 -4561.0 -4483.0 -4508.0 
-4436.0 -4219.0 -4121.0 -4134.0 -4074.0 -4005.0 -3980.0 
-3918.0 -3881.0 -3905.0 -3910.0 -3906.0 -3936.0 -3996.0 
-4032.0 -4093.0 -4266.0 -4432.0 -4553.0 -4681.0 -4826.0 
-4933.0 -5025.0 -5138.0 -5241.0 -5317.0 -5415.0 -5524.0 
-5614.0 -5695.0 -5776.0 -5866.0 -5939.0 -5964.0 -5990.0 
-6057.0 -6118.0 -6076.0 -6065.0 -6134.0 -6150.0 -6044.0 
-5955.0 -5933.0 -5895.0 -5785.0 -5700.0 -5655.0 -5600.0 
-5541.0 -5471.0 -5455.0 -5476.0 -5454.0 -5404.0 -5425.0 
-5459.0 -5436.0 -5410.0 -5414.0 -5449.0 -5453.0 -5432.0 
-5459.0 -5533.0 -5552.0 -5526.0 -5530.0 -5570.0 -5581.0 
-5522.0 -5471.0 -5448.0 -5412.0 -5377.0 -5353.0 -5307.0 
-5245.0 -5225.0 -5248.0 -5238.0 -5219.0 -5225.0 -5215.0 
-5229.0 -5265.0 -5304.0 -5322.0 -5300.0 -5263.0 -5237.0 
-5242.0 -5244.0 -5185.0 -5100.0 -5050.0 -5031.0 -4973.0 
-4869.0 -4795.0 -4785.0 -4774.0 -4738.0 -4710.0 -4715.0 
-4735.0 -4749.0 -4741.0 -4754.0 -4811.0 -4840.0 -4829.0 
-4834.0 -4842.0 -4814.0 -4777.0 -4763.0 -4752.0 -4734.0 
-4705.0 -4682.0 -4678.0 -4696.0 -4726.0 -4738.0 -4727.0 
-4733.0 -4798.0 -4871.0 -4898.0 -4924.0 -4975.0 -5032.0 
-5092.0 -5144.0 -5182.0 -5223.0 -5288.0 -5358.0 -5409.0 
-5465.0 -5518.0 -5550.0 -5570.0 -5595.0 -5649.0 -5702.0 
-5702.0 -5688.0 -5721.0 -5769.0 -5760.0 -5722.0 -5699.0 
-5670.0 -5616.0 -5563.0 -5536.0 -5501.0 -5437.0 -5342.0 
-5202.0 -5068.0 -4961.0 -4832.0 -4660.0 -4503.0 -4380.0 
-4260.0 -4093.0 -3900.0 -3742.0 -3636.0 -3536.0 -3394.0 
-3255.0 -3178.0 -3145.0 -3108.0 -3029.0 -2935.0 -2897.0 
-2894.0 -2876.0 -2865.0 -2871.0 -2866.0 -2836.0 -2833.0 
-2860.0 -2862.0 -2857.0 -2884.0 -2916.0 -2958.0 -3022.0 
-3089.0 -3140.0 -3186.0 -3268.0 -3368.0 -3416.0 -3488.0 
-3630.0 -3749.0 -3816.0 -3882.0 -3976.0 -4082.0 -4175.0 
-4254.0 -4342.0 -4448.0 -4565.0 -4681.0 -4760.0 -4825.0 
-4909.0 -5014.0 -5107.0 -5188.0 -5271.0 -5337.0 -5401.0 
-5486.0 -5554.0 -5575.0 -5578.0 -5583.0 -5583.0 -5546.0 
-5474.0 -5389.0 -5280.0 -5172.0 -5087.0 -4989.0 -4829.0 
-4704.0 -4630.0 -4504.0 -4336.0 -4205.0 -4110.0 -4020.0 
-3913.0 -3802.0 -3728.0 -3696.0 -3660.0 -3615.0 -3593.0 
-3601.0 -3620.0 -3629.0 -3644.0 -3704.0 -3781.0 -3838.0 
-3902.0 -3994.0 -4099.0 -4176.0 -4184.0 -4175.0 -4204.0 
-4256.0 -4299.0 -4340.0 -4383.0 -4427.0 -4491.0 -4575.0 
-4611.0 -4595.0 -4633.0 -4717.0 -4749.0 -4768.0 -4826.0 
-4868.0 -4871.0 -4860.0 -4861.0 -4839.0 -4768.0 -4719.0 
-4730.0 -4730.0 -4678.0 -4613.0 -4600.0 -4643.0 -4677.0 
-4675.0 -4683.0 -4744.0 -4792.0 -4794.0 -4804.0 -4844.0 
-4899.0 -4953.0 -4975.0 -4984.0 -5019.0 -5064.0 -5082.0 
-5079.0 -5078.0 -5077.0 -5064.0 -5057.0 -5065.0 -5058.0 
-5030.0 -5008.0 -5005.0 -4977.0 -4939.0 -4919.0 -4875.0 
-4811.0 -4753.0 -4694.0 -4611.0 -4521.0 -4455.0 -4416.0 
-4363.0 -4285.0 -4198.0 -4103.0 -4032.0 -3978.0 -3885.0 
-3795.0 -3771.0 -3784.0 -3795.0 -3807.0 -3827.0 -3889.0 
-3972.0 -4034.0 -4093.0 -4196.0 -4317.0 -4415.0 -4501.0 
-4605.0 -4697.0 -4755.0 -4851.0 -4991.0 -5113.0 -5194.0 
-5241.0 -5297.0 -5366.0 -5402.0 -5377.0 -5358.0 -5379.0 
-5371.0 -5301.0 -5229.0 -5179.0 -5150.0 -5110.0 -5061.0 
-5008.0 -4943.0 -4904.0 -4883.0 -4847.0 -4820.0 -4740.0 
-4622.0 -4567.0 -4533.0 -4450.0 -4340.0 -4222.0 -4146.0 
-4117.0 -4058.0 -3975.0 -3963.0 -4008.0 -4009.0 -3939.0 
-3890.0 -3888.0 -3886.0 -3875.0 -3876.0 -3864.0 -3829.0 
-3795.0 -3779.0 -3805.0 -3844.0 -3824.0 -3748.0 -3670.0 
-3638.0 -3615.0 -3584.0 -3552.0 -3510.0 -3426.0 -3312.0 
-3208.0 -3120.0 -3041.0 -2970.0 -2901.0 -2841.0 -2808.0 
-2760.0 -2655.0 -2568.0 -2548.0 -2554.0 -2562.0 -2570.0 
-2551.0 -2547.0 -2591.0 -2626.0 -2629.0 -2631.0 -2673.0 
-2723.0 -2744.0 -2775.0 -2805.0 -2832.0 -2864.0 -2888.0 
-2899.0 -2914.0 -2946.0 -2983.0 -3010.0 -3048.0 -3067.0 
-3080.0 -3110.0 -3142.0 -3184.0 -3218.0 -3231.0 -3268.0 
-3318.0 -3358.0 -3395.0 -3417.0 -3441.0 -3496.0 -3548.0 
-3547.0 -3497.0 -3451.0 -3424.0 -3416.0 -3391.0 -3308.0 
-3189.0 -3073.0 -2968.0 -2851.0 -2715.0 -2583.0 -2439.0 
-2273.0 -2128.0 -2007.0 -1885.0 -1780.0 -1694.0 -1634.0 
-1587.0 -1518.0 -1433.0 -1383.0 -1390.0 -1409.0 -1373.0 
-1304.0 -1248.0 -1212.0 -1183.0 -1134.0 -1074.0 -1018.0 
-944.0 -875.0 -809.0 -733.0 -658.0 -595.0 -524.0 
-430.0 -314.0 -226.0 -181.0 -135.0 -69.0 -7.0 
25.0 24.0 3.0 -38.0 -70.0 -85.0 -113.0 
-168.0 -249.0 -320.0 -373.0 -449.0 -528.0 -593.0 
-639.0 -644.0 -662.0 -723.0 -764.0 -758.0 -753.0 
-785.0 -837.0 -881.0 -918.0 -969.0 -1027.0 -1091.0 
-1160.0 -1219.0 -1256.0 -1294.0 -1309.0 -1318.0 -1331.0 
-1338.0 -1340.0 -1337.0 -1312.0 -1235.0 -1127.0 -1044.0 
-976.0 -881.0 -765.0 -661.0 -535.0 -412.0 -317.0 
-214.0 -71.0 57.0 142.0 239.0 381.0 529.0 
641.0 733.0 819.0 912.0 1025.0 1131.0 1220.0 
1312.0 1405.0 1475.0 1508.0 1551.0 1600.0 1600.0 
1577.0 1561.0 1558.0 1517.0 1444.0 1410.0 1407.0 
1389.0 1347.0 1305.0 1298.0 1327.0 1376.0 1407.0 
1394.0 1406.0 1451.0 1494.0 1518.0 1512.0 1515.0 
1538.0 1545.0 1554.0 1548.0 1507.0 1445.0 1356.0 
1251.0 1165.0 1115.0 1084.0 1039.0 963.0 887.0 
832.0 798.0 765.0 754.0 766.0 771.0 817.0 
923.0 997.0 1028.0 1059.0 1129.0 1263.0 1405.0 
1480.0 1515.0 1577.0 1673.0 1766.0 1822.0 1863.0 
1913.0 1953.0 1989.0 2007.0 2013.0 2023.0 2035.0 
2056.0 2069.0 2073.0 2071.0 2071.0 2097.0 2123.0 
2120.0 2096.0 2105.0 2141.0 2165.0 2150.0 2150.0 
2190.0 2240.0 2251.0 2219.0 2214.0 2250.0 2267.0 
2253.0 2243.0 2253.0 2244.0 2202.0 2169.0 2167.0 
2133.0 2046.0 1975.0 1937.0 1905.0 1860.0 1807.0 
1751.0 1697.0 1648.0 1582.0 1536.0 1545.0 1539.0 
1461.0 1379.0 1340.0 1289.0 1227.0 1194.0 1182.0 
1158.0 1147.0 1143.0 1121.0 1094.0 1049.0 1037.0 
1085.0 1107.0 1074.0 1044.0 1030.0 1002.0 963.0 
934.0 921.0 945.0 992.0 1035.0 1075.0 1125.0 
1189.0 1260.0 1359.0 1478.0 1572.0 1642.0 1707.0 
1795.0 1897.0 1976.0 2038.0 2116.0 2218.0 2318.0 
2383.0 2429.0 2488.0 2555.0 2594.0 2626.0 2704.0 
2795.0 2834.0 2836.0 2818.0 2794.0 2803.0 2851.0 
2913.0 2982.0 3032.0 3041.0 3013.0 2993.0 3009.0 
3020.0 3000.0 2969.0 2918.0 2843.0 2760.0 2687.0 
2614.0 2528.0 2392.0 2196.0 2025.0 1912.0 1809.0 
1691.0 1536.0 1342.0 1152.0 1008.0 897.0 802.0 
707.0 600.0 484.0 383.0 332.0 327.0 282.0 
241.0 255.0 276.0 281.0 310.0 367.0 417.0 
464.0 528.0 589.0 669.0 783.0 890.0 948.0 
994.0 1077.0 1184.0 1301.0 1400.0 1483.0 1594.0 
1721.0 1800.0 1848.0 1908.0 1982.0 2029.0 2041.0 
2055.0 2094.0 2122.0 2101.0 2064.0 2065.0 2100.0 
2130.0 2126.0 2120.0 2126.0 2113.0 2113.0 2144.0 
2195.0 2251.0 2302.0 2361.0 2426.0 2482.0 2541.0 
2573.0 2626.0 2732.0 2828.0 2881.0 2900.0 2894.0 
2881.0 2881.0 2898.0 2891.0 2861.0 2826.0 2788.0 
2730.0 2677.0 2650.0 2607.0 2521.0 2434.0 2395.0 
2393.0 2383.0 2351.0 2294.0 2233.0 2183.0 2136.0 
2091.0 2063.0 2039.0 1991.0 1935.0 1917.0 1909.0 
1882.0 1834.0 1774.0 1725.0 1694.0 1681.0 1664.0 
1645.0 1624.0 1596.0 1569.0 1522.0 1458.0 1414.0 
1399.0 1375.0 1314.0 1271.0 1304.0 1351.0 1392.0 
1463.0 1529.0 1583.0 1674.0 1788.0 1897.0 2033.0 
2201.0 2362.0 2517.0 2665.0 2747.0 2808.0 2944.0 
3103.0 3201.0 3257.0 3295.0 3323.0 3373.0 3448.0 
3473.0 3446.0 3442.0 3444.0 3414.0 3361.0 3318.0 
3273.0 3195.0 3093.0 3008.0 2921.0 2814.0 2701.0 
2590.0 2468.0 2345.0 2231.0 2113.0 2022.0 1941.0 
1845.0 1765.0 1718.0 1696.0 1674.0 1655.0 1655.0 
1690.0 1756.0 1811.0 1863.0 1926.0 2022.0 2129.0 
2190.0 2248.0 2332.0 2409.0 2478.0 2567.0 2672.0 
2778.0 2858.0 2918.0 2977.0 3044.0 3101.0 3118.0 
3106.0 3107.0 3115.0 3104.0 3070.0 3027.0 2974.0 
2931.0 2874.0 2814.0 2786.0 2768.0 2733.0 2687.0 
2667.0 2704.0 2742.0 2740.0 2738.0 2734.0 2732.0 
2762.0 2832.0 2893.0 2908.0 2925.0 2963.0 3001.0 
3046.0 3109.0 3176.0 3225.0 3271.0 3327.0 3376.0 
3395.0 3392.0 3393.0 3405.0 3430.0 3453.0 3471.0 
3485.0 3467.0 3425.0 3427.0 3476.0 3508.0 3485.0 
3458.0 3463.0 3472.0 3476.0 3485.0 3470.0 3430.0 
3411.0 3398.0 3352.0 3253.0 3141.0 3081.0 3049.0 
2983.0 2890.0 2805.0 2762.0 2751.0 2732.0 2685.0 
2634.0 2603.0 2612.0 2657.0 2698.0 2727.0 2743.0 
2774.0 2830.0 2850.0 2839.0 2859.0 2890.0 2896.0 
2878.0 2857.0 2844.0 2832.0 2811.0 2782.0 2748.0 
2719.0 2697.0 2673.0 2652.0 2627.0 2586.0 2556.0 
2539.0 2527.0 2547.0 2590.0 2628.0 2676.0 2753.0 
2840.0 2918.0 3011.0 3131.0 3246.0 3326.0 3380.0 
3464.0 3611.0 3772.0 3886.0 3983.0 4110.0 4254.0 
4386.0 4493.0 4584.0 4674.0 4775.0 4867.0 4923.0 
4959.0 4990.0 5004.0 4997.0 4969.0 4903.0 4822.0 
4740.0 4668.0 4632.0 4535.0 4410.0 4295.0 4156.0 
4013.0 3913.0 3816.0 3677.0 3546.0 3440.0 3317.0 
3187.0 3075.0 2968.0 2867.0 2787.0 2708.0 2616.0 
2543.0 2489.0 2423.0 2340.0 2287.0 2246.0 2167.0 
2093.0 2050.0 1998.0 1942.0 1908.0 1887.0 1874.0 
1870.0 1874.0 1905.0 1945.0 1978.0 2017.0 2045.0 
2079.0 2145.0 2180.0 2176.0 2209.0 2281.0 2332.0 
2345.0 2352.0 2385.0 2435.0 2471.0 2484.0 2502.0 
2528.0 2569.0 2619.0 2666.0 2712.0 2742.0 2781.0 
2857.0 2940.0 3007.0 3076.0 3169.0 3283.0 3406.0 
3531.0 3638.0 3729.0 3843.0 3965.0 4044.0 4080.0 
4126.0 4186.0 4211.0 4219.0 4230.0 4257.0 4297.0 
4310.0 4287.0 4276.0 4304.0 4334.0 4330.0 4304.0 
4302.0 4340.0 4355.0 4336.0 4349.0 4389.0 4404.0 
4393.0 4401.0 4447.0 4487.0 4485.0 4466.0 4447.0 
4416.0 4336.0 4233.0 4155.0 4073.0 3941.0 3787.0 
3661.0 3515.0 3343.0 3160.0 2933.0 2704.0 2501.0 
2298.0 2072.0 1855.0 1672.0 1500.0 1354.0 1222.0 
1101.0 1025.0 998.0 990.0 999.0 1060.0 1132.0 
1197.0 1297.0 1426.0 1572.0 1717.0 1844.0 2000.0 
2186.0 2341.0 2469.0 2614.0 2790.0 2973.0 3150.0 
3287.0 3414.0 3587.0 3787.0 3955.0 4081.0 4190.0 
4301.0 4422.0 4531.0 4609.0 4654.0 4696.0 4728.0 
4738.0 4730.0 4671.0 4578.0 4486.0 4417.0 4349.0 
4240.0 4101.0 3976.0 3908.0 3862.0 3770.0 3668.0 
3593.0 3524.0 3462.0 3416.0 3369.0 3315.0 3283.0 
3277.0 3234.0 3153.0 3130.0 3193.0 3244.0 3229.0 
3188.0 3182.0 3251.0 3353.0 3385.0 3383.0 3451.0 
3552.0 3615.0 3648.0 3695.0 3761.0 3801.0 3803.0 
3787.0 3759.0 3729.0 3682.0 3643.0 3639.0 3610.0 
3533.0 3437.0 3383.0 3381.0 3340.0 3239.0 3164.0 
3156.0 3138.0 3053.0 2969.0 2949.0 2962.0 2961.0 
2960.0 2962.0 2979.0 3019.0 3048.0 3070.0 3128.0 
3182.0 3200.0 3207.0 3252.0 3282.0 3266.0 3280.0 
3348.0 3382.0 3340.0 3268.0 3266.0 3315.0 3325.0 
3315.0 3338.0 3363.0 3356.0 3328.0 3316.0 3327.0 
3347.0 3358.0 3352.0 3344.0 3360.0 3385.0 3394.0 
3374.0 3366.0 3367.0 3369.0 3387.0 3389.0 3380.0 
3406.0 3462.0 3503.0 3516.0 3538.0 3563.0 3594.0 
3661.0 3719.0 3729.0 3726.0 3780.0 3853.0 3861.0 
3831.0 3855.0 3953.0 4040.0 4065.0 4074.0 4122.0 
4210.0 4309.0 4420.0 4520.0 4563.0 4572.0 4589.0 
4620.0 4638.0 4634.0 4610.0 4591.0 4565.0 4490.0 
4372.0 4270.0 4184.0 4066.0 3934.0 3833.0 3740.0 
3620.0 3496.0 3394.0 3296.0 3188.0 3069.0 2966.0 
2912.0 2872.0 2792.0 2680.0 2596.0 2589.0 2627.0 
2637.0 2616.0 2613.0 2644.0 2712.0 2789.0 2868.0 
2965.0 3047.0 3111.0 3199.0 3311.0 3416.0 3500.0 
3565.0 3622.0 3664.0 3685.0 3711.0 3736.0 3737.0 
3706.0 3654.0 3598.0 3557.0 3531.0 3478.0 3390.0 
3330.0 3304.0 3257.0 3196.0 3148.0 3082.0 2998.0 
2941.0 2901.0 2850.0 2815.0 2813.0 2819.0 2802.0 
2785.0 2808.0 2845.0 2859.0 2877.0 2921.0 2967.0 
2999.0 3049.0 3135.0 3231.0 3313.0 3381.0 3472.0 
3589.0 3690.0 3777.0 3876.0 3964.0 4036.0 4103.0 
4163.0 4214.0 4243.0 4250.0 4235.0 4186.0 4140.0 
4092.0 3997.0 3870.0 3746.0 3623.0 3470.0 3310.0 
3199.0 3106.0 2976.0 2827.0 2684.0 2553.0 2432.0 
2321.0 2203.0 2124.0 2094.0 2051.0 2006.0 2003.0 
2043.0 2108.0 2165.0 2212.0 2294.0 2383.0 2444.0 
2523.0 2642.0 2763.0 2852.0 2941.0 3057.0 3159.0 
3224.0 3301.0 3442.0 3606.0 3712.0 3769.0 3847.0 
3934.0 3987.0 4000.0 4029.0 4109.0 4197.0 4263.0 
4302.0 4337.0 4370.0 4371.0 4325.0 4258.0 4220.0 
4211.0 4224.0 4228.0 4203.0 4191.0 4214.0 4213.0 
4163.0 4112.0 4053.0 3960.0 3866.0 3790.0 3716.0 
3643.0 3579.0 3529.0 3454.0 3337.0 3202.0 3042.0 
2890.0 2755.0 2609.0 2455.0 2354.0 2303.0 2212.0 
2103.0 2012.0 1895.0 1755.0 1672.0 1678.0 1663.0 
1587.0 1542.0 1524.0 1497.0 1504.0 1549.0 1594.0 
1612.0 1622.0 1674.0 1749.0 1773.0 1760.0 1793.0 
1880.0 1963.0 2009.0 2058.0 2152.0 2250.0 2328.0 
2444.0 2597.0 2677.0 2671.0 2698.0 2746.0 2754.0 
2742.0 2737.0 2744.0 2736.0 2699.0 2671.0 2657.0 
2639.0 2626.0 2616.0 2571.0 2473.0 2407.0 2420.0 
2441.0 2419.0 2337.0 2206.0 2080.0 2053.0 2145.0 
2278.0 2418.0 2588.0 2763.0 2878.0 2947.0 3019.0 
3093.0 3141.0 3181.0 3279.0 3411.0 3494.0 3567.0 
3657.0 3699.0 3698.0 3678.0 3607.0 3524.0 3499.0 
3538.0 3582.0 3592.0 3624.0 3626.0 3543.0 3442.0 
3343.0 3253.0 3200.0 3177.0 3134.0 3041.0 2908.0 
2755.0 2615.0 2492.0 2389.0 2275.0 2135.0 2021.0 
1980.0 1950.0 1820.0 1600.0 1395.0 1240.0 1123.0 
1104.0 1207.0 1282.0 1240.0 1158.0 1119.0 1108.0 
1119.0 1145.0 1172.0 1224.0 1317.0 1429.0 1562.0 
1760.0 2019.0 2263.0 2406.0 2437.0 2439.0 2475.0 
2480.0 2409.0 2328.0 2316.0 2380.0 2464.0 2530.0 
2590.0 2608.0 2562.0 2493.0 2413.0 2356.0 2365.0 
2429.0 2478.0 2436.0 2328.0 2214.0 2119.0 2065.0 
1994.0 1826.0 1630.0 1533.0 1506.0 1444.0 1327.0 
1174.0 1060.0 1016.0 996.0 977.0 947.0 925.0 
921.0 931.0 987.0 1075.0 1114.0 1137.0 1288.0 
1546.0 1738.0 1838.0 1952.0 2097.0 2227.0 2330.0 
2433.0 2550.0 2647.0 2693.0 2658.0 2603.0 2606.0 
2595.0 2524.0 2440.0 2370.0 2348.0 2393.0 2501.0 
2608.0 2641.0 2648.0 2703.0 2782.0 2832.0 2827.0 
2741.0 2603.0 2477.0 2404.0 2393.0 2413.0 2477.0 
2580.0 2615.0 2480.0 2192.0 1850.0 1567.0 1387.0 
1246.0 1131.0 1111.0 1205.0 1340.0 1408.0 1349.0 
1176.0 991.0 902.0 908.0 931.0 894.0 817.0 
748.0 722.0 754.0 817.0 923.0 1066.0 1115.0 
1038.0 996.0 1049.0 1079.0 1025.0 981.0 1031.0 
1184.0 1367.0 1505.0 1588.0 1581.0 1451.0 1252.0 
1080.0 985.0 988.0 1119.0 1350.0 1545.0 1609.0 
1579.0 1530.0 1433.0 1257.0 1132.0 1196.0 1326.0 
1325.0 1265.0 1320.0 1462.0 1579.0 1612.0 1570.0 
1555.0 1607.0 1665.0 1687.0 1676.0 1692.0 1772.0 
1847.0 1850.0 1820.0 1778.0 1677.0 1546.0 1519.0 
1632.0 1754.0 1784.0 1766.0 1747.0 1719.0 1682.0 
1638.0 1586.0 1486.0 1323.0 1168.0 1080.0 1049.0 
1086.0 1246.0 1463.0 1579.0 1568.0 1517.0 1463.0 
1406.0 1285.0 1008.0 635.0 380.0 348.0 392.0 
379.0 381.0 490.0 617.0 643.0 660.0 806.0 
976.0 1030.0 1026.0 1053.0 1095.0 1086.0 985.0 
794.0 569.0 453.0 495.0 589.0 685.0 831.0 
1009.0 1105.0 1047.0 938.0 940.0 1022.0 1029.0 
927.0 882.0 965.0 1080.0 1218.0 1421.0 1645.0 
1789.0 1807.0 1721.0 1581.0 1420.0 1293.0 1291.0 
1398.0 1539.0 1727.0 1965.0 2138.0 2150.0 2063.0 
2002.0 2006.0 2038.0 2041.0 1951.0 1799.0 1747.0 
1793.0 1794.0 1721.0 1635.0 1624.0 1738.0 1921.0 
2057.0 2115.0 2121.0 2025.0 1769.0 1449.0 1288.0 
1341.0 1457.0 1504.0 1454.0 1334.0 1186.0 1016.0 
806.0 563.0 313.0 38.0 -257.0 -482.0 -576.0 
-637.0 -751.0 -835.0 -786.0 -660.0 -567.0 -543.0 
-569.0 -557.0 -404.0 -139.0 148.0 453.0 761.0 
968.0 1030.0 940.0 672.0 376.0 273.0 372.0 
554.0 739.0 869.0 896.0 898.0 994.0 1165.0 
1356.0 1549.0 1645.0 1568.0 1390.0 1196.0 945.0 
612.0 319.0 215.0 253.0 265.0 212.0 212.0 
371.0 639.0 904.0 1096.0 1215.0 1256.0 1202.0 
1109.0 1029.0 972.0 963.0 998.0 1047.0 1139.0 
1245.0 1311.0 1363.0 1439.0 1498.0 1477.0 1365.0 
1256.0 1168.0 1017.0 858.0 794.0 834.0 929.0 
969.0 843.0 658.0 595.0 549.0 341.0 70.0 
-45.0 47.0 250.0 415.0 505.0 665.0 989.0 
1337.0 1560.0 1708.0 1836.0 1848.0 1659.0 1314.0 
901.0 576.0 493.0 593.0 673.0 676.0 729.0 
857.0 948.0 1002.0 1125.0 1310.0 1413.0 1275.0 
925.0 575.0 375.0 357.0 551.0 951.0 1353.0 
1504.0 1381.0 1137.0 873.0 587.0 337.0 227.0 
275.0 388.0 465.0 545.0 653.0 673.0 547.0 
339.0 122.0 -37.0 -106.0 -92.0 -20.0 61.0 
194.0 492.0 961.0 1462.0 1809.0 1898.0 1755.0 
1463.0 1093.0 721.0 448.0 365.0 506.0 798.0 
1142.0 1486.0 1817.0 2070.0 2173.0 2099.0 1876.0 
1564.0 1189.0 742.0 258.0 -41.0 21.0 365.0 
798.0 1147.0 1301.0 1218.0 948.0 626.0 377.0 
245.0 173.0 95.0 -4.0 -52.0 28.0 180.0 
250.0 188.0 118.0 176.0 315.0 414.0 423.0 
376.0 358.0 430.0 538.0 570.0 555.0 643.0 
844.0 990.0 964.0 785.0 531.0 294.0 126.0 
33.0 50.0 236.0 551.0 802.0 874.0 820.0 
679.0 380.0 -99.0 -524.0 -609.0 -318.0 132.0 
492.0 662.0 715.0 673.0 436.0 31.0 -290.0 
-324.0 -126.0 121.0 330.0 469.0 545.0 566.0 
522.0 460.0 421.0 351.0 216.0 122.0 209.0 
485.0 859.0 1208.0 1427.0 1502.0 1446.0 1200.0 
741.0 180.0 -315.0 -636.0 -736.0 -602.0 -318.0 
-48.0 102.0 170.0 206.0 180.0 34.0 -166.0 
-260.0 -151.0 116.0 393.0 564.0 599.0 500.0 
325.0 161.0 51.0 -24.0 -92.0 -153.0 -179.0 
-95.0 151.0 507.0 821.0 964.0 932.0 808.0 
653.0 550.0 578.0 732.0 941.0 1143.0 1300.0 
1426.0 1517.0 1519.0 1440.0 1346.0 1280.0 1208.0 
1117.0 1097.0 1208.0 1352.0 1361.0 1220.0 1082.0 
1042.0 960.0 673.0 282.0 -32.0 -235.0 -350.0 
-356.0 -272.0 -224.0 -290.0 -392.0 -384.0 -194.0 
74.0 233.0 196.0 -1.0 -301.0 -649.0 -962.0 
-1166.0 -1242.0 -1193.0 -1073.0 -980.0 -904.0 -792.0 
-686.0 -652.0 -705.0 -797.0 -855.0 -874.0 -915.0 
-1001.0 -1065.0 -1006.0 -859.0 -725.0 -613.0 -458.0 
-227.0 -8.0 109.0 158.0 207.0 232.0 213.0 
233.0 352.0 586.0 904.0 1195.0 1435.0 1673.0 
1827.0 1772.0 1602.0 1469.0 1380.0 1355.0 1391.0 
1440.0 1547.0 1728.0 1904.0 2024.0 2081.0 2074.0 
2070.0 2098.0 2063.0 1901.0 1640.0 1373.0 1192.0 
1117.0 1123.0 1179.0 1202.0 1101.0 911.0 736.0 
617.0 550.0 471.0 326.0 118.0 -92.0 -262.0 
-385.0 -431.0 -396.0 -338.0 -290.0 -251.0 -201.0 
-153.0 -181.0 -347.0 -599.0 -866.0 -1116.0 -1290.0 
-1313.0 -1186.0 -1036.0 -971.0 -921.0 -805.0 -688.0 
-608.0 -550.0 -557.0 -718.0 -1048.0 -1446.0 -1766.0 
-1826.0 -1580.0 -1208.0 -926.0 -793.0 -774.0 -828.0 
-869.0 -806.0 -655.0 -464.0 -295.0 -223.0 -208.0 
-156.0 -80.0 -45.0 -12.0 66.0 150.0 212.0 
296.0 424.0 571.0 646.0 576.0 428.0 280.0 
188.0 228.0 407.0 653.0 902.0 1062.0 1034.0 
820.0 547.0 334.0 171.0 9.0 -134.0 -217.0 
-213.0 -160.0 -108.0 -65.0 -35.0 -97.0 -253.0 
-394.0 -454.0 -464.0 -444.0 -394.0 -375.0 -392.0 
-355.0 -249.0 -140.0 -80.0 -78.0 -114.0 -126.0 
-82.0 -7.0 43.0 58.0 69.0 97.0 133.0 
162.0 171.0 132.0 15.0 -169.0 -359.0 -474.0 
-473.0 -358.0 -176.0 -42.0 -22.0 -51.0 -48.0 
-26.0 -35.0 -94.0 -164.0 -218.0 -254.0 -299.0 
-405.0 -553.0 -692.0 -812.0 -914.0 -970.0 -955.0 
-858.0 -770.0 -815.0 -970.0 -1100.0 -1148.0 -1164.0 
-1180.0 -1216.0 -1325.0 -1473.0 -1567.0 -1601.0 -1595.0 
-1562.0 -1504.0 -1447.0 -1446.0 -1503.0 -1613.0 -1755.0 
-1856.0 -1860.0 -1796.0 -1725.0 -1651.0 -1576.0 -1550.0 
-1629.0 -1813.0 -2008.0 -2150.0 -2206.0 -2114.0 -1879.0 
-1620.0 -1455.0 -1406.0 -1412.0 -1420.0 -1378.0 -1257.0 
-1084.0 -921.0 -812.0 -737.0 -651.0 -534.0 -395.0 
-271.0 -187.0 -121.0 -17.0 152.0 384.0 650.0 
887.0 1021.0 997.0 836.0 637.0 453.0 302.0 
260.0 335.0 403.0 341.0 148.0 -73.0 -237.0 
-321.0 -385.0 -486.0 -609.0 -741.0 -873.0 -954.0 
-950.0 -933.0 -993.0 -1102.0 -1193.0 -1239.0 -1268.0 
-1334.0 -1451.0 -1605.0 -1836.0 -2170.0 -2528.0 -2811.0 
-2969.0 -3042.0 -3098.0 -3091.0 -2996.0 -2904.0 -2887.0 
-2903.0 -2934.0 -3002.0 -3114.0 -3265.0 -3415.0 -3505.0 
-3478.0 -3322.0 -3111.0 -2888.0 -2627.0 -2320.0 -2012.0 
-1749.0 -1521.0 -1360.0 -1327.0 -1389.0 -1421.0 -1312.0 
-1032.0 -624.0 -209.0 96.0 247.0 293.0 257.0 
102.0 -92.0 -172.0 -147.0 -117.0 -118.0 -138.0 
-170.0 -187.0 -150.0 -59.0 26.0 59.0 47.0 
-26.0 -205.0 -405.0 -532.0 -596.0 -608.0 -577.0 
-557.0 -605.0 -735.0 -970.0 -1303.0 -1626.0 -1805.0 
-1803.0 -1671.0 -1500.0 -1406.0 -1443.0 -1538.0 -1594.0 
-1602.0 -1584.0 -1568.0 -1597.0 -1678.0 -1798.0 -1933.0 
-2021.0 -1939.0 -1663.0 -1365.0 -1259.0 -1387.0 -1592.0 
-1709.0 -1691.0 -1620.0 -1561.0 -1590.0 -1774.0 -2040.0 
-2281.0 -2439.0 -2490.0 -2408.0 -2245.0 -2082.0 -1955.0 
-1867.0 -1794.0 -1694.0 -1553.0 -1422.0 -1404.0 -1527.0 
-1700.0 -1838.0 -1887.0 -1821.0 -1694.0 -1575.0 -1454.0 
-1328.0 -1283.0 -1330.0 -1346.0 -1252.0 -1140.0 -1143.0 
-1215.0 -1228.0 -1142.0 -1021.0 -974.0 -1091.0 -1329.0 
-1499.0 -1496.0 -1400.0 -1313.0 -1289.0 -1353.0 -1487.0 
-1582.0 -1523.0 -1342.0 -1134.0 -937.0 -744.0 -618.0 
-648.0 -818.0 -1039.0 -1234.0 -1357.0 -1423.0 -1471.0 
-1511.0 -1533.0 -1558.0 -1565.0 -1510.0 -1406.0 -1268.0 
-1098.0 -967.0 -943.0 -980.0 -995.0 -953.0 -910.0 
-940.0 -1019.0 -1069.0 -1070.0 -1100.0 -1160.0 -1165.0 
-1143.0 -1165.0 -1229.0 -1259.0 -1184.0 -1056.0 -1054.0 
-1280.0 -1655.0 -1953.0 -2015.0 -1858.0 -1571.0 -1282.0 
-1137.0 -1235.0 -1600.0 -2110.0 -2572.0 -2842.0 -2910.0 
-2861.0 -2738.0 -2566.0 -2393.0 -2288.0 -2302.0 -2392.0 
-2497.0 -2559.0 -2523.0 -2433.0 -2360.0 -2291.0 -2184.0 
-2063.0 -2026.0 -2064.0 -2063.0 -1996.0 -1894.0 -1732.0 
-1528.0 -1352.0 -1210.0 -1122.0 -1150.0 -1275.0 -1365.0 
-1303.0 -1135.0 -954.0 -792.0 -648.0 -491.0 -342.0 
-319.0 -471.0 -728.0 -981.0 -1136.0 -1168.0 -1106.0 
-991.0 -885.0 -843.0 -885.0 -1031.0 -1229.0 -1333.0 
-1269.0 -1102.0 -970.0 -932.0 -927.0 -929.0 -969.0 
-1068.0 -1192.0 -1305.0 -1388.0 -1357.0 -1212.0 -1114.0 
-1161.0 -1258.0 -1241.0 -1092.0 -918.0 -790.0 -722.0 
-699.0 -694.0 -656.0 -565.0 -441.0 -337.0 -290.0 
-320.0 -503.0 -841.0 -1156.0 -1321.0 -1364.0 -1343.0 
-1291.0 -1233.0 -1202.0 -1244.0 -1394.0 -1655.0 -1921.0 
-2047.0 -2075.0 -2150.0 -2242.0 -2158.0 -1844.0 -1411.0 
-976.0 -660.0 -538.0 -606.0 -843.0 -1176.0 -1481.0 
-1630.0 -1571.0 -1402.0 -1267.0 -1247.0 -1325.0 -1423.0 
-1502.0 -1580.0 -1679.0 -1714.0 -1679.0 -1646.0 -1608.0 
-1599.0 -1673.0 -1732.0 -1645.0 -1412.0 -1153.0 -983.0 
-954.0 -1065.0 -1269.0 -1499.0 -1699.0 -1853.0 -1976.0 
-2060.0 -2087.0 -2030.0 -1887.0 -1724.0 -1610.0 -1543.0 
-1482.0 -1430.0 -1431.0 -1519.0 -1680.0 -1817.0 -1888.0 
-1933.0 -1942.0 -1874.0 -1716.0 -1535.0 -1444.0 -1507.0 
-1690.0 -1824.0 -1746.0 -1483.0 -1174.0 -940.0 -851.0 
-897.0 -990.0 -1039.0 -1023.0 -948.0 -821.0 -683.0 
-579.0 -552.0 -618.0 -776.0 -1002.0 -1192.0 -1255.0 
-1197.0 -1102.0 -1042.0 -1007.0 -963.0 -883.0 -799.0 
-722.0 -616.0 -452.0 -271.0 -164.0 -157.0 -203.0 
-215.0 -125.0 52.0 259.0 411.0 433.0 285.0 
-13.0 -347.0 -621.0 -807.0 -897.0 -856.0 -741.0 
-707.0 -810.0 -1038.0 -1345.0 -1649.0 -1928.0 -2221.0 
-2523.0 -2780.0 -2975.0 -3097.0 -3122.0 -3050.0 -2921.0 
-2798.0 -2721.0 -2698.0 -2698.0 -2665.0 -2551.0 -2379.0 
-2212.0 -2081.0 -1987.0 -1975.0 -2093.0 -2333.0 -2592.0 
-2737.0 -2748.0 -2661.0 -2480.0 -2253.0 -2076.0 -1955.0 
-1794.0 -1621.0 -1496.0 -1407.0 -1339.0 -1310.0 -1284.0 
-1199.0 -1040.0 -839.0 -687.0 -678.0 -838.0 -1135.0 
-1518.0 -1856.0 -2024.0 -2010.0 -1838.0 -1539.0 -1212.0 
-903.0 -635.0 -458.0 -376.0 -356.0 -367.0 -335.0 
-205.0 -37.0 44.0 1.0 -96.0 -158.0 -170.0 
-159.0 -119.0 -68.0 -121.0 -377.0 -803.0 -1281.0 
-1646.0 -1793.0 -1756.0 -1635.0 -1520.0 -1438.0 -1428.0 
-1544.0 -1748.0 -2001.0 -2299.0 -2583.0 -2787.0 -2947.0 
-3105.0 -3179.0 -3105.0 -2953.0 -2815.0 -2771.0 -2818.0 
-2860.0 -2833.0 -2727.0 -2568.0 -2382.0 -2171.0 -1976.0 
-1870.0 -1860.0 -1893.0 -1965.0 -2083.0 -2207.0 -2283.0 
-2247.0 -2090.0 -1850.0 -1510.0 -1103.0 -727.0 -435.0 
-213.0 -58.0 -26.0 -100.0 -213.0 -344.0 -486.0 
-678.0 -912.0 -1099.0 -1144.0 -1035.0 -853.0 -659.0 
-484.0 -363.0 -310.0 -359.0 -473.0 -563.0 -625.0 
-715.0 -816.0 -828.0 -720.0 -578.0 -453.0 -371.0 
-367.0 -467.0 -662.0 -899.0 -1160.0 -1442.0 -1713.0 
-1910.0 -1988.0 -1956.0 -1836.0 -1696.0 -1634.0 -1653.0 
-1665.0 -1710.0 -1852.0 -2009.0 -2092.0 -2134.0 -2176.0 
-2236.0 -2300.0 -2330.0 -2273.0 -2152.0 -2073.0 -2085.0 
-2148.0 -2284.0 -2515.0 -2791.0 -3080.0 -3350.0 -3539.0 
-3583.0 -3441.0 -3157.0 -2850.0 -2630.0 -2543.0 -2551.0 
-2615.0 -2667.0 -2602.0 -2438.0 -2260.0 -2117.0 -2013.0 
-1894.0 -1701.0 -1428.0 -1122.0 -831.0 -592.0 -443.0 
-387.0 -399.0 -435.0 -414.0 -339.0 -273.0 -266.0 
-338.0 -502.0 -739.0 -998.0 -1232.0 -1415.0 -1531.0 
-1553.0 -1458.0 -1282.0 -1076.0 -884.0 -787.0 -855.0 
-1096.0 -1427.0 -1727.0 -1939.0 -2019.0 -1963.0 -1828.0 
-1687.0 -1578.0 -1522.0 -1559.0 -1693.0 -1812.0 -1855.0 
-1836.0 -1747.0 -1605.0 -1465.0 -1352.0 -1260.0 -1165.0 
-1066.0 -957.0 -830.0 -679.0 -497.0 -358.0 -313.0 
-365.0 -537.0 -811.0 -1103.0 -1352.0 -1571.0 -1778.0 
-1999.0 -2287.0 -2640.0 -2977.0 -3199.0 -3272.0 -3214.0 
-3048.0 -2840.0 -2704.0 -2690.0 -2786.0 -2908.0 -2996.0 
-3042.0 -3061.0 -3097.0 -3189.0 -3327.0 -3451.0 -3523.0 
-3511.0 -3416.0 -3278.0 -3123.0 -2928.0 -2708.0 -2524.0 
-2397.0 -2340.0 -2364.0 -2453.0 -2538.0 -2573.0 -2555.0 
-2414.0 -2137.0 -1823.0 -1536.0 -1306.0 -1192.0 -1191.0 
-1257.0 -1372.0 -1502.0 -1546.0 -1470.0 -1369.0 -1319.0 
-1318.0 -1331.0 -1349.0 -1388.0 -1449.0 -1535.0 -1636.0 
-1723.0 -1789.0 -1804.0 -1734.0 -1609.0 -1530.0 -1529.0 
-1590.0 -1733.0 -1901.0 -1983.0 -1977.0 -1958.0 -1968.0 
-2003.0 -2044.0 -2084.0 -2135.0 -2204.0 -2195.0 -2065.0 
-1902.0 -1756.0 -1661.0 -1588.0 -1443.0 -1226.0 -1028.0 
-858.0 -686.0 -528.0 -434.0 -413.0 -442.0 -524.0 
-689.0 -939.0 -1223.0 -1480.0 -1707.0 -1921.0 -2128.0 
-2293.0 -2403.0 -2501.0 -2560.0 -2568.0 -2590.0 -2680.0 
-2829.0 -2995.0 -3135.0 -3233.0 -3286.0 -3289.0 -3240.0 
-3176.0 -3163.0 -3223.0 -3289.0 -3244.0 -3090.0 -2908.0 
-2687.0 -2407.0 -2105.0 -1824.0 -1590.0 -1381.0 -1167.0 
-970.0 -858.0 -805.0 -745.0 -713.0 -750.0 -838.0 
-928.0 -978.0 -973.0 -920.0 -865.0 -797.0 -706.0 
-640.0 -622.0 -618.0 -614.0 -633.0 -679.0 -734.0 
-822.0 -956.0 -1104.0 -1249.0 -1416.0 -1582.0 -1712.0 
-1803.0 -1833.0 -1834.0 -1832.0 -1815.0 -1805.0 -1832.0 
-1929.0 -2104.0 -2292.0 -2441.0 -2576.0 -2744.0 -2948.0 
-3136.0 -3247.0 -3219.0 -3049.0 -2778.0 -2455.0 -2132.0 
-1868.0 -1733.0 -1731.0 -1761.0 -1797.0 -1864.0 -1929.0 
-1922.0 -1820.0 -1649.0 -1489.0 -1369.0 -1277.0 -1202.0 
-1148.0 -1130.0 -1154.0 -1172.0 -1138.0 -1051.0 -905.0 
-716.0 -511.0 -310.0 -134.0 33.0 206.0 327.0 
313.0 177.0 -11.0 -210.0 -423.0 -636.0 -794.0 
-889.0 -1008.0 -1193.0 -1426.0 -1688.0 -1985.0 -2297.0 
-2543.0 -2710.0 -2839.0 -2909.0 -2900.0 -2807.0 -2624.0 
-2403.0 -2205.0 -1998.0 -1746.0 -1543.0 -1460.0 -1471.0 
-1524.0 -1598.0 -1672.0 -1765.0 -1864.0 -1927.0 -1957.0 
-1993.0 -2081.0 -2226.0 -2408.0 -2599.0 -2766.0 -2904.0 
-3026.0 -3121.0 -3179.0 -3227.0 -3268.0 -3260.0 -3202.0 
-3131.0 -3094.0 -3072.0 -2996.0 -2863.0 -2700.0 -2509.0 
-2314.0 -2160.0 -2086.0 -2102.0 -2191.0 -2324.0 -2455.0 
-2524.0 -2499.0 -2391.0 -2238.0 -2083.0 -1911.0 -1719.0 
-1565.0 -1502.0 -1514.0 -1560.0 -1618.0 -1675.0 -1715.0 
-1748.0 -1743.0 -1655.0 -1501.0 -1305.0 -1087.0 -885.0 
-753.0 -709.0 -740.0 -813.0 -874.0 -929.0 -972.0 
-965.0 -893.0 -792.0 -730.0 -705.0 -683.0 -699.0 
-771.0 -849.0 -918.0 -997.0 -1086.0 -1152.0 -1161.0 
-1105.0 -1024.0 -1019.0 -1134.0 -1297.0 -1435.0 -1585.0 
-1774.0 -1945.0 -2087.0 -2218.0 -2358.0 -2539.0 -2768.0 
-2988.0 -3147.0 -3227.0 -3217.0 -3133.0 -3028.0 -2950.0 
-2894.0 -2823.0 -2752.0 -2699.0 -2659.0 -2594.0 -2500.0 
-2438.0 -2457.0 -2517.0 -2569.0 -2620.0 -2716.0 -2878.0 
-3050.0 -3187.0 -3330.0 -3482.0 -3601.0 -3687.0 -3732.0 
-3746.0 -3764.0 -3767.0 -3733.0 -3677.0 -3626.0 -3538.0 
-3412.0 -3293.0 -3171.0 -3002.0 -2801.0 -2606.0 -2434.0 
-2310.0 -2239.0 -2163.0 -2052.0 -1942.0 -1818.0 -1647.0 
-1470.0 -1316.0 -1145.0 -951.0 -793.0 -693.0 -614.0 
-551.0 -513.0 -509.0 -568.0 -691.0 -871.0 -1082.0 
-1285.0 -1464.0 -1580.0 -1588.0 -1527.0 -1461.0 -1414.0 
-1366.0 -1315.0 -1320.0 -1391.0 -1500.0 -1640.0 -1775.0 
-1865.0 -1927.0 -1964.0 -1952.0 -1908.0 -1889.0 -1924.0 
-1969.0 -1965.0 -1923.0 -1926.0 -1973.0 -2002.0 -1981.0 
-1968.0 -1963.0 -1912.0 -1835.0 -1788.0 -1755.0 -1744.0 
-1738.0 -1720.0 -1706.0 -1694.0 -1667.0 -1631.0 -1624.0 
-1639.0 -1654.0 -1696.0 -1781.0 -1832.0 -1830.0 -1836.0 
-1855.0 -1833.0 -1790.0 -1766.0 -1725.0 -1680.0 -1676.0 
-1682.0 -1661.0 -1647.0 -1668.0 -1695.0 -1714.0 -1761.0 
-1858.0 -1975.0 -2073.0 -2156.0 -2245.0 -2340.0 -2412.0 
-2416.0 -2344.0 -2222.0 -2066.0 -1895.0 -1755.0 -1636.0 
-1506.0 -1379.0 -1256.0 -1121.0 -980.0 -839.0 -673.0 
-484.0 -335.0 -252.0 -171.0 -53.0 63.0 116.0 
117.0 121.0 151.0 175.0 167.0 142.0 135.0 
151.0 160.0 155.0 165.0 216.0 236.0 213.0 
207.0 230.0 246.0 256.0 270.0 271.0 239.0 
169.0 59.0 -66.0 -188.0 -329.0 -463.0 -540.0 
-566.0 -594.0 -640.0 -668.0 -677.0 -698.0 -727.0 
-736.0 -710.0 -657.0 -599.0 -559.0 -537.0 -545.0 
-541.0 -491.0 -453.0 -467.0 -519.0 -582.0 -655.0 
-737.0 -820.0 -900.0 -988.0 -1079.0 -1154.0 -1227.0 
-1307.0 -1364.0 -1426.0 -1492.0 -1543.0 -1609.0 -1708.0 
-1803.0 -1861.0 -1884.0 -1907.0 -1928.0 -1891.0 -1784.0 
-1653.0 -1542.0 -1442.0 -1304.0 -1156.0 -1044.0 -949.0 
-859.0 -742.0 -570.0 -348.0 -68.0 238.0 530.0 
815.0 1093.0 1335.0 1527.0 1667.0 1767.0 1824.0 
1828.0 1794.0 1747.0 1708.0 1708.0 1737.0 1789.0 
1857.0 1930.0 1993.0 1999.0 1942.0 1859.0 1784.0 
1697.0 1588.0 1467.0 1334.0 1180.0 1004.0 778.0 
530.0 316.0 145.0 -21.0 -193.0 -376.0 -564.0 
-745.0 -891.0 -977.0 -1016.0 -1039.0 -1054.0 -1059.0 
-1052.0 -1036.0 -1042.0 -1089.0 -1139.0 -1171.0 -1219.0 
-1308.0 -1421.0 -1547.0 -1697.0 -1866.0 -2039.0 -2171.0 
-2225.0 -2209.0 -2137.0 -1995.0 -1822.0 -1683.0 -1579.0 
-1505.0 -1469.0 -1454.0 -1466.0 -1507.0 -1532.0 -1527.0 
-1512.0 -1473.0 -1366.0 -1204.0 -1048.0 -935.0 -842.0 
-745.0 -648.0 -550.0 -464.0 -368.0 -213.0 -38.0 
107.0 251.0 405.0 551.0 704.0 858.0 980.0 
1066.0 1118.0 1136.0 1129.0 1097.0 1046.0 995.0 
939.0 872.0 814.0 777.0 754.0 753.0 785.0 
836.0 887.0 960.0 1043.0 1091.0 1099.0 1083.0 
1069.0 1084.0 1111.0 1097.0 1046.0 1008.0 989.0 
955.0 890.0 814.0 748.0 730.0 773.0 820.0 
850.0 894.0 950.0 989.0 999.0 969.0 903.0 
826.0 740.0 642.0 551.0 487.0 452.0 425.0 
390.0 306.0 171.0 35.0 -86.0 -208.0 -349.0 
-509.0 -632.0 -659.0 -627.0 -594.0 -566.0 -524.0 
-462.0 -413.0 -398.0 -383.0 -369.0 -371.0 -386.0 
-404.0 -415.0 -398.0 -331.0 -247.0 -154.0 -41.0 
43.0 115.0 217.0 316.0 407.0 525.0 670.0 
848.0 1053.0 1241.0 1382.0 1501.0 1618.0 1708.0 
1711.0 1648.0 1578.0 1491.0 1349.0 1201.0 1069.0 
946.0 835.0 718.0 601.0 515.0 443.0 387.0 
399.0 473.0 590.0 742.0 891.0 1031.0 1159.0 
1272.0 1368.0 1461.0 1572.0 1685.0 1772.0 1837.0 
1909.0 1995.0 2118.0 2228.0 2296.0 2360.0 2410.0 
2414.0 2359.0 2268.0 2170.0 2041.0 1887.0 1764.0 
1641.0 1471.0 1282.0 1102.0 921.0 737.0 566.0 
421.0 309.0 229.0 141.0 22.0 -88.0 -134.0 
-152.0 -190.0 -206.0 -158.0 -88.0 -45.0 -12.0 
8.0 2.0 19.0 30.0 -19.0 -83.0 -111.0 
-112.0 -107.0 -117.0 -138.0 -168.0 -219.0 -275.0 
-333.0 -381.0 -415.0 -424.0 -384.0 -307.0 -210.0 
-94.0 30.0 172.0 304.0 392.0 462.0 537.0 
621.0 707.0 783.0 850.0 947.0 1080.0 1192.0 
1266.0 1363.0 1481.0 1569.0 1618.0 1655.0 1716.0 
1793.0 1871.0 1961.0 2051.0 2110.0 2166.0 2232.0 
2280.0 2297.0 2277.0 2217.0 2161.0 2126.0 2076.0 
1980.0 1867.0 1788.0 1723.0 1625.0 1496.0 1372.0 
1271.0 1204.0 1144.0 1038.0 903.0 781.0 654.0 
505.0 359.0 223.0 90.0 -14.0 -118.0 -224.0 
-284.0 -279.0 -245.0 -211.0 -163.0 -96.0 -44.0 
12.0 79.0 141.0 188.0 233.0 289.0 377.0 
477.0 551.0 621.0 713.0 820.0 923.0 991.0 
1047.0 1102.0 1143.0 1177.0 1203.0 1230.0 1275.0 
1306.0 1326.0 1381.0 1469.0 1562.0 1657.0 1759.0 
1861.0 1959.0 2039.0 2101.0 2171.0 2216.0 2243.0 
2283.0 2306.0 2341.0 2390.0 2390.0 2376.0 2369.0 
2333.0 2250.0 2143.0 2046.0 1982.0 1919.0 1815.0 
1703.0 1634.0 1603.0 1584.0 1555.0 1502.0 1450.0 
1403.0 1377.0 1390.0 1400.0 1390.0 1373.0 1331.0 
1279.0 1237.0 1196.0 1166.0 1164.0 1188.0 1218.0 
1236.0 1266.0 1320.0 1370.0 1393.0 1405.0 1441.0 
1502.0 1555.0 1576.0 1572.0 1569.0 1558.0 1498.0 
1391.0 1287.0 1199.0 1094.0 1004.0 947.0 885.0 
801.0 731.0 677.0 644.0 638.0 629.0 607.0 
622.0 660.0 663.0 635.0 627.0 647.0 671.0 
669.0 684.0 768.0 880.0 962.0 1014.0 1076.0 
1168.0 1265.0 1352.0 1445.0 1538.0 1644.0 1767.0 
1885.0 1979.0 2044.0 2080.0 2117.0 2172.0 2212.0 
2250.0 2338.0 2472.0 2651.0 2872.0 3095.0 3291.0 
3451.0 3558.0 3649.0 3719.0 3745.0 3748.0 3730.0 
3691.0 3629.0 3545.0 3470.0 3405.0 3339.0 3281.0 
3216.0 3168.0 3149.0 3120.0 3057.0 2968.0 2879.0 
2782.0 2670.0 2568.0 2460.0 2330.0 2200.0 2104.0 
2018.0 1904.0 1790.0 1710.0 1659.0 1604.0 1509.0 
1394.0 1270.0 1141.0 1033.0 930.0 836.0 776.0 
711.0 630.0 574.0 557.0 556.0 562.0 596.0 
661.0 729.0 784.0 830.0 871.0 908.0 931.0 
970.0 1054.0 1167.0 1286.0 1407.0 1556.0 1757.0 
1977.0 2177.0 2373.0 2566.0 2716.0 2819.0 2923.0 
3034.0 3145.0 3259.0 3339.0 3360.0 3354.0 3333.0 
3310.0 3290.0 3257.0 3198.0 3121.0 3048.0 2971.0 
2869.0 2755.0 2672.0 2609.0 2524.0 2448.0 2408.0 
2335.0 2246.0 2210.0 2195.0 2165.0 2127.0 2098.0 
2100.0 2113.0 2106.0 2081.0 2064.0 2086.0 2129.0 
2144.0 2147.0 2150.0 2117.0 2076.0 2082.0 2079.0 
2035.0 2008.0 2024.0 2070.0 2110.0 2116.0 2110.0 
2129.0 2165.0 2179.0 2161.0 2140.0 2134.0 2135.0 
2131.0 2102.0 2060.0 2030.0 1995.0 1956.0 1913.0 
1856.0 1784.0 1713.0 1632.0 1533.0 1462.0 1433.0 
1433.0 1450.0 1497.0 1561.0 1633.0 1708.0 1793.0 
1864.0 1888.0 1890.0 1926.0 2021.0 2158.0 2292.0 
2391.0 2483.0 2591.0 2682.0 2715.0 2699.0 2692.0 
2690.0 2653.0 2602.0 2564.0 2524.0 2466.0 2425.0 
2408.0 2364.0 2273.0 2176.0 2096.0 2039.0 2004.0 
1950.0 1860.0 1787.0 1739.0 1671.0 1616.0 1629.0 
1678.0 1692.0 1691.0 1721.0 1740.0 1755.0 1780.0 
1782.0 1756.0 1780.0 1878.0 1947.0 1942.0 1963.0 
2042.0 2097.0 2126.0 2142.0 2101.0 2036.0 2030.0 
2050.0 2023.0 1976.0 1963.0 1995.0 2046.0 2093.0 
2134.0 2182.0 2243.0 2319.0 2404.0 2486.0 2567.0 
2672.0 2802.0 2915.0 2994.0 3064.0 3116.0 3162.0 
3185.0 3142.0 3068.0 3006.0 2932.0 2816.0 2698.0 
2593.0 2477.0 2379.0 2291.0 2184.0 2093.0 2053.0 
2051.0 2058.0 2072.0 2096.0 2135.0 2202.0 2266.0 
2292.0 2306.0 2347.0 2383.0 2394.0 2403.0 2396.0 
2357.0 2331.0 2297.0 2208.0 2129.0 2120.0 2101.0 
2035.0 1993.0 1993.0 1973.0 1942.0 1942.0 1952.0 
1951.0 1956.0 1985.0 2007.0 2019.0 2010.0 1956.0 
1885.0 1844.0 1806.0 1716.0 1614.0 1584.0 1620.0 
1642.0 1639.0 1657.0 1699.0 1749.0 1806.0 1844.0 
1863.0 1901.0 1953.0 1983.0 1986.0 1971.0 1948.0 
1930.0 1894.0 1842.0 1814.0 1796.0 1763.0 1742.0 
1720.0 1663.0 1587.0 1536.0 1518.0 1466.0 1377.0 
1330.0 1350.0 1379.0 1391.0 1405.0 1420.0 1434.0 
1448.0 1427.0 1388.0 1399.0 1470.0 1559.0 1642.0 
1698.0 1745.0 1849.0 2024.0 2212.0 2392.0 2566.0 
2701.0 2811.0 2966.0 3112.0 3169.0 3199.0 3246.0 
3278.0 3288.0 3280.0 3248.0 3198.0 3123.0 3018.0 
2874.0 2702.0 2576.0 2491.0 2383.0 2280.0 2190.0 
2064.0 1922.0 1814.0 1707.0 1563.0 1420.0 1300.0 
1169.0 1016.0 869.0 708.0 555.0 452.0 398.0 
348.0 309.0 301.0 293.0 288.0 307.0 334.0 
343.0 361.0 396.0 431.0 482.0 537.0 583.0 
630.0 676.0 736.0 809.0 875.0 949.0 1019.0 
1048.0 1077.0 1134.0 1194.0 1239.0 1287.0 1352.0 
1412.0 1476.0 1543.0 1593.0 1635.0 1684.0 1713.0 
1720.0 1717.0 1727.0 1752.0 1780.0 1818.0 1836.0 
1833.0 1855.0 1911.0 1992.0 2085.0 2194.0 2309.0 
2431.0 2569.0 2720.0 2860.0 2999.0 3140.0 3261.0 
3345.0 3416.0 3459.0 3453.0 3435.0 3415.0 3391.0 
3351.0 3279.0 3181.0 3058.0 2938.0 2830.0 2691.0 
2518.0 2370.0 2246.0 2125.0 2032.0 1955.0 1839.0 
1699.0 1596.0 1532.0 1445.0 1343.0 1277.0 1206.0 
1101.0 986.0 858.0 691.0 491.0 294.0 137.0 
-1.0 -173.0 -339.0 -435.0 -481.0 -532.0 -594.0 
-656.0 -694.0 -665.0 -604.0 -577.0 -557.0 -501.0 
-426.0 -377.0 -331.0 -268.0 -210.0 -149.0 -72.0 
10.0 106.0 212.0 337.0 484.0 638.0 792.0 
929.0 1061.0 1216.0 1368.0 1474.0 1545.0 1644.0 
1759.0 1852.0 1928.0 1998.0 2080.0 2174.0 2250.0 
2307.0 2358.0 2421.0 2502.0 2585.0 2651.0 2705.0 
2756.0 2807.0 2832.0 2816.0 2782.0 2758.0 2719.0 
2673.0 2625.0 2546.0 2474.0 2421.0 2357.0 2264.0 
2153.0 2060.0 1939.0 1773.0 1604.0 1435.0 1243.0 
1050.0 866.0 685.0 498.0 327.0 191.0 68.0 
-55.0 -163.0 -249.0 -336.0 -412.0 -456.0 -512.0 
-579.0 -624.0 -644.0 -662.0 -683.0 -688.0 -680.0 
-681.0 -651.0 -595.0 -544.0 -506.0 -432.0 -326.0 
-217.0 -112.0 19.0 178.0 322.0 433.0 560.0 
712.0 854.0 968.0 1047.0 1134.0 1257.0 1393.0 
1517.0 1583.0 1604.0 1624.0 1648.0 1680.0 1721.0 
1747.0 1745.0 1735.0 1747.0 1779.0 1792.0 1769.0 
1741.0 1731.0 1710.0 1663.0 1593.0 1516.0 1469.0 
1445.0 1412.0 1352.0 1281.0 1217.0 1136.0 1012.0 
857.0 722.0 636.0 566.0 497.0 435.0 407.0 
418.0 432.0 440.0 475.0 511.0 547.0 617.0 
678.0 687.0 695.0 746.0 817.0 870.0 907.0 
937.0 990.0 1081.0 1172.0 1237.0 1318.0 1444.0 
1569.0 1680.0 1796.0 1897.0 1963.0 2009.0 2037.0 
2044.0 2033.0 2020.0 2002.0 1972.0 1935.0 1878.0 
1792.0 1670.0 1549.0 1447.0 1330.0 1208.0 1125.0 
1048.0 942.0 830.0 721.0 622.0 561.0 514.0 
442.0 353.0 284.0 230.0 160.0 94.0 57.0 
31.0 7.0 4.0 19.0 30.0 26.0 -10.0 
-49.0 -100.0 -184.0 -293.0 -398.0 -494.0 -608.0 
-730.0 -837.0 -926.0 -978.0 -1032.0 -1078.0 -1086.0 
-1066.0 -1010.0 -932.0 -865.0 -792.0 -692.0 -577.0 
-461.0 -333.0 -201.0 -62.0 96.0 274.0 463.0 
656.0 833.0 984.0 1121.0 1267.0 1398.0 1488.0 
1585.0 1713.0 1829.0 1897.0 1940.0 2009.0 2075.0 
2118.0 2146.0 2177.0 2220.0 2258.0 2302.0 2341.0 
2342.0 2337.0 2332.0 2315.0 2293.0 2226.0 2122.0 
2019.0 1896.0 1713.0 1506.0 1294.0 1079.0 887.0 
703.0 529.0 369.0 224.0 111.0 -2.0 -146.0 
-273.0 -379.0 -476.0 -577.0 -701.0 -830.0 -915.0 
-977.0 -1034.0 -1081.0 -1127.0 -1158.0 -1139.0 -1132.0 
-1167.0 -1182.0 -1134.0 -1058.0 -1014.0 -988.0 -918.0 
-820.0 -749.0 -679.0 -609.0 -580.0 -534.0 -432.0 
-360.0 -331.0 -286.0 -220.0 -132.0 -34.0 55.0 
150.0 258.0 373.0 501.0 611.0 680.0 757.0 
863.0 933.0 934.0 926.0 944.0 943.0 896.0 
844.0 815.0 761.0 689.0 635.0 583.0 529.0 
497.0 488.0 524.0 596.0 668.0 719.0 804.0 
932.0 1058.0 1193.0 1330.0 1437.0 1532.0 1608.0 
1636.0 1646.0 1652.0 1623.0 1566.0 1490.0 1389.0 
1265.0 1142.0 1036.0 919.0 777.0 626.0 476.0 
338.0 212.0 78.0 -65.0 -200.0 -303.0 -410.0 
-549.0 -684.0 -800.0 -901.0 -972.0 -1028.0 -1085.0 
-1121.0 -1128.0 -1117.0 -1120.0 -1134.0 -1143.0 -1141.0 
-1125.0 -1126.0 -1158.0 -1184.0 -1195.0 -1204.0 -1218.0 
-1231.0 -1213.0 -1172.0 -1132.0 -1080.0 -1015.0 -944.0 
-857.0 -744.0 -646.0 -599.0 -581.0 -531.0 -464.0 
-421.0 -407.0 -376.0 -314.0 -252.0 -210.0 -166.0 
-105.0 -45.0 14.0 87.0 146.0 191.0 228.0 
267.0 313.0 352.0 382.0 406.0 420.0 450.0 
492.0 525.0 537.0 558.0 621.0 696.0 747.0 
794.0 853.0 909.0 949.0 960.0 954.0 973.0 
1012.0 1040.0 1050.0 1050.0 1039.0 1025.0 1032.0 
1026.0 969.0 869.0 768.0 683.0 587.0 445.0 
275.0 116.0 -38.0 -206.0 -398.0 -600.0 -785.0 
-980.0 -1193.0 -1388.0 -1542.0 -1659.0 -1774.0 -1908.0 
-2042.0 -2127.0 -2150.0 -2154.0 -2176.0 -2205.0 -2220.0 
-2210.0 -2186.0 -2147.0 -2113.0 -2095.0 -2063.0 -2005.0 
-1945.0 -1909.0 -1899.0 -1902.0 -1889.0 -1848.0 -1811.0 
-1790.0 -1751.0 -1672.0 -1591.0 -1556.0 -1533.0 -1473.0 
-1387.0 -1295.0 -1225.0 -1153.0 -1036.0 -895.0 -753.0 
-628.0 -506.0 -369.0 -252.0 -141.0 -23.0 63.0 
114.0 192.0 297.0 391.0 487.0 578.0 652.0 
754.0 884.0 978.0 1007.0 997.0 997.0 1017.0 
1017.0 976.0 958.0 983.0 981.0 944.0 899.0 
870.0 844.0 809.0 770.0 722.0 656.0 580.0 
500.0 417.0 299.0 143.0 1.0 -124.0 -291.0 
-496.0 -700.0 -894.0 -1047.0 -1145.0 -1268.0 -1448.0 
-1605.0 -1698.0 -1771.0 -1873.0 -1969.0 -2016.0 -2033.0 
-2053.0 -2073.0 -2075.0 -2037.0 -1969.0 -1907.0 -1837.0 
-1737.0 -1629.0 -1539.0 -1446.0 -1337.0 -1241.0 -1172.0 
-1098.0 -1005.0 -910.0 -830.0 -746.0 -632.0 -525.0 
-457.0 -397.0 -331.0 -257.0 -153.0 -36.0 55.0 
136.0 226.0 308.0 382.0 455.0 516.0 574.0 
625.0 676.0 745.0 823.0 894.0 980.0 1058.0 
1109.0 1159.0 1206.0 1263.0 1323.0 1356.0 1371.0 
1379.0 1390.0 1402.0 1387.0 1335.0 1279.0 1232.0 
1184.0 1121.0 1042.0 934.0 798.0 655.0 534.0 
440.0 332.0 183.0 16.0 -149.0 -321.0 -494.0 
-666.0 -843.0 -1009.0 -1163.0 -1318.0 -1475.0 -1620.0 
-1739.0 -1845.0 -1967.0 -2098.0 -2198.0 -2244.0 -2288.0 
-2358.0 -2409.0 -2423.0 -2422.0 -2410.0 -2389.0 -2359.0 
-2299.0 -2222.0 -2145.0 -2055.0 -1958.0 -1842.0 -1702.0 
-1565.0 -1451.0 -1351.0 -1256.0 -1127.0 -947.0 -789.0 
-672.0 -536.0 -383.0 -254.0 -146.0 -59.0 11.0 
107.0 210.0 261.0 283.0 324.0 386.0 438.0 
467.0 481.0 476.0 452.0 422.0 391.0 312.0 
180.0 87.0 46.0 -19.0 -104.0 -165.0 -214.0 
-248.0 -250.0 -246.0 -255.0 -259.0 -240.0 -190.0 
-125.0 -84.0 -80.0 -69.0 -59.0 -84.0 -123.0 
-138.0 -143.0 -151.0 -171.0 -208.0 -266.0 -338.0 
-412.0 -490.0 -566.0 -637.0 -716.0 -801.0 -896.0 
-1020.0 -1145.0 -1250.0 -1361.0 -1486.0 -1608.0 -1745.0 
-1899.0 -2017.0 -2109.0 -2238.0 -2381.0 -2472.0 -2514.0 
-2529.0 -2573.0 -2660.0 -2724.0 -2766.0 -2809.0 -2837.0 
-2865.0 -2898.0 -2895.0 -2862.0 -2830.0 -2795.0 -2750.0 
-2696.0 -2631.0 -2545.0 -2450.0 -2363.0 -2256.0 -2121.0 
-1993.0 -1912.0 -1833.0 -1700.0 -1554.0 -1439.0 -1343.0 
-1236.0 -1097.0 -924.0 -775.0 -676.0 -582.0 -461.0 
-342.0 -273.0 -253.0 -239.0 -195.0 -157.0 -162.0 
-157.0 -123.0 -114.0 -133.0 -174.0 -216.0 -252.0 
-293.0 -362.0 -452.0 -534.0 -636.0 -765.0 -895.0 
-1026.0 -1155.0 -1312.0 -1460.0 -1568.0 -1677.0 -1815.0 
-1951.0 -2046.0 -2115.0 -2173.0 -2221.0 -2263.0 -2312.0 
-2339.0 -2334.0 -2317.0 -2320.0 -2327.0 -2316.0 -2293.0 
-2263.0 -2241.0 -2258.0 -2305.0 -2321.0 -2310.0 -2334.0 
-2383.0 -2419.0 -2432.0 -2425.0 -2431.0 -2469.0 -2509.0 
-2529.0 -2538.0 -2513.0 -2488.0 -2500.0 -2518.0 -2525.0 
-2547.0 -2598.0 -2654.0 -2684.0 -2721.0 -2778.0 -2835.0 
-2875.0 -2901.0 -2926.0 -2952.0 -2999.0 -3051.0 -3090.0 
-3124.0 -3129.0 -3114.0 -3128.0 -3154.0 -3157.0 -3159.0 
-3153.0 -3138.0 -3133.0 -3121.0 -3083.0 -3046.0 -3046.0 
-3038.0 -2962.0 -2846.0 -2725.0 -2621.0 -2517.0 -2392.0 
-2253.0 -2107.0 -1945.0 -1784.0 -1617.0 -1423.0 -1219.0 
-1056.0 -920.0 -756.0 -572.0 -413.0 -283.0 -172.0 
-77.0 -1.0 68.0 115.0 134.0 163.0 218.0 
252.0 235.0 211.0 220.0 208.0 139.0 66.0 
20.0 -39.0 -131.0 -252.0 -367.0 -449.0 -510.0 
-606.0 -756.0 -917.0 -1044.0 -1155.0 -1282.0 -1427.0 
-1568.0 -1732.0 -1919.0 -2104.0 -2273.0 -2442.0 -2643.0 
-2850.0 -2997.0 -3099.0 -3236.0 -3393.0 -3522.0 -3600.0 
-3647.0 -3688.0 -3748.0 -3784.0 -3767.0 -3761.0 -3784.0 
-3774.0 -3702.0 -3611.0 -3541.0 -3476.0 -3380.0 -3275.0 
-3210.0 -3136.0 -3019.0 -2878.0 -2726.0 -2571.0 -2415.0 
-2243.0 -2064.0 -1898.0 -1726.0 -1538.0 -1321.0 -1103.0 
-926.0 -758.0 -566.0 -352.0 -145.0 28.0 172.0 
312.0 461.0 586.0 668.0 751.0 840.0 924.0 
999.0 1027.0 1005.0 962.0 929.0 889.0 826.0 
745.0 646.0 540.0 442.0 351.0 244.0 114.0 
23.0 -54.0 -202.0 -393.0 -529.0 -618.0 -733.0 
-893.0 -1084.0 -1274.0 -1392.0 -1479.0 -1617.0 -1767.0 
-1888.0 -2015.0 -2168.0 -2291.0 -2385.0 -2502.0 -2621.0 
-2695.0 -2723.0 -2759.0 -2817.0 -2863.0 -2842.0 -2766.0 
-2702.0 -2689.0 -2642.0 -2504.0 -2364.0 -2267.0 -2178.0 
-2044.0 -1870.0 -1730.0 -1659.0 -1578.0 -1430.0 -1268.0 
-1151.0 -1087.0 -991.0 -869.0 -808.0 -763.0 -655.0 
-572.0 -568.0 -588.0 -613.0 -612.0 -596.0 -605.0 
-639.0 -675.0 -708.0 -747.0 -777.0 -784.0 -780.0 
-798.0 -818.0 -801.0 -785.0 -778.0 -744.0 -699.0 
-671.0 -650.0 -593.0 -537.0 -517.0 -530.0 -543.0 
-526.0 -495.0 -487.0 -484.0 -487.0 -512.0 -517.0 
-520.0 -548.0 -580.0 -629.0 -668.0 -671.0 -691.0 
-766.0 -846.0 -904.0 -965.0 -1023.0 -1098.0 -1192.0 
-1268.0 -1343.0 -1414.0 -1466.0 -1554.0 -1680.0 -1786.0 
-1851.0 -1903.0 -1980.0 -2076.0 -2146.0 -2165.0 -2173.0 
-2169.0 -2171.0 -2176.0 -2140.0 -2083.0 -2057.0 -2018.0 
-1956.0 -1914.0 -1913.0 -1920.0 -1907.0 -1837.0 -1754.0 
-1698.0 -1652.0 -1600.0 -1523.0 -1426.0 -1342.0 -1275.0 
-1204.0 -1099.0 -963.0 -826.0 -739.0 -672.0 -590.0 
-505.0 -415.0 -342.0 -300.0 -262.0 -236.0 -244.0 
-281.0 -340.0 -399.0 -445.0 -507.0 -605.0 -713.0 
-815.0 -882.0 -912.0 -957.0 -1033.0 -1087.0 -1108.0 
-1102.0 -1106.0 -1132.0 -1124.0 -1121.0 -1132.0 -1115.0 
-1086.0 -1046.0 -1012.0 -1010.0 -1004.0 -996.0 -993.0 
-991.0 -978.0 -958.0 -933.0 -928.0 -932.0 -892.0 
-840.0 -840.0 -857.0 -834.0 -787.0 -770.0 -815.0 
-903.0 -941.0 -928.0 -937.0 -974.0 -1021.0 -1054.0 
-1096.0 -1141.0 -1166.0 -1233.0 -1319.0 -1372.0 -1402.0 
-1461.0 -1561.0 -1637.0 -1700.0 -1768.0 -1837.0 -1917.0 
-1991.0 -2036.0 -2054.0 -2085.0 -2146.0 -2177.0 -2165.0 
-2184.0 -2224.0 -2246.0 -2224.0 -2178.0 -2130.0 -2118.0 
-2110.0 -2040.0 -1954.0 -1904.0 -1858.0 -1788.0 -1719.0 
-1668.0 -1603.0 -1530.0 -1461.0 -1422.0 -1397.0 -1383.0 
-1378.0 -1347.0 -1286.0 -1248.0 -1231.0 -1217.0 -1197.0 
-1163.0 -1111.0 -1063.0 -1047.0 -1023.0 -979.0 -896.0 
-785.0 -717.0 -672.0 -610.0 -537.0 -465.0 -390.0 
-333.0 -286.0 -248.0 -230.0 -225.0 -244.0 -256.0 
-263.0 -318.0 -420.0 -481.0 -509.0 -586.0 -705.0 
-786.0 -807.0 -841.0 -921.0 -1014.0 -1095.0 -1149.0 
-1204.0 -1290.0 -1380.0 -1446.0 -1484.0 -1545.0 -1625.0 
-1683.0 -1741.0 -1795.0 -1841.0 -1915.0 -2021.0 -2098.0 
-2101.0 -2083.0 -2096.0 -2132.0 -2159.0 -2159.0 -2126.0 
-2106.0 -2132.0 -2133.0 -2067.0 -2005.0 -2001.0 -2035.0 
-2029.0 -1969.0 -1908.0 -1872.0 -1817.0 -1748.0 -1694.0 
-1638.0 -1575.0 -1503.0 -1445.0 -1410.0 -1352.0 -1272.0 
-1201.0 -1123.0 -1041.0 -966.0 -884.0 -807.0 -745.0 
-682.0 -630.0 -594.0 -573.0 -553.0 -513.0 -446.0 
-390.0 -372.0 -367.0 -325.0 -259.0 -226.0 -235.0 
-247.0 -229.0 -201.0 -204.0 -229.0 -242.0 -276.0 
-336.0 -398.0 -413.0 -412.0 -433.0 -465.0 -465.0 
-445.0 -473.0 -548.0 -610.0 -639.0 -671.0 -738.0 
-809.0 -851.0 -870.0 -889.0 -928.0 -959.0 -958.0 
-957.0 -967.0 -953.0 -918.0 -892.0 -876.0 -890.0 
-946.0 -1019.0 -1092.0 -1158.0 -1201.0 -1277.0 -1404.0 
-1532.0 -1618.0 -1682.0 -1758.0 -1834.0 -1917.0 -2000.0 
-2032.0 -2043.0 -2072.0 -2112.0 -2134.0 -2112.0 -2090.0 
-2096.0 -2110.0 -2102.0 -2055.0 -1991.0 -1933.0 -1884.0 
-1806.0 -1725.0 -1665.0 -1608.0 -1555.0 -1499.0 -1418.0 
-1317.0 -1252.0 -1228.0 -1194.0 -1139.0 -1047.0 -956.0 
-919.0 -903.0 -853.0 -781.0 -735.0 -709.0 -679.0 
-618.0 -526.0 -439.0 -374.0 -318.0 -248.0 -183.0 
-130.0 -81.0 -27.0 49.0 153.0 241.0 300.0 
367.0 402.0 427.0 496.0 555.0 590.0 631.0 
672.0 708.0 736.0 728.0 684.0 657.0 660.0 
618.0 514.0 424.0 370.0 299.0 176.0 39.0 
-100.0 -257.0 -409.0 -567.0 -757.0 -943.0 -1100.0 
-1269.0 -1458.0 -1637.0 -1800.0 -1946.0 -2078.0 -2196.0 
-2311.0 -2431.0 -2541.0 -2634.0 -2712.0 -2739.0 -2760.0 
-2851.0 -2926.0 -2908.0 -2869.0 -2862.0 -2882.0 -2878.0 
-2826.0 -2758.0 -2721.0 -2740.0 -2740.0 -2683.0 -2609.0 
-2561.0 -2532.0 -2463.0 -2351.0 -2279.0 -2247.0 -2188.0 
-2105.0 -2032.0 -1955.0 