742.0 810.0 795.0 722.0 754.0 839.0 816.0 
752.0 726.0 716.0 734.0 721.0 649.0 642.0 
696.0 671.0 616.0 652.0 678.0 643.0 604.0 
586.0 631.0 653.0 595.0 561.0 592.0 650.0 
679.0 652.0 598.0 597.0 668.0 717.0 655.0 
613.0 691.0 727.0 629.0 619.0 719.0 667.0 
556.0 621.0 694.0 619.0 568.0 586.0 572.0 
555.0 572.0 577.0 567.0 590.0 627.0 630.0 
648.0 685.0 718.0 751.0 737.0 735.0 782.0 
796.0 770.0 754.0 752.0 776.0 751.0 648.0 
670.0 760.0 649.0 555.0 673.0 621.0 454.0 
560.0 622.0 428.0 412.0 531.0 477.0 419.0 
463.0 483.0 524.0 559.0 580.0 598.0 514.0 
502.0 712.0 752.0 600.0 701.0 819.0 716.0 
680.0 830.0 950.0 906.0 822.0 834.0 923.0 
968.0 930.0 959.0 1020.0 935.0 865.0 1003.0 
1072.0 963.0 949.0 960.0 916.0 994.0 1029.0 
935.0 958.0 1024.0 973.0 956.0 984.0 981.0 
963.0 968.0 1039.0 1041.0 882.0 858.0 957.0 
872.0 819.0 878.0 755.0 627.0 694.0 722.0 
661.0 595.0 540.0 604.0 620.0 441.0 439.0 
603.0 467.0 315.0 519.0 554.0 333.0 417.0 
548.0 433.0 458.0 509.0 383.0 444.0 565.0 
437.0 452.0 568.0 484.0 509.0 609.0 553.0 
556.0 632.0 636.0 662.0 670.0 606.0 654.0 
716.0 647.0 666.0 728.0 665.0 675.0 771.0 
771.0 737.0 737.0 728.0 724.0 760.0 787.0 
778.0 814.0 873.0 844.0 831.0 883.0 880.0 
872.0 929.0 971.0 945.0 929.0 1013.0 1049.0 
903.0 861.0 1031.0 989.0 764.0 854.0 1078.0 
968.0 780.0 871.0 944.0 782.0 717.0 913.0 
1009.0 763.0 647.0 877.0 937.0 737.0 741.0 
882.0 809.0 692.0 756.0 818.0 793.0 778.0 
800.0 819.0 796.0 773.0 803.0 843.0 822.0 
778.0 788.0 828.0 808.0 754.0 790.0 851.0 
781.0 681.0 736.0 820.0 755.0 672.0 725.0 
773.0 697.0 637.0 734.0 827.0 763.0 717.0 
758.0 783.0 755.0 780.0 873.0 895.0 840.0 
834.0 908.0 935.0 888.0 903.0 964.0 953.0 
910.0 926.0 951.0 913.0 890.0 963.0 1010.0 
921.0 859.0 938.0 986.0 942.0 959.0 977.0 
913.0 903.0 935.0 940.0 930.0 880.0 844.0 
862.0 837.0 798.0 817.0 824.0 782.0 734.0 
713.0 710.0 683.0 658.0 672.0 674.0 644.0 
630.0 643.0 643.0 646.0 685.0 696.0 663.0 
649.0 661.0 691.0 729.0 724.0 705.0 726.0 
734.0 722.0 758.0 783.0 739.0 720.0 739.0 
734.0 734.0 752.0 744.0 732.0 722.0 707.0 
712.0 731.0 743.0 756.0 751.0 730.0 740.0 
747.0 740.0 774.0 817.0 806.0 782.0 788.0 
807.0 809.0 789.0 796.0 812.0 767.0 717.0 
716.0 725.0 712.0 694.0 679.0 650.0 642.0 
655.0 661.0 661.0 655.0 645.0 641.0 641.0 
653.0 680.0 715.0 745.0 751.0 749.0 775.0 
798.0 821.0 857.0 844.0 848.0 921.0 902.0 
820.0 901.0 995.0 887.0 842.0 925.0 862.0 
826.0 882.0 806.0 801.0 817.0 690.0 771.0 
839.0 643.0 703.0 812.0 590.0 602.0 760.0 
621.0 609.0 673.0 604.0 668.0 584.0 483.0 
723.0 714.0 500.0 705.0 803.0 608.0 702.0 
792.0 735.0 823.0 787.0 710.0 827.0 788.0 
710.0 844.0 821.0 686.0 738.0 728.0 636.0 
656.0 650.0 605.0 576.0 547.0 528.0 470.0 
421.0 436.0 372.0 264.0 299.0 316.0 201.0 
215.0 324.0 263.0 147.0 209.0 339.0 312.0 
253.0 344.0 388.0 351.0 418.0 465.0 416.0 
439.0 521.0 516.0 478.0 496.0 552.0 590.0 
589.0 609.0 607.0 581.0 639.0 670.0 601.0 
584.0 638.0 638.0 560.0 514.0 549.0 566.0 
467.0 357.0 369.0 426.0 400.0 324.0 321.0 
423.0 428.0 265.0 226.0 373.0 374.0 272.0 
339.0 410.0 362.0 331.0 342.0 437.0 537.0 
458.0 400.0 504.0 531.0 527.0 597.0 585.0 
572.0 625.0 603.0 593.0 638.0 629.0 645.0 
655.0 600.0 611.0 640.0 604.0 598.0 586.0 
568.0 653.0 656.0 545.0 577.0 628.0 571.0 
549.0 541.0 533.0 515.0 457.0 507.0 589.0 
512.0 448.0 486.0 503.0 541.0 521.0 446.0 
469.0 481.0 450.0 472.0 466.0 435.0 447.0 
482.0 471.0 417.0 430.0 519.0 559.0 479.0 
430.0 509.0 525.0 434.0 432.0 536.0 488.0 
345.0 401.0 498.0 382.0 299.0 403.0 424.0 
268.0 232.0 339.0 306.0 217.0 242.0 265.0 
241.0 214.0 206.0 235.0 256.0 239.0 214.0 
220.0 231.0 207.0 185.0 220.0 253.0 193.0 
136.0 174.0 197.0 174.0 177.0 168.0 114.0 
111.0 192.0 212.0 138.0 148.0 276.0 273.0 
186.0 257.0 382.0 380.0 338.0 389.0 456.0 
461.0 473.0 536.0 570.0 540.0 562.0 633.0 
613.0 555.0 584.0 617.0 539.0 480.0 493.0 
494.0 466.0 402.0 404.0 467.0 448.0 372.0 
337.0 381.0 433.0 339.0 232.0 324.0 362.0 
203.0 181.0 279.0 208.0 131.0 139.0 95.0 
57.0 51.0 22.0 25.0 -17.0 -82.0 -17.0 
-6.0 -77.0 14.0 68.0 -53.0 -49.0 20.0 
-19.0 -23.0 23.0 32.0 30.0 23.0 10.0 
23.0 27.0 26.0 42.0 42.0 48.0 75.0 
63.0 66.0 100.0 33.0 -6.0 91.0 43.0 
-60.0 59.0 99.0 -29.0 0.0 64.0 45.0 
80.0 100.0 95.0 146.0 165.0 167.0 265.0 
325.0 304.0 378.0 405.0 342.0 425.0 461.0 
405.0 494.0 506.0 425.0 449.0 421.0 376.0 
429.0 407.0 316.0 315.0 291.0 190.0 213.0 
211.0 115.0 149.0 129.0 30.0 62.0 80.0 
35.0 72.0 59.0 5.0 101.0 136.0 31.0 
100.0 233.0 148.0 82.0 146.0 178.0 180.0 
175.0 179.0 198.0 148.0 128.0 196.0 206.0 
155.0 143.0 122.0 118.0 155.0 127.0 100.0 
130.0 116.0 52.0 19.0 19.0 -1.0 -44.0 
-47.0 -52.0 -133.0 -178.0 -148.0 -126.0 -129.0 
-210.0 -253.0 -186.0 -245.0 -336.0 -257.0 -234.0 
-288.0 -268.0 -325.0 -324.0 -182.0 -270.0 -345.0 
-200.0 -267.0 -362.0 -209.0 -194.0 -219.0 -125.0 
-181.0 -172.0 -25.0 -105.0 -174.0 -34.0 -14.0 
-81.0 -45.0 4.0 30.0 19.0 6.0 117.0 
174.0 41.0 12.0 154.0 165.0 72.0 127.0 
225.0 183.0 145.0 248.0 306.0 199.0 171.0 
312.0 297.0 160.0 213.0 310.0 223.0 119.0 
156.0 207.0 162.0 79.0 53.0 96.0 54.0 
-121.0 -108.0 58.0 -39.0 -219.0 -158.0 -82.0 
-131.0 -167.0 -166.0 -142.0 -115.0 -128.0 -103.0 
-88.0 -171.0 -165.0 -120.0 -190.0 -181.0 -139.0 
-244.0 -233.0 -133.0 -220.0 -205.0 -104.0 -230.0 
-292.0 -155.0 -185.0 -286.0 -224.0 -212.0 -263.0 
-235.0 -233.0 -239.0 -203.0 -217.0 -258.0 -265.0 
-282.0 -325.0 -342.0 -321.0 -336.0 -429.0 -428.0 
-339.0 -443.0 -546.0 -396.0 -397.0 -569.0 -460.0 
-343.0 -493.0 -515.0 -345.0 -337.0 -415.0 -360.0 
-329.0 -333.0 -297.0 -364.0 -394.0 -254.0 -210.0 
-308.0 -254.0 -125.0 -200.0 -229.0 -117.0 -140.0 
-168.0 -119.0 -145.0 -153.0 -118.0 -157.0 -193.0 
-195.0 -205.0 -201.0 -186.0 -205.0 -245.0 -237.0 
-242.0 -308.0 -307.0 -236.0 -247.0 -345.0 -363.0 
-312.0 -316.0 -353.0 -372.0 -364.0 -373.0 -415.0 
-408.0 -334.0 -363.0 -497.0 -383.0 -174.0 -353.0 
-541.0 -283.0 -134.0 -379.0 -430.0 -212.0 -241.0 
-447.0 -362.0 -104.0 -197.0 -469.0 -335.0 -28.0 
-161.0 -390.0 -241.0 -153.0 -329.0 -339.0 -177.0 
-239.0 -430.0 -338.0 -151.0 -308.0 -555.0 -437.0 
-229.0 -378.0 -588.0 -425.0 -270.0 -534.0 -678.0 
-364.0 -275.0 -631.0 -687.0 -386.0 -396.0 -622.0 
-599.0 -461.0 -489.0 -616.0 -644.0 -574.0 -564.0 
-657.0 -655.0 -517.0 -562.0 -715.0 -616.0 -505.0 
-641.0 -669.0 -546.0 -587.0 -639.0 -529.0 -504.0 
-580.0 -527.0 -448.0 -469.0 -455.0 -456.0 -487.0 
-419.0 -376.0 -448.0 -446.0 -377.0 -407.0 -453.0 
-382.0 -343.0 -414.0 -414.0 -334.0 -371.0 -463.0 
-427.0 -364.0 -437.0 -493.0 -432.0 -421.0 -482.0 
-507.0 -490.0 -472.0 -517.0 -592.0 -563.0 -495.0 
-546.0 -602.0 -590.0 -653.0 -739.0 -667.0 -557.0 
-639.0 -800.0 -789.0 -647.0 -612.0 -740.0 -799.0 
-671.0 -598.0 -694.0 -696.0 -554.0 -529.0 -616.0 
-608.0 -481.0 -407.0 -511.0 -557.0 -354.0 -214.0 
-350.0 -456.0 -341.0 -232.0 -289.0 -369.0 -333.0 
-322.0 -395.0 -395.0 -409.0 -506.0 -452.0 -405.0 
-618.0 -647.0 -401.0 -474.0 -725.0 -596.0 -414.0 
-546.0 -676.0 -611.0 -516.0 -540.0 -648.0 -642.0 
-556.0 -658.0 -845.0 -775.0 -628.0 -760.0 -878.0 
-752.0 -733.0 -891.0 -877.0 -756.0 -817.0 -908.0 
-842.0 -782.0 -812.0 -854.0 -858.0 -815.0 -761.0 
-784.0 -875.0 -874.0 -758.0 -701.0 -726.0 -713.0 
-678.0 -682.0 -700.0 -628.0 -479.0 -466.0 -607.0 
-620.0 -441.0 -336.0 -420.0 -497.0 -446.0 -365.0 
-361.0 -362.0 -296.0 -268.0 -303.0 -283.0 -259.0 
-308.0 -285.0 -169.0 -159.0 -239.0 -263.0 -240.0 
-252.0 -271.0 -260.0 -269.0 -330.0 -407.0 -413.0 
-364.0 -381.0 -473.0 -490.0 -438.0 -472.0 -587.0 
-633.0 -576.0 -550.0 -618.0 -654.0 -631.0 -646.0 
-699.0 -694.0 -673.0 -712.0 -752.0 -747.0 -747.0 
-802.0 -864.0 -859.0 -828.0 -878.0 -959.0 -945.0 
-915.0 -932.0 -916.0 -898.0 -915.0 -890.0 -835.0 
-838.0 -831.0 -768.0 -739.0 -761.0 -747.0 -685.0 
-649.0 -647.0 -632.0 -592.0 -566.0 -573.0 -590.0 
-590.0 -562.0 -536.0 -539.0 -561.0 -569.0 -548.0 
-539.0 -568.0 -560.0 -508.0 -515.0 -577.0 -570.0 
-519.0 -532.0 -596.0 -612.0 -586.0 -599.0 -639.0 
-636.0 -598.0 -618.0 -667.0 -649.0 -619.0 -643.0 
-654.0 -627.0 -630.0 -652.0 -615.0 -557.0 -559.0 
-567.0 -504.0 -459.0 -492.0 -477.0 -380.0 -320.0 
-326.0 -316.0 -271.0 -246.0 -240.0 -220.0 -236.0 
-266.0 -225.0 -181.0 -207.0 -253.0 -257.0 -253.0 
-287.0 -330.0 -319.0 -304.0 -387.0 -477.0 -456.0 
-431.0 -492.0 -570.0 -615.0 -640.0 -669.0 -716.0 
-780.0 -832.0 -839.0 -868.0 -969.0 -1031.0 -972.0 
-932.0 -1013.0 -1076.0 -1002.0 -951.0 -1052.0 -1077.0 
-929.0 -856.0 -928.0 -913.0 -806.0 -817.0 -863.0 
-774.0 -670.0 -692.0 -752.0 -718.0 -621.0 -568.0 
-588.0 -578.0 -509.0 -506.0 -577.0 -581.0 -526.0 
-532.0 -556.0 -549.0 -588.0 -635.0 -617.0 -597.0 
-606.0 -597.0 -622.0 -686.0 -695.0 -632.0 -599.0 
-654.0 -694.0 -655.0 -621.0 -658.0 -686.0 -632.0 
-596.0 -639.0 -656.0 -574.0 -513.0 -559.0 -571.0 
-496.0 -447.0 -482.0 -503.0 -438.0 -373.0 -397.0 
-438.0 -395.0 -363.0 -424.0 -445.0 -387.0 -395.0 
-460.0 -464.0 -457.0 -498.0 -550.0 -575.0 -549.0 
-547.0 -619.0 -663.0 -637.0 -675.0 -753.0 -733.0 
-726.0 -837.0 -893.0 -794.0 -746.0 -868.0 -950.0 
-866.0 -810.0 -940.0 -1021.0 -873.0 -818.0 -1001.0 
-1037.0 -849.0 -863.0 -1053.0 -975.0 -759.0 -864.0 
-1085.0 -950.0 -736.0 -891.0 -1082.0 -924.0 -801.0 
-994.0 -1070.0 -894.0 -888.0 -1086.0 -1093.0 -908.0 
-889.0 -1056.0 -1094.0 -920.0 -868.0 -1012.0 -986.0 
-825.0 -881.0 -984.0 -830.0 -696.0 -801.0 -852.0 
-726.0 -668.0 -711.0 -653.0 -532.0 -538.0 -608.0 
-578.0 -469.0 -456.0 -543.0 -531.0 -446.0 -481.0 
-564.0 -523.0 -449.0 -495.0 -558.0 -509.0 -470.0 
-552.0 -632.0 -628.0 -651.0 -749.0 -801.0 -793.0 
-876.0 -1003.0 -999.0 -937.0 -991.0 -1085.0 -1078.0 
-1034.0 -1071.0 -1114.0 -1058.0 -1028.0 -1110.0 -1143.0 
-1039.0 -971.0 -1054.0 -1134.0 -1068.0 -961.0 -968.0 
-1066.0 -1100.0 -1057.0 -1026.0 -1039.0 -1068.0 -1099.0 
-1155.0 -1194.0 -1173.0 -1147.0 -1197.0 -1296.0 -1315.0 
-1226.0 -1213.0 -1343.0 -1401.0 -1337.0 -1324.0 -1355.0 
-1370.0 -1421.0 -1429.0 -1306.0 -1308.0 -1425.0 -1342.0 
-1191.0 -1217.0 -1276.0 -1199.0 -1098.0 -1107.0 -1146.0 
-1099.0 -988.0 -995.0 -1106.0 -1060.0 -899.0 -916.0 
-1008.0 -910.0 -824.0 -927.0 -920.0 -774.0 -816.0 
-918.0 -794.0 -700.0 -806.0 -848.0 -713.0 -646.0 
-752.0 -784.0 -644.0 -606.0 -741.0 -750.0 -619.0 
-630.0 -718.0 -674.0 -612.0 -679.0 -762.0 -722.0 
-671.0 -758.0 -878.0 -826.0 -761.0 -877.0 -951.0 
-872.0 -863.0 -978.0 -1056.0 -1032.0 -1011.0 -1127.0 
-1261.0 -1233.0 -1218.0 -1355.0 -1445.0 -1395.0 -1395.0 
-1497.0 -1535.0 -1516.0 -1563.0 -1648.0 -1633.0 -1540.0 
-1564.0 -1657.0 -1633.0 -1515.0 -1476.0 -1531.0 -1530.0 
-1417.0 -1368.0 -1451.0 -1418.0 -1289.0 -1318.0 -1374.0 
-1263.0 -1175.0 -1226.0 -1275.0 -1238.0 -1135.0 -1115.0 
-1224.0 -1211.0 -1036.0 -1026.0 -1194.0 -1176.0 -1006.0 
-1026.0 -1151.0 -1139.0 -1090.0 -1147.0 -1176.0 -1083.0 
-1044.0 -1155.0 -1208.0 -1090.0 -1053.0 -1147.0 -1179.0 
-1151.0 -1157.0 -1155.0 -1145.0 -1210.0 -1294.0 -1289.0 
-1234.0 -1245.0 -1337.0 -1366.0 -1293.0 -1252.0 -1280.0 
-1290.0 -1267.0 -1264.0 -1264.0 -1234.0 -1178.0 -1156.0 
-1197.0 -1211.0 -1175.0 -1153.0 -1145.0 -1122.0 -1085.0 
-1033.0 -1018.0 -1042.0 -987.0 -902.0 -914.0 -925.0 
-854.0 -818.0 -861.0 -870.0 -822.0 -808.0 -829.0 
-834.0 -832.0 -865.0 -896.0 -884.0 -865.0 -914.0 
-993.0 -1021.0 -1017.0 -1060.0 -1146.0 -1189.0 -1184.0 
-1225.0 -1334.0 -1389.0 -1344.0 -1347.0 -1449.0 -1477.0 
-1412.0 -1425.0 -1532.0 -1567.0 -1480.0 -1407.0 -1488.0 
-1607.0 -1529.0 -1351.0 -1352.0 -1503.0 -1498.0 -1337.0 
-1310.0 -1423.0 -1401.0 -1284.0 -1310.0 -1362.0 -1273.0 
-1233.0 -1303.0 -1296.0 -1252.0 -1278.0 -1265.0 -1217.0 
-1260.0 -1311.0 -1252.0 -1174.0 -1207.0 -1271.0 -1263.0 
-1216.0 -1193.0 -1193.0 -1163.0 -1124.0 -1128.0 -1131.0 
-1072.0 -1041.0 -1099.0 -1078.0 -942.0 -956.0 -1088.0 
-1035.0 -896.0 -954.0 -1049.0 -969.0 -893.0 -975.0 
-1049.0 -975.0 -897.0 -963.0 -1041.0 -955.0 -890.0 
-1009.0 -1063.0 -942.0 -918.0 -1041.0 -1050.0 -970.0 
-1010.0 -1110.0 -1092.0 -1026.0 -1073.0 -1160.0 -1146.0 
-1098.0 -1123.0 -1172.0 -1157.0 -1136.0 -1178.0 -1223.0 
-1209.0 -1199.0 -1257.0 -1272.0 -1228.0 -1254.0 -1334.0 
-1329.0 -1275.0 -1306.0 -1380.0 -1378.0 -1336.0 -1367.0 
-1415.0 -1385.0 -1341.0 -1369.0 -1388.0 -1353.0 -1359.0 
-1381.0 -1331.0 -1283.0 -1295.0 -1317.0 -1288.0 -1229.0 
-1222.0 -1242.0 -1205.0 -1145.0 -1158.0 -1176.0 -1117.0 
-1052.0 -1063.0 -1085.0 -1044.0 -1015.0 -1052.0 -1065.0 
-1009.0 -984.0 -1024.0 -1051.0 -1040.0 -1045.0 -1096.0 
-1101.0 -1029.0 -1035.0 -1112.0 -1136.0 -1102.0 -1130.0 
-1212.0 -1196.0 -1104.0 -1147.0 -1271.0 -1212.0 -1081.0 
-1149.0 -1276.0 -1220.0 -1105.0 -1109.0 -1178.0 -1175.0 
-1098.0 -1097.0 -1161.0 -1112.0 -1016.0 -1062.0 -1141.0 
-1082.0 -1000.0 -1037.0 -1073.0 -1011.0 -962.0 -1003.0 
-1008.0 -936.0 -913.0 -951.0 -947.0 -902.0 -901.0 
-938.0 -943.0 -926.0 -952.0 -993.0 -1003.0 -1028.0 
-1084.0 -1116.0 -1145.0 -1216.0 -1276.0 -1250.0 -1228.0 
-1312.0 -1388.0 -1356.0 -1331.0 -1395.0 -1439.0 -1412.0 
-1370.0 -1407.0 -1502.0 -1512.0 -1456.0 -1475.0 -1542.0 
-1527.0 -1481.0 -1531.0 -1588.0 -1562.0 -1539.0 -1540.0 
-1524.0 -1552.0 -1583.0 -1529.0 -1484.0 -1503.0 -1493.0 
-1440.0 -1426.0 -1438.0 -1399.0 -1355.0 -1326.0 -1268.0 
-1213.0 -1245.0 -1267.0 -1160.0 -1067.0 -1082.0 -1051.0 
-947.0 -911.0 -918.0 -856.0 -764.0 -737.0 -733.0 
-666.0 -606.0 -611.0 -576.0 -508.0 -512.0 -541.0 
-515.0 -491.0 -525.0 -583.0 -590.0 -548.0 -588.0 
-680.0 -685.0 -642.0 -678.0 -769.0 -814.0 -793.0 
-818.0 -932.0 -971.0 -911.0 -961.0 -1094.0 -1099.0 
-1023.0 -1045.0 -1150.0 -1172.0 -1084.0 -1041.0 -1121.0 
-1192.0 -1173.0 -1142.0 -1141.0 -1155.0 -1166.0 -1154.0 
-1154.0 -1214.0 -1239.0 -1179.0 -1182.0 -1264.0 -1267.0 
-1234.0 -1267.0 -1344.0 -1398.0 -1386.0 -1366.0 -1428.0 
-1492.0 -1468.0 -1448.0 -1507.0 -1555.0 -1486.0 -1426.0 
-1488.0 -1534.0 -1451.0 -1428.0 -1509.0 -1502.0 -1427.0 
-1408.0 -1420.0 -1403.0 -1353.0 -1321.0 -1342.0 -1357.0 
-1313.0 -1267.0 -1257.0 -1257.0 -1262.0 -1243.0 -1217.0 
-1217.0 -1222.0 -1201.0 -1167.0 -1161.0 -1167.0 -1143.0 
-1103.0 -1088.0 -1040.0 -961.0 -937.0 -952.0 -940.0 
-902.0 -871.0 -852.0 -814.0 -777.0 -772.0 -751.0 
-725.0 -714.0 -676.0 -651.0 -675.0 -606.0 -549.0 
-640.0 -664.0 -590.0 -570.0 -613.0 -598.0 -563.0 
-628.0 -710.0 -678.0 -616.0 -681.0 -761.0 -738.0 
-755.0 -810.0 -758.0 -754.0 -901.0 -976.0 -914.0 
-881.0 -937.0 -970.0 -964.0 -979.0 -964.0 -911.0 
-936.0 -988.0 -947.0 -924.0 -972.0 -955.0 -900.0 
-912.0 -945.0 -936.0 -900.0 -884.0 -949.0 -983.0 
-909.0 -860.0 -909.0 -936.0 -863.0 -813.0 -891.0 
-915.0 -804.0 -792.0 -863.0 -850.0 -799.0 -800.0 
-814.0 -806.0 -823.0 -899.0 -939.0 -913.0 -941.0 
-1009.0 -1015.0 -970.0 -990.0 -1073.0 -1085.0 -1015.0 
-1030.0 -1112.0 -1076.0 -998.0 -1043.0 -1103.0 -1016.0 
-916.0 -954.0 -945.0 -863.0 -871.0 -899.0 -866.0 
-821.0 -811.0 -833.0 -850.0 -835.0 -826.0 -818.0 
-763.0 -751.0 -777.0 -728.0 -654.0 -661.0 -676.0 
-625.0 -579.0 -606.0 -663.0 -651.0 -583.0 -576.0 
-603.0 -636.0 -683.0 -684.0 -680.0 -697.0 -687.0 
-723.0 -780.0 -774.0 -750.0 -751.0 -774.0 -803.0 
-793.0 -768.0 -725.0 -743.0 -850.0 -845.0 -723.0 
-737.0 -830.0 -823.0 -775.0 -805.0 -850.0 -835.0 
-807.0 -841.0 -923.0 -942.0 -859.0 -822.0 -877.0 
-936.0 -970.0 -929.0 -857.0 -844.0 -910.0 -990.0 
-930.0 -836.0 -910.0 -973.0 -822.0 -712.0 -820.0 
-880.0 -745.0 -676.0 -762.0 -758.0 -636.0 -591.0 
-613.0 -619.0 -605.0 -617.0 -592.0 -484.0 -444.0 
-542.0 -609.0 -567.0 -511.0 -509.0 -546.0 -569.0 
-574.0 -604.0 -670.0 -690.0 -624.0 -611.0 -744.0 
-821.0 -753.0 -755.0 -851.0 -847.0 -819.0 -913.0 
-1006.0 -941.0 -865.0 -983.0 -1103.0 -982.0 -866.0 
-959.0 -1011.0 -898.0 -805.0 -814.0 -839.0 -770.0 
-669.0 -691.0 -771.0 -751.0 -637.0 -568.0 -628.0 
-690.0 -667.0 -597.0 -537.0 -550.0 -591.0 -600.0 
-609.0 -584.0 -505.0 -499.0 -585.0 -589.0 -496.0 
-494.0 -562.0 -535.0 -494.0 -524.0 -560.0 -547.0 
-479.0 -497.0 -633.0 -682.0 -612.0 -546.0 -598.0 
-727.0 -708.0 -626.0 -730.0 -792.0 -676.0 -685.0 
-865.0 -887.0 -744.0 -769.0 -915.0 -899.0 -818.0 
-888.0 -959.0 -871.0 -810.0 -873.0 -900.0 -850.0 
-831.0 -827.0 -802.0 -803.0 -815.0 -798.0 -789.0 
-781.0 -753.0 -729.0 -726.0 -721.0 -714.0 -741.0 
-759.0 -708.0 -687.0 -756.0 -758.0 -657.0 -660.0 
-785.0 -766.0 -614.0 -624.0 -734.0 -693.0 -616.0 
-643.0 -669.0 -629.0 -589.0 -609.0 -639.0 -592.0 
-538.0 -589.0 -559.0 -378.0 -375.0 -556.0 -524.0 
-336.0 -325.0 -460.0 -500.0 -397.0 -373.0 -493.0 
-512.0 -412.0 -418.0 -488.0 -473.0 -424.0 -468.0 
-520.0 -463.0 -394.0 -439.0 -532.0 -544.0 -494.0 
-504.0 -566.0 -568.0 -532.0 -552.0 -630.0 -643.0 
-568.0 -544.0 -596.0 -620.0 -571.0 -539.0 -572.0 
-574.0 -498.0 -439.0 -441.0 -473.0 -464.0 -392.0 
-356.0 -384.0 -387.0 -351.0 -342.0 -376.0 -400.0 
-364.0 -363.0 -451.0 -512.0 -470.0 -459.0 -548.0 
-633.0 -625.0 -592.0 -634.0 -717.0 -733.0 -719.0 
-747.0 -779.0 -794.0 -825.0 -856.0 -853.0 -832.0 
-846.0 -864.0 -825.0 -820.0 -895.0 -909.0 -853.0 
-854.0 -916.0 -940.0 -905.0 -902.0 -941.0 -967.0 
-968.0 -947.0 -955.0 -1026.0 -1035.0 -938.0 -881.0 
-918.0 -959.0 -900.0 -778.0 -790.0 -878.0 -771.0 
-608.0 -678.0 -759.0 -647.0 -513.0 -502.0 -548.0 
-473.0 -327.0 -367.0 -440.0 -258.0 -156.0 -252.0 
-198.0 -123.0 -174.0 -127.0 -65.0 -116.0 -90.0 
-13.0 -50.0 -96.0 -81.0 -65.0 -53.0 -49.0 
-68.0 -87.0 -105.0 -140.0 -148.0 -143.0 -183.0 
-239.0 -262.0 -259.0 -265.0 -298.0 -324.0 -327.0 
-351.0 -413.0 -437.0 -410.0 -419.0 -457.0 -471.0 
-500.0 -562.0 -579.0 -594.0 -680.0 -690.0 -635.0 
-724.0 -815.0 -760.0 -730.0 -754.0 -796.0 -842.0 
-795.0 -759.0 -840.0 -817.0 -665.0 -643.0 -704.0 
-628.0 -513.0 -514.0 -549.0 -475.0 -357.0 -329.0 
-345.0 -348.0 -326.0 -242.0 -215.0 -283.0 -248.0 
-162.0 -207.0 -228.0 -120.0 -59.0 -134.0 -199.0 
-141.0 -70.0 -126.0 -213.0 -182.0 -134.0 -204.0 
-279.0 -235.0 -172.0 -227.0 -306.0 -240.0 -164.0 
-217.0 -282.0 -265.0 -216.0 -206.0 -265.0 -312.0 
-278.0 -261.0 -326.0 -365.0 -319.0 -280.0 -313.0 
-347.0 -313.0 -273.0 -294.0 -339.0 -354.0 -317.0 
-330.0 -426.0 -419.0 -311.0 -303.0 -381.0 -395.0 
-304.0 -236.0 -258.0 -279.0 -237.0 -192.0 -227.0 
-284.0 -236.0 -182.0 -230.0 -239.0 -190.0 -199.0 
-215.0 -172.0 -176.0 -220.0 -152.0 -95.0 -172.0 
-155.0 -29.0 -60.0 -176.0 -132.0 -32.0 -89.0 
-202.0 -185.0 -109.0 -145.0 -225.0 -230.0 -196.0 
-190.0 -245.0 -273.0 -207.0 -233.0 -377.0 -355.0 
-225.0 -275.0 -361.0 -256.0 -190.0 -276.0 -263.0 
-173.0 -191.0 -191.0 -160.0 -201.0 -180.0 -118.0 
-159.0 -182.0 -125.0 -136.0 -166.0 -152.0 -144.0 
-136.0 -142.0 -148.0 -90.0 -75.0 -141.0 -109.0 
-32.0 -85.0 -138.0 -58.0 -41.0 -147.0 -153.0 
-71.0 -121.0 -225.0 -204.0 -131.0 -171.0 -276.0 
-252.0 -129.0 -161.0 -329.0 -308.0 -140.0 -173.0 
-346.0 -301.0 -149.0 -237.0 -388.0 -303.0 -196.0 
-267.0 -326.0 -224.0 -144.0 -227.0 -281.0 -197.0 
-143.0 -188.0 -226.0 -213.0 -214.0 -259.0 -258.0 
-219.0 -237.0 -284.0 -292.0 -294.0 -307.0 -303.0 
-293.0 -270.0 -233.0 -273.0 -323.0 -242.0 -209.0 
-292.0 -298.0 -264.0 -283.0 -311.0 -311.0 -229.0 
-162.0 -236.0 -280.0 -162.0 -143.0 -278.0 -224.0 
-116.0 -211.0 -246.0 -184.0 -188.0 -186.0 -173.0 
-186.0 -163.0 -163.0 -238.0 -201.0 -110.0 -216.0 
-274.0 -139.0 -177.0 -331.0 -239.0 -115.0 -241.0 
-347.0 -255.0 -207.0 -315.0 -396.0 -339.0 -242.0 
-329.0 -479.0 -394.0 -318.0 -476.0 -542.0 -412.0 
-419.0 -554.0 -540.0 -451.0 -494.0 -555.0 -526.0 
-464.0 -471.0 -529.0 -493.0 -426.0 -409.0 -397.0 
-412.0 -427.0 -405.0 -381.0 -374.0 -332.0 -267.0 
-322.0 -375.0 -254.0 -185.0 -280.0 -304.0 -203.0 
-163.0 -219.0 -257.0 -210.0 -142.0 -144.0 -204.0 
-190.0 -102.0 -62.0 -77.0 -62.0 -27.0 -23.0 
-10.0 31.0 28.0 10.0 40.0 38.0 -25.0 
-38.0 -6.0 -68.0 -155.0 -83.0 15.0 -115.0 
-251.0 -121.0 -29.0 -177.0 -212.0 -109.0 -154.0 
-204.0 -129.0 -185.0 -295.0 -134.0 -22.0 -256.0 
-324.0 -75.0 -99.0 -378.0 -348.0 -105.0 -108.0 
-345.0 -472.0 -261.0 -14.0 -218.0 -528.0 -323.0 
-58.0 -295.0 -474.0 -246.0 -177.0 -382.0 -389.0 
-238.0 -298.0 -465.0 -410.0 -272.0 -371.0 -495.0 
-402.0 -378.0 -540.0 -517.0 -336.0 -442.0 -649.0 
-513.0 -319.0 -448.0 -611.0 -517.0 -405.0 -470.0 
-529.0 -458.0 -370.0 -373.0 -383.0 -289.0 -236.0 
-272.0 -204.0 -83.0 -124.0 -181.0 -76.0 15.0 
-40.0 -74.0 49.0 163.0 64.0 -28.0 104.0 
156.0 9.0 5.0 119.0 86.0 -20.0 -84.0 
-67.0 11.0 -48.0 -140.0 -61.0 -67.0 -170.0 
-127.0 -124.0 -205.0 -166.0 -174.0 -273.0 -231.0 
-202.0 -263.0 -234.0 -246.0 -324.0 -274.0 -258.0 
-345.0 -308.0 -241.0 -300.0 -354.0 -345.0 -327.0 
-317.0 -380.0 -430.0 -365.0 -382.0 -513.0 -476.0 
-420.0 -539.0 -535.0 -468.0 -578.0 -609.0 -546.0 
-650.0 -721.0 -616.0 -602.0 -732.0 -720.0 -632.0 
-702.0 -768.0 -695.0 -645.0 -711.0 -759.0 -701.0 
-657.0 -665.0 -652.0 -645.0 -632.0 -596.0 -546.0 
-526.0 -575.0 -518.0 -353.0 -393.0 -484.0 -337.0 
-221.0 -297.0 -311.0 -210.0 -176.0 -174.0 -147.0 
-100.0 -9.0 -15.0 -91.0 13.0 130.0 60.0 
36.0 95.0 128.0 146.0 98.0 73.0 167.0 
194.0 114.0 127.0 201.0 158.0 122.0 175.0 
194.0 197.0 193.0 157.0 156.0 168.0 161.0 
178.0 189.0 171.0 159.0 151.0 150.0 140.0 
99.0 68.0 84.0 70.0 -8.0 -98.0 -125.0 
-71.0 -69.0 -181.0 -227.0 -175.0 -218.0 -305.0 
-257.0 -227.0 -326.0 -350.0 -300.0 -320.0 -362.0 
-352.0 -291.0 -255.0 -301.0 -329.0 -278.0 -245.0 
-264.0 -267.0 -238.0 -194.0 -178.0 -207.0 -167.0 
-93.0 -117.0 -161.0 -112.0 -82.0 -132.0 -147.0 
-119.0 -107.0 -115.0 -140.0 -160.0 -134.0 -81.0 
-94.0 -141.0 -111.0 -49.0 -66.0 -100.0 -51.0 
-8.0 -41.0 -66.0 -52.0 -38.0 -37.0 -68.0 
-100.0 -92.0 -107.0 -167.0 -196.0 -166.0 -127.0 
-143.0 -195.0 -166.0 -93.0 -104.0 -132.0 -90.0 
-24.0 -23.0 -53.0 -11.0 6.0 -22.0 79.0 
142.0 25.0 62.0 215.0 124.0 67.0 246.0 
248.0 127.0 177.0 251.0 231.0 189.0 225.0 
271.0 217.0 188.0 217.0 146.0 153.0 290.0 
175.0 18.0 223.0 344.0 148.0 114.0 316.0 
294.0 130.0 215.0 318.0 220.0 155.0 240.0 
272.0 132.0 93.0 232.0 191.0 38.0 104.0 
208.0 192.0 171.0 98.0 30.0 175.0 295.0 
169.0 129.0 227.0 179.0 147.0 274.0 280.0 
153.0 167.0 283.0 265.0 180.0 259.0 329.0 
227.0 209.0 310.0 278.0 183.0 221.0 296.0 
268.0 210.0 237.0 280.0 260.0 251.0 268.0 
250.0 212.0 202.0 193.0 164.0 148.0 128.0 
89.0 80.0 94.0 74.0 14.0 7.0 35.0 
-16.0 -77.0 -44.0 -15.0 -65.0 -87.0 -45.0 
-11.0 -26.0 -58.0 -49.0 5.0 33.0 36.0 
56.0 55.0 66.0 133.0 178.0 166.0 140.0 
134.0 171.0 200.0 157.0 165.0 246.0 228.0 
182.0 259.0 317.0 267.0 271.0 345.0 358.0 
326.0 317.0 348.0 393.0 397.0 373.0 368.0 
396.0 415.0 389.0 374.0 391.0 374.0 320.0 
309.0 320.0 286.0 237.0 233.0 240.0 187.0 
129.0 124.0 126.0 104.0 91.0 80.0 51.0 
40.0 85.0 135.0 119.0 93.0 122.0 137.0 
118.0 143.0 173.0 156.0 147.0 155.0 150.0 
168.0 202.0 208.0 209.0 228.0 245.0 245.0 
229.0 249.0 296.0 274.0 248.0 304.0 322.0 
265.0 277.0 354.0 364.0 301.0 287.0 322.0 
314.0 297.0 319.0 302.0 226.0 196.0 196.0 
159.0 140.0 135.0 59.0 -23.0 -21.0 -17.0 
-74.0 -122.0 -120.0 -143.0 -206.0 -234.0 -262.0 
-318.0 -314.0 -275.0 -269.0 -263.0 -266.0 -272.0 
-236.0 -187.0 -182.0 -212.0 -226.0 -188.0 -152.0 
-165.0 -166.0 -136.0 -129.0 -130.0 -113.0 -104.0 
-72.0 -12.0 -2.0 -16.0 21.0 82.0 115.0 
126.0 158.0 214.0 217.0 178.0 208.0 269.0 
276.0 277.0 283.0 257.0 234.0 209.0 191.0 
229.0 219.0 131.0 119.0 174.0 160.0 91.0 
102.0 150.0 98.0 62.0 141.0 125.0 10.0 
55.0 147.0 70.0 9.0 81.0 127.0 93.0 
89.0 136.0 150.0 111.0 93.0 130.0 145.0 
79.0 14.0 59.0 163.0 140.0 24.0 47.0 
165.0 155.0 88.0 146.0 220.0 174.0 141.0 
248.0 316.0 220.0 187.0 287.0 315.0 270.0 
266.0 258.0 225.0 233.0 251.0 220.0 153.0 
143.0 242.0 246.0 68.0 53.0 246.0 188.0 
-38.0 21.0 153.0 45.0 -66.0 -31.0 0.0 
-31.0 -145.0 -198.0 -64.0 -49.0 -220.0 -195.0 
-22.0 -73.0 -218.0 -160.0 -31.0 -9.0 -54.0 
-40.0 72.0 97.0 26.0 124.0 264.0 180.0 
141.0 305.0 319.0 214.0 288.0 371.0 318.0 
317.0 349.0 345.0 381.0 353.0 311.0 404.0 
388.0 245.0 291.0 380.0 284.0 230.0 312.0 
338.0 273.0 269.0 364.0 396.0 304.0 318.0 
464.0 435.0 292.0 384.0 527.0 382.0 246.0 
388.0 479.0 311.0 213.0 362.0 400.0 194.0 
176.0 404.0 343.0 55.0 166.0 431.0 239.0 
20.0 239.0 384.0 192.0 136.0 340.0 387.0 
202.0 180.0 389.0 447.0 290.0 262.0 391.0 
399.0 305.0 303.0 364.0 368.0 302.0 276.0 
352.0 380.0 317.0 329.0 380.0 333.0 301.0 
369.0 378.0 284.0 264.0 341.0 322.0 202.0 
165.0 222.0 211.0 121.0 97.0 129.0 96.0 
19.0 -2.0 37.0 54.0 30.0 39.0 93.0 
137.0 150.0 187.0 243.0 257.0 279.0 334.0 
357.0 392.0 483.0 507.0 445.0 453.0 527.0 
547.0 508.0 504.0 550.0 562.0 530.0 532.0 
546.0 507.0 484.0 547.0 563.0 474.0 435.0 
475.0 460.0 399.0 401.0 406.0 339.0 296.0 
329.0 321.0 263.0 246.0 267.0 278.0 261.0 
255.0 272.0 278.0 275.0 265.0 255.0 261.0 
268.0 256.0 246.0 220.0 188.0 212.0 256.0 
225.0 164.0 200.0 244.0 181.0 122.0 160.0 
214.0 165.0 110.0 203.0 246.0 71.0 45.0 
255.0 216.0 32.0 128.0 234.0 174.0 156.0 
169.0 226.0 269.0 168.0 209.0 347.0 244.0 
214.0 318.0 241.0 236.0 305.0 193.0 214.0 
313.0 184.0 156.0 261.0 186.0 145.0 201.0 
172.0 185.0 174.0 129.0 212.0 162.0 46.0 
175.0 197.0 55.0 129.0 184.0 126.0 188.0 
179.0 146.0 268.0 233.0 134.0 277.0 296.0 
186.0 301.0 335.0 239.0 331.0 381.0 329.0 
427.0 456.0 383.0 483.0 499.0 358.0 461.0 
607.0 443.0 360.0 537.0 546.0 360.0 359.0 
518.0 469.0 262.0 310.0 520.0 408.0 168.0 
301.0 463.0 231.0 100.0 290.0 323.0 191.0 
182.0 212.0 157.0 148.0 171.0 97.0 92.0 
215.0 232.0 106.0 58.0 140.0 163.0 77.0 
39.0 56.0 31.0 -13.0 -12.0 -2.0 -26.0 
-29.0 -16.0 -23.0 15.0 46.0 -26.0 -47.0 
87.0 169.0 130.0 140.0 240.0 294.0 293.0 
345.0 428.0 433.0 411.0 488.0 603.0 598.0 
539.0 605.0 733.0 717.0 645.0 710.0 816.0 
802.0 718.0 724.0 811.0 800.0 683.0 683.0 
799.0 771.0 652.0 612.0 653.0 697.0 597.0 
453.0 459.0 510.0 481.0 411.0 328.0 285.0 
330.0 353.0 295.0 251.0 227.0 196.0 215.0 
211.0 138.0 104.0 129.0 152.0 143.0 101.0 
94.0 130.0 128.0 135.0 176.0 128.0 89.0 
132.0 140.0 110.0 121.0 125.0 70.0 115.0 
192.0 84.0 18.0 85.0 92.0 83.0 82.0 
58.0 46.0 69.0 117.0 110.0 90.0 117.0 
135.0 132.0 162.0 217.0 198.0 200.0 276.0 
269.0 270.0 371.0 371.0 268.0 344.0 534.0 
491.0 325.0 389.0 562.0 513.0 360.0 431.0 
568.0 467.0 350.0 414.0 470.0 410.0 377.0 
375.0 330.0 360.0 445.0 419.0 356.0 395.0 
446.0 422.0 414.0 479.0 514.0 496.0 522.0 
576.0 570.0 556.0 594.0 649.0 683.0 692.0 
679.0 674.0 711.0 719.0 673.0 674.0 708.0 
665.0 605.0 632.0 636.0 557.0 521.0 553.0 
542.0 485.0 460.0 458.0 461.0 446.0 394.0 
350.0 331.0 332.0 332.0 316.0 314.0 315.0 
294.0 291.0 336.0 357.0 329.0 322.0 318.0 
314.0 322.0 309.0 284.0 312.0 358.0 327.0 
318.0 398.0 422.0 391.0 444.0 505.0 461.0 
436.0 502.0 526.0 482.0 464.0 484.0 485.0 
470.0 485.0 534.0 533.0 471.0 455.0 521.0 
556.0 496.0 468.0 519.0 531.0 496.0 526.0 
554.0 484.0 447.0 498.0 494.0 424.0 366.0 
364.0 380.0 321.0 252.0 284.0 305.0 269.0 
286.0 306.0 284.0 283.0 329.0 401.0 435.0 
399.0 395.0 506.0 605.0 587.0 581.0 679.0 
800.0 826.0 836.0 917.0 961.0 911.0 927.0 
1046.0 1078.0 1005.0 978.0 1057.0 1092.0 1005.0 
952.0 954.0 929.0 868.0 805.0 770.0 760.0 
694.0 582.0 517.0 485.0 463.0 435.0 340.0 
268.0 275.0 252.0 199.0 180.0 180.0 176.0 
155.0 119.0 144.0 194.0 150.0 96.0 137.0 
205.0 176.0 84.0 92.0 204.0 205.0 94.0 
91.0 165.0 156.0 138.0 183.0 205.0 191.0 
241.0 250.0 144.0 164.0 336.0 322.0 127.0 
95.0 235.0 299.0 216.0 152.0 249.0 328.0 
229.0 205.0 384.0 468.0 367.0 333.0 462.0 
573.0 485.0 373.0 489.0 605.0 459.0 363.0 
541.0 624.0 453.0 367.0 509.0 618.0 511.0 
384.0 473.0 645.0 593.0 424.0 500.0 681.0 
644.0 525.0 561.0 667.0 640.0 563.0 624.0 
696.0 610.0 538.0 616.0 645.0 615.0 660.0 
604.0 468.0 547.0 637.0 479.0 405.0 565.0 
562.0 356.0 354.0 519.0 498.0 296.0 249.0 
430.0 484.0 292.0 203.0 343.0 398.0 270.0 
228.0 321.0 327.0 213.0 182.0 284.0 333.0 
229.0 151.0 224.0 258.0 174.0 171.0 241.0 
193.0 110.0 126.0 151.0 136.0 130.0 121.0 
67.0 45.0 131.0 179.0 101.0 63.0 149.0 
215.0 199.0 197.0 225.0 276.0 328.0 299.0 
272.0 367.0 414.0 326.0 327.0 435.0 448.0 
383.0 395.0 478.0 493.0 420.0 411.0 513.0 
531.0 410.0 363.0 461.0 524.0 442.0 360.0 
436.0 527.0 464.0 396.0 471.0 519.0 427.0 
382.0 477.0 547.0 462.0 381.0 478.0 565.0 
442.0 323.0 433.0 538.0 442.0 359.0 434.0 
488.0 418.0 407.0 514.0 519.0 418.0 428.0 
520.0 524.0 474.0 455.0 479.0 515.0 503.0 
447.0 453.0 558.0 605.0 501.0 416.0 474.0 
517.0 420.0 354.0 418.0 457.0 381.0 329.0 
424.0 506.0 395.0 272.0 347.0 440.0 337.0 
215.0 271.0 371.0 346.0 260.0 255.0 329.0 
332.0 263.0 276.0 321.0 261.0 167.0 174.0 
246.0 247.0 178.0 137.0 134.0 157.0 171.0 
126.0 77.0 70.0 88.0 92.0 84.0 100.0 
56.0 -20.0 27.0 120.0 67.0 -40.0 24.0 
173.0 103.0 -68.0 40.0 275.0 234.0 44.0 
43.0 186.0 283.0 280.0 187.0 185.0 290.0 
283.0 210.0 265.0 331.0 229.0 127.0 226.0 
379.0 344.0 199.0 219.0 377.0 433.0 363.0 
317.0 366.0 444.0 453.0 401.0 391.0 452.0 
518.0 534.0 543.0 570.0 516.0 466.0 547.0 
594.0 523.0 486.0 480.0 428.0 415.0 455.0 
461.0 421.0 352.0 331.0 380.0 360.0 277.0 
277.0 322.0 302.0 274.0 301.0 339.0 359.0 
370.0 385.0 414.0 422.0 404.0 425.0 461.0 
448.0 411.0 408.0 448.0 494.0 494.0 468.0 
461.0 475.0 515.0 539.0 477.0 425.0 480.0 
538.0 490.0 398.0 370.0 382.0 354.0 310.0 
304.0 299.0 251.0 212.0 216.0 223.0 212.0 
191.0 174.0 181.0 190.0 159.0 111.0 144.0 
211.0 176.0 117.0 154.0 205.0 183.0 166.0 
199.0 253.0 303.0 312.0 313.0 371.0 427.0 
424.0 438.0 524.0 587.0 553.0 544.0 617.0 
633.0 594.0 633.0 703.0 695.0 633.0 641.0 
710.0 715.0 649.0 649.0 693.0 652.0 577.0 
578.0 584.0 537.0 517.0 565.0 594.0 535.0 
490.0 551.0 587.0 521.0 514.0 585.0 566.0 
512.0 545.0 560.0 515.0 512.0 555.0 588.0 
583.0 568.0 576.0 595.0 595.0 597.0 623.0 
631.0 615.0 634.0 663.0 630.0 584.0 608.0 
653.0 642.0 610.0 645.0 714.0 688.0 604.0 
627.0 731.0 728.0 588.0 523.0 626.0 677.0 
572.0 508.0 540.0 541.0 501.0 480.0 474.0 
485.0 468.0 424.0 438.0 484.0 516.0 535.0 
526.0 510.0 542.0 613.0 630.0 614.0 670.0 
726.0 693.0 682.0 765.0 817.0 763.0 744.0 
805.0 818.0 767.0 775.0 811.0 789.0 783.0 
815.0 805.0 743.0 721.0 755.0 725.0 610.0 
537.0 548.0 526.0 454.0 425.0 413.0 394.0 
398.0 412.0 429.0 455.0 443.0 427.0 523.0 
624.0 579.0 547.0 653.0 736.0 722.0 729.0 
774.0 800.0 826.0 856.0 863.0 830.0 844.0 
941.0 974.0 907.0 899.0 946.0 903.0 854.0 
919.0 953.0 860.0 801.0 843.0 853.0 819.0 
780.0 734.0 716.0 720.0 707.0 677.0 662.0 
660.0 643.0 608.0 573.0 551.0 524.0 489.0 
477.0 480.0 457.0 415.0 362.0 328.0 335.0 
312.0 232.0 169.0 185.0 216.0 160.0 81.0 
68.0 83.0 92.0 103.0 69.0 17.0 49.0 
84.0 72.0 117.0 148.0 103.0 124.0 222.0 
268.0 266.0 266.0 308.0 394.0 441.0 393.0 
332.0 369.0 507.0 627.0 564.0 402.0 425.0 
593.0 633.0 570.0 547.0 528.0 483.0 479.0 
577.0 635.0 498.0 366.0 463.0 604.0 568.0 
457.0 447.0 530.0 581.0 559.0 515.0 520.0 
529.0 530.0 574.0 600.0 533.0 488.0 567.0 
634.0 583.0 560.0 627.0 634.0 579.0 608.0 
696.0 707.0 652.0 640.0 694.0 695.0 608.0 
593.0 699.0 690.0 521.0 467.0 551.0 549.0 
451.0 403.0 418.0 412.0 365.0 327.0 331.0 
342.0 334.0 329.0 338.0 336.0 307.0 291.0 
327.0 380.0 392.0 380.0 382.0 380.0 393.0 
421.0 427.0 413.0 401.0 395.0 393.0 388.0 
379.0 371.0 359.0 350.0 344.0 326.0 299.0 
279.0 265.0 244.0 210.0 189.0 191.0 170.0 
134.0 124.0 118.0 86.0 42.0 7.0 7.0 
40.0 47.0 4.0 -22.0 -24.0 -7.0 15.0 
25.0 23.0 7.0 -24.0 -22.0 30.0 74.0 
61.0 39.0 69.0 131.0 179.0 211.0 244.0 
294.0 338.0 349.0 350.0 386.0 448.0 468.0 
448.0 476.0 522.0 516.0 515.0 557.0 590.0 
587.0 573.0 549.0 535.0 564.0 574.0 542.0 
536.0 525.0 490.0 504.0 514.0 437.0 358.0 
411.0 489.0 375.0 214.0 290.0 441.0 355.0 
174.0 187.0 283.0 227.0 122.0 126.0 181.0 
156.0 66.0 54.0 120.0 109.0 60.0 93.0 
133.0 119.0 103.0 94.0 102.0 162.0 197.0 
152.0 135.0 169.0 188.0 199.0 211.0 241.0 
273.0 241.0 206.0 276.0 358.0 348.0 343.0 
382.0 409.0 428.0 465.0 536.0 616.0 645.0 
622.0 633.0 695.0 728.0 701.0 691.0 706.0 
676.0 632.0 644.0 641.0 588.0 575.0 595.0 
553.0 489.0 475.0 483.0 456.0 421.0 398.0 
367.0 330.0 303.0 296.0 301.0 267.0 221.0 
200.0 188.0 198.0 234.0 222.0 174.0 224.0 
310.0 288.0 232.0 240.0 305.0 334.0 255.0 
194.0 221.0 173.0 80.0 130.0 200.0 87.0 
-85.0 -84.0 66.0 98.0 -62.0 -133.0 -27.0 
-26.0 -141.0 -118.0 -19.0 -45.0 -122.0 -90.0 
16.0 34.0 -34.0 -24.0 86.0 143.0 93.0 
11.0 28.0 168.0 213.0 84.0 24.0 148.0 
258.0 220.0 163.0 223.0 343.0 377.0 344.0 
358.0 445.0 493.0 460.0 497.0 614.0 601.0 
502.0 552.0 691.0 711.0 603.0 550.0 646.0 
748.0 728.0 657.0 652.0 718.0 725.0 649.0 
652.0 739.0 710.0 586.0 595.0 686.0 652.0 
550.0 533.0 571.0 576.0 507.0 406.0 380.0 
400.0 388.0 345.0 332.0 331.0 266.0 183.0 
196.0 267.0 255.0 180.0 165.0 208.0 232.0 
215.0 204.0 215.0 208.0 166.0 146.0 179.0 
199.0 169.0 121.0 127.0 142.0 95.0 64.0 
79.0 85.0 54.0 20.0 40.0 55.0 -4.0 
-42.0 -8.0 29.0 9.0 -37.0 -32.0 37.0 
63.0 -22.0 -73.0 24.0 96.0 11.0 -42.0 
58.0 113.0 21.0 -16.0 83.0 157.0 107.0 
77.0 148.0 167.0 76.0 45.0 120.0 164.0 
131.0 110.0 141.0 186.0 188.0 165.0 179.0 
240.0 268.0 231.0 215.0 250.0 283.0 278.0 
272.0 311.0 341.0 319.0 335.0 403.0 443.0 
445.0 464.0 491.0 500.0 524.0 571.0 595.0 
602.0 623.0 661.0 660.0 570.0 521.0 606.0 
640.0 505.0 426.0 506.0 533.0 447.0 429.0 
471.0 428.0 361.0 395.0 458.0 407.0 323.0 
352.0 431.0 416.0 351.0 351.0 367.0 347.0 
331.0 330.0 293.0 226.0 216.0 272.0 278.0 
198.0 142.0 158.0 192.0 187.0 180.0 227.0 
251.0 183.0 167.0 265.0 304.0 272.0 300.0 
394.0 451.0 408.0 374.0 458.0 524.0 454.0 
394.0 437.0 437.0 381.0 366.0 366.0 360.0 
348.0 322.0 334.0 353.0 339.0 327.0 322.0 
320.0 328.0 284.0 250.0 336.0 378.0 294.0 
289.0 376.0 366.0 323.0 388.0 469.0 459.0 
386.0 362.0 447.0 510.0 446.0 412.0 493.0 
515.0 432.0 414.0 505.0 522.0 431.0 413.0 
482.0 471.0 394.0 421.0 496.0 434.0 331.0 
346.0 351.0 258.0 217.0 265.0 256.0 181.0 
153.0 190.0 206.0 174.0 172.0 222.0 226.0 
174.0 153.0 171.0 242.0 315.0 265.0 180.0 
240.0 356.0 374.0 348.0 368.0 427.0 464.0 
454.0 457.0 501.0 517.0 475.0 467.0 510.0 
516.0 467.0 429.0 449.0 496.0 482.0 414.0 
422.0 492.0 484.0 450.0 498.0 540.0 512.0 
516.0 573.0 599.0 592.0 606.0 592.0 513.0 
485.0 591.0 668.0 549.0 438.0 531.0 602.0 
479.0 377.0 436.0 488.0 371.0 221.0 272.0 
403.0 338.0 176.0 172.0 286.0 326.0 242.0 
180.0 221.0 265.0 259.0 249.0 273.0 287.0 
291.0 328.0 346.0 355.0 409.0 436.0 392.0 
410.0 537.0 581.0 506.0 536.0 671.0 674.0 
565.0 579.0 704.0 711.0 598.0 568.0 604.0 
588.0 604.0 661.0 588.0 451.0 476.0 578.0 
593.0 560.0 497.0 446.0 495.0 558.0 512.0 
414.0 381.0 441.0 501.0 445.0 285.0 232.0 
347.0 380.0 264.0 218.0 275.0 295.0 248.0 
236.0 327.0 344.0 205.0 219.0 416.0 455.0 
281.0 207.0 409.0 612.0 496.0 314.0 448.0 
669.0 633.0 518.0 616.0 741.0 648.0 590.0 
781.0 920.0 761.0 614.0 771.0 952.0 844.0 
665.0 701.0 806.0 754.0 644.0 649.0 672.0 
584.0 543.0 626.0 582.0 400.0 414.0 600.0 
547.0 317.0 316.0 506.0 551.0 404.0 341.0 
426.0 402.0 236.0 268.0 455.0 426.0 236.0 
193.0 317.0 381.0 263.0 214.0 385.0 433.0 
237.0 241.0 455.0 467.0 357.0 379.0 469.0 
518.0 501.0 502.0 578.0 607.0 552.0 574.0 
700.0 760.0 678.0 606.0 710.0 872.0 871.0 
769.0 743.0 805.0 858.0 854.0 811.0 796.0 
831.0 819.0 768.0 780.0 824.0 779.0 658.0 
650.0 737.0 704.0 573.0 530.0 592.0 607.0 
523.0 454.0 476.0 508.0 455.0 388.0 425.0 
475.0 419.0 363.0 405.0 449.0 447.0 452.0 
434.0 391.0 434.0 489.0 422.0 371.0 437.0 
502.0 483.0 425.0 461.0 569.0 524.0 414.0 
527.0 649.0 539.0 489.0 627.0 702.0 646.0 
592.0 613.0 693.0 705.0 646.0 657.0 660.0 
630.0 704.0 751.0 641.0 569.0 632.0 701.0 
697.0 630.0 563.0 590.0 686.0 697.0 649.0 
627.0 590.0 562.0 608.0 649.0 578.0 449.0 
421.0 490.0 460.0 351.0 382.0 424.0 306.0 
248.0 312.0 263.0 132.0 134.0 211.0 160.0 
44.0 46.0 135.0 166.0 107.0 74.0 159.0 
247.0 201.0 156.0 252.0 336.0 285.0 234.0 
298.0 368.0 333.0 305.0 396.0 463.0 384.0 
354.0 460.0 508.0 471.0 504.0 577.0 576.0 
544.0 566.0 610.0 583.0 505.0 514.0 578.0 
535.0 440.0 444.0 523.0 510.0 388.0 399.0 
546.0 536.0 431.0 481.0 573.0 537.0 470.0 
502.0 568.0 533.0 466.0 485.0 496.0 435.0 
388.0 414.0 463.0 421.0 352.0 384.0 416.0 
379.0 372.0 419.0 444.0 420.0 395.0 406.0 
414.0 396.0 408.0 424.0 422.0 416.0 406.0 
440.0 522.0 562.0 540.0 536.0 541.0 536.0 
588.0 633.0 595.0 584.0 621.0 611.0 577.0 
583.0 598.0 583.0 569.0 564.0 526.0 464.0 
452.0 468.0 440.0 390.0 361.0 350.0 329.0 
295.0 283.0 288.0 258.0 229.0 245.0 265.0 
272.0 286.0 324.0 333.0 295.0 337.0 449.0 
441.0 368.0 387.0 419.0 343.0 257.0 281.0 
315.0 250.0 177.0 169.0 171.0 151.0 142.0 
161.0 141.0 70.0 75.0 162.0 149.0 18.0 
-11.0 94.0 114.0 3.0 -27.0 58.0 97.0 
45.0 36.0 97.0 112.0 78.0 124.0 199.0 
196.0 181.0 226.0 277.0 278.0 243.0 255.0 
322.0 342.0 312.0 303.0 315.0 342.0 357.0 
371.0 392.0 376.0 365.0 405.0 425.0 423.0 
439.0 448.0 461.0 491.0 508.0 540.0 578.0 
572.0 564.0 609.0 668.0 673.0 631.0 622.0 
672.0 703.0 638.0 592.0 632.0 631.0 589.0 
598.0 609.0 562.0 520.0 550.0 594.0 554.0 
503.0 528.0 532.0 473.0 462.0 479.0 453.0 
427.0 427.0 443.0 418.0 341.0 349.0 427.0 
376.0 269.0 275.0 309.0 281.0 256.0 255.0 
256.0 256.0 212.0 195.0 253.0 231.0 165.0 
211.0 254.0 211.0 196.0 224.0 214.0 191.0 
170.0 148.0 125.0 98.0 99.0 105.0 79.0 
44.0 19.0 58.0 86.0 23.0 0.0 43.0 
24.0 -53.0 -52.0 40.0 81.0 14.0 -17.0 
82.0 146.0 80.0 35.0 104.0 154.0 97.0 
86.0 190.0 239.0 167.0 108.0 217.0 348.0 
256.0 153.0 235.0 308.0 262.0 240.0 258.0 
268.0 288.0 322.0 321.0 286.0 287.0 299.0 
265.0 231.0 258.0 295.0 270.0 220.0 196.0 
234.0 216.0 165.0 202.0 239.0 193.0 133.0 
175.0 224.0 162.0 123.0 195.0 221.0 197.0 
214.0 254.0 248.0 237.0 283.0 294.0 267.0 
315.0 349.0 382.0 430.0 464.0 524.0 543.0 
504.0 502.0 555.0 568.0 545.0 546.0 543.0 
494.0 526.0 568.0 497.0 439.0 459.0 517.0 
533.0 432.0 378.0 422.0 428.0 445.0 460.0 
404.0 333.0 373.0 362.0 240.0 232.0 230.0 
169.0 153.0 158.0 126.0 45.0 7.0 83.0 
111.0 88.0 40.0 17.0 57.0 75.0 5.0 
-33.0 -17.0 -3.0 -12.0 -56.0 -70.0 -87.0 
-133.0 -106.0 -86.0 -137.0 -159.0 -115.0 -100.0 
-142.0 -155.0 -132.0 -145.0 -127.0 -146.0 -167.0 
-115.0 -120.0 -119.0 -87.0 -73.0 -45.0 -18.0 
44.0 60.0 68.0 91.0 90.0 130.0 128.0 
115.0 163.0 170.0 190.0 199.0 211.0 274.0 
293.0 244.0 330.0 373.0 281.0 305.0 369.0 
360.0 356.0 440.0 405.0 388.0 493.0 485.0 
415.0 448.0 531.0 516.0 423.0 426.0 521.0 
521.0 404.0 433.0 540.0 477.0 360.0 419.0 
501.0 397.0 308.0 368.0 384.0 278.0 215.0 
207.0 154.0 118.0 91.0 53.0 36.0 35.0 
-19.0 -88.0 -82.0 -88.0 -132.0 -159.0 -146.0 
-172.0 -215.0 -168.0 -121.0 -173.0 -166.0 -60.0 
-13.0 -76.0 -71.0 28.0 18.0 -19.0 60.0 
96.0 54.0 65.0 131.0 116.0 58.0 104.0 
138.0 135.0 145.0 155.0 127.0 148.0 190.0 
171.0 181.0 208.0 156.0 145.0 181.0 220.0 
168.0 108.0 109.0 131.0 131.0 57.0 16.0 
79.0 68.0 -33.0 -76.0 1.0 27.0 -60.0 
-43.0 -39.0 8.0 -24.0 -43.0 -22.0 -4.0 
4.0 4.0 -38.0 -16.0 104.0 81.0 44.0 
50.0 69.0 101.0 101.0 86.0 -9.0 -32.0 
79.0 150.0 55.0 -110.0 -19.0 64.0 -17.0 
-9.0 -1.0 -10.0 -32.0 -65.0 -16.0 -35.0 
-112.0 -113.0 -75.0 -95.0 -105.0 -105.0 -182.0 
-160.0 -51.0 -143.0 -269.0 -190.0 -145.0 -185.0 
-192.0 -206.0 -215.0 -187.0 -175.0 -210.0 -208.0 
-171.0 -132.0 -134.0 -171.0 -103.0 -40.0 -46.0 
-47.0 -1.0 101.0 119.0 48.0 47.0 161.0 
252.0 245.0 210.0 221.0 248.0 310.0 306.0 
253.0 212.0 197.0 225.0 209.0 195.0 231.0 
115.0 57.0 186.0 266.0 111.0 -51.0 37.0 
136.0 89.0 4.0 -8.0 23.0 27.0 -1.0 
2.0 15.0 -67.0 -130.0 -108.0 12.0 4.0 
-151.0 -212.0 -105.0 -64.0 -132.0 -170.0 -105.0 
-142.0 -234.0 -204.0 -209.0 -225.0 -232.0 -262.0 
-241.0 -177.0 -142.0 -178.0 -239.0 -181.0 -63.0 
-106.0 -193.0 -171.0 -106.0 -103.0 -156.0 -177.0 
-165.0 -150.0 -147.0 -170.0 -272.0 -263.0 -123.0 
-163.0 -255.0 -245.0 -173.0 -157.0 -227.0 -219.0 
-159.0 -194.0 -217.0 -216.0 -294.0 -255.0 -226.0 
-318.0 -338.0 -258.0 -231.0 -324.0 -334.0 -218.0 
-160.0 -173.0 -171.0 -104.0 -120.0 -182.0 -61.0 
29.0 -20.0 -38.0 -47.0 -18.0 97.0 72.0 
-91.0 -81.0 69.0 48.0 -83.0 -48.0 41.0 
-13.0 -109.0 -55.0 47.0 -35.0 -170.0 -83.0 
16.0 -49.0 -90.0 -81.0 -73.0 3.0 73.0 
18.0 -6.0 14.0 -8.0 -42.0 -26.0 71.0 
32.0 -158.0 -135.0 26.0 10.0 -109.0 -107.0 
-6.0 -8.0 -131.0 -131.0 -24.0 -87.0 -216.0 
-154.0 -22.0 -16.0 -171.0 -252.0 -145.0 -47.0 
-111.0 -215.0 -239.0 -165.0 -166.0 -184.0 -167.0 
-259.0 -322.0 -218.0 -138.0 -268.0 -362.0 -176.0 
-46.0 -271.0 -423.0 -262.0 -128.0 -310.0 -399.0 
-251.0 -238.0 -347.0 -344.0 -226.0 -201.0 -286.0 
-318.0 -187.0 -127.0 -302.0 -352.0 -272.0 -247.0 
-226.0 -246.0 -319.0 -344.0 -364.0 -318.0 -253.0 
-327.0 -506.0 -462.0 -204.0 -176.0 -442.0 -508.0 
-233.0 -164.0 -375.0 -387.0 -199.0 -182.0 -297.0 
-294.0 -192.0 -134.0 -211.0 -304.0 -207.0 -93.0 
-216.0 -348.0 -272.0 -160.0 -173.0 -334.0 -430.0 
-312.0 -254.0 -378.0 -440.0 -403.0 -428.0 -461.0 
-461.0 -429.0 -433.0 -570.0 -586.0 -410.0 -386.0 
-536.0 -602.0 -575.0 -483.0 -507.0 -604.0 -601.0 
-553.0 -551.0 -559.0 -614.0 -619.0 -526.0 -501.0 
-581.0 -624.0 -489.0 -384.0 -559.0 -637.0 -365.0 
-257.0 -430.0 -520.0 -403.0 -280.0 -327.0 -357.0 
-239.0 -201.0 -333.0 -373.0 -251.0 -172.0 -252.0 
-394.0 -322.0 -130.0 -214.0 -435.0 -369.0 -155.0 
-232.0 -435.0 -380.0 -241.0 -301.0 -371.0 -294.0 
-313.0 -402.0 -376.0 -330.0 -362.0 -457.0 -437.0 
-377.0 -425.0 -452.0 -458.0 -472.0 -530.0 -549.0 
-477.0 -551.0 -653.0 -632.0 -566.0 -505.0 -598.0 
-707.0 -583.0 -447.0 -557.0 -640.0 -508.0 -461.0 
-525.0 -502.0 -422.0 -398.0 -425.0 -400.0 -367.0 
-369.0 -345.0 -295.0 -284.0 -290.0 -275.0 -250.0 
-215.0 -172.0 -149.0 -166.0 -175.0 -167.0 -182.0 
-200.0 -188.0 -192.0 -248.0 -285.0 -280.0 -313.0 
-350.0 -333.0 -360.0 -410.0 -390.0 -398.0 -489.0 
-524.0 -464.0 -418.0 -488.0 -612.0 -637.0 -579.0 
-561.0 -606.0 -638.0 -610.0 -575.0 -573.0 -537.0 
-463.0 -438.0 -472.0 -442.0 -326.0 -266.0 -325.0 
-362.0 -278.0 -173.0 -194.0 -264.0 -238.0 -196.0 
-204.0 -204.0 -192.0 -208.0 -241.0 -236.0 -182.0 
-164.0 -255.0 -323.0 -262.0 -243.0 -349.0 -433.0 
-436.0 -430.0 -488.0 -557.0 -558.0 -569.0 -676.0 
-772.0 -752.0 -710.0 -756.0 -876.0 -968.0 -937.0 
-881.0 -927.0 -968.0 -951.0 -978.0 -1037.0 -1029.0 
-964.0 -939.0 -1039.0 -1102.0 -965.0 -875.0 -996.0 
-1035.0 -894.0 -855.0 -955.0 -956.0 -845.0 -763.0 
-755.0 -819.0 -820.0 -672.0 -573.0 -621.0 -667.0 
-597.0 -506.0 -497.0 -499.0 -455.0 -435.0 -459.0 
-429.0 -308.0 -243.0 -344.0 -423.0 -321.0 -209.0 
-271.0 -365.0 -336.0 -310.0 -382.0 -395.0 -327.0 
-369.0 -491.0 -484.0 -412.0 -444.0 -534.0 -539.0 
-514.0 -557.0 -605.0 -597.0 -575.0 -591.0 -630.0 
-658.0 -665.0 -621.0 -564.0 -597.0 -638.0 -577.0 
-515.0 -564.0 -609.0 -532.0 -473.0 -538.0 -621.0 
-640.0 -623.0 -610.0 -641.0 -691.0 -688.0 -669.0 
-720.0 -784.0 -784.0 -774.0 -792.0 -789.0 -863.0 
-962.0 -848.0 -738.0 -911.0 -1023.0 -861.0 -837.0 
-1049.0 -1064.0 -900.0 -938.0 -1097.0 -1083.0 -944.0 
-932.0 -1051.0 -1047.0 -946.0 -932.0 -975.0 -970.0 
-918.0 -842.0 -803.0 -836.0 -810.0 -677.0 -610.0 
-646.0 -668.0 -635.0 -539.0 -497.0 -579.0 -585.0 
-507.0 -540.0 -607.0 -549.0 -487.0 -570.0 -641.0 
-553.0 -517.0 -666.0 -774.0 -661.0 -560.0 -706.0 
-868.0 -806.0 -720.0 -757.0 -865.0 -904.0 -842.0 
-873.0 -930.0 -891.0 -909.0 -981.0 -972.0 -906.0 
-863.0 -913.0 -1009.0 -992.0 -856.0 -802.0 -886.0 
-946.0 -903.0 -809.0 -787.0 -849.0 -838.0 -741.0 
-739.0 -774.0 -696.0 -622.0 -682.0 -763.0 -744.0 
-695.0 -744.0 -801.0 -764.0 -723.0 -750.0 -786.0 
-738.0 -703.0 -793.0 -871.0 -754.0 -627.0 -749.0 
-890.0 -795.0 -702.0 -801.0 -869.0 -769.0 -737.0 
-861.0 -885.0 -798.0 -807.0 -873.0 -852.0 -797.0 
-826.0 -889.0 -851.0 -770.0 -795.0 -848.0 -816.0 
-800.0 -848.0 -878.0 -878.0 -863.0 -889.0 -935.0 
-909.0 -888.0 -971.0 -1001.0 -902.0 -863.0 -949.0 
-981.0 -922.0 -927.0 -983.0 -991.0 -979.0 -999.0 
-1037.0 -1062.0 -1071.0 -1082.0 -1087.0 -1077.0 -1082.0 
-1097.0 -1105.0 -1119.0 -1128.0 -1129.0 -1158.0 -1166.0 
-1144.0 -1161.0 -1159.0 -1105.0 -1090.0 -1094.0 -1059.0 
-1036.0 -1037.0 -1029.0 -999.0 -943.0 -935.0 -985.0 
-985.0 -944.0 -942.0 -933.0 -880.0 -858.0 -871.0 
-858.0 -827.0 -835.0 -844.0 -830.0 -836.0 -841.0 
-837.0 -823.0 -813.0 -823.0 -820.0 -799.0 -801.0 
-835.0 -862.0 -845.0 -824.0 -830.0 -882.0 -953.0 
-944.0 -870.0 -873.0 -951.0 -981.0 -930.0 -861.0 
-887.0 -967.0 -952.0 -888.0 -912.0 -974.0 -980.0 
-1004.0 -1071.0 -1086.0 -1063.0 -1084.0 -1134.0 -1181.0 
-1184.0 -1139.0 -1143.0 -1214.0 -1259.0 -1260.0 -1256.0 
-1273.0 -1309.0 -1316.0 -1305.0 -1322.0 -1323.0 -1317.0 
-1352.0 -1347.0 -1321.0 -1343.0 -1356.0 -1362.0 -1392.0 
-1399.0 -1379.0 -1372.0 -1368.0 -1353.0 -1325.0 -1329.0 
-1351.0 -1318.0 -1284.0 -1311.0 -1316.0 -1260.0 -1242.0 
-1267.0 -1253.0 -1203.0 -1172.0 -1189.0 -1198.0 -1135.0 
-1099.0 -1152.0 -1154.0 -1077.0 -1090.0 -1150.0 -1125.0 
-1086.0 -1110.0 -1124.0 -1087.0 -1076.0 -1111.0 -1116.0 
-1043.0 -987.0 -1007.0 -1051.0 -1029.0 -984.0 -991.0 
-977.0 -929.0 -935.0 -964.0 -939.0 -881.0 -839.0 
-853.0 -890.0 -854.0 -792.0 -830.0 -875.0 -838.0 
-823.0 -865.0 -878.0 -870.0 -896.0 -949.0 -966.0 
-932.0 -956.0 -1032.0 -1052.0 -1041.0 -1049.0 -1068.0 
-1081.0 -1085.0 -1089.0 -1113.0 -1132.0 -1109.0 -1100.0 
-1151.0 -1180.0 -1148.0 -1154.0 -1208.0 -1199.0 -1191.0 
-1225.0 -1223.0 -1225.0 -1290.0 -1283.0 -1239.0 -1292.0 
-1330.0 -1310.0 -1317.0 -1366.0 -1388.0 -1412.0 -1457.0 
-1498.0 -1534.0 -1562.0 -1590.0 -1628.0 -1641.0 -1644.0 
-1660.0 -1660.0 -1652.0 -1668.0 -1684.0 -1684.0 -1696.0 
-1694.0 -1679.0 -1689.0 -1704.0 -1694.0 -1683.0 -1679.0 
-1692.0 -1696.0 -1670.0 -1665.0 -1675.0 -1651.0 -1610.0 
-1602.0 -1603.0 -1567.0 -1510.0 -1488.0 -1487.0 -1456.0 
-1448.0 -1482.0 -1441.0 -1370.0 -1388.0 -1394.0 -1328.0 
-1311.0 -1374.0 -1357.0 -1256.0 -1213.0 -1250.0 -1244.0 
-1193.0 -1202.0 -1213.0 -1110.0 -1005.0 -1040.0 -1086.0 
-1037.0 -996.0 -1008.0 -981.0 -927.0 -919.0 -957.0 
-1000.0 -997.0 -979.0 -978.0 -957.0 -940.0 -976.0 
-982.0 -951.0 -1005.0 -1043.0 -957.0 -953.0 -1053.0 
-1052.0 -1051.0 -1136.0 -1156.0 -1120.0 -1101.0 -1116.0 
-1166.0 -1200.0 -1227.0 -1230.0 -1226.0 -1267.0 -1330.0 
-1377.0 -1425.0 -1471.0 -1503.0 -1517.0 -1488.0 -1497.0 
-1573.0 -1584.0 -1510.0 -1525.0 -1582.0 -1530.0 -1485.0 
-1540.0 -1540.0 -1492.0 -1489.0 -1468.0 -1431.0 -1448.0 
-1465.0 -1444.0 -1448.0 -1448.0 -1433.0 -1423.0 -1423.0 
-1466.0 -1502.0 -1454.0 -1460.0 -1514.0 -1498.0 -1526.0 
-1622.0 -1613.0 -1534.0 -1590.0 -1651.0 -1596.0 -1571.0 
-1642.0 -1687.0 -1622.0 -1555.0 -1626.0 -1699.0 -1618.0 
-1582.0 -1705.0 -1722.0 -1574.0 -1558.0 -1630.0 -1585.0 
-1507.0 -1527.0 -1526.0 -1429.0 -1381.0 -1438.0 -1419.0 
-1297.0 -1278.0 -1338.0 -1286.0 -1171.0 -1167.0 -1228.0 
-1226.0 -1153.0 -1103.0 -1074.0 -1013.0 -1003.0 -1143.0 
-1291.0 -1162.0 -846.0 -810.0 -1075.0 -1294.0 -1448.0 
-1244.0 -941.0 -1604.0 -2287.0 -1749.0 -941.0 -882.0 
-2031.0 -2194.0 -387.0 320.0 -1001.0 -2936.0 -4094.0 
-970.0 2039.0 -397.0 -4180.0 -4184.0 1147.0 4323.0 
-1560.0 -6279.0 -3579.0 1619.0 3885.0 -2194.0 -7414.0 
-3645.0 1576.0 2482.0 -2312.0 -5471.0 -2714.0 -661.0 
36.0 -77.0 -2578.0 -4135.0 -1593.0 112.0 -1822.0 
-1331.0 -302.0 -2534.0 -2643.0 -2327.0 -2492.0 -340.0 
771.0 1266.0 -1426.0 -6401.0 -3585.0 438.0 360.0 
-2210.0 -4788.0 -980.0 909.0 -2910.0 -2940.0 -1420.0 
-2549.0 -2791.0 -1877.0 -1360.0 -1143.0 -1900.0 -3812.0 
-1953.0 1020.0 -380.0 -526.0 -1043.0 -1961.0 -676.0 
-2819.0 -2170.0 -219.0 -2253.0 -1858.0 -1408.0 -4039.0 
-4214.0 -295.0 1564.0 -911.0 -2866.0 -4469.0 -2818.0 
788.0 -1004.0 -2025.0 630.0 2036.0 350.0 -3093.0 
-1776.0 2437.0 938.0 -3701.0 -5237.0 -3157.0 -1280.0 
-1897.0 -1949.0 -2122.0 -2766.0 -803.0 933.0 -865.0 
-2720.0 -1709.0 1074.0 1948.0 -1256.0 -3641.0 -4251.0 
-3484.0 -24.0 6.0 -3186.0 -3237.0 -1741.0 -1237.0 
-1599.0 228.0 1520.0 -1188.0 -1718.0 -765.0 -2799.0 
-4394.0 -2508.0 -1070.0 -2298.0 -1798.0 -638.0 -2399.0 
-3322.0 -130.0 1351.0 -1160.0 -2572.0 -2073.0 -1071.0 
-833.0 -2720.0 -3242.0 -1502.0 -1568.0 -3320.0 -2715.0 
-2360.0 -2648.0 -1776.0 -1177.0 -1621.0 -4388.0 -4080.0 
830.0 1164.0 -2449.0 -3123.0 -1706.0 -1498.0 -706.0 
1296.0 -370.0 -4202.0 -2786.0 1022.0 297.0 -2796.0 
-3307.0 -2309.0 -1476.0 -1276.0 -2603.0 -421.0 1974.0 
-970.0 -3280.0 -2109.0 -675.0 -687.0 -392.0 -405.0 
-3025.0 -4814.0 -2831.0 -139.0 640.0 -1138.0 -2444.0 
-1136.0 -432.0 -1269.0 -3290.0 -4108.0 -2063.0 -1882.0 
-2351.0 -931.0 -1151.0 -1742.0 -2624.0 -3693.0 -1789.0 
1070.0 1456.0 -2576.0 -5078.0 -2021.0 1191.0 2172.0 
-87.0 -3357.0 -1915.0 -259.0 -1461.0 -1164.0 -1644.0 
-4294.0 -4506.0 -1506.0 -29.0 438.0 403.0 -3292.0 
-4442.0 -884.0 68.0 -120.0 -232.0 -1220.0 -1817.0 
-2598.0 -2189.0 -354.0 -680.0 -2271.0 -2681.0 -2579.0 
-1232.0 -978.0 -2847.0 -2314.0 -338.0 -351.0 -541.0 
-530.0 -2873.0 -4843.0 -1894.0 611.0 -2608.0 -4739.0 
-1711.0 1275.0 623.0 -2209.0 -3385.0 -3132.0 -3392.0 
-1804.0 678.0 -357.0 -2343.0 -1902.0 -949.0 -835.0 
-1108.0 -2082.0 -3534.0 -4057.0 -2584.0 613.0 1475.0 
-1551.0 -2810.0 -1409.0 -2176.0 -3751.0 -1956.0 1235.0 
1184.0 -1754.0 -3575.0 -3402.0 -2085.0 -194.0 409.0 
-1093.0 -2361.0 -1731.0 -1256.0 -2999.0 -3829.0 -2435.0 
-1821.0 -2128.0 -1021.0 162.0 -1195.0 -2489.0 -1951.0 
105.0 1110.0 -2004.0 -4587.0 -3038.0 -1825.0 -2326.0 
-1100.0 346.0 -856.0 -2031.0 -1340.0 -1209.0 -2775.0 
-3354.0 -1345.0 1312.0 1345.0 -1401.0 -3297.0 -2743.0 
-2194.0 -2909.0 -3071.0 -1907.0 -1142.0 -799.0 -389.0 
-759.0 -1296.0 -421.0 -363.0 -1266.0 -393.0 -248.0 
-1297.0 -1131.0 -1433.0 -3065.0 -4013.0 -3017.0 -520.0 
661.0 -769.0 -1542.0 296.0 -933.0 -4032.0 -1449.0 
849.0 -2231.0 -3051.0 -1293.0 -1282.0 -99.0 -39.0 
-3547.0 -5752.0 -4061.0 -604.0 960.0 831.0 21.0 
-1694.0 -2360.0 -1620.0 -1477.0 -1461.0 -364.0 -691.0 
-3013.0 -3850.0 -2271.0 -2202.0 -2765.0 512.0 2372.0 
-874.0 -3420.0 -2654.0 -1411.0 -2682.0 -4527.0 -2644.0 
775.0 1275.0 -1355.0 -4086.0 -4322.0 -3096.0 -1681.0 
-36.0 160.0 -2224.0 -3609.0 -1802.0 146.0 -713.0 
-3033.0 -4038.0 -4572.0 -4357.0 -1805.0 373.0 -207.0 
-2105.0 -2372.0 -1497.0 -1996.0 -2124.0 -247.0 308.0 
-1280.0 -1975.0 -1709.0 -2263.0 -2803.0 -1547.0 685.0 
1303.0 -541.0 -2987.0 -3670.0 -2312.0 -970.0 -620.0 
-2023.0 -3158.0 -1655.0 -434.0 -1552.0 -1651.0 928.0 
1744.0 -182.0 -1722.0 -1945.0 -1747.0 -783.0 -292.0 
-2298.0 -3954.0 -2942.0 -1416.0 -1053.0 -672.0 -290.0 
-1434.0 -2573.0 -2252.0 -2060.0 -2483.0 -1349.0 950.0 
630.0 -2071.0 -3388.0 -2404.0 -2187.0 -2969.0 -2089.0 
-770.0 -329.0 -647.0 -1556.0 -2382.0 -2375.0 -1593.0 
-1547.0 -2324.0 -2336.0 -3608.0 -4873.0 -2244.0 233.0 
-549.0 -1773.0 -955.0 744.0 -1126.0 -3213.0 -1554.0 
-1013.0 -2056.0 -1909.0 -1312.0 -992.0 -1777.0 -3308.0 
-3334.0 -1547.0 -479.0 -889.0 -710.0 -529.0 -1798.0 
-3447.0 -3569.0 -2033.0 -1233.0 -1354.0 -1172.0 -1419.0 
-2078.0 -1807.0 -696.0 357.0 -603.0 -3039.0 -2548.0 
-1120.0 -3584.0 -5472.0 -2152.0 596.0 -1513.0 -3490.0 
-1646.0 234.0 -927.0 -2681.0 -2663.0 -3379.0 -3383.0 
-607.0 911.0 421.0 167.0 358.0 368.0 -1496.0 
-3053.0 -908.0 419.0 -1104.0 -792.0 -492.0 -2372.0 
-3055.0 -2459.0 -1788.0 -624.0 -106.0 -689.0 512.0 
735.0 -2152.0 -3272.0 -1506.0 -476.0 -786.0 -423.0 
-787.0 -1931.0 -2508.0 -3298.0 -3675.0 -2591.0 -797.0 
857.0 2353.0 751.0 -3631.0 -5275.0 -3445.0 -1329.0 
-815.0 -1824.0 -2497.0 -3309.0 -3165.0 52.0 -319.0 
-4506.0 -3941.0 -962.0 208.0 -35.0 -1289.0 -1423.0 
-1754.0 -3917.0 -4391.0 -2391.0 -982.0 -1033.0 -1771.0 
-1626.0 -2724.0 -3770.0 -1135.0 756.0 -483.0 -1330.0 
-501.0 -969.0 -2786.0 -1993.0 92.0 -1313.0 -3742.0 
-2555.0 -1475.0 -3188.0 -2266.0 91.0 -189.0 137.0 
78.0 -1410.0 -667.0 -431.0 -2541.0 -3314.0 -1028.0 
957.0 -406.0 -1930.0 -866.0 -660.0 -1880.0 -1858.0 
-536.0 1425.0 1848.0 914.0 -701.0 -3660.0 -3578.0 
-1930.0 -1212.0 614.0 1159.0 -676.0 -1326.0 -1082.0 
-2318.0 -2309.0 292.0 1168.0 79.0 416.0 444.0 
-1035.0 -3586.0 -5169.0 -3239.0 -1733.0 -3411.0 -5821.0 
-7251.0 -5775.0 -1298.0 1179.0 -851.0 -1610.0 2334.0 
3898.0 499.0 -1074.0 -1106.0 -3162.0 -4694.0 -3941.0 
-1688.0 -469.0 -1179.0 -1241.0 -2542.0 -4248.0 -2510.0 
-949.0 -1385.0 -1090.0 -890.0 -1785.0 -3101.0 -3741.0 
-3780.0 -3840.0 -2802.0 -2254.0 -2853.0 -1649.0 -1490.0 
-2419.0 -671.0 635.0 -542.0 -3994.0 -6888.0 -702.0 
7708.0 6561.0 3676.0 1743.0 -3340.0 -6639.0 -4636.0 
-2704.0 -4433.0 -3077.0 -894.0 -3275.0 -3059.0 -709.0 
-988.0 712.0 2695.0 3560.0 5996.0 5206.0 278.0 
-4305.0 -6167.0 -6197.0 -5651.0 -6136.0 -5256.0 -970.0 
2121.0 1150.0 1793.0 3999.0 1257.0 -3310.0 -4295.0 
-645.0 1911.0 -943.0 -7768.0 -11361.0 -3479.0 5213.0 
3555.0 -258.0 -1487.0 -4865.0 -7317.0 -521.0 6752.0 
2204.0 -2251.0 -359.0 -2795.0 -8622.0 -11456.0 -5943.0 
1883.0 2252.0 3332.0 4576.0 -2578.0 -7023.0 -1412.0 
4029.0 1352.0 -5935.0 -5461.0 2638.0 3377.0 -6640.0 
-11842.0 -5492.0 -895.0 689.0 4014.0 2800.0 -535.0 
357.0 1088.0 301.0 -2974.0 -5529.0 -98.0 1650.0 
-6503.0 -4924.0 7326.0 8399.0 -3769.0 -12867.0 -10922.0 
-6714.0 -3207.0 3650.0 7190.0 1478.0 -2552.0 -1.0 
-3188.0 -10130.0 -7917.0 -677.0 3654.0 4752.0 1610.0 
-5934.0 -7177.0 -656.0 -2925.0 -6136.0 1322.0 961.0 
-3889.0 3920.0 6042.0 -3936.0 -6655.0 -3150.0 -5293.0 
-5066.0 -414.0 -1179.0 -2578.0 -705.0 -450.0 -623.0 
-1306.0 -3936.0 -3530.0 180.0 2192.0 1138.0 1725.0 
2707.0 -3982.0 -12710.0 -7358.0 5100.0 5905.0 484.0 
-2378.0 -2566.0 -326.0 77.0 -1944.0 -3859.0 -3855.0 
-1837.0 -2022.0 -3510.0 -4486.0 -4360.0 1527.0 5218.0 
-260.0 -5395.0 -5763.0 -3527.0 -1273.0 -2016.0 -955.0 
1574.0 -1058.0 -2422.0 346.0 21.0 -2526.0 -811.0 
690.0 -3869.0 -6449.0 -2030.0 1524.0 -287.0 -3458.0 
-2550.0 2836.0 3282.0 -3817.0 -8222.0 -6179.0 -675.0 
4619.0 5748.0 2431.0 -4827.0 -9480.0 -4616.0 2460.0 
3699.0 1172.0 -2428.0 -1737.0 1790.0 -2245.0 -6231.0 
-1955.0 208.0 -254.0 2305.0 -306.0 -7428.0 -6897.0 
-655.0 2756.0 2524.0 -3155.0 -8405.0 -5682.0 -1555.0 
609.0 3815.0 2256.0 -1982.0 -2813.0 -1522.0 -638.0 
-3504.0 -5345.0 -1263.0 2914.0 909.0 -3258.0 -4698.0 
-4634.0 -812.0 3876.0 1734.0 -2133.0 697.0 1552.0 
-4217.0 -3331.0 915.0 -4067.0 -4186.0 3680.0 1286.0 
-2562.0 335.0 99.0 1081.0 4409.0 1197.0 -5235.0 
-6138.0 -3713.0 -1614.0 205.0 800.0 2684.0 2223.0 
-2848.0 -4842.0 -4433.0 -4907.0 -3385.0 -1047.0 881.0 
1953.0 17.0 -3261.0 -5021.0 -3897.0 -234.0 489.0 
-2858.0 -1802.0 2003.0 -453.0 -3562.0 -3059.0 -5334.0 
-6051.0 -1244.0 -651.0 -4451.0 -5429.0 -4120.0 -269.0 
3182.0 -933.0 -3173.0 3177.0 4788.0 913.0 -750.0 
-2061.0 -2543.0 -1234.0 -1275.0 -2566.0 -2884.0 -3642.0 
-3634.0 -1965.0 -1178.0 -175.0 -1045.0 -4095.0 -2248.0 
770.0 1277.0 3011.0 84.0 -6343.0 -6659.0 -3300.0 
-1245.0 -388.0 -1849.0 -3039.0 -1228.0 23.0 -701.0 
-1218.0 338.0 916.0 -1847.0 -4170.0 -5292.0 -3612.0 
718.0 1218.0 18.0 1463.0 -988.0 -5850.0 -4941.0 
-3836.0 -6058.0 -5463.0 -2044.0 -1288.0 -619.0 3493.0 
4380.0 912.0 430.0 323.0 -1614.0 -593.0 -2400.0 
-5771.0 -972.0 4172.0 770.0 -3749.0 -5317.0 -6068.0 
-4307.0 -1022.0 -504.0 -1832.0 -39.0 1880.0 208.0 
-1014.0 41.0 -105.0 -1679.0 -1948.0 -3503.0 -5877.0 
-3313.0 761.0 1560.0 1725.0 745.0 -1482.0 -1537.0 
-1131.0 -1553.0 -1772.0 -1847.0 -325.0 3031.0 2867.0 
-2826.0 -4419.0 -282.0 -763.0 -4331.0 -1473.0 1948.0 
219.0 -185.0 1030.0 78.0 -1797.0 -4021.0 -4983.0 
-3247.0 -2230.0 -348.0 3444.0 1656.0 -3159.0 -2109.0 
1390.0 1919.0 32.0 -2165.0 -2856.0 -1957.0 -80.0 
130.0 -2564.0 -2949.0 -749.0 -1373.0 -2956.0 -3098.0 
-1437.0 2481.0 2641.0 -2037.0 -3240.0 759.0 1855.0 
-1018.0 -1834.0 -2093.0 -2985.0 -2532.0 -1448.0 -408.0 
1130.0 3216.0 2385.0 -1156.0 -705.0 403.0 -1882.0 
-1357.0 310.0 -1366.0 -3260.0 -4320.0 -4371.0 -3184.0 
-2961.0 -2138.0 -56.0 272.0 -1128.0 -2228.0 -1799.0 
42.0 1308.0 1062.0 1404.0 2848.0 2385.0 -520.0 
-1797.0 -535.0 98.0 1026.0 2407.0 1881.0 454.0 
-872.0 -2692.0 -3839.0 -3733.0 -3352.0 -3214.0 -2278.0 
-1058.0 -1390.0 -1079.0 -14.0 -1301.0 -2694.0 -1081.0 
1965.0 3719.0 2514.0 -234.0 -1237.0 -138.0 674.0 
619.0 635.0 -143.0 -1554.0 -1182.0 -2.0 -938.0 
-3200.0 -3654.0 -1867.0 -1048.0 -1389.0 -1553.0 -1120.0 
-119.0 -1187.0 -2408.0 -851.0 581.0 2324.0 4885.0 
4423.0 1338.0 -1147.0 -3117.0 -4449.0 -3858.0 -1056.0 
2281.0 2864.0 -78.0 -2614.0 -2606.0 -2843.0 -4061.0 
-3070.0 105.0 1580.0 196.0 -1436.0 -1700.0 -1997.0 
-1942.0 66.0 689.0 -967.0 -1374.0 -1129.0 -665.0 
1016.0 1674.0 34.0 -1370.0 -789.0 474.0 127.0 
-1400.0 -2108.0 -3121.0 -4552.0 -2944.0 -187.0 -459.0 
-1689.0 -2076.0 -2117.0 -616.0 1251.0 784.0 806.0 
2095.0 1250.0 -452.0 -2005.0 -3891.0 -3768.0 -1588.0 
203.0 716.0 461.0 633.0 332.0 -2235.0 -4458.0 
-3382.0 -1715.0 -1841.0 -2238.0 -2292.0 -2057.0 -790.0 
446.0 1634.0 2578.0 279.0 -3459.0 -3748.0 -2066.0 
-342.0 574.0 -567.0 50.0 2347.0 1962.0 1024.0 
447.0 -1911.0 -2922.0 -524.0 1012.0 -142.0 10.0 
1559.0 -395.0 -4513.0 -4817.0 -2161.0 -1840.0 -3179.0 
-2385.0 -266.0 -339.0 -1575.0 -674.0 1208.0 1420.0 
842.0 569.0 -605.0 -2449.0 -3533.0 -3354.0 -2264.0 
-1080.0 192.0 1200.0 1166.0 590.0 -865.0 -2981.0 
-2894.0 -1557.0 -1344.0 -1208.0 -884.0 -86.0 1375.0 
1417.0 -249.0 -1051.0 -436.0 74.0 -329.0 -967.0 
-1166.0 -1429.0 -1388.0 -750.0 -1285.0 -2260.0 -1590.0 
-1161.0 -909.0 1194.0 2090.0 519.0 -212.0 -435.0 
-1525.0 -2591.0 -3609.0 -4274.0 -2516.0 866.0 2237.0 
1228.0 800.0 925.0 177.0 -779.0 -681.0 570.0 
972.0 -335.0 -1570.0 -1719.0 -1700.0 -2075.0 -1821.0 
-825.0 -690.0 -1421.0 -1031.0 72.0 -349.0 -1827.0 
-1917.0 -559.0 349.0 -492.0 -1708.0 -1940.0 -2280.0 
-3232.0 -3451.0 -1675.0 253.0 -128.0 -1656.0 -2186.0 
-1871.0 -1521.0 -1147.0 281.0 1544.0 488.0 -998.0 
-753.0 -177.0 -434.0 -985.0 -1312.0 -1741.0 -1463.0 
-89.0 71.0 -407.0 -36.0 -587.0 -1494.0 -1196.0 
-1449.0 -2548.0 -2767.0 -2350.0 -2175.0 -1962.0 -1310.0 
-589.0 88.0 616.0 991.0 1285.0 1009.0 631.0 
309.0 -286.0 -1204.0 -1615.0 -680.0 -184.0 -1528.0 
-2467.0 -1855.0 -1028.0 -248.0 37.0 -770.0 -1870.0 
-1948.0 -1446.0 -1771.0 -2393.0 -1691.0 -110.0 431.0 
-266.0 -922.0 -566.0 -520.0 -2347.0 -4047.0 -3203.0 
-1658.0 -1848.0 -2164.0 -1474.0 -2014.0 -3081.0 -2019.0 
-906.0 -1637.0 -1300.0 308.0 292.0 -932.0 -1557.0 
-1677.0 -1600.0 -1035.0 -203.0 389.0 308.0 420.0 
1561.0 1404.0 -242.0 -727.0 165.0 862.0 122.0 
-1035.0 -1314.0 -1946.0 -2587.0 -1735.0 -1100.0 -1570.0 
-1247.0 2.0 599.0 374.0 204.0 232.0 186.0 
-3.0 -237.0 -325.0 118.0 536.0 475.0 526.0 
-59.0 -1206.0 -789.0 573.0 1101.0 618.0 -972.0 
-2283.0 -1660.0 -952.0 -1838.0 -2223.0 -1084.0 -663.0 
-1190.0 -432.0 1105.0 1646.0 1380.0 733.0 -243.0 
-1635.0 -2766.0 -2108.0 -1079.0 -1337.0 -978.0 422.0 
1136.0 740.0 12.0 -555.0 -807.0 -650.0 -708.0 
-1165.0 -1285.0 -1206.0 -1790.0 -2022.0 -1067.0 -978.0 
-2003.0 -1756.0 -559.0 -432.0 -740.0 -232.0 -35.0 
-439.0 -478.0 -537.0 -1132.0 -1526.0 -1146.0 -126.0 
1225.0 1538.0 419.0 -128.0 -337.0 -1299.0 -1349.0 
-515.0 -892.0 -2264.0 -2614.0 -1149.0 544.0 918.0 
433.0 114.0 156.0 -122.0 -659.0 -660.0 -198.0 
390.0 1001.0 1352.0 994.0 415.0 436.0 889.0 
389.0 -1204.0 -1969.0 -1611.0 -1724.0 -2215.0 -2261.0 
-2404.0 -2010.0 -823.0 -199.0 -511.0 -1267.0 -1611.0 
-1361.0 -1164.0 -1505.0 -2192.0 -2466.0 -1856.0 -735.0 
-32.0 -36.0 -142.0 -73.0 -288.0 -725.0 -663.0 
-396.0 -727.0 -1201.0 -1063.0 -428.0 384.0 499.0 
-477.0 -1636.0 -2198.0 -2629.0 -2724.0 -1475.0 -224.0 
-611.0 -1361.0 -1421.0 -1283.0 -627.0 249.0 38.0 
-662.0 -580.0 -80.0 328.0 889.0 1278.0 1164.0 
170.0 -909.0 -943.0 -702.0 -516.0 365.0 1424.0 
1691.0 1279.0 607.0 -240.0 -1364.0 -2228.0 -2137.0 
-1230.0 -302.0 -320.0 -969.0 -1127.0 -846.0 -1090.0 
-1623.0 -1566.0 -1469.0 -1819.0 -1524.0 -310.0 375.0 
63.0 -89.0 341.0 687.0 949.0 840.0 196.0 
-138.0 -70.0 -225.0 -754.0 -1496.0 -2024.0 -2439.0 
-2587.0 -2152.0 -1745.0 -1395.0 -1083.0 -917.0 -359.0 
227.0 15.0 -458.0 -919.0 -1511.0 -1224.0 -272.0 
138.0 431.0 927.0 1212.0 1236.0 729.0 118.0 
-24.0 -376.0 -488.0 162.0 -7.0 -1302.0 -1857.0 
-1237.0 -488.0 -26.0 286.0 639.0 986.0 781.0 
78.0 -302.0 -283.0 -258.0 162.0 826.0 857.0 
356.0 -126.0 -428.0 -579.0 -855.0 -1164.0 -779.0 
-59.0 185.0 398.0 451.0 -722.0 -2296.0 -2332.0 
-1007.0 -146.0 -411.0 -767.0 -726.0 -671.0 -688.0 
-406.0 181.0 438.0 -37.0 -859.0 -1027.0 -695.0 
-945.0 -1292.0 -780.0 -341.0 -891.0 -1516.0 -1438.0 
-971.0 -845.0 -932.0 -600.0 -364.0 -496.0 -111.0 
366.0 -198.0 -1399.0 -2230.0 -2457.0 -2501.0 -2454.0 
-1902.0 -1163.0 -644.0 -83.0 337.0 193.0 249.0 
768.0 428.0 -279.0 -71.0 54.0 -461.0 -534.0 
-757.0 -1341.0 -577.0 619.0 708.0 486.0 -17.0 
-651.0 -540.0 -219.0 -268.0 -98.0 662.0 1359.0 
1237.0 691.0 534.0 498.0 171.0 -326.0 -1023.0 
-1613.0 -1627.0 -1242.0 -805.0 -418.0 -490.0 -866.0 
-783.0 -466.0 -427.0 -268.0 198.0 189.0 -205.0 
-133.0 -68.0 -963.0 -2144.0 -2347.0 -1620.0 -897.0 
-725.0 -1016.0 -1321.0 -1590.0 -1989.0 -2295.0 -2175.0 
-1641.0 -1003.0 -429.0 -467.0 -1181.0 -1829.0 -2217.0 
-2257.0 -1884.0 -1456.0 -1121.0 -620.0 102.0 764.0 
897.0 85.0 -981.0 -1260.0 -1178.0 -1297.0 -1195.0 
-635.0 -331.0 -742.0 -1038.0 -820.0 -799.0 -948.0 
-700.0 -323.0 -225.0 -309.0 18.0 691.0 759.0 
297.0 181.0 345.0 264.0 -73.0 -183.0 248.0 
645.0 233.0 -622.0 -919.0 -661.0 -547.0 -776.0 
-1201.0 -1616.0 -1526.0 -988.0 -759.0 -759.0 -504.0 
-264.0 -301.0 -205.0 45.0 214.0 594.0 688.0 
158.0 142.0 478.0 40.0 -604.0 -848.0 -946.0 
-866.0 -545.0 -165.0 -222.0 -835.0 -1100.0 -873.0 
-862.0 -1099.0 -1045.0 -768.0 -907.0 -1375.0 -1758.0 
-1941.0 -1647.0 -1289.0 -1471.0 -1491.0 -742.0 -154.0 
-212.0 -197.0 -49.0 -74.0 -137.0 -393.0 -946.0 
-1134.0 -837.0 -785.0 -1032.0 -1175.0 -1225.0 -1440.0 
-1867.0 -1886.0 -1237.0 -716.0 -539.0 -380.0 -465.0 
-624.0 -465.0 -213.0 -34.0 -22.0 -261.0 -232.0 
107.0 109.0 -339.0 -770.0 -723.0 -307.0 -242.0 
-632.0 -694.0 -381.0 -443.0 -807.0 -881.0 -793.0 
-1007.0 -1412.0 -1508.0 -1220.0 -1014.0 -920.0 -421.0 
137.0 2.0 -346.0 -170.0 132.0 -70.0 -248.0 
146.0 235.0 -352.0 -728.0 -640.0 -461.0 -525.0 
-805.0 -737.0 -210.0 173.0 248.0 230.0 -70.0 
-633.0 -977.0 -852.0 -599.0 -503.0 -100.0 537.0 
377.0 -380.0 -550.0 -227.0 -297.0 -636.0 -657.0 
-668.0 -947.0 -896.0 -270.0 245.0 153.0 -58.0 
22.0 -45.0 -411.0 -565.0 -318.0 -31.0 -108.0 
-389.0 -496.0 -448.0 -427.0 -409.0 -309.0 -241.0 
-228.0 -56.0 45.0 -111.0 -160.0 70.0 409.0 
435.0 72.0 -67.0 131.0 218.0 187.0 229.0 
76.0 -350.0 -416.0 -265.0 -591.0 -1021.0 -1085.0 
-942.0 -835.0 -1035.0 -1228.0 -865.0 -291.0 208.0 
817.0 1000.0 323.0 -587.0 -936.0 -855.0 -1046.0 
-1318.0 -1334.0 -1424.0 -1445.0 -1171.0 -988.0 -1097.0 
-1094.0 -985.0 -929.0 -697.0 -320.0 -171.0 -266.0 
-378.0 -405.0 -366.0 -355.0 -480.0 -666.0 -713.0 
-771.0 -912.0 -863.0 -733.0 -829.0 -1131.0 -1204.0 
-723.0 -236.0 -366.0 -726.0 -710.0 -285.0 54.0 
148.0 302.0 543.0 567.0 335.0 36.0 -366.0 
-619.0 -409.0 -55.0 -1.0 -156.0 -74.0 387.0 
723.0 717.0 773.0 873.0 536.0 -67.0 -389.0 
-534.0 -582.0 -449.0 -526.0 -899.0 -957.0 -554.0 
-310.0 -281.0 -213.0 -313.0 -532.0 -519.0 -473.0 
-903.0 -1510.0 -1632.0 -1292.0 -1027.0 -1127.0 -1277.0 
-1093.0 -1041.0 -1412.0 -1401.0 -762.0 -334.0 -494.0 
-604.0 -236.0 205.0 493.0 527.0 156.0 -117.0 
-91.0 -98.0 -91.0 -111.0 -158.0 -14.0 95.0 
-4.0 -264.0 -564.0 -709.0 -758.0 -788.0 -942.0 
-1245.0 -1118.0 -517.0 -225.0 -254.0 -127.0 155.0 
601.0 1187.0 1410.0 1048.0 622.0 461.0 286.0 
-90.0 -484.0 -564.0 -403.0 -343.0 -388.0 -514.0 
-735.0 -766.0 -610.0 -686.0 -979.0 -1198.0 -1323.0 
-1320.0 -1229.0 -1239.0 -1348.0 -1388.0 -1234.0 -939.0 
-655.0 -525.0 -457.0 -424.0 -458.0 -436.0 -331.0 
-186.0 52.0 101.0 -279.0 -518.0 -424.0 -308.0 
-191.0 -34.0 123.0 263.0 384.0 481.0 393.0 
167.0 25.0 -123.0 -66.0 256.0 223.0 -262.0 
-710.0 -838.0 -797.0 -830.0 -719.0 -362.0 -203.0 
-380.0 -447.0 -222.0 -78.0 -282.0 -599.0 -689.0 
-422.0 -151.0 -166.0 -75.0 164.0 123.0 -108.0 
-305.0 -441.0 -532.0 -729.0 -941.0 -1036.0 -1033.0 
-876.0 -478.0 51.0 342.0 342.0 207.0 -12.0 
-321.0 -585.0 -628.0 -414.0 -128.0 -116.0 -507.0 
-967.0 -1154.0 -1206.0 -1446.0 -1604.0 -1404.0 -1264.0 
-1250.0 -944.0 -524.0 -355.0 -302.0 -312.0 -578.0 
-1049.0 -1365.0 -1074.0 -457.0 -303.0 -469.0 -504.0 
-604.0 -750.0 -738.0 -869.0 -1274.0 -1610.0 -1663.0 
-1562.0 -1556.0 -1705.0 -1881.0 -1911.0 -1858.0 -1827.0 
-1540.0 -1049.0 -845.0 -827.0 -695.0 -723.0 -924.0 
-865.0 -752.0 -1021.0 -1255.0 -1091.0 -922.0 -862.0 
-643.0 -304.0 -190.0 -459.0 -790.0 -846.0 -668.0 
-533.0 -524.0 -541.0 -555.0 -503.0 -381.0 -442.0 
-637.0 -635.0 -607.0 -650.0 -584.0 -560.0 -527.0 
-417.0 -532.0 -698.0 -509.0 -357.0 -493.0 -292.0 
55.0 -173.0 -387.0 10.0 337.0 90.0 -191.0 
-212.0 -352.0 -624.0 -700.0 -612.0 -672.0 -904.0 
-956.0 -883.0 -983.0 -929.0 -608.0 -451.0 -487.0 
-707.0 -933.0 -854.0 -759.0 -666.0 -406.0 -338.0 
-509.0 -633.0 -753.0 -957.0 -1199.0 -1302.0 -1136.0 
-912.0 -825.0 -731.0 -584.0 -525.0 -686.0 -934.0 
-891.0 -704.0 -655.0 -533.0 -144.0 209.0 169.0 
-281.0 -650.0 -593.0 -555.0 -756.0 -755.0 -564.0 
-536.0 -491.0 -294.0 -112.0 -100.0 -208.0 -106.0 
185.0 216.0 -34.0 -275.0 -366.0 -415.0 -445.0 
-322.0 -222.0 -294.0 -365.0 -281.0 -46.0 219.0 
383.0 417.0 309.0 167.0 152.0 127.0 -27.0 
-131.0 -91.0 52.0 255.0 281.0 102.0 140.0 
335.0 73.0 -456.0 -498.0 -293.0 -356.0 -370.0 
-127.0 3.0 -117.0 -218.0 -171.0 -207.0 -368.0 
-282.0 19.0 70.0 -150.0 -369.0 -468.0 -452.0 
-482.0 -634.0 -703.0 -701.0 -815.0 -933.0 -993.0 
-1074.0 -1035.0 -773.0 -690.0 -1094.0 -1517.0 -1627.0 
-1754.0 -1822.0 -1527.0 -1156.0 -761.0 -335.0 -140.0 
-167.0 -414.0 -671.0 -639.0 -661.0 -947.0 -1142.0 
-1234.0 -1488.0 -1563.0 -1165.0 -830.0 -860.0 -985.0 
-1027.0 -906.0 -767.0 -782.0 -679.0 -446.0 -402.0 
-448.0 -388.0 -430.0 -650.0 -766.0 -663.0 -534.0 
-618.0 -823.0 -798.0 -571.0 -513.0 -605.0 -561.0 
-446.0 -400.0 -418.0 -590.0 -714.0 -509.0 -238.0 
-314.0 -550.0 -606.0 -553.0 -561.0 -607.0 -598.0 
-602.0 -772.0 -997.0 -1056.0 -965.0 -864.0 -944.0 
-1180.0 -1152.0 -873.0 -810.0 -873.0 -698.0 -465.0 
-474.0 -525.0 -380.0 -144.0 71.0 56.0 -311.0 
-800.0 -1068.0 -1016.0 -915.0 -967.0 -1037.0 -1008.0 
-950.0 -874.0 -684.0 -579.0 -816.0 -991.0 -699.0 
-387.0 -517.0 -757.0 -780.0 -658.0 -528.0 -454.0 
-441.0 -473.0 -459.0 -317.0 -167.0 -183.0 -318.0 
-344.0 -320.0 -426.0 -521.0 -662.0 -882.0 -723.0 
-337.0 -403.0 -679.0 -629.0 -565.0 -741.0 -933.0 
-990.0 -1030.0 -1177.0 -1241.0 -1052.0 -764.0 -549.0 
-444.0 -497.0 -509.0 -262.0 -6.0 7.0 -67.0 
-204.0 -448.0 -542.0 -327.0 3.0 216.0 214.0 
-10.0 -376.0 -688.0 -790.0 -677.0 -495.0 -507.0 
-657.0 -748.0 -895.0 -1167.0 -1348.0 -1273.0 -980.0 
-669.0 -529.0 -490.0 -454.0 -460.0 -465.0 -374.0 
-313.0 -413.0 -516.0 -497.0 -514.0 -687.0 -818.0 
-722.0 -486.0 -400.0 -595.0 -753.0 -719.0 -755.0 
-890.0 -920.0 -831.0 -704.0 -556.0 -447.0 -493.0 
-621.0 -614.0 -483.0 -349.0 -219.0 -117.0 -101.0 
-70.0 -29.0 -93.0 -185.0 -214.0 -179.0 -120.0 
-150.0 -263.0 -301.0 -267.0 -300.0 -412.0 -544.0 
-517.0 -288.0 -215.0 -476.0 -793.0 -958.0 -986.0 
-945.0 -946.0 -1052.0 -1035.0 -726.0 -431.0 -426.0 
-532.0 -557.0 -501.0 -414.0 -426.0 -512.0 -493.0 
-362.0 -312.0 -397.0 -479.0 -510.0 -467.0 -357.0 
-327.0 -423.0 -486.0 -409.0 -290.0 -259.0 -299.0 
-357.0 -408.0 -512.0 -693.0 -784.0 -624.0 -340.0 
-206.0 -282.0 -429.0 -568.0 -664.0 -609.0 -378.0 
-166.0 -166.0 -237.0 -159.0 -122.0 -210.0 -169.0 
-59.0 -124.0 -239.0 -196.0 -33.0 143.0 175.0 
28.0 -89.0 -97.0 -105.0 25.0 348.0 426.0 
75.0 -261.0 -335.0 -317.0 -273.0 -157.0 -111.0 
-210.0 -362.0 -523.0 -703.0 -768.0 -604.0 -384.0 
-267.0 -177.0 -115.0 -103.0 -63.0 -72.0 -201.0 
-309.0 -256.0 -136.0 -169.0 -334.0 -258.0 49.0 
9.0 -349.0 -224.0 313.0 178.0 -450.0 -450.0 
-172.0 -546.0 -979.0 -634.0 -265.0 -565.0 -805.0 
-566.0 -580.0 -973.0 -1007.0 -752.0 -733.0 -827.0 
-818.0 -646.0 -287.0 -315.0 -928.0 -994.0 -469.0 
-646.0 -1164.0 -928.0 -563.0 -901.0 -1084.0 -446.0 
-150.0 -788.0 -958.0 -236.0 -74.0 -664.0 -718.0 
-442.0 -708.0 -936.0 -642.0 -423.0 -461.0 -404.0 
-287.0 -321.0 -379.0 -270.0 -191.0 -243.0 -162.0 
19.0 90.0 143.0 121.0 -98.0 -339.0 -478.0 
-482.0 -439.0 -514.0 -660.0 -678.0 -620.0 -741.0 
-958.0 -905.0 -632.0 -611.0 -935.0 -1029.0 -590.0 
-355.0 -766.0 -879.0 -244.0 103.0 -236.0 -320.0 
100.0 114.0 -250.0 -49.0 481.0 419.0 65.0 
190.0 341.0 -39.0 -362.0 -215.0 -64.0 -209.0 
-368.0 -317.0 -281.0 -484.0 -736.0 -789.0 -663.0 
-609.0 -761.0 -590.0 38.0 68.0 -501.0 -237.0 
661.0 596.0 -145.0 -30.0 642.0 575.0 209.0 
621.0 966.0 288.0 -90.0 499.0 465.0 -424.0 
-607.0 -179.0 -307.0 -687.0 -752.0 -773.0 -803.0 
-619.0 -468.0 -626.0 -855.0 -869.0 -681.0 -528.0 
-520.0 -452.0 -208.0 -43.0 -85.0 -124.0 -126.0 
-305.0 -573.0 -557.0 -240.0 -35.0 -100.0 -142.0 
-88.0 -242.0 -534.0 -643.0 -631.0 -589.0 -623.0 
-803.0 -847.0 -698.0 -554.0 -441.0 -395.0 -516.0 
-765.0 -927.0 -896.0 -876.0 -970.0 -966.0 -799.0 
-682.0 -594.0 -414.0 -355.0 -495.0 -606.0 -612.0 
-585.0 -604.0 -663.0 -648.0 -684.0 -895.0 -1038.0 
-1002.0 -965.0 -887.0 -709.0 -525.0 -291.0 -119.0 
-249.0 -458.0 -415.0 -299.0 -323.0 -395.0 -467.0 
-549.0 -564.0 -598.0 -760.0 -910.0 -849.0 -608.0 
-385.0 -380.0 -578.0 -756.0 -776.0 -712.0 -735.0 
-805.0 -773.0 -714.0 -796.0 -993.0 -1106.0 -1015.0 
-818.0 -620.0 -444.0 -370.0 -387.0 -432.0 -480.0 
-445.0 -369.0 -453.0 -729.0 -946.0 -796.0 -505.0 
-681.0 -1111.0 -1089.0 -743.0 -803.0 -1152.0 -930.0 
-397.0 -455.0 -638.0 -202.0 191.0 14.0 -94.0 
135.0 116.0 -166.0 -216.0 -97.0 -116.0 -334.0 
-585.0 -619.0 -511.0 -523.0 -590.0 -492.0 -356.0 
-395.0 -549.0 -623.0 -638.0 -597.0 -390.0 -171.0 
-229.0 -506.0 -610.0 -555.0 -621.0 -645.0 -438.0 
-347.0 -612.0 -597.0 0.0 130.0 -512.0 -797.0 
-534.0 -602.0 -918.0 -789.0 -339.0 -285.0 -551.0 
-320.0 153.0 52.0 -165.0 103.0 230.0 -134.0 
-361.0 -323.0 -439.0 -632.0 -621.0 -453.0 -344.0 
-383.0 -496.0 -590.0 -603.0 -529.0 -336.0 -47.0 
74.0 -149.0 -394.0 -533.0 -800.0 -990.0 -825.0 
-590.0 -694.0 -886.0 -699.0 -390.0 -416.0 -606.0 
-706.0 -774.0 -806.0 -798.0 -802.0 -763.0 -642.0 
-563.0 -586.0 -651.0 -693.0 -677.0 -619.0 -608.0 
-590.0 -516.0 -549.0 -723.0 -837.0 -786.0 -652.0 
-563.0 -632.0 -797.0 -883.0 -850.0 -819.0 -876.0 
-939.0 -881.0 -805.0 -912.0 -1143.0 -1232.0 -1076.0 
-877.0 -831.0 -845.0 -763.0 -739.0 -806.0 -817.0 
-835.0 -908.0 -874.0 -725.0 -676.0 -752.0 -799.0 
-885.0 -1065.0 -1049.0 -829.0 -739.0 -732.0 -588.0 
-471.0 -531.0 -531.0 -381.0 -288.0 -334.0 -476.0 
-686.0 -836.0 -835.0 -819.0 -951.0 -1083.0 -964.0 
-667.0 -530.0 -603.0 -687.0 -748.0 -839.0 -969.0 
-982.0 -843.0 -856.0 -1034.0 -991.0 -702.0 -703.0 
-1029.0 -827.0 -101.0 17.0 -567.0 -868.0 -687.0 
-713.0 -1141.0 -1331.0 -1064.0 -906.0 -1046.0 -967.0 
-566.0 -491.0 -793.0 -676.0 -159.0 -141.0 -593.0 
-763.0 -635.0 -619.0 -647.0 -564.0 -600.0 -736.0 
-681.0 -570.0 -604.0 -608.0 -487.0 -409.0 -481.0 
-534.0 -392.0 -109.0 76.0 -61.0 -311.0 -326.0 
-185.0 -203.0 -385.0 -510.0 -474.0 -319.0 -165.0 
-109.0 -167.0 -226.0 -151.0 -69.0 -181.0 -285.0 
-206.0 -228.0 -451.0 -610.0 -582.0 -476.0 -360.0 
-145.0 50.0 -73.0 -458.0 -740.0 -730.0 -592.0 
-557.0 -598.0 -550.0 -469.0 -496.0 -529.0 -502.0 
-553.0 -619.0 -565.0 -447.0 -346.0 -325.0 -426.0 
-429.0 -306.0 -332.0 -466.0 -510.0 -473.0 -453.0 
-516.0 -664.0 -757.0 -720.0 -688.0 -726.0 -711.0 
-684.0 -765.0 -764.0 -520.0 -298.0 -259.0 -86.0 
210.0 256.0 175.0 205.0 213.0 232.0 464.0 
578.0 72.0 -334.0 98.0 361.0 -67.0 -216.0 
5.0 -100.0 -459.0 -556.0 -317.0 -223.0 -471.0 
-521.0 -248.0 -191.0 -330.0 -289.0 -215.0 -308.0 
-384.0 -414.0 -492.0 -545.0 -580.0 -637.0 -695.0 
-777.0 -909.0 -963.0 -896.0 -952.0 -1120.0 -1045.0 
-768.0 -786.0 -1118.0 -1297.0 -1072.0 -849.0 -1152.0 
-1528.0 -1377.0 -1212.0 -1532.0 -1664.0 -1239.0 -1168.0 
-1607.0 -1463.0 -756.0 -712.0 -1256.0 -1130.0 -555.0 
-631.0 -1009.0 -963.0 -900.0 -1167.0 -1230.0 -982.0 
-905.0 -883.0 -792.0 -1043.0 -1293.0 -910.0 -541.0 
-828.0 -963.0 -540.0 -555.0 -1232.0 -1387.0 -866.0 
-826.0 -1178.0 -954.0 -585.0 -814.0 -1004.0 -822.0 
-884.0 -1085.0 -908.0 -716.0 -757.0 -612.0 -443.0 
-605.0 -808.0 -845.0 -907.0 -985.0 -927.0 -765.0 
-707.0 -857.0 -1079.0 -1145.0 -985.0 -842.0 -875.0 
-880.0 -745.0 -665.0 -760.0 -864.0 -924.0 -1036.0 
-939.0 -502.0 -268.0 -563.0 -821.0 -621.0 -541.0 
-942.0 -951.0 -277.0 -187.0 -896.0 -973.0 -259.0 
-285.0 -1044.0 -818.0 67.0 -153.0 -858.0 -568.0 
-99.0 -244.0 -120.0 236.0 111.0 168.0 655.0 
462.0 -29.0 384.0 784.0 133.0 -418.0 63.0 
380.0 -132.0 -208.0 347.0 231.0 -251.0 15.0 
444.0 395.0 473.0 699.0 546.0 409.0 497.0 
232.0 -127.0 79.0 286.0 -117.0 -557.0 -393.0 
41.0 51.0 -252.0 -263.0 -135.0 -362.0 -659.0 
-480.0 -260.0 -635.0 -953.0 -570.0 -322.0 -641.0 
-681.0 -364.0 -469.0 -762.0 -540.0 -288.0 -590.0 
-822.0 -689.0 -749.0 -882.0 -664.0 -522.0 -645.0 
-380.0 59.0 -60.0 -227.0 39.0 107.0 -247.0 
-508.0 -445.0 -346.0 -355.0 -284.0 -247.0 -560.0 
-958.0 -987.0 -741.0 -450.0 -229.0 -159.0 -215.0 
-445.0 -855.0 -1073.0 -1056.0 -1159.0 -1272.0 -1168.0 
-1123.0 -1420.0 -1646.0 -1237.0 -740.0 -1061.0 -1550.0 
-1363.0 -1126.0 -1309.0 -1322.0 -960.0 -878.0 -1159.0 
-1123.0 -837.0 -931.0 -1148.0 -912.0 -575.0 -650.0 
-879.0 -872.0 -688.0 -740.0 -949.0 -580.0 104.0 
-30.0 -647.0 -561.0 -13.0 -89.0 -720.0 -874.0 
-609.0 -787.0 -1070.0 -721.0 -383.0 -696.0 -883.0 
-532.0 -339.0 -543.0 -709.0 -625.0 -424.0 -319.0 
-329.0 -432.0 -607.0 -725.0 -780.0 -858.0 -922.0 
-792.0 -455.0 -348.0 -655.0 -839.0 -636.0 -479.0 
-557.0 -542.0 -241.0 -101.0 -465.0 -734.0 -458.0 
-208.0 -452.0 -788.0 -719.0 -455.0 -488.0 -637.0 
-489.0 -289.0 -492.0 -874.0 -685.0 -67.0 1.0 
-406.0 -240.0 194.0 -193.0 -747.0 -370.0 176.0 
-103.0 -541.0 -384.0 -314.0 -644.0 -687.0 -446.0 
-360.0 -475.0 -547.0 -343.0 -122.0 -177.0 -193.0 
-6.0 -73.0 -385.0 -103.0 481.0 161.0 -401.0 
-35.0 426.0 60.0 -151.0 448.0 418.0 -751.0 
-977.0 108.0 171.0 -833.0 -807.0 -153.0 -238.0 
-545.0 -417.0 -246.0 -368.0 -341.0 43.0 347.0 
338.0 207.0 65.0 -152.0 -203.0 62.0 261.0 
123.0 -194.0 -420.0 -474.0 -534.0 -519.0 -279.0 
-117.0 -255.0 -434.0 -467.0 -489.0 -485.0 -289.0 
-69.0 13.0 43.0 -265.0 -627.0 -322.0 105.0 
-118.0 -305.0 148.0 281.0 -378.0 -666.0 -179.0 
-118.0 -502.0 -189.0 284.0 -42.0 -374.0 -87.0 
-35.0 -495.0 -454.0 118.0 112.0 -234.0 -42.0 
108.0 -206.0 -216.0 124.0 116.0 -281.0 -454.0 
-283.0 -223.0 -279.0 -110.0 183.0 203.0 64.0 
76.0 78.0 49.0 82.0 -24.0 -271.0 -377.0 
-320.0 -226.0 -221.0 -377.0 -491.0 -385.0 -185.0 
-28.0 43.0 -60.0 -377.0 -646.0 -502.0 -205.0 
-341.0 -576.0 -498.0 -553.0 -768.0 -687.0 -381.0 
-313.0 -511.0 -536.0 -521.0 -738.0 -810.0 -820.0 
-855.0 -749.0 -894.0 -1048.0 -722.0 -581.0 -840.0 
-750.0 -345.0 -433.0 -845.0 -774.0 -455.0 -368.0 
-319.0 -288.0 -498.0 -738.0 -583.0 -179.0 -75.0 
-317.0 -523.0 -442.0 -239.0 -255.0 -465.0 -597.0 
-490.0 -221.0 -264.0 -786.0 -907.0 -408.0 -333.0 
-858.0 -874.0 -266.0 -323.0 -1011.0 -907.0 -211.0 
-377.0 -810.0 -349.0 83.0 -268.0 -466.0 -208.0 
-93.0 -68.0 -135.0 -443.0 -482.0 -214.0 -186.0 
-284.0 -145.0 151.0 226.0 89.0 247.0 417.0 
59.0 -136.0 95.0 167.0 272.0 559.0 615.0 
578.0 547.0 591.0 772.0 587.0 382.0 546.0 
242.0 -411.0 -486.0 -53.0 159.0 -28.0 174.0 
615.0 366.0 72.0 401.0 659.0 499.0 357.0 
488.0 657.0 511.0 287.0 351.0 312.0 -96.0 
-489.0 -388.0 -71.0 -156.0 -292.0 56.0 258.0 
-82.0 -160.0 139.0 27.0 -336.0 -317.0 -153.0 
-307.0 -544.0 -386.0 -130.0 -279.0 -522.0 -416.0 
-140.0 -154.0 -349.0 -333.0 -225.0 -166.0 -158.0 
-231.0 -303.0 -234.0 -164.0 -386.0 -551.0 -256.0 
-48.0 -296.0 -419.0 -223.0 -172.0 -253.0 -93.0 
136.0 -19.0 -258.0 -22.0 271.0 146.0 -72.0 
-26.0 154.0 89.0 -124.0 -190.0 4.0 208.0 
179.0 103.0 134.0 139.0 0.0 -148.0 -70.0 
126.0 118.0 -36.0 -75.0 -36.0 -15.0 109.0 
289.0 324.0 300.0 383.0 253.0 -172.0 -187.0 
156.0 182.0 -27.0 -51.0 190.0 205.0 -253.0 
-496.0 -310.0 -299.0 -402.0 -323.0 -392.0 -624.0 
-564.0 -210.0 -92.0 -355.0 -520.0 -602.0 -771.0 
-675.0 -417.0 -434.0 -509.0 -466.0 -549.0 -618.0 
-394.0 -262.0 -467.0 -474.0 -235.0 -205.0 -340.0 
-447.0 -507.0 -574.0 -525.0 -329.0 -439.0 -748.0 
-448.0 112.0 -192.0 -969.0 -814.0 36.0 77.0 
-605.0 -544.0 131.0 -102.0 -962.0 -756.0 0.0 
-367.0 -1095.0 -643.0 42.0 -421.0 -979.0 -505.0 
26.0 -139.0 -250.0 111.0 311.0 54.0 -28.0 
253.0 386.0 134.0 -70.0 130.0 206.0 -126.0 
-136.0 326.0 378.0 146.0 368.0 593.0 264.0 
-153.0 -45.0 343.0 341.0 85.0 173.0 364.0 
178.0 -78.0 16.0 197.0 94.0 24.0 298.0 
530.0 451.0 336.0 358.0 307.0 174.0 180.0 
236.0 215.0 220.0 257.0 245.0 222.0 224.0 
195.0 45.0 -93.0 -6.0 158.0 160.0 62.0 
43.0 123.0 203.0 143.0 -20.0 4.0 157.0 
89.0 -72.0 -90.0 -27.0 20.0 21.0 46.0 
113.0 141.0 115.0 48.0 1.0 13.0 -9.0 
-82.0 -85.0 -130.0 -251.0 -200.0 -142.0 -192.0 
-41.0 134.0 -45.0 -244.0 -157.0 -92.0 -191.0 
-293.0 -275.0 -217.0 -209.0 -71.0 59.0 -48.0 
7.0 273.0 329.0 264.0 152.0 23.0 99.0 
179.0 175.0 281.0 212.0 -10.0 24.0 144.0 
122.0 30.0 18.0 272.0 443.0 219.0 6.0 
-14.0 8.0 159.0 283.0 164.0 20.0 5.0 
29.0 64.0 66.0 100.0 318.0 498.0 390.0 
250.0 417.0 691.0 631.0 405.0 459.0 559.0 
354.0 228.0 340.0 310.0 127.0 107.0 323.0 
349.0 -58.0 -149.0 477.0 746.0 301.0 313.0 
847.0 655.0 0.0 225.0 906.0 793.0 325.0 
513.0 832.0 530.0 160.0 279.0 521.0 463.0 
270.0 273.0 350.0 336.0 368.0 363.0 155.0 
-45.0 18.0 165.0 188.0 213.0 327.0 403.0 
334.0 211.0 171.0 182.0 194.0 294.0 437.0 
425.0 316.0 240.0 229.0 326.0 431.0 553.0 
754.0 757.0 564.0 573.0 743.0 770.0 659.0 
653.0 799.0 824.0 775.0 847.0 848.0 662.0 
437.0 248.0 219.0 332.0 348.0 226.0 158.0 
222.0 246.0 148.0 137.0 261.0 253.0 113.0 
59.0 88.0 -3.0 -183.0 -130.0 115.0 54.0 
-200.0 -61.0 198.0 63.0 -128.0 29.0 225.0 
198.0 203.0 227.0 97.0 97.0 305.0 373.0 
249.0 71.0 -96.0 -112.0 75.0 291.0 275.0 
126.0 193.0 327.0 282.0 232.0 297.0 272.0 
136.0 183.0 393.0 437.0 344.0 451.0 625.0 
515.0 281.0 111.0 79.0 328.0 355.0 -104.0 
-88.0 497.0 407.0 -214.0 -88.0 538.0 421.0 
-162.0 43.0 680.0 443.0 -65.0 340.0 828.0 
600.0 386.0 510.0 494.0 258.0 117.0 170.0 
171.0 114.0 178.0 169.0 54.0 29.0 6.0 
12.0 141.0 191.0 271.0 431.0 288.0 -45.0 
8.0 429.0 553.0 267.0 211.0 486.0 545.0 
478.0 650.0 766.0 569.0 351.0 370.0 441.0 
327.0 282.0 587.0 801.0 550.0 320.0 356.0 
240.0 61.0 163.0 346.0 467.0 601.0 640.0 
558.0 446.0 351.0 326.0 278.0 230.0 385.0 
573.0 449.0 155.0 127.0 365.0 436.0 283.0 
249.0 440.0 576.0 411.0 197.0 344.0 648.0 
606.0 252.0 72.0 294.0 340.0 -38.0 -137.0 
201.0 324.0 189.0 307.0 576.0 368.0 -62.0 
38.0 311.0 190.0 84.0 297.0 355.0 75.0 
-89.0 44.0 149.0 104.0 71.0 65.0 55.0 
133.0 292.0 328.0 194.0 75.0 96.0 181.0 
242.0 338.0 440.0 432.0 356.0 341.0 432.0 
494.0 393.0 386.0 662.0 825.0 578.0 247.0 
256.0 513.0 450.0 108.0 215.0 630.0 375.0 
-277.0 -59.0 572.0 251.0 -361.0 16.0 502.0 
84.0 -98.0 520.0 560.0 -95.0 -145.0 230.0 
58.0 -321.0 -272.0 -72.0 -103.0 -222.0 -249.0 
-286.0 -329.0 -278.0 -180.0 -66.0 64.0 157.0 
193.0 182.0 101.0 71.0 191.0 305.0 222.0 
124.0 211.0 288.0 168.0 24.0 41.0 177.0 
261.0 334.0 428.0 398.0 403.0 492.0 408.0 
255.0 296.0 430.0 488.0 548.0 710.0 736.0 
531.0 443.0 621.0 808.0 739.0 448.0 248.0 
408.0 608.0 414.0 192.0 446.0 751.0 536.0 
132.0 139.0 384.0 338.0 68.0 13.0 177.0 
191.0 158.0 388.0 517.0 350.0 362.0 543.0 
388.0 168.0 436.0 686.0 379.0 114.0 324.0 
424.0 154.0 69.0 236.0 125.0 -111.0 133.0 
638.0 621.0 191.0 182.0 486.0 471.0 277.0 
273.0 419.0 491.0 351.0 254.0 306.0 182.0 
81.0 269.0 339.0 135.0 104.0 372.0 491.0 
228.0 41.0 334.0 556.0 359.0 311.0 473.0 
449.0 356.0 457.0 515.0 242.0 0.0 171.0 
369.0 227.0 222.0 444.0 300.0 196.0 585.0 
680.0 120.0 -144.0 253.0 470.0 192.0 19.0 
257.0 444.0 224.0 37.0 159.0 265.0 316.0 
318.0 219.0 169.0 204.0 218.0 168.0 93.0 
49.0 130.0 290.0 269.0 111.0 90.0 155.0 
216.0 216.0 140.0 162.0 348.0 554.0 607.0 
502.0 508.0 562.0 432.0 259.0 399.0 745.0 
726.0 545.0 740.0 783.0 353.0 318.0 659.0 
477.0 170.0 529.0 891.0 605.0 347.0 565.0 
708.0 485.0 403.0 501.0 321.0 180.0 502.0 
603.0 -29.0 -335.0 411.0 836.0 53.0 -377.0 
336.0 542.0 -354.0 -681.0 -5.0 6.0 -840.0 
-792.0 31.0 -87.0 -631.0 -313.0 -22.0 -308.0 
-368.0 -151.0 -137.0 -212.0 -279.0 -291.0 -203.0 
-245.0 -404.0 -470.0 -422.0 -387.0 -405.0 -368.0 
-264.0 -255.0 -235.0 -108.0 -148.0 -256.0 -105.0 
48.0 -69.0 -51.0 198.0 235.0 107.0 282.0 
560.0 329.0 -17.0 304.0 712.0 320.0 0.0 
650.0 1118.0 487.0 73.0 655.0 818.0 74.0 
-53.0 600.0 682.0 227.0 272.0 591.0 462.0 
281.0 547.0 745.0 511.0 369.0 563.0 596.0 
410.0 428.0 520.0 439.0 437.0 577.0 588.0 
490.0 492.0 556.0 664.0 800.0 732.0 541.0 
442.0 275.0 93.0 175.0 418.0 492.0 340.0 
341.0 455.0 171.0 -220.0 -17.0 414.0 294.0 
-1.0 204.0 366.0 46.0 -14.0 398.0 412.0 
-46.0 -43.0 311.0 261.0 88.0 208.0 266.0 
203.0 260.0 374.0 479.0 537.0 509.0 459.0 
456.0 482.0 453.0 307.0 245.0 379.0 541.0 
642.0 734.0 717.0 583.0 516.0 532.0 587.0 
719.0 830.0 735.0 573.0 623.0 718.0 570.0 
385.0 414.0 472.0 403.0 391.0 457.0 313.0 
36.0 115.0 472.0 518.0 250.0 71.0 75.0 
142.0 184.0 141.0 112.0 180.0 191.0 152.0 
244.0 241.0 7.0 -62.0 204.0 363.0 253.0 
219.0 235.0 98.0 -36.0 13.0 149.0 54.0 
-170.0 -133.0 -28.0 -132.0 -226.0 -122.0 -14.0 
-125.0 -251.0 -178.0 -175.0 -400.0 -484.0 -215.0 
-21.0 -212.0 -299.0 -36.0 0.0 -355.0 -451.0 
-76.0 74.0 -177.0 -246.0 41.0 257.0 1.0 
-419.0 -304.0 34.0 -139.0 -370.0 -115.0 -49.0 
-462.0 -482.0 -51.0 -32.0 -356.0 -233.0 134.0 
76.0 -88.0 -22.0 -125.0 -217.0 -5.0 19.0 
-138.0 -19.0 196.0 186.0 124.0 196.0 332.0 
330.0 262.0 385.0 537.0 492.0 420.0 313.0 
128.0 224.0 489.0 338.0 31.0 319.0 757.0 
468.0 7.0 289.0 698.0 402.0 42.0 212.0 
322.0 126.0 240.0 598.0 562.0 229.0 104.0 
136.0 111.0 61.0 61.0 194.0 271.0 44.0 
-57.0 234.0 390.0 211.0 161.0 327.0 338.0 
177.0 239.0 522.0 476.0 155.0 221.0 501.0 
374.0 152.0 277.0 385.0 171.0 5.0 265.0 
529.0 332.0 213.0 590.0 700.0 239.0 122.0 
612.0 674.0 130.0 76.0 436.0 274.0 34.0 
425.0 600.0 167.0 98.0 463.0 370.0 35.0 
145.0 345.0 240.0 192.0 354.0 319.0 63.0 
51.0 365.0 558.0 394.0 155.0 294.0 659.0 
534.0 113.0 249.0 616.0 382.0 86.0 465.0 
677.0 140.0 19.0 664.0 806.0 212.0 28.0 
364.0 344.0 57.0 88.0 232.0 139.0 70.0 
168.0 206.0 76.0 15.0 162.0 226.0 41.0 
-22.0 325.0 542.0 111.0 -222.0 204.0 463.0 
-3.0 -123.0 387.0 243.0 -525.0 -441.0 227.0 
38.0 -503.0 -200.0 222.0 -137.0 -478.0 -250.0 
-152.0 -309.0 -246.0 -97.0 -133.0 -172.0 -123.0 
-116.0 -150.0 -185.0 -257.0 -226.0 -53.0 -36.0 
-146.0 -44.0 149.0 80.0 -106.0 -58.0 165.0 
233.0 184.0 226.0 279.0 216.0 216.0 463.0 
611.0 395.0 288.0 694.0 1001.0 683.0 422.0 
708.0 825.0 460.0 316.0 585.0 597.0 334.0 
401.0 664.0 585.0 328.0 337.0 461.0 456.0 
467.0 516.0 435.0 384.0 479.0 481.0 260.0 
16.0 40.0 206.0 236.0 259.0 333.0 269.0 
223.0 332.0 313.0 