543.0 430.0 318.0 180.0 27.0 -117.0 -234.0 
-339.0 -477.0 -648.0 -807.0 -945.0 -1090.0 -1253.0 
-1432.0 -1602.0 -1754.0 -1907.0 -2048.0 -2182.0 -2329.0 
-2458.0 -2550.0 -2631.0 -2702.0 -2749.0 -2795.0 -2819.0 
-2782.0 -2735.0 -2710.0 -2645.0 -2544.0 -2442.0 -2319.0 
-2181.0 -2038.0 -1852.0 -1650.0 -1480.0 -1313.0 -1111.0 
-895.0 -684.0 -467.0 -260.0 -70.0 137.0 362.0 
561.0 735.0 928.0 1139.0 1339.0 1530.0 1708.0 
1866.0 2027.0 2183.0 2309.0 2417.0 2507.0 2575.0 
2647.0 2712.0 2725.0 2697.0 2677.0 2679.0 2659.0 
2583.0 2489.0 2407.0 2320.0 2218.0 2106.0 1978.0 
1854.0 1752.0 1654.0 1550.0 1429.0 1291.0 1172.0 
1078.0 987.0 893.0 800.0 715.0 646.0 573.0 
489.0 403.0 316.0 244.0 191.0 114.0 20.0 
-50.0 -118.0 -228.0 -370.0 -503.0 -628.0 -765.0 
-909.0 -1063.0 -1229.0 -1389.0 -1537.0 -1680.0 -1842.0 
-2015.0 -2158.0 -2256.0 -2342.0 -2423.0 -2479.0 -2524.0 
-2570.0 -2594.0 -2582.0 -2547.0 -2508.0 -2458.0 -2385.0 
-2317.0 -2258.0 -2178.0 -2073.0 -1968.0 -1875.0 -1776.0 
-1638.0 -1469.0 -1294.0 -1143.0 -1016.0 -868.0 -695.0 
-518.0 -337.0 -170.0 -19.0 148.0 344.0 522.0 
683.0 845.0 998.0 1176.0 1388.0 1584.0 1733.0 
1850.0 1962.0 2091.0 2212.0 2287.0 2323.0 2363.0 
2409.0 2424.0 2402.0 2358.0 2298.0 2211.0 2093.0 
1954.0 1812.0 1668.0 1514.0 1353.0 1185.0 1000.0 
806.0 639.0 506.0 382.0 253.0 139.0 59.0 
11.0 -33.0 -90.0 -146.0 -173.0 -171.0 -180.0 
-211.0 -236.0 -240.0 -236.0 -250.0 -288.0 -317.0 
-314.0 -318.0 -351.0 -385.0 -403.0 -415.0 -419.0 
-430.0 -461.0 -487.0 -496.0 -500.0 -506.0 -513.0 
-526.0 -543.0 -552.0 -549.0 -558.0 -585.0 -587.0 
-550.0 -522.0 -513.0 -500.0 -487.0 -470.0 -445.0 
-436.0 -447.0 -449.0 -416.0 -378.0 -367.0 -364.0 
-356.0 -354.0 -342.0 -310.0 -283.0 -270.0 -254.0 
-234.0 -222.0 -222.0 -232.0 -248.0 -273.0 -290.0 
-307.0 -346.0 -393.0 -431.0 -460.0 -499.0 -549.0 
-584.0 -587.0 -574.0 -564.0 -540.0 -501.0 -464.0 
-421.0 -365.0 -307.0 -242.0 -167.0 -82.0 10.0 
93.0 167.0 267.0 387.0 496.0 590.0 674.0 
766.0 865.0 939.0 983.0 1010.0 1036.0 1077.0 
1121.0 1151.0 1162.0 1152.0 1137.0 1133.0 1113.0 
1070.0 1036.0 1024.0 1005.0 971.0 929.0 882.0 
843.0 811.0 757.0 686.0 624.0 569.0 518.0 
475.0 420.0 350.0 292.0 248.0 188.0 103.0 
19.0 -54.0 -131.0 -212.0 -299.0 -386.0 -470.0 
-557.0 -650.0 -759.0 -882.0 -997.0 -1098.0 -1201.0 
-1315.0 -1433.0 -1536.0 -1609.0 -1666.0 -1722.0 -1759.0 
-1758.0 -1724.0 -1663.0 -1590.0 -1511.0 -1410.0 -1277.0 
-1125.0 -964.0 -796.0 -633.0 -471.0 -284.0 -83.0 
89.0 230.0 358.0 488.0 613.0 707.0 772.0 
815.0 835.0 836.0 818.0 776.0 732.0 692.0 
647.0 603.0 571.0 543.0 525.0 532.0 547.0 
562.0 600.0 669.0 742.0 798.0 840.0 866.0 
901.0 951.0 969.0 945.0 921.0 902.0 878.0 
845.0 794.0 724.0 654.0 591.0 504.0 405.0 
310.0 219.0 141.0 81.0 13.0 -74.0 -159.0 
-234.0 -290.0 -327.0 -371.0 -430.0 -488.0 -533.0 
-579.0 -634.0 -690.0 -736.0 -766.0 -788.0 -820.0 
-849.0 -862.0 -871.0 -894.0 -926.0 -943.0 -960.0 
-979.0 -975.0 -974.0 -1002.0 -1010.0 -983.0 -965.0 
-946.0 -908.0 -873.0 -822.0 -730.0 -625.0 -522.0 
-397.0 -242.0 -71.0 103.0 267.0 427.0 606.0 
802.0 967.0 1068.0 1154.0 1270.0 1374.0 1433.0 
1456.0 1480.0 1534.0 1577.0 1566.0 1522.0 1484.0 
1452.0 1405.0 1359.0 1296.0 1185.0 1065.0 983.0 
909.0 792.0 638.0 479.0 344.0 236.0 122.0 
-37.0 -215.0 -349.0 -460.0 -591.0 -720.0 -827.0 
-935.0 -1035.0 -1106.0 -1160.0 -1204.0 -1231.0 -1216.0 
-1180.0 -1174.0 -1183.0 -1155.0 -1112.0 -1103.0 -1090.0 
-1060.0 -1050.0 -1032.0 -987.0 -955.0 -947.0 -929.0 
-895.0 -867.0 -848.0 -819.0 -772.0 -701.0 -625.0 
-569.0 -510.0 -400.0 -248.0 -110.0 9.0 146.0 
312.0 495.0 669.0 815.0 937.0 1042.0 1155.0 
1277.0 1378.0 1452.0 1509.0 1563.0 1612.0 1632.0 
1610.0 1552.0 1481.0 1425.0 1392.0 1347.0 1262.0 
1158.0 1046.0 912.0 752.0 571.0 387.0 207.0 
32.0 -141.0 -322.0 -511.0 -679.0 -807.0 -926.0 
-1039.0 -1110.0 -1139.0 -1140.0 -1124.0 -1120.0 -1110.0 
-1056.0 -977.0 -902.0 -838.0 -773.0 -687.0 -585.0 
-503.0 -440.0 -371.0 -287.0 -199.0 -108.0 -22.0 
49.0 109.0 181.0 260.0 309.0 324.0 345.0 
373.0 390.0 396.0 386.0 354.0 316.0 289.0 
250.0 169.0 78.0 20.0 -31.0 -93.0 -148.0 
-195.0 -246.0 -277.0 -285.0 -310.0 -350.0 -359.0 
-338.0 -328.0 -347.0 -363.0 -347.0 -317.0 -295.0 
-283.0 -266.0 -236.0 -211.0 -184.0 -140.0 -99.0 
-66.0 -19.0 47.0 127.0 201.0 256.0 307.0 
378.0 445.0 472.0 475.0 478.0 486.0 492.0 
465.0 408.0 356.0 318.0 275.0 212.0 137.0 
74.0 16.0 -27.0 -49.0 -70.0 -86.0 -77.0 
-56.0 -28.0 0.0 32.0 96.0 178.0 251.0 
313.0 376.0 446.0 520.0 577.0 603.0 627.0 
664.0 704.0 724.0 725.0 717.0 708.0 701.0 
681.0 621.0 538.0 467.0 387.0 276.0 147.0 
11.0 -109.0 -209.0 -315.0 -438.0 -555.0 -663.0 
-762.0 -826.0 -869.0 -927.0 -976.0 -972.0 -941.0 
-935.0 -945.0 -923.0 -855.0 -789.0 -744.0 -705.0 
-655.0 -596.0 -543.0 -501.0 -450.0 -391.0 -336.0 
-272.0 -184.0 -97.0 -34.0 26.0 113.0 200.0 
256.0 303.0 369.0 438.0 491.0 514.0 515.0 
533.0 565.0 581.0 586.0 593.0 611.0 644.0 
681.0 692.0 679.0 668.0 662.0 651.0 643.0 
637.0 605.0 544.0 488.0 436.0 369.0 302.0 
257.0 224.0 173.0 96.0 19.0 -57.0 -136.0 
-197.0 -261.0 -343.0 -413.0 -457.0 -497.0 -553.0 
-627.0 -698.0 -737.0 -758.0 -796.0 -848.0 -887.0 
-904.0 -917.0 -953.0 -998.0 -1007.0 -988.0 -961.0 
-927.0 -892.0 -847.0 -776.0 -692.0 -604.0 -503.0 
-390.0 -270.0 -146.0 -23.0 88.0 214.0 384.0 
567.0 712.0 824.0 918.0 1004.0 1100.0 1186.0 
1243.0 1275.0 1302.0 1323.0 1306.0 1249.0 1183.0 
1129.0 1081.0 1012.0 918.0 813.0 703.0 580.0 
449.0 325.0 199.0 54.0 -86.0 -217.0 -359.0 
-504.0 -647.0 -774.0 -868.0 -957.0 -1070.0 -1166.0 
-1187.0 -1169.0 -1161.0 -1168.0 -1151.0 -1099.0 -1034.0 
-965.0 -883.0 -794.0 -721.0 -641.0 -526.0 -420.0 
-365.0 -313.0 -211.0 -100.0 -16.0 56.0 127.0 
194.0 250.0 290.0 325.0 360.0 395.0 445.0 
503.0 533.0 538.0 568.0 639.0 697.0 711.0 
706.0 715.0 755.0 811.0 841.0 845.0 858.0 
885.0 910.0 916.0 908.0 891.0 868.0 847.0 
810.0 758.0 727.0 702.0 662.0 616.0 554.0 
486.0 438.0 391.0 333.0 267.0 193.0 123.0 
55.0 -25.0 -112.0 -212.0 -313.0 -389.0 -475.0 
-587.0 -673.0 -742.0 -822.0 -907.0 -1002.0 -1103.0 
-1171.0 -1208.0 -1246.0 -1301.0 -1367.0 -1416.0 -1429.0 
-1421.0 -1419.0 -1409.0 -1374.0 -1321.0 -1248.0 -1151.0 
-1054.0 -976.0 -887.0 -775.0 -673.0 -598.0 -513.0 
-408.0 -297.0 -188.0 -97.0 -31.0 40.0 136.0 
231.0 318.0 391.0 444.0 511.0 589.0 645.0 
681.0 719.0 775.0 834.0 872.0 884.0 883.0 
895.0 918.0 912.0 879.0 858.0 852.0 842.0 
819.0 788.0 760.0 730.0 708.0 700.0 686.0 
659.0 650.0 663.0 649.0 597.0 549.0 512.0 
461.0 399.0 337.0 266.0 198.0 152.0 114.0 
56.0 -15.0 -65.0 -80.0 -80.0 -79.0 -83.0 
-98.0 -100.0 -81.0 -77.0 -97.0 -103.0 -92.0 
-84.0 -91.0 -120.0 -152.0 -159.0 -157.0 -164.0 
-166.0 -161.0 -156.0 -159.0 -165.0 -166.0 -164.0 
-171.0 -178.0 -172.0 -168.0 -187.0 -224.0 -251.0 
-261.0 -287.0 -340.0 -385.0 -404.0 -422.0 -462.0 
-507.0 -546.0 -578.0 -603.0 -633.0 -669.0 -694.0 
-698.0 -690.0 -688.0 -690.0 -684.0 -667.0 -642.0 
-606.0 -576.0 -557.0 -519.0 -463.0 -423.0 -399.0 
-368.0 -333.0 -280.0 -203.0 -133.0 -78.0 -9.0 
85.0 187.0 276.0 358.0 453.0 570.0 683.0 
767.0 840.0 921.0 999.0 1056.0 1096.0 1129.0 
1147.0 1143.0 1137.0 1128.0 1082.0 1003.0 912.0 
820.0 714.0 589.0 470.0 365.0 241.0 103.0 
-12.0 -125.0 -240.0 -320.0 -378.0 -457.0 -552.0 
-620.0 -650.0 -678.0 -718.0 -755.0 -781.0 -790.0 
-764.0 -725.0 -699.0 -664.0 -600.0 -520.0 -447.0 
-395.0 -357.0 -297.0 -199.0 -116.0 -76.0 -25.0 
43.0 97.0 147.0 194.0 224.0 250.0 278.0 
294.0 282.0 278.0 293.0 302.0 294.0 266.0 
226.0 197.0 184.0 165.0 127.0 87.0 72.0 
73.0 61.0 48.0 30.0 -14.0 -58.0 -79.0 
-107.0 -166.0 -244.0 -313.0 -346.0 -367.0 -399.0 
-436.0 -472.0 -495.0 -494.0 -476.0 -448.0 -428.0 
-411.0 -386.0 -362.0 -325.0 -263.0 -182.0 -105.0 
-26.0 74.0 167.0 234.0 321.0 429.0 518.0 
591.0 665.0 736.0 802.0 846.0 869.0 900.0 
942.0 964.0 947.0 927.0 922.0 899.0 844.0 
783.0 713.0 643.0 585.0 514.0 427.0 330.0 
227.0 134.0 55.0 -26.0 -125.0 -239.0 -348.0 
-450.0 -565.0 -685.0 -787.0 -869.0 -938.0 -1005.0 
-1075.0 -1131.0 -1168.0 -1196.0 -1207.0 -1221.0 -1234.0 
-1202.0 -1150.0 -1120.0 -1084.0 -1015.0 -931.0 -848.0 
-769.0 -696.0 -629.0 -554.0 -458.0 -370.0 -300.0 
-234.0 -160.0 -63.0 48.0 145.0 220.0 289.0 
358.0 428.0 473.0 472.0 449.0 454.0 480.0 
471.0 427.0 392.0 383.0 376.0 346.0 312.0 
305.0 320.0 343.0 371.0 388.0 393.0 410.0 
433.0 450.0 472.0 500.0 514.0 524.0 546.0 
563.0 567.0 574.0 587.0 596.0 598.0 598.0 
615.0 637.0 636.0 602.0 563.0 542.0 522.0 
483.0 409.0 319.0 238.0 176.0 108.0 20.0 
-73.0 -171.0 -261.0 -336.0 -401.0 -459.0 -511.0 
-537.0 -525.0 -490.0 -460.0 -429.0 -375.0 -288.0 
-199.0 -149.0 -119.0 -83.0 -46.0 -27.0 -49.0 
-106.0 -156.0 -189.0 -228.0 -283.0 -352.0 -436.0 
-519.0 -577.0 -624.0 -675.0 -719.0 -746.0 -752.0 
-762.0 -773.0 -762.0 -733.0 -707.0 -684.0 -654.0 
-621.0 -581.0 -530.0 -489.0 -457.0 -399.0 -326.0 
-247.0 -168.0 -106.0 -54.0 15.0 94.0 153.0 
178.0 185.0 198.0 220.0 245.0 257.0 257.0 
259.0 288.0 330.0 357.0 375.0 397.0 431.0 
459.0 469.0 485.0 523.0 557.0 581.0 633.0 
673.0 673.0 692.0 722.0 717.0 699.0 680.0 
652.0 634.0 616.0 550.0 457.0 385.0 308.0 
193.0 65.0 -66.0 -192.0 -295.0 -390.0 -499.0 
-610.0 -703.0 -772.0 -815.0 -837.0 -857.0 -870.0 
-839.0 -772.0 -719.0 -687.0 -646.0 -580.0 -500.0 
-427.0 -351.0 -266.0 -171.0 -76.0 0.0 71.0 
144.0 223.0 313.0 385.0 432.0 487.0 563.0 
627.0 657.0 668.0 662.0 645.0 651.0 674.0 
667.0 615.0 547.0 487.0 418.0 309.0 187.0 
92.0 19.0 -63.0 -178.0 -312.0 -425.0 -491.0 
-549.0 -615.0 -639.0 -630.0 -623.0 -601.0 -544.0 
-480.0 -432.0 -375.0 -281.0 -170.0 -69.0 25.0 
123.0 226.0 321.0 381.0 404.0 437.0 501.0 
547.0 549.0 538.0 554.0 567.0 537.0 488.0 
446.0 390.0 327.0 298.0 287.0 238.0 147.0 
60.0 1.0 -54.0 -135.0 -215.0 -266.0 -313.0 
-365.0 -416.0 -476.0 -537.0 -581.0 -614.0 -643.0 
-647.0 -617.0 -578.0 -561.0 -559.0 -548.0 -494.0 
-418.0 -363.0 -338.0 -320.0 -288.0 -218.0 -149.0 
-125.0 -115.0 -91.0 -46.0 13.0 50.0 69.0 
90.0 118.0 156.0 194.0 201.0 197.0 217.0 
259.0 289.0 281.0 252.0 237.0 244.0 228.0 
175.0 119.0 95.0 101.0 107.0 94.0 68.0 
71.0 120.0 155.0 151.0 152.0 191.0 256.0 
332.0 412.0 487.0 550.0 597.0 648.0 718.0 
763.0 775.0 793.0 807.0 811.0 815.0 807.0 
775.0 735.0 676.0 576.0 462.0 389.0 351.0 
293.0 205.0 119.0 22.0 -101.0 -230.0 -340.0 
-438.0 -525.0 -592.0 -636.0 -659.0 -691.0 -755.0 
-818.0 -856.0 -897.0 -941.0 -946.0 -925.0 -929.0 
-950.0 -969.0 -1001.0 -1017.0 -1014.0 -1041.0 -1070.0 
-1057.0 -1026.0 -984.0 -952.0 -981.0 -1022.0 -1008.0 
-968.0 -933.0 -895.0 -861.0 -823.0 -752.0 -663.0 
-597.0 -554.0 -497.0 -399.0 -282.0 -189.0 -116.0 
-40.0 48.0 135.0 202.0 274.0 342.0 390.0 
465.0 557.0 620.0 689.0 772.0 817.0 833.0 
873.0 924.0 973.0 1022.0 1038.0 1018.0 1013.0 
1034.0 1040.0 1028.0 1021.0 1013.0 983.0 955.0 
955.0 952.0 917.0 863.0 818.0 781.0 715.0 
637.0 594.0 565.0 513.0 428.0 360.0 359.0 
370.0 339.0 300.0 295.0 296.0 267.0 232.0 
210.0 163.0 114.0 106.0 91.0 9.0 -95.0 
-123.0 -84.0 -66.0 -108.0 -163.0 -185.0 -201.0 
-203.0 -161.0 -130.0 -166.0 -208.0 -188.0 -144.0 
-162.0 -229.0 -261.0 -243.0 -231.0 -257.0 -306.0 
-371.0 -441.0 -481.0 -503.0 -568.0 -677.0 -796.0 
-889.0 -968.0 -1065.0 -1173.0 -1267.0 -1359.0 -1453.0 
-1536.0 -1600.0 -1641.0 -1671.0 -1696.0 -1717.0 -1740.0 
-1743.0 -1696.0 -1614.0 -1550.0 -1502.0 -1412.0 -1281.0 
-1151.0 -1033.0 -908.0 -749.0 -555.0 -360.0 -200.0 
-59.0 98.0 275.0 448.0 613.0 768.0 913.0 
1048.0 1190.0 1338.0 1441.0 1493.0 1557.0 1626.0 
1641.0 1618.0 1607.0 1603.0 1585.0 1535.0 1457.0 
1398.0 1361.0 1325.0 1296.0 1260.0 1212.0 1182.0 
1178.0 1168.0 1138.0 1095.0 1047.0 1012.0 999.0 
980.0 933.0 878.0 822.0 767.0 720.0 643.0 
533.0 425.0 323.0 215.0 90.0 -48.0 -174.0 
-257.0 -324.0 -442.0 -594.0 -692.0 -750.0 -824.0 
-886.0 -926.0 -987.0 -1067.0 -1148.0 -1234.0 -1315.0 
-1359.0 -1363.0 -1379.0 -1417.0 -1426.0 -1389.0 -1338.0 
-1267.0 -1176.0 -1096.0 -1026.0 -927.0 -786.0 -634.0 
-504.0 -396.0 -277.0 -133.0 -9.0 82.0 194.0 
336.0 455.0 535.0 586.0 613.0 646.0 687.0 
699.0 695.0 669.0 619.0 581.0 556.0 516.0 
458.0 389.0 319.0 257.0 202.0 129.0 43.0 
-15.0 -53.0 -107.0 -160.0 -183.0 -187.0 -173.0 
-146.0 -110.0 -55.0 17.0 90.0 147.0 184.0 
215.0 267.0 312.0 329.0 328.0 310.0 279.0 
269.0 287.0 278.0 233.0 196.0 185.0 176.0 
144.0 107.0 75.0 50.0 34.0 -2.0 -63.0 
-96.0 -108.0 -154.0 -223.0 -299.0 -395.0 -475.0 
-526.0 -603.0 -712.0 -805.0 -862.0 -895.0 -945.0 
-1026.0 -1088.0 -1114.0 -1142.0 -1167.0 -1179.0 -1205.0 
-1212.0 -1163.0 -1099.0 -1050.0 -990.0 -903.0 -797.0 
-682.0 -567.0 -453.0 -338.0 -192.0 -16.0 160.0 
327.0 506.0 688.0 840.0 978.0 1120.0 1254.0 
1388.0 1517.0 1613.0 1666.0 1686.0 1700.0 1718.0 
1705.0 1646.0 1571.0 1497.0 1429.0 1365.0 1268.0 
1128.0 989.0 869.0 740.0 609.0 484.0 364.0 
256.0 156.0 64.0 -11.0 -84.0 -159.0 -227.0 
-310.0 -404.0 -473.0 -514.0 -537.0 -574.0 -647.0 
-705.0 -704.0 -683.0 -682.0 -697.0 -696.0 -665.0 
-623.0 -600.0 -587.0 -549.0 -480.0 -414.0 -368.0 
-324.0 -284.0 -242.0 -184.0 -140.0 -125.0 -130.0 
-127.0 -102.0 -92.0 -111.0 -136.0 -161.0 -192.0 
-235.0 -308.0 -407.0 -497.0 -561.0 -622.0 -707.0 
-817.0 -929.0 -1046.0 -1164.0 -1267.0 -1369.0 -1458.0 
-1510.0 -1539.0 -1574.0 -1612.0 -1616.0 -1553.0 -1453.0 
-1370.0 -1301.0 -1201.0 -1053.0 -860.0 -657.0 -473.0 
-311.0 -138.0 73.0 304.0 508.0 671.0 831.0 
1001.0 1156.0 1282.0 1389.0 1486.0 1583.0 1692.0 
1791.0 1856.0 1909.0 1961.0 2018.0 2055.0 2037.0 
2018.0 2040.0 2051.0 1999.0 1900.0 1805.0 1721.0 
1619.0 1507.0 1394.0 1270.0 1161.0 1089.0 1033.0 
968.0 886.0 775.0 662.0 584.0 504.0 396.0 
293.0 190.0 85.0 -13.0 -131.0 -269.0 -387.0 
-493.0 -622.0 -761.0 -856.0 -927.0 -1017.0 -1114.0 
-1218.0 -1345.0 -1468.0 -1546.0 -1574.0 -1610.0 -1676.0 
-1730.0 -1773.0 -1811.0 -1837.0 -1884.0 -1938.0 -1929.0 
-1873.0 -1837.0 -1812.0 -1750.0 -1669.0 -1614.0 -1570.0 
-1499.0 -1407.0 -1304.0 -1200.0 -1107.0 -1019.0 -938.0 
-848.0 -738.0 -643.0 -576.0 -504.0 -399.0 -271.0 
-140.0 -14.0 111.0 245.0 386.0 536.0 681.0 
807.0 929.0 1063.0 1186.0 1282.0 1359.0 1410.0 
1457.0 1524.0 1591.0 1625.0 1615.0 1599.0 1615.0 
1634.0 1615.0 1596.0 1606.0 1614.0 1586.0 1539.0 
1515.0 1513.0 1496.0 1435.0 1359.0 1294.0 1223.0 
1143.0 1068.0 980.0 863.0 744.0 641.0 535.0 
425.0 308.0 176.0 51.0 -55.0 -162.0 -288.0 
-437.0 -574.0 -691.0 -800.0 -909.0 -1019.0 -1120.0 
-1200.0 -1277.0 -1362.0 -1417.0 -1434.0 -1446.0 -1482.0 
-1516.0 -1514.0 -1488.0 -1472.0 -1475.0 -1476.0 -1460.0 
-1424.0 -1356.0 -1276.0 -1211.0 -1145.0 -1050.0 -911.0 
-754.0 -623.0 -513.0 -384.0 -214.0 -32.0 125.0 
267.0 406.0 556.0 706.0 832.0 930.0 1030.0 
1140.0 1231.0 1276.0 1287.0 1283.0 1249.0 1182.0 
1106.0 1011.0 887.0 757.0 637.0 523.0 389.0 
234.0 81.0 -52.0 -166.0 -288.0 -422.0 -525.0 
-577.0 -632.0 -698.0 -740.0 -753.0 -756.0 -747.0 
-726.0 -688.0 -617.0 -524.0 -443.0 -371.0 -295.0 
-213.0 -120.0 -30.0 52.0 111.0 140.0 155.0 
183.0 194.0 158.0 126.0 114.0 94.0 76.0 
50.0 -17.0 -86.0 -106.0 -125.0 -142.0 -130.0 
-113.0 -104.0 -91.0 -83.0 -81.0 -39.0 39.0 
103.0 141.0 194.0 275.0 386.0 518.0 613.0 
663.0 718.0 774.0 830.0 884.0 896.0 851.0 
807.0 793.0 747.0 633.0 490.0 377.0 298.0 
238.0 187.0 126.0 46.0 -44.0 -142.0 -226.0 
-272.0 -305.0 -352.0 -395.0 -423.0 -446.0 -467.0 
-501.0 -569.0 -656.0 -709.0 -713.0 -686.0 -664.0 
-667.0 -697.0 -731.0 -730.0 -712.0 -726.0 -747.0 
-740.0 -713.0 -679.0 -644.0 -605.0 -553.0 -493.0 
-437.0 -396.0 -375.0 -346.0 -283.0 -203.0 -141.0 
-96.0 -52.0 -21.0 1.0 36.0 83.0 126.0 
158.0 196.0 251.0 300.0 312.0 298.0 308.0 
352.0 378.0 366.0 375.0 423.0 458.0 466.0 
455.0 441.0 446.0 462.0 477.0 490.0 510.0 
524.0 518.0 511.0 513.0 504.0 491.0 487.0 
489.0 486.0 461.0 435.0 421.0 388.0 332.0 
264.0 197.0 148.0 117.0 88.0 53.0 22.0 
3.0 -17.0 -54.0 -92.0 -126.0 -153.0 -177.0 
-213.0 -274.0 -354.0 -416.0 -458.0 -497.0 -530.0 
-556.0 -575.0 -573.0 -549.0 -527.0 -511.0 -488.0 
-451.0 -395.0 -338.0 -298.0 -265.0 -216.0 -142.0 
-80.0 -45.0 -10.0 37.0 79.0 103.0 119.0 
144.0 179.0 215.0 249.0 271.0 278.0 296.0 
314.0 321.0 334.0 336.0 337.0 359.0 376.0 
346.0 286.0 228.0 183.0 150.0 104.0 35.0 
-27.0 -59.0 -105.0 -181.0 -253.0 -310.0 -364.0 
-419.0 -468.0 -510.0 -545.0 -565.0 -585.0 -614.0 
-641.0 -658.0 -676.0 -691.0 -713.0 -748.0 -767.0 
-769.0 -762.0 -758.0 -760.0 -772.0 -802.0 -818.0 
-806.0 -796.0 -816.0 -819.0 -777.0 -718.0 -663.0 
-626.0 -592.0 -546.0 -479.0 -380.0 -269.0 -157.0 
-37.0 101.0 250.0 393.0 530.0 682.0 842.0 
991.0 1131.0 1271.0 1417.0 1548.0 1647.0 1732.0 
1801.0 1840.0 1865.0 1899.0 1921.0 1912.0 1895.0 
1867.0 1797.0 1679.0 1534.0 1393.0 1265.0 1142.0 
1004.0 837.0 653.0 480.0 323.0 150.0 -33.0 
-206.0 -365.0 -514.0 -659.0 -793.0 -907.0 -995.0 
-1077.0 -1160.0 -1223.0 -1250.0 -1265.0 -1282.0 -1282.0 
-1274.0 -1272.0 -1250.0 -1189.0 -1125.0 -1088.0 -1064.0 
-1015.0 -937.0 -877.0 -847.0 -821.0 -798.0 -779.0 
-761.0 -752.0 -750.0 -750.0 -755.0 -756.0 -744.0 
-738.0 -745.0 -739.0 -698.0 -640.0 -600.0 -568.0 
-523.0 -463.0 -400.0 -360.0 -327.0 -269.0 -184.0 
-99.0 -20.0 48.0 110.0 189.0 274.0 373.0 
478.0 562.0 656.0 770.0 889.0 978.0 1044.0 
1141.0 1263.0 1361.0 1438.0 1512.0 1576.0 1625.0 
1665.0 1687.0 1687.0 1672.0 1660.0 1638.0 1569.0 
1482.0 1427.0 1368.0 1254.0 1102.0 947.0 788.0 
621.0 449.0 259.0 52.0 -167.0 -387.0 -598.0 
-808.0 -1031.0 -1251.0 -1446.0 -1605.0 -1733.0 -1856.0 
-1979.0 -2069.0 -2124.0 -2153.0 -2175.0 -2190.0 -2170.0 
-2115.0 -2036.0 -1951.0 -1859.0 -1736.0 -1585.0 -1434.0 
-1287.0 -1130.0 -966.0 -797.0 -631.0 -486.0 -344.0 
-200.0 -65.0 78.0 227.0 359.0 483.0 627.0 
774.0 893.0 976.0 1050.0 1129.0 1188.0 1219.0 
1235.0 1268.0 1313.0 1346.0 1357.0 1326.0 1273.0 
1236.0 1213.0 1173.0 1119.0 1067.0 1014.0 956.0 
882.0 783.0 666.0 554.0 466.0 392.0 314.0 
221.0 122.0 23.0 -61.0 -127.0 -197.0 -260.0 
-297.0 -319.0 -347.0 -392.0 -427.0 -433.0 -408.0 
-371.0 -344.0 -321.0 -264.0 -186.0 -136.0 -117.0 
-96.0 -70.0 -63.0 -69.0 -62.0 -66.0 -96.0 
-118.0 -138.0 -201.0 -286.0 -363.0 -434.0 -502.0 
-579.0 -678.0 -776.0 -830.0 -864.0 -904.0 -945.0 
-986.0 -1002.0 -963.0 -897.0 -857.0 -821.0 -749.0 
-662.0 -585.0 -520.0 -455.0 -371.0 -271.0 -176.0 
-104.0 -58.0 -27.0 10.0 67.0 122.0 164.0 
214.0 279.0 337.0 380.0 402.0 416.0 468.0 
534.0 558.0 551.0 564.0 588.0 578.0 551.0 
517.0 475.0 443.0 422.0 390.0 332.0 258.0 
195.0 147.0 101.0 54.0 14.0 -38.0 -92.0 
-121.0 -142.0 -163.0 -157.0 -125.0 -91.0 -68.0 
-51.0 -16.0 50.0 141.0 215.0 263.0 318.0 
388.0 466.0 531.0 573.0 625.0 687.0 733.0 
751.0 749.0 734.0 713.0 681.0 630.0 569.0 
504.0 439.0 356.0 255.0 152.0 60.0 -22.0 
-95.0 -153.0 -216.0 -301.0 -369.0 -400.0 -422.0 
-480.0 -558.0 -615.0 -651.0 -680.0 -713.0 -752.0 
-802.0 -855.0 -878.0 -890.0 -923.0 -966.0 -988.0 
-999.0 -1008.0 -1012.0 -1015.0 -1023.0 -1034.0 -1034.0 
-1021.0 -990.0 -929.0 -851.0 -773.0 -712.0 -665.0 
-614.0 -544.0 -468.0 -401.0 -350.0 -305.0 -251.0 
-210.0 -194.0 -189.0 -173.0 -147.0 -122.0 -93.0 
-71.0 -57.0 -32.0 2.0 28.0 37.0 57.0 
110.0 174.0 229.0 284.0 352.0 435.0 529.0 
612.0 679.0 756.0 845.0 944.0 1031.0 1072.0 
1085.0 1100.0 1112.0 1106.0 1089.0 1062.0 1032.0 
1017.0 1007.0 977.0 923.0 866.0 825.0 793.0 
768.0 742.0 710.0 688.0 688.0 678.0 648.0 
619.0 604.0 600.0 598.0 564.0 493.0 432.0 
391.0 338.0 270.0 209.0 156.0 87.0 -7.0 
-116.0 -250.0 -427.0 -580.0 -698.0 -846.0 -1011.0 
-1158.0 -1284.0 -1401.0 -1515.0 -1614.0 -1688.0 -1732.0 
-1747.0 -1741.0 -1741.0 -1741.0 -1708.0 -1661.0 -1628.0 
-1601.0 -1560.0 -1483.0 -1393.0 -1317.0 -1225.0 -1100.0 
-974.0 -838.0 -688.0 -552.0 -425.0 -289.0 -147.0 
1.0 144.0 260.0 379.0 517.0 648.0 747.0 
832.0 931.0 1051.0 1170.0 1256.0 1308.0 1350.0 
1386.0 1420.0 1452.0 1465.0 1456.0 1453.0 1466.0 
1452.0 1405.0 1357.0 1310.0 1253.0 1178.0 1088.0 
988.0 887.0 788.0 685.0 553.0 397.0 251.0 
111.0 -43.0 -199.0 -346.0 -490.0 -617.0 -723.0 
-829.0 -942.0 -1038.0 -1086.0 -1107.0 -1138.0 -1170.0 
-1176.0 -1150.0 -1106.0 -1061.0 -1027.0 -982.0 -892.0 
-796.0 -731.0 -681.0 -617.0 -535.0 -445.0 -353.0 
-281.0 -230.0 -169.0 -87.0 -12.0 56.0 127.0 
186.0 250.0 340.0 425.0 464.0 476.0 499.0 
508.0 491.0 460.0 406.0 345.0 295.0 228.0 
138.0 53.0 -20.0 -91.0 -153.0 -204.0 -263.0 
-328.0 -384.0 -430.0 -449.0 -461.0 -488.0 -514.0 
-523.0 -530.0 -528.0 -504.0 -477.0 -461.0 -450.0 
-433.0 -395.0 -343.0 -298.0 -272.0 -238.0 -173.0 
-98.0 -38.0 -4.0 24.0 77.0 160.0 247.0 
307.0 353.0 417.0 493.0 571.0 648.0 710.0 
778.0 867.0 954.0 1024.0 1079.0 1118.0 1142.0 
1162.0 1186.0 1182.0 1135.0 1085.0 1061.0 1030.0 
958.0 860.0 771.0 686.0 578.0 460.0 337.0 
206.0 83.0 -42.0 -193.0 -348.0 -481.0 -596.0 
-716.0 -849.0 -987.0 -1113.0 -1222.0 -1314.0 -1393.0 
-1472.0 -1550.0 -1620.0 -1665.0 -1697.0 -1739.0 -1794.0 
-1828.0 -1808.0 -1778.0 -1765.0 -1727.0 -1641.0 -1532.0 
-1432.0 -1331.0 -1223.0 -1105.0 -977.0 -834.0 -693.0 
-569.0 -439.0 -301.0 -193.0 -103.0 -19.0 61.0 
135.0 209.0 282.0 329.0 364.0 390.0 411.0 
460.0 507.0 531.0 562.0 609.0 649.0 670.0 
698.0 748.0 812.0 887.0 944.0 976.0 1017.0 
1078.0 1141.0 1192.0 1237.0 1287.0 1338.0 1388.0 
1431.0 1454.0 1455.0 1444.0 1436.0 1432.0 1412.0 
1381.0 1351.0 1307.0 1243.0 1161.0 1078.0 1008.0 
945.0 881.0 805.0 702.0 593.0 495.0 389.0 
276.0 171.0 74.0 -22.0 -127.0 -242.0 -355.0 
-466.0 -581.0 -689.0 -793.0 -903.0 -1007.0 -1095.0 
-1175.0 -1264.0 -1366.0 -1485.0 -1603.0 -1708.0 -1811.0 
-1920.0 -2025.0 -2084.0 -2088.0 -2106.0 -2171.0 -2227.0 
-2228.0 -2182.0 -2117.0 -2071.0 -2029.0 -1934.0 -1779.0 
-1615.0 -1468.0 -1323.0 -1157.0 -970.0 -765.0 -560.0 
-378.0 -214.0 -36.0 139.0 291.0 431.0 567.0 
702.0 844.0 979.0 1079.0 1146.0 1216.0 1298.0 
1361.0 1397.0 1422.0 1455.0 1500.0 1535.0 1542.0 
1533.0 1521.0 1513.0 1506.0 1476.0 1420.0 1352.0 
1281.0 1218.0 1149.0 1065.0 969.0 879.0 818.0 
752.0 664.0 582.0 510.0 436.0 359.0 263.0 
160.0 85.0 27.0 -54.0 -147.0 -225.0 -282.0 
-316.0 -359.0 -412.0 -454.0 -476.0 -477.0 -471.0 
-478.0 -495.0 -493.0 -466.0 -440.0 -416.0 -399.0 
-401.0 -394.0 -368.0 -362.0 -386.0 -408.0 -416.0 
-401.0 -401.0 -453.0 -517.0 -550.0 -560.0 -579.0 
-614.0 -636.0 -636.0 -634.0 -629.0 -629.0 -634.0 
-630.0 -632.0 -626.0 -610.0 -597.0 -562.0 -511.0 
-472.0 -433.0 -393.0 -358.0 -320.0 -273.0 -221.0 
-197.0 -187.0 -165.0 -153.0 -160.0 -178.0 -196.0 
-190.0 -193.0 -231.0 -264.0 -260.0 -243.0 -224.0 
-172.0 -130.0 -105.0 -43.0 31.0 96.0 168.0 
251.0 326.0 400.0 489.0 571.0 631.0 696.0 
785.0 872.0 926.0 951.0 977.0 1015.0 1025.0 
985.0 927.0 865.0 801.0 740.0 660.0 566.0 
486.0 407.0 323.0 233.0 135.0 36.0 -52.0 
-135.0 -225.0 -321.0 -412.0 -492.0 -563.0 -641.0 
-723.0 -801.0 -864.0 -892.0 -903.0 -918.0 -934.0 
-925.0 -880.0 -825.0 -784.0 -748.0 -702.0 -636.0 
-557.0 -482.0 -407.0 -331.0 -243.0 -148.0 -63.0 
25.0 130.0 242.0 342.0 435.0 528.0 606.0 
684.0 773.0 848.0 897.0 938.0 975.0 1009.0 
1028.0 1013.0 962.0 912.0 882.0 835.0 745.0 
643.0 552.0 472.0 403.0 328.0 222.0 115.0 
41.0 -22.0 -105.0 -194.0 -281.0 -370.0 -444.0 
-500.0 -560.0 -624.0 -666.0 -679.0 -673.0 -666.0 
-664.0 -654.0 -628.0 -598.0 -575.0 -565.0 -558.0 
-526.0 -499.0 -532.0 -593.0 -628.0 -658.0 -703.0 
-764.0 -844.0 -931.0 -995.0 -1034.0 -1082.0 -1135.0 
-1161.0 -1163.0 -1149.0 -1116.0 -1063.0 -1007.0 -942.0 
-848.0 -745.0 -653.0 -559.0 -452.0 -334.0 -211.0 
-107.0 -24.0 65.0 170.0 272.0 350.0 416.0 
495.0 575.0 636.0 682.0 730.0 782.0 831.0 
879.0 925.0 968.0 1014.0 1068.0 1123.0 1171.0 
1207.0 1242.0 1281.0 1322.0 1361.0 1387.0 1404.0 
1429.0 1468.0 1484.0 1442.0 1385.0 1354.0 1329.0 
1284.0 1205.0 1104.0 1009.0 939.0 853.0 730.0 
595.0 474.0 367.0 245.0 104.0 -23.0 -123.0 
-233.0 -349.0 -448.0 -558.0 -673.0 -751.0 -808.0 
-881.0 -971.0 -1050.0 -1091.0 -1116.0 -1157.0 -1215.0 
-1276.0 -1328.0 -1355.0 -1382.0 -1441.0 -1495.0 -1509.0 
-1505.0 -1501.0 -1504.0 -1506.0 -1481.0 -1440.0 -1391.0 
-1342.0 -1310.0 -1279.0 -1230.0 -1179.0 -1133.0 -1087.0 
-1040.0 -977.0 -917.0 -885.0 -863.0 -818.0 -738.0 
-644.0 -550.0 -476.0 -410.0 -302.0 -151.0 -16.0 
79.0 183.0 315.0 445.0 550.0 637.0 718.0 
797.0 871.0 916.0 943.0 972.0 981.0 995.0 
1029.0 1046.0 1047.0 1068.0 1104.0 1127.0 1132.0 
1127.0 1110.0 1095.0 1097.0 1089.0 1046.0 997.0 
961.0 937.0 894.0 813.0 733.0 665.0 590.0 
494.0 392.0 302.0 212.0 123.0 48.0 -12.0 
-74.0 -132.0 -155.0 -159.0 -192.0 -238.0 -258.0 
-263.0 -260.0 -269.0 -294.0 -316.0 -314.0 -298.0 
-307.0 -335.0 -357.0 -355.0 -338.0 -330.0 -327.0 
-317.0 -276.0 -221.0 -191.0 -181.0 -163.0 -145.0 
-147.0 -171.0 -213.0 -259.0 -290.0 -318.0 -362.0 
-417.0 -464.0 -489.0 -502.0 -505.0 -511.0 -534.0 
-541.0 -500.0 -446.0 -433.0 -452.0 -458.0 -439.0 
-416.0 -405.0 -427.0 -457.0 -456.0 -451.0 -476.0 
-512.0 -533.0 -559.0 -591.0 -613.0 -645.0 -676.0 
-671.0 -639.0 -617.0 -599.0 -567.0 -524.0 -451.0 
-363.0 -291.0 -233.0 -151.0 -29.0 84.0 164.0 
242.0 345.0 468.0 594.0 691.0 769.0 850.0 
940.0 1026.0 1089.0 1136.0 1170.0 1199.0 1231.0 
1237.0 1213.0 1199.0 1190.0 1167.0 1148.0 1124.0 
1063.0 998.0 962.0 929.0 875.0 797.0 722.0 
654.0 571.0 470.0 356.0 244.0 139.0 33.0 
-90.0 -218.0 -314.0 -390.0 -487.0 -591.0 -684.0 
-792.0 -911.0 -1024.0 -1129.0 -1248.0 -1380.0 -1499.0 
-1580.0 -1631.0 -1678.0 -1714.0 -1739.0 -1755.0 -1728.0 
-1662.0 -1586.0 -1496.0 -1379.0 -1266.0 -1177.0 -1077.0 
-950.0 -820.0 -705.0 -624.0 -555.0 -450.0 -342.0 
-259.0 -164.0 -63.0 27.0 121.0 219.0 322.0 
422.0 510.0 590.0 673.0 747.0 802.0 839.0 
878.0 927.0 963.0 979.0 976.0 963.0 961.0 
942.0 881.0 817.0 765.0 705.0 644.0 595.0 
551.0 518.0 498.0 484.0 459.0 409.0 375.0 
391.0 413.0 411.0 396.0 396.0 401.0 369.0 
333.0 322.0 298.0 254.0 223.0 184.0 112.0 
48.0 5.0 -50.0 -110.0 -179.0 -256.0 -295.0 
-317.0 -366.0 -414.0 -448.0 -473.0 -482.0 -491.0 
-508.0 -524.0 -535.0 -528.0 -510.0 -490.0 -474.0 
-479.0 -489.0 -465.0 -444.0 -470.0 -494.0 -491.0 
-485.0 -475.0 -478.0 -496.0 -496.0 -494.0 -505.0 
-515.0 -521.0 -520.0 -509.0 -500.0 -502.0 -498.0 
-462.0 -416.0 -384.0 -353.0 -310.0 -260.0 -214.0 
-170.0 -98.0 -15.0 51.0 123.0 214.0 298.0 
371.0 451.0 538.0 612.0 632.0 620.0 620.0 
632.0 651.0 642.0 593.0 552.0 536.0 523.0 
485.0 414.0 343.0 282.0 225.0 170.0 109.0 
38.0 -35.0 -92.0 -134.0 -187.0 -233.0 -238.0 
-225.0 -213.0 -203.0 -209.0 -215.0 -198.0 -173.0 
-162.0 -176.0 -203.0 -214.0 -197.0 -189.0 -206.0 
-221.0 -225.0 -221.0 -224.0 -233.0 -238.0 -224.0 
-190.0 -165.0 -148.0 -120.0 -71.0 -30.0 0.0 
47.0 104.0 154.0 225.0 302.0 346.0 361.0 
375.0 379.0 379.0 381.0 352.0 296.0 258.0 
232.0 174.0 85.0 -2.0 -73.0 -134.0 -190.0 
-242.0 -268.0 -265.0 -269.0 -287.0 -303.0 -319.0 
-321.0 -299.0 -268.0 -239.0 -210.0 -177.0 -127.0 
-85.0 -69.0 -59.0 -30.0 24.0 58.0 49.0 
39.0 48.0 68.0 92.0 115.0 129.0 151.0 
191.0 228.0 238.0 232.0 238.0 254.0 268.0 
283.0 278.0 231.0 195.0 186.0 149.0 99.0 
58.0 18.0 -11.0 -29.0 -51.0 -95.0 -139.0 
-154.0 -159.0 -196.0 -262.0 -311.0 -356.0 -408.0 
-455.0 -501.0 -540.0 -571.0 -591.0 -595.0 -573.0 
-554.0 -555.0 -545.0 -527.0 -501.0 -457.0 -413.0 
-380.0 -366.0 -355.0 -334.0 -316.0 -291.0 -253.0 
-230.0 -215.0 -175.0 -107.0 -36.0 -4.0 6.0 
37.0 78.0 108.0 123.0 114.0 89.0 83.0 
90.0 62.0 9.0 -26.0 -65.0 -95.0 -106.0 
-142.0 -201.0 -245.0 -277.0 -312.0 -346.0 -391.0 
-439.0 -447.0 -425.0 -422.0 -425.0 -394.0 -344.0 
-292.0 -227.0 -138.0 -22.0 111.0 230.0 316.0 
405.0 514.0 613.0 702.0 779.0 817.0 836.0 
867.0 890.0 892.0 898.0 913.0 908.0 891.0 
886.0 868.0 833.0 816.0 830.0 847.0 848.0 
842.0 834.0 836.0 849.0 840.0 811.0 790.0 
767.0 704.0 606.0 503.0 401.0 287.0 161.0 
11.0 -147.0 -295.0 -431.0 -563.0 -709.0 -871.0 
-1032.0 -1160.0 -1246.0 -1332.0 -1428.0 -1516.0 -1582.0 
-1625.0 -1656.0 -1686.0 -1706.0 -1688.0 -1645.0 -1603.0 
-1556.0 -1477.0 -1367.0 -1255.0 -1164.0 -1081.0 -987.0 
-876.0 -749.0 -630.0 -543.0 -478.0 -375.0 -242.0 
-128.0 -72.0 -50.0 -43.0 9.0 113.0 168.0 
142.0 93.0 73.0 107.0 170.0 207.0 240.0 
293.0 346.0 409.0 476.0 546.0 630.0 739.0 
867.0 949.0 1000.0 1080.0 1178.0 1249.0 1287.0 
1335.0 1388.0 1416.0 1415.0 1377.0 1316.0 1234.0 
1138.0 1065.0 993.0 858.0 684.0 543.0 437.0 
329.0 200.0 69.0 -41.0 -152.0 -271.0 -390.0 
-500.0 -576.0 -649.0 -720.0 -788.0 -866.0 -933.0 
-958.0 -948.0 -958.0 -980.0 -948.0 -899.0 -867.0 
-827.0 -785.0 -741.0 -660.0 -544.0 -434.0 -339.0 
-245.0 -142.0 -42.0 46.0 120.0 183.0 257.0 
335.0 371.0 353.0 332.0 329.0 308.0 248.0 
178.0 116.0 54.0 -3.0 -71.0 -148.0 -232.0 
-322.0 -396.0 -456.0 -514.0 -578.0 -620.0 -631.0 
-648.0 -652.0 -615.0 -571.0 -525.0 -453.0 -377.0 
-314.0 -247.0 -167.0 -84.0 -23.0 21.0 71.0 
140.0 214.0 273.0 311.0 347.0 401.0 469.0 
539.0 578.0 603.0 652.0 716.0 766.0 785.0 
767.0 730.0 704.0 687.0 649.0 593.0 506.0 
405.0 321.0 224.0 115.0 -1.0 -96.0 -191.0 
-311.0 -432.0 -534.0 -614.0 -678.0 -735.0 -802.0 
-859.0 -890.0 -926.0 -951.0 -951.0 -960.0 -976.0 
-968.0 -949.0 -940.0 -925.0 -902.0 -869.0 -823.0 
-779.0 -734.0 -683.0 -626.0 -569.0 -520.0 -473.0 
-403.0 -302.0 -197.0 -112.0 -25.0 88.0 214.0 
326.0 421.0 514.0 602.0 684.0 784.0 882.0 
945.0 981.0 1028.0 1085.0 1111.0 1105.0 1093.0 
1080.0 1060.0 1031.0 979.0 911.0 826.0 731.0 
651.0 555.0 440.0 343.0 259.0 157.0 46.0 
-49.0 -123.0 -183.0 -258.0 -368.0 -496.0 -602.0 
-656.0 -670.0 -675.0 -679.0 -658.0 -585.0 -477.0 
-380.0 -332.0 -337.0 -334.0 -274.0 -197.0 -169.0 
-203.0 -249.0 -275.0 -306.0 -337.0 -345.0 -358.0 
-406.0 -482.0 -571.0 -651.0 -691.0 -696.0 -715.0 
-769.0 -823.0 -843.0 -844.0 -830.0 -800.0 -782.0 
-770.0 -709.0 -576.0 -417.0 -291.0 -202.0 -111.0 
19.0 158.0 241.0 264.0 291.0 363.0 443.0 
486.0 506.0 541.0 585.0 622.0 667.0 732.0 
778.0 774.0 762.0 778.0 761.0 675.0 608.0 
582.0 539.0 502.0 473.0 453.0 420.0 350.0 
262.0 170.0 92.0 24.0 -49.0 -111.0 -170.0 
-217.0 -255.0 -324.0 -407.0 -457.0 -466.0 -471.0 
-508.0 -548.0 -558.0 -539.0 -513.0 -512.0 -530.0 
-539.0 -555.0 -586.0 -590.0 -546.0 -500.0 -490.0 
-484.0 -442.0 -366.0 -276.0 -187.0 -108.0 -39.0 
17.0 66.0 145.0 275.0 407.0 505.0 570.0 
630.0 700.0 774.0 842.0 878.0 888.0 897.0 
875.0 820.0 747.0 656.0 580.0 523.0 436.0 
330.0 223.0 114.0 15.0 -57.0 -137.0 -228.0 
-320.0 -407.0 -466.0 -503.0 -553.0 -614.0 -640.0 
-639.0 -677.0 -748.0 -797.0 -805.0 -803.0 -803.0 
-814.0 -840.0 -863.0 -846.0 -789.0 -726.0 -668.0 
-620.0 -565.0 -502.0 -461.0 -429.0 -385.0 -356.0 
-327.0 -274.0 -231.0 -193.0 -156.0 -131.0 -117.0 
-88.0 -25.0 69.0 174.0 264.0 339.0 419.0 
520.0 605.0 655.0 708.0 769.0 792.0 785.0 
788.0 762.0 726.0 700.0 618.0 480.0 329.0 
180.0 37.0 -71.0 -173.0 -303.0 -402.0 -451.0 
-502.0 -579.0 -652.0 -700.0 -727.0 -736.0 -744.0 
-770.0 -841.0 -897.0 -857.0 -749.0 -660.0 -638.0 
-654.0 -646.0 -568.0 -442.0 -330.0 -277.0 -254.0 
-201.0 -142.0 -102.0 -50.0 33.0 131.0 221.0 
284.0 343.0 446.0 550.0 621.0 685.0 751.0 
818.0 907.0 1019.0 1105.0 1133.0 1141.0 1149.0 
1134.0 1120.0 1123.0 1105.0 1071.0 1059.0 1054.0 
1050.0 1044.0 1012.0 947.0 871.0 794.0 727.0 
695.0 640.0 527.0 390.0 248.0 112.0 -3.0 
-109.0 -219.0 -344.0 -454.0 -513.0 -588.0 -723.0 
-866.0 -1009.0 -1157.0 -1269.0 -1355.0 -1440.0 -1520.0 
-1593.0 -1657.0 -1719.0 -1771.0 -1792.0 -1794.0 -1788.0 
-1766.0 -1724.0 -1672.0 -1595.0 -1483.0 -1378.0 -1293.0 
-1216.0 -1164.0 -1099.0 -996.0 -904.0 -847.0 -796.0 
-722.0 -636.0 -567.0 -537.0 -505.0 -417.0 -279.0 
-152.0 -52.0 48.0 122.0 171.0 259.0 378.0 
492.0 604.0 720.0 834.0 928.0 1018.0 1135.0 
1255.0 1322.0 1330.0 1332.0 1377.0 1434.0 1458.0 
1456.0 1450.0 1458.0 1469.0 1465.0 1452.0 1430.0 
1415.0 1402.0 1356.0 1285.0 1228.0 1183.0 1123.0 
1041.0 964.0 893.0 788.0 637.0 474.0 320.0 
153.0 -31.0 -191.0 -308.0 -400.0 -497.0 -615.0 
-727.0 -805.0 -864.0 -943.0 -1048.0 -1141.0 -1182.0 
-1174.0 -1168.0 -1179.0 -1157.0 -1115.0 -1111.0 -1113.0 
-1055.0 -957.0 -867.0 -768.0 -655.0 -560.0 -484.0 
-420.0 -371.0 -332.0 -318.0 -306.0 -262.0 -228.0 
-249.0 -316.0 -389.0 -422.0 -422.0 -417.0 -442.0 
-496.0 -535.0 -564.0 -602.0 -636.0 -647.0 -633.0 
-601.0 -562.0 -544.0 -554.0 -533.0 -475.0 -426.0 
-384.0 -347.0 -318.0 -284.0 -241.0 -203.0 -181.0 
-157.0 -110.0 -54.0 -9.0 26.0 72.0 136.0 
210.0 281.0 356.0 436.0 498.0 521.0 540.0 
589.0 659.0 720.0 758.0 780.0 783.0 783.0 
814.0 880.0 938.0 965.0 986.0 1023.0 1057.0 
1064.0 1065.0 1059.0 1039.0 1027.0 1009.0 956.0 
884.0 812.0 737.0 662.0 577.0 446.0 291.0 
166.0 51.0 -61.0 -178.0 -323.0 -458.0 -556.0 
-659.0 -780.0 -889.0 -969.0 -1029.0 -1072.0 -1102.0 
-1128.0 -1166.0 -1206.0 -1195.0 -1172.0 -1209.0 -1229.0 
-1203.0 -1186.0 -1191.0 -1216.0 -1231.0 -1220.0 -1203.0 
-1162.0 -1110.0 -1079.0 -1034.0 -971.0 -923.0 -872.0 
-810.0 -730.0 -627.0 -540.0 -470.0 -363.0 -245.0 
-129.0 2.0 117.0 227.0 342.0 448.0 553.0 
654.0 771.0 918.0 1041.0 1137.0 1241.0 1325.0 
1390.0 1458.0 1480.0 1435.0 1359.0 1280.0 1229.0 
1205.0 1136.0 1007.0 910.0 854.0 805.0 751.0 
665.0 591.0 559.0 553.0 570.0 537.0 448.0 
400.0 396.0 400.0 378.0 312.0 235.0 140.0 
45.0 -16.0 -93.0 -174.0 -248.0 -349.0 -468.0 
-605.0 -720.0 -794.0 -859.0 -939.0 -1036.0 -1097.0 
-1127.0 -1168.0 -1226.0 -1286.0 -1312.0 -1292.0 -1240.0 
-1190.0 -1165.0 -1154.0 -1125.0 -1035.0 -934.0 -862.0 
-786.0 -667.0 -496.0 -357.0 -272.0 -175.0 -87.0 
-37.0 -3.0 33.0 86.0 134.0 166.0 178.0 
191.0 229.0 245.0 264.0 275.0 249.0 204.0 
151.0 140.0 159.0 152.0 112.0 43.0 -10.0 
-26.0 -34.0 -71.0 -155.0 -213.0 -246.0 -297.0 
-360.0 -423.0 -480.0 -508.0 -503.0 -508.0 -542.0 
-568.0 -577.0 -550.0 -481.0 -403.0 -348.0 -279.0 
-168.0 -36.0 88.0 205.0 337.0 471.0 570.0 
649.0 709.0 780.0 866.0 929.0 981.0 1011.0 
1022.0 1044.0 1051.0 1035.0 1032.0 1052.0 1050.0 
1019.0 996.0 952.0 891.0 838.0 790.0 732.0 
668.0 609.0 545.0 450.0 341.0 236.0 129.0 
32.0 -73.0 -220.0 -383.0 -535.0 -652.0 -750.0 
-864.0 -1004.0 -1169.0 -1313.0 -1421.0 -1501.0 -1582.0 
-1668.0 -1724.0 -1768.0 -1812.0 -1790.0 -1720.0 -1630.0 
-1520.0 -1414.0 -1332.0 -1252.0 -1119.0 -928.0 -734.0 
-539.0 -351.0 -200.0 -64.0 96.0 265.0 373.0 
433.0 529.0 642.0 695.0 688.0 677.0 663.0 
651.0 658.0 660.0 648.0 650.0 669.0 662.0 
617.0 599.0 645.0 681.0 663.0 619.0 572.0 
544.0 542.0 547.0 514.0 454.0 390.0 316.0 
259.0 228.0 154.0 17.0 -120.0 -226.0 -334.0 
-455.0 -555.0 -615.0 -637.0 -653.0 -663.0 -645.0 
-630.0 -635.0 -637.0 -614.0 -551.0 -476.0 -419.0 
-375.0 -352.0 -303.0 -220.0 -127.0 -18.0 65.0 
78.0 75.0 121.0 189.0 236.0 266.0 311.0 
374.0 403.0 377.0 327.0 286.0 261.0 229.0 
182.0 129.0 83.0 39.0 0.0 -53.0 -108.0 
-148.0 -185.0 -225.0 -264.0 -324.0 -383.0 -389.0 
-363.0 -353.0 -343.0 -312.0 -274.0 -252.0 -221.0 
-178.0 -160.0 -165.0 -160.0 -154.0 -177.0 -225.0 
-261.0 -258.0 -252.0 -248.0 -254.0 -283.0 -314.0 
-351.0 -404.0 -449.0 -484.0 -543.0 -609.0 -669.0 
-730.0 -781.0 -814.0 -842.0 -867.0 -873.0 -874.0 
-892.0 -878.0 -790.0 -698.0 -632.0 -537.0 -411.0 
-276.0 -132.0 32.0 216.0 398.0 563.0 717.0 
842.0 955.0 1106.0 1266.0 1388.0 1469.0 1534.0 
1600.0 1642.0 1644.0 1622.0 1593.0 1551.0 1502.0 
1463.0 1438.0 1403.0 1372.0 1356.0 1290.0 1179.0 
1063.0 961.0 854.0 709.0 535.0 367.0 235.0 
115.0 -42.0 -207.0 -368.0 -535.0 -667.0 -782.0 
-893.0 -1000.0 -1095.0 -1155.0 -1206.0 -1257.0 -1296.0 
-1317.0 -1300.0 -1282.0 -1295.0 -1298.0 -1302.0 -1301.0 
-1267.0 -1248.0 -1254.0 -1268.0 -1280.0 -1251.0 -1215.0 
-1202.0 -1189.0 -1178.0 -1155.0 -1128.0 -1127.0 -1139.0 
-1113.0 -1040.0 -955.0 -877.0 -819.0 -757.0 -675.0 
-592.0 -494.0 -410.0 -356.0 -265.0 -143.0 -64.0 
-24.0 21.0 110.0 231.0 332.0 410.0 484.0 
585.0 711.0 773.0 791.0 818.0 861.0 948.0 
1025.0 1042.0 1066.0 1140.0 1218.0 1265.0 1272.0 
1258.0 1241.0 1224.0 1236.0 1233.0 1181.0 1140.0 
1099.0 1053.0 994.0 893.0 798.0 731.0 665.0 
596.0 512.0 443.0 426.0 390.0 306.0 232.0 
169.0 118.0 61.0 -37.0 -141.0 -231.0 -314.0 
-407.0 -529.0 -657.0 -775.0 -871.0 -933.0 -998.0 
-1054.0 -1079.0 -1132.0 -1174.0 -1142.0 -1103.0 -1113.0 
-1098.0 -1042.0 -1001.0 -923.0 -835.0 -788.0 -752.0 
-733.0 -713.0 -669.0 -640.0 -619.0 -571.0 -568.0 
-603.0 -587.0 -568.0 -578.0 -588.0 -599.0 -588.0 
-566.0 -583.0 -596.0 -541.0 -472.0 -426.0 -386.0 
-340.0 -269.0 -203.0 -148.0 -78.0 -20.0 -1.0 
23.0 95.0 167.0 215.0 246.0 290.0 358.0 
415.0 468.0 517.0 562.0 604.0 644.0 687.0 
713.0 733.0 748.0 749.0 767.0 790.0 791.0 
801.0 846.0 881.0 898.0 938.0 977.0 989.0 
1019.0 1045.0 1031.0 991.0 944.0 904.0 866.0 
808.0 719.0 628.0 552.0 470.0 379.0 260.0 
120.0 -7.0 -120.0 -238.0 -363.0 -469.0 -562.0 
-682.0 -814.0 -919.0 -1010.0 -1100.0 -1182.0 -1249.0 
-1315.0 -1401.0 -1463.0 -1483.0 -1504.0 -1550.0 -1603.0 
-1627.0 -1634.0 -1659.0 -1675.0 -1658.0 -1629.0 -1585.0 
-1522.0 -1458.0 -1390.0 -1315.0 -1208.0 -1049.0 -885.0 
-747.0 -616.0 -477.0 -321.0 -156.0 -25.0 89.0 
222.0 360.0 494.0 604.0 690.0 773.0 855.0 
951.0 1035.0 1066.0 1059.0 1054.0 1072.0 1075.0 
1023.0 979.0 960.0 913.0 829.0 750.0 693.0 
633.0 575.0 523.0 454.0 384.0 324.0 270.0 
216.0 141.0 70.0 37.0 26.0 17.0 0.0 
-11.0 31.0 107.0 156.0 199.0 245.0 288.0 
334.0 372.0 391.0 401.0 436.0 509.0 566.0 
596.0 630.0 666.0 708.0 763.0 797.0 787.0 
747.0 707.0 693.0 666.0 576.0 442.0 317.0 
214.0 91.0 -71.0 -242.0 -390.0 -514.0 -623.0 
-730.0 -859.0 -996.0 -1069.0 -1089.0 -1136.0 -1176.0 
-1160.0 -1132.0 -1114.0 -1097.0 -1079.0 -1050.0 -1009.0 
-972.0 -954.0 -933.0 -889.0 -830.0 -778.0 -751.0 
-718.0 -667.0 -628.0 -581.0 -531.0 -513.0 -517.0 
-505.0 -453.0 -414.0 -413.0 -392.0 -324.0 -260.0 
-226.0 -193.0 -137.0 -83.0 -62.0 -61.0 -35.0 
13.0 33.0 39.0 54.0 65.0 68.0 78.0 
127.0 191.0 228.0 235.0 248.0 275.0 300.0 
324.0 327.0 318.0 335.0 362.0 368.0 348.0 
324.0 324.0 357.0 392.0 386.0 346.0 321.0 
326.0 334.0 330.0 326.0 341.0 369.0 387.0 
408.0 461.0 516.0 551.0 610.0 700.0 766.0 
764.0 735.0 754.0 757.0 714.0 692.0 699.0 
666.0 601.0 540.0 477.0 393.0 308.0 239.0 
142.0 9.0 -95.0 -166.0 -265.0 -420.0 -572.0 
-671.0 -741.0 -828.0 -933.0 -1055.0 -1177.0 -1253.0 
-1285.0 -1310.0 -1357.0 -1413.0 -1415.0 -1370.0 -1336.0 
-1322.0 -1302.0 -1252.0 -1190.0 -1135.0 -1072.0 -996.0 
-916.0 -831.0 -732.0 -632.0 -550.0 -462.0 -330.0 
-181.0 -51.0 73.0 206.0 331.0 444.0 551.0 
664.0 779.0 863.0 907.0 932.0 939.0 931.0 
917.0 900.0 873.0 817.0 746.0 682.0 628.0 
562.0 484.0 435.0 408.0 354.0 290.0 244.0 
204.0 149.0 77.0 20.0 -25.0 -93.0 -171.0 
-243.0 -313.0 -380.0 -452.0 -535.0 -597.0 -615.0 
-641.0 -709.0 -757.0 -752.0 -733.0 -743.0 -762.0 
-747.0 -710.0 -695.0 -695.0 -684.0 -666.0 -628.0 
-567.0 -509.0 -457.0 -399.0 -312.0 -207.0 -117.0 
-41.0 36.0 142.0 268.0 371.0 441.0 509.0 
599.0 686.0 731.0 725.0 704.0 706.0 688.0 
605.0 491.0 389.0 319.0 268.0 211.0 135.0 
37.0 -28.0 -27.0 -13.0 -48.0 -130.0 -196.0 
-185.0 -130.0 -104.0 -93.0 -82.0 -59.0 1.0 
54.0 69.0 56.0 25.0 0.0 -6.0 -16.0 
-61.0 -119.0 -156.0 -170.0 -205.0 -272.0 -331.0 
-344.0 -328.0 -344.0 -380.0 -396.0 -389.0 -373.0 
-358.0 -334.0 -320.0 -299.0 -251.0 -203.0 -170.0 
-134.0 -85.0 -39.0 9.0 65.0 115.0 166.0 
228.0 286.0 318.0 335.0 361.0 396.0 421.0 
415.0 386.0 369.0 373.0 358.0 293.0 244.0 
238.0 225.0 219.0 227.0 208.0 178.0 179.0 
184.0 167.0 145.0 133.0 112.0 76.0 31.0 
-23.0 -68.0 -114.0 -188.0 -261.0 -312.0 -379.0 
-460.0 -531.0 -591.0 -638.0 -693.0 -754.0 -799.0 
-813.0 -816.0 -857.0 -921.0 -955.0 -957.0 -987.0 
-1054.0 -1114.0 -1156.0 -1195.0 -1230.0 -1230.0 -1217.0 
-1236.0 -1245.0 -1188.0 -1107.0 -1043.0 -969.0 -871.0 
-749.0 -604.0 -468.0 -360.0 -233.0 -64.0 83.0 
189.0 327.0 495.0 619.0 718.0 848.0 982.0 
1091.0 1194.0 1283.0 1324.0 1363.0 1440.0 1503.0 
1537.0 1556.0 1546.0 1517.0 1497.0 1482.0 1421.0 
1330.0 1254.0 1184.0 1101.0 1007.0 918.0 828.0 
736.0 643.0 551.0 468.0 381.0 316.0 263.0 
180.0 98.0 52.0 25.0 -17.0 -72.0 -119.0 
-143.0 -150.0 -185.0 -263.0 -336.0 -372.0 -412.0 
-463.0 -495.0 -515.0 -558.0 -615.0 -644.0 -661.0 
-704.0 -762.0 -793.0 -803.0 -830.0 -886.0 -946.0 
-992.0 -1046.0 -1100.0 -1160.0 -1221.0 -1255.0 -1275.0 
-1310.0 -1346.0 -1350.0 -1339.0 -1322.0 -1280.0 -1246.0 
-1259.0 -1259.0 -1215.0 -1178.0 -1162.0 -1128.0 -1084.0 
-1052.0 -1003.0 -945.0 -907.0 -869.0 -803.0 -703.0 
-594.0 -500.0 -400.0 -282.0 -163.0 -21.0 145.0 
292.0 437.0 624.0 829.0 1008.0 1175.0 1345.0 
1513.0 1665.0 1790.0 1901.0 2004.0 2082.0 2118.0 
2123.0 2092.0 2035.0 1965.0 1872.0 1747.0 1580.0 
1397.0 1219.0 1040.0 843.0 635.0 435.0 253.0 
84.0 -73.0 -202.0 -321.0 -436.0 -520.0 -599.0 
-704.0 -811.0 -864.0 -867.0 -881.0 -921.0 -939.0 
-923.0 -911.0 -896.0 -870.0 -843.0 -822.0 -762.0 
-665.0 -619.0 -612.0 -582.0 -535.0 -502.0 -475.0 
-464.0 -478.0 -473.0 -452.0 -449.0 -473.0 -489.0 
-457.0 -423.0 -416.0 -438.0 -454.0 -421.0 -375.0 
-351.0 -342.0 -323.0 -302.0 -284.0 -238.0 -202.0 
-193.0 -168.0 -117.0 -48.0 4.0 41.0 107.0 
193.0 276.0 347.0 396.0 443.0 503.0 571.0 
641.0 707.0 763.0 815.0 892.0 952.0 966.0 
984.0 1023.0 1059.0 1083.0 1084.0 1064.0 1027.0 
971.0 913.0 828.0 699.0 569.0 481.0 377.0 
199.0 0.0 -150.0 -263.0 -383.0 -510.0 -643.0 
-764.0 -852.0 -926.0 -997.0 -1080.0 -1144.0 -1153.0 
-1148.0 -1174.0 -1218.0 -1232.0 -1208.0 -1185.0 -1166.0 
-1164.0 -1167.0 -1128.0 -1065.0 -1013.0 -982.0 -936.0 
-844.0 -738.0 -627.0 -514.0 -415.0 -309.0 -200.0 
-99.0 -21.0 24.0 81.0 155.0 204.0 207.0 
196.0 196.0 186.0 176.0 181.0 178.0 152.0 
132.0 138.0 140.0 117.0 102.0 108.0 101.0 
83.0 70.0 46.0 14.0 -10.0 -41.0 -78.0 
-99.0 -101.0 -83.0 -62.0 -56.0 -40.0 0.0 
49.0 95.0 135.0 187.0 266.0 366.0 470.0 
561.0 645.0 730.0 823.0 917.0 990.0 1046.0 
1086.0 1096.0 1103.0 1123.0 1096.0 1017.0 953.0 
895.0 823.0 743.0 640.0 536.0 447.0 357.0 
257.0 150.0 53.0 -22.0 -76.0 -133.0 -208.0 
-280.0 -330.0 -377.0 -427.0 -468.0 -503.0 -521.0 
-515.0 -514.0 -538.0 -579.0 -603.0 -604.0 -611.0 
-637.0 -678.0 -710.0 -715.0 -729.0 -775.0 -827.0 
-847.0 -840.0 -841.0 -862.0 -894.0 -929.0 -945.0 
-939.0 -923.0 -922.0 -922.0 -889.0 -858.0 -826.0 
-768.0 -715.0 -671.0 -593.0 -489.0 -412.0 -336.0 
-237.0 -133.0 -33.0 48.0 119.0 184.0 256.0 
324.0 359.0 378.0 420.0 492.0 554.0 590.0 
608.0 609.0 629.0 671.0 674.0 618.0 568.0 
574.0 566.0 494.0 407.0 345.0 304.0 259.0 
196.0 119.0 56.0 24.0 13.0 15.0 21.0 
14.0 4.0 48.0 133.0 202.0 261.0 309.0 
345.0 381.0 423.0 475.0 499.0 473.0 440.0 
420.0 391.0 334.0 268.0 201.0 120.0 28.0 
-50.0 -126.0 -200.0 -260.0 -331.0 -412.0 -469.0 
-535.0 -638.0 -724.0 -749.0 -749.0 -754.0 -778.0 
-812.0 -818.0 -775.0 -731.0 -697.0 -650.0 -584.0 
-495.0 -393.0 -304.0 -234.0 -174.0 -119.0 -63.0 
-22.0 -9.0 -18.0 -30.0 -29.0 -23.0 -32.0 
-36.0 -35.0 -41.0 -37.0 -26.0 -48.0 -88.0 
-103.0 -100.0 -117.0 -152.0 -157.0 -119.0 -87.0 
-112.0 -181.0 -239.0 -244.0 -207.0 -185.0 -204.0 
-243.0 -259.0 -241.0 -229.0 -253.0 -306.0 -353.0 
-357.0 -342.0 -360.0 -421.0 -463.0 -447.0 -413.0 
-415.0 -444.0 -455.0 -449.0 -430.0 -382.0 -309.0 
-265.0 -246.0 -190.0 -120.0 -72.0 -8.0 83.0 
152.0 204.0 290.0 376.0 427.0 463.0 484.0 
481.0 473.0 468.0 461.0 436.0 378.0 324.0 
316.0 321.0 307.0 287.0 274.0 274.0 283.0 
298.0 310.0 319.0 332.0 375.0 453.0 530.0 
578.0 625.0 706.0 770.0 799.0 826.0 858.0 
889.0 907.0 888.0 849.0 820.0 782.0 722.0 
657.0 591.0 521.0 447.0 369.0 271.0 154.0 
54.0 -17.0 -84.0 -183.0 -329.0 -479.0 -591.0 
-682.0 -785.0 -891.0 -992.0 -1089.0 -1174.0 -1234.0 
-1286.0 -1344.0 -1383.0 -1407.0 -1430.0 -1439.0 -1433.0 
-1427.0 -1394.0 -1338.0 -1289.0 -1232.0 -1166.0 -1106.0 
-1036.0 -943.0 -864.0 -792.0 -696.0 -591.0 -504.0 
-430.0 -372.0 -318.0 -245.0 -172.0 -122.0 -80.0 
-18.0 50.0 112.0 169.0 209.0 222.0 236.0 
271.0 303.0 314.0 321.0 340.0 377.0 400.0 
399.0 403.0 418.0 432.0 439.0 433.0 408.0 
387.0 384.0 377.0 365.0 359.0 354.0 343.0 
330.0 335.0 360.0 386.0 414.0 471.0 533.0 
579.0 636.0 723.0 826.0 913.0 970.0 1018.0 
1083.0 1158.0 1203.0 1191.0 1162.0 1149.0 1117.0 
1017.0 858.0 691.0 561.0 443.0 293.0 120.0 
-40.0 -182.0 -325.0 -479.0 -640.0 -782.0 -883.0 
-956.0 -1019.0 -1078.0 -1106.0 -1092.0 -1074.0 -1071.0 
-1057.0 -1016.0 -957.0 -916.0 -893.0 -871.0 -863.0 
-855.0 -818.0 -763.0 -717.0 -689.0 -667.0 -622.0 
-546.0 -485.0 -449.0 -404.0 -349.0 -297.0 -238.0 
-191.0 -165.0 -143.0 -117.0 -95.0 -94.0 -119.0 
-146.0 -147.0 -125.0 -134.0 -186.0 -227.0 -210.0 
-174.0 -185.0 -222.0 -212.0 -160.0 -130.0 -139.0 
-145.0 -125.0 -99.0 -85.0 -67.0 -34.0 4.0 
28.0 35.0 48.0 49.0 29.0 45.0 107.0 
148.0 140.0 124.0 125.0 126.0 95.0 37.0 
-20.0 -66.0 -72.0 -61.0 -69.0 -89.0 -104.0 
-86.0 -38.0 -9.0 20.0 82.0 145.0 187.0 
203.0 196.0 192.0 206.0 205.0 179.0 157.0 
144.0 117.0 77.0 40.0 2.0 -34.0 -53.0 
-70.0 -87.0 -96.0 -109.0 -122.0 -109.0 -79.0 
-55.0 -34.0 -23.0 -6.0 39.0 94.0 144.0 
197.0 245.0 294.0 374.0 472.0 553.0 635.0 
744.0 842.0 902.0 967.0 1060.0 1134.0 1166.0 
1163.0 1133.0 1100.0 1059.0 987.0 882.0 732.0 
568.0 430.0 288.0 81.0 -164.0 -388.0 -590.0 
-798.0 -1005.0 -1195.0 -1354.0 -1476.0 -1588.0 -1722.0 
-1861.0 -1934.0 -1945.0 -1962.0 -1999.0 -2004.0 -1945.0 
-1849.0 -1749.0 -1658.0 -1552.0 -1398.0 -1209.0 -1022.0 
-832.0 -614.0 -408.0 -217.0 10.0 256.0 465.0 
659.0 883.0 1103.0 1269.0 1399.0 1506.0 1582.0 
1657.0 1736.0 1765.0 1723.0 1668.0 1636.0 1588.0 
1494.0 1376.0 1293.0 1225.0 1097.0 952.0 844.0 
700.0 522.0 380.0 275.0 138.0 -56.0 -244.0 
-394.0 -538.0 -697.0 -863.0 -1023.0 -1165.0 -1287.0 
-1411.0 -1547.0 -1670.0 -1758.0 -1819.0 -1884.0 -1940.0 
-1965.0 -1981.0 -1983.0 -1928.0 -1847.0 -1779.0 -1688.0 
-1562.0 -1448.0 -1351.0 -1242.0 -1098.0 -928.0 -765.0 
-633.0 -514.0 -367.0 -187.0 2.0 167.0 296.0 
431.0 604.0 765.0 879.0 1004.0 1185.0 1356.0 
1468.0 1551.0 1603.0 1624.0 1685.0 1780.0 1825.0 
1810.0 1793.0 1780.0 1738.0 1673.0 1611.0 1546.0 
1459.0 1370.0 1273.0 1157.0 1040.0 922.0 786.0 
636.0 488.0 345.0 187.0 17.0 -136.0 -267.0 
-389.0 -516.0 -650.0 -766.0 -866.0 -956.0 -1025.0 
-1103.0 -1195.0 -1263.0 -1325.0 -1398.0 -1443.0 -1446.0 
-1461.0 -1504.0 -1511.0 -1459.0 -1412.0 -1405.0 -1385.0 
-1317.0 -1238.0 -1159.0 -1082.0 -1042.0 -1035.0 -1014.0 
-938.0 -814.0 -712.0 -651.0 -550.0 -386.0 -240.0 
-151.0 -83.0 5.0 118.0 229.0 330.0 422.0 
520.0 639.0 760.0 851.0 911.0 942.0 954.0 
992.0 1024.0 1011.0 1000.0 996.0 951.0 867.0 
762.0 666.0 606.0 532.0 420.0 313.0 217.0 
138.0 78.0 7.0 -78.0 -166.0 -236.0 -285.0 
-331.0 -374.0 -406.0 -439.0 -446.0 -429.0 -440.0 
-471.0 -473.0 -431.0 -363.0 -289.0 -221.0 -131.0 
-10.0 106.0 188.0 248.0 312.0 392.0 484.0 
565.0 602.0 606.0 609.0 615.0 605.0 558.0 
489.0 411.0 326.0 249.0 184.0 114.0 37.0 
-31.0 -97.0 -183.0 -297.0 -394.0 -464.0 -551.0 
-653.0 -736.0 -782.0 -793.0 -789.0 -787.0 -787.0 
-781.0 -752.0 -689.0 -638.0 -624.0 -596.0 -549.0 
-518.0 -507.0 -504.0 -498.0 -494.0 -503.0 -500.0 
-492.0 -505.0 -493.0 -456.0 -447.0 -460.0 -456.0 
-418.0 -356.0 -302.0 -268.0 -239.0 -191.0 -111.0 
-26.0 30.0 92.0 195.0 300.0 381.0 458.0 
524.0 578.0 654.0 732.0 768.0 766.0 782.0 
822.0 826.0 791.0 746.0 704.0 664.0 615.0 
560.0 518.0 463.0 398.0 373.0 380.0 377.0 
348.0 335.0 362.0 386.0 391.0 397.0 416.0 
462.0 512.0 542.0 575.0 624.0 669.0 702.0 
733.0 775.0 803.0 799.0 789.0 769.0 721.0 
655.0 570.0 467.0 356.0 222.0 53.0 -130.0 
-305.0 -485.0 -689.0 -886.0 -1060.0 -1223.0 -1368.0 
-1499.0 -1623.0 -1702.0 -1736.0 -1758.0 -1788.0 -1804.0 
-1784.0 -1741.0 -1698.0 -1657.0 -1610.0 -1546.0 -1471.0 
-1399.0 -1334.0 -1271.0 -1187.0 -1077.0 -978.0 -903.0 
-840.0 -767.0 -674.0 -580.0 -491.0 -398.0 -292.0 
-170.0 -49.0 49.0 135.0 220.0 318.0 425.0 
514.0 597.0 683.0 755.0 817.0 884.0 945.0 
994.0 1038.0 1085.0 1121.0 1128.0 1134.0 1143.0 
1140.0 1132.0 1097.0 1027.0 960.0 902.0 844.0 
776.0 689.0 611.0 562.0 501.0 421.0 354.0 
308.0 272.0 234.0 201.0 152.0 88.0 54.0 
25.0 -23.0 -64.0 -112.0 -173.0 -199.0 -210.0 
-253.0 -303.0 -335.0 -375.0 -424.0 -479.0 -541.0 
-566.0 -570.0 -584.0 -601.0 -642.0 -687.0 -678.0 
-643.0 -653.0 -681.0 -646.0 -574.0 -512.0 -450.0 
-403.0 -385.0 -364.0 -315.0 -259.0 -231.0 -223.0 
-184.0 -113.0 -43.0 25.0 93.0 153.0 204.0 
222.0 211.0 192.0 160.0 127.0 90.0 24.0 
-60.0 -127.0 -176.0 -218.0 -277.0 -364.0 -436.0 
-447.0 -422.0 -430.0 -464.0 -454.0 -400.0 -359.0 
-325.0 -291.0 -273.0 -252.0 -202.0 -153.0 -137.0 
-132.0 -115.0 -86.0 -53.0 -35.0 -41.0 -30.0 
8.0 36.0 49.0 75.0 115.0 169.0 215.0 
228.0 248.0 306.0 361.0 370.0 349.0 341.0 
344.0 353.0 372.0 361.0 305.0 263.0 255.0 
245.0 216.0 164.0 98.0 43.0 5.0 -37.0 
-101.0 -174.0 -224.0 -238.0 -236.0 -270.0 -351.0 
-404.0 -407.0 -406.0 -405.0 -401.0 -404.0 -386.0 
-337.0 -297.0 -274.0 -214.0 -138.0 -103.0 -82.0 
-23.0 44.0 80.0 113.0 144.0 127.0 82.0 
44.0 12.0 -1.0 -40.0 -117.0 -171.0 -213.0 
-277.0 -319.0 -333.0 -366.0 -404.0 -421.0 -419.0 
-411.0 -405.0 -406.0 -429.0 -449.0 -433.0 -399.0 
-378.0 -383.0 -389.0 -361.0 -311.0 -266.0 -211.0 
-148.0 -98.0 -30.0 42.0 101.0 194.0 307.0 
401.0 507.0 623.0 714.0 792.0 854.0 908.0 
972.0 1010.0 1006.0 995.0 979.0 916.0 835.0 
766.0 702.0 626.0 532.0 421.0 299.0 187.0 
80.0 -28.0 -112.0 -178.0 -244.0 -286.0 -313.0 
-337.0 -331.0 -315.0 -331.0 -344.0 -304.0 -241.0 
-208.0 -198.0 -182.0 -160.0 -135.0 -132.0 -163.0 
-207.0 -240.0 -284.0 -357.0 -436.0 -520.0 -603.0 
-676.0 -755.0 -861.0 -957.0 -1006.0 -1024.0 -1037.0 
-1054.0 -1063.0 -1034.0 -972.0 -938.0 -940.0 -922.0 
-868.0 -795.0 -740.0 -720.0 -681.0 -605.0 -540.0 
-517.0 -525.0 -537.0 -525.0 -494.0 -449.0 -401.0 
-364.0 -326.0 -276.0 -225.0 -175.0 -143.0 -113.0 
-50.0 28.0 85.0 133.0 197.0 262.0 335.0 
423.0 497.0 544.0 600.0 671.0 736.0 798.0 
878.0 959.0 1014.0 1056.0 1113.0 1181.0 1246.0 
1310.0 1373.0 1399.0 1396.0 1405.0 1404.0 1376.0 
1344.0 1319.0 1304.0 1290.0 1269.0 1232.0 1167.0 
1107.0 1067.0 1003.0 905.0 792.0 669.0 542.0 
417.0 277.0 109.0 -64.0 -228.0 -401.0 -597.0 
-805.0 -997.0 -1161.0 -1317.0 -1464.0 -1608.0 -1750.0 
-1848.0 -1884.0 -1902.0 -1921.0 -1927.0 -1921.0 -1902.0 
-1854.0 -1791.0 -1736.0 -1676.0 -1586.0 -1467.0 -1359.0 
-1292.0 -1212.0 -1086.0 -959.0 -876.0 -798.0 -695.0 
-603.0 -537.0 -450.0 -334.0 -243.0 -142.0 1.0 
126.0 210.0 309.0 420.0 526.0 651.0 784.0 
924.0 1120.0 1372.0 1653.0 1959.0 2297.0 2681.0 
3109.0 3540.0 3948.0 4324.0 4673.0 5014.0 5329.0 
5552.0 5668.0 5686.0 5588.0 5344.0 4934.0 4352.0 
3650.0 2894.0 2104.0 1299.0 520.0 -186.0 -788.0 
-1272.0 -1613.0 -1772.0 -1776.0 -1654.0 -1390.0 -1021.0 
-635.0 -296.0 -44.0 96.0 138.0 106.0 6.0 
-140.0 -284.0 -457.0 -777.0 -1250.0 -1806.0 -2463.0 
-3198.0 -3909.0 -4527.0 -5003.0 -5266.0 -5259.0 -5017.0 
-4636.0 -4217.0 -3873.0 -3599.0 -3290.0 -2980.0 -2761.0 
-2579.0 -2370.0 -2122.0 -1863.0 -1681.0 -1570.0 -1446.0 
-1356.0 -1409.0 -1570.0 -1705.0 -1755.0 -1754.0 -1680.0 
-1425.0 -1010.0 -570.0 -116.0 422.0 964.0 1373.0 
1677.0 1891.0 1915.0 1710.0 1266.0 567.0 -208.0 
-803.0 -1182.0 -1362.0 -1178.0 -630.0 -60.0 330.0 
677.0 943.0 841.0 414.0 -18.0 -309.0 -443.0 
-527.0 -788.0 -1293.0 -1872.0 -2318.0 -2570.0 -2674.0 
-2728.0 -2802.0 -2766.0 -2435.0 -1900.0 -1446.0 -1216.0 
-1117.0 -1103.0 -1254.0 -1595.0 -2050.0 -2551.0 -2956.0 
-3076.0 -2989.0 -2927.0 -2840.0 -2541.0 -2113.0 -1733.0 
-1443.0 -1293.0 -1286.0 -1124.0 -586.0 77.0 634.0 
1213.0 1967.0 2684.0 2974.0 2680.0 2008.0 1436.0 
1206.0 1090.0 902.0 754.0 753.0 822.0 901.0 
1142.0 1664.0 2445.0 3495.0 4676.0 5642.0 6232.0 
6500.0 6448.0 6071.0 5499.0 4919.0 4327.0 3639.0 
3020.0 2662.0 2395.0 2021.0 1425.0 445.0 -746.0 
-1816.0 -2895.0 -4176.0 -5292.0 -5750.0 -5524.0 -4948.0 
-4244.0 -3361.0 -2379.0 -1694.0 -1605.0 -1922.0 -2297.0 
-2706.0 -3113.0 -3203.0 -2836.0 -2217.0 -1518.0 -773.0 
-118.0 113.0 -170.0 -585.0 -962.0 -1495.0 -1823.0 
-1295.0 -36.0 1356.0 2699.0 4088.0 5103.0 5152.0 
4466.0 3607.0 2691.0 1925.0 1778.0 2369.0 3254.0 
3817.0 3792.0 3443.0 3064.0 2377.0 937.0 -842.0 
-2135.0 -2897.0 -3415.0 -3690.0 -3705.0 -3353.0 -2709.0 
-2168.0 -1736.0 -1117.0 -396.0 60.0 128.0 152.0 
659.0 1635.0 2373.0 2484.0 2289.0 1927.0 1126.0 
-110.0 -1483.0 -2745.0 -3651.0 -4211.0 -4876.0 -5849.0 
-6858.0 -7687.0 -8360.0 -8910.0 -9130.0 -8735.0 -7771.0 
-6644.0 -5762.0 -5148.0 -4577.0 -3872.0 -2935.0 -1916.0 
-1085.0 -538.0 -413.0 -698.0 -1032.0 -1422.0 -2406.0 
-4177.0 -6492.0 -8973.0 -10833.0 -11153.0 -9650.0 -6871.0 
-3683.0 -659.0 1975.0 3865.0 4660.0 4687.0 4541.0 
4369.0 4197.0 4170.0 4376.0 5128.0 6599.0 8063.0 
8824.0 9080.0 9239.0 9429.0 9501.0 9074.0 8027.0 
6660.0 5155.0 3506.0 2069.0 1398.0 1428.0 1535.0 
1343.0 1100.0 1257.0 1615.0 1436.0 669.0 194.0 
680.0 2027.0 3831.0 5561.0 6643.0 6803.0 6154.0 
4958.0 3520.0 2269.0 1606.0 1490.0 1658.0 2081.0 
2492.0 2192.0 869.0 -997.0 -2835.0 -4327.0 -5203.0 
-5366.0 -4825.0 -3369.0 -1056.0 1329.0 3112.0 4468.0 
5673.0 6394.0 6333.0 5911.0 5587.0 5251.0 4859.0 
4634.0 4497.0 4033.0 3008.0 1848.0 1237.0 1055.0 
731.0 510.0 794.0 1146.0 1258.0 1340.0 1345.0 
1177.0 1232.0 1801.0 2461.0 2756.0 2690.0 2152.0 
802.0 -1187.0 -3083.0 -4121.0 -3912.0 -2805.0 -1450.0 
-31.0 1246.0 1517.0 63.0 -2547.0 -4847.0 -5851.0 
-5488.0 -4166.0 -2399.0 -329.0 2153.0 4645.0 6367.0 
7063.0 7058.0 6644.0 5658.0 3903.0 1983.0 689.0 
-136.0 -1047.0 -2017.0 -2967.0 -4122.0 -5296.0 -5983.0 
-6285.0 -6683.0 -7033.0 -6652.0 -5342.0 -3524.0 -1665.0 
-343.0 -53.0 -578.0 -1172.0 -1140.0 -217.0 1220.0 
2402.0 2930.0 3147.0 3395.0 3575.0 3571.0 3472.0 
3623.0 4260.0 4958.0 5161.0 4953.0 4849.0 4991.0 
4901.0 4295.0 3395.0 2266.0 921.0 -162.0 -657.0 
-904.0 -1098.0 -679.0 693.0 2263.0 3115.0 3032.0 
2184.0 1088.0 497.0 388.0 -168.0 -1453.0 -2712.0 
-3400.0 -3583.0 -3453.0 -3100.0 -2608.0 -2229.0 -2410.0 
-3308.0 -4415.0 -5136.0 -5374.0 -5341.0 -5281.0 -5235.0 
-4825.0 -3781.0 -2358.0 -971.0 -63.0 19.0 -553.0 
-1173.0 -1538.0 -1889.0 -2209.0 -2099.0 -1580.0 -1084.0 
-776.0 -629.0 -483.0 238.0 1776.0 3525.0 4890.0 
5723.0 5887.0 5288.0 4456.0 4386.0 5560.0 7311.0 
8288.0 7972.0 7167.0 6363.0 5200.0 3835.0 2873.0 
2274.0 1805.0 1675.0 2085.0 2851.0 3435.0 3343.0 
2642.0 1768.0 1099.0 838.0 740.0 212.0 -959.0 
-2241.0 -2756.0 -2248.0 -1467.0 -1171.0 -1291.0 -1640.0 
-2569.0 -4421.0 -6841.0 -8972.0 -10071.0 -9894.0 -8938.0 
-8147.0 -7888.0 -7572.0 -6534.0 -4710.0 -2507.0 -812.0 
-683.0 -2223.0 -4460.0 -6378.0 -7402.0 -7377.0 -6535.0 
-5058.0 -3008.0 -997.0 52.0 17.0 -267.0 32.0 
980.0 2195.0 3415.0 4520.0 5533.0 6211.0 5916.0 
4658.0 3157.0 1589.0 -529.0 -3074.0 -4890.0 -5257.0 
-4786.0 -4164.0 -3086.0 -1119.0 1146.0 2462.0 2469.0 
2003.0 1632.0 989.0 -118.0 -1170.0 -1820.0 -1994.0 
-1415.0 -109.0 1302.0 2158.0 2273.0 1902.0 1223.0 
321.0 -417.0 -701.0 -627.0 -163.0 820.0 2080.0 
2985.0 2863.0 1592.0 -304.0 -2300.0 -4289.0 -6067.0 
-7020.0 -6831.0 -5857.0 -4848.0 -4498.0 -4959.0 -5936.0 
-7359.0 -9339.0 -11397.0 -12674.0 -13069.0 -13180.0 -13159.0 
-12246.0 -9639.0 -5661.0 -1561.0 1501.0 2840.0 2340.0 
775.0 -630.0 -1270.0 -1176.0 -471.0 557.0 1578.0 
2431.0 2860.0 2631.0 1939.0 1174.0 617.0 357.0 
209.0 -113.0 -772.0 -1727.0 -2429.0 -2160.0 -1034.0 
279.0 1620.0 3123.0 4332.0 4447.0 3276.0 1378.0 
-612.0 -2229.0 -2877.0 -2247.0 -746.0 1042.0 2765.0 
4216.0 5275.0 5660.0 4940.0 3103.0 606.0 -2127.0 
-4767.0 -6899.0 -8008.0 -7818.0 -6674.0 -5105.0 -3348.0 
-1614.0 -293.0 259.0 -1.0 -758.0 -1705.0 -2717.0 
-3482.0 -3443.0 -2349.0 -684.0 653.0 967.0 101.0 
-1410.0 -2668.0 -3077.0 -2566.0 -1330.0 259.0 1636.0 
2431.0 2892.0 3423.0 3904.0 3866.0 3106.0 1833.0 
303.0 -1205.0 -2250.0 -2522.0 -2070.0 -816.0 1325.0 
3548.0 4574.0 3969.0 2327.0 614.0 -482.0 -914.0 
-971.0 -620.0 504.0 2509.0 4941.0 7098.0 8526.0 
9082.0 8743.0 7624.0 5959.0 4260.0 3372.0 3571.0 
3999.0 3683.0 2655.0 1677.0 1124.0 748.0 284.0 
-418.0 -1500.0 -2500.0 -2293.0 -308.0 2863.0 6058.0 
8133.0 8569.0 7704.0 6198.0 4535.0 3043.0 2089.0 
1895.0 2239.0 2544.0 2507.0 2454.0 2722.0 3153.0 
3412.0 3185.0 2222.0 434.0 -2003.0 -4386.0 -5732.0 
-5686.0 -4903.0 -4412.0 -4706.0 -5419.0 -5738.0 -5013.0 
-3237.0 -1152.0 275.0 502.0 -384.0 -1816.0 -3283.0 
-4654.0 -5706.0 -5860.0 -4734.0 -2644.0 -329.0 1628.0 
3029.0 3963.0 4699.0 5454.0 6197.0 6672.0 6712.0 
6367.0 5721.0 5046.0 4757.0 4958.0 5406.0 5654.0 
5335.0 4579.0 4063.0 4200.0 4523.0 4445.0 4147.0 
4117.0 4400.0 4703.0 4552.0 3393.0 1147.0 -1685.0 
-4266.0 -5644.0 -5549.0 -4679.0 -3617.0 -2636.0 -2302.0 
-2839.0 -3556.0 -3639.0 -2893.0 -1688.0 -792.0 -915.0 
-2068.0 -3490.0 -4178.0 -3682.0 -2526.0 -1449.0 -625.0 
161.0 1036.0 1932.0 2744.0 3303.0 3568.0 3689.0 
3670.0 3371.0 2884.0 2624.0 3004.0 3921.0 4638.0 
4477.0 3579.0 2664.0 2050.0 1467.0 833.0 549.0 
712.0 681.0 -185.0 -1898.0 -4067.0 -6242.0 -8020.0 
-9043.0 -9146.0 -8571.0 -7847.0 -7320.0 -6773.0 -5597.0 
-3544.0 -998.0 1513.0 3463.0 4257.0 3741.0 2530.0 
1337.0 560.0 607.0 1646.0 3302.0 5222.0 7210.0 
8722.0 9066.0 8039.0 5998.0 3509.0 1079.0 -923.0 
-2276.0 -2873.0 -2752.0 -2269.0 -1924.0 -1957.0 -2273.0 
-2742.0 -3251.0 -3511.0 -3157.0 -2209.0 -1206.0 -628.0 
-558.0 -1089.0 -2470.0 -4573.0 -6635.0 -7897.0 -8307.0 
-8054.0 -6959.0 -5045.0 -2824.0 -761.0 756.0 1470.0 
1562.0 1316.0 720.0 -281.0 -1575.0 -2912.0 -4040.0 
-4778.0 -4839.0 -3937.0 -2205.0 -112.0 1865.0 3378.0 
4177.0 4095.0 3244.0 2074.0 1177.0 918.0 1182.0 
1493.0 1489.0 1199.0 935.0 1001.0 1580.0 2798.0 
4455.0 5926.0 6800.0 7110.0 6832.0 5852.0 4423.0 
3052.0 1893.0 679.0 -671.0 -1874.0 -2648.0 -2806.0 
-2403.0 -1922.0 -1749.0 -1850.0 -2295.0 -3181.0 -4158.0 
-4733.0 -4805.0 -4572.0 -4284.0 -4122.0 -3942.0 -3444.0 
-2815.0 -2581.0 -2710.0 -2507.0 -1575.0 -205.0 1149.0 
2151.0 2526.0 2040.0 681.0 -1209.0 -3262.0 -5289.0 
-7131.0 -8443.0 -8599.0 -7293.0 -5082.0 -2786.0 -921.0 
154.0 402.0 346.0 531.0 866.0 744.0 -222.0 
-1671.0 -2749.0 -2890.0 -2125.0 -807.0 615.0 1680.0 
2103.0 1830.0 906.0 -560.0 -2302.0 -3861.0 -4779.0 
-4928.0 -4598.0 -4113.0 -3538.0 -2763.0 -1682.0 -364.0 
988.0 2084.0 2533.0 2096.0 895.0 -544.0 -1397.0 
-1125.0 -19.0 1077.0 1478.0 1085.0 368.0 -96.0 
-19.0 548.0 1344.0 2143.0 2947.0 3814.0 4615.0 
5245.0 5898.0 6850.0 7973.0 8606.0 8200.0 6958.0 
5669.0 4918.0 4650.0 4456.0 3910.0 2860.0 1424.0 
-283.0 -2011.0 -3227.0 -3454.0 -2627.0 -1111.0 495.0 
1674.0 2319.0 2700.0 3124.0 3726.0 4456.0 5059.0 
5261.0 5012.0 4353.0 3372.0 2384.0 1892.0 2143.0 
3022.0 4371.0 5989.0 7559.0 8841.0 9725.0 9953.0 
9251.0 7755.0 5907.0 4072.0 2588.0 1735.0 1235.0 
574.0 -267.0 -1035.0 -1652.0 -2096.0 -2319.0 -2485.0 
-2886.0 -3497.0 -4010.0 -4331.0 -4632.0 -4976.0 -5106.0 
-4744.0 -4150.0 -3846.0 -3870.0 -3914.0 -3902.0 -3969.0 
-3982.0 -3662.0 -2964.0 -1992.0 -888.0 178.0 968.0 
1186.0 652.0 -625.0 -2309.0 -3780.0 -4621.0 -4832.0 
-4579.0 -3861.0 -2464.0 -463.0 1529.0 2769.0 2941.0 
2309.0 1343.0 450.0 -131.0 -423.0 -525.0 -575.0 
-930.0 -1763.0 -2732.0 -3378.0 -3501.0 -3053.0 -2094.0 
-1058.0 -548.0 -734.0 -1412.0 -2437.0 -3595.0 -4398.0 
-4402.0 -3568.0 -2203.0 -593.0 1101.0 2615.0 3655.0 
4126.0 4004.0 3349.0 2277.0 703.0 -1492.0 -4038.0 
-6416.0 -8342.0 -9784.0 -10692.0 -10921.0 -10451.0 -9555.0 
-8620.0 -7798.0 -6787.0 -5119.0 -2804.0 -489.0 1000.0 
1241.0 409.0 -1006.0 -2469.0 -3496.0 -3912.0 -3910.0 
-3745.0 -3550.0 -3494.0 -3824.0 -4691.0 -5825.0 -6605.0 
-6857.0 -6953.0 -7031.0 -6858.0 -6302.0 -5461.0 -4537.0 
-3730.0 -3159.0 -2836.0 -2577.0 -2145.0 -1514.0 -853.0 
-277.0 285.0 880.0 1366.0 1567.0 1530.0 1567.0 
1928.0 2753.0 4209.0 6222.0 8327.0 10094.0 11394.0 
12274.0 12745.0 12616.0 11674.0 10013.0 7953.0 5888.0 
4119.0 2749.0 1879.0 1715.0 2265.0 3251.0 4481.0 
5762.0 6608.0 6642.0 5898.0 4538.0 2707.0 701.0 
-1059.0 -2218.0 -2501.0 -1784.0 -351.0 1164.0 2208.0 
2479.0 1899.0 645.0 -1026.0 -2873.0 -4578.0 -5880.0 
-6808.0 -7488.0 -7822.0 -7740.0 -7565.0 -7567.0 -7535.0 
-7269.0 -6759.0 -5985.0 -5272.0 -5288.0 -6297.0 -7782.0 
-9010.0 -9522.0 -9183.0 -8329.0 -7570.0 -7235.0 -7257.0 
-7292.0 -6840.0 -5545.0 -3357.0 -651.0 1945.0 4072.0 
5432.0 5427.0 3755.0 915.0 -2153.0 -4498.0 -5374.0 
-4536.0 -2301.0 668.0 3545.0 5539.0 6415.0 6719.0 
7135.0 7731.0 8064.0 7741.0 6605.0 4770.0 2675.0 
744.0 -1021.0 -2752.0 -4228.0 -5086.0 -5179.0 -4690.0 
-4066.0 -3798.0 -4120.0 -4755.0 -5134.0 -4929.0 -4199.0 
-3182.0 -2031.0 -657.0 918.0 2239.0 2748.0 2179.0 
743.0 -971.0 -2312.0 -2786.0 -2185.0 -580.0 1779.0 
4449.0 6682.0 7656.0 7088.0 5419.0 3296.0 1344.0 
222.0 207.0 855.0 1428.0 1404.0 684.0 -359.0 
-1131.0 -1279.0 -775.0 255.0 1517.0 2550.0 2915.0 
2444.0 1329.0 -111.0 -1574.0 -2675.0 -3120.0 -2992.0 
-2467.0 -1543.0 -306.0 978.0 2104.0 2867.0 3081.0 
2802.0 2122.0 1085.0 8.0 -660.0 -898.0 -890.0 
-525.0 185.0 722.0 592.0 -222.0 -1385.0 -2414.0 
-2764.0 -2051.0 -388.0 1517.0 2838.0 3130.0 2419.0 
1054.0 -796.0 -3208.0 -5846.0 -7993.0 -9207.0 -9371.0 
-8493.0 -6759.0 -4420.0 -1702.0 924.0 2849.0 3866.0 
4185.0 4035.0 3590.0 2948.0 2180.0 1512.0 1187.0 
1280.0 1935.0 3424.0 5778.0 8680.0 11661.0 14301.0 
16310.0 17388.0 17159.0 15465.0 12773.0 10041.0 8110.0 
7352.0 7607.0 8266.0 8687.0 8631.0 8262.0 7821.0 
7390.0 6952.0 6479.0 5935.0 5393.0 5072.0 5163.0 
5601.0 5973.0 5650.0 4243.0 1872.0 -966.0 -3701.0 
-5938.0 -7436.0 -7982.0 -7392.0 -5661.0 -3080.0 -81.0 
2802.0 4982.0 6264.0 6914.0 7027.0 6182.0 4041.0 
868.0 -2715.0 -6151.0 -8956.0 -10656.0 -11108.0 -10696.0 
-10015.0 -9546.0 -9442.0 -9504.0 -9583.0 -9711.0 -9819.0 
-9851.0 -9988.0 -10433.0 -11077.0 -11588.0 -11692.0 -11144.0 
-9755.0 -7700.0 -5498.0 -3593.0 -2244.0 -1626.0 -1754.0 
-2407.0 -3117.0 -3400.0 -3018.0 -1993.0 -491.0 1277.0 
3023.0 4410.0 5357.0 6088.0 6795.0 7575.0 8489.0 
9417.0 10074.0 10234.0 9866.0 9082.0 8062.0 6967.0 
5782.0 4591.0 3881.0 4154.0 5416.0 7208.0 8930.0 
10112.0 10413.0 9617.0 7867.0 5733.0 3894.0 2660.0 
1782.0 853.0 -235.0 -1358.0 -2365.0 -3032.0 -3074.0 
-2423.0 -1251.0 381.0 2572.0 5209.0 7800.0 9760.0 
10811.0 11102.0 10942.0 10617.0 10420.0 10526.0 10786.0 
10853.0 10560.0 10108.0 9813.0 9731.0 9553.0 8793.0 
7097.0 4464.0 1262.0 -1785.0 -3901.0 -4702.0 -4269.0 
-2892.0 -872.0 1307.0 2875.0 3366.0 2897.0 1587.0 
-569.0 -3265.0 -5894.0 -7874.0 -8812.0 -8616.0 -7483.0 
-5620.0 -3176.0 -577.0 1516.0 2665.0 2803.0 2104.0 
915.0 -402.0 -1609.0 -2601.0 -3367.0 -3842.0 -3808.0 
-3003.0 -1507.0 91.0 1100.0 1231.0 649.0 -222.0 
-925.0 -1283.0 -1575.0 -2259.0 -3475.0 -4920.0 -6202.0 
-7157.0 -7831.0 -8285.0 -8507.0 -8468.0 -8188.0 -7768.0 
-7346.0 -6918.0 -6150.0 -4697.0 -2596.0 -188.0 2035.0 
3573.0 4122.0 3700.0 2587.0 1213.0 39.0 -566.0 
-423.0 357.0 1426.0 2333.0 2710.0 2457.0 1700.0 
679.0 -258.0 -794.0 -895.0 -717.0 -262.0 571.0 
1771.0 3260.0 4998.0 6731.0 7920.0 8186.0 7471.0 
5775.0 3201.0 178.0 -2784.0 -5466.0 -7906.0 -10122.0 
-11983.0 -13214.0 -13530.0 -12851.0 -11290.0 -8989.0 -6123.0 
-3053.0 -154.0 2422.0 4592.0 6071.0 6537.0 6001.0 
4748.0 3075.0 1271.0 -417.0 -1835.0 -2757.0 -2863.0 
-2022.0 -335.0 1991.0 4554.0 6794.0 8275.0 8824.0 
8333.0 6615.0 3531.0 -819.0 -5874.0 -10751.0 -14718.0 
-17280.0 -18116.0 -17305.0 -15399.0 -13186.0 -11425.0 -10596.0 
-10826.0 -11973.0 -13668.0 -15410.0 -16744.0 -17329.0 -16882.0 
-15194.0 -12201.0 -8068.0 -3290.0 1455.0 5561.0 8626.0 
10433.0 10978.0 10511.0 9301.0 7508.0 5445.0 3698.0 
2773.0 2718.0 3119.0 3404.0 3147.0 2135.0 278.0 
-2375.0 -5600.0 -9068.0 -12301.0 -14626.0 -15437.0 -14519.0 
-12160.0 -9014.0 -5801.0 -3049.0 -959.0 599.0 1868.0 
3009.0 4119.0 5231.0 6312.0 7297.0 8110.0 8705.0 
9170.0 9611.0 9912.0 9889.0 9458.0 8465.0 6754.0 
4411.0 1763.0 -754.0 -2804.0 -4275.0 -5190.0 -5614.0 
-5705.0 -5774.0 -6135.0 -6885.0 -7854.0 -8733.0 -9267.0 
-9494.0 -9740.0 -10332.0 -11353.0 -12594.0 -13687.0 -14375.0 
-14540.0 -14064.0 -12982.0 -11685.0 -10640.0 -10017.0 -9731.0 
-9603.0 -9414.0 -9041.0 -8582.0 -8299.0 -8347.0 -8609.0 
-8757.0 -8474.0 -7667.0 -6418.0 -4853.0 -3105.0 -1244.0 
752.0 2821.0 4612.0 5716.0 6013.0 5623.0 4782.0 
3765.0 2728.0 1616.0 295.0 -1287.0 -3001.0 -4489.0 
-5370.0 -5549.0 -5140.0 -4309.0 -3300.0 -2356.0 -1678.0 
-1389.0 -1424.0 -1606.0 -1778.0 -1769.0 -1442.0 -791.0 
75.0 986.0 1820.0 2488.0 2810.0 2660.0 2059.0 
1088.0 -84.0 -1250.0 -2288.0 -3099.0 -3594.0 -3826.0 
-3934.0 -3904.0 -3643.0 -3264.0 -2915.0 -2509.0 -2000.0 
-1529.0 -1175.0 -918.0 -697.0 -364.0 213.0 1039.0 
2155.0 3695.0 5590.0 7566.0 9383.0 10862.0 11903.0 
12518.0 12737.0 12588.0 12123.0 11375.0 10396.0 9217.0 
7860.0 6384.0 4988.0 4025.0 3730.0 4079.0 4907.0 
5929.0 6802.0 7365.0 7654.0 7753.0 7744.0 7655.0 
7409.0 6966.0 6414.0 5946.0 5767.0 5927.0 6322.0 
6811.0 7251.0 7594.0 7938.0 8391.0 9024.0 9980.0 
11341.0 12933.0 14483.0 15702.0 16248.0 16010.0 15207.0 
14032.0 12590.0 10997.0 9325.0 7604.0 5865.0 4241.0 
2951.0 2103.0 1634.0 1383.0 1142.0 717.0 103.0 
-525.0 -986.0 -1092.0 -697.0 199.0 1556.0 3429.0 
5796.0 8392.0 10852.0 12841.0 14102.0 14544.0 14319.0 
13764.0 13181.0 12763.0 12563.0 12525.0 12577.0 12689.0 
12787.0 12733.0 12445.0 11992.0 11462.0 10791.0 9957.0 
9146.0 8511.0 8022.0 7646.0 7497.0 7716.0 8306.0 
9201.0 10348.0 11610.0 12908.0 14363.0 16032.0 17730.0 
19223.0 20461.0 21530.0 22416.0 22993.0 23233.0 23207.0 
22917.0 22283.0 21290.0 20083.0 18877.0 17736.0 16594.0 
15385.0 14046.0 12511.0 10807.0 9112.0 7585.0 6212.0 
4893.0 3539.0 2094.0 629.0 -684.0 -1762.0 -2707.0 
-3670.0 -4670.0 -5612.0 -6462.0 -7360.0 -8491.0 -9858.0 
-11267.0 -12521.0 -13569.0 -14388.0 -14904.0 -15084.0 -14939.0 
-14571.0 -14188.0 -13980.0 -13983.0 -14095.0 -14196.0 -14185.0 
-13878.0 -13146.0 -12089.0 -10888.0 -9556.0 -8023.0 -6426.0 
-5123.0 -4399.0 -4325.0 -4852.0 -5872.0 -7210.0 -8680.0 
-10130.0 -11416.0 -12392.0 -12907.0 -12859.0 -12326.0 -11560.0 
-10759.0 -9928.0 -8972.0 -7909.0 -6885.0 -6034.0 -5429.0 
-5086.0 -4901.0 -4678.0 -4262.0 -3631.0 -2887.0 -2107.0 
-1280.0 -520.0 -90.0 -142.0 -734.0 -1910.0 -3577.0 
-5556.0 -7674.0 -9837.0 -12085.0 -14498.0 -17067.0 -19711.0 
-22311.0 -24720.0 -26760.0 -28239.0 -29064.0 -29256.0 -28931.0 
-28308.0 -27529.0 -26648.0 -25755.0 -24784.0 -23519.0 -21846.0 
-19807.0 -17592.0 -15413.0 -13326.0 -11338.0 -9508.0 -7982.0 
-6973.0 -6607.0 -6844.0 -7479.0 -8134.0 -8453.0 -8422.0 
-8222.0 -7955.0 -7702.0 -7580.0 -7633.0 -7831.0 -8194.0 
-8825.0 -9796.0 -11035.0 -12373.0 -13628.0 -14555.0 -14930.0 
-14728.0 -14150.0 -13498.0 -12990.0 -12678.0 -12629.0 -12968.0 
-13751.0 -14955.0 -16487.0 -18195.0 -19944.0 -21656.0 -23193.0 
-24285.0 -24745.0 -24559.0 -23730.0 -22334.0 -20561.0 -18599.0 
-16641.0 -14857.0 -13313.0 -11993.0 -10861.0 -9883.0 -9050.0 
-8382.0 -7861.0 -7363.0 -6793.0 -6167.0 -5501.0 -4810.0 
-4102.0 -3365.0 -2586.0 -1783.0 -1054.0 -548.0 -362.0 
-449.0 -607.0 -615.0 -430.0 -133.0 234.0 669.0 
1149.0 1649.0 2171.0 2725.0 3324.0 4015.0 4812.0 
5675.0 6531.0 7342.0 8124.0 8868.0 9503.0 9997.0 
10405.0 10786.0 11201.0 11706.0 12357.0 13187.0 14162.0 
15183.0 16094.0 16728.0 17008.0 16953.0 16542.0 15729.0 
14551.0 13089.0 11476.0 9992.0 8970.0 8581.0 8826.0 
9602.0 10718.0 11991.0 13274.0 14433.0 15354.0 15933.0 
16105.0 15867.0 15322.0 14663.0 14083.0 13705.0 13563.0 
13638.0 13836.0 14048.0 14294.0 14660.0 15147.0 15643.0 
15978.0 16030.0 15825.0 15566.0 15420.0 15370.0 15390.0 
15518.0 15699.0 15832.0 15988.0 16317.0 16806.0 17390.0 
18073.0 18840.0 19662.0 20574.0 21632.0 22803.0 23985.0 
25064.0 25921.0 26460.0 26597.0 26257.0 25503.0 24517.0 
23355.0 21952.0 20331.0 18580.0 16791.0 15080.0 13532.0 
12150.0 10913.0 9864.0 9001.0 8164.0 7150.0 5877.0 
4449.0 3118.0 2184.0 1840.0 2125.0 3031.0 4454.0 
6220.0 8207.0 10308.0 12379.0 14286.0 15929.0 17241.0 
18177.0 18691.0 18819.0 18726.0 18535.0 18247.0 17859.0 
17404.0 16896.0 16332.0 15678.0 14852.0 13838.0 12673.0 
11427.0 10268.0 9320.0 8537.0 7754.0 6806.0 5664.0 
4461.0 3326.0 2259.0 1188.0 17.0 -1320.0 -2812.0 
-4342.0 -5725.0 -6871.0 -7773.0 -8451.0 -8946.0 -9282.0 
-9443.0 -9368.0 -8985.0 -8329.0 -7495.0 -6581.0 -5807.0 
-5365.0 -5216.0 -5220.0 -5299.0 -5446.0 -5704.0 -6099.0 
-6602.0 -7114.0 -7534.0 -7845.0 -8157.0 -8637.0 -9350.0 
-10254.0 -11301.0 -12403.0 -13371.0 -14046.0 -14438.0 -14681.0 
-14899.0 -15151.0 -15416.0 -15655.0 -15882.0 -16113.0 -16384.0 
-16762.0 -17262.0 -17866.0 -18470.0 -18871.0 -18917.0 -18643.0 
-18154.0 -17568.0 -17082.0 -16910.0 -17100.0 -17550.0 -18147.0 
-18825.0 -19555.0 -20307.0 -21028.0 -21608.0 -21905.0 -21869.0 
-21581.0 -21184.0 -20824.0 -20616.0 -20552.0 -20529.0 -20460.0 
-20280.0 -19982.0 -19673.0 -19435.0 -19220.0 -18977.0 -18714.0 
-18404.0 -17967.0 -17362.0 -16643.0 -15849.0 -14954.0 -13986.0 
-13044.0 -12235.0 -11652.0 -11350.0 -11304.0 -11444.0 -11732.0 
-12096.0 -12402.0 -12574.0 -12649.0 -12673.0 -12610.0 -12422.0 
-12154.0 -11873.0 -11596.0 -11326.0 -11066.0 -10798.0 -10541.0 
-10296.0 -9938.0 -9316.0 -8449.0 -7470.0 -6511.0 -5682.0 
-5052.0 -4632.0 -4357.0 -4100.0 -3752.0 -3266.0 -2567.0 
-1597.0 -442.0 743.0 1802.0 2575.0 2938.0 2858.0 
2440.0 1887.0 1417.0 1153.0 1092.0 1171.0 1286.0 
1334.0 1245.0 962.0 489.0 -105.0 -733.0 -1307.0 
-1778.0 -2112.0 -2278.0 -2267.0 -2051.0 -1613.0 -966.0 
-133.0 827.0 1875.0 3010.0 4221.0 5475.0 6709.0 
7875.0 8999.0 10175.0 11425.0 12644.0 13749.0 14759.0 
15698.0 16561.0 17349.0 18071.0 18739.0 19350.0 19858.0 
20241.0 20559.0 20880.0 21245.0 21698.0 22246.0 22832.0 
23403.0 23937.0 24377.0 24607.0 24523.0 24069.0 23245.0 
22065.0 20546.0 18746.0 16746.0 14670.0 12695.0 10977.0 
9570.0 8497.0 7775.0 7286.0 6838.0 6345.0 5829.0 
5373.0 5021.0 4710.0 4391.0 4126.0 3894.0 3607.0 
3288.0 2971.0 2629.0 2280.0 1995.0 1809.0 1731.0 
1718.0 1727.0 1791.0 1925.0 2116.0 2397.0 2820.0 
3387.0 4094.0 4915.0 5719.0 6319.0 6606.0 6575.0 
6347.0 6116.0 6014.0 6049.0 6143.0 6311.0 6630.0 
7060.0 7536.0 8022.0 8474.0 8874.0 9217.0 9532.0 
9822.0 10013.0 10040.0 9934.0 9694.0 9252.0 8586.0 
7750.0 6807.0 5747.0 4557.0 3300.0 2042.0 775.0 
-523.0 -1830.0 -3123.0 -4420.0 -5680.0 -6797.0 -7668.0 
-8225.0 -8538.0 -8808.0 -9138.0 -9501.0 -9911.0 -10368.0 
-10764.0 -11053.0 -11304.0 -11561.0 -11881.0 -12330.0 -12919.0 
-13602.0 -14270.0 -14818.0 -15185.0 -15317.0 -15185.0 -14808.0 
-14225.0 -13469.0 -12565.0 -11564.0 -10529.0 -9524.0 -8603.0 
-7757.0 -6953.0 -6229.0 -5631.0 -5109.0 -4630.0 -4162.0 
-3633.0 -3003.0 -2319.0 -1678.0 -1088.0 -493.0 112.0 
712.0 1269.0 1688.0 1905.0 1943.0 1809.0 1535.0 
1275.0 1103.0 983.0 955.0 1060.0 1254.0 1474.0 
1663.0 1769.0 1818.0 1915.0 2107.0 2359.0 2648.0 
2997.0 3419.0 3891.0 4362.0 4746.0 4955.0 4999.0 
4912.0 4659.0 4233.0 3673.0 2987.0 2221.0 1486.0 
813.0 176.0 -388.0 -828.0 -1203.0 -1659.0 -2293.0 
-3144.0 -4183.0 -5251.0 -6186.0 -6952.0 -7502.0 -7730.0 
-7588.0 -7110.0 -6418.0 -5665.0 -4914.0 -4216.0 -3667.0 
-3261.0 -2946.0 -2703.0 -2512.0 -2390.0 -2342.0 -2327.0 
-2301.0 -2275.0 -2258.0 -2231.0 -2223.0 -2283.0 -2414.0 
-2570.0 -2715.0 -2854.0 -3027.0 -3237.0 -3407.0 -3451.0 
-3368.0 -3193.0 -2889.0 -2434.0 -1883.0 -1237.0 -462.0 
398.0 1305.0 2274.0 3266.0 4187.0 4957.0 5487.0 
5713.0 5630.0 5275.0 4710.0 4037.0 3360.0 2751.0 
2261.0 1936.0 1832.0 1939.0 2142.0 2288.0 2272.0 
2049.0 1662.0 1194.0 664.0 70.0 -525.0 -1016.0 
-1355.0 -1565.0 -1673.0 -1703.0 -1687.0 -1668.0 -1705.0 
-1858.0 -2176.0 -2645.0 -3170.0 -3715.0 -4318.0 -4986.0 
-5672.0 -6295.0 -6797.0 -7164.0 -7366.0 -7363.0 -7150.0 
-6760.0 -6248.0 -5647.0 -4965.0 -4264.0 -3613.0 -2988.0 
-2304.0 -1469.0 -459.0 677.0 1883.0 3112.0 4310.0 
5398.0 6294.0 6924.0 7223.0 7165.0 6816.0 6249.0 
5498.0 4574.0 3497.0 2338.0 1141.0 -125.0 -1490.0 
-2872.0 -4110.0 -5104.0 -5805.0 -6165.0 -6206.0 -6026.0 
-5681.0 -5171.0 -4587.0 -4024.0 -3431.0 -2837.0 -2386.0 
-2096.0 -1920.0 -1823.0 -1740.0 -1619.0 -1436.0 -1138.0 
-708.0 -153.0 547.0 1385.0 2265.0 3121.0 3954.0 
4709.0 5245.0 5483.0 5451.0 5214.0 4842.0 4392.0 
3914.0 3430.0 2885.0 2276.0 1704.0 1205.0 798.0 
591.0 627.0 840.0 1182.0 1618.0 2085.0 2540.0 
2979.0 3417.0 3836.0 4174.0 4386.0 4503.0 4580.0 
4619.0 4652.0 4752.0 4925.0 5123.0 5340.0 5596.0 
5882.0 6176.0 6433.0 6608.0 6715.0 6798.0 6832.0 
6793.0 6737.0 6683.0 6608.0 6523.0 6398.0 6131.0 
5649.0 4953.0 4071.0 2989.0 1646.0 132.0 -1334.0 
-2670.0 -3883.0 -4974.0 -5939.0 -6753.0 -7433.0 -8040.0 
-8580.0 -9033.0 -9392.0 -9612.0 -9625.0 -9435.0 -9096.0 
-8577.0 -7776.0 -6695.0 -5456.0 -4142.0 -2803.0 -1501.0 
-258.0 904.0 1925.0 2725.0 3239.0 3473.0 3507.0 
3433.0 3304.0 3165.0 3076.0 3031.0 2976.0 2877.0 
2701.0 2409.0 2021.0 1595.0 1107.0 541.0 -58.0 
-689.0 -1390.0 -2134.0 -2827.0 -3424.0 -3932.0 -4330.0 
-4616.0 -4846.0 -5054.0 -5222.0 -5354.0 -5467.0 -5546.0 
-5568.0 -5524.0 -5396.0 -5176.0 -4855.0 -4405.0 -3806.0 
-3085.0 -2306.0 -1518.0 -708.0 208.0 1276.0 2374.0 
3363.0 4252.0 5125.0 5960.0 6619.0 6996.0 7102.0 
6970.0 6645.0 6205.0 5687.0 5070.0 4371.0 3640.0 
2874.0 2034.0 1117.0 137.0 -896.0 -1959.0 -3045.0 
-4182.0 -5411.0 -6740.0 -8060.0 -9208.0 -10076.0 -10651.0 
-10913.0 -10871.0 -10596.0 -10132.0 -9466.0 -8604.0 -7583.0 
-6470.0 -5329.0 -4170.0 -2970.0 -1723.0 -450.0 834.0 
2133.0 3444.0 4718.0 5870.0 6872.0 7742.0 8542.0 
9309.0 9972.0 10454.0 10702.0 10711.0 10565.0 10303.0 
9886.0 9289.0 8573.0 7849.0 7152.0 6467.0 5780.0 
5111.0 4514.0 4019.0 3601.0 3180.0 2706.0 2208.0 
1711.0 1225.0 757.0 308.0 -97.0 -439.0 -707.0 
-856.0 -824.0 -602.0 -248.0 169.0 592.0 1000.0 
1389.0 1723.0 1950.0 2035.0 1999.0 1936.0 1910.0 
1913.0 1949.0 2001.0 2046.0 2086.0 2105.0 2066.0 
1986.0 1884.0 1726.0 1500.0 1308.0 1196.0 1091.0 
1013.0 1065.0 1252.0 1502.0 1747.0 1960.0 2120.0 
2161.0 2014.0 1679.0 1195.0 567.0 -170.0 -963.0 
-1825.0 -2757.0 -3661.0 -4430.0 -5000.0 -5339.0 -5472.0 
-5439.0 -5255.0 -4961.0 -4608.0 -4184.0 -3691.0 -3182.0 
-2697.0 -2200.0 -1676.0 -1157.0 -638.0 -127.0 313.0 
677.0 1008.0 1317.0 1586.0 1795.0 1934.0 2015.0 
2068.0 2094.0 2028.0 1811.0 1483.0 1135.0 817.0 
517.0 214.0 -94.0 -433.0 -838.0 -1332.0 -1913.0 
-2539.0 -3149.0 -3715.0 -4253.0 -4797.0 -5343.0 -5855.0 
-6353.0 -6875.0 -7393.0 -7849.0 -8211.0 -8475.0 -8653.0 
-8760.0 -8792.0 -8716.0 -8516.0 -8208.0 -7805.0 -7332.0 
-6790.0 -6173.0 -5541.0 -4955.0 -4445.0 -4008.0 -3579.0 
-3116.0 -2648.0 -2187.0 -1689.0 -1107.0 -417.0 376.0 
1239.0 2158.0 3097.0 3964.0 4676.0 5200.0 5524.0 
5622.0 5462.0 5006.0 4236.0 3213.0 2076.0 958.0 
-81.0 -1025.0 -1853.0 -2539.0 -3072.0 -3475.0 -3768.0 
-3937.0 -4006.0 -4025.0 -4008.0 -3963.0 -3926.0 -3929.0 
-3967.0 -4034.0 -4140.0 -4264.0 -4343.0 -4317.0 -4151.0 
-3835.0 -3378.0 -2816.0 -2193.0 -1538.0 -906.0 -353.0 
130.0 599.0 1113.0 1662.0 2169.0 2610.0 2979.0 
3250.0 3385.0 3366.0 3220.0 2974.0 2645.0 2228.0 
1730.0 1198.0 694.0 265.0 -31.0 -205.0 -296.0 
-290.0 -186.0 -9.0 236.0 564.0 1004.0 1555.0 
2178.0 2791.0 3311.0 3727.0 4058.0 4308.0 4471.0 
4507.0 4407.0 4214.0 3940.0 3610.0 3288.0 2980.0 
2694.0 2487.0 2359.0 2242.0 2112.0 1977.0 1782.0 
1513.0 1186.0 738.0 161.0 -472.0 -1126.0 -1771.0 
-2339.0 -2769.0 -3032.0 -3073.0 -2875.0 -2497.0 -1976.0 
-1357.0 -746.0 -203.0 257.0 654.0 1032.0 1395.0 
1717.0 1980.0 2203.0 2411.0 2567.0 2620.0 2547.0 
2388.0 2223.0 2086.0 1988.0 1961.0 2022.0 2158.0 
2382.0 2705.0 3102.0 3531.0 3924.0 4221.0 4422.0 
4521.0 4493.0 4398.0 4279.0 4041.0 3582.0 2899.0 
2064.0 1191.0 377.0 -347.0 -982.0 -1493.0 -1874.0 
-2175.0 -2426.0 -2660.0 -2900.0 -3107.0 -3267.0 -3400.0 
-3495.0 -3531.0 -3494.0 -3386.0 -3225.0 -3019.0 -2777.0 
-2496.0 -2168.0 -1813.0 -1433.0 -1026.0 -609.0 -157.0 
332.0 824.0 1349.0 1969.0 2673.0 3402.0 4135.0 
4852.0 5495.0 6041.0 6481.0 6784.0 6935.0 6970.0 
6915.0 6793.0 6610.0 6354.0 6045.0 5715.0 5365.0 
4979.0 4526.0 4010.0 3462.0 2893.0 2316.0 1777.0 
1296.0 889.0 601.0 424.0 284.0 147.0 10.0 
-129.0 -272.0 -445.0 -659.0 -866.0 -1059.0 -1290.0 
-1613.0 -2031.0 -2545.0 -3178.0 -3908.0 -4687.0 -5521.0 
-6405.0 -7282.0 -8130.0 -8934.0 -9610.0 -10091.0 -10367.0 
-10405.0 -10184.0 -9748.0 -9141.0 -8410.0 -7641.0 -6901.0 
-6238.0 -5680.0 -5196.0 -4747.0 -4328.0 -3899.0 -3407.0 
-2846.0 -2209.0 -1492.0 -722.0 92.0 939.0 1791.0 
2630.0 3367.0 3862.0 4094.0 4096.0 3882.0 3526.0 
3118.0 2710.0 2349.0 2098.0 1966.0 1891.0 1836.0 
1817.0 1858.0 1963.0 2099.0 2210.0 2265.0 2268.0 
2228.0 2161.0 2099.0 2108.0 2221.0 2425.0 2709.0 
3059.0 3464.0 3909.0 4348.0 4734.0 5051.0 5348.0 
5662.0 5931.0 6125.0 6271.0 6290.0 6107.0 5743.0 
5230.0 4583.0 3850.0 3116.0 2431.0 1782.0 1181.0 
702.0 424.0 329.0 338.0 378.0 405.0 405.0 
380.0 335.0 289.0 249.0 225.0 224.0 236.0 
275.0 347.0 459.0 633.0 850.0 1095.0 1375.0 
1677.0 1977.0 2249.0 2489.0 2685.0 2772.0 2733.0 
2619.0 2457.0 2222.0 1938.0 1689.0 1508.0 1342.0 
1170.0 1004.0 849.0 711.0 557.0 351.0 98.0 
-176.0 -448.0 -707.0 -965.0 -1223.0 -1472.0 -1720.0 
-1983.0 -2265.0 -2583.0 -2938.0 -3294.0 -3646.0 -4032.0 
-4486.0 -5011.0 -5567.0 -6093.0 -6556.0 -6961.0 -7305.0 
-7569.0 -7720.0 -7760.0 -7730.0 -7659.0 -7568.0 -7483.0 
-7421.0 -7364.0 -7266.0 -7098.0 -6836.0 -6478.0 -6035.0 
-5528.0 -4968.0 -4355.0 -3729.0 -3129.0 -2554.0 -1987.0 
-1425.0 -909.0 -498.0 -238.0 -132.0 -176.0 -380.0 
-736.0 -1215.0 -1772.0 -2382.0 -3054.0 -3818.0 -4657.0 
-5503.0 -6349.0 -7228.0 -8111.0 -8940.0 -9691.0 -10322.0 
-10784.0 -11095.0 -11305.0 -11424.0 -11440.0 -11365.0 -11213.0 
-11001.0 -10743.0 -10403.0 -9943.0 -9372.0 -8730.0 -8038.0 
-7273.0 -6437.0 -5595.0 -4792.0 -4033.0 -3314.0 -2616.0 
-1927.0 -1267.0 -628.0 15.0 656.0 1269.0 1840.0 
2347.0 2799.0 3225.0 3623.0 3955.0 4226.0 4457.0 
4636.0 4767.0 4884.0 4970.0 5007.0 5044.0 5122.0 
5246.0 5423.0 5650.0 5941.0 6337.0 6821.0 7325.0 
7806.0 8256.0 8678.0 9068.0 9403.0 9666.0 9868.0 
10029.0 10158.0 10232.0 10230.0 10182.0 10090.0 9938.0 
9731.0 9472.0 9151.0 8791.0 8428.0 8041.0 7600.0 
7104.0 6560.0 5962.0 5299.0 4605.0 3949.0 3356.0 
2818.0 2358.0 1968.0 1601.0 1269.0 1000.0 773.0 
537.0 264.0 -27.0 -284.0 -454.0 -533.0 -533.0 
-440.0 -226.0 104.0 486.0 875.0 1294.0 1750.0 
2192.0 2578.0 2894.0 3142.0 3339.0 3483.0 3569.0 
3577.0 3510.0 3412.0 3328.0 3252.0 3186.0 3148.0 
3138.0 3153.0 3170.0 3164.0 3132.0 3085.0 3038.0 
2976.0 2876.0 2752.0 2604.0 2420.0 2224.0 2068.0 
1912.0 1713.0 1558.0 1483.0 1414.0 1367.0 1386.0 
1439.0 1517.0 1631.0 1742.0 1857.0 2026.0 2210.0 
2382.0 2574.0 2765.0 2938.0 3112.0 3283.0 3418.0 
3458.0 3386.0 3227.0 2971.0 2560.0 2011.0 1375.0 
655.0 -142.0 -979.0 -1805.0 -2582.0 -3304.0 -3966.0 
-4558.0 -5094.0 -5572.0 -5967.0 -6294.0 -6587.0 -6879.0 
-7186.0 -7501.0 -7807.0 -8103.0 -8396.0 -8668.0 -8898.0 
-9089.0 -9250.0 -9383.0 -9478.0 -9514.0 -9463.0 -9315.0 
-9069.0 -8715.0 -8254.0 -7730.0 -7172.0 -6551.0 -5875.0 
-5194.0 -4518.0 -3830.0 -3174.0 -2628.0 -2191.0 -1808.0 
-1452.0 -1165.0 -992.0 -890.0 -823.0 -821.0 -890.0 
-995.0 -1105.0 -1188.0 -1244.0 -1302.0 -1348.0 -1360.0 
-1331.0 -1265.0 -1184.0 -1112.0 -1038.0 -940.0 -833.0 
-775.0 -826.0 -993.0 -1238.0 -1524.0 -1821.0 -2134.0 
-2488.0 -2837.0 -3130.0 -3389.0 -3636.0 -3846.0 -4023.0 
-4193.0 -4355.0 -4506.0 -4659.0 -4792.0 -4816.0 -4686.0 
-4448.0 -4139.0 -3744.0 -3241.0 -2632.0 -1956.0 -1250.0 
-528.0 194.0 903.0 1600.0 2271.0 2896.0 3483.0 
4053.0 4620.0 5176.0 5690.0 6178.0 6675.0 7171.0 
7638.0 8050.0 8410.0 8717.0 8949.0 9108.0 9187.0 
9177.0 9081.0 8897.0 8612.0 8218.0 7753.0 7275.0 
6800.0 6349.0 5963.0 5628.0 5355.0 5196.0 5153.0 
5186.0 5251.0 5336.0 5462.0 5612.0 5746.0 5837.0 
5876.0 5861.0 5765.0 5576.0 5317.0 5005.0 4665.0 
4294.0 3850.0 3329.0 2763.0 2183.0 1585.0 967.0 
372.0 -153.0 -592.0 -917.0 -1129.0 -1294.0 -1465.0 
-1617.0 -1760.0 -1930.0 -2110.0 -2281.0 -2420.0 -2494.0 
-2515.0 -2500.0 -2437.0 -2300.0 -2068.0 -1770.0 -1446.0 
-1096.0 -731.0 -404.0 -147.0 28.0 97.0 84.0 
41.0 -58.0 -248.0 -507.0 -784.0 -1040.0 -1284.0 
-1542.0 -1768.0 -1942.0 -2081.0 -2177.0 -2239.0 -2282.0 
-2288.0 -2241.0 -2137.0 -1978.0 -1801.0 -1639.0 -1472.0 
-1288.0 -1093.0 -891.0 -682.0 -471.0 -250.0 -33.0 
131.0 214.0 238.0 242.0 212.0 111.0 -40.0 
-194.0 -340.0 -510.0 -712.0 -908.0 -1067.0 -1186.0 
-1243.0 -1239.0 -1235.0 -1257.0 -1272.0 -1266.0 -1286.0 
-1388.0 -1584.0 -1822.0 -2044.0 -2240.0 -2449.0 -2668.0 
-2840.0 -2940.0 -2997.0 -3061.0 -3160.0 -3288.0 -3417.0 
-3528.0 -3643.0 -3802.0 -4047.0 -4376.0 -4745.0 -5140.0 
-5588.0 -6089.0 -6608.0 -7122.0 -7627.0 -8113.0 -8567.0 
-8971.0 -9297.0 -9503.0 -9571.0 -9530.0 -9389.0 -9126.0 
-8772.0 -8390.0 -7990.0 -7564.0 -7131.0 -6706.0 -6313.0 
-5974.0 -5661.0 -5329.0 -5025.0 -4779.0 -4515.0 -4223.0 
-3972.0 -3739.0 -3499.0 -3259.0 -2999.0 -2705.0 -2361.0 
-1958.0 -1544.0 -1107.0 -564.0 91.0 807.0 1548.0 
2284.0 2980.0 3608.0 4140.0 4564.0 4894.0 5146.0 
5342.0 5461.0 5439.0 5319.0 5193.0 5069.0 4947.0 
4850.0 4765.0 4676.0 4608.0 4552.0 4501.0 4457.0 
4384.0 4284.0 4196.0 4091.0 3952.0 3810.0 3681.0 
3570.0 3461.0 3307.0 3082.0 2794.0 2466.0 2123.0 
1811.0 1570.0 1415.0 1374.0 1459.0 1634.0 1880.0 
2193.0 2550.0 2903.0 3224.0 3487.0 3667.0 3790.0 
3870.0 3881.0 3820.0 3733.0 3633.0 3509.0 3387.0 
3279.0 3180.0 3106.0 3066.0 3056.0 3044.0 3015.0 
3019.0 3068.0 3114.0 3146.0 3183.0 3235.0 3293.0 
3331.0 3327.0 3286.0 3227.0 3152.0 3045.0 2887.0 
2700.0 2504.0 2303.0 2115.0 1948.0 1784.0 1622.0 
1469.0 1314.0 1143.0 952.0 741.0 508.0 236.0 
-98.0 -489.0 -899.0 -1305.0 -1711.0 -2108.0 -2477.0 
-2793.0 -3017.0 -3132.0 -3183.0 -3196.0 -3132.0 -2967.0 
-2704.0 -2348.0 -1931.0 -1472.0 -946.0 -359.0 247.0 
849.0 1422.0 1925.0 2340.0 2671.0 2909.0 3052.0 
3091.0 3020.0 2865.0 2639.0 2336.0 1976.0 1610.0 
1226.0 788.0 333.0 -110.0 -558.0 -1025.0 -1517.0 
-2027.0 -2512.0 -2927.0 -3275.0 -3582.0 -3864.0 -4120.0 
-4320.0 -4427.0 -4436.0 -4352.0 -4151.0 -3814.0 -3378.0 
-2908.0 -2434.0 -1953.0 -1467.0 -981.0 -512.0 -76.0 
302.0 607.0 826.0 952.0 975.0 879.0 688.0 
455.0 201.0 -75.0 -365.0 -641.0 -891.0 -1095.0 
-1237.0 -1326.0 -1372.0 -1365.0 -1310.0 -1238.0 -1165.0 
-1080.0 -985.0 -889.0 -809.0 -798.0 -884.0 -1040.0 
-1221.0 -1415.0 -1638.0 -1864.0 -2055.0 -2207.0 -2321.0 
-2411.0 -2507.0 -2614.0 -2716.0 -2817.0 -2925.0 -2986.0 
-2938.0 -2775.0 -2514.0 -2143.0 -1680.0 -1152.0 -557.0 
94.0 775.0 1444.0 2076.0 2692.0 3310.0 3938.0 
4555.0 5128.0 5655.0 6147.0 6564.0 6882.0 7115.0 
7266.0 7330.0 7287.0 7088.0 6750.0 6349.0 5879.0 
5327.0 4737.0 4122.0 3468.0 2803.0 2197.0 1646.0 
1100.0 600.0 219.0 -36.0 -191.0 -256.0 -245.0 
-156.0 39.0 332.0 676.0 1083.0 1572.0 2108.0 
2645.0 3173.0 3701.0 4198.0 4634.0 4987.0 5240.0 
5390.0 5459.0 5474.0 5434.0 5344.0 5221.0 5047.0 
4829.0 4611.0 4388.0 4109.0 3742.0 3333.0 2934.0 
2526.0 2073.0 1614.0 1225.0 936.0 721.0 552.0 
426.0 342.0 285.0 227.0 145.0 41.0 -68.0 
-168.0 -262.0 -371.0 -493.0 -629.0 -783.0 -979.0 
-1244.0 -1548.0 -1843.0 -2125.0 -2415.0 -2722.0 -3030.0 
-3328.0 -3597.0 -3829.0 -4059.0 -4306.0 -4547.0 -4771.0 
-4978.0 -5172.0 -5353.0 -5496.0 -5581.0 -5597.0 -5535.0 
-5411.0 -5230.0 -4978.0 -4680.0 -4391.0 -4133.0 -3902.0 
-3688.0 -3484.0 -3275.0 -3071.0 -2904.0 -2801.0 -2768.0 
-2812.0 -2953.0 -3191.0 -3504.0 -3887.0 -4331.0 -4804.0 
-5310.0 -5830.0 -6280.0 -6636.0 -6937.0 -7183.0 -7365.0 
-7498.0 -7588.0 -7658.0 -7732.0 -7787.0 -7784.0 -7709.0 
-7595.0 -7457.0 -7280.0 -7079.0 -6890.0 -6731.0 -6606.0 
-6511.0 -6459.0 -6454.0 -6471.0 -6506.0 -6589.0 -6717.0 
-6871.0 -7053.0 -7282.0 -7571.0 -7868.0 -8133.0 -8363.0 
-8561.0 -8740.0 -8876.0 -8901.0 -8772.0 -8502.0 -8127.0 
-7664.0 -7095.0 -6388.0 -5576.0 -4706.0 -3805.0 -2889.0 
-1967.0 -1058.0 -191.0 620.0 1384.0 2092.0 2723.0 
3238.0 3634.0 3931.0 4115.0 4194.0 4191.0 4108.0 
3937.0 3694.0 3411.0 3098.0 2745.0 2377.0 2046.0 
1776.0 1567.0 1429.0 1387.0 1414.0 1473.0 1553.0 
1635.0 1715.0 1780.0 1809.0 1801.0 1755.0 1696.0 
1653.0 1638.0 1679.0 1782.0 1922.0 2133.0 2471.0 
2910.0 3394.0 3925.0 4525.0 5193.0 5908.0 6614.0 
7255.0 7843.0 8386.0 8853.0 9219.0 9490.0 9689.0 
9833.0 9918.0 9916.0 9822.0 9664.0 9486.0 9302.0 
9105.0 8890.0 8647.0 8386.0 8146.0 7923.0 7669.0 
7394.0 7136.0 6898.0 6692.0 6529.0 6404.0 6337.0 
6349.0 6400.0 6451.0 6529.0 6646.0 6779.0 6912.0 
7012.0 7059.0 7082.0 7096.0 7065.0 6969.0 6833.0 
6659.0 6451.0 6230.0 5999.0 5743.0 5495.0 5271.0 
5038.0 4793.0 4529.0 4222.0 3915.0 3641.0 3360.0 
3055.0 2751.0 2445.0 2137.0 1813.0 1466.0 1113.0 
770.0 461.0 191.0 -56.0 -290.0 -491.0 -642.0 
-762.0 -877.0 -1005.0 -1159.0 -1339.0 -1538.0 -1748.0 
-1962.0 -2173.0 -2373.0 -2546.0 -2680.0 -2785.0 -2862.0 
-2897.0 -2921.0 -2968.0 -3034.0 -3136.0 -3280.0 -3434.0 
-3600.0 -3832.0 -4117.0 -4381.0 -4612.0 -4819.0 -5002.0 
-5145.0 -5241.0 -5304.0 -5310.0 -5252.0 -5172.0 -5061.0 
-4889.0 -4680.0 -4468.0 -4262.0 -4049.0 -3817.0 -3578.0 
-3334.0 -3082.0 -2831.0 -2582.0 -2323.0 -2045.0 -1741.0 
-1401.0 -1030.0 -637.0 -262.0 57.0 322.0 546.0 
726.0 866.0 956.0 976.0 952.0 897.0 787.0 
632.0 444.0 239.0 41.0 -154.0 -342.0 -514.0 
-695.0 -862.0 -996.0 -1168.0 -1398.0 -1631.0 -1875.0 
-2150.0 -2445.0 -2767.0 -3096.0 -3369.0 -3559.0 -3706.0 
-3855.0 -3963.0 -3980.0 -3947.0 -3900.0 -3857.0 -3824.0 
-3775.0 -3692.0 -3604.0 -3535.0 -3477.0 -3411.0 -3330.0 
-3244.0 -3150.0 -3071.0 -3035.0 -3004.0 -2949.0 -2912.0 
-2894.0 -2854.0 -2778.0 -2677.0 -2576.0 -2487.0 -2392.0 
-2268.0 -2104.0 -1936.0 -1798.0 -1685.0 -1593.0 -1523.0 
-1465.0 -1422.0 -1388.0 -1311.0 -1173.0 -1024.0 -874.0 
-690.0 -468.0 -230.0 18.0 291.0 582.0 878.0 
1191.0 1529.0 1872.0 2198.0 2502.0 2784.0 3049.0 
3284.0 3458.0 3597.0 3717.0 3763.0 3716.0 3603.0 
3434.0 3243.0 3040.0 2791.0 2499.0 2177.0 1851.0 
1536.0 1204.0 843.0 493.0 181.0 -107.0 -406.0 
-713.0 -1010.0 -1288.0 -1549.0 -1785.0 -1978.0 -2139.0 
-2256.0 -2287.0 -2264.0 -2248.0 -2232.0 -2177.0 -2074.0 
-1960.0 -1878.0 -1804.0 -1720.0 -1627.0 -1544.0 -1509.0 
-1514.0 -1525.0 -1527.0 -1530.0 -1543.0 -1551.0 -1540.0 
-1491.0 -1387.0 -1254.0 -1106.0 -926.0 -727.0 -523.0 
-310.0 -80.0 158.0 409.0 667.0 935.0 1208.0 
1491.0 1769.0 2018.0 2266.0 2517.0 2724.0 2884.0 
3012.0 3119.0 3202.0 3250.0 3300.0 3390.0 3478.0 
3547.0 3673.0 3863.0 4028.0 4152.0 4268.0 4351.0 
4396.0 4439.0 4464.0 4444.0 4380.0 4293.0 4179.0 
4033.0 3869.0 3658.0 3378.0 3087.0 2821.0 2542.0 
2220.0 1887.0 1570.0 1258.0 933.0 589.0 232.0 
-144.0 -536.0 -944.0 -1376.0 -1819.0 -2278.0 -2770.0 
-3268.0 -3748.0 -4233.0 -4730.0 -5216.0 -5668.0 -6082.0 
-6459.0 -6792.0 -7050.0 -7230.0 -7366.0 -7458.0 -7484.0 
-7435.0 -7317.0 -7141.0 -6922.0 -6693.0 -6447.0 -6135.0 
-5779.0 -5433.0 -5076.0 -4690.0 -4304.0 -3935.0 -3581.0 
-3232.0 -2874.0 -2502.0 -2129.0 -1790.0 -1496.0 -1225.0 
-995.0 -817.0 -670.0 -574.0 -519.0 -443.0 -327.0 
-189.0 -63.0 21.0 79.0 128.0 149.0 122.0 
52.0 -24.0 -87.0 