1651.0 1494.0 1406.0 1373.0 1319.0 1216.0 1119.0 
1080.0 1069.0 1065.0 1084.0 1134.0 1179.0 1182.0 
1157.0 1113.0 1065.0 1051.0 1062.0 1070.0 1103.0 
1180.0 1270.0 1299.0 1213.0 1092.0 1036.0 1002.0 
928.0 813.0 671.0 499.0 298.0 97.0 -57.0 
-151.0 -200.0 -261.0 -372.0 -505.0 -585.0 -625.0 
-710.0 -798.0 -828.0 -811.0 -773.0 -805.0 -915.0 
-940.0 -926.0 -1012.0 -1072.0 -1095.0 -1246.0 -1319.0 
-1252.0 -1380.0 -1564.0 -1529.0 -1471.0 -1397.0 -1182.0 
-1032.0 -849.0 -485.0 -239.0 -51.0 252.0 385.0 
369.0 500.0 594.0 516.0 492.0 542.0 533.0 
496.0 502.0 525.0 566.0 619.0 675.0 707.0 
685.0 665.0 685.0 682.0 647.0 590.0 500.0 
402.0 335.0 304.0 320.0 381.0 461.0 527.0 
629.0 823.0 1032.0 1155.0 1288.0 1461.0 1549.0 
1555.0 1581.0 1611.0 1583.0 1494.0 1354.0 1174.0 
992.0 787.0 525.0 246.0 7.0 -195.0 -359.0 
-477.0 -604.0 -746.0 -841.0 -897.0 -975.0 -1103.0 
-1248.0 -1367.0 -1461.0 -1565.0 -1637.0 -1611.0 -1519.0 
-1444.0 -1387.0 -1316.0 -1232.0 -1146.0 -1060.0 -982.0 
-924.0 -891.0 -848.0 -766.0 -659.0 -532.0 -369.0 
-146.0 139.0 464.0 790.0 1109.0 1452.0 1799.0 
2075.0 2265.0 2401.0 2514.0 2615.0 2677.0 2730.0 
2812.0 2896.0 2981.0 3053.0 3081.0 3071.0 3065.0 
3088.0 3080.0 2969.0 2765.0 2577.0 2451.0 2330.0 
2198.0 2122.0 2101.0 2084.0 2077.0 2076.0 2023.0 
1911.0 1778.0 1624.0 1442.0 1239.0 1016.0 785.0 
547.0 282.0 14.0 -212.0 -415.0 -610.0 -785.0 
-948.0 -1074.0 -1133.0 -1180.0 -1252.0 -1300.0 -1332.0 
-1363.0 -1368.0 -1394.0 -1463.0 -1523.0 -1587.0 -1671.0 
-1703.0 -1652.0 -1605.0 -1575.0 -1477.0 -1331.0 -1197.0 
-1058.0 -933.0 -860.0 -821.0 -796.0 -803.0 -878.0 
-1018.0 -1163.0 -1263.0 -1359.0 -1468.0 -1575.0 -1667.0 
-1732.0 -1821.0 -1938.0 -2006.0 -2013.0 -1999.0 -1960.0 
-1906.0 -1858.0 -1786.0 -1698.0 -1593.0 -1437.0 -1277.0 
-1209.0 -1163.0 -1052.0 -921.0 -804.0 -725.0 -681.0 
-627.0 -551.0 -462.0 -388.0 -341.0 -295.0 -217.0 
-127.0 -43.0 55.0 169.0 250.0 262.0 249.0 
243.0 259.0 311.0 359.0 353.0 352.0 405.0 
536.0 778.0 1124.0 1512.0 1903.0 2271.0 2602.0 
2892.0 3132.0 3284.0 3375.0 3430.0 3437.0 3351.0 
3180.0 2999.0 2835.0 2610.0 2306.0 1990.0 1699.0 
1424.0 1152.0 900.0 697.0 557.0 437.0 287.0 
129.0 -41.0 -262.0 -484.0 -656.0 -814.0 -991.0 
-1166.0 -1345.0 -1529.0 -1652.0 -1713.0 -1756.0 -1803.0 
-1843.0 -1827.0 -1745.0 -1663.0 -1597.0 -1496.0 -1372.0 
-1315.0 -1338.0 -1386.0 -1421.0 -1441.0 -1450.0 -1438.0 
-1390.0 -1326.0 -1254.0 -1193.0 -1130.0 -1031.0 -913.0 
-800.0 -685.0 -584.0 -518.0 -441.0 -318.0 -190.0 
-74.0 53.0 219.0 391.0 562.0 748.0 930.0 
1099.0 1258.0 1403.0 1537.0 1644.0 1701.0 1730.0 
1754.0 1741.0 1672.0 1555.0 1422.0 1295.0 1181.0 
1081.0 992.0 904.0 791.0 618.0 405.0 207.0 
23.0 -169.0 -354.0 -519.0 -670.0 -788.0 -881.0 
-990.0 -1134.0 -1265.0 -1348.0 -1403.0 -1447.0 -1486.0 
-1516.0 -1514.0 -1472.0 -1413.0 -1329.0 -1206.0 -1095.0 
-1022.0 -939.0 -803.0 -673.0 -596.0 -547.0 -492.0 
-432.0 -402.0 -457.0 -536.0 -509.0 -444.0 -453.0 
-455.0 -383.0 -290.0 -173.0 -27.0 81.0 176.0 
271.0 301.0 244.0 151.0 45.0 -63.0 -126.0 
-163.0 -235.0 -286.0 -264.0 -266.0 -337.0 -368.0 
-310.0 -230.0 -159.0 -68.0 55.0 188.0 330.0 
474.0 590.0 694.0 821.0 965.0 1110.0 1222.0 
1260.0 1240.0 1212.0 1158.0 1052.0 941.0 870.0 
840.0 818.0 768.0 728.0 737.0 780.0 842.0 
899.0 955.0 1028.0 1111.0 1203.0 1330.0 1455.0 
1522.0 1594.0 1713.0 1805.0 1865.0 1973.0 2081.0 
2083.0 2004.0 1901.0 1768.0 1586.0 1371.0 1142.0 
894.0 628.0 378.0 142.0 -97.0 -339.0 -559.0 
-727.0 -860.0 -999.0 -1128.0 -1240.0 -1404.0 -1618.0 
-1785.0 -1918.0 -2061.0 -2184.0 -2287.0 -2389.0 -2458.0 
-2502.0 -2586.0 -2701.0 -2775.0 -2811.0 -2831.0 -2841.0 
-2878.0 -2939.0 -2996.0 -3107.0 -3292.0 -3461.0 -3551.0 
-3578.0 -3574.0 -3558.0 -3497.0 -3364.0 -3213.0 -3095.0 
-2962.0 -2783.0 -2595.0 -2401.0 -2175.0 -1931.0 -1645.0 
-1288.0 -957.0 -714.0 -466.0 -169.0 137.0 441.0 
753.0 1084.0 1426.0 1762.0 2114.0 2475.0 2777.0 
3005.0 3209.0 3387.0 3518.0 3622.0 3734.0 3846.0 
3945.0 4038.0 4111.0 4144.0 4102.0 3977.0 3790.0 
3570.0 3330.0 3090.0 2853.0 2582.0 2284.0 1967.0 
1620.0 1258.0 899.0 551.0 228.0 -60.0 -315.0 
-556.0 -783.0 -978.0 -1141.0 -1278.0 -1394.0 -1505.0 
-1641.0 -1811.0 -1996.0 -2178.0 -2369.0 -2619.0 -2949.0 
-3314.0 -3688.0 -4056.0 -4386.0 -4684.0 -4917.0 -5043.0 
-5105.0 -5125.0 -5086.0 -5019.0 -4949.0 -4829.0 -4678.0 
-4542.0 -4373.0 -4162.0 -3921.0 -3659.0 -3397.0 -3121.0 
-2817.0 -2496.0 -2172.0 -1853.0 -1524.0 -1168.0 -817.0 
-509.0 -209.0 98.0 376.0 614.0 833.0 1032.0 
1211.0 1383.0 1533.0 1691.0 1854.0 1962.0 2062.0 
2198.0 2313.0 2387.0 2466.0 2538.0 2602.0 2695.0 
2808.0 2881.0 2902.0 2964.0 3052.0 3070.0 3040.0 
3052.0 3104.0 3110.0 3010.0 2845.0 2648.0 2412.0 
2164.0 1891.0 1625.0 1421.0 1210.0 966.0 722.0 
443.0 137.0 -132.0 -327.0 -441.0 -527.0 -632.0 
-720.0 -758.0 -791.0 -857.0 -943.0 -1020.0 -1100.0 
-1191.0 -1279.0 -1419.0 -1604.0 -1758.0 -1891.0 -2023.0 
-2176.0 -2353.0 -2476.0 -2517.0 -2583.0 -2665.0 -2677.0 
-2665.0 -2675.0 -2662.0 -2609.0 -2552.0 -2489.0 -2380.0 
-2256.0 -2122.0 -1922.0 -1711.0 -1545.0 -1363.0 -1164.0 
-1025.0 -902.0 -696.0 -464.0 -290.0 -106.0 101.0 
233.0 382.0 646.0 877.0 1018.0 1179.0 1338.0 
1439.0 1535.0 1627.0 1655.0 1656.0 1672.0 1673.0 
1682.0 1733.0 1792.0 1837.0 1887.0 1941.0 2020.0 
2136.0 2231.0 2272.0 2316.0 2408.0 2491.0 2507.0 
2470.0 2412.0 2353.0 2272.0 2125.0 1935.0 1748.0 
1557.0 1372.0 1188.0 992.0 807.0 629.0 439.0 
278.0 162.0 20.0 -178.0 -368.0 -557.0 -776.0 
-995.0 -1205.0 -1432.0 -1651.0 -1865.0 -2122.0 -2329.0 
-2456.0 -2647.0 -2829.0 -2852.0 -2850.0 -2916.0 -2924.0 
-2857.0 -2775.0 -2676.0 -2619.0 -2587.0 -2500.0 -2386.0 
-2280.0 -2144.0 -2012.0 -1946.0 -1907.0 -1846.0 -1785.0 
-1745.0 -1716.0 -1719.0 -1765.0 -1830.0 -1873.0 -1888.0 
-1911.0 -1936.0 -1936.0 -1911.0 -1880.0 -1860.0 -1811.0 
-1676.0 -1475.0 -1262.0 -1082.0 -883.0 -599.0 -270.0 
40.0 333.0 603.0 842.0 1083.0 1321.0 1511.0 
1633.0 1705.0 1748.0 1755.0 1714.0 1633.0 1537.0 
1436.0 1323.0 1226.0 1150.0 1053.0 935.0 807.0 
677.0 558.0 407.0 215.0 42.0 -122.0 -310.0 
-511.0 -714.0 -936.0 -1223.0 -1551.0 -1859.0 -2143.0 
-2419.0 -2675.0 -2884.0 -3019.0 -3119.0 -3189.0 -3186.0 
-3140.0 -3104.0 -3056.0 -2969.0 -2856.0 -2731.0 -2599.0 
-2459.0 -2276.0 -2074.0 -1874.0 -1637.0 -1396.0 -1232.0 
-1106.0 -948.0 -800.0 -696.0 -604.0 -489.0 -370.0 
-310.0 -326.0 -329.0 -270.0 -185.0 -77.0 64.0 
247.0 456.0 652.0 817.0 947.0 1057.0 1139.0 
1181.0 1250.0 1322.0 1309.0 1252.0 1222.0 1224.0 
1248.0 1315.0 1404.0 1484.0 1555.0 1594.0 1619.0 
1678.0 1775.0 1877.0 2000.0 2112.0 2134.0 2083.0 
2006.0 1874.0 1681.0 1503.0 1378.0 1254.0 1110.0 
985.0 867.0 731.0 612.0 519.0 440.0 380.0 
337.0 280.0 204.0 130.0 63.0 -8.0 -93.0 
-166.0 -245.0 -358.0 -460.0 -540.0 -650.0 -774.0 
-875.0 -980.0 -1081.0 -1146.0 -1145.0 -1104.0 -1054.0 
-977.0 -875.0 -761.0 -630.0 -490.0 -370.0 -267.0 
-165.0 -37.0 97.0 170.0 164.0 101.0 -5.0 
-135.0 -299.0 -493.0 -713.0 -944.0 -1131.0 -1256.0 
-1355.0 -1470.0 -1596.0 -1693.0 -1789.0 -1924.0 -2053.0 
-2155.0 -2190.0 -2117.0 -2084.0 -2065.0 -1893.0 -1696.0 
-1579.0 -1400.0 -1158.0 -936.0 -687.0 -434.0 -213.0 
14.0 273.0 524.0 783.0 1107.0 1489.0 1894.0 
2276.0 2592.0 2846.0 3030.0 3193.0 3351.0 3482.0 
3591.0 3656.0 3671.0 3657.0 3586.0 3442.0 3216.0 
2909.0 2575.0 2213.0 1776.0 1277.0 775.0 315.0 
-108.0 -527.0 -911.0 -1242.0 -1533.0 -1785.0 -2045.0 
-2332.0 -2583.0 -2772.0 -2937.0 -3078.0 -3154.0 -3188.0 
-3224.0 -3268.0 -3309.0 -3290.0 -3176.0 -3005.0 -2868.0 
-2780.0 -2628.0 -2425.0 -2228.0 -2025.0 -1824.0 -1589.0 
-1313.0 -1052.0 -813.0 -604.0 -427.0 -233.0 -14.0 
173.0 354.0 518.0 557.0 507.0 483.0 495.0 
469.0 390.0 338.0 345.0 315.0 245.0 220.0 
163.0 19.0 -109.0 -226.0 -416.0 -643.0 -840.0 
-1013.0 -1178.0 -1313.0 -1426.0 -1502.0 -1501.0 -1439.0 
-1334.0 -1180.0 -978.0 -753.0 -547.0 -359.0 -156.0 
58.0 236.0 334.0 397.0 506.0 643.0 742.0 
782.0 792.0 793.0 802.0 778.0 675.0 533.0 
399.0 258.0 86.0 -122.0 -332.0 -519.0 -674.0 
-783.0 -863.0 -958.0 -1023.0 -1003.0 -952.0 -930.0 
-905.0 -825.0 -716.0 -627.0 -559.0 -468.0 -339.0 
-214.0 -98.0 24.0 153.0 259.0 346.0 422.0 
487.0 561.0 675.0 819.0 985.0 1160.0 1309.0 
1445.0 1583.0 1738.0 1899.0 2052.0 2222.0 2385.0 
2460.0 2467.0 2440.0 2342.0 2198.0 2067.0 1901.0 
1675.0 1446.0 1188.0 924.0 712.0 510.0 288.0 
91.0 -30.0 -98.0 -157.0 -206.0 -235.0 -266.0 
-305.0 -330.0 -349.0 -392.0 -437.0 -439.0 -426.0 
-426.0 -435.0 -451.0 -475.0 -506.0 -516.0 -502.0 
-491.0 -476.0 -440.0 -366.0 -292.0 -226.0 -115.0 
28.0 181.0 347.0 505.0 612.0 735.0 935.0 
1135.0 1265.0 1366.0 1512.0 1676.0 1795.0 1859.0 
1873.0 1878.0 1898.0 1907.0 1873.0 1816.0 1767.0 
1694.0 1559.0 1411.0 1298.0 1180.0 996.0 790.0 
651.0 570.0 493.0 371.0 177.0 -7.0 -114.0 
-208.0 -350.0 -521.0 -688.0 -817.0 -889.0 -968.0 
-1135.0 -1301.0 -1296.0 -1181.0 -1113.0 -1072.0 -976.0 
-826.0 -665.0 -503.0 -401.0 -337.0 -190.0 -35.0 
2.0 -2.0 93.0 196.0 226.0 240.0 259.0 
243.0 222.0 202.0 117.0 -25.0 -186.0 -312.0 
-455.0 -654.0 -855.0 -1025.0 -1151.0 -1280.0 -1432.0 
-1629.0 -1824.0 -1994.0 -2175.0 -2369.0 -2546.0 -2695.0 
-2815.0 -2874.0 -2877.0 -2856.0 -2826.0 -2719.0 -2544.0 
-2348.0 -2141.0 -1863.0 -1499.0 -1154.0 -858.0 -551.0 
-197.0 154.0 481.0 831.0 1177.0 1440.0 1683.0 
1949.0 2181.0 2341.0 2505.0 2711.0 2874.0 2984.0 
3116.0 3194.0 3187.0 3207.0 3261.0 3300.0 3318.0 
3349.0 3386.0 3422.0 3445.0 3434.0 3342.0 3211.0 
3085.0 2984.0 2871.0 2687.0 2452.0 2271.0 2126.0 
1965.0 1819.0 1698.0 1549.0 1470.0 1515.0 1478.0 
1352.0 1363.0 1511.0 1568.0 1425.0 1197.0 1047.0 
925.0 691.0 352.0 60.0 -78.0 -269.0 -640.0 
-960.0 -1072.0 -1157.0 -1355.0 -1623.0 -1837.0 -1856.0 
-1880.0 -2074.0 -2217.0 -2166.0 -2060.0 -2001.0 -1978.0 
-1985.0 -1918.0 -1768.0 -1674.0 -1655.0 -1665.0 -1619.0 
-1454.0 -1388.0 -1488.0 -1521.0 -1536.0 -1594.0 -1543.0 
-1473.0 -1500.0 -1475.0 -1348.0 -1135.0 -817.0 -545.0 
-306.0 88.0 532.0 904.0 1297.0 1655.0 1947.0 
2334.0 2733.0 2978.0 3196.0 3437.0 3626.0 3853.0 
4142.0 4400.0 4565.0 4652.0 4759.0 4940.0 5110.0 
5166.0 5154.0 5157.0 5188.0 5226.0 5214.0 5146.0 
5083.0 5058.0 5021.0 4873.0 4682.0 4544.0 4325.0 
3958.0 3593.0 3247.0 2806.0 2285.0 1736.0 1151.0 
533.0 -75.0 -652.0 -1216.0 -1786.0 -2330.0 -2805.0 
-3235.0 -3631.0 -3966.0 -4256.0 -4530.0 -4743.0 -4848.0 
-4898.0 -4922.0 -4868.0 -4709.0 -4492.0 -4279.0 -4073.0 
-3853.0 -3590.0 -3265.0 -2879.0 -2483.0 -2105.0 -1664.0 
-1175.0 -740.0 -331.0 114.0 554.0 1003.0 1501.0 
1958.0 2286.0 2554.0 2842.0 3093.0 3261.0 3406.0 
3559.0 3722.0 3886.0 3998.0 4013.0 3928.0 3737.0 
3560.0 3441.0 3215.0 2937.0 2821.0 2713.0 2365.0 
1924.0 1580.0 1291.0 1034.0 849.0 738.0 746.0 
794.0 672.0 399.0 133.0 -49.0 -129.0 -189.0 
-336.0 -478.0 -500.0 -466.0 -519.0 -631.0 -643.0 
-558.0 -487.0 -458.0 -461.0 -440.0 -291.0 -87.0 
30.0 107.0 253.0 512.0 820.0 1057.0 1142.0 
1131.0 1169.0 1288.0 1399.0 1478.0 1517.0 1536.0 
1575.0 1609.0 1644.0 1664.0 1656.0 1717.0 1797.0 
1849.0 1928.0 1962.0 1922.0 1914.0 1972.0 2024.0 
2008.0 1966.0 1983.0 2084.0 2177.0 2232.0 2316.0 
2376.0 2331.0 2244.0 2165.0 2050.0 1828.0 1494.0 
1134.0 779.0 342.0 -211.0 -779.0 -1261.0 -1742.0 
-2284.0 -2762.0 -3108.0 -3421.0 -3759.0 -4036.0 -4191.0 
-4324.0 -4444.0 -4395.0 -4195.0 -4002.0 -3808.0 -3545.0 
-3248.0 -2963.0 -2677.0 -2339.0 -1925.0 -1500.0 -1130.0 
-760.0 -325.0 174.0 672.0 1123.0 1574.0 2044.0 
2458.0 2801.0 3105.0 3335.0 3507.0 3676.0 3783.0 
3813.0 3860.0 3960.0 4070.0 4156.0 4271.0 4427.0 
4595.0 4777.0 4958.0 5066.0 5078.0 5066.0 5060.0 
5001.0 4864.0 4715.0 4565.0 4395.0 4207.0 3952.0 
3623.0 3291.0 2981.0 2642.0 2269.0 1899.0 1522.0 
1121.0 690.0 259.0 -120.0 -464.0 -822.0 -1166.0 
-1437.0 -1659.0 -1885.0 -2105.0 -2302.0 -2475.0 -2620.0 
-2728.0 -2823.0 -2924.0 -3018.0 -3081.0 -3103.0 -3096.0 
-3081.0 -3048.0 -2971.0 -2863.0 -2730.0 -2542.0 -2297.0 
-2049.0 -1817.0 -1547.0 -1223.0 -908.0 -605.0 -277.0 
3.0 257.0 567.0 852.0 1023.0 1149.0 1288.0 
1452.0 1638.0 1810.0 1922.0 1978.0 2003.0 1990.0 
1953.0 1925.0 1927.0 1934.0 1893.0 1838.0 1845.0 
1891.0 1915.0 1922.0 1928.0 1924.0 1875.0 1799.0 
1708.0 1553.0 1322.0 1083.0 888.0 736.0 563.0 
358.0 172.0 -22.0 -234.0 -451.0 -688.0 -918.0 
-1118.0 -1319.0 -1502.0 -1675.0 -1909.0 -2197.0 -2480.0 
-2702.0 -2890.0 -3098.0 -3273.0 -3375.0 -3442.0 -3467.0 
-3438.0 -3417.0 -3433.0 -3416.0 -3297.0 -3111.0 -2947.0 
-2782.0 -2573.0 -2367.0 -2189.0 -2001.0 -1760.0 -1448.0 
-1114.0 -773.0 -367.0 128.0 612.0 977.0 1321.0 
1769.0 2214.0 2557.0 2898.0 3235.0 3493.0 3683.0 
3872.0 4049.0 4183.0 4284.0 4353.0 4355.0 4329.0 
4326.0 4355.0 4382.0 4334.0 4169.0 3945.0 3666.0 
3345.0 3029.0 2682.0 2269.0 1885.0 1582.0 1264.0 
893.0 553.0 290.0 70.0 -161.0 -413.0 -661.0 
-890.0 -1079.0 -1238.0 -1403.0 -1579.0 -1773.0 -2000.0 
-2224.0 -2398.0 -2535.0 -2685.0 -2835.0 -2951.0 -3073.0 
-3205.0 -3313.0 -3399.0 -3488.0 -3605.0 -3776.0 -3980.0 
-4146.0 -4224.0 -4204.0 -4091.0 -3869.0 -3531.0 -3131.0 
-2701.0 -2254.0 -1819.0 -1394.0 -962.0 -549.0 -193.0 
84.0 300.0 499.0 727.0 992.0 1266.0 1543.0 
1856.0 2211.0 2559.0 2875.0 3209.0 3513.0 3710.0 
3866.0 3988.0 4035.0 4033.0 3982.0 3819.0 3596.0 
3373.0 3117.0 2861.0 2686.0 2557.0 2397.0 2214.0 
2049.0 1901.0 1731.0 1594.0 1509.0 1381.0 1210.0 
1087.0 996.0 883.0 761.0 615.0 427.0 233.0 
0.0 -217.0 -372.0 -527.0 -678.0 -796.0 -888.0 
-970.0 -1022.0 -1053.0 -1112.0 -1173.0 -1188.0 -1210.0 
-1283.0 -1365.0 -1438.0 -1497.0 -1528.0 -1547.0 -1607.0 
-1707.0 -1776.0 -1831.0 -1903.0 -1956.0 -1989.0 -2010.0 
-2012.0 -1975.0 -1896.0 -1825.0 -1769.0 -1637.0 -1360.0 
-985.0 -578.0 -175.0 235.0 662.0 1018.0 1269.0 
1500.0 1739.0 1954.0 2090.0 2183.0 2267.0 2303.0 
2247.0 2172.0 2082.0 1938.0 1841.0 1780.0 1627.0 
1414.0 1243.0 1053.0 796.0 560.0 357.0 115.0 
-142.0 -373.0 -599.0 -831.0 -1049.0 -1262.0 -1498.0 
-1727.0 -1929.0 -2146.0 -2377.0 -2590.0 -2767.0 -2890.0 
-2981.0 -3086.0 -3176.0 -3192.0 -3143.0 -3058.0 -2969.0 
-2888.0 -2767.0 -2591.0 -2428.0 -2294.0 -2163.0 -2046.0 
-1900.0 -1673.0 -1430.0 -1216.0 -975.0 -679.0 -387.0 
-153.0 51.0 284.0 523.0 765.0 1008.0 1183.0 
1253.0 1303.0 1374.0 1407.0 1396.0 1386.0 1383.0 
1375.0 1340.0 1234.0 1101.0 993.0 809.0 560.0 
412.0 315.0 159.0 -10.0 -182.0 -422.0 -702.0 
-959.0 -1242.0 -1549.0 -1816.0 -2062.0 -2309.0 -2515.0 
-2686.0 -2810.0 -2886.0 -2973.0 -3042.0 -2995.0 -2858.0 
-2755.0 -2700.0 -2623.0 -2526.0 -2434.0 -2349.0 -2300.0 
-2275.0 -2244.0 -2154.0 -2000.0 -1827.0 -1664.0 -1515.0 
-1354.0 -1159.0 -978.0 -827.0 -694.0 -585.0 -458.0 
-231.0 26.0 149.0 171.0 225.0 313.0 393.0 
366.0 291.0 257.0 339.0 514.0 562.0 480.0 
402.0 329.0 297.0 288.0 194.0 138.0 211.0 
225.0 169.0 183.0 207.0 175.0 169.0 223.0 
287.0 382.0 491.0 530.0 534.0 607.0 717.0 
802.0 886.0 1005.0 1143.0 1249.0 1338.0 1452.0 
1577.0 1731.0 1938.0 2124.0 2241.0 2349.0 2440.0 
2435.0 2337.0 2226.0 2132.0 2023.0 1870.0 1682.0 
1498.0 1342.0 1178.0 997.0 794.0 587.0 404.0 
247.0 64.0 -198.0 -480.0 -720.0 -963.0 -1239.0 
-1519.0 -1794.0 -2104.0 -2420.0 -2707.0 -2980.0 -3206.0 
-3376.0 -3542.0 -3717.0 -3868.0 -3968.0 -4039.0 -4091.0 
-4102.0 -4080.0 -4022.0 -3913.0 -3791.0 -3696.0 -3603.0 
-3464.0 -3273.0 -3055.0 -2826.0 -2543.0 -2205.0 -1887.0 
-1600.0 -1305.0 -1000.0 -654.0 -268.0 89.0 389.0 
674.0 968.0 1269.0 1583.0 1882.0 2160.0 2478.0 
2804.0 3101.0 3400.0 3677.0 3913.0 4092.0 4176.0 
4165.0 4075.0 3908.0 3680.0 3413.0 3101.0 2771.0 
2426.0 2015.0 1568.0 1154.0 774.0 411.0 58.0 
-271.0 -564.0 -800.0 -988.0 -1167.0 -1297.0 -1354.0 
-1426.0 -1542.0 -1669.0 -1813.0 -1978.0 -2128.0 -2304.0 
-2502.0 -2645.0 -2743.0 -2864.0 -3014.0 -3155.0 -3278.0 
-3398.0 -3503.0 -3557.0 -3598.0 -3616.0 -3578.0 -3535.0 
-3509.0 -3445.0 -3339.0 -3222.0 -3109.0 -3001.0 -2905.0 
-2789.0 -2649.0 -2498.0 -2297.0 -2014.0 -1715.0 -1469.0 
-1247.0 -1011.0 -801.0 -631.0 -440.0 -245.0 -62.0 
124.0 231.0 230.0 225.0 249.0 239.0 245.0 
325.0 353.0 316.0 342.0 401.0 464.0 593.0 
763.0 849.0 840.0 827.0 806.0 727.0 638.0 
548.0 457.0 381.0 281.0 151.0 0.0 -141.0 
-246.0 -354.0 -474.0 -556.0 -649.0 -802.0 -983.0 
-1124.0 -1244.0 -1378.0 -1452.0 -1492.0 -1550.0 -1538.0 
-1476.0 -1471.0 -1461.0 -1368.0 -1245.0 -1161.0 -1108.0 
-1078.0 -1078.0 -1075.0 -1106.0 -1233.0 -1403.0 -1632.0 
-1966.0 -2288.0 -2519.0 -2798.0 -3195.0 -3562.0 -3806.0 
-4034.0 -4329.0 -4614.0 -4804.0 -4939.0 -5052.0 -5077.0 
-4996.0 -4917.0 -4861.0 -4699.0 -4450.0 -4237.0 -4054.0 
-3838.0 -3575.0 -3298.0 -3050.0 -2846.0 -2655.0 -2462.0 
-2265.0 -2025.0 -1723.0 -1428.0 -1176.0 -904.0 -586.0 
-281.0 -24.0 248.0 591.0 955.0 1300.0 1653.0 
2020.0 2369.0 2714.0 3072.0 3394.0 3616.0 3779.0 
3976.0 4151.0 4231.0 4304.0 4419.0 4466.0 4409.0 
4343.0 4285.0 4141.0 3896.0 3638.0 3369.0 3022.0 
2628.0 2273.0 1976.0 1682.0 1343.0 1004.0 745.0 
489.0 77.0 -407.0 -764.0 -1056.0 -1462.0 -1915.0 
-2271.0 -2565.0 -2853.0 -3107.0 -3314.0 -3451.0 -3531.0 
-3605.0 -3710.0 -3824.0 -3908.0 -3937.0 -3933.0 -3967.0 
-4047.0 -4103.0 -4100.0 -4076.0 -4043.0 -3969.0 -3837.0 
-3675.0 -3539.0 -3409.0 -3243.0 -3051.0 -2843.0 -2632.0 
-2456.0 -2322.0 -2211.0 -2135.0 -2135.0 -2231.0 -2383.0 
-2536.0 -2676.0 -2824.0 -2973.0 -3057.0 -3059.0 -3000.0 
-2839.0 -2592.0 -2293.0 -1913.0 -1500.0 -1102.0 -680.0 
-229.0 206.0 619.0 1024.0 1400.0 1735.0 2056.0 
2365.0 2634.0 2813.0 2923.0 3038.0 3156.0 3213.0 
3186.0 3126.0 3059.0 2987.0 2908.0 2782.0 2587.0 
2378.0 2136.0 1776.0 1367.0 1000.0 676.0 328.0 
-43.0 -433.0 -865.0 -1269.0 -1599.0 -1927.0 -2241.0 
-2480.0 -2660.0 -2770.0 -2820.0 -2902.0 -3014.0 -3084.0 
-3124.0 -3152.0 -3161.0 -3183.0 -3219.0 -3178.0 -3077.0 
-3099.0 -3235.0 -3322.0 -3412.0 -3539.0 -3654.0 -3752.0 
-3793.0 -3736.0 -3646.0 -3571.0 -3491.0 -3402.0 -3311.0 
-3206.0 -3100.0 -3030.0 -2978.0 -2885.0 -2730.0 -2538.0 
-2372.0 -2237.0 -2091.0 -1929.0 -1772.0 -1641.0 -1546.0 
-1465.0 -1385.0 -1284.0 -1132.0 -955.0 -790.0 -619.0 
-413.0 -190.0 16.0 248.0 529.0 770.0 938.0 
1133.0 1346.0 1459.0 1448.0 1389.0 1311.0 1193.0 
1081.0 981.0 839.0 734.0 695.0 566.0 350.0 
191.0 19.0 -261.0 -604.0 -983.0 -1404.0 -1761.0 
-1983.0 -2188.0 -2409.0 -2613.0 -2862.0 -3101.0 -3254.0 
-3410.0 -3587.0 -3702.0 -3697.0 -3662.0 -3786.0 -4000.0 
-4124.0 -4181.0 -4274.0 -4411.0 -4539.0 -4607.0 -4585.0 
-4499.0 -4438.0 -4456.0 -4429.0 -4260.0 -4121.0 -4088.0 
-3958.0 -3707.0 -3476.0 -3250.0 -3050.0 -2921.0 -2714.0 
-2443.0 -2349.0 -2386.0 -2330.0 -2230.0 -2183.0 -2108.0 
-1966.0 -1786.0 -1573.0 -1345.0 -1117.0 -864.0 -578.0 
-312.0 -90.0 93.0 281.0 490.0 667.0 840.0 
1059.0 1335.0 1660.0 1976.0 2233.0 2452.0 2702.0 
2978.0 3174.0 3246.0 3257.0 3279.0 3305.0 3272.0 
3164.0 3019.0 2834.0 2611.0 2386.0 2120.0 1794.0 
1473.0 1185.0 867.0 475.0 38.0 -384.0 -744.0 
-1060.0 -1335.0 -1569.0 -1763.0 -1919.0 -2066.0 -2174.0 
-2216.0 -2243.0 -2329.0 -2426.0 -2477.0 -2518.0 -2543.0 
-2535.0 -2525.0 -2506.0 -2449.0 -2391.0 -2374.0 -2342.0 
-2273.0 -2197.0 -2130.0 -2062.0 -2021.0 -2033.0 -2057.0 
-2074.0 -2118.0 -2190.0 -2279.0 -2397.0 -2542.0 -2686.0 
-2806.0 -2909.0 -3005.0 -3084.0 -3153.0 -3214.0 -3249.0 
-3284.0 -3357.0 -3446.0 -3507.0 -3522.0 -3515.0 -3525.0 
-3562.0 -3628.0 -3689.0 -3690.0 -3658.0 -3599.0 -3468.0 
-3271.0 -3036.0 -2766.0 -2465.0 -2153.0 -1826.0 -1484.0 
-1170.0 -902.0 -629.0 -330.0 -37.0 242.0 507.0 
731.0 916.0 1088.0 1241.0 1347.0 1431.0 1531.0 
1627.0 1672.0 1662.0 1639.0 1616.0 1554.0 1449.0 
1357.0 1288.0 1221.0 1145.0 1069.0 992.0 897.0 
765.0 576.0 342.0 110.0 -94.0 -275.0 -440.0 
-596.0 -731.0 -798.0 -795.0 -793.0 -817.0 -821.0 
-794.0 -758.0 -722.0 -709.0 -745.0 -813.0 -877.0 
-945.0 -1003.0 -1045.0 -1113.0 -1186.0 -1198.0 -1181.0 
-1203.0 -1210.0 -1142.0 -1032.0 -943.0 -871.0 -761.0 
-650.0 -615.0 -645.0 -699.0 -785.0 -928.0 -1108.0 
-1251.0 -1337.0 -1414.0 -1452.0 -1385.0 -1276.0 -1209.0 
-1151.0 -1097.0 -1098.0 -1154.0 -1233.0 -1347.0 -1493.0 
-1633.0 -1771.0 -1899.0 -2007.0 -2141.0 -2334.0 -2536.0 
-2737.0 -2953.0 -3126.0 -3241.0 -3370.0 -3510.0 -3607.0 
-3696.0 -3777.0 -3777.0 -3687.0 -3543.0 -3375.0 -3213.0 
-3054.0 -2873.0 -2683.0 -2497.0 -2305.0 -2066.0 -1772.0 
-1478.0 -1240.0 -1036.0 -791.0 -446.0 -12.0 453.0 
908.0 1328.0 1737.0 2144.0 2517.0 2860.0 3188.0 
3452.0 3606.0 3691.0 3751.0 3793.0 3818.0 3795.0 
3686.0 3509.0 3317.0 3140.0 2968.0 2796.0 2607.0 
2407.0 2198.0 1976.0 1787.0 1656.0 1532.0 1356.0 
1148.0 945.0 739.0 506.0 269.0 60.0 -170.0 
-442.0 -679.0 -843.0 -980.0 -1126.0 -1309.0 -1538.0 
-1629.0 -1573.0 -1689.0 -1919.0 -1928.0 -1880.0 -2035.0 
-2164.0 -2179.0 -2256.0 -2292.0 -2179.0 -2089.0 -2055.0 
-1972.0 -1907.0 -1903.0 -1848.0 -1749.0 -1714.0 -1720.0 
-1687.0 -1645.0 -1632.0 -1625.0 -1611.0 -1578.0 -1511.0 
-1432.0 -1370.0 -1329.0 -1324.0 -1338.0 -1335.0 -1346.0 
-1417.0 -1524.0 -1645.0 -1791.0 -1980.0 -2166.0 -2309.0 
-2400.0 -2398.0 -2321.0 -2245.0 -2154.0 -1972.0 -1702.0 
-1400.0 -1129.0 -916.0 -750.0 -603.0 -472.0 -396.0 
-364.0 -308.0 -235.0 -185.0 -133.0 -32.0 99.0 
253.0 417.0 584.0 746.0 893.0 1013.0 1124.0 
1243.0 1326.0 1349.0 1344.0 1314.0 1235.0 1141.0 
1058.0 975.0 883.0 804.0 755.0 742.0 765.0 
790.0 799.0 811.0 811.0 777.0 722.0 675.0 
617.0 535.0 471.0 435.0 428.0 489.0 642.0 
850.0 1052.0 1229.0 1419.0 1599.0 1666.0 1601.0 
1462.0 1295.0 1119.0 920.0 710.0 537.0 375.0 
191.0 37.0 -87.0 -225.0 -352.0 -435.0 -512.0 
-616.0 -753.0 -903.0 -1047.0 -1182.0 -1309.0 -1453.0 
-1600.0 -1708.0 -1780.0 -1857.0 -1961.0 -2056.0 -2116.0 
-2136.0 -2107.0 -2052.0 -2016.0 -2003.0 -1957.0 -1876.0 
-1782.0 -1661.0 -1554.0 -1470.0 -1334.0 -1169.0 -1059.0 
-1012.0 -961.0 -857.0 -729.0 -604.0 -463.0 -306.0 
-170.0 -65.0 11.0 43.0 55.0 123.0 251.0 
359.0 441.0 541.0 640.0 709.0 781.0 870.0 
930.0 940.0 953.0 1014.0 1113.0 1212.0 1285.0 
1324.0 1309.0 1254.0 1181.0 1081.0 933.0 761.0 
613.0 492.0 399.0 349.0 319.0 282.0 244.0 
199.0 126.0 35.0 -38.0 -95.0 -167.0 -264.0 
-337.0 -333.0 -289.0 -257.0 -218.0 -141.0 -46.0 
72.0 232.0 390.0 526.0 650.0 767.0 909.0 
1084.0 1235.0 1351.0 1476.0 1582.0 1638.0 1666.0 
1661.0 1585.0 1437.0 1236.0 988.0 724.0 483.0 
247.0 -3.0 -265.0 -529.0 -743.0 -872.0 -969.0 
-1061.0 -1103.0 -1117.0 -1144.0 -1155.0 -1132.0 -1128.0 
-1148.0 -1114.0 -993.0 -839.0 -690.0 -529.0 -347.0 
-145.0 57.0 215.0 332.0 427.0 472.0 465.0 
453.0 438.0 379.0 288.0 192.0 103.0 47.0 
-2.0 -98.0 -218.0 -322.0 -425.0 -547.0 -667.0 
-761.0 -850.0 -946.0 -1044.0 -1131.0 -1211.0 -1294.0 
-1363.0 -1416.0 -1484.0 -1564.0 -1627.0 -1667.0 -1704.0 
-1740.0 -1780.0 -1825.0 -1867.0 -1913.0 -1962.0 -1986.0 
-1982.0 -1987.0 -2052.0 -2189.0 -2339.0 -2458.0 -2536.0 
-2557.0 -2533.0 -2516.0 -2499.0 -2425.0 -2287.0 -2115.0 
-1904.0 -1661.0 -1382.0 -1025.0 -589.0 -122.0 348.0 
780.0 1158.0 1522.0 1890.0 2236.0 2562.0 2897.0 
3239.0 3520.0 3702.0 3838.0 3955.0 4034.0 4067.0 
4039.0 3952.0 3831.0 3713.0 3583.0 3384.0 3139.0 
2890.0 2635.0 2407.0 2197.0 1957.0 1706.0 1507.0 
1366.0 1244.0 1128.0 995.0 843.0 723.0 640.0 
560.0 477.0 398.0 326.0 243.0 144.0 54.0 
-34.0 -158.0 -277.0 -351.0 -405.0 -473.0 -562.0 
-627.0 -630.0 -595.0 -581.0 -624.0 -710.0 -805.0 
-878.0 -922.0 -956.0 -998.0 -1011.0 -952.0 -846.0 
-768.0 -741.0 -745.0 -762.0 -779.0 -812.0 -887.0 
-982.0 -1047.0 -1083.0 -1141.0 -1249.0 -1392.0 -1545.0 
-1692.0 -1833.0 -1942.0 -2024.0 -2122.0 -2219.0 -2249.0 
-2231.0 -2218.0 -2168.0 -2023.0 -1802.0 -1545.0 -1295.0 
-1048.0 -745.0 -392.0 -61.0 233.0 515.0 798.0 
1100.0 1423.0 1730.0 2017.0 2323.0 2644.0 2944.0 
3240.0 3531.0 3756.0 3917.0 4097.0 4303.0 4471.0 
4595.0 4697.0 4773.0 4856.0 4929.0 4947.0 4952.0 
5000.0 5096.0 5215.0 5283.0 5247.0 5153.0 5063.0 
4950.0 4743.0 4453.0 4132.0 3779.0 3377.0 2920.0 
2401.0 1840.0 1264.0 671.0 71.0 -536.0 -1130.0 
-1666.0 -2150.0 -2610.0 -3003.0 -3295.0 -3531.0 -3738.0 
-3888.0 -4000.0 -4095.0 -4159.0 -4217.0 -4281.0 -4320.0 
-4330.0 -4335.0 -4313.0 -4213.0 -4023.0 -3809.0 -3605.0 
-3381.0 -3139.0 -2895.0 -2651.0 -2378.0 -2047.0 -1673.0 
-1295.0 -907.0 -486.0 -59.0 334.0 726.0 1161.0 
1592.0 1957.0 2249.0 2478.0 2657.0 2824.0 3024.0 
3250.0 3440.0 3556.0 3608.0 3606.0 3583.0 3577.0 
3591.0 3620.0 3647.0 3662.0 3684.0 3727.0 3781.0 
3839.0 3889.0 3890.0 3820.0 3697.0 3577.0 3476.0 
3362.0 3238.0 3088.0 2880.0 2656.0 2484.0 2359.0 
2219.0 2049.0 1900.0 1777.0 1642.0 1547.0 1538.0 
1578.0 1631.0 1698.0 1783.0 1881.0 2001.0 2132.0 
2247.0 2358.0 2461.0 2534.0 2564.0 2508.0 2349.0 
2145.0 1932.0 1728.0 1557.0 1404.0 1253.0 1132.0 
1093.0 1138.0 1189.0 1177.0 1117.0 1025.0 867.0 
598.0 226.0 -157.0 -500.0 -848.0 -1257.0 -1714.0 
-2139.0 -2497.0 -2798.0 -3019.0 -3163.0 -3282.0 -3398.0 
-3489.0 -3529.0 -3514.0 -3476.0 -3435.0 -3371.0 -3253.0 
-3060.0 -2812.0 -2527.0 -2207.0 -1846.0 -1423.0 -927.0 
-385.0 182.0 769.0 1374.0 1996.0 2600.0 3184.0 
3761.0 4305.0 4791.0 5194.0 5534.0 5839.0 6126.0 
6410.0 6692.0 6940.0 7163.0 7373.0 7536.0 7652.0 
7714.0 7702.0 7658.0 7587.0 7435.0 7216.0 7019.0 
6860.0 6694.0 6541.0 6412.0 6233.0 6014.0 5826.0 
5664.0 5473.0 5249.0 5036.0 4841.0 4658.0 4469.0 
4212.0 3907.0 3612.0 3349.0 3104.0 2855.0 2594.0 
2333.0 2098.0 1848.0 1530.0 1181.0 880.0 642.0 
435.0 255.0 113.0 -25.0 -193.0 -377.0 -558.0 
-767.0 -998.0 -1214.0 -1428.0 -1636.0 -1786.0 -1868.0 
-1913.0 -1912.0 -1841.0 -1720.0 -1564.0 -1376.0 -1233.0 
-1143.0 -989.0 -755.0 -544.0 -371.0 -190.0 -11.0 
159.0 339.0 508.0 658.0 817.0 950.0 1015.0 
1050.0 1077.0 1075.0 1080.0 1124.0 1155.0 1161.0 
1198.0 1273.0 1325.0 1359.0 1431.0 1551.0 1718.0 
1908.0 2122.0 2372.0 2646.0 2905.0 3152.0 3426.0 
3737.0 4068.0 4393.0 4653.0 4848.0 5046.0 5252.0 
5404.0 5490.0 5547.0 5605.0 5623.0 5552.0 5435.0 
5365.0 5320.0 5256.0 5184.0 5110.0 5013.0 4906.0 
4811.0 4695.0 4527.0 4346.0 4138.0 3833.0 3477.0 
3136.0 2820.0 2531.0 2242.0 1929.0 1635.0 1384.0 
1158.0 991.0 890.0 803.0 688.0 573.0 491.0 
419.0 347.0 285.0 221.0 150.0 81.0 28.0 
18.0 49.0 84.0 128.0 218.0 359.0 493.0 
569.0 616.0 641.0 635.0 595.0 496.0 358.0 
203.0 16.0 -234.0 -538.0 -825.0 -1075.0 -1312.0 
-1541.0 -1744.0 -1898.0 -1987.0 -2024.0 -2022.0 -1985.0 
-1909.0 -1761.0 -1537.0 -1268.0 -964.0 -636.0 -279.0 
140.0 615.0 1122.0 1669.0 2237.0 2779.0 3293.0 
3791.0 4268.0 4728.0 5173.0 5585.0 5946.0 6231.0 
6432.0 6558.0 6625.0 6629.0 6592.0 6531.0 6430.0 
6296.0 6155.0 6001.0 5839.0 5688.0 5519.0 5287.0 
5027.0 4793.0 4570.0 4363.0 4228.0 4133.0 3998.0 
3843.0 3685.0 3482.0 3246.0 2995.0 2710.0 2384.0 
2072.0 1801.0 1536.0 1259.0 1025.0 853.0 716.0 
619.0 555.0 505.0 482.0 478.0 460.0 434.0 
407.0 322.0 178.0 63.0 5.0 -31.0 -59.0 
-78.0 -84.0 -69.0 -23.0 16.0 25.0 38.0 
38.0 -8.0 -54.0 -53.0 -65.0 -141.0 -225.0 
-248.0 -209.0 -146.0 -85.0 0.0 118.0 241.0 
381.0 578.0 821.0 1071.0 1303.0 1517.0 1725.0 
1919.0 2127.0 2385.0 2637.0 2822.0 2968.0 3106.0 
3211.0 3274.0 3327.0 3374.0 3386.0 3354.0 3305.0 
3254.0 3213.0 3166.0 3092.0 3039.0 3055.0 3066.0 
2999.0 2886.0 2744.0 2585.0 2447.0 2322.0 2182.0 
2065.0 1974.0 1845.0 1681.0 1583.0 1568.0 1531.0 
1429.0 1343.0 1308.0 1282.0 1257.0 1260.0 1286.0 
1310.0 1343.0 1378.0 1375.0 1358.0 1388.0 1448.0 
1497.0 1524.0 1513.0 1486.0 1505.0 1566.0 1605.0 
1622.0 1660.0 1698.0 1700.0 1683.0 1643.0 1553.0 
1466.0 1431.0 1389.0 1294.0 1189.0 1131.0 1109.0 
1088.0 1071.0 1090.0 1163.0 1280.0 1419.0 1546.0 
1663.0 1790.0 1912.0 2011.0 2083.0 2120.0 2123.0 
2109.0 2115.0 2135.0 2120.0 2057.0 1994.0 1964.0 
1935.0 1891.0 1887.0 1911.0 1892.0 1810.0 1713.0 
1647.0 1589.0 1497.0 1392.0 1344.0 1327.0 1256.0 
1122.0 974.0 799.0 602.0 432.0 275.0 87.0 
-131.0 -332.0 -491.0 -614.0 -717.0 -812.0 -872.0 
-909.0 -957.0 -997.0 -990.0 -933.0 -857.0 -775.0 
-656.0 -485.0 -284.0 -49.0 204.0 421.0 573.0 
672.0 737.0 767.0 733.0 637.0 509.0 369.0 
201.0 11.0 -158.0 -292.0 -386.0 -461.0 -512.0 
-486.0 -376.0 -231.0 -84.0 78.0 253.0 426.0 
653.0 922.0 1126.0 1292.0 1528.0 1821.0 2074.0 
2320.0 2600.0 2851.0 3054.0 3256.0 3459.0 3632.0 
3765.0 3870.0 3943.0 3948.0 3896.0 3841.0 3770.0 
3642.0 3470.0 3282.0 3077.0 2881.0 2706.0 2520.0 
2348.0 2217.0 2087.0 1941.0 1795.0 1636.0 1473.0 
1342.0 1243.0 1131.0 969.0 769.0 569.0 352.0 
84.0 -206.0 -461.0 -660.0 -816.0 -943.0 -1051.0 
-1157.0 -1268.0 -1363.0 -1440.0 -1511.0 -1546.0 -1528.0 
-1515.0 -1532.0 -1551.0 -1565.0 -1594.0 -1627.0 -1609.0 
-1532.0 -1461.0 -1409.0 -1310.0 -1160.0 -1011.0 -846.0 
-630.0 -369.0 -93.0 173.0 423.0 675.0 940.0 
1209.0 1463.0 1668.0 1810.0 1962.0 2153.0 2312.0 
2474.0 2708.0 2973.0 3253.0 3580.0 3954.0 4328.0 
4626.0 4818.0 4969.0 5117.0 5235.0 5307.0 5383.0 
5476.0 5517.0 5487.0 5380.0 5180.0 4972.0 4762.0 
4478.0 4172.0 3900.0 3592.0 3215.0 2811.0 2415.0 
2000.0 1567.0 1155.0 748.0 321.0 -103.0 -503.0 
-884.0 -1246.0 -1544.0 -1756.0 -1939.0 -2091.0 -2157.0 
-2199.0 -2234.0 -2207.0 -2133.0 -2012.0 -1811.0 -1531.0 
-1243.0 -988.0 -731.0 -463.0 -219.0 10.0 273.0 
507.0 701.0 881.0 1040.0 1172.0 1285.0 1401.0 
1490.0 1562.0 1652.0 1714.0 1725.0 1718.0 1694.0 
1679.0 1665.0 1629.0 1559.0 1428.0 1278.0 1160.0 
1081.0 967.0 757.0 549.0 436.0 330.0 156.0 
-1.0 -99.0 -164.0 -195.0 -219.0 -277.0 -368.0 
-447.0 -475.0 -484.0 -538.0 -592.0 -584.0 -556.0 
-501.0 -405.0 -297.0 -203.0 -91.0 83.0 263.0 
435.0 650.0 882.0 1064.0 1193.0 1280.0 1343.0 
1401.0 1453.0 1469.0 1468.0 1484.0 1515.0 1544.0 
1566.0 1555.0 1518.0 1503.0 1463.0 1348.0 1235.0 
1180.0 1158.0 1150.0 1175.0 1229.0 1291.0 1356.0 
1412.0 1446.0 1494.0 1556.0 1570.0 1556.0 1581.0 
1653.0 1724.0 1785.0 1858.0 1913.0 1914.0 1889.0 
1888.0 1877.0 1839.0 1807.0 1773.0 1753.0 1751.0 
1713.0 1631.0 1549.0 1470.0 1373.0 1267.0 1165.0 
1071.0 998.0 930.0 855.0 775.0 695.0 612.0 
533.0 473.0 418.0 377.0 394.0 462.0 542.0 
618.0 680.0 669.0 562.0 399.0 194.0 -60.0 
-341.0 -616.0 -875.0 -1110.0 -1325.0 -1525.0 -1711.0 
-1891.0 -2046.0 -2187.0 -2336.0 -2467.0 -2556.0 -2625.0 
-2707.0 -2787.0 -2818.0 -2797.0 -2741.0 -2655.0 -2577.0 
-2527.0 -2447.0 -2314.0 -2193.0 -2100.0 -2010.0 -1948.0 
-1913.0 -1868.0 -1846.0 -1894.0 -1965.0 -2020.0 -2090.0 
-2146.0 -2140.0 -2054.0 -1864.0 -1622.0 -1390.0 -1156.0 
-881.0 -582.0 -273.0 76.0 452.0 807.0 1141.0 
1471.0 1772.0 2057.0 2355.0 2652.0 2949.0 3249.0 
3549.0 3821.0 4031.0 4185.0 4311.0 4405.0 4473.0 
4534.0 4566.0 4525.0 4422.0 4302.0 4163.0 3999.0 
3825.0 3628.0 3404.0 3185.0 2983.0 2773.0 2564.0 
2390.0 2223.0 2017.0 1778.0 1536.0 1326.0 1134.0 
921.0 709.0 522.0 344.0 168.0 -14.0 -206.0 
-412.0 -603.0 -746.0 -865.0 -967.0 -1019.0 -1026.0 
-1028.0 -1021.0 -972.0 -895.0 -819.0 -749.0 -669.0 
-601.0 -563.0 -533.0 -503.0 -481.0 -481.0 -515.0 
-593.0 -693.0 -797.0 -907.0 -1042.0 -1233.0 -1466.0 
-1703.0 -1935.0 -2168.0 -2400.0 -2615.0 -2810.0 -2996.0 
-3174.0 -3329.0 -3462.0 -3576.0 -3668.0 -3721.0 -3729.0 
-3746.0 -3780.0 -3772.0 -3696.0 -3592.0 -3474.0 -3334.0 
-3189.0 -3034.0 -2849.0 -2648.0 -2461.0 -2273.0 -2060.0 
-1823.0 -1584.0 -1385.0 -1207.0 -983.0 -676.0 -336.0 
7.0 391.0 827.0 1300.0 1787.0 2260.0 2696.0 
3087.0 3473.0 3873.0 4244.0 4537.0 4728.0 4828.0 
4882.0 4905.0 4867.0 4742.0 4536.0 4287.0 4011.0 
3689.0 3315.0 2910.0 2449.0 1928.0 1419.0 970.0 
522.0 21.0 -482.0 -946.0 -1382.0 -1806.0 -2231.0 
-2650.0 -3014.0 -3282.0 -3491.0 -3697.0 -3893.0 -4012.0 
-4050.0 -4064.0 -4113.0 -4176.0 -4173.0 -4109.0 -4021.0 
-3926.0 -3835.0 -3696.0 -3475.0 -3220.0 -2984.0 -2741.0 
-2485.0 -2214.0 -1898.0 -1544.0 -1223.0 -979.0 -775.0 
-558.0 -321.0 -94.0 76.0 176.0 260.0 382.0 
501.0 576.0 623.0 677.0 759.0 881.0 992.0 
1028.0 1018.0 1018.0 1012.0 962.0 859.0 717.0 
546.0 371.0 204.0 28.0 -144.0 -263.0 -297.0 
-286.0 -285.0 -288.0 -283.0 -265.0 -231.0 -195.0 
-173.0 -156.0 -148.0 -163.0 -185.0 -176.0 -133.0 
-56.0 79.0 259.0 425.0 571.0 724.0 861.0 
957.0 1038.0 1101.0 1138.0 1179.0 1242.0 1294.0 
1327.0 1362.0 1399.0 1431.0 1477.0 1532.0 1564.0 
1586.0 1606.0 1623.0 1633.0 1616.0 1564.0 1480.0 
1386.0 1285.0 1153.0 986.0 816.0 653.0 495.0 
343.0 172.0 -25.0 -233.0 -450.0 -686.0 -974.0 
-1324.0 -1723.0 -2143.0 -2570.0 -2985.0 -3360.0 -3674.0 
-3946.0 -4203.0 -4433.0 -4628.0 -4791.0 -4930.0 -5061.0 
-5180.0 -5293.0 -5404.0 -5496.0 -5574.0 -5641.0 -5646.0 
-5588.0 -5521.0 -5460.0 -5363.0 -5215.0 -5064.0 -4906.0 
-4692.0 -4402.0 -4017.0 -3540.0 -3010.0 -2443.0 -1851.0 
-1284.0 -770.0 -300.0 141.0 560.0 953.0 1331.0 
1685.0 1981.0 2214.0 2403.0 2548.0 2636.0 2693.0 
2749.0 2806.0 2849.0 2856.0 2793.0 2652.0 2459.0 
2226.0 1956.0 1669.0 1373.0 1060.0 746.0 464.0 
216.0 -7.0 -196.0 -329.0 -391.0 -374.0 -319.0 
-261.0 -192.0 -124.0 -85.0 -72.0 -63.0 -44.0 
-33.0 -32.0 34.0 163.0 309.0 514.0 790.0 
1095.0 1372.0 1609.0 1828.0 1992.0 2068.0 2069.0 
2010.0 1892.0 1721.0 1504.0 1277.0 1081.0 870.0 
623.0 416.0 241.0 -17.0 -379.0 -736.0 -1066.0 
-1440.0 -1875.0 -2335.0 -2789.0 -3202.0 -3571.0 -3888.0 
-4147.0 -4377.0 -4614.0 -4856.0 -5059.0 -5231.0 -5417.0 
-5588.0 -5709.0 -5813.0 -5901.0 -5931.0 -5881.0 -5743.0 
-5567.0 -5397.0 -5197.0 -4946.0 -4652.0 -4342.0 -4073.0 
-3812.0 -3479.0 -3091.0 -2696.0 -2329.0 -2019.0 -1717.0 
-1361.0 -950.0 -523.0 -123.0 260.0 660.0 1097.0 
1596.0 2130.0 2642.0 3132.0 3630.0 4178.0 4773.0 
5287.0 5619.0 5819.0 5976.0 6084.0 6121.0 6091.0 
5995.0 5836.0 5606.0 5281.0 4880.0 4478.0 4087.0 
3693.0 3302.0 2900.0 2464.0 1954.0 1366.0 788.0 
254.0 -273.0 -774.0 -1227.0 -1657.0 -2086.0 -2503.0 
-2842.0 -3093.0 -3322.0 -3557.0 -3782.0 -4002.0 -4223.0 
-4406.0 -4506.0 -4537.0 -4525.0 -4446.0 -4293.0 -4137.0 
-4002.0 -3875.0 -3769.0 -3673.0 -3555.0 -3380.0 -3170.0 
-2997.0 -2888.0 -2826.0 -2783.0 -2736.0 -2658.0 -2533.0 
-2395.0 -2254.0 -2089.0 -1886.0 -1646.0 -1372.0 -1096.0 
-829.0 -551.0 -280.0 -37.0 171.0 338.0 478.0 
602.0 725.0 868.0 998.0 1073.0 1086.0 1051.0 
982.0 859.0 699.0 567.0 458.0 299.0 110.0 
-24.0 -91.0 -155.0 -259.0 -363.0 -435.0 -467.0 
-477.0 -521.0 -604.0 -680.0 -738.0 -760.0 -757.0 
-762.0 -793.0 -827.0 -819.0 -764.0 -681.0 -584.0 
-479.0 -381.0 -281.0 -141.0 44.0 220.0 339.0 
422.0 514.0 615.0 701.0 743.0 717.0 667.0 
648.0 625.0 556.0 450.0 325.0 184.0 42.0 
-67.0 -178.0 -349.0 -565.0 -759.0 -906.0 -1021.0 
-1143.0 -1278.0 -1402.0 -1504.0 -1584.0 -1618.0 -1581.0 
-1487.0 -1378.0 -1282.0 -1222.0 -1218.0 -1235.0 -1173.0 
-1015.0 -836.0 -668.0 -470.0 -249.0 -58.0 87.0 
172.0 183.0 164.0 174.0 211.0 239.0 250.0 
258.0 278.0 289.0 261.0 192.0 98.0 -23.0 
-190.0 -397.0 -623.0 -868.0 -1142.0 -1443.0 -1766.0 
-2114.0 -2465.0 -2788.0 -3107.0 -3430.0 -3705.0 -3932.0 
-4138.0 -4305.0 -4419.0 -4469.0 -4446.0 -4365.0 -4242.0 
-4103.0 -3939.0 -3716.0 -3469.0 -3244.0 -3012.0 -2731.0 
-2383.0 -2007.0 -1632.0 -1242.0 -837.0 -432.0 -35.0 
358.0 734.0 1064.0 1349.0 1616.0 1882.0 2134.0 
2370.0 2598.0 2816.0 3018.0 3213.0 3393.0 3528.0 
3600.0 3624.0 3636.0 3665.0 3701.0 3708.0 3702.0 
3711.0 3715.0 3688.0 3635.0 3573.0 3478.0 3327.0 
3118.0 2890.0 2670.0 2417.0 2107.0 1785.0 1469.0 
1136.0 790.0 474.0 193.0 -66.0 -298.0 -499.0 
-687.0 -859.0 -998.0 -1116.0 -1252.0 -1418.0 -1579.0 
-1682.0 -1720.0 -1738.0 -1774.0 -1792.0 -1751.0 -1677.0 
-1618.0 -1560.0 -1470.0 -1402.0 -1385.0 -1374.0 -1389.0 
-1456.0 -1575.0 -1744.0 -1939.0 -2135.0 -2287.0 -2385.0 
-2464.0 -2525.0 -2530.0 -2490.0 -2445.0 -2392.0 -2304.0 
-2195.0 -2094.0 -2033.0 -2052.0 -2109.0 -2135.0 -2152.0 
-2204.0 -2298.0 -2390.0 -2458.0 -2532.0 -2586.0 -2596.0 
-2594.0 -2560.0 -2457.0 -2331.0 -2228.0 -2116.0 -1969.0 
-1775.0 -1526.0 -1232.0 -921.0 -593.0 -229.0 135.0 
462.0 781.0 1105.0 1404.0 1663.0 1889.0 2081.0 
2233.0 2342.0 2417.0 2468.0 2503.0 2546.0 2616.0 
2715.0 2826.0 2941.0 3067.0 3188.0 3270.0 3285.0 
3237.0 3148.0 3045.0 2909.0 2696.0 2400.0 2083.0 
1798.0 1516.0 1201.0 898.0 660.0 462.0 303.0 
195.0 93.0 -16.0 -125.0 -230.0 -319.0 -385.0 
-438.0 -472.0 -499.0 -512.0 -490.0 -464.0 -438.0 
-404.0 -390.0 -401.0 -410.0 -423.0 -473.0 -529.0 
-540.0 -525.0 -536.0 -581.0 -652.0 -725.0 -762.0 
-784.0 -826.0 -886.0 -958.0 -1005.0 -1010.0 -998.0 
-1000.0 -1033.0 -1068.0 -1091.0 -1135.0 -1216.0 -1314.0 
-1407.0 -1474.0 -1506.0 -1547.0 -1620.0 -1730.0 -1881.0 
-2029.0 -2166.0 -2319.0 -2471.0 -2606.0 -2737.0 -2859.0 
-2974.0 -3074.0 -3131.0 -3145.0 -3104.0 -3010.0 -2913.0 
-2818.0 -2689.0 -2534.0 -2371.0 -2197.0 -2005.0 -1791.0 
-1572.0 -1357.0 -1122.0 -858.0 -603.0 -360.0 -82.0 
226.0 495.0 706.0 899.0 1082.0 1245.0 1394.0 
1526.0 1638.0 1755.0 1898.0 2075.0 2284.0 2517.0 
2772.0 3069.0 3413.0 3762.0 4047.0 4246.0 4389.0 
4489.0 4543.0 4530.0 4425.0 4275.0 4122.0 3933.0 
3691.0 3435.0 3173.0 2860.0 2485.0 2104.0 1745.0 
1405.0 1086.0 796.0 537.0 301.0 71.0 -149.0 
-374.0 -619.0 -869.0 -1141.0 -1466.0 -1852.0 -2277.0 
-2694.0 -3072.0 -3400.0 -3684.0 -3940.0 -4168.0 -4374.0 
-4559.0 -4723.0 -4889.0 -5072.0 -5234.0 -5321.0 -5314.0 
-5237.0 -5118.0 -4981.0 -4842.0 -4694.0 -4538.0 -4374.0 
-4184.0 -3944.0 -3648.0 -3278.0 -2838.0 -2371.0 -1903.0 
-1438.0 -955.0 -453.0 14.0 431.0 837.0 1252.0 
1669.0 2083.0 2475.0 2823.0 3131.0 3409.0 3663.0 
3886.0 4091.0 4291.0 4498.0 4693.0 4862.0 5013.0 
5104.0 5076.0 5000.0 4956.0 4900.0 4792.0 4652.0 
4492.0 4312.0 4117.0 3912.0 3670.0 3385.0 3096.0 
2821.0 2535.0 2216.0 1849.0 1441.0 1021.0 602.0 
194.0 -208.0 -622.0 -1012.0 -1368.0 -1728.0 -2088.0 
-2441.0 -2780.0 -3073.0 -3350.0 -3628.0 -3900.0 -4171.0 
-4370.0 -4456.0 -4487.0 -4470.0 -4403.0 -4312.0 -4228.0 
-4143.0 -4017.0 -3875.0 -3778.0 -3702.0 -3592.0 -3448.0 
-3286.0 -3125.0 -2971.0 -2815.0 -2662.0 -2501.0 -2302.0 
-2085.0 -1880.0 -1665.0 -1413.0 -1158.0 -944.0 -775.0 
-652.0 -533.0 -348.0 -127.0 82.0 312.0 581.0 
865.0 1164.0 1484.0 1804.0 2124.0 2455.0 2782.0 
3085.0 3338.0 3514.0 3625.0 3697.0 3718.0 3673.0 
3562.0 3386.0 3180.0 2964.0 2715.0 2425.0 2093.0 
1722.0 1331.0 941.0 579.0 264.0 8.0 -193.0 
-358.0 -453.0 -467.0 -454.0 -459.0 -439.0 -338.0 
-190.0 -75.0 3.0 68.0 106.0 129.0 152.0 
155.0 122.0 70.0 16.0 -32.0 -83.0 -157.0 
-267.0 -415.0 -585.0 -744.0 -915.0 -1122.0 -1333.0 
-1534.0 -1725.0 -1893.0 -2048.0 -2232.0 -2457.0 -2686.0 
-2900.0 -3118.0 -3359.0 -3594.0 -3775.0 -3902.0 -4000.0 
-4073.0 -4145.0 -4206.0 -4241.0 -4276.0 -4307.0 -4327.0 
-4401.0 -4513.0 -4566.0 -4557.0 -4540.0 -4497.0 -4396.0 
-4258.0 -4082.0 -3876.0 -3678.0 -3479.0 -3242.0 -2990.0 
-2731.0 -2441.0 -2118.0 -1742.0 -1290.0 -807.0 -327.0 
169.0 687.0 1187.0 1646.0 2094.0 2536.0 2927.0 
3230.0 3476.0 3740.0 4036.0 4295.0 4494.0 4643.0 
4736.0 4784.0 4793.0 4731.0 4592.0 4439.0 4293.0 
4153.0 4027.0 3882.0 3678.0 3432.0 3155.0 2824.0 
2451.0 2049.0 1609.0 1139.0 682.0 264.0 -118.0 
-469.0 -786.0 -1072.0 -1356.0 -1663.0 -1989.0 -2315.0 
-2633.0 -2944.0 -3259.0 -3569.0 -3882.0 -4207.0 -4520.0 
-4772.0 -4975.0 -5159.0 -5347.0 -5521.0 -5630.0 -5661.0 
-5639.0 -5589.0 -5497.0 -5321.0 -5081.0 -4845.0 -4608.0 
-4337.0 -4039.0 -3693.0 -3278.0 -2801.0 -2298.0 -1781.0 
-1242.0 -677.0 -89.0 472.0 945.0 1340.0 1695.0 
1987.0 2189.0 2343.0 2481.0 2577.0 2631.0 2701.0 
2772.0 2789.0 2782.0 2782.0 2780.0 2763.0 2726.0 
2659.0 2546.0 2381.0 2194.0 1999.0 1787.0 1550.0 
1250.0 919.0 653.0 450.0 216.0 -42.0 -247.0 
-360.0 -379.0 -368.0 -428.0 -589.0 -756.0 -855.0 
-940.0 -1081.0 -1274.0 -1456.0 -1596.0 -1703.0 -1775.0 
-1782.0 -1728.0 -1672.0 -1614.0 -1513.0 -1382.0 -1255.0 
-1155.0 -1113.0 -1086.0 -1004.0 -918.0 -862.0 -772.0 
-671.0 -637.0 -628.0 -586.0 -544.0 -484.0 -374.0 
-285.0 -264.0 -216.0 -137.0 -110.0 -83.0 9.0 
106.0 160.0 224.0 305.0 363.0 394.0 414.0 
428.0 437.0 416.0 405.0 486.0 568.0 521.0 
457.0 512.0 573.0 530.0 441.0 317.0 150.0 
-36.0 -281.0 -555.0 -756.0 -916.0 -1103.0 -1266.0 
-1399.0 -1557.0 -1700.0 -1756.0 -1752.0 -1729.0 -1693.0 
-1646.0 -1570.0 -1471.0 -1379.0 -1262.0 -1128.0 -1061.0 
-1033.0 -998.0 -1018.0 -1099.0 -1179.0 -1288.0 -1410.0 
-1444.0 -1440.0 -1448.0 -1382.0 -1279.0 -1216.0 -1128.0 
-1035.0 -1016.0 -977.0 -885.0 -861.0 -893.0 -918.0 
-959.0 -952.0 -828.0 -709.0 -642.0 -558.0 -485.0 
-442.0 -384.0 -344.0 -339.0 -310.0 -267.0 -251.0 
-246.0 -264.0 -308.0 -344.0 -380.0 -438.0 -447.0 
-392.0 -372.0 -419.0 -459.0 -496.0 -570.0 -646.0 
-696.0 -760.0 -832.0 -865.0 -857.0 -828.0 -783.0 
-726.0 -632.0 -482.0 -305.0 -125.0 43.0 183.0 
282.0 369.0 455.0 501.0 538.0 614.0 670.0 
681.0 682.0 644.0 567.0 518.0 494.0 458.0 
422.0 388.0 352.0 316.0 284.0 244.0 200.0 
160.0 104.0 68.0 87.0 99.0 75.0 52.0 
16.0 -44.0 -84.0 -130.0 -222.0 -270.0 -259.0 
-297.0 -361.0 -367.0 -337.0 -313.0 -326.0 -391.0 
-428.0 -436.0 -535.0 -655.0 -650.0 -682.0 -923.0 
-1208.0 -1430.0 -1685.0 -1959.0 -2205.0 -2430.0 -2584.0 
-2684.0 -2812.0 -2873.0 -2823.0 -2783.0 -2732.0 -2590.0 
-2419.0 -2244.0 -2015.0 -1774.0 -1539.0 -1233.0 -912.0 
-702.0 -569.0 -464.0 -406.0 -396.0 -459.0 -598.0 
-712.0 -771.0 -858.0 -936.0 -918.0 -881.0 -909.0 
-914.0 -833.0 -727.0 -632.0 -561.0 -506.0 -407.0 
-281.0 -186.0 -57.0 162.0 426.0 704.0 997.0 
1259.0 1455.0 1613.0 1764.0 1925.0 2054.0 2082.0 
2056.0 2070.0 2093.0 2044.0 1937.0 1780.0 1581.0 
1408.0 1261.0 1070.0 839.0 626.0 443.0 254.0 
19.0 -234.0 -453.0 -655.0 -838.0 -953.0 -1029.0 
-1109.0 -1144.0 -1143.0 -1177.0 -1220.0 -1219.0 -1207.0 
-1196.0 -1146.0 -1086.0 -1076.0 -1079.0 -1085.0 -1174.0 
-1329.0 -1473.0 -1592.0 -1678.0 -1712.0 -1733.0 -1768.0 
-1783.0 -1748.0 -1704.0 -1706.0 -1740.0 -1733.0 -1627.0 
-1447.0 -1308.0 -1231.0 -1102.0 -878.0 -657.0 -511.0 
-411.0 -300.0 -149.0 6.0 116.0 187.0 263.0 
343.0 412.0 449.0 427.0 389.0 389.0 411.0 
433.0 442.0 436.0 462.0 530.0 576.0 583.0 
622.0 707.0 769.0 768.0 733.0 701.0 667.0 
610.0 532.0 449.0 350.0 243.0 142.0 43.0 
-64.0 -160.0 -219.0 -232.0 -257.0 -326.0 -385.0 
-413.0 -442.0 -497.0 -591.0 -728.0 -899.0 -1073.0 
-1221.0 -1334.0 -1469.0 -1668.0 -1870.0 -2031.0 -2207.0 
-2389.0 -2495.0 -2547.0 -2597.0 -2635.0 -2647.0 -2632.0 
-2614.0 -2588.0 -2572.0 -2595.0 -2634.0 -2634.0 -2596.0 
-2536.0 -2458.0 -2369.0 -2277.0 -2190.0 -2096.0 -1954.0 
-1760.0 -1558.0 -1360.0 -1143.0 -894.0 -601.0 -281.0 
54.0 392.0 720.0 1033.0 1320.0 1576.0 1808.0 
2026.0 2225.0 2418.0 2639.0 2865.0 3043.0 3176.0 
3285.0 3380.0 3479.0 3588.0 3677.0 3706.0 3684.0 
3635.0 3543.0 3401.0 3225.0 3018.0 2791.0 2534.0 
2261.0 1987.0 1677.0 1339.0 1036.0 779.0 509.0 
203.0 -102.0 -368.0 -624.0 -906.0 -1202.0 -1473.0 
-1684.0 -1864.0 -2073.0 -2318.0 -2564.0 -2797.0 -3004.0 
-3189.0 -3418.0 -3702.0 -4002.0 -4317.0 -4646.0 -4940.0 
-5175.0 -5353.0 -5472.0 -5532.0 -5535.0 -5481.0 -5376.0 
-5223.0 -4997.0 -4694.0 -4366.0 -4056.0 -3765.0 -3468.0 
-3180.0 -2921.0 -2665.0 -2375.0 -2039.0 -1672.0 -1294.0 
-911.0 -521.0 -137.0 251.0 691.0 1152.0 1569.0 
1937.0 2295.0 2648.0 2995.0 3311.0 3573.0 3796.0 
3975.0 4089.0 4168.0 4214.0 4144.0 3947.0 3738.0 
3570.0 3396.0 3189.0 2969.0 2724.0 2468.0 2254.0 
2086.0 1918.0 1731.0 1547.0 1379.0 1237.0 1115.0 
947.0 728.0 517.0 319.0 98.0 -136.0 -358.0 
-576.0 -791.0 -980.0 -1151.0 -1347.0 -1574.0 -1829.0 
-2112.0 -2402.0 -2698.0 -3021.0 -3367.0 -3691.0 -3983.0 
-4270.0 -4549.0 -4803.0 -5053.0 -5296.0 -5487.0 -5627.0 
-5733.0 -5795.0 -5814.0 -5774.0 -5654.0 -5475.0 -5278.0 
-5072.0 -4824.0 -4510.0 -4157.0 -3829.0 -3538.0 -3234.0 
-2875.0 -2461.0 -2068.0 -1756.0 -1497.0 -1232.0 -958.0 
-717.0 -526.0 -347.0 -164.0 2.0 154.0 321.0 
511.0 688.0 836.0 997.0 1193.0 1369.0 1492.0 
1627.0 1817.0 2035.0 2274.0 2530.0 2779.0 3014.0 
3241.0 3478.0 3700.0 3872.0 4006.0 4132.0 4259.0 
4393.0 4517.0 4581.0 4558.0 4453.0 4262.0 3967.0 
3569.0 3114.0 2617.0 2080.0 1562.0 1102.0 665.0 
208.0 -242.0 -626.0 -924.0 -1165.0 -1394.0 -1604.0 
-1776.0 -1911.0 -2031.0 -2157.0 -2275.0 -2372.0 -2472.0 
-2596.0 -2757.0 -2923.0 -3075.0 -3255.0 -3439.0 -3556.0 
-3621.0 -3701.0 -3792.0 -3872.0 -3947.0 -4014.0 -4085.0 
-4192.0 -4317.0 -4401.0 -4427.0 -4430.0 -4445.0 -4488.0 
-4496.0 -4395.0 -4234.0 -4094.0 -3983.0 -3847.0 -3671.0 
-3497.0 -3316.0 -3103.0 -2857.0 -2621.0 -2410.0 -2185.0 
-1943.0 -1724.0 -1541.0 -1341.0 -1097.0 -851.0 -614.0 
-346.0 -26.0 321.0 690.0 1082.0 1504.0 1926.0 
2308.0 2663.0 3030.0 3397.0 3708.0 3945.0 4141.0 
4326.0 4518.0 4654.0 4686.0 4689.0 4740.0 4785.0 
4778.0 4737.0 4649.0 4488.0 4285.0 4078.0 3845.0 
3585.0 3344.0 3120.0 2897.0 2676.0 2437.0 2152.0 
1850.0 1546.0 1205.0 829.0 451.0 60.0 -373.0 
-839.0 -1307.0 -1780.0 -2262.0 -2725.0 -3135.0 -3503.0 
-3853.0 -4206.0 -4550.0 -4854.0 -5086.0 -5238.0 -5318.0 
-5334.0 -5323.0 -5286.0 -5172.0 -4976.0 -4767.0 -4560.0 
-4327.0 -4096.0 -3855.0 -3552.0 -3214.0 -2905.0 -2611.0 
-2290.0 -1963.0 -1640.0 -1302.0 -969.0 -674.0 -382.0 
-83.0 148.0 296.0 401.0 478.0 527.0 561.0 
568.0 552.0 543.0 544.0 544.0 544.0 548.0 
501.0 383.0 257.0 137.0 -1.0 -141.0 -234.0 
-289.0 -332.0 -358.0 -343.0 -303.0 -297.0 -321.0 
-315.0 -256.0 -204.0 -224.0 -297.0 -367.0 -417.0 
-484.0 -594.0 -746.0 -914.0 -1087.0 -1243.0 -1376.0 
-1515.0 -1647.0 -1730.0 -1780.0 -1834.0 -1869.0 -1831.0 
-1771.0 -1728.0 -1672.0 -1586.0 -1485.0 -1364.0 -1228.0 
-1121.0 -1045.0 -966.0 -889.0 -873.0 -938.0 -1015.0 
-1041.0 -1033.0 -1025.0 -1003.0 -946.0 -869.0 -815.0 
-790.0 -765.0 -753.0 -759.0 -773.0 -819.0 -949.0 
-1148.0 -1340.0 -1503.0 -1679.0 -1871.0 -2071.0 -2285.0 
-2462.0 -2542.0 -2542.0 -2553.0 -2602.0 -2569.0 -2395.0 
-2190.0 -2057.0 -1956.0 -1803.0 -1592.0 -1377.0 -1134.0 
-831.0 -519.0 -226.0 74.0 389.0 673.0 869.0 
1006.0 1116.0 1177.0 1184.0 1172.0 1118.0 1013.0 
918.0 847.0 750.0 610.0 457.0 291.0 109.0 
-64.0 -251.0 -482.0 -730.0 -953.0 -1161.0 -1353.0 
-1488.0 -1569.0 -1622.0 -1643.0 -1611.0 -1531.0 -1464.0 
-1454.0 -1497.0 -1544.0 -1518.0 -1419.0 -1307.0 -1189.0 
-1030.0 -801.0 -539.0 -306.0 -130.0 6.0 123.0 
228.0 327.0 386.0 381.0 360.0 370.0 375.0 
342.0 313.0 305.0 315.0 341.0 360.0 387.0 
466.0 569.0 669.0 844.0 1116.0 1403.0 1675.0 
1951.0 2204.0 2426.0 2645.0 2844.0 2990.0 3105.0 
3192.0 3188.0 3084.0 2927.0 2681.0 2339.0 1960.0 
1509.0 971.0 427.0 -77.0 -577.0 -1027.0 -1398.0 
-1734.0 -2033.0 -2250.0 -2414.0 -2589.0 -2739.0 -2822.0 
-2915.0 -3030.0 -3120.0 -3226.0 -3358.0 -3475.0 -3611.0 
-3765.0 -3854.0 -3900.0 -4027.0 -4173.0 -4251.0 -4350.0 
-4501.0 -4617.0 -4725.0 -4871.0 -4963.0 -4959.0 -4935.0 
-4899.0 -4771.0 -4529.0 -4216.0 -3846.0 -3444.0 -3015.0 
-2544.0 -2048.0 -1569.0 -1145.0 -771.0 -407.0 -48.0 
300.0 681.0 1098.0 1518.0 1935.0 2325.0 2666.0 
2981.0 3277.0 3501.0 3616.0 3668.0 3724.0 3780.0 
3779.0 3676.0 3497.0 3321.0 3162.0 2959.0 2728.0 
2528.0 2367.0 2215.0 2103.0 2014.0 1923.0 1822.0 
1698.0 1521.0 1313.0 1138.0 956.0 668.0 290.0 
-86.0 -466.0 -879.0 -1315.0 -1742.0 -2138.0 -2504.0 
-2838.0 -3147.0 -3449.0 -3726.0 -3961.0 -4179.0 -4396.0 
-4635.0 -4889.0 -5083.0 -5216.0 -5366.0 -5496.0 -5539.0 
-5531.0 -5495.0 -5383.0 -5240.0 -5156.0 -5087.0 -4953.0 
-4756.0 -4521.0 -4251.0 -3944.0 -3586.0 -3197.0 -2825.0 
-2462.0 -2079.0 -1709.0 -1381.0 -1080.0 -795.0 -546.0 
-330.0 -117.0 74.0 217.0 347.0 468.0 531.0 
531.0 553.0 649.0 752.0 815.0 896.0 1018.0 
1112.0 1168.0 1257.0 1383.0 1488.0 1571.0 1681.0 
1769.0 1780.0 1773.0 1790.0 1803.0 1793.0 1760.0 
1689.0 1596.0 1525.0 1477.0 1421.0 1344.0 1230.0 
1066.0 920.0 847.0 810.0 778.0 749.0 721.0 
677.0 623.0 591.0 547.0 441.0 294.0 158.0 
34.0 -103.0 -276.0 -474.0 -649.0 -783.0 -904.0 
-1029.0 -1132.0 -1224.0 -1307.0 -1318.0 -1251.0 -1167.0 
-1070.0 -932.0 -792.0 -694.0 -575.0 -423.0 -323.0 
-272.0 -193.0 -97.0 -35.0 4.0 25.0 2.0 
-75.0 -169.0 -237.0 -312.0 -437.0 -574.0 -669.0 
-717.0 -793.0 -945.0 -1109.0 -1220.0 -1337.0 -1504.0 
-1688.0 -1895.0 -2126.0 -2314.0 -2458.0 -2584.0 -2670.0 
-2691.0 -2644.0 -2514.0 -2298.0 -2037.0 -1765.0 -1472.0 
-1147.0 -798.0 -443.0 -100.0 203.0 446.0 646.0 
804.0 908.0 1003.0 1113.0 1220.0 1343.0 1500.0 
1628.0 1709.0 1775.0 1825.0 1839.0 1798.0 1706.0 
1572.0 1405.0 1224.0 1044.0 880.0 742.0 594.0 
412.0 232.0 49.0 -188.0 -443.0 -645.0 -804.0 
-969.0 -1146.0 -1302.0 -1414.0 -1476.0 -1501.0 -1543.0 
-1611.0 -1645.0 -1614.0 -1517.0 -1386.0 -1244.0 -1074.0 
-903.0 -782.0 -696.0 -606.0 -512.0 -427.0 -348.0 
-243.0 -103.0 69.0 253.0 434.0 618.0 803.0 
981.0 1131.0 1222.0 1272.0 1306.0 1286.0 1202.0 
1112.0 1004.0 851.0 675.0 490.0 293.0 110.0 
-43.0 -187.0 -334.0 -475.0 -612.0 -754.0 -902.0 
-1038.0 -1207.0 -1429.0 -1665.0 -1919.0 -2202.0 -2450.0 
-2610.0 -2729.0 -2840.0 -2902.0 -2907.0 -2870.0 -2772.0 
-2623.0 -2492.0 -2349.0 -2133.0 -1883.0 -1594.0 -1228.0 
-838.0 -470.0 -114.0 208.0 465.0 642.0 733.0 
782.0 826.0 846.0 814.0 722.0 609.0 542.0 
517.0 500.0 468.0 435.0 420.0 403.0 387.0 
391.0 415.0 454.0 497.0 568.0 681.0 744.0 
702.0 627.0 574.0 491.0 346.0 186.0 43.0 
-103.0 -278.0 -488.0 -731.0 -997.0 -1281.0 -1571.0 
-1844.0 -2098.0 -2331.0 -2515.0 -2663.0 -2789.0 -2878.0 
-2959.0 -3059.0 -3122.0 -3124.0 -3102.0 -3059.0 -2975.0 
-2832.0 -2605.0 -2305.0 -1987.0 -1705.0 -1418.0 -1079.0 
-731.0 -396.0 -28.0 327.0 604.0 868.0 1168.0 
1447.0 1679.0 1869.0 2015.0 2170.0 2388.0 2591.0 
2702.0 2776.0 2837.0 2863.0 2885.0 2877.0 2744.0 
2520.0 2337.0 2171.0 1944.0 1685.0 1411.0 1082.0 
751.0 458.0 139.0 -165.0 -402.0 -625.0 -820.0 
-933.0 -1013.0 -1100.0 -1142.0 -1127.0 -1092.0 -1030.0 
-927.0 -830.0 -725.0 -553.0 -330.0 -119.0 71.0 
277.0 512.0 778.0 1084.0 1391.0 1634.0 1831.0 
2037.0 2239.0 2413.0 2582.0 2744.0 2865.0 2955.0 
3025.0 3057.0 3069.0 3086.0 3091.0 3070.0 3021.0 
2944.0 2825.0 2645.0 2415.0 2157.0 1850.0 1492.0 
1136.0 801.0 497.0 247.0 66.0 -104.0 -330.0 
-554.0 -695.0 -765.0 -801.0 -796.0 -736.0 -638.0 
-570.0 -554.0 -535.0 -494.0 -449.0 -389.0 -323.0 
-304.0 -347.0 -472.0 -795.0 -1260.0 -1554.0 -1813.0 
-2176.0 -1901.0 -1425.0 -1868.0 -2459.0 -2580.0 -2163.0 
-2051.0 -1872.0 -2293.0 -3139.0 -3828.0 -4628.0 -4621.0 
-3085.0 -1989.0 -2338.0 -2727.0 -1193.0 -1278.0 -2631.0 
-2449.0 -940.0 -361.0 -822.0 -307.0 510.0 508.0 
1129.0 2066.0 2834.0 3449.0 3290.0 3153.0 2427.0 
2337.0 1703.0 608.0 1117.0 2216.0 2887.0 3462.0 
3229.0 2280.0 1695.0 1527.0 757.0 246.0 1509.0 
2559.0 2489.0 1993.0 1039.0 223.0 629.0 2337.0 
4419.0 4806.0 2453.0 -1795.0 -4714.0 -4102.0 79.0 
4372.0 5228.0 3170.0 268.0 -991.0 -409.0 245.0 
-1021.0 -2713.0 -2030.0 -498.0 63.0 636.0 487.0 
-1032.0 -3222.0 -4233.0 -3767.0 -2975.0 -2887.0 -3047.0 
-2641.0 -1746.0 -978.0 -540.0 -1280.0 -1738.0 -2140.0 
-3238.0 -3876.0 -3972.0 -2902.0 -931.0 1306.0 3395.0 
4342.0 4284.0 2887.0 -242.0 -3253.0 -4395.0 -3166.0 
-2784.0 -2948.0 -1222.0 -334.0 -1170.0 -1221.0 673.0 
1713.0 -11.0 -2519.0 -4609.0 -5381.0 -3482.0 -1689.0 
-932.0 304.0 1864.0 3261.0 3457.0 2631.0 423.0 
-2507.0 -1120.0 2229.0 2019.0 -468.0 -1775.0 -266.0 
1696.0 2340.0 3806.0 5830.0 5178.0 1852.0 184.0 
2662.0 5464.0 5660.0 4751.0 5144.0 5800.0 4267.0 
1550.0 1650.0 3614.0 4827.0 5443.0 6342.0 7931.0 
8979.0 7853.0 3899.0 23.0 -1020.0 -188.0 1301.0 
2710.0 2978.0 1511.0 184.0 1037.0 2881.0 3428.0 
822.0 -1387.0 29.0 1227.0 -441.0 -3054.0 -4089.0 
-2922.0 -1065.0 -281.0 -1174.0 -3298.0 -4461.0 -2954.0 
-1348.0 -1327.0 -2587.0 -4194.0 -4864.0 -5065.0 -4779.0 
-4191.0 -4827.0 -6600.0 -8289.0 -8343.0 -6774.0 -5850.0 
-7823.0 -9800.0 -8564.0 -5819.0 -3523.0 -3895.0 -7230.0 
-9144.0 -6696.0 -4048.0 -3403.0 -2684.0 -2611.0 -3409.0 
-2828.0 -1105.0 -1109.0 -2345.0 -3467.0 -3578.0 -964.0 
2127.0 3396.0 2774.0 513.0 -61.0 2199.0 3775.0 
3372.0 3714.0 5476.0 7224.0 8947.0 10881.0 10335.0 
6663.0 3863.0 3499.0 2073.0 722.0 2483.0 2494.0 
1176.0 3189.0 6420.0 6978.0 5179.0 4693.0 4315.0 
2958.0 1115.0 -1642.0 -3641.0 -3892.0 -4019.0 -3893.0 
-2041.0 -521.0 -968.0 -1747.0 -1405.0 -1438.0 -2602.0 
-3351.0 -3484.0 -4422.0 -5689.0 -7265.0 -8642.0 -7213.0 
-3162.0 -609.0 -673.0 -1699.0 -3155.0 -3814.0 -3640.0 
-3289.0 -3936.0 -5168.0 -4010.0 -1152.0 -165.0 -568.0 
-581.0 -72.0 1335.0 2712.0 3375.0 3731.0 2643.0 
1937.0 3183.0 4243.0 3528.0 1905.0 1252.0 2019.0 
4042.0 6273.0 6073.0 1861.0 -2080.0 -2075.0 1196.0 
3922.0 3504.0 1787.0 -1217.0 -4955.0 -4787.0 -1759.0 
89.0 1508.0 3199.0 2017.0 -707.0 491.0 4471.0 
6239.0 6106.0 5543.0 3868.0 2618.0 2404.0 1066.0 
-376.0 765.0 1080.0 -451.0 -2168.0 -3451.0 -3088.0 
-1443.0 1672.0 4793.0 5509.0 5184.0 4349.0 2678.0 
1210.0 -119.0 -840.0 -1101.0 -590.0 222.0 -1018.0 
-1738.0 1406.0 4081.0 2550.0 10.0 -1560.0 -2439.0 
-3387.0 -4796.0 -4463.0 -1375.0 189.0 -1672.0 -2421.0 
1013.0 4090.0 3090.0 -769.0 -3799.0 -4295.0 -3862.0 
-4590.0 -6264.0 -6907.0 -6503.0 -5048.0 -2841.0 -1935.0 
-2653.0 -2130.0 433.0 1597.0 575.0 435.0 792.0 
-226.0 -1879.0 -3541.0 -5083.0 -5638.0 -4421.0 -3591.0 
-3546.0 -982.0 3616.0 5319.0 3369.0 1105.0 -76.0 
-1493.0 -2778.0 -3326.0 -3404.0 -2133.0 955.0 3045.0 
2774.0 1015.0 240.0 2094.0 3658.0 2028.0 -2006.0 
-3390.0 -847.0 2784.0 5640.0 5456.0 2213.0 -317.0 
510.0 3486.0 5554.0 4553.0 1670.0 1221.0 3184.0 
5462.0 6865.0 4405.0 596.0 -422.0 -606.0 -145.0 
194.0 -147.0 284.0 2820.0 3997.0 2663.0 1099.0 
-634.0 -2946.0 -3105.0 -2643.0 -3194.0 -252.0 4443.0 
4948.0 1447.0 40.0 1736.0 1358.0 -2366.0 -4211.0 
-3048.0 -1776.0 -2105.0 -3042.0 -1346.0 1158.0 -140.0 
-2483.0 -2504.0 -515.0 1880.0 1610.0 490.0 237.0 
-1081.0 -3295.0 -5818.0 -4818.0 882.0 5015.0 3821.0 
1764.0 3192.0 5045.0 4117.0 455.0 -1675.0 -302.0 
2292.0 3869.0 3882.0 5353.0 8438.0 6795.0 2736.0 
84.0 -4199.0 -8155.0 -8055.0 -6908.0 -7548.0 -4967.0 
6522.0 19447.0 26421.0 37574.0 64667.0 90152.0 71454.0 
6285.0 -46425.0 -53490.0 -49031.0 -64271.0 -81698.0 -63751.0 
-10404.0 30468.0 31268.0 22547.0 25904.0 25015.0 2916.0 
-32256.0 -48607.0 -31314.0 -14399.0 -16803.0 -13420.0 800.0 
-2384.0 -21339.0 -19962.0 275.0 5420.0 -8926.0 -27116.0 
-29594.0 -8103.0 3538.0 -9810.0 -13140.0 6377.0 16335.0 
9547.0 9264.0 15909.0 20021.0 19567.0 2015.0 -22825.0 
-15036.0 5683.0 -8864.0 -34865.0 -27924.0 11379.0 48040.0 
59882.0 66356.0 74348.0 51007.0 -2023.0 -46880.0 -57213.0 
-20532.0 39284.0 58198.0 33054.0 50378.0 107498.0 98268.0 
17529.0 -33892.0 -15247.0 -143.0 -51027.0 -116196.0 -114005.0 
-59420.0 -23807.0 -34650.0 -59555.0 -56282.0 -17917.0 20586.0 
28862.0 23724.0 37005.0 60584.0 60874.0 27695.0 -12575.0 
-34477.0 -45743.0 -56878.0 -58277.0 -51821.0 -37681.0 -2911.0 
40041.0 71137.0 96206.0 112512.0 96805.0 53228.0 -7258.0 
-75058.0 -106445.0 -73177.0 -14323.0 18861.0 21738.0 15461.0 
17031.0 33623.0 57783.0 66605.0 54403.0 35913.0 10494.0 
-24078.0 -46842.0 -38035.0 -8936.0 9112.0 4414.0 -12736.0 
-32041.0 -39882.0 -25836.0 3256.0 23941.0 29772.0 26582.0 
9881.0 -8055.0 -7578.0 -5150.0 -15979.0 -16985.0 7139.0 
29779.0 27299.0 2057.0 -31629.0 -53113.0 -54119.0 -40256.0 
-27617.0 -17960.0 -5422.0 -8032.0 -25846.0 -29921.0 -17422.0 
-16897.0 -38306.0 -58799.0 -57548.0 -33388.0 1387.0 28580.0 
45236.0 55331.0 51574.0 38456.0 32024.0 31366.0 27591.0 
18770.0 -577.0 -26854.0 -37477.0 -27017.0 -14142.0 -10791.0 
-19176.0 -25870.0 -10109.0 19774.0 32652.0 23865.0 10007.0 
-6947.0 -23599.0 -26543.0 -10317.0 14489.0 24220.0 20639.0 
22605.0 24277.0 23868.0 39804.0 60904.0 62909.0 57201.0 
50155.0 22249.0 -14861.0 -27778.0 -20158.0 -10210.0 -93.0 
10201.0 13919.0 6157.0 -10415.0 -28039.0 -43780.0 -59129.0 
-65685.0 -52287.0 -29998.0 -13128.0 -5181.0 -2821.0 1088.0 
10893.0 23817.0 20079.0 -7047.0 -32443.0 -45227.0 -51628.0 
-47473.0 -31912.0 -13730.0 1586.0 12493.0 15404.0 6260.0 
-7566.0 -17096.0 -27099.0 -32282.0 -30407.0 -28259.0 -23249.0 
-15144.0 -11425.0 -13724.0 -20681.0 -28530.0 -25606.0 -10592.0 
3739.0 14925.0 27315.0 37825.0 43401.0 43202.0 36654.0 
29391.0 28729.0 27625.0 20956.0 10234.0 -5245.0 -17048.0 
-18504.0 -12881.0 -7021.0 3411.0 17989.0 19915.0 15540.0 
20694.0 22395.0 10575.0 -5064.0 -15998.0 -22098.0 -20581.0 
-7115.0 10853.0 22915.0 29779.0 30844.0 24678.0 17047.0 
14763.0 14088.0 10688.0 9818.0 5351.0 -10851.0 -31556.0 
-40716.0 -36861.0 -33245.0 -32207.0 -27551.0 -15486.0 1884.0 
16079.0 24683.0 28100.0 24345.0 13552.0 -574.0 -12410.0 
-18871.0 -22791.0 -24449.0 -17412.0 -8535.0 -12470.0 -21424.0 
-20589.0 -10942.0 -722.0 11719.0 27824.0 35607.0 30250.0 
23447.0 19268.0 13702.0 12052.0 15229.0 14286.0 12887.0 
17308.0 16637.0 8346.0 1684.0 -3637.0 -11091.0 -20194.0 
-26566.0 -29716.0 -29543.0 -23486.0 -15142.0 -4665.0 13292.0 
31346.0 35946.0 28344.0 20247.0 15555.0 11780.0 13364.0 
20346.0 27637.0 34409.0 34154.0 29076.0 28162.0 23945.0 
11655.0 1421.0 -150.0 -755.0 -8348.0 -16803.0 -21172.0 
-16960.0 -7611.0 -4628.0 -6216.0 -4786.0 3005.0 13061.0 
20220.0 21446.0 14091.0 1601.0 -8623.0 -14543.0 -17510.0 
-17200.0 -14041.0 -13793.0 -16772.0 -14781.0 -10108.0 -10344.0 
-12248.0 -10921.0 -8424.0 -5155.0 1224.0 8303.0 12517.0 
16710.0 21064.0 17955.0 6495.0 -4521.0 -6262.0 -3354.0 
-5722.0 -8846.0 -7650.0 -6166.0 -6047.0 -2303.0 3715.0 
6601.0 10014.0 16335.0 21179.0 19943.0 13656.0 8064.0 
6781.0 7642.0 2752.0 -6618.0 -11667.0 -15748.0 -23170.0 
-29259.0 -30134.0 -26127.0 -20280.0 -17497.0 -16973.0 -12250.0 
-5658.0 -1325.0 -545.0 -692.0 5116.0 13027.0 12841.0 
6167.0 -1542.0 -9225.0 -13982.0 -14954.0 -15668.0 -16133.0 
-12016.0 -6278.0 -3518.0 1203.0 8122.0 10379.0 4679.0 
-5442.0 -13371.0 -15676.0 -15077.0 -14093.0 -9986.0 -2775.0 
5621.0 13251.0 18860.0 20476.0 17487.0 12312.0 7818.0 
4632.0 1885.0 -1997.0 -7578.0 -11912.0 -12768.0 -11585.0 
-9815.0 -6754.0 -1813.0 4960.0 8481.0 6091.0 5720.0 
8201.0 5640.0 -1048.0 -9367.0 -18694.0 -23685.0 -24846.0 
-25154.0 -23154.0 -16497.0 -7149.0 -841.0 1642.0 458.0 
-2960.0 -4850.0 -4624.0 -1010.0 5756.0 7346.0 1746.0 
-3492.0 -7200.0 -9974.0 -9911.0 -10454.0 -13984.0 -16832.0 
-16829.0 -13731.0 -9230.0 -4645.0 2329.0 10130.0 14043.0 
16535.0 22724.0 29745.0 32762.0 31430.0 22898.0 8830.0 
-1358.0 -3629.0 -1128.0 2646.0 5490.0 6682.0 7061.0 
8787.0 12194.0 16427.0 19811.0 17228.0 7773.0 -121.0 
-5174.0 -11907.0 -13109.0 -5671.0 755.0 696.0 -1953.0 
-2744.0 -723.0 2439.0 3993.0 4610.0 4845.0 3005.0 
-1884.0 -5986.0 -3555.0 2285.0 6178.0 8047.0 6455.0 
3836.0 6677.0 11292.0 10960.0 7964.0 5426.0 3357.0 
3691.0 6501.0 9408.0 9862.0 6774.0 1325.0 -5568.0 
-12271.0 -16042.0 -16374.0 -15399.0 -13501.0 -10413.0 -8138.0 
-7006.0 -5339.0 -1929.0 4604.0 11147.0 14517.0 15724.0 
13882.0 10619.0 7119.0 724.0 -6422.0 -10284.0 -9964.0 
-4947.0 2550.0 7841.0 11715.0 18041.0 23090.0 23377.0 
22682.0 23114.0 22406.0 18253.0 11156.0 3337.0 -3433.0 
-7709.0 -9578.0 -9865.0 -9183.0 -7936.0 -4962.0 -372.0 
2483.0 1976.0 -1742.0 -7719.0 -15272.0 -23543.0 -29990.0 
-33683.0 -35034.0 -32512.0 -26226.0 -18760.0 -11936.0 -7748.0 
-6058.0 -3281.0 2085.0 5973.0 4488.0 -785.0 -7090.0 
-14116.0 -19722.0 -20230.0 -16020.0 -11234.0 -8334.0 -5978.0 
-4320.0 -5407.0 -5702.0 -3010.0 -2279.0 -5407.0 -8774.0 
-8988.0 -7407.0 -4199.0 878.0 3214.0 2541.0 1400.0 
-1141.0 -3723.0 -1745.0 3672.0 7536.0 10461.0 14604.0 
17514.0 17666.0 17454.0 16430.0 12225.0 6629.0 2295.0 
-544.0 -3574.0 -6685.0 -8140.0 -7184.0 -4155.0 -846.0 
2211.0 5655.0 6018.0 -72.0 -7536.0 -10229.0 -10123.0 
-8925.0 -5547.0 -2180.0 -976.0 -1451.0 -2067.0 -1232.0 
2492.0 8999.0 13353.0 10987.0 4731.0 -127.0 -1646.0 
-849.0 1544.0 4779.0 7228.0 8545.0 9616.0 10176.0 
8701.0 4636.0 -1614.0 -8082.0 -10305.0 -6856.0 -2659.0 
-889.0 -195.0 -698.0 -2495.0 -4228.0 -4054.0 -838.0 
2221.0 3818.0 5945.0 6521.0 3721.0 2251.0 4845.0 
8572.0 11338.0 12573.0 11222.0 7457.0 3195.0 398.0 
-819.0 -484.0 649.0 745.0 1246.0 3057.0 4742.0 
5850.0 6067.0 5483.0 4626.0 4660.0 5089.0 4358.0 
1790.0 -1311.0 -1759.0 1100.0 4389.0 6975.0 10195.0 
14130.0 16799.0 16769.0 13782.0 10378.0 9990.0 11771.0 
11615.0 7133.0 498.0 -4759.0 -6986.0 -5675.0 -2205.0 
-1.0 863.0 917.0 -1598.0 -5520.0 -6625.0 -4990.0 
-4584.0 -4715.0 -2510.0 440.0 1002.0 -2442.0 -9535.0 
-16395.0 -18065.0 -15061.0 -10879.0 -5688.0 -738.0 443.0 
-1629.0 -3751.0 -6614.0 -10477.0 -11905.0 -10582.0 -9635.0 
-9464.0 -6794.0 -2287.0 23.0 1027.0 3034.0 5685.0 
8685.0 9993.0 8692.0 7298.0 6212.0 4436.0 1628.0 
-666.0 -249.0 1087.0 272.0 -3063.0 -7184.0 -9224.0 
-7759.0 -3588.0 105.0 259.0 -1917.0 -3180.0 -3659.0 
-4548.0 -5319.0 -5754.0 -6108.0 -5745.0 -4034.0 -2338.0 
-2251.0 -2942.0 -2802.0 -1250.0 795.0 1879.0 2002.0 
2348.0 2450.0 2260.0 2268.0 2203.0 1977.0 1394.0 
-571.0 -3610.0 -5259.0 -4996.0 -4046.0 -2390.0 -241.0 
1455.0 1576.0 -377.0 -3508.0 -4605.0 -1614.0 2285.0 
4380.0 6920.0 11381.0 14591.0 13317.0 8719.0 3757.0 
-2018.0 -8802.0 -11570.0 -8926.0 -5624.0 -4277.0 -4628.0 
-6538.0 -7839.0 -6404.0 -3811.0 -841.0 2734.0 4873.0 
4164.0 2921.0 3479.0 3653.0 1556.0 380.0 1017.0 
113.0 -1843.0 -2249.0 -676.0 2454.0 5789.0 7112.0 
5451.0 2710.0 159.0 -2404.0 -3528.0 -2455.0 45.0 
2957.0 4616.0 3622.0 708.0 -750.0 1382.0 4911.0 
6509.0 5711.0 3520.0 773.0 -1583.0 -2175.0 -352.0 
3402.0 7115.0 7106.0 4103.0 2614.0 3600.0 4406.0 
4702.0 7103.0 10100.0 9998.0 8286.0 7843.0 6914.0 
3836.0 1080.0 -804.0 -3958.0 -7744.0 -10387.0 -12500.0 
-14699.0 -15899.0 -15305.0 -13235.0 -10413.0 -7129.0 -4002.0 
-1874.0 -460.0 1174.0 2777.0 2755.0 143.0 -3254.0 
-5041.0 -5785.0 -7277.0 -9169.0 -10018.0 -8335.0 -4524.0 
-1057.0 1662.0 4075.0 4769.0 3844.0 2680.0 1375.0 
-398.0 -2449.0 -3780.0 -3840.0 -3389.0 -2458.0 -30.0 
3305.0 5817.0 6429.0 6015.0 5656.0 5066.0 3759.0 
1801.0 -8.0 -790.0 -661.0 34.0 1039.0 1271.0 
-119.0 -2208.0 -3085.0 -1425.0 1790.0 3840.0 4203.0 
3728.0 2643.0 1573.0 370.0 -1082.0 -1490.0 -409.0 
1254.0 2453.0 2742.0 2033.0 691.0 -593.0 -1346.0 
-553.0 1625.0 3562.0 3957.0 3195.0 3226.0 4730.0 
5914.0 6267.0 7160.0 7494.0 5519.0 2671.0 1330.0 
1689.0 1925.0 399.0 -2201.0 -4367.0 -5860.0 -6857.0 
-7430.0 -7251.0 -6984.0 -7347.0 -7389.0 -5724.0 -2824.0 
-520.0 1033.0 2670.0 4147.0 4728.0 3947.0 3030.0 
3135.0 3003.0 2377.0 2115.0 1404.0 -722.0 -2403.0 
-1925.0 -158.0 2263.0 5042.0 7092.0 7638.0 6613.0 
5592.0 6174.0 7324.0 7259.0 5250.0 2241.0 -423.0 
-2742.0 -4630.0 -5300.0 -5670.0 -6405.0 -6089.0 -5069.0 
-4764.0 -4345.0 -3177.0 -2369.0 -2725.0 -3562.0 -4242.0 
-4873.0 -5121.0 -4220.0 -2317.0 -474.0 1181.0 2626.0 
3198.0 4026.0 5065.0 4096.0 1310.0 -1297.0 -3779.0 
-6042.0 -7028.0 -7321.0 -6667.0 -3241.0 1616.0 5373.0 
8445.0 11451.0 13626.0 13732.0 10687.0 5624.0 613.0 
-3921.0 -7295.0 -8606.0 -8255.0 -6800.0 -4632.0 -2961.0 
-2621.0 -2719.0 -2932.0 -3666.0 -4235.0 -4521.0 -5462.0 
-6424.0 -6213.0 -5296.0 -4502.0 -3829.0 -3665.0 -4401.0 
-5182.0 -5314.0 -4536.0 -2873.0 -776.0 2036.0 4981.0 
6393.0 6040.0 4294.0 919.0 -2434.0 -3338.0 -3068.0 
-3864.0 -5009.0 -4670.0 -2606.0 -82.0 1502.0 1758.0 
1516.0 1538.0 2706.0 5365.0 7895.0 9066.0 8931.0 
7574.0 6830.0 7084.0 6397.0 4883.0 3691.0 1940.0 
-1118.0 -3583.0 -4212.0 -4192.0 -4347.0 -4113.0 -3161.0 
-2167.0 -1701.0 -1839.0 -3278.0 -5218.0 -4891.0 -2972.0 
-2178.0 -2068.0 -1311.0 -512.0 -851.0 -2185.0 -3423.0 
-4206.0 -4637.0 -4783.0 -4377.0 -3369.0 -3046.0 -4133.0 
-5523.0 -6581.0 -7176.0 -6448.0 -4281.0 -2105.0 -384.0 
1581.0 4038.0 6099.0 6899.0 6491.0 5315.0 3619.0 
1826.0 733.0 889.0 1943.0 2833.0 3058.0 2715.0 
2091.0 1485.0 1349.0 2136.0 4068.0 5476.0 4827.0 
3427.0 2645.0 2954.0 4469.0 6698.0 8538.0 9831.0 
11208.0 12106.0 11859.0 10572.0 9178.0 8424.0 8084.0 
8185.0 8804.0 8870.0 7947.0 6962.0 5731.0 3481.0 
941.0 -1141.0 -2998.0 -3840.0 -3068.0 -1841.0 -704.0 
589.0 1428.0 791.0 -723.0 -1959.0 -3396.0 -5133.0 
-5939.0 -6186.0 -6497.0 -6077.0 -5386.0 -5460.0 -6000.0 
-6587.0 -7380.0 -8787.0 -10907.0 -13025.0 -14705.0 -15190.0 
-13741.0 -11203.0 -8377.0 -5415.0 -3005.0 -1716.0 -1753.0 
-2330.0 -2884.0 -3818.0 -4824.0 -5694.0 -6132.0 -5576.0 
-4372.0 -2926.0 -1859.0 -2075.0 -3063.0 -3956.0 -4317.0 
-3948.0 -3498.0 -3051.0 -1848.0 525.0 3609.0 5484.0 
5566.0 5346.0 5281.0 5227.0 5026.0 4559.0 4043.0 
2855.0 969.0 -384.0 -1231.0 -1821.0 -1434.0 -96.0 
1441.0 2816.0 4509.0 7004.0 9399.0 9742.0 8133.0 
6936.0 7417.0 8611.0 9539.0 9650.0 8552.0 7516.0 
6869.0 6089.0 6051.0 6736.0 6896.0 6526.0 6215.0 
5400.0 3407.0 1180.0 -296.0 -1371.0 -3233.0 -6185.0 
-9098.0 -10647.0 -10466.0 -9098.0 -6822.0 -3705.0 -769.0 
961.0 1574.0 607.0 -1552.0 -3308.0 -4404.0 -5144.0 
-5465.0 -5053.0 -3704.0 -1720.0 195.0 1389.0 2432.0 
3879.0 4491.0 3655.0 2343.0 728.0 -725.0 -1565.0 
-2373.0 -3663.0 -5698.0 -7688.0 -8258.0 -7717.0 -6914.0 
-5716.0 -4499.0 -4206.0 -4282.0 -3797.0 -2953.0 -1805.0 
-327.0 402.0 24.0 -537.0 -692.0 -515.0 -407.0 
-1050.0 -2427.0 -3499.0 -3424.0 -2734.0 -2305.0 -1841.0 
-1026.0 -327.0 105.0 462.0 695.0 1568.0 3659.0 
6133.0 8141.0 8881.0 8191.0 7064.0 5726.0 4390.0 
3181.0 1820.0 471.0 -997.0 -2534.0 -3577.0 -3897.0 
-3764.0 -3807.0 -3920.0 -3562.0 -2815.0 -1436.0 510.0 
1491.0 1297.0 692.0 -538.0 -2008.0 -2989.0 -3149.0 
-2696.0 -1669.0 319.0 2977.0 5299.0 6244.0 6141.0 
5611.0 4766.0 3945.0 2880.0 1481.0 815.0 976.0 
1298.0 2169.0 3531.0 3832.0 2855.0 1913.0 1509.0 
1226.0 522.0 -292.0 -517.0 -328.0 -358.0 -625.0 
-707.0 -113.0 863.0 1249.0 1060.0 234.0 -1256.0 
-2181.0 -2371.0 -2016.0 -773.0 1069.0 2788.0 3761.0 
3416.0 1952.0 918.0 1094.0 1900.0 2653.0 2808.0 
2538.0 2178.0 1754.0 987.0 -180.0 -1548.0 -3258.0 
-5075.0 -6120.0 -6362.0 -6652.0 -7195.0 -7893.0 -8171.0 
-7254.0 -5864.0 -4861.0 -4201.0 -3451.0 -2530.0 -1676.0 
-1075.0 -826.0 -1125.0 -2208.0 -3342.0 -3808.0 -3605.0 
-2899.0 -2420.0 -2542.0 -2737.0 -2711.0 -2577.0 -2146.0 
-1399.0 -840.0 -662.0 -194.0 635.0 1343.0 2284.0 
3435.0 4508.0 5979.0 7766.0 9497.0 10950.0 11422.0 
11152.0 10877.0 10581.0 9900.0 9083.0 9008.0 8765.0 
7289.0 5433.0 3393.0 1028.0 -1128.0 -2956.0 -4263.0 
-4357.0 -3660.0 -3766.0 -4539.0 -5283.0 -6493.0 -8153.0 
-9534.0 -10323.0 -10211.0 -9202.0 -8957.0 -9914.0 -10213.0 
-9690.0 -9343.0 -8812.0 -8188.0 -8970.0 -10887.0 -12070.0 
-12342.0 -12065.0 -10845.0 -8602.0 -6063.0 -4170.0 -2953.0 
-2198.0 -1806.0 -1156.0 -305.0 267.0 554.0 628.0 
802.0 1375.0 2181.0 3325.0 5296.0 7322.0 8083.0 
7997.0 8017.0 8501.0 8799.0 8267.0 7789.0 7933.0 
8043.0 8141.0 8790.0 9908.0 10415.0 9595.0 8182.0 
6818.0 5407.0 3600.0 1808.0 596.0 -627.0 -2384.0 
-4226.0 -5654.0 -6204.0 -5591.0 -4140.0 -2897.0 -2343.0 
-1797.0 -1041.0 -596.0 -429.0 -524.0 -1045.0 -1343.0 
-1050.0 -682.0 -192.0 701.0 1596.0 1706.0 807.0 
-458.0 -1127.0 -1115.0 -1047.0 -812.0 -264.0 -163.0 
-36.0 745.0 1078.0 769.0 53.0 -1431.0 -3097.0 
-4098.0 -4133.0 -3465.0 -2707.0 -2160.0 -1696.0 -1669.0 
-2229.0 -2600.0 -2229.0 -1539.0 -920.0 -139.0 969.0 
2270.0 3157.0 3563.0 4186.0 4727.0 4667.0 4457.0 
4258.0 4005.0 3398.0 1999.0 566.0 4.0 -180.0 
-624.0 -1235.0 -2166.0 -3250.0 -3824.0 -3912.0 -3327.0 
-1575.0 754.0 2806.0 3954.0 3847.0 3293.0 3274.0 
3309.0 2903.0 2302.0 1464.0 917.0 1228.0 1971.0 
2804.0 3706.0 4434.0 4546.0 4122.0 3982.0 4594.0 
5302.0 4788.0 3270.0 1441.0 -846.0 -2678.0 -3249.0 
-3315.0 -3401.0 -3177.0 -2875.0 -3125.0 -3482.0 -3396.0 
-3519.0 -4180.0 -4657.0 -4661.0 -4672.0 -4831.0 -4931.0 
-5194.0 -5409.0 -5315.0 -5376.0 -5187.0 -4077.0 -2722.0 
-1852.0 -1250.0 -759.0 -210.0 556.0 1152.0 1327.0 
757.0 -770.0 -2663.0 -3865.0 -4140.0 -3876.0 -3249.0 
-2775.0 -3044.0 -3466.0 -3016.0 -1931.0 -1329.0 -1352.0 
-980.0 -237.0 157.0 351.0 375.0 -3.0 -711.0 
-1359.0 -1556.0 -1167.0 -734.0 -777.0 -1062.0 -1175.0 
-841.0 -453.0 -613.0 -1385.0 -2442.0 -3110.0 -3113.0 
-2714.0 -1709.0 186.0 2257.0 3658.0 4747.0 5911.0 
6467.0 6074.0 5450.0 4434.0 2394.0 398.0 -218.0 
486.0 1432.0 1781.0 1528.0 1013.0 506.0 291.0 
152.0 -481.0 -1683.0 -3038.0 -3693.0 -3508.0 -2802.0 
-1613.0 -250.0 761.0 1365.0 1961.0 2403.0 2343.0 
2257.0 2373.0 2578.0 2804.0 2876.0 2718.0 2466.0 
2503.0 2722.0 2506.0 2004.0 1447.0 636.0 -19.0 
-496.0 -966.0 -879.0 -411.0 -472.0 -1481.0 -2726.0 
-3211.0 -3059.0 -2690.0 -1860.0 -465.0 784.0 1588.0 
2547.0 3333.0 3139.0 2584.0 2243.0 1609.0 322.0 
-1391.0 -3341.0 -5296.0 -6217.0 -5817.0 -5264.0 -4885.0 
-3940.0 -2694.0 -2211.0 -2757.0 -3967.0 -5403.0 -6222.0 
-6265.0 -6220.0 -6052.0 -5630.0 -5454.0 -5294.0 -4846.0 
-4948.0 -5767.0 -6506.0 -6744.0 -6067.0 -4748.0 -3790.0 
-3147.0 -2303.0 -1334.0 -835.0 -954.0 -927.0 -484.0 
114.0 777.0 1472.0 2489.0 3988.0 5304.0 6100.0 
6759.0 6677.0 5662.0 4343.0 3289.0 2901.0 3083.0 
3862.0 5196.0 6212.0 6472.0 6447.0 6260.0 5700.0 
4974.0 4481.0 4508.0 4655.0 4325.0 3883.0 4025.0 
4685.0 5168.0 5250.0 5068.0 4723.0 4500.0 4286.0 
3756.0 3193.0 2572.0 1655.0 1055.0 721.0 118.0 
-370.0 -538.0 -801.0 -1388.0 -2127.0 -2702.0 -2990.0 
-3138.0 -3138.0 -2811.0 -2221.0 -2155.0 -2823.0 -3285.0 
-3440.0 -3573.0 -3231.0 -2516.0 -1747.0 -1217.0 -1470.0 
-2119.0 -2330.0 -1799.0 -874.0 -245.0 -51.0 483.0 
1041.0 964.0 1256.0 2090.0 2667.0 2629.0 1942.0 
1179.0 821.0 974.0 1264.0 1176.0 768.0 276.0 
-283.0 -700.0 -531.0 -173.0 -865.0 -2322.0 -2760.0 
-2119.0 -1518.0 -1229.0 -1389.0 -2122.0 -2499.0 -1908.0 
-1359.0 -1371.0 -1586.0 -1900.0 -1118.0 775.0 1809.0 
1233.0 -273.0 -1409.0 -1547.0 -1381.0 -1508.0 -1670.0 
-1449.0 -583.0 1105.0 3175.0 5122.0 6639.0 6933.0 
5637.0 3689.0 2433.0 2184.0 2455.0 2678.0 2539.0 
2766.0 3567.0 3359.0 1917.0 895.0 767.0 971.0 
1391.0 1673.0 709.0 -1414.0 -3092.0 -3972.0 -4951.0 
-6458.0 -8149.0 -9084.0 -8608.0 -7159.0 -5485.0 -4337.0 
-4205.0 -4588.0 -4836.0 -4761.0 -4697.0 -4382.0 -3196.0 
-1989.0 -1314.0 -625.0 -438.0 -1603.0 -3296.0 -3970.0 
-2820.0 -280.0 1599.0 1718.0 1420.0 1641.0 2150.0 
3109.0 4258.0 4185.0 2989.0 2781.0 4117.0 5200.0 
4281.0 1953.0 -12.0 -1308.0 -2171.0 -2233.0 -1947.0 
-1937.0 -1717.0 -770.0 99.0 252.0 499.0 985.0 
1017.0 490.0 -13.0 -92.0 -7.0 -900.0 -3088.0 
-4524.0 -3847.0 -2357.0 -1527.0 -1752.0 -3194.0 -4827.0 
-4692.0 -2691.0 -681.0 -316.0 -1460.0 -2834.0 -3755.0 
-4170.0 -4222.0 -3792.0 -2611.0 -1152.0 131.0 1117.0 
1217.0 125.0 -1431.0 -2554.0 -3450.0 -4696.0 -5812.0 
-5074.0 -2181.0 -122.0 20.0 1122.0 4190.0 6337.0 
5413.0 2992.0 1282.0 -78.0 -1382.0 -1414.0 -769.0 
-687.0 -1364.0 -2711.0 -3616.0 -2900.0 -1280.0 91.0 
1100.0 1430.0 1152.0 1983.0 4092.0 4030.0 648.0 
-2969.0 -4624.0 -4940.0 -5535.0 -6602.0 -7658.0 -8135.0 
-7538.0 -6370.0 -4804.0 -2322.0 286.0 1992.0 3059.0 
3955.0 5122.0 6574.0 6727.0 4385.0 368.0 -3362.0 
-5251.0 -5431.0 -4592.0 -3092.0 -2322.0 -2491.0 -1401.0 
1155.0 2689.0 2994.0 4031.0 5418.0 5004.0 2662.0 
-320.0 -2997.0 -3997.0 -2558.0 -525.0 165.0 -179.0 
-246.0 -366.0 -1182.0 -1444.0 162.0 2867.0 4501.0 
4911.0 5207.0 5205.0 4556.0 4115.0 4261.0 5566.0 
7944.0 7635.0 3495.0 414.0 273.0 293.0 88.0 
838.0 1795.0 1545.0 29.0 -1258.0 -404.0 2660.0 
4664.0 3734.0 2868.0 3161.0 1783.0 -1155.0 -3389.0 
-5435.0 -7442.0 -6425.0 -2883.0 -1879.0 -3600.0 -3623.0 
-2860.0 -4619.0 -6215.0 -4455.0 -1827.0 -1193.0 -1044.0 
893.0 3204.0 2935.0 549.0 -1674.0 -3691.0 -4604.0 
-3220.0 -1455.0 -1438.0 -3361.0 -6789.0 -9841.0 -9523.0 
-6757.0 -3519.0 -621.0 432.0 778.0 1563.0 1173.0 
346.0 495.0 37.0 -1336.0 -1614.0 -775.0 -733.0 
-1814.0 -2556.0 -2253.0 -1231.0 295.0 2602.0 5765.0 
8101.0 6989.0 3396.0 639.0 -939.0 -2532.0 -4326.0 
-6616.0 -8415.0 -7836.0 -4737.0 -1242.0 -413.0 -1977.0 
-3689.0 -4190.0 -4160.0 -4900.0 -5132.0 -3930.0 -2584.0 
-2019.0 -1149.0 1808.0 5374.0 6104.0 4262.0 1882.0 
-1158.0 -4487.0 -6391.0 -6547.0 -6331.0 -6127.0 -4355.0 
-603.0 2817.0 3704.0 2638.0 2145.0 2532.0 2311.0 
1137.0 389.0 580.0 1147.0 2797.0 4555.0 5165.0 
5025.0 3454.0 -34.0 -2663.0 -1965.0 493.0 2856.0 
4722.0 6516.0 8453.0 8430.0 5701.0 3361.0 3070.0 
2650.0 1402.0 2063.0 4431.0 5505.0 5338.0 5117.0 
4172.0 3512.0 4396.0 4506.0 4226.0 6075.0 7453.0 
5651.0 2614.0 486.0 -1026.0 -2694.0 -3735.0 -3474.0 
-3153.0 -2533.0 -915.0 -996.0 -3264.0 -4566.0 -3867.0 
-2515.0 -1942.0 -1715.0 -931.0 -923.0 -2534.0 -3958.0 
-3275.0 -1222.0 -404.0 -1808.0 -3017.0 -3095.0 -3956.0 
-4996.0 -4950.0 -5083.0 -5896.0 -6192.0 -5631.0 -5129.0 
-6283.0 -8796.0 -9890.0 -9537.0 -10077.0 -11222.0 -11934.0 
-12912.0 -13071.0 -11633.0 -10716.0 -9636.0 -7204.0 -5926.0 
-6783.0 -7890.0 -7598.0 -6567.0 -6007.0 -4781.0 -2294.0 
-492.0 -916.0 -3624.0 -6973.0 -8331.0 -7463.0 -5633.0 
-3208.0 -111.0 3454.0 6138.0 7130.0 6964.0 6293.0 
5336.0 3052.0 711.0 503.0 962.0 1468.0 2018.0 
2385.0 3471.0 3954.0 2635.0 2308.0 3977.0 5143.0 
5035.0 4163.0 2179.0 -615.0 -2166.0 -1455.0 -131.0 
578.0 1454.0 3086.0 4394.0 4970.0 4329.0 2192.0 
236.0 -770.0 -1318.0 -1419.0 -832.0 -382.0 -705.0 
-1090.0 -1395.0 -2368.0 -3729.0 -3237.0 793.0 5300.0 
6304.0 4519.0 3230.0 4451.0 6623.0 7737.0 8681.0 
9141.0 6654.0 2734.0 850.0 949.0 1164.0 298.0 
-625.0 46.0 1073.0 490.0 -475.0 -292.0 374.0 
874.0 829.0 -128.0 -1662.0 -3493.0 -5244.0 -5946.0 
-5290.0 -3546.0 -2136.0 -2386.0 -3057.0 -2783.0 -2054.0 
-1048.0 -299.0 -1267.0 -3039.0 -3542.0 -3017.0 -2164.0 
-571.0 1240.0 1895.0 1501.0 588.0 43.0 1154.0 
2516.0 1828.0 -813.0 -3264.0 -3570.0 -1725.0 340.0 
1080.0 440.0 -684.0 -197.0 2592.0 4900.0 4664.0 
3602.0 2760.0 1193.0 -270.0 -321.0 181.0 -14.0 
-786.0 -1619.0 -2048.0 -2376.0 -3119.0 -4041.0 -4782.0 
-4554.0 -3584.0 -3184.0 -3018.0 -2517.0 -2373.0 -2662.0 
-2767.0 -2391.0 -2258.0 -2842.0 -2972.0 -1759.0 71.0 
584.0 -1177.0 -3290.0 -3386.0 -1228.0 1429.0 2820.0 
2963.0 2955.0 3872.0 5677.0 7295.0 7374.0 5565.0 
2946.0 591.0 -330.0 273.0 1375.0 2120.0 2418.0 
2814.0 2873.0 2104.0 1533.0 1308.0 1163.0 2132.0 
3913.0 4925.0 4880.0 4236.0 3389.0 2665.0 2182.0 
1641.0 437.0 -997.0 -1583.0 -1316.0 -644.0 212.0 
203.0 -1041.0 -1510.0 -519.0 740.0 1253.0 34.0 
-2047.0 -2670.0 -1305.0 1098.0 2854.0 2118.0 -693.0 
-3773.0 -6105.0 -6897.0 -6274.0 -5972.0 -6889.0 -8023.0 
-8167.0 -7920.0 -8658.0 -9595.0 -9226.0 -7985.0 -6438.0 
-4352.0 -2220.0 -1263.0 -1899.0 -3094.0 -3772.0 -4136.0 
-4714.0 -5308.0 -5753.0 -5710.0 -4778.0 -3389.0 -2132.0 
-1272.0 -1133.0 -1655.0 -2488.0 -3351.0 -3824.0 -4130.0 
-4262.0 -3616.0 -2605.0 -1629.0 -815.0 -820.0 -1605.0 
-2586.0 -3346.0 -3648.0 -3547.0 -2282.0 432.0 2840.0 
3484.0 3115.0 2988.0 2834.0 2043.0 1553.0 2409.0 
4079.0 4989.0 4768.0 4328.0 4355.0 5045.0 5930.0 
6324.0 6079.0 5413.0 4415.0 3421.0 2969.0 3144.0 
3317.0 2857.0 2053.0 1639.0 1741.0 2046.0 2422.0 
2684.0 2638.0 2182.0 1275.0 369.0 -221.0 -96.0 
1211.0 3294.0 4907.0 5504.0 5641.0 5312.0 4036.0 
2123.0 243.0 -1552.0 -3125.0 -3971.0 -4176.0 -3939.0 
-3078.0 -1922.0 -904.0 30.0 763.0 959.0 859.0 
932.0 898.0 141.0 -1214.0 -2543.0 -3321.0 -3072.0 
-2223.0 -1996.0 -2229.0 -2181.0 -2364.0 -2779.0 -2578.0 
-1729.0 -617.0 874.0 2876.0 4725.0 5305.0 4837.0 
4346.0 3637.0 2431.0 1809.0 2135.0 2128.0 1374.0 
781.0 405.0 -348.0 -1323.0 -1823.0 -1815.0 -1613.0 
-1446.0 -1894.0 -2832.0 -3490.0 -3562.0 -3008.0 -2297.0 
-1873.0 -1555.0 -1232.0 -1111.0 -1926.0 -3796.0 -5390.0 
-5800.0 -5016.0 -3105.0 -699.0 1160.0 2160.0 2524.0 
2606.0 2565.0 2390.0 2230.0 1896.0 1265.0 937.0 
1531.0 2580.0 3397.0 3652.0 3583.0 3476.0 3049.0 
2165.0 1035.0 3.0 -505.0 -161.0 834.0 1791.0 
2484.0 2824.0 2454.0 1521.0 592.0 -370.0 -1530.0 
-2594.0 -3454.0 -4245.0 -4734.0 -5152.0 -5707.0 -5469.0 
-3980.0 -1899.0 260.0 2120.0 3044.0 2838.0 2143.0 
1703.0 1621.0 1606.0 1418.0 1025.0 601.0 -295.0 
-1798.0 -2764.0 -2215.0 -776.0 114.0 277.0 618.0 
1774.0 3327.0 4331.0 4777.0 5168.0 5379.0 4991.0 
3963.0 2575.0 1106.0 10.0 -249.0 39.0 653.0 
1879.0 3212.0 3822.0 3673.0 3223.0 2780.0 2104.0 
1308.0 942.0 840.0 577.0 23.0 -788.0 -1193.0 
-609.0 385.0 1012.0 1249.0 1324.0 1247.0 1085.0 
699.0 -311.0 -1475.0 -1742.0 -1231.0 -731.0 -565.0 
-887.0 -1497.0 -1604.0 -1284.0 -1383.0 -1636.0 -1326.0 
-852.0 -852.0 -1045.0 -1135.0 -1712.0 -3182.0 -4844.0 
-5872.0 -6232.0 -5847.0 -4445.0 -2761.0 -1829.0 -1546.0 
-1507.0 -1692.0 -2188.0 -2894.0 -3580.0 -3867.0 -3376.0 
-2463.0 -1761.0 -1423.0 -1338.0 -1335.0 -1051.0 -212.0 
619.0 679.0 195.0 -417.0 -1116.0 -1657.0 -1826.0 
-1585.0 -835.0 57.0 667.0 1102.0 1425.0 1715.0 
2297.0 3287.0 4226.0 4538.0 4387.0 4107.0 3681.0 
3400.0 3454.0 3609.0 3566.0 3271.0 2982.0 2797.0 
2762.0 3212.0 4054.0 4797.0 4905.0 4194.0 3183.0 
2640.0 2485.0 2111.0 1696.0 1636.0 1853.0 2078.0 
2143.0 2291.0 2448.0 2053.0 1125.0 241.0 -332.0 
-573.0 -504.0 -483.0 -610.0 -614.0 -262.0 95.0 
64.0 4.0 -13.0 -248.0 -460.0 -569.0 -732.0 
-1314.0 -2530.0 -3649.0 -3992.0 -3934.0 -4180.0 -4694.0 
-5115.0 -5319.0 -5011.0 -4230.0 -3468.0 -2825.0 -2250.0 
-2027.0 -2007.0 -1671.0 -1258.0 -1207.0 -1392.0 -1382.0 
-875.0 149.0 1230.0 1884.0 2143.0 2223.0 2244.0 
2286.0 2278.0 1908.0 1180.0 697.0 498.0 -131.0 
-1116.0 -1574.0 -1368.0 -1182.0 -1197.0 -941.0 -308.0 
567.0 1619.0 2510.0 2927.0 2873.0 2493.0 1972.0 
1332.0 585.0 -108.0 -658.0 -639.0 -25.0 504.0 
1059.0 1853.0 2189.0 1683.0 704.0 -325.0 -1103.0 
-1888.0 -2734.0 -2988.0 -2826.0 -2886.0 -2946.0 -2686.0 
-2545.0 -2969.0 -3534.0 -3982.0 -4763.0 -5702.0 -5809.0 
-4994.0 -3887.0 -2516.0 -1094.0 -404.0 -541.0 -1088.0 
-1839.0 -2283.0 -2015.0 -1563.0 -1326.0 -878.0 69.0 
1389.0 2898.0 4292.0 5164.0 5362.0 5062.0 4780.0 
4979.0 5344.0 5231.0 4704.0 4197.0 3857.0 3526.0 
3059.0 2570.0 2231.0 2058.0 2076.0 2129.0 2126.0 
2144.0 2048.0 1947.0 2304.0 2936.0 3354.0 3814.0 
4585.0 5146.0 4890.0 4127.0 3761.0 4090.0 4508.0 
4468.0 3903.0 3113.0 2447.0 1843.0 1291.0 873.0 
411.0 -111.0 -438.0 -692.0 -1055.0 -1408.0 -1532.0 
-1264.0 -765.0 -305.0 -6.0 258.0 504.0 205.0 
-724.0 -1716.0 -2692.0 -3787.0 -4644.0 -5107.0 -5498.0 
-5897.0 -6041.0 -6041.0 -6217.0 -6418.0 -6523.0 -6650.0 
-6950.0 -7363.0 -7220.0 -6264.0 -5071.0 -4038.0 -3163.0 
-2359.0 -1621.0 -1004.0 -553.0 -267.0 -30.0 181.0 
31.0 -515.0 -885.0 -1059.0 -1421.0 -1503.0 -789.0 
37.0 347.0 547.0 996.0 1693.0 2714.0 4003.0 
5169.0 5763.0 5893.0 6048.0 6425.0 7050.0 7689.0 
7954.0 7789.0 7185.0 6255.0 5381.0 4762.0 4438.0 
4341.0 4314.0 4148.0 3652.0 3073.0 2765.0 2620.0 
2151.0 1275.0 511.0 188.0 217.0 494.0 839.0 
1144.0 1679.0 2300.0 2468.0 2122.0 1681.0 1613.0 
1881.0 1982.0 1657.0 1048.0 316.0 -518.0 -1442.0 
-2275.0 -2772.0 -3072.0 -3453.0 -4033.0 -5112.0 -6335.0 
-6805.0 -6565.0 -6251.0 -6078.0 -5920.0 -5694.0 -5665.0 
-5934.0 -5981.0 -5626.0 -5254.0 -4937.0 -4332.0 -3296.0 
-2142.0 -1237.0 -1066.0 -1841.0 -3151.0 -4431.0 -5197.0 
-5486.0 -5815.0 -6127.0 -5985.0 -5623.0 -5249.0 -4299.0 
-2828.0 -1618.0 -984.0 -978.0 -1375.0 -1745.0 -1919.0 
-1906.0 -1913.0 -2072.0 -2116.0 -1734.0 -903.0 61.0 
822.0 1367.0 1749.0 1840.0 1487.0 825.0 390.0 
443.0 644.0 748.0 891.0 1210.0 1537.0 1766.0 
2089.0 2274.0 2092.0 2085.0 2593.0 3122.0 3282.0 
3221.0 3162.0 3050.0 2691.0 1909.0 790.0 -125.0 
-402.0 -103.0 378.0 691.0 996.0 1672.0 2338.0 
2697.0 3489.0 4695.0 5271.0 5132.0 4683.0 3850.0 
2837.0 2030.0 1452.0 831.0 -176.0 -1442.0 -2509.0 
-3087.0 -3022.0 -2451.0 -1951.0 -1772.0 -1649.0 -1530.0 
-1595.0 -1989.0 -2667.0 -3228.0 -3221.0 -2747.0 -2260.0 
-2037.0 -2163.0 -2606.0 -2874.0 -2652.0 -2417.0 -2362.0 
-2107.0 -1566.0 -1031.0 -711.0 -489.0 -127.0 390.0 
972.0 1212.0 650.0 -192.0 -408.0 -98.0 131.0 
271.0 405.0 397.0 259.0 100.0 65.0 462.0 
1347.0 2392.0 3431.0 4203.0 4327.0 3916.0 3357.0 
2838.0 2502.0 2522.0 2763.0 2956.0 3044.0 3090.0 
3263.0 3614.0 3869.0 3778.0 3581.0 3532.0 3265.0 
2520.0 1753.0 1310.0 1127.0 1149.0 1142.0 857.0 
577.0 477.0 403.0 568.0 868.0 748.0 191.0 
-401.0 -643.0 -176.0 710.0 1230.0 1335.0 1455.0 
1737.0 2123.0 2355.0 2157.0 1559.0 937.0 426.0 
-165.0 -600.0 -646.0 -686.0 -821.0 -722.0 -443.0 
-361.0 -697.0 -1249.0 -1629.0 -1736.0 -1645.0 -1404.0 
-977.0 -579.0 -713.0 -1598.0 -2588.0 -2920.0 -2919.0 
-3075.0 -2936.0 -2489.0 -2230.0 -2098.0 -1994.0 -2091.0 
-2391.0 -2772.0 -3002.0 -2924.0 -2677.0 -2450.0 -2248.0 
-2029.0 -1856.0 -1713.0 -1726.0 -2024.0 -2301.0 -2153.0 
-1680.0 -1399.0 -1555.0 -1743.0 -1583.0 -1175.0 -764.0 
-409.0 -335.0 -857.0 -1723.0 -2602.0 -3241.0 -3617.0 
-3954.0 -4161.0 -4183.0 -4167.0 -3877.0 -3037.0 -1868.0 
-986.0 -639.0 -472.0 -287.0 -359.0 -858.0 -1374.0 
-1431.0 -1152.0 -952.0 -1040.0 -1458.0 -2095.0 -2537.0 
-2650.0 -2777.0 -2800.0 -2418.0 -1761.0 -1267.0 -1144.0 
-1228.0 -1322.0 -1368.0 -1441.0 -1783.0 -2460.0 -3235.0 
-3817.0 -4042.0 -3817.0 -3303.0 -2737.0 -2016.0 -1027.0 
-220.0 8.0 -85.0 -209.0 -663.0 -1482.0 -2220.0 
-2653.0 -2813.0 -2600.0 -1794.0 -659.0 59.0 -126.0 
-825.0 -1208.0 -1094.0 -965.0 -858.0 -614.0 -508.0 
-619.0 -634.0 -564.0 -724.0 -879.0 -561.0 118.0 
783.0 1427.0 2422.0 3657.0 4735.0 5640.0 6423.0 
6997.0 7632.0 8340.0 8594.0 8361.0 7911.0 7070.0 
5961.0 5137.0 4596.0 3908.0 2905.0 1909.0 1235.0 
759.0 452.0 582.0 1028.0 1557.0 1958.0 1931.0 
1496.0 1070.0 699.0 302.0 57.0 -30.0 -273.0 
-749.0 -1107.0 -1149.0 -1061.0 -967.0 -1020.0 -1395.0 
-1919.0 -2103.0 -1784.0 -1204.0 -976.0 -1389.0 -1786.0 
-1564.0 -958.0 -431.0 -3.0 426.0 989.0 1651.0 
1957.0 1796.0 1711.0 2118.0 2695.0 2973.0 2765.0 
2060.0 1092.0 334.0 51.0 -118.0 -471.0 -774.0 
-959.0 -1096.0 -1006.0 -665.0 -89.0 698.0 1318.0 
1544.0 1517.0 1482.0 1506.0 1266.0 818.0 607.0 
696.0 765.0 790.0 882.0 967.0 1168.0 1504.0 
1853.0 2401.0 3237.0 4044.0 4460.0 4525.0 4578.0 
4678.0 4577.0 4195.0 3955.0 4044.0 4251.0 4562.0 
5028.0 5337.0 5112.0 4664.0 4456.0 4254.0 3817.0 
3203.0 2357.0 1598.0 1353.0 1485.0 1708.0 1846.0 
1727.0 1377.0 759.0 -73.0 -743.0 -1049.0 -1258.0 
-1466.0 -1523.0 -1502.0 -1677.0 -2194.0 -2972.0 -3823.0 
-4451.0 -4629.0 -4544.0 -4564.0 -4604.0 -4366.0 -3995.0 
-3951.0 -4093.0 -4007.0 -3640.0 -3014.0 -2267.0 -1655.0 
-1387.0 -1531.0 -1889.0 -2241.0 -2441.0 -2514.0 -2595.0 
-2675.0 -2802.0 -2985.0 -2847.0 -2203.0 -1318.0 -605.0 
-594.0 -1164.0 -1507.0 -1295.0 -889.0 -603.0 -389.0 
-208.0 -144.0 -401.0 -1063.0 -1832.0 -2356.0 -2607.0 
-2625.0 -2419.0 -2238.0 -2353.0 -2462.0 -2320.0 -2165.0 
-2287.0 -2579.0 -2639.0 -2484.0 -2619.0 -3314.0 -4213.0 
-4701.0 -4688.0 -4559.0 -4484.0 -4503.0 -4512.0 -4304.0 
-3909.0 -3544.0 -3129.0 -2636.0 -2177.0 -1357.0 -4.0 
1458.0 2941.0 4283.0 5032.0 5345.0 5582.0 5686.0 
5549.0 5233.0 4891.0 4514.0 4128.0 3962.0 4044.0 
4312.0 4730.0 4871.0 4472.0 3779.0 2989.0 2141.0 
1443.0 926.0 519.0 330.0 350.0 325.0 122.0 
-253.0 -871.0 -1713.0 -2451.0 -2976.0 -3422.0 -3617.0 
-3539.0 -3329.0 -3020.0 -2545.0 -1994.0 -1593.0 -1434.0 
-1468.0 -1648.0 -1908.0 -2195.0 -2565.0 -3101.0 -3484.0 
-3281.0 -2580.0 -1775.0 -1205.0 -934.0 -849.0 -763.0 
-600.0 -398.0 -137.0 85.0 245.0 568.0 1257.0 
2326.0 3344.0 4048.0 4521.0 4658.0 4415.0 4043.0 
3830.0 3814.0 3883.0 3984.0 3858.0 3626.0 3638.0 
3911.0 4137.0 4092.0 3875.0 3663.0 3416.0 3071.0 
2769.0 2389.0 1804.0 1151.0 481.0 -246.0 -815.0 
-1114.0 -1295.0 -1448.0 -1500.0 -1463.0 -1382.0 -1211.0 
-848.0 -394.0 88.0 612.0 1056.0 1488.0 1856.0 
2013.0 1855.0 1417.0 1009.0 753.0 616.0 887.0 
1712.0 2527.0 2911.0 2931.0 2694.0 2217.0 1655.0 
1230.0 1106.0 1185.0 1505.0 2075.0 2684.0 3271.0 
3688.0 3711.0 3536.0 3460.0 3250.0 2666.0 1889.0 
1239.0 806.0 503.0 409.0 550.0 682.0 443.0 
-204.0 -981.0 -1602.0 -2120.0 -2569.0 -2919.0 -3044.0 
-2854.0 -2670.0 -2751.0 -3015.0 -3382.0 -3655.0 -3490.0 
-2963.0 -2612.0 -2459.0 -2123.0 -1775.0 -1925.0 -2165.0 
-1995.0 -1815.0 -2094.0 -2194.0 -1873.0 -1858.0 -1720.0 
-636.0 411.0 946.0 1712.0 2187.0 2499.0 3197.0 
4041.0 4419.0 4399.0 4761.0 5017.0 4784.0 4502.0 
4360.0 4108.0 3660.0 3410.0 3133.0 2675.0 2631.0 
2669.0 2408.0 2313.0 2487.0 2408.0 1976.0 1436.0 
787.0 271.0 58.0 -174.0 -280.0 -396.0 -801.0 
-1089.0 -918.0 -868.0 -943.0 -1250.0 -1853.0 -2167.0 
-2359.0 -2737.0 -2873.0 -2546.0 -1992.0 -1362.0 -998.0 
-940.0 -913.0 -1226.0 -2009.0 -2845.0 -3540.0 -4058.0 
-3971.0 -3566.0 -3364.0 -3100.0 -2673.0 -2262.0 -1745.0 
-1245.0 -851.0 -423.0 -95.0 -198.0 -702.0 -1230.0 
-1742.0 -2101.0 -2213.0 -2013.0 -1274.0 -96.0 1117.0 
1980.0 2585.0 2893.0 3039.0 3226.0 3261.0 3057.0 
2480.0 1759.0 1720.0 2151.0 2457.0 3017.0 3703.0 
3915.0 3969.0 4083.0 4111.0 3992.0 3805.0 3641.0 
3378.0 3244.0 3281.0 2959.0 2278.0 1732.0 1447.0 
1076.0 721.0 667.0 965.0 1192.0 963.0 280.0 
-631.0 -1463.0 -2054.0 -2337.0 -2515.0 -2554.0 -2314.0 
-2156.0 -2162.0 -2156.0 -1981.0 -1660.0 -1403.0 -1217.0 
-849.0 -393.0 -208.0 -344.0 -607.0 -818.0 -867.0 
-751.0 -533.0 -249.0 -4.0 311.0 763.0 1162.0 
1472.0 1841.0 2331.0 2669.0 2621.0 2415.0 2222.0 
1973.0 1851.0 2042.0 2588.0 3521.0 4373.0 4824.0 
4851.0 4415.0 4091.0 4110.0 4013.0 3640.0 3402.0 
3589.0 3807.0 3717.0 3327.0 2703.0 1874.0 898.0 
70.0 -544.0 -1087.0 -1227.0 -1054.0 -911.0 -738.0 
-439.0 -172.0 -144.0 -317.0 -633.0 -1018.0 -1520.0 
-2257.0 -2752.0 -2763.0 -2673.0 -2503.0 -2051.0 -1554.0 
-1311.0 -1087.0 -577.0 6.0 270.0 203.0 310.0 
870.0 1292.0 1223.0 1212.0 1593.0 2086.0 2195.0 
1855.0 1632.0 1912.0 2447.0 2973.0 3352.0 3434.0 
3254.0 3090.0 3205.0 3504.0 3911.0 4369.0 4553.0 
4223.0 3467.0 2556.0 1984.0 2067.0 2426.0 2681.0 
2677.0 2187.0 1414.0 707.0 -38.0 -1046.0 -2174.0 
-3188.0 -3928.0 -4032.0 -3476.0 -2821.0 -2317.0 -1922.0 
-1712.0 -1774.0 -1833.0 -1427.0 -1106.0 -1597.0 -2473.0 
-3035.0 -3135.0 -2999.0 -2711.0 -2213.0 -1611.0 -874.0 
-217.0 -158.0 -414.0 -237.0 107.0 217.0 418.0 
792.0 1281.0 1765.0 1947.0 1843.0 1611.0 1322.0 
987.0 740.0 595.0 376.0 140.0 208.0 729.0 
1530.0 2058.0 1917.0 1498.0 1402.0 1622.0 1880.0 
2189.0 2489.0 2773.0 3094.0 3424.0 3659.0 3584.0 
3237.0 2850.0 2551.0 2435.0 2519.0 2425.0 1775.0 
1022.0 906.0 1361.0 1882.0 2167.0 2242.0 2511.0 
2913.0 3103.0 3141.0 3141.0 3128.0 3091.0 2971.0 
2602.0 2084.0 1676.0 1303.0 972.0 843.0 831.0 
856.0 791.0 561.0 357.0 334.0 333.0 281.0 
274.0 103.0 -369.0 -776.0 -925.0 -1083.0 -1291.0 
-1222.0 -1081.0 -1361.0 -1891.0 -2254.0 -2286.0 -2149.0 
-2116.0 -2355.0 -2688.0 -2799.0 -2588.0 -2213.0 -2157.0 
-2584.0 -3011.0 -3081.0 -2973.0 -2912.0 -2709.0 -2142.0 
-1600.0 -1529.0 -1569.0 -1293.0 -936.0 -801.0 -727.0 
-463.0 -50.0 425.0 939.0 1233.0 1198.0 1034.0 
927.0 1047.0 1323.0 1633.0 1869.0 1911.0 1789.0 
1647.0 1926.0 2862.0 3984.0 4896.0 5642.0 6233.0 
6710.0 7092.0 7170.0 6894.0 6498.0 6005.0 5351.0 
4581.0 3635.0 2742.0 2219.0 1864.0 1499.0 1393.0 
1577.0 1529.0 1134.0 794.0 469.0 -151.0 -849.0 
-1206.0 -1343.0 -1597.0 -2093.0 -2844.0 -3608.0 -4047.0 
-4082.0 -3849.0 -3523.0 -3314.0 -3249.0 -3115.0 -2917.0 
-2816.0 -2757.0 -2618.0 -2464.0 -2323.0 -2118.0 -1940.0 
-1829.0 -1512.0 -676.0 410.0 1141.0 1527.0 1928.0 
2306.0 2569.0 2858.0 3140.0 3322.0 3708.0 4410.0 
5069.0 5318.0 4979.0 4248.0 3727.0 3546.0 3358.0 
3125.0 2955.0 2843.0 2769.0 2693.0 2570.0 2625.0 
2829.0 2713.0 2485.0 2415.0 1996.0 1168.0 494.0 
-161.0 -927.0 -1372.0 -1514.0 -1821.0 -2361.0 -2751.0 
-2855.0 -2905.0 -3154.0 -3594.0 -3996.0 -4215.0 -4344.0 
-4474.0 -4491.0 -4451.0 -4395.0 -4146.0 -3825.0 -3696.0 
-3746.0 -3724.0 -3435.0 -3042.0 -2740.0 -2327.0 -1509.0 
-277.0 994.0 1836.0 2158.0 2141.0 2023.0 2035.0 
2408.0 3190.0 4046.0 4700.0 4993.0 4778.0 4313.0 
3995.0 3828.0 3787.0 3965.0 4345.0 4810.0 5172.0 
5252.0 5204.0 5230.0 5325.0 5374.0 5237.0 4861.0 
4453.0 4286.0 4367.0 4520.0 4479.0 4081.0 3580.0 
3216.0 3091.0 3148.0 2907.0 2207.0 1534.0 1131.0 
689.0 -30.0 -677.0 -799.0 -430.0 90.0 324.0 
16.0 -533.0 -885.0 -915.0 -718.0 -681.0 -1101.0 
-1635.0 -1875.0 -1800.0 -1610.0 -1422.0 -1301.0 -1418.0 
-1618.0 -1614.0 -1390.0 -1016.0 -474.0 133.0 586.0 
763.0 668.0 457.0 331.0 232.0 107.0 147.0 
384.0 492.0 242.0 -269.0 -800.0 -1087.0 -1116.0 
-1155.0 -1188.0 -1132.0 -1162.0 -1156.0 -817.0 -364.0 
-304.0 -605.0 -787.0 -724.0 -699.0 -906.0 -1194.0 
-1214.0 -753.0 21.0 833.0 1449.0 1667.0 1628.0 
1615.0 1499.0 1163.0 749.0 333.0 -18.0 -415.0 
-906.0 -1273.0 -1408.0 -1263.0 -861.0 -507.0 -261.0 
6.0 228.0 492.0 841.0 1043.0 1025.0 877.0 
646.0 290.0 -215.0 -582.0 -471.0 1.0 517.0 
801.0 805.0 975.0 1750.0 2756.0 3387.0 3581.0 
3507.0 3431.0 3534.0 3566.0 3362.0 3151.0 3039.0 
3056.0 3211.0 3329.0 3318.0 3105.0 2717.0 2386.0 
2221.0 1972.0 1446.0 904.0 569.0 266.0 -110.0 
-510.0 -891.0 -1144.0 -1333.0 -1612.0 -1800.0 -1557.0 
-1042.0 -790.0 -897.0 -1111.0 -1450.0 -1914.0 -2324.0 
-2673.0 -2936.0 -3018.0 -3054.0 -3133.0 -3287.0 -3667.0 
-4219.0 -4695.0 -4966.0 -5173.0 -5497.0 -5889.0 -5926.0 
-5389.0 -4721.0 -4340.0 -4171.0 -4061.0 -4012.0 -4016.0 
-3980.0 -3801.0 -3524.0 -3340.0 -3346.0 -3409.0 -3452.0 
-3406.0 -2998.0 -2290.0 -1707.0 -1390.0 -1178.0 -939.0 
-546.0 33.0 536.0 798.0 1026.0 1478.0 2001.0 
2321.0 2639.0 3237.0 3934.0 4438.0 4701.0 4946.0 
5414.0 6017.0 6646.0 7106.0 7187.0 7073.0 6949.0 
6761.0 6476.0 6147.0 5814.0 5469.0 5014.0 4533.0 
4239.0 4053.0 3859.0 3677.0 3507.0 3298.0 3065.0 
2777.0 2285.0 1672.0 1194.0 892.0 588.0 260.0 
72.0 5.0 -191.0 -617.0 -1058.0 -1369.0 -1658.0 
-1889.0 -1879.0 -1568.0 -1086.0 -644.0 -360.0 -252.0 
-252.0 -347.0 -485.0 -513.0 -429.0 -398.0 -445.0 
-296.0 152.0 642.0 1003.0 1365.0 1751.0 1936.0 
1960.0 2107.0 2392.0 2667.0 2982.0 3412.0 3820.0 
4211.0 4646.0 4948.0 4987.0 4780.0 4437.0 4197.0 
4213.0 4272.0 4144.0 3886.0 3651.0 3518.0 3412.0 
3165.0 2737.0 2178.0 1446.0 469.0 -542.0 -1279.0 
-1779.0 -2239.0 -2726.0 -3274.0 -3917.0 -4452.0 -4686.0 
-4770.0 -4896.0 -5044.0 -5169.0 -5281.0 -5332.0 -5225.0 
-4986.0 -4704.0 -4458.0 -4185.0 -3893.0 -3748.0 -3620.0 
-3148.0 -2398.0 -1735.0 -1307.0 -1181.0 -1400.0 -1691.0 
-1706.0 -1431.0 -1115.0 -1041.0 -1177.0 -1220.0 -1112.0 
-957.0 -728.0 -411.0 -119.0 -24.0 -138.0 -293.0 
-361.0 -319.0 -100.0 344.0 929.0 1504.0 1990.0 
2265.0 2188.0 1894.0 1624.0 1450.0 1288.0 1084.0 
893.0 736.0 518.0 255.0 26.0 -181.0 -416.0 
-779.0 -1417.0 -2314.0 -3126.0 -3582.0 -3938.0 -4421.0 
-4836.0 -5113.0 -5341.0 -5416.0 -5228.0 -4829.0 -4235.0 
-3491.0 -2836.0 -2372.0 -1994.0 -1781.0 -1780.0 -1734.0 
-1509.0 -1299.0 -1219.0 -1204.0 -1119.0 -906.0 -667.0 
-369.0 102.0 686.0 1176.0 1445.0 1486.0 1459.0 
1609.0 2007.0 2565.0 3167.0 3676.0 4026.0 4194.0 
4208.0 4244.0 4420.0 4619.0 4604.0 4406.0 4267.0 
4131.0 3730.0 3062.0 2390.0 1996.0 1824.0 1607.0 
1388.0 1300.0 1155.0 814.0 376.0 -1.0 -88.0 
131.0 303.0 112.0 -365.0 -783.0 -836.0 -657.0 
-719.0 -1085.0 -1268.0 -1181.0 -1218.0 -1382.0 -1380.0 
-1307.0 -1366.0 -1350.0 -1072.0 -763.0 -717.0 -894.0 
-968.0 -871.0 -764.0 -662.0 -688.0 -892.0 -1042.0 
-1192.0 -1526.0 -1911.0 -2218.0 -2308.0 -2024.0 -1533.0 
-1205.0 -1204.0 -1300.0 