-2.0 0.0 0.0 -1.0 -2.0 -1.0 -1.0 
-2.0 -2.0 0.0 0.0 -1.0 -2.0 -1.0 
-1.0 -1.0 -1.0 -1.0 -1.0 -1.0 0.0 
0.0 -1.0 -1.0 -1.0 -2.0 -2.0 -1.0 
-1.0 -1.0 -2.0 -2.0 -2.0 -2.0 -2.0 
-1.0 0.0 -1.0 -2.0 -2.0 -2.0 -3.0 
-3.0 -3.0 -2.0 -2.0 -3.0 -2.0 -1.0 
-1.0 -2.0 -2.0 0.0 0.0 0.0 0.0 
1.0 2.0 2.0 3.0 3.0 4.0 5.0 
6.0 6.0 5.0 5.0 5.0 5.0 5.0 
4.0 4.0 6.0 6.0 5.0 4.0 4.0 
3.0 2.0 2.0 4.0 5.0 5.0 5.0 
4.0 3.0 4.0 4.0 3.0 2.0 1.0 
2.0 3.0 2.0 1.0 0.0 1.0 1.0 
1.0 0.0 0.0 0.0 0.0 0.0 1.0 
1.0 0.0 0.0 0.0 0.0 0.0 0.0 
-1.0 -3.0 -2.0 -1.0 -2.0 -3.0 -4.0 
-5.0 -5.0 -4.0 -3.0 -4.0 -5.0 -6.0 
-5.0 -5.0 -6.0 -6.0 -7.0 -7.0 -7.0 
-5.0 -5.0 -5.0 -6.0 -6.0 -6.0 -6.0 
-6.0 -6.0 -6.0 -6.0 -7.0 -7.0 -7.0 
-8.0 -8.0 -7.0 -6.0 -6.0 -5.0 -4.0 
-4.0 -3.0 -3.0 -4.0 -4.0 -3.0 -2.0 
-3.0 -3.0 -3.0 -3.0 -3.0 -4.0 -4.0 
-3.0 -3.0 -3.0 -2.0 -2.0 -2.0 -2.0 
-2.0 -2.0 -2.0 -1.0 -2.0 -2.0 -2.0 
-2.0 -1.0 -1.0 -1.0 -1.0 -1.0 -2.0 
-2.0 -3.0 -3.0 -2.0 -2.0 -3.0 -3.0 
-2.0 -3.0 -3.0 -2.0 -1.0 -1.0 -1.0 
0.0 -1.0 -2.0 -2.0 -1.0 0.0 -1.0 
-1.0 0.0 0.0 -1.0 -1.0 0.0 0.0 
0.0 0.0 0.0 -1.0 0.0 0.0 0.0 
0.0 -1.0 -1.0 -1.0 -1.0 -1.0 -3.0 
-2.0 -1.0 -1.0 -2.0 -2.0 -3.0 -3.0 
-2.0 -3.0 -3.0 -2.0 -2.0 -2.0 -2.0 
-2.0 -2.0 -3.0 -2.0 -2.0 -2.0 -3.0 
-3.0 -4.0 -5.0 -3.0 -3.0 -4.0 -3.0 
-3.0 -3.0 -4.0 -5.0 -4.0 -4.0 -5.0 
-5.0 -5.0 -4.0 -3.0 -4.0 -5.0 -6.0 
-4.0 -3.0 -3.0 -2.0 -1.0 -2.0 -2.0 
-1.0 -2.0 -2.0 -1.0 0.0 -1.0 -1.0 
0.0 0.0 0.0 -2.0 0.0 0.0 0.0 
-1.0 0.0 1.0 0.0 0.0 0.0 0.0 
1.0 1.0 1.0 0.0 0.0 0.0 0.0 
1.0 1.0 0.0 0.0 0.0 0.0 0.0 
1.0 1.0 1.0 2.0 2.0 1.0 1.0 
2.0 2.0 2.0 4.0 5.0 5.0 5.0 
5.0 6.0 6.0 7.0 7.0 7.0 6.0 
7.0 7.0 7.0 7.0 7.0 7.0 7.0 
8.0 8.0 8.0 8.0 9.0 8.0 7.0 
7.0 7.0 7.0 8.0 7.0 6.0 4.0 
5.0 7.0 8.0 7.0 6.0 4.0 4.0 
5.0 5.0 3.0 2.0 2.0 2.0 1.0 
1.0 2.0 2.0 2.0 2.0 2.0 3.0 
4.0 4.0 5.0 6.0 6.0 6.0 7.0 
8.0 9.0 9.0 9.0 10.0 10.0 10.0 
9.0 9.0 9.0 11.0 11.0 10.0 11.0 
10.0 9.0 9.0 10.0 10.0 10.0 10.0 
11.0 10.0 9.0 10.0 9.0 7.0 8.0 
7.0 6.0 7.0 9.0 9.0 7.0 5.0 
5.0 6.0 6.0 5.0 5.0 5.0 4.0 
6.0 8.0 7.0 5.0 6.0 6.0 6.0 
7.0 8.0 8.0 7.0 7.0 8.0 7.0 
6.0 6.0 6.0 5.0 4.0 4.0 4.0 
6.0 6.0 5.0 4.0 5.0 4.0 3.0 
5.0 5.0 4.0 5.0 6.0 5.0 4.0 
4.0 4.0 5.0 5.0 4.0 4.0 5.0 
4.0 2.0 2.0 3.0 4.0 3.0 2.0 
2.0 1.0 0.0 0.0 0.0 0.0 0.0 
0.0 0.0 0.0 -1.0 -1.0 0.0 0.0 
0.0 0.0 2.0 2.0 2.0 4.0 6.0 
7.0 8.0 9.0 10.0 9.0 9.0 8.0 
8.0 9.0 9.0 8.0 8.0 9.0 10.0 
9.0 8.0 9.0 9.0 9.0 8.0 8.0 
8.0 8.0 9.0 8.0 7.0 7.0 7.0 
7.0 7.0 7.0 7.0 7.0 6.0 6.0 
7.0 7.0 7.0 8.0 9.0 9.0 9.0 
9.0 8.0 7.0 7.0 8.0 9.0 8.0 
7.0 7.0 7.0 7.0 7.0 8.0 8.0 
7.0 8.0 10.0 9.0 8.0 9.0 9.0 
8.0 9.0 9.0 9.0 8.0 6.0 6.0 
7.0 8.0 8.0 8.0 7.0 5.0 4.0 
4.0 3.0 3.0 4.0 4.0 3.0 4.0 
3.0 3.0 4.0 5.0 5.0 5.0 6.0 
6.0 5.0 5.0 5.0 5.0 6.0 5.0 
5.0 7.0 7.0 6.0 5.0 6.0 5.0 
4.0 5.0 6.0 5.0 5.0 6.0 6.0 
5.0 5.0 7.0 8.0 7.0 5.0 5.0 
6.0 6.0 4.0 4.0 5.0 5.0 5.0 
5.0 5.0 5.0 4.0 4.0 5.0 5.0 
5.0 4.0 6.0 6.0 6.0 7.0 7.0 
6.0 6.0 7.0 7.0 7.0 7.0 6.0 
5.0 6.0 7.0 7.0 7.0 7.0 7.0 
7.0 6.0 7.0 7.0 8.0 7.0 6.0 
8.0 8.0 7.0 7.0 7.0 6.0 5.0 
4.0 3.0 4.0 4.0 4.0 3.0 2.0 
2.0 2.0 3.0 2.0 1.0 1.0 1.0 
1.0 1.0 1.0 1.0 1.0 3.0 3.0 
3.0 4.0 5.0 3.0 2.0 3.0 3.0 
3.0 4.0 4.0 3.0 3.0 4.0 4.0 
4.0 4.0 3.0 2.0 2.0 2.0 2.0 
2.0 2.0 2.0 2.0 2.0 1.0 2.0 
4.0 4.0 2.0 3.0 4.0 3.0 2.0 
2.0 3.0 3.0 2.0 3.0 4.0 4.0 
3.0 2.0 1.0 3.0 3.0 3.0 4.0 
3.0 3.0 4.0 5.0 4.0 4.0 5.0 
5.0 5.0 5.0 6.0 6.0 5.0 6.0 
6.0 6.0 5.0 6.0 6.0 5.0 5.0 
5.0 6.0 6.0 6.0 4.0 3.0 3.0 
4.0 3.0 2.0 1.0 2.0 3.0 3.0 
3.0 2.0 2.0 3.0 2.0 2.0 3.0 
3.0 1.0 1.0 2.0 2.0 2.0 3.0 
3.0 1.0 1.0 2.0 3.0 3.0 3.0 
3.0 3.0 2.0 2.0 2.0 2.0 3.0 
3.0 3.0 3.0 3.0 2.0 3.0 4.0 
5.0 3.0 0.0 1.0 3.0 2.0 1.0 
3.0 3.0 1.0 0.0 1.0 2.0 1.0 
0.0 1.0 2.0 1.0 0.0 0.0 0.0 
0.0 1.0 2.0 3.0 2.0 2.0 2.0 
3.0 2.0 2.0 3.0 3.0 4.0 4.0 
3.0 3.0 2.0 2.0 3.0 3.0 2.0 
1.0 1.0 1.0 2.0 2.0 2.0 1.0 
1.0 1.0 0.0 0.0 0.0 1.0 1.0 
0.0 0.0 0.0 0.0 0.0 -1.0 0.0 
0.0 0.0 0.0 0.0 0.0 1.0 0.0 
0.0 1.0 2.0 2.0 2.0 2.0 2.0 
1.0 1.0 1.0 1.0 2.0 3.0 3.0 
2.0 1.0 1.0 1.0 1.0 2.0 2.0 
3.0 4.0 4.0 4.0 4.0 4.0 5.0 
6.0 6.0 5.0 6.0 6.0 5.0 5.0 
5.0 6.0 5.0 6.0 8.0 8.0 7.0 
6.0 6.0 6.0 6.0 5.0 5.0 5.0 
5.0 5.0 5.0 5.0 5.0 5.0 6.0 
6.0 6.0 5.0 5.0 6.0 6.0 5.0 
4.0 4.0 7.0 7.0 6.0 7.0 6.0 
5.0 7.0 9.0 8.0 6.0 5.0 5.0 
7.0 7.0 7.0 6.0 6.0 6.0 5.0 
6.0 6.0 6.0 6.0 6.0 7.0 8.0 
8.0 8.0 9.0 10.0 11.0 11.0 12.0 
11.0 11.0 11.0 10.0 9.0 9.0 8.0 
8.0 8.0 8.0 8.0 9.0 8.0 8.0 
9.0 9.0 10.0 10.0 9.0 10.0 10.0 
9.0 9.0 9.0 9.0 9.0 10.0 11.0 
11.0 10.0 10.0 11.0 13.0 12.0 10.0 
11.0 11.0 11.0 10.0 10.0 10.0 10.0 
11.0 11.0 12.0 13.0 13.0 12.0 11.0 
12.0 13.0 10.0 8.0 8.0 8.0 6.0 
5.0 5.0 4.0 4.0 4.0 4.0 3.0 
3.0 1.0 0.0 0.0 1.0 0.0 0.0 
0.0 0.0 0.0 0.0 -1.0 -1.0 0.0 
0.0 -1.0 -1.0 0.0 -1.0 -1.0 0.0 
-1.0 -1.0 0.0 0.0 0.0 0.0 0.0 
1.0 1.0 1.0 2.0 2.0 3.0 3.0 
3.0 3.0 4.0 4.0 5.0 5.0 5.0 
5.0 5.0 5.0 6.0 6.0 6.0 5.0 
5.0 4.0 3.0 2.0 3.0 3.0 3.0 
3.0 4.0 3.0 3.0 3.0 3.0 4.0 
4.0 3.0 3.0 2.0 3.0 3.0 3.0 
3.0 4.0 3.0 2.0 2.0 2.0 2.0 
0.0 0.0 -1.0 -1.0 -1.0 -2.0 -3.0 
-2.0 -3.0 -3.0 -3.0 -1.0 -1.0 -1.0 
-1.0 -2.0 -2.0 0.0 0.0 0.0 0.0 
0.0 0.0 1.0 0.0 0.0 0.0 1.0 
1.0 0.0 -1.0 -1.0 0.0 0.0 -1.0 
0.0 0.0 0.0 0.0 0.0 0.0 0.0 
2.0 2.0 1.0 1.0 2.0 2.0 1.0 
1.0 1.0 0.0 1.0 2.0 1.0 1.0 
2.0 3.0 3.0 0.0 0.0 2.0 2.0 
1.0 1.0 3.0 2.0 0.0 0.0 1.0 
2.0 1.0 2.0 2.0 2.0 2.0 2.0 
1.0 0.0 0.0 0.0 0.0 0.0 0.0 
0.0 0.0 1.0 0.0 0.0 2.0 2.0 
1.0 0.0 1.0 2.0 1.0 1.0 1.0 
1.0 1.0 2.0 1.0 1.0 1.0 1.0 
2.0 2.0 1.0 2.0 2.0 1.0 2.0 
3.0 1.0 0.0 0.0 0.0 0.0 -1.0 
-1.0 -1.0 -1.0 -1.0 -1.0 0.0 1.0 
1.0 0.0 0.0 0.0 0.0 0.0 0.0 
1.0 0.0 -1.0 0.0 0.0 0.0 0.0 
0.0 0.0 0.0 0.0 0.0 0.0 0.0 
0.0 0.0 -2.0 -2.0 -1.0 -1.0 -2.0 
-3.0 -3.0 -2.0 -2.0 -3.0 -2.0 -1.0 
-2.0 -2.0 -2.0 -1.0 -2.0 -2.0 -1.0 
-1.0 -3.0 -3.0 -2.0 -2.0 -2.0 -2.0 
-2.0 -2.0 -2.0 -3.0 -5.0 -5.0 -4.0 
-4.0 -4.0 -4.0 -3.0 -4.0 -4.0 -3.0 
-3.0 -3.0 -3.0 -3.0 -3.0 -3.0 -2.0 
0.0 0.0 -2.0 -1.0 0.0 0.0 0.0 
0.0 1.0 0.0 0.0 -1.0 0.0 -1.0 
-2.0 -2.0 -4.0 -4.0 -4.0 -4.0 -3.0 
-3.0 -5.0 -4.0 -3.0 -3.0 -4.0 -5.0 
-4.0 -3.0 -5.0 -7.0 -6.0 -5.0 -4.0 
-4.0 -4.0 -4.0 -3.0 -2.0 -2.0 -1.0 
0.0 0.0 0.0 0.0 1.0 2.0 1.0 
1.0 1.0 2.0 1.0 0.0 2.0 3.0 
3.0 2.0 3.0 3.0 2.0 2.0 2.0 
1.0 2.0 4.0 4.0 3.0 3.0 4.0 
3.0 3.0 3.0 2.0 2.0 2.0 2.0 
2.0 0.0 0.0 1.0 1.0 1.0 0.0 
0.0 -1.0 -1.0 -1.0 -1.0 0.0 0.0 
0.0 0.0 -1.0 -1.0 -1.0 0.0 0.0 
-2.0 -3.0 -2.0 -2.0 -3.0 -1.0 0.0 
-1.0 -1.0 1.0 1.0 0.0 0.0 1.0 
0.0 0.0 2.0 2.0 2.0 3.0 5.0 
4.0 4.0 4.0 5.0 5.0 5.0 5.0 
5.0 4.0 5.0 6.0 5.0 5.0 4.0 
4.0 4.0 4.0 4.0 4.0 4.0 5.0 
6.0 6.0 6.0 7.0 8.0 8.0 8.0 
9.0 10.0 9.0 10.0 10.0 9.0 11.0 
13.0 12.0 11.0 11.0 12.0 14.0 14.0 
13.0 12.0 11.0 11.0 10.0 10.0 11.0 
12.0 11.0 10.0 11.0 12.0 12.0 12.0 
13.0 15.0 15.0 15.0 15.0 17.0 18.0 
18.0 20.0 20.0 18.0 18.0 19.0 21.0 
21.0 21.0 19.0 18.0 17.0 18.0 19.0 
20.0 19.0 18.0 17.0 17.0 17.0 17.0 
16.0 15.0 16.0 16.0 15.0 16.0 16.0 
15.0 16.0 16.0 15.0 15.0 17.0 19.0 
19.0 18.0 17.0 15.0 15.0 14.0 14.0 
14.0 13.0 13.0 13.0 13.0 13.0 14.0 
15.0 14.0 13.0 14.0 14.0 13.0 14.0 
14.0 14.0 15.0 16.0 16.0 16.0 15.0 
15.0 15.0 14.0 14.0 13.0 14.0 14.0 
13.0 13.0 14.0 13.0 11.0 10.0 10.0 
10.0 11.0 10.0 11.0 11.0 11.0 11.0 
11.0 11.0 11.0 10.0 9.0 10.0 10.0 
9.0 8.0 8.0 7.0 7.0 7.0 5.0 
5.0 5.0 4.0 5.0 5.0 4.0 1.0 
0.0 0.0 0.0 0.0 0.0 0.0 0.0 
0.0 0.0 0.0 0.0 0.0 1.0 0.0 
-1.0 0.0 0.0 0.0 0.0 0.0 1.0 
2.0 2.0 1.0 1.0 3.0 4.0 5.0 
6.0 6.0 6.0 5.0 6.0 6.0 6.0 
7.0 6.0 4.0 5.0 6.0 6.0 5.0 
5.0 6.0 7.0 7.0 7.0 9.0 10.0 
12.0 14.0 14.0 15.0 15.0 14.0 15.0 
15.0 13.0 13.0 13.0 11.0 9.0 9.0 
8.0 9.0 9.0 9.0 8.0 7.0 6.0 
5.0 5.0 5.0 4.0 3.0 3.0 4.0 
3.0 2.0 2.0 3.0 1.0 0.0 -1.0 
0.0 0.0 0.0 0.0 0.0 0.0 0.0 
0.0 1.0 1.0 0.0 0.0 0.0 -1.0 
-1.0 0.0 0.0 -1.0 -1.0 0.0 0.0 
-1.0 -1.0 -1.0 -2.0 -3.0 -3.0 -2.0 
-3.0 -4.0 -3.0 -3.0 -4.0 -3.0 -2.0 
-2.0 -2.0 -1.0 0.0 0.0 0.0 0.0 
1.0 2.0 2.0 2.0 2.0 3.0 2.0 
2.0 3.0 2.0 1.0 0.0 2.0 3.0 
1.0 0.0 1.0 2.0 2.0 2.0 1.0 
1.0 1.0 1.0 2.0 2.0 1.0 1.0 
1.0 1.0 1.0 1.0 1.0 0.0 0.0 
0.0 0.0 0.0 -1.0 -2.0 -1.0 -1.0 
-1.0 -2.0 -3.0 -4.0 -5.0 -5.0 -4.0 
-4.0 -4.0 -3.0 -4.0 -5.0 -5.0 -4.0 
-4.0 -4.0 -4.0 -4.0 -4.0 -4.0 -4.0 
-5.0 -6.0 -5.0 -5.0 -6.0 -6.0 -5.0 
-4.0 -4.0 -3.0 -3.0 -3.0 -3.0 -2.0 
-2.0 -2.0 -3.0 -3.0 -2.0 -2.0 -3.0 
-3.0 -2.0 -2.0 -2.0 -2.0 -2.0 -2.0 
-1.0 -2.0 -3.0 -3.0 -2.0 -1.0 0.0 
0.0 -1.0 -2.0 -1.0 -1.0 0.0 0.0 
0.0 -2.0 -1.0 0.0 -1.0 -2.0 -1.0 
-1.0 -1.0 0.0 0.0 0.0 -1.0 -1.0 
0.0 0.0 0.0 0.0 0.0 -1.0 -1.0 
0.0 0.0 0.0 0.0 0.0 -1.0 -2.0 
-2.0 -2.0 -2.0 -2.0 -2.0 -3.0 -1.0 
0.0 0.0 -1.0 0.0 0.0 0.0 1.0 
1.0 2.0 2.0 2.0 2.0 2.0 3.0 
3.0 3.0 2.0 2.0 2.0 2.0 2.0 
2.0 2.0 2.0 2.0 2.0 2.0 1.0 
1.0 1.0 1.0 1.0 1.0 1.0 1.0 
3.0 3.0 3.0 2.0 2.0 3.0 3.0 
1.0 1.0 2.0 3.0 2.0 3.0 3.0 
1.0 1.0 1.0 2.0 2.0 2.0 1.0 
1.0 1.0 1.0 1.0 0.0 0.0 0.0 
0.0 0.0 -1.0 -1.0 -1.0 -1.0 -2.0 
-2.0 -1.0 0.0 0.0 0.0 0.0 0.0 
0.0 0.0 0.0 0.0 -1.0 -1.0 -1.0 
0.0 -1.0 -1.0 -1.0 -2.0 -1.0 0.0 
0.0 0.0 1.0 2.0 2.0 1.0 2.0 
3.0 4.0 4.0 4.0 4.0 4.0 5.0 
7.0 7.0 6.0 7.0 8.0 7.0 6.0 
7.0 8.0 7.0 6.0 5.0 6.0 7.0 
7.0 7.0 7.0 7.0 8.0 8.0 9.0 
10.0 11.0 11.0 12.0 13.0 12.0 12.0 
11.0 11.0 11.0 11.0 10.0 9.0 10.0 
9.0 8.0 8.0 8.0 8.0 7.0 6.0 
6.0 6.0 5.0 4.0 5.0 6.0 5.0 
5.0 6.0 6.0 5.0 4.0 4.0 4.0 
4.0 4.0 5.0 5.0 5.0 5.0 5.0 
5.0 5.0 5.0 5.0 5.0 5.0 5.0 
5.0 5.0 5.0 4.0 3.0 4.0 4.0 
3.0 4.0 5.0 3.0 2.0 4.0 4.0 
4.0 3.0 1.0 0.0 1.0 2.0 2.0 
1.0 1.0 1.0 1.0 2.0 2.0 2.0 
3.0 3.0 2.0 3.0 3.0 3.0 3.0 
3.0 3.0 3.0 2.0 2.0 3.0 3.0 
2.0 2.0 1.0 1.0 1.0 2.0 1.0 
1.0 1.0 2.0 2.0 2.0 2.0 0.0 
1.0 1.0 1.0 1.0 1.0 1.0 1.0 
0.0 0.0 0.0 0.0 1.0 1.0 1.0 
1.0 1.0 1.0 1.0 1.0 0.0 0.0 
0.0 1.0 0.0 0.0 1.0 1.0 0.0 
0.0 0.0 0.0 0.0 0.0 0.0 -2.0 
-3.0 -1.0 -1.0 -2.0 -2.0 -2.0 -2.0 
-1.0 -1.0 -2.0 -3.0 -3.0 -3.0 -3.0 
-2.0 -1.0 -1.0 -3.0 -4.0 -3.0 -2.0 
-3.0 -3.0 -2.0 -3.0 -5.0 -5.0 -5.0 
-5.0 -5.0 -6.0 -6.0 -6.0 -6.0 -6.0 
-6.0 -5.0 -4.0 -5.0 -5.0 -5.0 -4.0 
-5.0 -5.0 -3.0 -2.0 -5.0 -5.0 -3.0 
-4.0 -7.0 -6.0 -5.0 -5.0 -6.0 -6.0 
-7.0 -7.0 -7.0 -6.0 -6.0 -6.0 -6.0 
-5.0 -6.0 -6.0 -6.0 -5.0 -4.0 -5.0 
-5.0 -4.0 -5.0 -4.0 -3.0 -3.0 -5.0 
-4.0 -4.0 -4.0 -4.0 -4.0 -4.0 -3.0 
-4.0 -5.0 -5.0 -4.0 -4.0 -5.0 -4.0 
-3.0 -4.0 -3.0 -3.0 -3.0 -3.0 -4.0 
-4.0 -2.0 -2.0 -2.0 -3.0 -3.0 -4.0 
-4.0 -3.0 -4.0 -4.0 -2.0 -2.0 -2.0 
0.0 0.0 -1.0 -1.0 0.0 0.0 -1.0 
-1.0 -1.0 0.0 -1.0 -2.0 -1.0 0.0 
-1.0 -1.0 0.0 0.0 0.0 0.0 1.0 
1.0 1.0 3.0 5.0 5.0 5.0 6.0 
7.0 6.0 6.0 7.0 8.0 7.0 7.0 
7.0 6.0 6.0 6.0 6.0 6.0 5.0 
4.0 4.0 4.0 3.0 4.0 4.0 2.0 
3.0 2.0 1.0 0.0 1.0 2.0 1.0 
1.0 2.0 1.0 0.0 1.0 2.0 1.0 
0.0 1.0 2.0 2.0 2.0 2.0 1.0 
2.0 3.0 4.0 3.0 3.0 3.0 3.0 
2.0 2.0 2.0 2.0 2.0 2.0 2.0 
1.0 1.0 2.0 3.0 3.0 2.0 3.0 
3.0 3.0 2.0 2.0 4.0 4.0 2.0 
1.0 2.0 2.0 2.0 3.0 4.0 4.0 
5.0 5.0 4.0 4.0 5.0 7.0 7.0 
6.0 6.0 7.0 8.0 7.0 7.0 6.0 
6.0 6.0 5.0 5.0 4.0 4.0 4.0 
4.0 2.0 1.0 1.0 2.0 2.0 1.0 
0.0 0.0 -1.0 -2.0 -2.0 -1.0 -1.0 
-2.0 -2.0 -1.0 -1.0 -2.0 -1.0 0.0 
0.0 0.0 0.0 0.0 -1.0 -1.0 -1.0 
0.0 0.0 0.0 1.0 2.0 2.0 1.0 
2.0 2.0 1.0 1.0 2.0 3.0 3.0 
2.0 3.0 4.0 3.0 2.0 3.0 4.0 
4.0 4.0 4.0 5.0 4.0 4.0 4.0 
4.0 4.0 3.0 4.0 6.0 6.0 5.0 
5.0 6.0 6.0 6.0 7.0 6.0 6.0 
7.0 6.0 5.0 5.0 6.0 4.0 3.0 
4.0 5.0 5.0 6.0 5.0 4.0 5.0 
4.0 4.0 5.0 5.0 4.0 4.0 5.0 
4.0 3.0 3.0 4.0 4.0 4.0 4.0 
4.0 3.0 4.0 4.0 3.0 3.0 4.0 
5.0 4.0 2.0 2.0 3.0 4.0 2.0 
1.0 2.0 1.0 0.0 0.0 1.0 0.0 
0.0 0.0 0.0 2.0 2.0 1.0 0.0 
1.0 1.0 1.0 1.0 1.0 1.0 3.0 
4.0 4.0 5.0 6.0 5.0 6.0 8.0 
8.0 7.0 7.0 9.0 10.0 10.0 10.0 
11.0 12.0 11.0 11.0 11.0 12.0 13.0 
14.0 14.0 14.0 14.0 15.0 15.0 15.0 
15.0 16.0 15.0 15.0 16.0 14.0 13.0 
14.0 14.0 13.0 13.0 13.0 13.0 13.0 
12.0 11.0 12.0 12.0 10.0 9.0 10.0 
9.0 8.0 8.0 8.0 8.0 7.0 7.0 
6.0 6.0 6.0 6.0 6.0 6.0 7.0 
7.0 5.0 4.0 4.0 5.0 5.0 4.0 
4.0 5.0 5.0 5.0 5.0 6.0 7.0 
6.0 6.0 7.0 8.0 8.0 8.0 8.0 
8.0 8.0 9.0 9.0 9.0 9.0 10.0 
12.0 12.0 11.0 12.0 12.0 12.0 12.0 
12.0 13.0 13.0 12.0 12.0 12.0 13.0 
13.0 13.0 13.0 13.0 12.0 12.0 11.0 
10.0 10.0 8.0 8.0 9.0 9.0 9.0 
9.0 10.0 10.0 9.0 8.0 7.0 7.0 
8.0 7.0 7.0 7.0 7.0 7.0 7.0 
8.0 8.0 8.0 8.0 8.0 7.0 7.0 
9.0 10.0 9.0 9.0 10.0 10.0 9.0 
9.0 9.0 8.0 9.0 10.0 9.0 9.0 
10.0 9.0 9.0 10.0 10.0 9.0 9.0 
9.0 10.0 11.0 11.0 11.0 12.0 12.0 
11.0 11.0 12.0 13.0 12.0 12.0 13.0 
13.0 12.0 12.0 13.0 12.0 11.0 11.0 
13.0 14.0 15.0 15.0 17.0 18.0 17.0 
17.0 18.0 19.0 20.0 20.0 19.0 20.0 
21.0 20.0 19.0 19.0 19.0 19.0 21.0 
21.0 19.0 19.0 20.0 20.0 19.0 19.0 
19.0 17.0 18.0 21.0 20.0 19.0 21.0 
21.0 19.0 17.0 18.0 18.0 18.0 17.0 
16.0 16.0 16.0 15.0 15.0 16.0 16.0 
15.0 14.0 14.0 15.0 15.0 13.0 12.0 
14.0 15.0 14.0 14.0 14.0 14.0 15.0 
16.0 17.0 18.0 19.0 20.0 19.0 20.0 
22.0 22.0 23.0 23.0 23.0 23.0 23.0 
23.0 22.0 22.0 22.0 20.0 19.0 19.0 
19.0 20.0 19.0 17.0 17.0 18.0 19.0 
19.0 19.0 19.0 18.0 18.0 18.0 17.0 
15.0 14.0 14.0 14.0 14.0 14.0 13.0 
11.0 11.0 10.0 8.0 6.0 6.0 6.0 
6.0 5.0 4.0 4.0 5.0 5.0 5.0 
5.0 6.0 7.0 7.0 7.0 8.0 9.0 
9.0 10.0 12.0 13.0 14.0 15.0 15.0 
14.0 14.0 14.0 15.0 15.0 14.0 12.0 
11.0 11.0 9.0 8.0 7.0 7.0 6.0 
5.0 6.0 7.0 6.0 5.0 5.0 5.0 
5.0 4.0 4.0 4.0 4.0 3.0 3.0 
3.0 3.0 2.0 1.0 2.0 2.0 1.0 
0.0 0.0 0.0 0.0 0.0 0.0 -1.0 
-1.0 -1.0 0.0 -1.0 -3.0 -3.0 -1.0 
0.0 0.0 1.0 0.0 0.0 1.0 3.0 
7.0 10.0 12.0 10.0 6.0 -1.0 -12.0 
-20.0 -20.0 -10.0 1.0 4.0 3.0 0.0 
-5.0 -7.0 -4.0 -1.0 2.0 11.0 23.0 
28.0 12.0 -6.0 -1.0 11.0 13.0 6.0 
15.0 28.0 -7.0 -65.0 -33.0 48.0 25.0 
-31.0 -15.0 -4.0 -7.0 14.0 17.0 20.0 
55.0 39.0 -3.0 -6.0 -23.0 -10.0 51.0 
39.0 -14.0 -18.0 -26.0 -18.0 3.0 -13.0 
-8.0 39.0 50.0 19.0 -41.0 -81.0 -27.0 
75.0 109.0 59.0 -15.0 -49.0 -25.0 7.0 
14.0 4.0 0.0 10.0 18.0 8.0 -14.0 
-17.0 10.0 10.0 -2.0 34.0 55.0 -17.0 
-53.0 10.0 58.0 37.0 -28.0 -51.0 0.0 
17.0 6.0 55.0 70.0 -23.0 -90.0 -49.0 
38.0 100.0 77.0 22.0 1.0 -10.0 -9.0 
-4.0 -33.0 -27.0 59.0 83.0 16.0 -6.0 
-10.0 -11.0 24.0 -3.0 -42.0 17.0 50.0 
17.0 34.0 72.0 31.0 -55.0 -74.0 -19.0 
44.0 65.0 19.0 -23.0 27.0 78.0 37.0 
2.0 9.0 20.0 22.0 21.0 39.0 54.0 
31.0 -8.0 -46.0 -45.0 -5.0 15.0 8.0 
6.0 2.0 9.0 37.0 22.0 -24.0 21.0 
107.0 92.0 41.0 37.0 5.0 -37.0 0.0 
46.0 42.0 17.0 -10.0 -35.0 -34.0 -26.0 
-22.0 2.0 18.0 46.0 70.0 2.0 -41.0 
18.0 32.0 17.0 70.0 118.0 36.0 -80.0 
-56.0 3.0 -30.0 -24.0 20.0 27.0 69.0 
87.0 25.0 19.0 67.0 46.0 -10.0 29.0 
87.0 27.0 -47.0 -52.0 -69.0 -68.0 17.0 
66.0 23.0 12.0 68.0 67.0 -26.0 -33.0 
72.0 50.0 -15.0 61.0 54.0 -59.0 -40.0 
33.0 10.0 -27.0 21.0 83.0 56.0 -32.0 
-63.0 -24.0 -15.0 -20.0 -22.0 9.0 104.0 
144.0 81.0 22.0 -32.0 -91.0 -74.0 -5.0 
47.0 61.0 65.0 76.0 22.0 -73.0 -49.0 
47.0 43.0 -14.0 -21.0 6.0 47.0 31.0 
-40.0 -59.0 35.0 128.0 81.0 -43.0 -138.0 
-91.0 39.0 63.0 25.0 36.0 6.0 -63.0 
-34.0 69.0 129.0 71.0 -5.0 -8.0 8.0 
7.0 40.0 72.0 8.0 -50.0 -6.0 27.0 
10.0 13.0 23.0 3.0 -31.0 -77.0 -104.0 
-41.0 111.0 183.0 120.0 51.0 4.0 -32.0 
4.0 91.0 126.0 72.0 -25.0 -79.0 -51.0 
10.0 101.0 160.0 150.0 82.0 -73.0 -198.0 
-180.0 -101.0 50.0 234.0 202.0 -4.0 -122.0 
-85.0 -3.0 21.0 -40.0 -56.0 67.0 123.0 
62.0 58.0 47.0 -19.0 20.0 73.0 29.0 
71.0 153.0 92.0 -13.0 -61.0 -30.0 9.0 
16.0 86.0 174.0 139.0 -78.0 -218.0 -57.0 
132.0 26.0 -102.0 3.0 35.0 -34.0 -2.0 
153.0 324.0 213.0 -64.0 -83.0 47.0 31.0 
0.0 76.0 26.0 -89.0 -51.0 56.0 143.0 
53.0 -131.0 64.0 398.0 183.0 -285.0 -338.0 
-26.0 353.0 526.0 139.0 -420.0 -407.0 -31.0 
126.0 107.0 52.0 -169.0 -274.0 23.0 135.0 
-215.0 -206.0 181.0 112.0 -150.0 -53.0 64.0 
155.0 263.0 32.0 -232.0 -138.0 -108.0 -83.0 
179.0 158.0 -85.0 50.0 295.0 132.0 -36.0 
127.0 142.0 -121.0 -187.0 -11.0 37.0 -46.0 
15.0 160.0 124.0 -13.0 -76.0 -100.0 -58.0 
18.0 85.0 98.0 -34.0 -214.0 -152.0 152.0 
296.0 184.0 11.0 -73.0 24.0 163.0 101.0 
-197.0 -512.0 -504.0 31.0 540.0 359.0 -91.0 
-227.0 -76.0 166.0 225.0 5.0 -63.0 140.0 
113.0 -119.0 -96.0 71.0 106.0 115.0 125.0 
56.0 -15.0 -90.0 -270.0 -300.0 -15.0 198.0 
53.0 -134.0 -20.0 117.0 119.0 115.0 8.0 
-177.0 -157.0 135.0 325.0 114.0 -160.0 -85.0 
86.0 -34.0 -191.0 40.0 397.0 361.0 21.0 
-223.0 -191.0 -39.0 -29.0 -201.0 -286.0 -157.0 
-17.0 133.0 393.0 404.0 53.0 -74.0 156.0 
105.0 -270.0 -298.0 -31.0 134.0 224.0 186.0 
-59.0 -206.0 -125.0 -70.0 -123.0 -72.0 59.0 
68.0 -71.0 -164.0 -5.0 192.0 212.0 175.0 
99.0 -50.0 -50.0 108.0 111.0 -17.0 -50.0 
-109.0 -263.0 -252.0 -19.0 253.0 328.0 115.0 
-171.0 -267.0 -126.0 126.0 323.0 320.0 97.0 
-109.0 -80.0 -52.0 -187.0 -263.0 -114.0 104.0 
126.0 -18.0 -90.0 44.0 290.0 364.0 143.0 
-174.0 -303.0 -160.0 68.0 158.0 108.0 37.0 
54.0 116.0 57.0 -61.0 -95.0 -65.0 -55.0 
-91.0 -89.0 -26.0 67.0 109.0 -61.0 -254.0 
-154.0 78.0 258.0 317.0 154.0 -83.0 -147.0 
-22.0 79.0 0.0 -106.0 -88.0 -20.0 79.0 
144.0 -14.0 -203.0 -109.0 66.0 61.0 11.0 
97.0 115.0 -23.0 14.0 189.0 53.0 -149.0 
-49.0 42.0 -53.0 -78.0 31.0 102.0 128.0 
61.0 -107.0 -133.0 -14.0 22.0 26.0 105.0 
135.0 17.0 -133.0 -161.0 -71.0 21.0 45.0 
0.0 -51.0 -26.0 74.0 128.0 119.0 153.0 
188.0 85.0 -80.0 -126.0 -55.0 62.0 127.0 
35.0 -118.0 -150.0 -50.0 -8.0 -110.0 -146.0 
-21.0 7.0 -136.0 -190.0 -52.0 109.0 181.0 
144.0 54.0 29.0 69.0 90.0 90.0 7.0 
-152.0 -147.0 5.0 42.0 -6.0 30.0 80.0 
78.0 75.0 33.0 -48.0 -97.0 -57.0 11.0 
32.0 49.0 76.0 51.0 12.0 59.0 64.0 
-25.0 -19.0 96.0 132.0 46.0 -5.0 14.0 
18.0 -2.0 -130.0 -301.0 -280.0 -161.0 -39.0 
150.0 236.0 125.0 116.0 213.0 165.0 67.0 
68.0 4.0 -168.0 -204.0 -118.0 -103.0 -76.0 
-11.0 9.0 57.0 102.0 6.0 -144.0 -58.0 
123.0 76.0 -55.0 -65.0 17.0 97.0 97.0 
5.0 -88.0 -113.0 -93.0 -9.0 80.0 7.0 
-138.0 -121.0 0.0 42.0 34.0 55.0 78.0 
33.0 -49.0 -35.0 -4.0 -106.0 -233.0 -185.0 
-22.0 42.0 57.0 59.0 15.0 21.0 80.0 
66.0 -3.0 -21.0 -2.0 29.0 98.0 139.0 
85.0 6.0 -14.0 54.0 74.0 -2.0 -58.0 
-73.0 -91.0 -70.0 -13.0 33.0 142.0 238.0 
207.0 114.0 40.0 -5.0 -51.0 -119.0 -210.0 
-284.0 -302.0 -274.0 -211.0 -92.0 33.0 115.0 
183.0 230.0 183.0 54.0 -23.0 -44.0 -66.0 
-46.0 8.0 44.0 42.0 0.0 -84.0 -145.0 
-124.0 -65.0 11.0 113.0 155.0 77.0 -13.0 
-47.0 -20.0 57.0 88.0 1.0 -65.0 -35.0 
-71.0 -169.0 -154.0 -55.0 0.0 60.0 137.0 
146.0 112.0 91.0 50.0 64.0 147.0 124.0 
21.0 -29.0 -77.0 -143.0 -144.0 -120.0 -137.0 
-91.0 17.0 15.0 -64.0 -58.0 -39.0 -73.0 
-71.0 -63.0 -78.0 -18.0 103.0 171.0 184.0 
198.0 173.0 90.0 13.0 -16.0 -20.0 -56.0 
-105.0 -97.0 -89.0 -139.0 -130.0 -29.0 13.0 
-13.0 -15.0 -19.0 -47.0 -57.0 -53.0 -29.0 
23.0 72.0 89.0 106.0 127.0 108.0 67.0 
44.0 24.0 -4.0 -40.0 -80.0 -82.0 -16.0 
19.0 -48.0 -98.0 -57.0 -36.0 -67.0 -44.0 
17.0 31.0 38.0 43.0 -53.0 -173.0 -163.0 
-50.0 34.0 55.0 106.0 172.0 167.0 127.0 
76.0 -1.0 -59.0 -97.0 -128.0 -114.0 -72.0 
-15.0 73.0 130.0 105.0 46.0 16.0 -8.0 
-39.0 -38.0 -24.0 -53.0 -92.0 -98.0 -92.0 
-57.0 20.0 66.0 69.0 98.0 118.0 83.0 
43.0 8.0 -29.0 -32.0 -15.0 -21.0 -35.0 
-24.0 -19.0 -46.0 -67.0 -52.0 -13.0 11.0 
6.0 -7.0 -10.0 -5.0 -9.0 0.0 28.0 
32.0 8.0 -1.0 10.0 18.0 17.0 14.0 
15.0 6.0 -9.0 13.0 66.0 84.0 35.0 
-15.0 14.0 50.0 -4.0 -89.0 -119.0 -106.0 
-73.0 -18.0 0.0 -55.0 -78.0 -35.0 -29.0 
-55.0 -10.0 64.0 103.0 130.0 153.0 136.0 
81.0 24.0 -17.0 -36.0 -36.0 -48.0 -93.0 
-140.0 -108.0 -10.0 50.0 71.0 84.0 65.0 
41.0 50.0 60.0 22.0 -49.0 -78.0 -20.0 
64.0 85.0 29.0 -37.0 -67.0 -58.0 -23.0 
10.0 34.0 40.0 11.0 -34.0 -38.0 11.0 
43.0 22.0 -17.0 -45.0 -39.0 -22.0 -12.0 
0.0 -8.0 -22.0 -26.0 -38.0 -31.0 10.0 
36.0 33.0 13.0 -18.0 -40.0 -49.0 -48.0 
-21.0 6.0 -14.0 -36.0 18.0 77.0 42.0 
-8.0 -10.0 -10.0 2.0 43.0 44.0 21.0 
21.0 13.0 -3.0 1.0 -4.0 -21.0 0.0 
46.0 67.0 39.0 -7.0 -21.0 -8.0 -18.0 
-54.0 -90.0 -104.0 -96.0 -78.0 -62.0 -61.0 
-81.0 -85.0 -33.0 48.0 111.0 137.0 118.0 
68.0 41.0 64.0 76.0 45.0 -1.0 -65.0 
-132.0 -126.0 -57.0 -27.0 -23.0 21.0 67.0 
67.0 46.0 25.0 2.0 4.0 40.0 80.0 
84.0 44.0 -7.0 -35.0 -34.0 -19.0 -21.0 
-40.0 -62.0 -79.0 -52.0 1.0 -8.0 -47.0 
-18.0 29.0 9.0 -22.0 -3.0 13.0 8.0 
21.0 54.0 58.0 1.0 -52.0 -41.0 -13.0 
-23.0 -49.0 -49.0 -7.0 39.0 54.0 48.0 
32.0 -2.0 -39.0 -36.0 20.0 67.0 45.0 
12.0 24.0 33.0 7.0 -6.0 9.0 13.0 
-7.0 -22.0 -43.0 -67.0 -64.0 -44.0 -28.0 
-33.0 -52.0 -50.0 -20.0 3.0 13.0 29.0 
38.0 32.0 43.0 57.0 18.0 -35.0 -42.0 
-41.0 -72.0 -91.0 -68.0 -23.0 26.0 56.0 
52.0 38.0 23.0 15.0 31.0 41.0 4.0 
-35.0 -23.0 10.0 18.0 1.0 -17.0 -27.0 
-27.0 -26.0 -30.0 -30.0 -33.0 -54.0 -71.0 
-59.0 -31.0 -3.0 24.0 40.0 44.0 45.0 
23.0 -12.0 -15.0 0.0 -25.0 -60.0 -53.0 
-21.0 3.0 15.0 14.0 0.0 7.0 36.0 
25.0 -12.0 -15.0 14.0 31.0 24.0 3.0 
-21.0 -36.0 -49.0 -48.0 -25.0 -17.0 -34.0 
-25.0 9.0 27.0 28.0 21.0 -1.0 -27.0 
-41.0 -41.0 -21.0 -6.0 -12.0 -8.0 13.0 
11.0 -8.0 -17.0 -18.0 1.0 39.0 45.0 
16.0 -12.0 -39.0 -76.0 -90.0 -67.0 -34.0 
-13.0 1.0 11.0 17.0 32.0 49.0 69.0 
82.0 55.0 -11.0 -72.0 -100.0 -97.0 -78.0 
-54.0 -20.0 20.0 51.0 40.0 0.0 -15.0 
2.0 23.0 41.0 56.0 43.0 -13.0 -61.0 
-52.0 -14.0 -1.0 -14.0 -24.0 -26.0 -20.0 
-11.0 -13.0 -15.0 2.0 33.0 42.0 20.0 
-3.0 -6.0 -5.0 -8.0 -1.0 2.0 -19.0 
-44.0 -35.0 8.0 44.0 45.0 22.0 -8.0 
-22.0 -22.0 -31.0 -29.0 -5.0 15.0 9.0 
-24.0 -55.0 -59.0 -32.0 5.0 31.0 31.0 
9.0 -1.0 9.0 18.0 14.0 -3.0 -39.0 
-74.0 -88.0 -77.0 -53.0 -25.0 9.0 42.0 
47.0 35.0 34.0 30.0 -5.0 -41.0 -37.0 
-16.0 -20.0 -42.0 -37.0 -8.0 0.0 -9.0 
-10.0 -19.0 -37.0 -34.0 -20.0 -20.0 -6.0 
30.0 54.0 54.0 28.0 -23.0 -68.0 -54.0 
2.0 28.0 11.0 -11.0 -35.0 -49.0 -42.0 
-22.0 -5.0 4.0 24.0 41.0 21.0 -1.0 
15.0 43.0 39.0 7.0 -27.0 -41.0 -25.0 
-4.0 -1.0 -11.0 -16.0 -13.0 -4.0 0.0 
-10.0 -25.0 -22.0 -12.0 -20.0 -31.0 -30.0 
-16.0 -4.0 -21.0 -47.0 -47.0 -20.0 8.0 
25.0 25.0 14.0 0.0 -2.0 2.0 0.0 
7.0 10.0 -7.0 -30.0 -33.0 -15.0 0.0 
5.0 1.0 -8.0 -3.0 9.0 5.0 -3.0 
1.0 12.0 29.0 43.0 22.0 -15.0 -16.0 
0.0 -6.0 -14.0 -8.0 -7.0 -9.0 -1.0 
5.0 1.0 -2.0 -1.0 0.0 4.0 8.0 
-5.0 -33.0 -39.0 -12.0 11.0 5.0 -6.0 
-2.0 7.0 11.0 0.0 -30.0 -59.0 -61.0 
-45.0 -34.0 -23.0 -5.0 6.0 12.0 25.0 
42.0 48.0 44.0 28.0 -5.0 -33.0 -41.0 
-45.0 -48.0 -49.0 -64.0 -81.0 -74.0 -43.0 
-6.0 16.0 20.0 14.0 18.0 35.0 44.0 
41.0 40.0 34.0 24.0 25.0 22.0 4.0 
-14.0 -21.0 -15.0 0.0 11.0 20.0 26.0 
27.0 12.0 -21.0 -53.0 -64.0 -53.0 -26.0 
0.0 12.0 11.0 10.0 19.0 26.0 13.0 
-7.0 -10.0 6.0 18.0 8.0 4.0 24.0 
45.0 47.0 34.0 12.0 -6.0 -10.0 -9.0 
-14.0 -25.0 -33.0 -35.0 -31.0 -23.0 -20.0 
-19.0 -15.0 -8.0 -1.0 2.0 -2.0 -10.0 
0.0 24.0 36.0 32.0 23.0 10.0 -11.0 
-31.0 -26.0 -10.0 -12.0 -28.0 -38.0 -35.0 
-24.0 -17.0 -17.0 -16.0 -10.0 -6.0 -8.0 
-6.0 5.0 14.0 13.0 11.0 10.0 7.0 
3.0 0.0 2.0 5.0 0.0 -10.0 -20.0 
-26.0 -27.0 -20.0 -10.0 -10.0 -17.0 -12.0 
-2.0 0.0 -5.0 -1.0 10.0 14.0 6.0 
7.0 18.0 17.0 8.0 12.0 25.0 33.0 
35.0 26.0 11.0 -2.0 -8.0 -8.0 -16.0 
-28.0 -33.0 -31.0 -26.0 -17.0 -1.0 14.0 
16.0 4.0 0.0 6.0 10.0 7.0 -3.0 
-17.0 -29.0 -34.0 -35.0 -32.0 -25.0 -20.0 
-18.0 -10.0 -1.0 -5.0 -12.0 -7.0 -4.0 
-12.0 -21.0 -20.0 -9.0 -3.0 -20.0 -42.0 
-39.0 -20.0 -9.0 -7.0 2.0 16.0 15.0 
3.0 1.0 7.0 1.0 -3.0 6.0 15.0 
16.0 13.0 10.0 13.0 18.0 18.0 18.0 
24.0 29.0 25.0 21.0 24.0 22.0 7.0 
-6.0 -10.0 -9.0 -6.0 4.0 19.0 28.0 
28.0 25.0 19.0 13.0 10.0 9.0 9.0 
14.0 23.0 28.0 25.0 23.0 25.0 23.0 
20.0 20.0 20.0 14.0 0.0 -11.0 -14.0 
-10.0 -3.0 9.0 20.0 22.0 19.0 14.0 
10.0 5.0 7.0 13.0 10.0 -4.0 -17.0 
-23.0 -25.0 -18.0 -9.0 -7.0 -11.0 -12.0 
-8.0 -1.0 6.0 11.0 9.0 7.0 9.0 
13.0 20.0 30.0 37.0 29.0 11.0 -3.0 
-14.0 -20.0 -16.0 -14.0 -27.0 -47.0 -52.0 
-29.0 6.0 28.0 33.0 36.0 38.0 34.0 
33.0 33.0 29.0 22.0 17.0 12.0 11.0 
15.0 15.0 9.0 6.0 6.0 5.0 0.0 
-9.0 -16.0 -12.0 -10.0 -13.0 -7.0 8.0 
17.0 19.0 20.0 17.0 9.0 2.0 -6.0 
-20.0 -23.0 -11.0 0.0 -1.0 -5.0 -4.0 
-6.0 -8.0 -3.0 5.0 9.0 7.0 3.0 
7.0 16.0 22.0 23.0 17.0 11.0 12.0 
16.0 15.0 13.0 11.0 7.0 0.0 -12.0 
-20.0 -17.0 -11.0 -12.0 -18.0 -24.0 -29.0 
-30.0 -27.0 -15.0 0.0 9.0 9.0 0.0 
-6.0 2.0 6.0 -5.0 -17.0 -20.0 -16.0 
-5.0 0.0 -3.0 -2.0 8.0 13.0 8.0 
0.0 -1.0 3.0 8.0 12.0 25.0 40.0 
45.0 39.0 32.0 25.0 22.0 24.0 27.0 
24.0 17.0 5.0 -10.0 -24.0 -35.0 -42.0 
-45.0 -45.0 -38.0 -24.0 -11.0 -8.0 -12.0 
-16.0 -16.0 -10.0 -4.0 -6.0 -8.0 -4.0 
4.0 9.0 11.0 16.0 26.0 30.0 22.0 
9.0 6.0 16.0 28.0 31.0 24.0 13.0 
8.0 4.0 -4.0 -10.0 -4.0 0.0 -6.0 
-12.0 -14.0 -17.0 -20.0 -15.0 -3.0 0.0 
-8.0 -22.0 -32.0 -38.0 -36.0 -26.0 -16.0 
-11.0 -11.0 -13.0 -12.0 -6.0 -4.0 -6.0 
-3.0 0.0 -1.0 -5.0 -2.0 6.0 12.0 
10.0 5.0 7.0 19.0 35.0 40.0 32.0 
23.0 16.0 10.0 8.0 8.0 3.0 -5.0 
-7.0 -1.0 2.0 0.0 0.0 0.0 2.0 
3.0 2.0 0.0 -2.0 0.0 6.0 4.0 
-4.0 -11.0 -13.0 -14.0 -16.0 -14.0 -13.0 
-17.0 -20.0 -18.0 -11.0 0.0 12.0 18.0 
20.0 17.0 12.0 12.0 13.0 10.0 6.0 
5.0 6.0 8.0 10.0 5.0 -4.0 -15.0 
-23.0 -25.0 -18.0 -9.0 -3.0 -3.0 -2.0 
2.0 2.0 1.0 5.0 12.0 12.0 6.0 
2.0 0.0 -5.0 -10.0 -15.0 -19.0 -21.0 
-17.0 -9.0 -5.0 -3.0 0.0 1.0 -2.0 
-2.0 5.0 13.0 13.0 12.0 12.0 9.0 
8.0 11.0 12.0 5.0 -5.0 -7.0 -2.0 
0.0 -3.0 -8.0 -14.0 -13.0 -3.0 6.0 
11.0 11.0 8.0 5.0 9.0 14.0 18.0 
22.0 24.0 19.0 10.0 2.0 -4.0 -7.0 
-3.0 0.0 -5.0 -16.0 -21.0 -18.0 -19.0 
-21.0 -16.0 -15.0 -20.0 -15.0 -3.0 3.0 
6.0 5.0 1.0 0.0 0.0 -7.0 -14.0 
-12.0 -6.0 -6.0 -7.0 -4.0 -4.0 -9.0 
-11.0 -4.0 -2.0 -6.0 -10.0 -9.0 0.0 
11.0 18.0 18.0 15.0 8.0 0.0 0.0 
5.0 8.0 8.0 11.0 18.0 25.0 29.0 
27.0 20.0 10.0 0.0 -7.0 -12.0 -11.0 
-9.0 -7.0 0.0 5.0 11.0 18.0 19.0 
11.0 4.0 1.0 0.0 -1.0 -4.0 -9.0 
-11.0 -12.0 -11.0 -5.0 3.0 13.0 19.0 
18.0 15.0 18.0 23.0 18.0 8.0 5.0 
8.0 5.0 0.0 0.0 3.0 7.0 9.0 
6.0 2.0 0.0 2.0 12.0 22.0 29.0 
28.0 22.0 16.0 13.0 9.0 3.0 0.0 
-2.0 -1.0 -1.0 -4.0 -9.0 -13.0 -10.0 
-2.0 3.0 3.0 2.0 7.0 16.0 22.0 
26.0 29.0 30.0 27.0 23.0 17.0 7.0 
-1.0 -7.0 -7.0 -3.0 0.0 4.0 9.0 
10.0 4.0 -4.0 -8.0 -6.0 -3.0 -2.0 
-1.0 0.0 0.0 1.0 3.0 5.0 2.0 
0.0 1.0 1.0 0.0 -1.0 -3.0 -3.0 
-4.0 -7.0 -8.0 -5.0 -3.0 -1.0 3.0 
6.0 5.0 1.0 0.0 3.0 4.0 0.0 
-8.0 -17.0 -20.0 -18.0 -15.0 -17.0 -17.0 
-15.0 -15.0 -19.0 -21.0 -18.0 -14.0 -9.0 
-6.0 -7.0 -3.0 4.0 11.0 16.0 16.0 
11.0 4.0 -3.0 -10.0 -11.0 -9.0 -8.0 
-9.0 -11.0 -11.0 -9.0 -2.0 1.0 0.0 
-6.0 -10.0 -11.0 -12.0 -11.0 -5.0 1.0 
7.0 10.0 8.0 6.0 6.0 3.0 0.0 
-2.0 -4.0 -6.0 -5.0 -1.0 3.0 9.0 
11.0 12.0 12.0 13.0 12.0 6.0 -1.0 
-7.0 -7.0 -6.0 -7.0 -6.0 -4.0 -3.0 
-1.0 2.0 6.0 7.0 6.0 7.0 10.0 
12.0 10.0 5.0 2.0 3.0 2.0 0.0 
0.0 -3.0 -9.0 -11.0 -8.0 -6.0 -3.0 
1.0 5.0 6.0 6.0 5.0 4.0 3.0 
3.0 3.0 3.0 2.0 1.0 -2.0 -9.0 
-9.0 -4.0 -1.0 0.0 -4.0 -10.0 -12.0 
-11.0 -12.0 -12.0 -9.0 -9.0 -12.0 -14.0 
-15.0 -16.0 -18.0 -18.0 -16.0 -9.0 -3.0 
-2.0 -4.0 -6.0 -6.0 -6.0 -6.0 -9.0 
-13.0 -14.0 -13.0 -12.0 -9.0 -9.0 -8.0 
-8.0 -8.0 -9.0 -10.0 -11.0 -15.0 -18.0 
-16.0 -11.0 -6.0 -6.0 -5.0 -3.0 -5.0 
-11.0 -13.0 -10.0 -9.0 -10.0 -8.0 -6.0 
-7.0 -9.0 -11.0 -10.0 -6.0 0.0 0.0 
-5.0 -10.0 -12.0 -14.0 -15.0 -11.0 -10.0 
-17.0 -27.0 -31.0 -29.0 -28.0 -26.0 -20.0 
-10.0 -6.0 -10.0 -12.0 -8.0 -5.0 -4.0 
-3.0 0.0 0.0 -3.0 -6.0 -9.0 -11.0 
-9.0 -8.0 -7.0 -5.0 -2.0 -1.0 -1.0 
-1.0 -2.0 -3.0 -3.0 -3.0 -5.0 -9.0 
-13.0 -15.0 -15.0 -14.0 -10.0 -6.0 -6.0 
-6.0 -6.0 -7.0 -10.0 -14.0 -21.0 -25.0 
-22.0 -19.0 -19.0 -21.0 -19.0 -13.0 -8.0 
-1.0 1.0 0.0 -2.0 -1.0 0.0 0.0 
0.0 0.0 -1.0 -2.0 0.0 0.0 1.0 
2.0 1.0 0.0 -1.0 0.0 0.0 -2.0 
-5.0 -6.0 -5.0 -5.0 -7.0 -10.0 -12.0 
-13.0 -15.0 -17.0 -16.0 -14.0 -13.0 -10.0 
-5.0 -2.0 -1.0 -1.0 1.0 3.0 0.0 
-6.0 -9.0 -10.0 -8.0 -6.0 -3.0 -4.0 
-7.0 -8.0 -11.0 -16.0 -21.0 -25.0 -26.0 
-21.0 -14.0 -7.0 -3.0 0.0 1.0 0.0 
-3.0 -7.0 -16.0 -23.0 -21.0 -14.0 -9.0 
-4.0 0.0 3.0 4.0 3.0 0.0 0.0 
1.0 -1.0 -7.0 -9.0 -9.0 -8.0 -6.0 
-5.0 -8.0 -9.0 -11.0 -11.0 -9.0 -5.0 
-2.0 -1.0 -1.0 -4.0 -5.0 -7.0 -7.0 
-4.0 -2.0 -2.0 -1.0 1.0 4.0 5.0 
4.0 1.0 -2.0 -6.0 -9.0 -9.0 -8.0 
-5.0 -2.0 -2.0 -6.0 -10.0 -10.0 -6.0 
-1.0 0.0 0.0 0.0 -1.0 -1.0 2.0 
5.0 4.0 4.0 5.0 3.0 0.0 1.0 
0.0 -2.0 -3.0 -4.0 -9.0 -15.0 -17.0 
-18.0 -18.0 -19.0 -18.0 -16.0 -15.0 -11.0 
-4.0 3.0 6.0 5.0 4.0 6.0 11.0 
13.0 12.0 9.0 8.0 5.0 0.0 -1.0 
-2.0 0.0 5.0 11.0 16.0 17.0 15.0 
11.0 10.0 10.0 9.0 8.0 6.0 0.0 
-5.0 -4.0 0.0 2.0 2.0 3.0 2.0 
-2.0 -8.0 -11.0 -10.0 -9.0 -10.0 -13.0 
-14.0 -13.0 -11.0 -9.0 -7.0 -5.0 -5.0 
-6.0 -6.0 -7.0 -8.0 -8.0 -7.0 -3.0 
0.0 1.0 1.0 3.0 6.0 7.0 4.0 
1.0 -1.0 -4.0 -5.0 -2.0 -1.0 -1.0 
0.0 0.0 0.0 0.0 -4.0 -7.0 -9.0 
-8.0 -6.0 -6.0 -8.0 -10.0 -9.0 -9.0 
-8.0 -8.0 -6.0 -3.0 -1.0 0.0 0.0 
2.0 2.0 1.0 3.0 6.0 5.0 1.0 
-1.0 -2.0 -2.0 0.0 4.0 6.0 5.0 
3.0 1.0 0.0 1.0 1.0 1.0 2.0 
2.0 0.0 -2.0 -2.0 -2.0 0.0 2.0 
4.0 5.0 7.0 7.0 7.0 6.0 4.0 
1.0 -3.0 -8.0 -13.0 -16.0 -17.0 -17.0 
-15.0 -13.0 -11.0 -9.0 -8.0 -6.0 -1.0 
2.0 2.0 1.0 1.0 1.0 0.0 0.0 
-1.0 -2.0 -5.0 -6.0 -6.0 -3.0 1.0 
5.0 8.0 9.0 9.0 8.0 6.0 5.0 
5.0 5.0 2.0 0.0 -2.0 -3.0 -4.0 
-5.0 -5.0 -6.0 -6.0 -7.0 -4.0 -1.0 
-1.0 -2.0 -1.0 -2.0 -3.0 -3.0 -1.0 
1.0 3.0 5.0 8.0 11.0 9.0 5.0 
4.0 4.0 3.0 0.0 -2.0 -3.0 -3.0 
-2.0 -2.0 -2.0 -1.0 0.0 1.0 0.0 
-1.0 -2.0 -6.0 -9.0 -10.0 -12.0 -14.0 
-15.0 -14.0 -11.0 -6.0 0.0 5.0 8.0 
10.0 11.0 11.0 8.0 6.0 5.0 2.0 
0.0 -2.0 -5.0 -7.0 -10.0 -13.0 -17.0 
-18.0 -17.0 -13.0 -9.0 -6.0 -3.0 1.0 
2.0 1.0 1.0 2.0 2.0 3.0 3.0 
4.0 3.0 2.0 1.0 2.0 2.0 2.0 
4.0 4.0 4.0 3.0 2.0 1.0 0.0 
-1.0 -4.0 -7.0 -9.0 -9.0 -8.0 -7.0 
-6.0 -3.0 1.0 4.0 3.0 3.0 4.0 
5.0 6.0 7.0 7.0 5.0 5.0 6.0 
7.0 5.0 4.0 5.0 4.0 0.0 -1.0 
-2.0 -3.0 -5.0 -8.0 -9.0 -7.0 -4.0 
-3.0 0.0 3.0 3.0 1.0 2.0 3.0 
2.0 1.0 0.0 0.0 0.0 2.0 3.0 
1.0 -1.0 0.0 1.0 0.0 0.0 0.0 
0.0 0.0 0.0 0.0 1.0 1.0 0.0 
0.0 0.0 0.0 0.0 2.0 4.0 4.0 
4.0 5.0 5.0 1.0 -4.0 -7.0 -8.0 
-12.0 -16.0 -15.0 -15.0 -15.0 -12.0 -8.0 
-5.0 -1.0 2.0 3.0 4.0 7.0 11.0 
14.0 15.0 15.0 13.0 12.0 10.0 7.0 
5.0 4.0 4.0 3.0 1.0 0.0 -2.0 
-6.0 -10.0 -12.0 -12.0 -13.0 -13.0 -10.0 
-8.0 -7.0 -5.0 -2.0 0.0 2.0 3.0 
3.0 3.0 2.0 2.0 1.0 0.0 -2.0 
-2.0 0.0 0.0 0.0 0.0 1.0 1.0 
1.0 0.0 -1.0 -1.0 -2.0 -4.0 -5.0 
-5.0 -6.0 -6.0 -4.0 -3.0 -2.0 -2.0 
-2.0 -2.0 -2.0 -2.0 -2.0 -1.0 0.0 
2.0 4.0 6.0 8.0 9.0 7.0 5.0 
3.0 1.0 -2.0 -5.0 -7.0 -7.0 -7.0 
-6.0 -7.0 -9.0 -10.0 -10.0 -11.0 -12.0 
-14.0 -17.0 -19.0 -18.0 -17.0 -18.0 -19.0 
-18.0 -19.0 -18.0 -17.0 -16.0 -16.0 -17.0 
-19.0 -19.0 -17.0 -14.0 -11.0 -9.0 -9.0 
-9.0 -9.0 -9.0 -8.0 -7.0 -7.0 -9.0 
-11.0 -11.0 -10.0 -12.0 -14.0 -15.0 -18.0 
-19.0 -19.0 -20.0 -21.0 -19.0 -19.0 -21.0 
-20.0 -18.0 -16.0 -16.0 -13.0 -10.0 -10.0 
-11.0 -9.0 -7.0 -4.0 -1.0 0.0 0.0 
0.0 0.0 0.0 -2.0 -5.0 -8.0 -11.0 
-14.0 -15.0 -15.0 -16.0 -16.0 -14.0 -11.0 
-11.0 -13.0 -14.0 -12.0 -10.0 -8.0 -5.0 
-4.0 -2.0 0.0 -1.0 -5.0 -9.0 -12.0 
-13.0 -14.0 -13.0 -11.0 -9.0 -8.0 -8.0 
-9.0 -10.0 -10.0 -10.0 -8.0 -9.0 -10.0 
-11.0 -9.0 -8.0 -8.0 -7.0 -8.0 -11.0 
-13.0 -15.0 -18.0 -22.0 -23.0 -22.0 -23.0 
-24.0 -24.0 -23.0 -20.0 -18.0 -17.0 -15.0 
-11.0 -9.0 -10.0 -10.0 -8.0 -6.0 -5.0 
-5.0 -4.0 -1.0 0.0 0.0 3.0 3.0 
0.0 0.0 0.0 0.0 -1.0 -1.0 -2.0 
-1.0 -1.0 -1.0 0.0 0.0 -1.0 -1.0 
-1.0 -1.0 -2.0 -4.0 -5.0 -5.0 -4.0 
-4.0 -3.0 -1.0 0.0 1.0 4.0 5.0 
3.0 2.0 2.0 0.0 -1.0 -2.0 -1.0 
-1.0 -1.0 -1.0 -1.0 -2.0 -3.0 -6.0 
-8.0 -10.0 -11.0 -11.0 -11.0 -12.0 -12.0 
-11.0 -8.0 -5.0 -3.0 -1.0 2.0 6.0 
10.0 12.0 13.0 14.0 14.0 13.0 11.0 
8.0 6.0 3.0 0.0 -2.0 -3.0 -3.0 
-5.0 -5.0 -4.0 -3.0 -1.0 0.0 0.0 
1.0 1.0 1.0 0.0 0.0 0.0 0.0 
1.0 3.0 4.0 3.0 0.0 0.0 0.0 
0.0 -3.0 -5.0 -5.0 -5.0 -5.0 -6.0 
-6.0 -6.0 -7.0 -7.0 -8.0 -9.0 -10.0 
-8.0 -6.0 -5.0 -4.0 -2.0 0.0 -1.0 
-2.0 -1.0 0.0 0.0 0.0 1.0 1.0 
2.0 5.0 7.0 7.0 6.0 6.0 5.0 
5.0 4.0 2.0 0.0 -2.0 -3.0 -4.0 
-5.0 -5.0 -5.0 -4.0 -4.0 -5.0 -6.0 
-5.0 -4.0 -4.0 -4.0 -5.0 -8.0 -11.0 
-13.0 -13.0 -12.0 -10.0 -8.0 -7.0 -5.0 
-4.0 -3.0 -1.0 0.0 -1.0 -1.0 0.0 
1.0 2.0 4.0 6.0 6.0 5.0 3.0 
2.0 1.0 0.0 -3.0 -5.0 -7.0 -7.0 
-7.0 -7.0 -8.0 -12.0 -17.0 -19.0 -18.0 
-19.0 -20.0 -21.0 -22.0 -21.0 -20.0 -19.0 
-19.0 -19.0 -18.0 -15.0 -13.0 -13.0 -13.0 
-13.0 -13.0 -13.0 -15.0 -15.0 -14.0 -12.0 
-11.0 -10.0 -9.0 -8.0 -7.0 -6.0 -5.0 
-6.0 -7.0 -7.0 -7.0 -10.0 -10.0 -8.0 
-7.0 -7.0 -8.0 -10.0 -12.0 -12.0 -12.0 
-13.0 -13.0 -12.0 -12.0 -12.0 -14.0 -16.0 
-17.0 -16.0 -14.0 -12.0 -11.0 -11.0 -12.0 
-12.0 -11.0 -11.0 -11.0 -12.0 -13.0 -13.0 
-13.0 -14.0 -14.0 -13.0 -12.0 -12.0 -12.0 
-11.0 -12.0 -12.0 -10.0 -8.0 -9.0 -10.0 
-10.0 -11.0 -12.0 -12.0 -12.0 -13.0 -13.0 
-12.0 -11.0 -9.0 -8.0 -7.0 -6.0 -3.0 
-2.0 -2.0 -2.0 -2.0 -3.0 -2.0 -1.0 
-1.0 -1.0 -3.0 -5.0 -5.0 -3.0 -2.0 
-2.0 -2.0 -1.0 -1.0 -1.0 -1.0 -4.0 
-6.0 -5.0 -4.0 -5.0 -6.0 -5.0 -4.0 
-5.0 -4.0 -2.0 0.0 0.0 2.0 2.0 
2.0 4.0 4.0 3.0 1.0 0.0 -2.0 
-3.0 -4.0 -5.0 -6.0 -5.0 -4.0 -3.0 
-3.0 -2.0 0.0 1.0 1.0 0.0 0.0 
-2.0 -5.0 -7.0 -7.0 -6.0 -6.0 -5.0 
-5.0 -6.0 -6.0 -4.0 -5.0 -6.0 -7.0 
-8.0 -8.0 -9.0 -12.0 -12.0 -9.0 -7.0 
-5.0 -5.0 -5.0 -4.0 -4.0 -5.0 -4.0 
-5.0 -7.0 -8.0 -6.0 -4.0 -3.0 -4.0 
-4.0 -2.0 -2.0 -2.0 -3.0 -3.0 -3.0 
-3.0 -4.0 -3.0 -2.0 -2.0 -3.0 -3.0 
-3.0 -5.0 -5.0 -3.0 -3.0 -3.0 -3.0 
-3.0 -4.0 -4.0 -5.0 -8.0 -8.0 -8.0 
-9.0 -9.0 -8.0 -8.0 -7.0 -6.0 -4.0 
-4.0 -5.0 -5.0 -6.0 -7.0 -8.0 -10.0 
-12.0 -13.0 -13.0 -13.0 -12.0 -11.0 -11.0 
-10.0 -9.0 -9.0 -9.0 -9.0 -9.0 -11.0 
-12.0 -13.0 -14.0 -13.0 -13.0 -12.0 -12.0 
-11.0 -10.0 -10.0 -9.0 -7.0 -6.0 -5.0 
-4.0 -4.0 -6.0 -7.0 -7.0 -7.0 -7.0 
-7.0 -7.0 -7.0 -8.0 -9.0 -10.0 -11.0 
-12.0 -13.0 -13.0 -13.0 -12.0 -12.0 -11.0 
-12.0 -12.0 -11.0 -9.0 -8.0 -7.0 -6.0 
-5.0 -5.0 -4.0 -2.0 -1.0 -1.0 0.0 
2.0 1.0 1.0 0.0 -2.0 -5.0 -7.0 
-8.0 -9.0 -11.0 -14.0 -17.0 -17.0 -17.0 
-17.0 -15.0 -13.0 -11.0 -10.0 -8.0 -6.0 
-5.0 -4.0 -3.0 -3.0 -3.0 -3.0 -3.0 
-3.0 -2.0 -3.0 -6.0 -8.0 -8.0 -9.0 
-9.0 -8.0 -7.0 -7.0 -7.0 -6.0 -5.0 
-4.0 -4.0 -3.0 -4.0 -4.0 -5.0 -6.0 
-4.0 -4.0 -4.0 -4.0 -3.0 -3.0 -3.0 
-2.0 -1.0 -2.0 -5.0 -8.0 -8.0 -8.0 
-9.0 -11.0 -12.0 -14.0 -15.0 -16.0 -17.0 
-16.0 -16.0 -16.0 -17.0 -16.0 -15.0 -15.0 
-15.0 -15.0 -15.0 -16.0 -16.0 -15.0 -15.0 
-15.0 -14.0 -14.0 -14.0 -13.0 -12.0 -12.0 
-13.0 -12.0 -10.0 -9.0 -9.0 -9.0 -8.0 
-7.0 -7.0 -6.0 -6.0 -8.0 -10.0 -9.0 
-7.0 -6.0 -7.0 -6.0 -5.0 -5.0 -5.0 
-5.0 -6.0 -7.0 -6.0 -5.0 -5.0 -6.0 
-5.0 -5.0 -6.0 -7.0 -8.0 -9.0 -10.0 
-11.0 -11.0 -11.0 -11.0 -11.0 -11.0 -11.0 
-9.0 -7.0 -7.0 -7.0 -6.0 -5.0 -4.0 
-3.0 -3.0 -1.0 0.0 0.0 0.0 -1.0 
-5.0 -7.0 -8.0 -9.0 -10.0 -12.0 -13.0 
-13.0 -13.0 -14.0 -14.0 -13.0 -11.0 -10.0 
-10.0 -9.0 -7.0 -6.0 -7.0 -6.0 -4.0 
-5.0 -5.0 -3.0 -2.0 -2.0 -2.0 -2.0 
-5.0 -6.0 -6.0 -6.0 -7.0 -7.0 -7.0 
-7.0 -7.0 -5.0 -6.0 -6.0 -5.0 -5.0 
-6.0 -5.0 -4.0 -4.0 -4.0 -3.0 -4.0 
-5.0 -5.0 -6.0 -6.0 -6.0 -6.0 -7.0 
-8.0 -9.0 -10.0 -10.0 -10.0 -12.0 -14.0 
-13.0 -13.0 -12.0 -11.0 -11.0 -11.0 -10.0 
-8.0 -8.0 -9.0 -8.0 -6.0 -5.0 -5.0 
-6.0 -6.0 -4.0 -3.0 -4.0 -6.0 -8.0 
-11.0 -12.0 -11.0 -12.0 -14.0 -15.0 -15.0 
-16.0 -16.0 -16.0 -17.0 -18.0 -16.0 -15.0 
-14.0 -13.0 -13.0 -13.0 -10.0 -9.0 -9.0 
-10.0 -9.0 -7.0 -7.0 -7.0 -6.0 -6.0 
-6.0 -6.0 -7.0 -7.0 -5.0 -4.0 -5.0 
-6.0 -6.0 -6.0 -6.0 -7.0 -7.0 -6.0 
-8.0 -9.0 -9.0 -10.0 -10.0 -10.0 -9.0 
-10.0 -10.0 -10.0 -10.0 -10.0 -10.0 -9.0 
-7.0 -6.0 -5.0 -4.0 -4.0 -3.0 -2.0 
-1.0 -1.0 -1.0 -1.0 0.0 0.0 0.0 
-1.0 -2.0 -3.0 -5.0 -7.0 -8.0 -8.0 
-9.0 -11.0 -12.0 -11.0 -11.0 -13.0 -13.0 
-11.0 -11.0 -11.0 -10.0 -9.0 -7.0 -6.0 
-6.0 -6.0 -6.0 -5.0 -6.0 -6.0 -6.0 
-5.0 -4.0 -3.0 -2.0 -2.0 -2.0 -1.0 
0.0 -2.0 -3.0 -5.0 -6.0 -5.0 -5.0 
-7.0 -9.0 -9.0 -8.0 -8.0 -8.0 -7.0 
-6.0 -5.0 -4.0 -5.0 -6.0 -6.0 -6.0 
-5.0 -5.0 -7.0 -8.0 -10.0 -10.0 -9.0 
-9.0 -10.0 -9.0 -9.0 -9.0 -9.0 -8.0 
-8.0 -8.0 -9.0 -9.0 -8.0 -8.0 -9.0 
-10.0 -12.0 -13.0 -13.0 -11.0 -10.0 -10.0 
-9.0 -8.0 -6.0 -5.0 -4.0 -2.0 -1.0 
-1.0 0.0 2.0 2.0 1.0 0.0 0.0 
0.0 0.0 0.0 0.0 -1.0 -1.0 -2.0 
-4.0 -5.0 -6.0 -8.0 -8.0 -7.0 -8.0 
-8.0 -9.0 -9.0 -8.0 -7.0 -8.0 -9.0 
-9.0 -8.0 -9.0 -9.0 -8.0 -7.0 -7.0 
-7.0 -7.0 -6.0 -6.0 -5.0 -5.0 -4.0 
-3.0 -4.0 -4.0 -3.0 -2.0 -1.0 -1.0 
-1.0 -1.0 0.0 0.0 -1.0 0.0 2.0 
2.0 1.0 0.0 -1.0 -2.0 -3.0 -3.0 
-3.0 -6.0 -7.0 -6.0 -6.0 -7.0 -7.0 
-8.0 -10.0 -11.0 -11.0 -9.0 -8.0 -7.0 
-7.0 -6.0 -5.0 -4.0 -3.0 -3.0 0.0 
0.0 0.0 -1.0 -2.0 -2.0 -1.0 0.0 
-1.0 -2.0 -2.0 -2.0 -2.0 -2.0 -2.0 
-1.0 -1.0 -1.0 0.0 0.0 0.0 0.0 
0.0 0.0 0.0 0.0 0.0 0.0 -1.0 
-1.0 -2.0 -2.0 -3.0 -3.0 -1.0 -1.0 
-2.0 -2.0 -1.0 -1.0 -2.0 -2.0 -3.0 
-1.0 1.0 1.0 0.0 0.0 0.0 -1.0 
-1.0 -1.0 -1.0 -2.0 -2.0 -2.0 -2.0 
-3.0 -1.0 0.0 2.0 2.0 3.0 3.0 
3.0 3.0 4.0 4.0 3.0 2.0 3.0 
3.0 1.0 0.0 0.0 0.0 0.0 -1.0 
-3.0 -3.0 -2.0 -2.0 -2.0 -2.0 -1.0 
0.0 0.0 2.0 3.0 3.0 3.0 4.0 
4.0 5.0 5.0 4.0 4.0 3.0 3.0 
2.0 2.0 3.0 2.0 0.0 0.0 0.0 
1.0 2.0 2.0 3.0 4.0 4.0 4.0 
4.0 4.0 3.0 3.0 3.0 2.0 3.0 
5.0 4.0 5.0 6.0 7.0 8.0 7.0 
7.0 7.0 7.0 8.0 8.0 8.0 8.0 
8.0 6.0 5.0 6.0 7.0 7.0 8.0 
9.0 12.0 13.0 12.0 11.0 9.0 9.0 
10.0 11.0 11.0 12.0 12.0 13.0 12.0 
10.0 7.0 6.0 7.0 8.0 6.0 6.0 
6.0 5.0 5.0 8.0 8.0 8.0 8.0 
8.0 6.0 6.0 5.0 4.0 4.0 4.0 
4.0 4.0 4.0 3.0 3.0 5.0 6.0 
7.0 7.0 8.0 8.0 8.0 9.0 9.0 
9.0 10.0 10.0 9.0 8.0 9.0 9.0 
9.0 8.0 9.0 10.0 9.0 8.0 8.0 
8.0 8.0 8.0 8.0 6.0 6.0 5.0 
4.0 4.0 6.0 5.0 4.0 3.0 3.0 
4.0 4.0 4.0 5.0 6.0 5.0 6.0 
8.0 9.0 10.0 10.0 10.0 9.0 9.0 
8.0 9.0 10.0 9.0 8.0 8.0 8.0 
8.0 8.0 9.0 9.0 8.0 7.0 6.0 
6.0 6.0 6.0 6.0 7.0 7.0 6.0 
8.0 9.0 8.0 9.0 9.0 9.0 9.0 
10.0 10.0 10.0 9.0 8.0 7.0 8.0 
8.0 8.0 7.0 5.0 5.0 5.0 3.0 
3.0 4.0 4.0 2.0 2.0 3.0 4.0 
4.0 3.0 3.0 4.0 4.0 4.0 5.0 
7.0 8.0 8.0 8.0 8.0 8.0 8.0 
8.0 8.0 9.0 9.0 9.0 8.0 9.0 
9.0 8.0 6.0 6.0 5.0 2.0 0.0 
0.0 1.0 0.0 1.0 1.0 0.0 1.0 
1.0 1.0 1.0 2.0 2.0 1.0 1.0 
1.0 0.0 0.0 0.0 -1.0 0.0 1.0 
1.0 2.0 4.0 5.0 5.0 8.0 10.0 
9.0 10.0 13.0 12.0 10.0 10.0 12.0 
11.0 10.0 10.0 10.0 11.0 12.0 13.0 
13.0 11.0 9.0 8.0 8.0 7.0 6.0 
6.0 5.0 4.0 3.0 4.0 5.0 5.0 
4.0 5.0 6.0 6.0 7.0 8.0 8.0 
9.0 10.0 11.0 11.0 11.0 11.0 10.0 
10.0 9.0 10.0 12.0 11.0 8.0 7.0 
8.0 7.0 7.0 7.0 8.0 9.0 8.0 
8.0 9.0 9.0 8.0 7.0 6.0 5.0 
6.0 7.0 7.0 7.0 7.0 8.0 9.0 
7.0 6.0 8.0 9.0 9.0 10.0 10.0 
9.0 9.0 9.0 8.0 8.0 8.0 9.0 
9.0 8.0 8.0 8.0 7.0 7.0 7.0 
8.0 8.0 8.0 8.0 9.0 10.0 12.0 
13.0 12.0 13.0 14.0 13.0 11.0 9.0 
10.0 9.0 9.0 8.0 8.0 8.0 8.0 
7.0 7.0 6.0 7.0 8.0 8.0 9.0 
9.0 8.0 8.0 8.0 7.0 5.0 5.0 
6.0 6.0 5.0 6.0 6.0 5.0 5.0 
5.0 4.0 4.0 5.0 6.0 5.0 4.0 
4.0 4.0 5.0 5.0 6.0 7.0 7.0 
6.0 7.0 9.0 9.0 9.0 10.0 12.0 
12.0 11.0 10.0 11.0 13.0 14.0 13.0 
13.0 14.0 12.0 11.0 12.0 14.0 14.0 
13.0 12.0 14.0 14.0 13.0 12.0 12.0 
14.0 15.0 14.0 14.0 15.0 16.0 16.0 
15.0 14.0 16.0 18.0 18.0 18.0 19.0 
19.0 18.0 18.0 18.0 17.0 16.0 17.0 
17.0 15.0 14.0 14.0 15.0 15.0 14.0 
13.0 14.0 15.0 16.0 17.0 18.0 20.0 
21.0 21.0 23.0 23.0 23.0 21.0 20.0 
19.0 18.0 18.0 17.0 18.0 17.0 16.0 
15.0 15.0 13.0 13.0 12.0 11.0 11.0 
13.0 14.0 13.0 12.0 12.0 13.0 12.0 
11.0 11.0 11.0 12.0 13.0 13.0 15.0 
16.0 15.0 14.0 16.0 17.0 17.0 17.0 
18.0 17.0 17.0 16.0 16.0 17.0 18.0 
17.0 16.0 17.0 19.0 18.0 16.0 16.0 
17.0 16.0 13.0 12.0 13.0 14.0 14.0 
14.0 13.0 14.0 15.0 15.0 14.0 12.0 
11.0 11.0 10.0 8.0 7.0 8.0 8.0 
7.0 5.0 6.0 7.0 9.0 10.0 12.0 
13.0 13.0 14.0 14.0 15.0 16.0 17.0 
16.0 17.0 17.0 16.0 15.0 14.0 15.0 
16.0 15.0 15.0 15.0 13.0 12.0 13.0 
15.0 15.0 14.0 14.0 15.0 15.0 15.0 
15.0 16.0 16.0 17.0 17.0 15.0 13.0 
13.0 14.0 14.0 13.0 12.0 10.0 9.0 
9.0 8.0 8.0 9.0 9.0 8.0 8.0 
8.0 8.0 8.0 9.0 11.0 13.0 12.0 
13.0 15.0 14.0 13.0 14.0 14.0 13.0 
12.0 13.0 13.0 14.0 14.0 13.0 12.0 
12.0 12.0 12.0 13.0 13.0 12.0 12.0 
11.0 10.0 8.0 8.0 8.0 9.0 7.0 
6.0 8.0 10.0 10.0 11.0 11.0 10.0 
11.0 12.0 13.0 13.0 14.0 16.0 15.0 
14.0 15.0 16.0 17.0 17.0 16.0 15.0 
15.0 16.0 16.0 15.0 16.0 16.0 15.0 
13.0 14.0 15.0 14.0 12.0 13.0 12.0 
10.0 10.0 10.0 10.0 11.0 11.0 10.0 
10.0 11.0 10.0 10.0 10.0 11.0 10.0 
9.0 8.0 7.0 7.0 8.0 9.0 8.0 
7.0 6.0 6.0 6.0 7.0 7.0 7.0 
6.0 5.0 5.0 5.0 6.0 5.0 4.0 
4.0 4.0 5.0 7.0 7.0 7.0 8.0 
9.0 8.0 7.0 7.0 7.0 7.0 8.0 
7.0 5.0 4.0 5.0 5.0 3.0 2.0 
2.0 2.0 2.0 1.0 1.0 1.0 2.0 
3.0 3.0 2.0 2.0 3.0 4.0 5.0 
4.0 2.0 2.0 3.0 4.0 3.0 4.0 
7.0 8.0 8.0 10.0 12.0 12.0 11.0 
10.0 8.0 6.0 5.0 5.0 5.0 3.0 
3.0 2.0 2.0 2.0 3.0 2.0 4.0 
4.0 4.0 3.0 2.0 2.0 2.0 0.0 
-1.0 -1.0 0.0 0.0 0.0 0.0 0.0 
0.0 0.0 0.0 0.0 1.0 2.0 2.0 
1.0 1.0 2.0 1.0 0.0 0.0 0.0 
0.0 0.0 1.0 2.0 2.0 2.0 2.0 
1.0 1.0 3.0 3.0 3.0 3.0 2.0 
1.0 1.0 1.0 0.0 0.0 -1.0 -2.0 
-3.0 -4.0 -5.0 -6.0 -7.0 -7.0 -6.0 
-6.0 -7.0 -8.0 -8.0 -8.0 -8.0 -8.0 
-8.0 -8.0 -8.0 -6.0 -5.0 -5.0 -6.0 
-5.0 -4.0 -4.0 -4.0 -4.0 -4.0 -4.0 
-4.0 -4.0 -5.0 -6.0 -7.0 -8.0 -9.0 
-9.0 -10.0 -10.0 -10.0 -10.0 -11.0 -11.0 
-10.0 -10.0 -12.0 -12.0 -11.0 -11.0 -11.0 
-11.0 -11.0 -10.0 -9.0 -10.0 -9.0 -8.0 
-7.0 -8.0 -8.0 -7.0 -7.0 -7.0 -7.0 
-7.0 -8.0 -7.0 -7.0 -6.0 -6.0 -6.0 
-7.0 -7.0 -6.0 -6.0 -7.0 -7.0 -6.0 
-7.0 -8.0 -8.0 -8.0 -8.0 -7.0 -6.0 
-7.0 -8.0 -7.0 -7.0 -8.0 -9.0 -9.0 
-8.0 -8.0 -8.0 -8.0 -8.0 -8.0 -7.0 
-6.0 -7.0 -9.0 -9.0 -7.0 -7.0 -7.0 
-8.0 -8.0 -9.0 -10.0 -9.0 -9.0 -8.0 
-8.0 -8.0 -8.0 -9.0 -10.0 -9.0 -8.0 
-9.0 -10.0 -9.0 -9.0 -10.0 -10.0 -10.0 
-12.0 -13.0 -11.0 -11.0 -12.0 -12.0 -12.0 
-12.0 -12.0 -12.0 -12.0 -12.0 -11.0 -12.0 
-13.0 -13.0 -13.0 -14.0 -14.0 -12.0 -12.0 
-11.0 -11.0 -12.0 -12.0 -11.0 -12.0 -13.0 
-13.0 -12.0 -11.0 -11.0 -11.0 -12.0 -13.0 
-14.0 -14.0 -14.0 -14.0 -15.0 -16.0 -17.0 
-18.0 -18.0 -17.0 -18.0 -18.0 -18.0 -17.0 
-17.0 -17.0 -17.0 -17.0 -17.0 -18.0 -17.0 
-16.0 -16.0 -16.0 -15.0 -15.0 -15.0 -15.0 
-15.0 -15.0 -14.0 -13.0 -13.0 -12.0 -12.0 
-12.0 -11.0 -11.0 -12.0 -11.0 -11.0 -13.0 
-14.0 -14.0 -13.0 -13.0 -14.0 -14.0 -14.0 
-12.0 -12.0 -13.0 -13.0 -11.0 -11.0 -11.0 
-10.0 -9.0 -10.0 -10.0 -9.0 -9.0 -8.0 
-8.0 -9.0 -9.0 -9.0 -8.0 -10.0 -11.0 
-10.0 -11.0 -12.0 -13.0 -14.0 -15.0 -15.0 
-15.0 -16.0 -16.0 -16.0 -17.0 -17.0 -16.0 
-16.0 -14.0 -14.0 -15.0 -15.0 -14.0 -13.0 
-13.0 -12.0 -11.0 -13.0 -12.0 -8.0 -8.0 
-9.0 -8.0 -7.0 -9.0 -9.0 -8.0 -8.0 
-10.0 -11.0 -10.0 -10.0 -10.0 -10.0 -10.0 
-9.0 -10.0 -11.0 -11.0 -12.0 -12.0 -12.0 
-13.0 -13.0 -12.0 -11.0 -11.0 -12.0 -12.0 
-11.0 -9.0 -9.0 -9.0 -9.0 -11.0 -12.0 
-11.0 -11.0 -12.0 -13.0 -12.0 -12.0 -13.0 
-12.0 -13.0 -14.0 -14.0 -14.0 -14.0 -14.0 
-14.0 -14.0 -14.0 -13.0 -13.0 -13.0 -13.0 
-13.0 -12.0 -12.0 -12.0 -10.0 -10.0 -10.0 
-9.0 -9.0 -9.0 -9.0 -9.0 -9.0 -9.0 
-8.0 -7.0 -8.0 -7.0 -8.0 -10.0 -9.0 
-9.0 -11.0 -11.0 -11.0 -11.0 -12.0 -11.0 
-11.0 -12.0 -12.0 -13.0 -12.0 -12.0 -12.0 
-11.0 -12.0 -12.0 -11.0 -11.0 -11.0 -10.0 
-9.0 -9.0 -8.0 -8.0 -8.0 -7.0 -7.0 
-9.0 -9.0 -9.0 -10.0 -10.0 -9.0 -10.0 
-10.0 -9.0 -8.0 -9.0 -9.0 -8.0 -9.0 
-9.0 -7.0 -8.0 -10.0 -10.0 -9.0 -10.0 
-10.0 -10.0 -10.0 -12.0 -13.0 -13.0 -13.0 
-12.0 -13.0 -13.0 -13.0 -13.0 -12.0 -11.0 
-11.0 -12.0 -13.0 -13.0 -12.0 -12.0 -12.0 
-10.0 -10.0 -11.0 -11.0 -9.0 -9.0 -10.0 
-10.0 -10.0 -8.0 -7.0 -7.0 -6.0 -6.0 
-5.0 -5.0 -6.0 -6.0 -5.0 -6.0 -7.0 
-9.0 -9.0 -8.0 -8.0 -9.0 -10.0 -9.0 
-9.0 -10.0 -9.0 -8.0 -9.0 -9.0 -8.0 
-7.0 -8.0 -9.0 -8.0 -9.0 -10.0 -9.0 
-9.0 -10.0 -9.0 -8.0 -6.0 -7.0 -9.0 
-8.0 -8.0 -9.0 -9.0 -7.0 -5.0 -5.0 
-6.0 -6.0 -6.0 -7.0 -7.0 -6.0 -6.0 
-7.0 -6.0 -5.0 -5.0 -6.0 -7.0 -7.0 
-6.0 -6.0 -7.0 -7.0 -6.0 -6.0 -7.0 
-8.0 -8.0 -7.0 -6.0 -6.0 -8.0 -8.0 
-8.0 -8.0 -7.0 -7.0 -7.0 -6.0 -6.0 
-7.0 -6.0 -6.0 -6.0 -6.0 -6.0 -6.0 
-7.0 -6.0 -6.0 -7.0 -7.0 -7.0 -8.0 
-8.0 -7.0 -9.0 -9.0 -8.0 -8.0 -9.0 
-9.0 -8.0 -8.0 -9.0 -8.0 -8.0 -9.0 
-8.0 -7.0 -8.0 -9.0 -8.0 -7.0 -6.0 
-7.0 -7.0 -6.0 -6.0 -5.0 -4.0 -4.0 
-5.0 -6.0 -6.0 -6.0 -7.0 -7.0 -7.0 
-8.0 -9.0 -9.0 -9.0 -10.0 -10.0 -11.0 
-12.0 -12.0 -12.0 -11.0 -11.0 -11.0 -11.0 
-10.0 -11.0 -11.0 -11.0 -10.0 -10.0 -9.0 
-9.0 -9.0 -9.0 -9.0 -8.0 -7.0 -6.0 
-6.0 -5.0 -6.0 -6.0 -6.0 -6.0 -6.0 
-5.0 -4.0 -6.0 -7.0 -7.0 -7.0 -7.0 
-6.0 -6.0 -7.0 -6.0 -5.0 -5.0 -6.0 
-5.0 -5.0 -4.0 -4.0 -5.0 -5.0 -5.0 
-5.0 -6.0 -6.0 -6.0 -7.0 -8.0 -7.0 
-6.0 -7.0 -8.0 -8.0 -9.0 -9.0 -9.0 
-8.0 -7.0 -7.0 -8.0 -8.0 -8.0 -7.0 
-7.0 -8.0 -8.0 -8.0 -8.0 -9.0 -9.0 
-9.0 -9.0 -9.0 -9.0 -9.0 -9.0 -9.0 
-9.0 -8.0 -9.0 -9.0 -9.0 -9.0 -8.0 
-8.0 -8.0 -9.0 -9.0 -9.0 -10.0 -10.0 
-9.0 -9.0 -9.0 -8.0 -9.0 -9.0 -8.0 
-9.0 -10.0 -9.0 -8.0 -7.0 -8.0 -8.0 
-7.0 -7.0 -7.0 -7.0 -7.0 -6.0 -6.0 
-6.0 -7.0 -7.0 -7.0 -7.0 -8.0 -9.0 
-10.0 -9.0 -8.0 -9.0 -9.0 -8.0 -7.0 
-6.0 -6.0 -6.0 -7.0 -7.0 -6.0 -6.0 
-7.0 -6.0 -5.0 -5.0 -6.0 -5.0 -3.0 
-4.0 -6.0 -5.0 -5.0 -6.0 -5.0 -3.0 
-4.0 -5.0 -4.0 -4.0 -6.0 -6.0 -5.0 
-5.0 -6.0 -5.0 -5.0 -5.0 -4.0 -5.0 
-5.0 -5.0 -4.0 -3.0 -2.0 -2.0 -2.0 
-3.0 -4.0 -4.0 -4.0 -4.0 -5.0 -5.0 
-4.0 -5.0 -6.0 -6.0 -5.0 -5.0 -5.0 
-7.0 -7.0 -5.0 -4.0 -4.0 -4.0 -3.0 
-2.0 -1.0 0.0 1.0 2.0 3.0 3.0 
3.0 5.0 6.0 7.0 8.0 8.0 8.0 
8.0 8.0 9.0 9.0 7.0 5.0 5.0 
6.0 5.0 5.0 4.0 4.0 3.0 3.0 
2.0 1.0 1.0 1.0 0.0 0.0 0.0 
-1.0 -2.0 -1.0 -1.0 -2.0 -3.0 -2.0 
-1.0 -1.0 0.0 0.0 1.0 1.0 1.0 
1.0 1.0 0.0 0.0 0.0 1.0 2.0 
3.0 1.0 1.0 1.0 1.0 1.0 1.0 
1.0 0.0 0.0 1.0 1.0 0.0 0.0 
0.0 0.0 0.0 0.0 0.0 0.0 0.0 
1.0 1.0 2.0 1.0 0.0 1.0 2.0 
2.0 1.0 2.0 3.0 2.0 0.0 0.0 
0.0 0.0 0.0 0.0 -1.0 -2.0 -2.0 
-2.0 -3.0 -3.0 -3.0 -3.0 -3.0 -4.0 
-5.0 -4.0 -4.0 -5.0 -6.0 -7.0 -7.0 
-6.0 -7.0 -8.0 -8.0 -7.0 -8.0 -9.0 
-8.0 -7.0 -8.0 -8.0 -8.0 -7.0 -8.0 
-8.0 -8.0 -8.0 -6.0 -5.0 -5.0 -5.0 
-6.0 -7.0 -7.0 -6.0 -7.0 -8.0 -8.0 
-8.0 -10.0 -11.0 -11.0 -11.0 -12.0 -12.0 
-12.0 -11.0 -12.0 -13.0 -12.0 -12.0 -13.0 
-13.0 -13.0 -13.0 -13.0 -13.0 -11.0 -9.0 
-11.0 -11.0 -10.0 -10.0 -12.0 -12.0 -10.0 
-8.0 -8.0 -9.0 -9.0 -8.0 -6.0 -7.0 
-8.0 -8.0 -7.0 -6.0 -7.0 -6.0 -6.0 
-7.0 -7.0 -6.0 -5.0 -5.0 -7.0 -8.0 
-6.0 -4.0 -6.0 -7.0 -5.0 -5.0 -5.0 
-5.0 -6.0 -6.0 -6.0 -6.0 -6.0 -7.0 
-6.0 -6.0 -6.0 -5.0 -5.0 -5.0 -4.0 
-3.0 -2.0 -1.0 -1.0 -1.0 0.0 -1.0 
-1.0 -1.0 -1.0 0.0 0.0 0.0 0.0 
0.0 0.0 -1.0 0.0 0.0 0.0 0.0 
1.0 0.0 0.0 1.0 1.0 0.0 0.0 
0.0 0.0 -1.0 0.0 0.0 0.0 1.0 
2.0 1.0 2.0 2.0 1.0 1.0 2.0 
2.0 1.0 3.0 3.0 3.0 3.0 3.0 
3.0 2.0 0.0 0.0 2.0 2.0 0.0 
0.0 0.0 0.0 0.0 -1.0 0.0 0.0 
0.0 0.0 0.0 0.0 0.0 0.0 0.0 
-1.0 -2.0 -3.0 -3.0 -4.0 -3.0 -2.0 
-3.0 -4.0 -3.0 -4.0 -5.0 -4.0 -4.0 
-4.0 -5.0 -5.0 -5.0 -4.0 -3.0 -3.0 
-4.0 -4.0 -6.0 -6.0 -5.0 -5.0 -5.0 
-6.0 -6.0 -6.0 -7.0 -8.0 -9.0 -8.0 
-8.0 -7.0 -6.0 -6.0 -6.0 -8.0 -9.0 
-8.0 -7.0 -7.0 -6.0 -5.0 -5.0 -6.0 
-6.0 -5.0 -5.0 -5.0 -6.0 -7.0 -6.0 
-6.0 -7.0 -8.0 -7.0 -6.0 -6.0 -7.0 
-7.0 -7.0 -6.0 -6.0 -7.0 -6.0 -5.0 
-6.0 -7.0 -7.0 -8.0 -8.0 -9.0 -9.0 
-8.0 -7.0 -9.0 -9.0 -8.0 -7.0 -8.0 
-7.0 -6.0 -7.0 -9.0 -8.0 -8.0 -7.0 
-6.0 -6.0 -7.0 -7.0 -7.0 -7.0 -6.0 
-7.0 -8.0 -9.0 -8.0 -9.0 -10.0 -10.0 
-10.0 -11.0 -9.0 -9.0 -11.0 -11.0 -9.0 
-9.0 -9.0 -9.0 -9.0 -9.0 -9.0 -10.0 
-10.0 -11.0 -13.0 -12.0 -8.0 -8.0 -9.0 
-8.0 -7.0 -7.0 -7.0 -8.0 -8.0 -8.0 
-7.0 -8.0 -8.0 -8.0 -8.0 -10.0 -10.0 
-9.0 -11.0 -11.0 -9.0 -9.0 -11.0 -11.0 
-11.0 -11.0 -10.0 -8.0 -9.0 -9.0 -8.0 
-7.0 -8.0 -8.0 -9.0 -8.0 -6.0 -7.0 
-8.0 -7.0 -6.0 -8.0 -9.0 -8.0 -8.0 
-9.0 -11.0 -11.0 -10.0 -9.0 -9.0 -9.0 
-11.0 -10.0 -9.0 -9.0 -10.0 -9.0 -8.0 
-9.0 -10.0 -10.0 -9.0 -10.0 -9.0 -8.0 
-7.0 -6.0 -6.0 -8.0 -6.0 -4.0 -7.0 
-10.0 -9.0 -7.0 -6.0 -6.0 -9.0 -10.0 
-10.0 -9.0 -7.0 -8.0 -8.0 -8.0 -8.0 
-10.0 -10.0 -8.0 -7.0 -8.0 -9.0 -9.0 
-8.0 -10.0 -11.0 -11.0 -10.0 -9.0 -9.0 
-10.0 -11.0 -12.0 -11.0 -9.0 -8.0 -10.0 
-13.0 -10.0 -9.0 -10.0 -10.0 -9.0 -9.0 
-10.0 -9.0 -8.0 -8.0 -9.0 -10.0 -10.0 
-7.0 -7.0 -9.0 -11.0 -9.0 -6.0 -7.0 
-8.0 -7.0 -6.0 -8.0 -11.0 -10.0 -9.0 
-11.0 -10.0 -9.0 -7.0 -7.0 -9.0 -10.0 
-7.0 -6.0 -8.0 -10.0 -9.0 -9.0 -8.0 
-7.0 -8.0 -10.0 -10.0 -8.0 -8.0 -10.0 
-11.0 -11.0 -12.0 -12.0 -10.0 -11.0 -13.0 
-13.0 -13.0 -13.0 -11.0 -9.0 -12.0 -14.0 
-13.0 -11.0 -10.0 -10.0 -11.0 -12.0 -10.0 
-8.0 -9.0 -10.0 -8.0 -8.0 -9.0 -8.0 
-8.0 -9.0 -10.0 -10.0 -10.0 -8.0 -5.0 
-6.0 -8.0 -10.0 -9.0 -8.0 -8.0 -8.0 
-8.0 -7.0 -8.0 -9.0 -8.0 -7.0 -8.0 
-8.0 -7.0 -6.0 -6.0 -8.0 -10.0 -9.0 
-7.0 -8.0 -10.0 -9.0 -7.0 -8.0 -8.0 
-9.0 -11.0 -10.0 -8.0 -9.0 -11.0 -10.0 
-9.0 -10.0 -10.0 -10.0 -11.0 -11.0 -10.0 
-10.0 -9.0 -9.0 -10.0 -12.0 -11.0 -10.0 
-10.0 -9.0 -9.0 -10.0 -9.0 -7.0 -9.0 
-10.0 -9.0 -8.0 -9.0 -9.0 -9.0 -11.0 
-10.0 -8.0 -8.0 -8.0 -8.0 -8.0 -7.0 
-6.0 -6.0 -6.0 -6.0 -7.0 -7.0 -8.0 
-7.0 -7.0 -9.0 -9.0 -7.0 -6.0 -8.0 
-9.0 -8.0 -7.0 -8.0 -10.0 -10.0 -10.0 
-9.0 -8.0 -7.0 -9.0 -10.0 -10.0 -9.0 
-9.0 -9.0 -10.0 -11.0 -10.0 -9.0 -10.0 
-11.0 -10.0 -10.0 -11.0 -9.0 -10.0 -11.0 
-10.0 -9.0 -10.0 -11.0 -10.0 -9.0 -10.0 
-11.0 -10.0 -10.0 -11.0 -11.0 -11.0 -11.0 
-11.0 -11.0 -10.0 -10.0 -10.0 -10.0 -9.0 
-9.0 -11.0 -11.0 -11.0 -11.0 -11.0 -10.0 
-10.0 -10.0 -9.0 -10.0 -10.0 -9.0 -9.0 
-9.0 -10.0 -11.0 -11.0 -10.0 -9.0 -10.0 
-11.0 -9.0 -9.0 -10.0 -11.0 -10.0 -9.0 
-9.0 -9.0 -9.0 -9.0 -9.0 -8.0 -6.0 
-7.0 -9.0 -9.0 -7.0 -7.0 -8.0 -8.0 
-8.0 -9.0 -8.0 -8.0 -9.0 -10.0 -9.0 
-9.0 -10.0 -9.0 -8.0 -8.0 -9.0 -9.0 
-9.0 -9.0 -9.0 -8.0 -9.0 -9.0 -9.0 
-9.0 -9.0 -10.0 -9.0 -7.0 -6.0 -8.0 
-9.0 -8.0 -8.0 -9.0 -9.0 -8.0 -7.0 
-7.0 -8.0 -8.0 -8.0 -8.0 -7.0 -7.0 
-10.0 -11.0 -10.0 -9.0 -10.0 -10.0 -10.0 
-9.0 -9.0 -8.0 -7.0 -6.0 -6.0 -6.0 
-6.0 -6.0 -7.0 -8.0 -8.0 -6.0 -6.0 
-7.0 -7.0 -8.0 -9.0 -8.0 -7.0 -9.0 
-10.0 -8.0 -7.0 -9.0 -11.0 -11.0 -9.0 
-10.0 -10.0 -9.0 -8.0 -7.0 -7.0 -8.0 
-8.0 -6.0 -6.0 -8.0 -7.0 -6.0 -6.0 
-7.0 -7.0 -7.0 -8.0 -10.0 -9.0 -9.0 
-10.0 -11.0 -9.0 -8.0 -9.0 -9.0 -9.0 
-9.0 -8.0 -9.0 -10.0 -9.0 -8.0 -8.0 
-9.0 -9.0 -9.0 -10.0 -10.0 -10.0 -9.0 
-9.0 -7.0 -6.0 -7.0 -8.0 -8.0 -6.0 
-5.0 -6.0 -7.0 -7.0 -6.0 -7.0 -6.0 
-6.0 -5.0 -6.0 -7.0 -7.0 -7.0 -6.0 
-6.0 -7.0 -5.0 -4.0 -6.0 -7.0 -7.0 
-5.0 -5.0 -5.0 -6.0 -4.0 -4.0 -4.0 
-4.0 -4.0 -4.0 -5.0 -4.0 -3.0 -4.0 
-5.0 -4.0 -5.0 -6.0 -5.0 -4.0 -6.0 
-6.0 -5.0 -7.0 -8.0 -6.0 -6.0 -8.0 
-8.0 -6.0 -6.0 -7.0 -6.0 -5.0 -7.0 
-8.0 -6.0 -7.0 -7.0 -7.0 -8.0 -7.0 
-7.0 -7.0 -8.0 -8.0 -7.0 -8.0 -8.0 
-8.0 -9.0 -10.0 -9.0 -9.0 -8.0 -7.0 
-7.0 -9.0 -8.0 -7.0 -8.0 -8.0 -7.0 
-7.0 -7.0 -8.0 -8.0 -7.0 -6.0 -6.0 
-6.0 -6.0 -7.0 -8.0 -9.0 -7.0 -7.0 
-7.0 -7.0 -8.0 -8.0 -7.0 -7.0 -8.0 
-8.0 -7.0 -8.0 -9.0 -9.0 -8.0 -8.0 
-8.0 -8.0 -8.0 -7.0 -7.0 -8.0 -7.0 
-7.0 -7.0 -6.0 -6.0 -7.0 -7.0 -6.0 
-7.0 -7.0 -7.0 -6.0 -7.0 -7.0 -6.0 
-6.0 -6.0 -6.0 -7.0 -7.0 -6.0 -6.0 
-5.0 -5.0 -5.0 -5.0 -5.0 -6.0 -7.0 
-5.0 -3.0 -5.0 -6.0 -6.0 -6.0 -6.0 
-6.0 -8.0 -9.0 -9.0 -7.0 -7.0 -8.0 
-7.0 -6.0 -6.0 -7.0 -6.0 -6.0 -7.0 
-7.0 -7.0 -7.0 -6.0 -6.0 -7.0 -7.0 
-8.0 -8.0 -8.0 -8.0 -7.0 -6.0 -5.0 
-7.0 -8.0 -7.0 -7.0 -8.0 -9.0 -9.0 
-9.0 -10.0 -10.0 -9.0 -9.0 -9.0 -10.0 
-11.0 -11.0 -10.0 -11.0 -12.0 -11.0 -10.0 
-11.0 -11.0 -9.0 -9.0 -11.0 -11.0 -9.0 
-9.0 -10.0 -10.0 -10.0 -10.0 -11.0 -12.0 
-12.0 -12.0 -12.0 -12.0 -13.0 -12.0 -12.0 
-13.0 -12.0 -11.0 -11.0 -12.0 -11.0 -10.0 
-10.0 -9.0 -10.0 -12.0 -11.0 -11.0 -13.0 
-13.0 -11.0 -11.0 -13.0 -12.0 -12.0 -12.0 
-13.0 -13.0 -13.0 -13.0 -13.0 -13.0 -13.0 
-13.0 -14.0 -14.0 -14.0 -15.0 -14.0 -12.0 
-13.0 -14.0 -12.0 -13.0 -15.0 -14.0 -13.0 
-13.0 -14.0 -13.0 -13.0 -13.0 -13.0 -13.0 
-13.0 -13.0 -13.0 -12.0 -11.0 -11.0 -11.0 
-11.0 -11.0 -12.0 -14.0 -13.0 -12.0 -13.0 
-13.0 -12.0 -12.0 -14.0 -14.0 -14.0 -13.0 
-13.0 -14.0 -14.0 -16.0 -15.0 -13.0 -13.0 
-14.0 -14.0 -15.0 -15.0 -15.0 -15.0 -14.0 
-14.0 -13.0 -13.0 -13.0 -13.0 -13.0 -13.0 
-14.0 -14.0 -13.0 -14.0 -14.0 -13.0 -13.0 
-15.0 -14.0 -13.0 -12.0 -13.0 -13.0 -12.0 
-12.0 -12.0 -12.0 -12.0 -12.0 -11.0 -11.0 
-11.0 -12.0 -12.0 -11.0 -10.0 -11.0 -11.0 
-9.0 -8.0 -10.0 -11.0 -8.0 -8.0 -8.0 
-8.0 -8.0 -8.0 -9.0 -10.0 -9.0 -9.0 
-11.0 -11.0 -9.0 -9.0 -9.0 -9.0 -9.0 
-9.0 -10.0 -11.0 -11.0 -11.0 -11.0 -12.0 
-12.0 -13.0 -13.0 -12.0 -13.0 -14.0 -14.0 
-13.0 -12.0 -13.0 -15.0 -15.0 -15.0 -15.0 
-15.0 -15.0 -16.0 -16.0 -14.0 -13.0 -14.0 
-15.0 -14.0 -14.0 -14.0 -13.0 -14.0 -15.0 
-15.0 -14.0 -14.0 -14.0 -14.0 -14.0 -15.0 
-14.0 -14.0 -16.0 -17.0 -16.0 -15.0 -15.0 
-15.0 -15.0 -16.0 -15.0 -15.0 -16.0 -16.0 
-16.0 -18.0 -18.0 -17.0 -16.0 -15.0 -16.0 
-16.0 -14.0 -14.0 -13.0 -13.0 -14.0 -14.0 
-13.0 -13.0 -12.0 -12.0 -13.0 -15.0 -14.0 
-13.0 -12.0 -12.0 -13.0 -13.0 -13.0 -13.0 
-13.0 -12.0 -12.0 -11.0 -10.0 -10.0 -10.0 
-10.0 -11.0 -11.0 -11.0 -11.0 -11.0 -11.0 
-11.0 -11.0 -10.0 -10.0 -10.0 -10.0 -10.0 
-10.0 -10.0 -10.0 -9.0 -9.0 -8.0 -7.0 
-7.0 -9.0 -9.0 -9.0 -9.0 -10.0 -9.0 
-7.0 -8.0 -9.0 -9.0 -8.0 -6.0 -6.0 
-7.0 -7.0 -7.0 -8.0 -9.0 -9.0 -9.0 
-9.0 -8.0 -8.0 -8.0 -8.0 -8.0 -8.0 
-7.0 -7.0 -7.0 -8.0 -9.0 -10.0 -9.0 
-9.0 -10.0 -10.0 -9.0 -11.0 -12.0 -11.0 
-10.0 -11.0 -12.0 -11.0 -10.0 -10.0 -11.0 
-11.0 -10.0 -11.0 -11.0 -10.0 -10.0 -10.0 
-9.0 -9.0 -10.0 -12.0 -11.0 -11.0 -13.0 
-12.0 -11.0 -12.0 -12.0 -11.0 -11.0 -11.0 
-10.0 -10.0 -11.0 -10.0 -10.0 -10.0 -10.0 
-10.0 -10.0 -8.0 -8.0 -9.0 -9.0 -9.0 
-9.0 -9.0 -10.0 -12.0 -9.0 -6.0 -5.0 
-5.0 -5.0 -6.0 -7.0 -8.0 -7.0 -7.0 
-7.0 -8.0 -8.0 -8.0 -8.0 -9.0 -10.0 
-10.0 -8.0 -7.0 -9.0 -9.0 -8.0 -7.0 
-7.0 -6.0 -6.0 -6.0 -8.0 -9.0 -9.0 
-10.0 -9.0 -8.0 -9.0 -9.0 -8.0 -8.0 
-9.0 -9.0 -8.0 -9.0 -9.0 -8.0 -8.0 
-8.0 -7.0 -7.0 -9.0 -9.0 -6.0 -4.0 
-4.0 -4.0 -5.0 -5.0 -5.0 -3.0 -3.0 
-4.0 -4.0 -3.0 -3.0 -3.0 -3.0 -3.0 
-3.0 -2.0 0.0 -2.0 -4.0 -3.0 -1.0 
-1.0 0.0 0.0 0.0 -1.0 0.0 0.0 
0.0 0.0 0.0 0.0 0.0 -1.0 -3.0 
-2.0 0.0 0.0 -2.0 -2.0 -2.0 -3.0 
-3.0 -3.0 -3.0 -3.0 -2.0 -3.0 -3.0 
-2.0 -1.0 -1.0 -3.0 -3.0 -3.0 -2.0 
-2.0 -1.0 -2.0 -2.0 -2.0 -1.0 -2.0 
-2.0 -2.0 -2.0 -2.0 -2.0 -3.0 -4.0 
-5.0 -6.0 -5.0 -4.0 -5.0 -5.0 -5.0 
-5.0 -4.0 -4.0 -3.0 -3.0 -4.0 -4.0 
-3.0 -2.0 -3.0 -3.0 -3.0 -4.0 -4.0 
-3.0 -3.0 -3.0 -3.0 -2.0 -2.0 -2.0 
-2.0 -2.0 -2.0 -2.0 -2.0 -2.0 0.0 
0.0 0.0 0.0 0.0 0.0 0.0 1.0 
1.0 1.0 1.0 1.0 1.0 0.0 0.0 
0.0 0.0 0.0 2.0 2.0 1.0 1.0 
1.0 1.0 0.0 0.0 0.0 0.0 0.0 
0.0 0.0 0.0 0.0 1.0 1.0 1.0 
2.0 2.0 2.0 1.0 2.0 2.0 2.0 
1.0 2.0 2.0 1.0 0.0 0.0 0.0 
0.0 1.0 2.0 2.0 2.0 2.0 3.0 
4.0 3.0 2.0 2.0 2.0 3.0 3.0 
1.0 0.0 0.0 1.0 1.0 1.0 1.0 
1.0 0.0 0.0 0.0 1.0 1.0 0.0 
-1.0 -1.0 0.0 -1.0 -1.0 0.0 0.0 
0.0 -1.0 -1.0 -1.0 -1.0 0.0 0.0 
0.0 0.0 0.0 0.0 0.0 0.0 0.0 
0.0 0.0 0.0 0.0 0.0 0.0 0.0 
0.0 0.0 0.0 0.0 -1.0 -1.0 -1.0 
-1.0 -1.0 0.0 0.0 0.0 0.0 0.0 
-2.0 -1.0 0.0 -1.0 -1.0 0.0 0.0 
0.0 0.0 -1.0 -2.0 -1.0 -1.0 -1.0 
-1.0 -1.0 -1.0 0.0 0.0 1.0 2.0 
2.0 1.0 3.0 4.0 4.0 4.0 5.0 
5.0 4.0 5.0 7.0 7.0 6.0 5.0 
6.0 5.0 4.0 4.0 4.0 4.0 5.0 
5.0 4.0 5.0 6.0 7.0 7.0 7.0 
7.0 8.0 9.0 10.0 10.0 8.0 7.0 
8.0 9.0 9.0 8.0 8.0 7.0 8.0 
9.0 9.0 7.0 7.0 7.0 7.0 6.0 
7.0 6.0 6.0 6.0 8.0 8.0 6.0 
5.0 3.0 3.0 3.0 3.0 3.0 4.0 
5.0 5.0 5.0 4.0 3.0 3.0 5.0 
5.0 5.0 5.0 4.0 5.0 6.0 5.0 
4.0 5.0 5.0 5.0 6.0 6.0 6.0 
6.0 5.0 4.0 3.0 4.0 4.0 2.0 
3.0 5.0 4.0 3.0 3.0 3.0 2.0 
2.0 3.0 3.0 2.0 2.0 3.0 2.0 
1.0 1.0 1.0 2.0 2.0 2.0 2.0 
2.0 2.0 2.0 1.0 1.0 2.0 2.0 
1.0 0.0 0.0 0.0 0.0 0.0 0.0 
0.0 0.0 -1.0 -1.0 0.0 -2.0 -2.0 
-1.0 -1.0 -1.0 -1.0 -1.0 -1.0 -1.0 
-1.0 0.0 0.0 0.0 -1.0 -1.0 0.0 
0.0 0.0 -1.0 -2.0 -1.0 0.0 0.0 
0.0 1.0 1.0 1.0 1.0 1.0 0.0 
0.0 0.0 0.0 0.0 0.0 0.0 0.0 
0.0 0.0 0.0 0.0 0.0 0.0 0.0 
0.0 -1.0 0.0 2.0 3.0 2.0 1.0 
1.0 2.0 3.0 2.0 2.0 3.0 4.0 
4.0 4.0 3.0 2.0 2.0 3.0 3.0 
3.0 3.0 2.0 4.0 5.0 5.0 6.0 
8.0 8.0 8.0 8.0 8.0 8.0 9.0 
8.0 9.0 10.0 8.0 7.0 7.0 8.0 
8.0 8.0 7.0 6.0 5.0 5.0 5.0 
6.0 5.0 5.0 5.0 6.0 6.0 7.0 
7.0 6.0 7.0 6.0 6.0 8.0 8.0 
8.0 9.0 10.0 8.0 7.0 8.0 7.0 
7.0 7.0 7.0 6.0 6.0 6.0 6.0 
6.0 6.0 7.0 6.0 5.0 7.0 8.0 
7.0 7.0 8.0 8.0 7.0 7.0 8.0 
9.0 10.0 10.0 9.0 8.0 7.0 8.0 
8.0 7.0 6.0 6.0 6.0 6.0 7.0 
7.0 7.0 7.0 8.0 7.0 7.0 7.0 
7.0 6.0 6.0 5.0 4.0 5.0 6.0 
5.0 5.0 5.0 4.0 3.0 2.0 2.0 
2.0 2.0 1.0 1.0 3.0 3.0 2.0 
3.0 3.0 2.0 2.0 3.0 3.0 3.0 
4.0 5.0 4.0 3.0 3.0 3.0 3.0 
2.0 2.0 2.0 2.0 2.0 3.0 3.0 
2.0 2.0 3.0 5.0 6.0 5.0 5.0 
5.0 5.0 6.0 7.0 8.0 7.0 8.0 
9.0 9.0 9.0 10.0 11.0 10.0 9.0 
10.0 10.0 10.0 10.0 8.0 8.0 9.0 
8.0 6.0 5.0 7.0 8.0 8.0 8.0 
8.0 9.0 10.0 10.0 9.0 10.0 10.0 
10.0 11.0 13.0 14.0 14.0 14.0 15.0 
15.0 14.0 13.0 12.0 11.0 11.0 13.0 
14.0 12.0 11.0 10.0 10.0 10.0 11.0 
12.0 11.0 11.0 12.0 12.0 10.0 11.0 
11.0 11.0 11.0 9.0 10.0 9.0 8.0 
8.0 8.0 7.0 8.0 7.0 6.0 5.0 
5.0 4.0 4.0 4.0 3.0 1.0 2.0 
2.0 1.0 1.0 2.0 2.0 1.0 0.0 
0.0 0.0 0.0 0.0 0.0 0.0 0.0 
0.0 2.0 1.0 0.0 0.0 1.0 1.0 
0.0 0.0 0.0 0.0 0.0 0.0 0.0 
0.0 0.0 0.0 0.0 0.0 0.0 0.0 
0.0 0.0 0.0 0.0 0.0 0.0 0.0 
-1.0 -2.0 -1.0 0.0 0.0 0.0 0.0 
0.0 0.0 0.0 0.0 0.0 0.0 0.0 
0.0 0.0 0.0 0.0 0.0 0.0 0.0 
0.0 0.0 0.0 -1.0 0.0 -1.0 -2.0 
-2.0 -2.0 -2.0 -1.0 -1.0 -2.0 -2.0 
-2.0 -2.0 -2.0 -2.0 -2.0 -2.0 -1.0 
-2.0 -2.0 -2.0 -1.0 0.0 -1.0 -2.0 
-2.0 -3.0 -2.0 -1.0 -1.0 -2.0 -3.0 
-3.0 -1.0 -1.0 -1.0 -1.0 -1.0 -1.0 
-1.0 -1.0 -1.0 0.0 0.0 -1.0 -1.0 
0.0 0.0 0.0 0.0 0.0 -1.0 -1.0 
-1.0 -1.0 -1.0 -1.0 0.0 0.0 0.0 
-2.0 -3.0 -1.0 0.0 0.0 0.0 0.0 
0.0 0.0 0.0 0.0 0.0 0.0 0.0 
0.0 -1.0 1.0 1.0 0.0 -1.0 0.0 
-1.0 -2.0 -2.0 -2.0 -2.0 -3.0 -3.0 
-3.0 -4.0 -3.0 -2.0 0.0 0.0 0.0 
0.0 -1.0 -1.0 0.0 0.0 -1.0 -1.0 
0.0 0.0 0.0 0.0 0.0 0.0 0.0 
-1.0 -1.0 -2.0 -2.0 -2.0 -2.0 -3.0 
-3.0 -2.0 -1.0 -1.0 -1.0 -2.0 -2.0 
-1.0 -1.0 -1.0 0.0 0.0 0.0 1.0 
2.0 0.0 0.0 0.0 0.0 -1.0 -1.0 
-1.0 0.0 0.0 0.0 0.0 0.0 0.0 
0.0 0.0 1.0 1.0 0.0 1.0 1.0 
1.0 0.0 0.0 1.0 0.0 0.0 0.0 
1.0 1.0 1.0 1.0 0.0 0.0 0.0 
0.0 0.0 -1.0 -2.0 -2.0 -2.0 -1.0 
0.0 -1.0 -1.0 0.0 0.0 0.0 1.0 
1.0 0.0 0.0 1.0 1.0 0.0 1.0 
1.0 2.0 1.0 1.0 2.0 2.0 2.0 
1.0 1.0 1.0 1.0 0.0 0.0 2.0 
3.0 2.0 1.0 2.0 1.0 0.0 1.0 
0.0 0.0 1.0 2.0 1.0 0.0 0.0 
0.0 0.0 0.0 1.0 2.0 1.0 1.0 
1.0 1.0 1.0 2.0 3.0 2.0 1.0 
1.0 3.0 4.0 3.0 1.0 1.0 0.0 
0.0 0.0 0.0 0.0 1.0 1.0 1.0 
3.0 4.0 4.0 5.0 5.0 4.0 5.0 
6.0 4.0 3.0 3.0 3.0 2.0 3.0 
4.0 4.0 3.0 2.0 3.0 4.0 4.0 
3.0 3.0 3.0 4.0 5.0 5.0 4.0 
4.0 4.0 4.0 4.0 5.0 4.0 4.0 
4.0 4.0 4.0 5.0 5.0 5.0 5.0 
4.0 3.0 3.0 4.0 3.0 4.0 5.0 
4.0 2.0 3.0 5.0 5.0 5.0 4.0 
4.0 5.0 6.0 6.0 5.0 5.0 6.0 
6.0 6.0 7.0 7.0 7.0 7.0 8.0 
9.0 9.0 9.0 9.0 9.0 8.0 8.0 
9.0 10.0 9.0 10.0 10.0 10.0 10.0 
10.0 11.0 12.0 12.0 11.0 12.0 14.0 
14.0 15.0 15.0 15.0 15.0 15.0 16.0 
17.0 17.0 17.0 17.0 18.0 20.0 20.0 
19.0 19.0 20.0 20.0 20.0 19.0 20.0 
22.0 22.0 22.0 23.0 23.0 23.0 24.0 
24.0 23.0 23.0 23.0 23.0 23.0 21.0 
20.0 22.0 24.0 25.0 24.0 23.0 23.0 
22.0 21.0 21.0 21.0 21.0 21.0 20.0 
18.0 18.0 18.0 17.0 16.0 16.0 17.0 
17.0 16.0 15.0 15.0 15.0 15.0 15.0 
15.0 15.0 14.0 14.0 15.0 15.0 15.0 
16.0 15.0 14.0 14.0 15.0 16.0 15.0 
14.0 13.0 13.0 14.0 14.0 12.0 12.0 
13.0 13.0 13.0 15.0 17.0 16.0 15.0 
14.0 13.0 12.0 12.0 11.0 9.0 9.0 
9.0 10.0 10.0 11.0 12.0 13.0 13.0 
13.0 13.0 12.0 11.0 11.0 11.0 10.0 
10.0 9.0 9.0 9.0 9.0 9.0 8.0 
8.0 8.0 8.0 9.0 11.0 11.0 9.0 
10.0 12.0 12.0 11.0 13.0 15.0 13.0 
12.0 14.0 16.0 16.0 16.0 16.0 17.0 
16.0 17.0 17.0 17.0 17.0 18.0 18.0 
17.0 17.0 17.0 17.0 17.0 17.0 16.0 
15.0 14.0 14.0 14.0 14.0 13.0 12.0 
12.0 12.0 11.0 11.0 11.0 10.0 9.0 
8.0 8.0 9.0 9.0 9.0 10.0 11.0 
12.0 13.0 14.0 13.0 13.0 15.0 16.0 
16.0 16.0 17.0 17.0 16.0 16.0 16.0 
16.0 15.0 15.0 15.0 14.0 14.0 15.0 
15.0 14.0 13.0 13.0 13.0 13.0 12.0 
13.0 13.0 11.0 11.0 12.0 12.0 11.0 
10.0 12.0 13.0 11.0 8.0 9.0 8.0 
7.0 7.0 7.0 7.0 7.0 8.0 9.0 
8.0 7.0 7.0 7.0 8.0 9.0 9.0 
9.0 9.0 9.0 9.0 10.0 11.0 11.0 
11.0 13.0 13.0 13.0 13.0 13.0 12.0 
12.0 13.0 13.0 13.0 13.0 13.0 12.0 
11.0 10.0 10.0 10.0 11.0 9.0 8.0 
8.0 7.0 9.0 10.0 10.0 10.0 9.0 
8.0 9.0 10.0 9.0 9.0 10.0 11.0 
9.0 9.0 9.0 10.0 10.0 9.0 9.0 
10.0 10.0 9.0 9.0 9.0 9.0 9.0 
8.0 9.0 9.0 8.0 7.0 6.0 6.0 
6.0 6.0 5.0 5.0 7.0 7.0 6.0 
5.0 6.0 7.0 7.0 6.0 6.0 7.0 
6.0 6.0 6.0 6.0 6.0 7.0 6.0 
5.0 5.0 5.0 6.0 5.0 6.0 6.0 
7.0 8.0 8.0 8.0 7.0 7.0 8.0 
7.0 8.0 9.0 8.0 8.0 7.0 6.0 
6.0 7.0 6.0 7.0 7.0 7.0 6.0 
5.0 6.0 7.0 7.0 6.0 5.0 7.0 
7.0 6.0 6.0 6.0 5.0 5.0 6.0 
6.0 5.0 6.0 7.0 7.0 5.0 4.0 
5.0 7.0 7.0 6.0 7.0 7.0 7.0 
7.0 8.0 8.0 8.0 9.0 8.0 8.0 
8.0 7.0 7.0 7.0 7.0 6.0 6.0 
5.0 5.0 4.0 4.0 4.0 4.0 5.0 
6.0 5.0 5.0 4.0 5.0 5.0 4.0 
4.0 4.0 4.0 3.0 4.0 4.0 4.0 
4.0 5.0 6.0 6.0 6.0 6.0 6.0 
7.0 8.0 9.0 7.0 7.0 9.0 8.0 
5.0 5.0 7.0 6.0 4.0 4.0 5.0 
4.0 3.0 4.0 4.0 4.0 3.0 2.0 
3.0 3.0 3.0 2.0 2.0 2.0 2.0 
1.0 1.0 2.0 1.0 1.0 1.0 1.0 
1.0 2.0 3.0 3.0 2.0 2.0 3.0 
4.0 3.0 3.0 3.0 3.0 3.0 4.0 
5.0 5.0 5.0 5.0 5.0 5.0 6.0 
7.0 7.0 8.0 8.0 6.0 6.0 6.0 
8.0 8.0 8.0 7.0 7.0 8.0 9.0 
8.0 8.0 8.0 9.0 8.0 7.0 7.0 
8.0 8.0 8.0 8.0 8.0 7.0 7.0 
8.0 8.0 7.0 8.0 7.0 7.0 8.0 
8.0 7.0 7.0 7.0 5.0 5.0 7.0 
7.0 6.0 6.0 6.0 6.0 7.0 8.0 
9.0 9.0 9.0 9.0 9.0 9.0 9.0 
8.0 7.0 6.0 6.0 6.0 7.0 7.0 
5.0 4.0 5.0 6.0 5.0 4.0 5.0 
5.0 5.0 5.0 5.0 4.0 5.0 5.0 
4.0 5.0 7.0 6.0 5.0 4.0 5.0 
5.0 5.0 4.0 3.0 3.0 4.0 4.0 
5.0 5.0 4.0 5.0 5.0 4.0 2.0 
2.0 2.0 2.0 2.0 3.0 3.0 3.0 
3.0 3.0 3.0 3.0 3.0 1.0 0.0 
1.0 0.0 0.0 1.0 1.0 0.0 0.0 
0.0 0.0 0.0 0.0 0.0 0.0 1.0 
1.0 1.0 1.0 1.0 0.0 0.0 0.0 
1.0 0.0 0.0 -1.0 0.0 0.0 0.0 
0.0 1.0 0.0 0.0 0.0 0.0 0.0 
-1.0 0.0 0.0 0.0 -2.0 -1.0 0.0 
0.0 -1.0 -1.0 -2.0 -2.0 0.0 0.0 
0.0 0.0 0.0 0.0 0.0 1.0 1.0 
1.0 1.0 1.0 1.0 0.0 1.0 3.0 
2.0 1.0 0.0 0.0 1.0 1.0 0.0 
1.0 3.0 3.0 2.0 1.0 0.0 1.0 
2.0 2.0 2.0 2.0 1.0 1.0 1.0 
2.0 2.0 1.0 0.0 1.0 2.0 1.0 
0.0 0.0 0.0 0.0 0.0 1.0 0.0 
-1.0 0.0 0.0 0.0 -1.0 0.0 1.0 
0.0 0.0 0.0 0.0 0.0 0.0 1.0 
1.0 0.0 1.0 2.0 1.0 0.0 1.0 
1.0 1.0 1.0 0.0 0.0 0.0 1.0 
1.0 0.0 1.0 1.0 0.0 0.0 0.0 
0.0 1.0 2.0 2.0 1.0 1.0 0.0 
0.0 1.0 1.0 1.0 1.0 1.0 2.0 
3.0 3.0 2.0 2.0 2.0 3.0 4.0 
4.0 4.0 6.0 6.0 6.0 6.0 6.0 
5.0 5.0 4.0 4.0 3.0 3.0 3.0 
2.0 2.0 2.0 3.0 4.0 4.0 3.0 
4.0 4.0 4.0 2.0 3.0 4.0 4.0 
5.0 6.0 5.0 6.0 7.0 7.0 6.0 
7.0 7.0 8.0 8.0 7.0 5.0 5.0 
6.0 5.0 6.0 6.0 6.0 6.0 5.0 
6.0 6.0 5.0 6.0 6.0 6.0 5.0 
7.0 8.0 7.0 7.0 8.0 9.0 10.0 
10.0 11.0 11.0 10.0 8.0 8.0 9.0 
9.0 10.0 9.0 9.0 10.0 10.0 9.0 
9.0 7.0 6.0 5.0 6.0 6.0 6.0 
6.0 6.0 6.0 5.0 2.0 2.0 3.0 
4.0 3.0 3.0 3.0 3.0 2.0 2.0 
3.0 2.0 2.0 3.0 3.0 2.0 2.0 
3.0 3.0 2.0 2.0 2.0 2.0 2.0 
1.0 1.0 3.0 4.0 4.0 5.0 6.0 
7.0 7.0 7.0 7.0 7.0 6.0 8.0 
8.0 7.0 7.0 7.0 7.0 7.0 8.0 
7.0 6.0 7.0 8.0 8.0 9.0 8.0 
8.0 8.0 8.0 8.0 10.0 12.0 12.0 
12.0 12.0 12.0 12.0 12.0 11.0 10.0 
9.0 8.0 6.0 5.0 4.0 3.0 3.0 
3.0 3.0 3.0 2.0 1.0 2.0 2.0 
1.0 0.0 2.0 4.0 5.0 6.0 6.0 
6.0 6.0 6.0 7.0 8.0 9.0 10.0 
11.0 11.0 11.0 12.0 13.0 14.0 14.0 
14.0 14.0 14.0 14.0 15.0 15.0 15.0 
16.0 16.0 15.0 15.0 16.0 16.0 16.0 
16.0 16.0 17.0 18.0 16.0 15.0 15.0 
15.0 14.0 13.0 13.0 12.0 12.0 12.0 
12.0 12.0 11.0 11.0 11.0 12.0 12.0 
12.0 10.0 10.0 11.0 12.0 12.0 12.0 
11.0 11.0 13.0 13.0 14.0 15.0 14.0 
13.0 13.0 12.0 12.0 12.0 11.0 11.0 
10.0 10.0 9.0 8.0 8.0 7.0 8.0 
9.0 9.0 10.0 11.0 11.0 11.0 10.0 
10.0 10.0 11.0 12.0 12.0 10.0 10.0 
10.0 10.0 11.0 12.0 13.0 12.0 10.0 
11.0 13.0 13.0 11.0 11.0 12.0 12.0 
13.0 14.0 16.0 15.0 14.0 14.0 14.0 
15.0 15.0 15.0 15.0 14.0 14.0 13.0 
13.0 13.0 13.0 12.0 12.0 11.0 10.0 
10.0 10.0 10.0 10.0 9.0 8.0 8.0 
6.0 5.0 7.0 8.0 8.0 7.0 7.0 
7.0 8.0 8.0 9.0 9.0 9.0 9.0 
9.0 8.0 8.0 8.0 8.0 9.0 9.0 
9.0 8.0 9.0 9.0 10.0 9.0 8.0 
8.0 8.0 7.0 6.0 6.0 7.0 7.0 
6.0 6.0 5.0 4.0 6.0 6.0 5.0 
5.0 6.0 6.0 6.0 7.0 8.0 7.0 
5.0 5.0 6.0 7.0 7.0 6.0 6.0 
7.0 6.0 6.0 7.0 7.0 5.0 4.0 
4.0 4.0 4.0 5.0 5.0 5.0 5.0 
6.0 7.0 5.0 5.0 5.0 6.0 7.0 
7.0 7.0 7.0 6.0 6.0 7.0 7.0 
6.0 6.0 5.0 5.0 7.0 7.0 6.0 
6.0 7.0 8.0 8.0 8.0 8.0 8.0 
8.0 8.0 8.0 9.0 10.0 9.0 8.0 
9.0 9.0 9.0 8.0 8.0 10.0 10.0 
10.0 9.0 10.0 11.0 11.0 10.0 10.0 
9.0 10.0 10.0 10.0 9.0 9.0 11.0 
11.0 10.0 10.0 11.0 11.0 9.0 8.0 
9.0 10.0 9.0 8.0 7.0 8.0 8.0 
7.0 7.0 8.0 9.0 9.0 9.0 9.0 
10.0 10.0 9.0 10.0 10.0 10.0 9.0 
10.0 10.0 10.0 10.0 10.0 11.0 10.0 
9.0 10.0 11.0 10.0 9.0 9.0 9.0 
9.0 9.0 9.0 8.0 7.0 8.0 8.0 
7.0 7.0 7.0 7.0 7.0 6.0 7.0 
9.0 8.0 7.0 8.0 8.0 8.0 8.0 
9.0 8.0 9.0 9.0 9.0 9.0 9.0 
8.0 8.0 7.0 6.0 6.0 6.0 5.0 
4.0 4.0 5.0 4.0 3.0 2.0 2.0 
3.0 3.0 3.0 3.0 3.0 3.0 4.0 
4.0 2.0 2.0 3.0 4.0 4.0 4.0 
5.0 6.0 5.0 3.0 3.0 3.0 3.0 
3.0 2.0 3.0 4.0 4.0 3.0 3.0 
4.0 3.0 3.0 4.0 5.0 5.0 5.0 
5.0 5.0 4.0 3.0 5.0 7.0 5.0 
4.0 4.0 6.0 5.0 4.0 4.0 6.0 
5.0 4.0 4.0 5.0 5.0 5.0 5.0 
6.0 6.0 5.0 6.0 5.0 5.0 6.0 
5.0 4.0 4.0 4.0 4.0 4.0 3.0 
2.0 2.0 3.0 3.0 4.0 5.0 4.0 
5.0 5.0 4.0 3.0 4.0 4.0 4.0 
5.0 4.0 2.0 1.0 3.0 3.0 2.0 
2.0 2.0 1.0 1.0 2.0 2.0 2.0 
3.0 3.0 2.0 3.0 4.0 5.0 5.0 
4.0 3.0 4.0 5.0 4.0 3.0 5.0 
5.0 5.0 5.0 4.0 5.0 6.0 5.0 
4.0 5.0 5.0 4.0 3.0 5.0 4.0 
3.0 3.0 3.0 3.0 3.0 3.0 2.0 
1.0 0.0 1.0 2.0 3.0 2.0 3.0 
3.0 3.0 3.0 3.0 4.0 4.0 4.0 
6.0 6.0 5.0 5.0 7.0 7.0 6.0 
7.0 7.0 7.0 6.0 5.0 5.0 6.0 
7.0 6.0 5.0 5.0 5.0 5.0 6.0 
5.0 6.0 6.0 5.0 4.0 3.0 2.0 
2.0 2.0 2.0 2.0 2.0 1.0 1.0 
2.0 3.0 3.0 3.0 3.0 3.0 3.0 
2.0 2.0 3.0 3.0 2.0 1.0 2.0 
2.0 2.0 2.0 2.0 3.0 2.0 1.0 
1.0 2.0 2.0 2.0 2.0 1.0 1.0 
1.0 3.0 3.0 2.0 1.0 1.0 1.0 
0.0 0.0 2.0 2.0 1.0 1.0 0.0 
0.0 0.0 2.0 2.0 1.0 1.0 1.0 
1.0 1.0 0.0 -1.0 -1.0 0.0 0.0 
0.0 0.0 0.0 1.0 1.0 0.0 0.0 
1.0 2.0 1.0 0.0 0.0 0.0 1.0 
1.0 0.0 -1.0 -1.0 -1.0 -1.0 -2.0 
-3.0 -2.0 0.0 0.0 0.0 1.0 0.0 
0.0 0.0 0.0 0.0 -1.0 0.0 0.0 
-1.0 -1.0 0.0 0.0 0.0 -1.0 -1.0 
-1.0 -2.0 -2.0 -2.0 -2.0 -3.0 -4.0 
-4.0 -4.0 -5.0 -4.0 -3.0 -4.0 -5.0 
-3.0 -2.0 -4.0 -5.0 -5.0 -3.0 -3.0 
-3.0 -4.0 -3.0 -3.0 -3.0 -3.0 -3.0 
-3.0 -3.0 -3.0 -4.0 -4.0 -3.0 -1.0 
-2.0 -2.0 -2.0 -1.0 -1.0 -2.0 -2.0 
0.0 0.0 0.0 0.0 0.0 0.0 0.0 
-1.0 -1.0 0.0 0.0 0.0 0.0 -1.0 
-1.0 -2.0 -2.0 -2.0 -1.0 -2.0 -2.0 
-1.0 -1.0 -2.0 -3.0 -4.0 -4.0 -3.0 
-2.0 -2.0 -3.0 -3.0 -2.0 -2.0 -1.0 
-1.0 -1.0 -1.0 -1.0 -1.0 -1.0 -1.0 
0.0 0.0 0.0 0.0 0.0 0.0 0.0 
1.0 1.0 2.0 2.0 3.0 4.0 4.0 
4.0 4.0 4.0 6.0 7.0 8.0 9.0 
10.0 10.0 9.0 9.0 10.0 11.0 11.0 
12.0 12.0 11.0 13.0 14.0 14.0 12.0 
13.0 14.0 14.0 14.0 15.0 15.0 13.0 
11.0 12.0 11.0 10.0 9.0 9.0 10.0 
10.0 9.0 10.0 10.0 9.0 7.0 7.0 
8.0 8.0 8.0 8.0 7.0 7.0 8.0 
9.0 9.0 10.0 11.0 12.0 11.0 11.0 
11.0 11.0 11.0 11.0 12.0 12.0 12.0 
13.0 14.0 14.0 13.0 14.0 14.0 13.0 
13.0 14.0 14.0 15.0 16.0 16.0 16.0 
17.0 18.0 18.0 18.0 18.0 18.0 18.0 
18.0 19.0 18.0 18.0 18.0 19.0 19.0 
20.0 20.0 20.0 20.0 22.0 21.0 19.0 
18.0 18.0 18.0 17.0 16.0 17.0 17.0 
16.0 15.0 17.0 15.0 13.0 14.0 15.0 
13.0 13.0 14.0 15.0 15.0 15.0 15.0 
15.0 14.0 14.0 14.0 15.0 14.0 14.0 
15.0 16.0 16.0 14.0 13.0 13.0 13.0 
11.0 11.0 10.0 10.0 11.0 12.0 10.0 
9.0 10.0 11.0 10.0 9.0 9.0 9.0 
9.0 10.0 11.0 11.0 11.0 11.0 11.0 
12.0 12.0 13.0 14.0 15.0 16.0 16.0 
17.0 18.0 19.0 20.0 21.0 23.0 25.0 
25.0 26.0 27.0 29.0 30.0 30.0 30.0 
29.0 29.0 30.0 31.0 31.0 31.0 31.0 
30.0 30.0 28.0 26.0 25.0 24.0 24.0 
23.0 22.0 20.0 20.0 19.0 19.0 19.0 
20.0 20.0 20.0 19.0 18.0 17.0 18.0 
20.0 19.0 19.0 18.0 18.0 17.0 17.0 
16.0 17.0 17.0 16.0 16.0 14.0 13.0 
13.0 13.0 12.0 12.0 12.0 12.0 12.0 
11.0 10.0 10.0 11.0 11.0 10.0 11.0 
11.0 9.0 8.0 7.0 7.0 7.0 7.0 
7.0 7.0 6.0 6.0 5.0 5.0 5.0 
5.0 5.0 4.0 1.0 0.0 1.0 3.0 
3.0 4.0 4.0 4.0 5.0 5.0 5.0 
7.0 8.0 7.0 7.0 5.0 5.0 5.0 
5.0 6.0 6.0 5.0 5.0 6.0 7.0 
7.0 7.0 8.0 8.0 7.0 7.0 8.0 
7.0 7.0 8.0 9.0 9.0 9.0 11.0 
13.0 11.0 10.0 11.0 11.0 11.0 12.0 
12.0 11.0 13.0 15.0 15.0 15.0 15.0 
14.0 15.0 16.0 16.0 16.0 17.0 17.0 
16.0 14.0 14.0 14.0 14.0 14.0 13.0 
12.0 13.0 14.0 14.0 14.0 16.0 16.0 
15.0 17.0 18.0 18.0 18.0 19.0 20.0 
18.0 17.0 17.0 16.0 15.0 14.0 14.0 
14.0 13.0 14.0 13.0 13.0 13.0 12.0 
12.0 13.0 12.0 11.0 13.0 15.0 14.0 
14.0 14.0 14.0 14.0 14.0 14.0 14.0 
14.0 13.0 12.0 12.0 11.0 10.0 11.0 
11.0 10.0 9.0 10.0 10.0 9.0 9.0 
9.0 8.0 7.0 9.0 10.0 10.0 11.0 
13.0 14.0 14.0 13.0 14.0 13.0 13.0 
14.0 14.0 14.0 12.0 12.0 12.0 12.0 
11.0 10.0 10.0 9.0 9.0 8.0 8.0 
9.0 11.0 10.0 10.0 10.0 9.0 9.0 
8.0 8.0 8.0 6.0 5.0 5.0 6.0 
5.0 4.0 4.0 4.0 3.0 3.0 3.0 
3.0 3.0 2.0 1.0 1.0 0.0 -1.0 
-2.0 -1.0 0.0 -1.0 -2.0 -2.0 -2.0 
-2.0 -1.0 -1.0 -1.0 0.0 0.0 0.0 
0.0 0.0 0.0 1.0 1.0 1.0 1.0 
1.0 2.0 4.0 4.0 3.0 3.0 2.0 
3.0 4.0 4.0 4.0 4.0 3.0 3.0 
4.0 4.0 4.0 3.0 4.0 5.0 5.0 
4.0 3.0 3.0 4.0 4.0 4.0 5.0 
6.0 4.0 3.0 4.0 5.0 6.0 5.0 
4.0 4.0 5.0 6.0 6.0 6.0 6.0 
6.0 7.0 6.0 7.0 8.0 8.0 7.0 
8.0 9.0 9.0 10.0 10.0 10.0 9.0 
9.0 9.0 8.0 6.0 7.0 7.0 7.0 
8.0 8.0 9.0 9.0 8.0 9.0 9.0 
9.0 9.0 10.0 10.0 9.0 9.0 9.0 
10.0 11.0 9.0 8.0 9.0 9.0 8.0 
9.0 10.0 10.0 9.0 10.0 10.0 11.0 
11.0 11.0 12.0 12.0 12.0 12.0 12.0 
12.0 13.0 13.0 11.0 11.0 11.0 11.0 
9.0 10.0 11.0 9.0 7.0 7.0 7.0 
6.0 5.0 4.0 3.0 4.0 6.0 6.0 
5.0 5.0 5.0 4.0 5.0 6.0 6.0 
6.0 6.0 6.0 6.0 5.0 5.0 5.0 
6.0 5.0 5.0 5.0 4.0 4.0 4.0 
3.0 2.0 3.0 4.0 4.0 5.0 4.0 
4.0 5.0 6.0 6.0 6.0 7.0 8.0 
8.0 9.0 9.0 10.0 9.0 9.0 8.0 
9.0 10.0 9.0 7.0 8.0 8.0 7.0 
6.0 6.0 5.0 5.0 5.0 5.0 5.0 
6.0 5.0 4.0 5.0 6.0 5.0 5.0 
5.0 4.0 4.0 5.0 6.0 5.0 4.0 
3.0 3.0 4.0 4.0 3.0 4.0 4.0 
5.0 6.0 5.0 3.0 3.0 4.0 3.0 
2.0 2.0 2.0 0.0 0.0 0.0 0.0 
0.0 0.0 -1.0 -1.0 0.0 0.0 -1.0 
-2.0 -2.0 -1.0 -3.0 -3.0 -2.0 -1.0 
-2.0 -2.0 -1.0 -1.0 -2.0 -1.0 0.0 
1.0 1.0 0.0 0.0 0.0 0.0 0.0 
0.0 1.0 1.0 1.0 3.0 5.0 6.0 
8.0 11.0 12.0 12.0 13.0 14.0 16.0 
17.0 15.0 14.0 14.0 14.0 13.0 12.0 
10.0 9.0 8.0 8.0 9.0 8.0 7.0 
7.0 8.0 7.0 6.0 5.0 5.0 4.0 
4.0 3.0 3.0 4.0 4.0 2.0 1.0 
1.0 2.0 0.0 0.0 1.0 1.0 1.0 
1.0 0.0 0.0 0.0 0.0 0.0 0.0 
0.0 0.0 0.0 1.0 2.0 2.0 2.0 
2.0 1.0 1.0 0.0 0.0 0.0 -1.0 
0.0 0.0 0.0 -1.0 -2.0 -2.0 -2.0 
-2.0 -1.0 0.0 0.0 0.0 0.0 1.0 
2.0 2.0 2.0 2.0 3.0 4.0 4.0 
3.0 4.0 5.0 4.0 4.0 4.0 4.0 
5.0 5.0 5.0 5.0 5.0 4.0 4.0 
4.0 3.0 2.0 2.0 3.0 3.0 2.0 
3.0 4.0 4.0 5.0 5.0 6.0 6.0 
7.0 8.0 7.0 6.0 6.0 6.0 6.0 
5.0 4.0 4.0 3.0 2.0 3.0 3.0 
3.0 3.0 3.0 3.0 4.0 4.0 2.0 
2.0 3.0 4.0 3.0 3.0 2.0 2.0 
3.0 3.0 2.0 2.0 3.0 4.0 4.0 
4.0 3.0 2.0 2.0 3.0 4.0 3.0 
3.0 3.0 3.0 4.0 5.0 4.0 3.0 
2.0 2.0 4.0 5.0 4.0 3.0 4.0 
5.0 5.0 5.0 5.0 4.0 4.0 4.0 
5.0 4.0 4.0 3.0 3.0 5.0 6.0 
4.0 3.0 3.0 2.0 2.0 1.0 1.0 
1.0 1.0 0.0 0.0 0.0 0.0 0.0 
0.0 0.0 0.0 0.0 0.0 0.0 0.0 
-1.0 -1.0 -1.0 -1.0 -2.0 -1.0 0.0 
0.0 -1.0 -1.0 0.0 1.0 1.0 1.0 
2.0 3.0 4.0 4.0 4.0 4.0 5.0 
6.0 5.0 4.0 4.0 3.0 2.0 1.0 
1.0 1.0 0.0 0.0 0.0 0.0 0.0 
0.0 0.0 0.0 -1.0 -1.0 -1.0 -1.0 
-1.0 -2.0 -2.0 -2.0 -1.0 -1.0 -2.0 
-3.0 -2.0 -2.0 -2.0 -3.0 -3.0 -4.0 
-3.0 -2.0 -2.0 -2.0 -2.0 -2.0 -4.0 
-3.0 -2.0 -2.0 -2.0 -1.0 0.0 -1.0 
-2.0 -1.0 0.0 -1.0 -3.0 -3.0 -1.0 
-1.0 0.0 0.0 0.0 1.0 3.0 3.0 
3.0 4.0 5.0 5.0 4.0 6.0 7.0 
7.0 7.0 9.0 8.0 7.0 9.0 10.0 
9.0 9.0 10.0 10.0 10.0 10.0 10.0 
9.0 8.0 8.0 7.0 6.0 7.0 7.0 
7.0 7.0 7.0 6.0 7.0 9.0 9.0 
8.0 9.0 8.0 8.0 8.0 8.0 7.0 
6.0 7.0 8.0 9.0 9.0 8.0 7.0 
8.0 9.0 9.0 8.0 8.0 9.0 10.0 
11.0 10.0 9.0 10.0 12.0 12.0 11.0 
11.0 11.0 10.0 11.0 11.0 10.0 10.0 
10.0 10.0 8.0 8.0 9.0 9.0 7.0 
8.0 8.0 8.0 7.0 7.0 6.0 5.0 
6.0 7.0 6.0 6.0 8.0 9.0 8.0 
8.0 9.0 10.0 9.0 8.0 9.0 9.0 
9.0 9.0 9.0 8.0 8.0 7.0 8.0 
10.0 10.0 10.0 9.0 9.0 8.0 8.0 
8.0 8.0 7.0 5.0 5.0 6.0 5.0 
4.0 4.0 3.0 2.0 3.0 4.0 4.0 
5.0 6.0 6.0 6.0 6.0 7.0 6.0 
6.0 6.0 6.0 6.0 6.0 6.0 5.0 
4.0 4.0 4.0 3.0 4.0 4.0 4.0 
3.0 4.0 4.0 2.0 0.0 0.0 0.0 
-1.0 -2.0 -2.0 -3.0 -2.0 -2.0 -4.0 
-4.0 -4.0 -4.0 -4.0 -4.0 -5.0 -5.0 
-5.0 -4.0 -3.0 -3.0 -5.0 -5.0 -5.0 
-4.0 -4.0 -4.0 -4.0 -4.0 -3.0 -2.0 
-3.0 -3.0 -3.0 -3.0 -3.0 -3.0 -3.0 
-3.0 -3.0 -4.0 -3.0 -3.0 -2.0 -1.0 
-2.0 -3.0 -3.0 -2.0 -2.0 -2.0 -1.0 
-1.0 -1.0 0.0 0.0 -1.0 -1.0 -1.0 
-1.0 0.0 0.0 0.0 -1.0 -1.0 -2.0 
-1.0 -1.0 -2.0 -1.0 0.0 0.0 0.0 
0.0 0.0 0.0 -1.0 0.0 0.0 -1.0 
-1.0 0.0 0.0 -1.0 -1.0 0.0 -1.0 
-1.0 -1.0 -1.0 -1.0 -1.0 -1.0 -1.0 
-1.0 -1.0 -1.0 -1.0 -1.0 -1.0 0.0 
0.0 -1.0 -1.0 -1.0 0.0 0.0 0.0 
-1.0 0.0 0.0 0.0 0.0 0.0 1.0 
0.0 0.0 0.0 2.0 2.0 1.0 0.0 
0.0 1.0 0.0 0.0 0.0 0.0 1.0 
1.0 1.0 1.0 2.0 1.0 0.0 0.0 
1.0 3.0 4.0 4.0 3.0 2.0 2.0 
2.0 2.0 3.0 3.0 2.0 2.0 4.0 
4.0 4.0 5.0 6.0 5.0 5.0 5.0 
4.0 4.0 4.0 3.0 1.0 2.0 3.0 
2.0 2.0 3.0 2.0 1.0 2.0 2.0 
1.0 1.0 1.0 0.0 0.0 0.0 0.0 
0.0 0.0 0.0 0.0 -1.0 -1.0 0.0 
-1.0 -1.0 -1.0 -1.0 -1.0 0.0 0.0 
0.0 0.0 1.0 0.0 0.0 0.0 1.0 
1.0 0.0 0.0 0.0 2.0 1.0 1.0 
1.0 1.0 1.0 0.0 1.0 1.0 2.0 
2.0 1.0 1.0 1.0 2.0 1.0 0.0 
0.0 1.0 0.0 -1.0 0.0 0.0 0.0 
1.0 1.0 1.0 1.0 1.0 1.0 0.0 
-1.0 0.0 0.0 0.0 1.0 2.0 1.0 
1.0 2.0 2.0 2.0 3.0 4.0 4.0 
5.0 5.0 4.0 4.0 5.0 6.0 5.0 
3.0 3.0 4.0 4.0 4.0 5.0 4.0 
3.0 2.0 2.0 4.0 4.0 3.0 3.0 
4.0 6.0 7.0 7.0 8.0 10.0 12.0 
13.0 14.0 13.0 13.0 14.0 15.0 14.0 
14.0 13.0 13.0 14.0 14.0 14.0 14.0 
14.0 13.0 13.0 14.0 13.0 14.0 14.0 
14.0 15.0 15.0 15.0 14.0 14.0 14.0 
13.0 12.0 13.0 14.0 14.0 13.0 11.0 
10.0 10.0 10.0 10.0 10.0 10.0 10.0 
11.0 12.0 13.0 13.0 13.0 13.0 13.0 
15.0 16.0 15.0 15.0 16.0 15.0 14.0 
13.0 13.0 12.0 12.0 13.0 14.0 15.0 
15.0 16.0 17.0 18.0 18.0 17.0 18.0 
19.0 19.0 20.0 20.0 20.0 20.0 19.0 
19.0 18.0 18.0 16.0 15.0 15.0 14.0 
13.0 12.0 12.0 12.0 12.0 12.0 12.0 
11.0 12.0 13.0 13.0 14.0 14.0 14.0 
14.0 14.0 15.0 15.0 13.0 12.0 13.0 
13.0 13.0 14.0 16.0 16.0 16.0 17.0 
19.0 20.0 19.0 18.0 18.0 18.0 19.0 
19.0 20.0 21.0 21.0 22.0 22.0 21.0 
19.0 19.0 20.0 19.0 18.0 16.0 16.0 
17.0 16.0 16.0 17.0 19.0 20.0 20.0 
19.0 17.0 17.0 16.0 15.0 13.0 12.0 
11.0 11.0 11.0 12.0 11.0 10.0 10.0 
11.0 10.0 9.0 10.0 10.0 8.0 7.0 
8.0 9.0 