-429.0 -448.0 -465.0 -486.0 -505.0 -523.0 -542.0 
-559.0 -574.0 -589.0 -602.0 -615.0 -629.0 -640.0 
-647.0 -655.0 -662.0 -668.0 -672.0 -672.0 -675.0 
-673.0 -668.0 -662.0 -652.0 -642.0 -627.0 -611.0 
-597.0 -577.0 -558.0 -539.0 -517.0 -496.0 -474.0 
-452.0 -431.0 -408.0 -387.0 -366.0 -345.0 -323.0 
-302.0 -281.0 -258.0 -235.0 -212.0 -191.0 -170.0 
-144.0 -121.0 -99.0 -75.0 -52.0 -29.0 -7.0 
14.0 35.0 58.0 81.0 101.0 121.0 141.0 
162.0 180.0 198.0 218.0 234.0 251.0 268.0 
284.0 299.0 314.0 328.0 338.0 347.0 354.0 
360.0 361.0 361.0 359.0 353.0 346.0 336.0 
324.0 309.0 292.0 272.0 248.0 227.0 205.0 
178.0 153.0 127.0 98.0 68.0 37.0 6.0 
-25.0 -56.0 -89.0 -123.0 -157.0 -190.0 -225.0 
-262.0 -296.0 -331.0 -365.0 -396.0 -428.0 -462.0 
-492.0 -521.0 -554.0 -582.0 -608.0 -635.0 -661.0 
-684.0 -706.0 -727.0 -744.0 -762.0 -778.0 -795.0 
-808.0 -820.0 -836.0 -846.0 -854.0 -861.0 -867.0 
-874.0 -875.0 -878.0 -882.0 -884.0 -882.0 -876.0 
-870.0 -864.0 -855.0 -841.0 -827.0 -810.0 -790.0 
-769.0 -745.0 -721.0 -696.0 -670.0 -639.0 -611.0 
-579.0 -545.0 -514.0 -480.0 -448.0 -413.0 -379.0 
-348.0 -317.0 -287.0 -259.0 -234.0 -207.0 -182.0 
-163.0 -141.0 -120.0 -101.0 -81.0 -64.0 -48.0 
-35.0 -24.0 -13.0 -7.0 3.0 10.0 14.0 
19.0 24.0 29.0 28.0 34.0 40.0 41.0 
46.0 51.0 55.0 60.0 63.0 69.0 75.0 
80.0 86.0 91.0 97.0 103.0 109.0 117.0 
124.0 132.0 137.0 144.0 149.0 151.0 157.0 
161.0 166.0 170.0 171.0 173.0 173.0 175.0 
175.0 170.0 166.0 161.0 153.0 146.0 138.0 
128.0 117.0 107.0 95.0 87.0 77.0 63.0 
50.0 38.0 26.0 14.0 0.0 -12.0 -29.0 
-45.0 -54.0 -70.0 -83.0 -99.0 -119.0 -137.0 
-158.0 -176.0 -197.0 -219.0 -240.0 -263.0 -286.0 
-311.0 -336.0 -359.0 -386.0 -417.0 -440.0 -465.0 
-490.0 -512.0 -539.0 -563.0 -585.0 -605.0 -624.0 
-641.0 -657.0 -675.0 -690.0 -704.0 -715.0 -724.0 
-732.0 -740.0 -744.0 -746.0 -745.0 -744.0 -740.0 
-734.0 -727.0 -718.0 -707.0 -692.0 -679.0 -662.0 
-642.0 -622.0 -600.0 -576.0 -550.0 -526.0 -500.0 
-474.0 -447.0 -418.0 -392.0 -368.0 -343.0 -318.0 
-295.0 -270.0 -247.0 -226.0 -206.0 -188.0 -168.0 
-153.0 -141.0 -125.0 -114.0 -104.0 -97.0 -93.0 
-91.0 -87.0 -82.0 -85.0 -86.0 -90.0 -93.0 
-96.0 -103.0 -107.0 -114.0 -119.0 -121.0 -131.0 
-139.0 -145.0 -150.0 -154.0 -159.0 -161.0 -167.0 
-167.0 -164.0 -165.0 -161.0 -156.0 -152.0 -146.0 
-140.0 -133.0 -129.0 -120.0 -110.0 -104.0 -95.0 
-86.0 -78.0 -71.0 -61.0 -54.0 -46.0 -38.0 
-28.0 -17.0 -7.0 1.0 8.0 13.0 18.0 
20.0 19.0 21.0 21.0 17.0 15.0 11.0 
7.0 -2.0 -10.0 -15.0 -22.0 -29.0 -38.0 
-48.0 -59.0 -70.0 -82.0 -92.0 -103.0 -115.0 
-127.0 -140.0 -148.0 -159.0 -168.0 -175.0 -187.0 
-194.0 -202.0 -214.0 -223.0 -232.0 -243.0 -252.0 
-260.0 -270.0 -280.0 -288.0 -296.0 -305.0 -316.0 
-322.0 -331.0 -343.0 -351.0 -362.0 -372.0 -380.0 
-394.0 -404.0 -415.0 -430.0 -442.0 -456.0 -464.0 
-474.0 -487.0 -495.0 -505.0 -513.0 -520.0 -527.0 
-533.0 -543.0 -549.0 -552.0 -559.0 -566.0 -569.0 
-572.0 -577.0 -581.0 -583.0 -585.0 -585.0 -586.0 
-585.0 -581.0 -580.0 -576.0 -571.0 -565.0 -556.0 
-552.0 -547.0 -538.0 -528.0 -519.0 -511.0 -499.0 
-490.0 -481.0 -472.0 -462.0 -452.0 -445.0 -435.0 
-424.0 -415.0 -406.0 -396.0 -386.0 -379.0 -372.0 
-364.0 -356.0 -350.0 -345.0 -339.0 -334.0 -330.0 
-325.0 -319.0 -314.0 -307.0 -299.0 -292.0 -279.0 
-267.0 -254.0 -241.0 -226.0 -210.0 -199.0 -178.0 
-156.0 -136.0 -114.0 -94.0 -68.0 -45.0 -20.0 
4.0 22.0 47.0 72.0 95.0 118.0 136.0 
155.0 170.0 184.0 198.0 207.0 218.0 228.0 
233.0 237.0 243.0 247.0 248.0 250.0 249.0 
246.0 245.0 242.0 236.0 234.0 228.0 222.0 
215.0 207.0 199.0 189.0 179.0 168.0 154.0 
141.0 125.0 110.0 94.0 75.0 57.0 35.0 
17.0 -4.0 -27.0 -52.0 -75.0 -96.0 -122.0 
-143.0 -166.0 -192.0 -216.0 -240.0 -263.0 -288.0 
-311.0 -333.0 -355.0 -378.0 -398.0 -416.0 -435.0 
-451.0 -469.0 -486.0 -500.0 -511.0 -523.0 -534.0 
-540.0 -549.0 -557.0 -565.0 -571.0 -576.0 -584.0 
-588.0 -591.0 -594.0 -597.0 -600.0 -602.0 -604.0 
-605.0 -608.0 -609.0 -609.0 -610.0 -608.0 -606.0 
-607.0 -605.0 -601.0 -596.0 -591.0 -586.0 -579.0 
-573.0 -567.0 -558.0 -551.0 -540.0 -531.0 -523.0 
-511.0 -502.0 -491.0 -480.0 -466.0 -450.0 -433.0 
-417.0 -399.0 -383.0 -366.0 -350.0 -337.0 -322.0 
-309.0 -295.0 -285.0 -273.0 -261.0 -253.0 -241.0 
-234.0 -228.0 -223.0 -217.0 -208.0 -203.0 -195.0 
-185.0 -176.0 -165.0 -156.0 -143.0 -132.0 -122.0 
-109.0 -97.0 -82.0 -65.0 -52.0 -36.0 -18.0 
-3.0 11.0 28.0 44.0 60.0 76.0 92.0 
106.0 121.0 135.0 146.0 155.0 166.0 175.0 
181.0 189.0 195.0 198.0 205.0 211.0 212.0 
214.0 217.0 218.0 218.0 219.0 224.0 225.0 
224.0 223.0 219.0 214.0 207.0 200.0 191.0 
183.0 174.0 164.0 156.0 145.0 136.0 124.0 
111.0 99.0 87.0 74.0 60.0 46.0 30.0 
12.0 -6.0 -27.0 -47.0 -68.0 -93.0 -117.0 
-144.0 -171.0 -199.0 -231.0 -262.0 -297.0 -330.0 
-363.0 -399.0 -432.0 -467.0 -503.0 -536.0 -573.0 
-609.0 -645.0 -683.0 -718.0 -752.0 -784.0 -818.0 
-850.0 -878.0 -906.0 -933.0 -958.0 -979.0 -1000.0 
-1018.0 -1031.0 -1041.0 -1049.0 -1054.0 -1052.0 -1049.0 
-1044.0 -1036.0 -1024.0 -1007.0 -988.0 -968.0 -945.0 
-921.0 -896.0 -869.0 -841.0 -809.0 -779.0 -749.0 
-714.0 -683.0 -650.0 -618.0 -585.0 -552.0 -521.0 
-487.0 -454.0 -421.0 -384.0 -352.0 -318.0 -285.0 
-255.0 -223.0 -193.0 -165.0 -136.0 -109.0 -81.0 
-55.0 -29.0 -5.0 18.0 39.0 57.0 75.0 
90.0 103.0 114.0 123.0 132.0 140.0 144.0 
148.0 150.0 151.0 156.0 156.0 154.0 157.0 
156.0 154.0 154.0 156.0 156.0 155.0 154.0 
151.0 150.0 146.0 142.0 142.0 136.0 131.0 
128.0 121.0 116.0 109.0 101.0 95.0 88.0 
80.0 69.0 60.0 52.0 37.0 24.0 11.0 
-2.0 -16.0 -33.0 -49.0 -65.0 -84.0 -101.0 
-116.0 -132.0 -151.0 -166.0 -182.0 -196.0 -208.0 
-223.0 -234.0 -245.0 -258.0 -268.0 -278.0 -286.0 
-295.0 -303.0 -310.0 -316.0 -321.0 -325.0 -330.0 
-334.0 -336.0 -338.0 -340.0 -344.0 -348.0 -353.0 
-358.0 -363.0 -366.0 -372.0 -378.0 -380.0 -385.0 
-391.0 -397.0 -405.0 -412.0 -415.0 -420.0 -428.0 
-436.0 -444.0 -450.0 -453.0 -457.0 -460.0 -461.0 
-462.0 -464.0 -462.0 -461.0 -457.0 -452.0 -449.0 
-440.0 -428.0 -417.0 -409.0 -398.0 -385.0 -372.0 
-356.0 -339.0 -325.0 -310.0 -294.0 -280.0 -265.0 
-252.0 -241.0 -228.0 -217.0 -209.0 -201.0 -193.0 
-187.0 -183.0 -180.0 -178.0 -178.0 -179.0 -178.0 
-181.0 -185.0 -191.0 -198.0 -203.0 -210.0 -220.0 
-227.0 -236.0 -244.0 -250.0 -260.0 -268.0 -279.0 
-288.0 -296.0 -305.0 -312.0 -321.0 -329.0 -337.0 
-343.0 -349.0 -355.0 -361.0 -367.0 -371.0 -375.0 
-379.0 -381.0 -379.0 -376.0 -370.0 -364.0 -357.0 
-349.0 -337.0 -324.0 -309.0 -290.0 -270.0 -247.0 
-225.0 -204.0 -180.0 -158.0 -135.0 -110.0 -88.0 
-65.0 -42.0 -19.0 4.0 24.0 47.0 68.0 
88.0 113.0 130.0 147.0 168.0 184.0 197.0 
210.0 221.0 229.0 233.0 236.0 235.0 230.0 
226.0 215.0 206.0 196.0 184.0 169.0 152.0 
137.0 116.0 99.0 80.0 60.0 42.0 23.0 
4.0 -18.0 -38.0 -57.0 -81.0 -101.0 -121.0 
-145.0 -167.0 -192.0 -216.0 -240.0 -265.0 -289.0 
-314.0 -335.0 -358.0 -380.0 -400.0 -420.0 -438.0 
-458.0 -475.0 -494.0 -510.0 -525.0 -541.0 -555.0 
-568.0 -581.0 -595.0 -605.0 -615.0 -626.0 -637.0 
-642.0 -650.0 -657.0 -661.0 -665.0 -667.0 -667.0 
-668.0 -668.0 -665.0 -660.0 -654.0 -650.0 -643.0 
-636.0 -626.0 -616.0 -610.0 -603.0 -596.0 -588.0 
-583.0 -576.0 -566.0 -559.0 -551.0 -543.0 -535.0 
-526.0 -516.0 -507.0 -495.0 -482.0 -471.0 -459.0 
-448.0 -435.0 -420.0 -407.0 -392.0 -375.0 -356.0 
-340.0 -325.0 -308.0 -292.0 -274.0 -256.0 -242.0 
-224.0 -207.0 -192.0 -176.0 -161.0 -146.0 -129.0 
-115.0 -101.0 -86.0 -71.0 -56.0 -42.0 -29.0 
-15.0 -2.0 10.0 23.0 33.0 46.0 54.0 
59.0 66.0 72.0 75.0 76.0 81.0 83.0 
83.0 84.0 78.0 74.0 71.0 64.0 59.0 
50.0 44.0 35.0 23.0 17.0 6.0 -5.0 
-13.0 -25.0 -36.0 -48.0 -59.0 -71.0 -83.0 
-94.0 -104.0 -113.0 -123.0 -131.0 -140.0 -150.0 
-156.0 -162.0 -170.0 -175.0 -181.0 -188.0 -192.0 
-198.0 -202.0 -205.0 -210.0 -213.0 -214.0 -217.0 
-219.0 -219.0 -219.0 -220.0 -222.0 -223.0 -223.0 
-224.0 -226.0 -226.0 -230.0 -231.0 -233.0 -236.0 
-238.0 -243.0 -246.0 -250.0 -257.0 -263.0 -268.0 
-272.0 -277.0 -283.0 -288.0 -294.0 -298.0 -303.0 
-308.0 -313.0 -320.0 -324.0 -328.0 -332.0 -336.0 
-341.0 -344.0 -349.0 -353.0 -355.0 -358.0 -358.0 
-359.0 -361.0 -363.0 -366.0 -367.0 -370.0 -373.0 
-375.0 -381.0 -384.0 -387.0 -391.0 -394.0 -396.0 
-400.0 -402.0 -403.0 -407.0 -409.0 -411.0 -413.0 
-415.0 -417.0 -421.0 -424.0 -426.0 -428.0 -428.0 
-431.0 -432.0 -431.0 -432.0 -431.0 -428.0 -428.0 
-424.0 -418.0 -414.0 -407.0 -398.0 -386.0 -372.0 
-358.0 -343.0 -328.0 -312.0 -296.0 -278.0 -259.0 
-243.0 -225.0 -207.0 -193.0 -178.0 -164.0 -153.0 
-142.0 -131.0 -121.0 -110.0 -102.0 -93.0 -84.0 
-75.0 -66.0 -60.0 -52.0 -44.0 -38.0 -30.0 
-24.0 -20.0 -14.0 -9.0 -8.0 -4.0 0.0 
-2.0 -4.0 -7.0 -9.0 -13.0 -20.0 -29.0 
-39.0 -49.0 -60.0 -72.0 -85.0 -96.0 -108.0 
-121.0 -133.0 -148.0 -160.0 -172.0 -183.0 -194.0 
-203.0 -210.0 -217.0 -225.0 -230.0 -233.0 -234.0 
-232.0 -228.0 -227.0 -226.0 -217.0 -213.0 -206.0 
-198.0 -193.0 -189.0 -183.0 -173.0 -167.0 -162.0 
-156.0 -154.0 -151.0 -146.0 -144.0 -144.0 -143.0 
-145.0 -150.0 -155.0 -161.0 -168.0 -176.0 -186.0 
-199.0 -213.0 -227.0 -240.0 -256.0 -273.0 -289.0 
-305.0 -323.0 -341.0 -358.0 -375.0 -393.0 -408.0 
-421.0 -438.0 -450.0 -463.0 -477.0 -488.0 -498.0 
-508.0 -517.0 -523.0 -528.0 -533.0 -535.0 -536.0 
-537.0 -535.0 -533.0 -530.0 -523.0 -517.0 -506.0 
-498.0 -489.0 -476.0 -465.0 -451.0 -438.0 -422.0 
-408.0 -394.0 -376.0 -364.0 -350.0 -334.0 -319.0 
-303.0 -289.0 -272.0 -257.0 -244.0 -227.0 -214.0 
-201.0 -189.0 -178.0 -164.0 -154.0 -148.0 -140.0 
-135.0 -127.0 -121.0 -117.0 -111.0 -108.0 -104.0 
-102.0 -100.0 -98.0 -100.0 -100.0 -99.0 -97.0 
-98.0 -102.0 -104.0 -108.0 -114.0 -119.0 -125.0 
-132.0 -138.0 -142.0 -149.0 -155.0 -161.0 -167.0 
-169.0 -174.0 -177.0 -177.0 -178.0 -174.0 -171.0 
-170.0 -166.0 -161.0 -157.0 -153.0 -145.0 -139.0 
-136.0 -130.0 -123.0 -119.0 -115.0 -110.0 -106.0 
-105.0 -106.0 -106.0 -108.0 -112.0 -114.0 -119.0 
-125.0 -131.0 -137.0 -145.0 -152.0 -162.0 -175.0 
-185.0 -193.0 -202.0 -213.0 -224.0 -233.0 -243.0 
-253.0 -260.0 -269.0 -278.0 -284.0 -292.0 -302.0 
-310.0 -317.0 -328.0 -336.0 -346.0 -360.0 -370.0 
-383.0 -396.0 -407.0 -421.0 -434.0 -447.0 -464.0 
-479.0 -495.0 -506.0 -516.0 -525.0 -532.0 -541.0 
-547.0 -551.0 -551.0 -552.0 -553.0 -548.0 -540.0 
-533.0 -523.0 -513.0 -501.0 -490.0 -476.0 -460.0 
-444.0 -425.0 -406.0 -387.0 -363.0 -341.0 -318.0 
-295.0 -269.0 -243.0 -220.0 -195.0 -171.0 -145.0 
-119.0 -94.0 -70.0 -48.0 -26.0 -5.0 12.0 
31.0 49.0 65.0 79.0 90.0 103.0 112.0 
122.0 129.0 133.0 138.0 142.0 144.0 143.0 
140.0 136.0 130.0 120.0 112.0 100.0 86.0 
70.0 49.0 28.0 7.0 -15.0 -41.0 -68.0 
-94.0 -124.0 -151.0 -179.0 -212.0 -239.0 -270.0 
-298.0 -324.0 -352.0 -377.0 -401.0 -420.0 -438.0 
-459.0 -472.0 -489.0 -503.0 -513.0 -522.0 -531.0 
-538.0 -539.0 -542.0 -545.0 -547.0 -549.0 -550.0 
-548.0 -545.0 -544.0 -542.0 -538.0 -534.0 -528.0 
-521.0 -515.0 -507.0 -496.0 -481.0 -469.0 -456.0 
-438.0 -421.0 -404.0 -386.0 -369.0 -348.0 -331.0 
-317.0 -299.0 -283.0 -264.0 -246.0 -230.0 -211.0 
-197.0 -184.0 -171.0 -158.0 -144.0 -132.0 -120.0 
-108.0 -96.0 -86.0 -75.0 -64.0 -55.0 -45.0 
-37.0 -30.0 -19.0 -13.0 -11.0 -7.0 -5.0 
-3.0 -3.0 -3.0 -5.0 -10.0 -12.0 -17.0 
-27.0 -34.0 -44.0 -54.0 -66.0 -80.0 -92.0 
-105.0 -121.0 -136.0 -154.0 -170.0 -189.0 -209.0 
-227.0 -247.0 -267.0 -291.0 -311.0 -330.0 -352.0 
-369.0 -389.0 -407.0 -421.0 -434.0 -446.0 -455.0 
-461.0 -468.0 -471.0 -472.0 -471.0 -465.0 -461.0 
-454.0 -441.0 -428.0 -413.0 -397.0 -379.0 -362.0 
-345.0 -327.0 -311.0 -291.0 -273.0 -258.0 -238.0 
-221.0 -206.0 -189.0 -173.0 -157.0 -142.0 -128.0 
-110.0 -97.0 -82.0 -64.0 -50.0 -35.0 -22.0 
-7.0 6.0 14.0 26.0 33.0 43.0 52.0 
56.0 61.0 61.0 60.0 58.0 56.0 53.0 
43.0 36.0 29.0 18.0 6.0 -7.0 -20.0 
-37.0 -54.0 -71.0 -93.0 -116.0 -137.0 -160.0 
-186.0 -212.0 -241.0 -271.0 -300.0 -326.0 -354.0 
-382.0 -407.0 -433.0 -455.0 -480.0 -501.0 -522.0 
-541.0 -558.0 -575.0 -585.0 -596.0 -606.0 -612.0 
-617.0 -620.0 -623.0 -622.0 -619.0 -617.0 -609.0 
-599.0 -589.0 -579.0 -568.0 -554.0 -542.0 -530.0 
-517.0 -506.0 -493.0 -481.0 -471.0 -455.0 -443.0 
-430.0 -416.0 -403.0 -388.0 -377.0 -362.0 -343.0 
-329.0 -313.0 -296.0 -279.0 -264.0 -247.0 -229.0 
-215.0 -197.0 -182.0 -169.0 -153.0 -138.0 -124.0 
-107.0 -90.0 -75.0 -62.0 -45.0 -26.0 -11.0 
4.0 20.0 37.0 53.0 67.0 82.0 92.0 
103.0 116.0 124.0 129.0 133.0 137.0 135.0 
134.0 131.0 121.0 113.0 103.0 89.0 76.0 
58.0 39.0 21.0 -2.0 -25.0 -49.0 -73.0 
-95.0 -118.0 -145.0 -169.0 -192.0 -215.0 -234.0 
-253.0 -273.0 -289.0 -302.0 -314.0 -325.0 -335.0 
-342.0 -353.0 -358.0 -363.0 -370.0 -372.0 -376.0 
-381.0 -381.0 -382.0 -385.0 -385.0 -386.0 -388.0 
-392.0 -392.0 -395.0 -397.0 -398.0 -403.0 -406.0 
-412.0 -417.0 -420.0 -426.0 -432.0 -437.0 -443.0 
-448.0 -454.0 -460.0 -465.0 -469.0 -471.0 -476.0 
-480.0 -484.0 -487.0 -489.0 -492.0 -495.0 -498.0 
-501.0 -506.0 -511.0 -513.0 -517.0 -518.0 -518.0 
-520.0 -520.0 -520.0 -517.0 -512.0 -508.0 -500.0 
-493.0 -481.0 -468.0 -458.0 -443.0 -428.0 -414.0 
-397.0 -382.0 -363.0 -344.0 -328.0 -308.0 -288.0 
-269.0 -248.0 -230.0 -209.0 -188.0 -170.0 -147.0 
-127.0 -106.0 -87.0 -66.0 -46.0 -27.0 -6.0 
10.0 30.0 51.0 65.0 79.0 96.0 111.0 
119.0 129.0 139.0 145.0 151.0 157.0 158.0 
158.0 156.0 154.0 148.0 140.0 132.0 121.0 
110.0 97.0 81.0 66.0 48.0 31.0 12.0 
-7.0 -24.0 -45.0 -64.0 -81.0 -104.0 -123.0 
-142.0 -161.0 -180.0 -203.0 -225.0 -243.0 -261.0 
-282.0 -301.0 -317.0 -335.0 -349.0 -367.0 -384.0 
-395.0 -412.0 -427.0 -437.0 -450.0 -463.0 -474.0 
-484.0 -493.0 -501.0 -507.0 -515.0 -518.0 -517.0 
-520.0 -519.0 -518.0 -518.0 -512.0 -507.0 -501.0 
-495.0 -489.0 -478.0 -469.0 -459.0 -449.0 -438.0 
-427.0 -418.0 -407.0 -397.0 -385.0 -373.0 -365.0 
-354.0 -342.0 -333.0 -323.0 -313.0 -303.0 -295.0 
-287.0 -275.0 -266.0 -257.0 -248.0 -239.0 -230.0 
-224.0 -215.0 -208.0 -199.0 -189.0 -182.0 -175.0 
-167.0 -159.0 -153.0 -143.0 -136.0 -132.0 -127.0 
-121.0 -116.0 -117.0 -116.0 -117.0 -120.0 -123.0 
-127.0 -131.0 -137.0 -144.0 -150.0 -157.0 -161.0 
-164.0 -170.0 -175.0 -177.0 -183.0 -189.0 -190.0 
-192.0 -195.0 -197.0 -199.0 -200.0 -200.0 -199.0 
-200.0 -200.0 -199.0 -198.0 -196.0 -192.0 -191.0 
-190.0 -184.0 -178.0 -176.0 -175.0 -169.0 -166.0 
-166.0 -166.0 -163.0 -161.0 -160.0 -158.0 -158.0 
-155.0 -151.0 -147.0 -143.0 -137.0 -129.0 -123.0 
-118.0 -114.0 -106.0 -98.0 -92.0 -85.0 -82.0 
-80.0 -80.0 -80.0 -79.0 -83.0 -88.0 -93.0 
-99.0 -106.0 -117.0 -131.0 -143.0 -155.0 -168.0 
-179.0 -195.0 -211.0 -225.0 -240.0 -255.0 -271.0 
-287.0 -303.0 -318.0 -336.0 -350.0 -362.0 -376.0 
-389.0 -400.0 -409.0 -419.0 -428.0 -433.0 -439.0 
-445.0 -447.0 -446.0 -447.0 -446.0 -448.0 -445.0 
-443.0 -438.0 -430.0 -426.0 -416.0 -407.0 -397.0 
-385.0 -375.0 -364.0 -353.0 -338.0 -327.0 -317.0 
-306.0 -294.0 -286.0 -276.0 -266.0 -259.0 -253.0 
-251.0 -249.0 -250.0 -252.0 -255.0 -260.0 -265.0 
-273.0 -284.0 -298.0 -310.0 -321.0 -336.0 -348.0 
-359.0 -371.0 -382.0 -392.0 -397.0 -405.0 -412.0 
-416.0 -419.0 -420.0 -421.0 -420.0 -418.0 -415.0 
-412.0 -409.0 -399.0 -389.0 -380.0 -370.0 -356.0 
-340.0 -325.0 -304.0 -283.0 -262.0 -239.0 -215.0 
-192.0 -167.0 -139.0 -116.0 -91.0 -66.0 -45.0 
-22.0 1.0 20.0 36.0 52.0 66.0 77.0 
88.0 93.0 99.0 103.0 103.0 104.0 99.0 
95.0 90.0 83.0 76.0 65.0 55.0 42.0 
30.0 17.0 1.0 -16.0 -33.0 -47.0 -63.0 
-82.0 -100.0 -117.0 -136.0 -153.0 -171.0 -189.0 
-205.0 -222.0 -236.0 -249.0 -262.0 -275.0 -286.0 
-295.0 -306.0 -316.0 -324.0 -334.0 -341.0 -350.0 
-360.0 -371.0 -383.0 -392.0 -404.0 -416.0 -426.0 
-437.0 -445.0 -453.0 -464.0 -470.0 -477.0 -483.0 
-488.0 -493.0 -494.0 -495.0 -496.0 -496.0 -496.0 
-492.0 -491.0 -487.0 -483.0 -479.0 -473.0 -469.0 
-466.0 -463.0 -459.0 -457.0 -455.0 -455.0 -456.0 
-454.0 -453.0 -454.0 -455.0 -454.0 -453.0 -450.0 
-448.0 -447.0 -443.0 -439.0 -433.0 -426.0 -417.0 
-406.0 -396.0 -383.0 -368.0 -352.0 -337.0 -322.0 
-302.0 -284.0 -263.0 -244.0 -222.0 -199.0 -176.0 
-150.0 -128.0 -102.0 -78.0 -55.0 -31.0 -10.0 
16.0 38.0 58.0 79.0 96.0 113.0 127.0 
140.0 152.0 159.0 166.0 172.0 173.0 173.0 
169.0 163.0 158.0 147.0 136.0 122.0 107.0 
87.0 67.0 46.0 20.0 -4.0 -27.0 -51.0 
-76.0 -102.0 -125.0 -147.0 -169.0 -189.0 -207.0 
-223.0 -238.0 -254.0 -267.0 -280.0 -289.0 -299.0 
-307.0 -312.0 -320.0 -324.0 -327.0 -331.0 -334.0 
-335.0 -336.0 -339.0 -341.0 -338.0 -337.0 -339.0 
-338.0 -341.0 -344.0 -344.0 -349.0 -356.0 -358.0 
-359.0 -365.0 -369.0 -370.0 -375.0 -378.0 -381.0 
-383.0 -386.0 -389.0 -392.0 -398.0 -399.0 -401.0 
-402.0 -400.0 -401.0 -397.0 -395.0 -393.0 -389.0 
-389.0 -386.0 -383.0 -381.0 -375.0 -370.0 -365.0 
-361.0 -357.0 -349.0 -341.0 -331.0 -320.0 -311.0 
-300.0 -291.0 -278.0 -263.0 -250.0 -236.0 -222.0 
-206.0 -189.0 -172.0 -156.0 -140.0 -123.0 -108.0 
-92.0 -77.0 -63.0 -49.0 -39.0 -30.0 -17.0 
-10.0 -3.0 3.0 3.0 6.0 4.0 2.0 
1.0 -7.0 -15.0 -22.0 -34.0 -50.0 -61.0 
-76.0 -90.0 -103.0 -120.0 -135.0 -151.0 -165.0 
-181.0 -197.0 -211.0 -224.0 -241.0 -256.0 -270.0 
-285.0 -296.0 -308.0 -320.0 -333.0 -348.0 -360.0 
-375.0 -383.0 -390.0 -397.0 -401.0 -407.0 -410.0 
-413.0 -413.0 -412.0 -411.0 -406.0 -401.0 -393.0 
-383.0 -376.0 -364.0 -355.0 -344.0 -330.0 -320.0 
-306.0 -294.0 -282.0 -268.0 -253.0 -239.0 -226.0 
-210.0 -197.0 -184.0 -172.0 -160.0 -145.0 -133.0 
-123.0 -114.0 -104.0 -98.0 -95.0 -91.0 -90.0 
-89.0 -91.0 -94.0 -97.0 -103.0 -110.0 -118.0 
-125.0 -135.0 -146.0 -153.0 -163.0 -170.0 -179.0 
-188.0 -192.0 -200.0 -207.0 -214.0 -222.0 -229.0 
-232.0 -235.0 -237.0 -239.0 -243.0 -243.0 -243.0 
-244.0 -244.0 -243.0 -243.0 -242.0 -242.0 -242.0 
-242.0 -245.0 -247.0 -251.0 -255.0 -261.0 -269.0 
-274.0 -282.0 -291.0 -300.0 -311.0 -320.0 -332.0 
-343.0 -352.0 -364.0 -372.0 -378.0 -383.0 -389.0 
-396.0 -401.0 -407.0 -412.0 -418.0 -421.0 -422.0 
-425.0 -428.0 -430.0 -429.0 -428.0 -432.0 -432.0 
-430.0 -426.0 -424.0 -420.0 -413.0 -408.0 -401.0 
-393.0 -387.0 -378.0 -368.0 -359.0 -350.0 -342.0 
-334.0 -324.0 -311.0 -301.0 -292.0 -281.0 -270.0 
-258.0 -244.0 -231.0 -214.0 -200.0 -188.0 -170.0 
-156.0 -143.0 -126.0 -111.0 -99.0 -81.0 -64.0 
-49.0 -31.0 -14.0 -1.0 13.0 26.0 37.0 
49.0 57.0 65.0 71.0 76.0 83.0 85.0 
87.0 89.0 90.0 88.0 83.0 83.0 79.0 
72.0 65.0 57.0 45.0 34.0 23.0 8.0 
-8.0 -24.0 -40.0 -59.0 -80.0 -101.0 -126.0 
-148.0 -170.0 -196.0 -221.0 -247.0 -271.0 -295.0 
-320.0 -344.0 -367.0 -390.0 -412.0 -434.0 -455.0 
-475.0 -494.0 -512.0 -526.0 -542.0 -556.0 -566.0 
-576.0 -580.0 -587.0 -591.0 -590.0 -588.0 -584.0 
-580.0 -573.0 -564.0 -553.0 -541.0 -527.0 -510.0 
-495.0 -480.0 -464.0 -448.0 -425.0 -401.0 -384.0 
-362.0 -341.0 -321.0 -301.0 -278.0 -257.0 -236.0 
-213.0 -193.0 -171.0 -152.0 -135.0 -120.0 -103.0 
-88.0 -77.0 -64.0 -52.0 -41.0 -34.0 -27.0 
-19.0 -10.0 -4.0 0.0 8.0 10.0 13.0 
17.0 18.0 19.0 18.0 17.0 17.0 13.0 
7.0 0.0 -8.0 -15.0 -26.0 -36.0 -45.0 
-59.0 -70.0 -81.0 -92.0 -103.0 -114.0 -122.0 
-132.0 -142.0 -154.0 -165.0 -175.0 -186.0 -196.0 
-210.0 -220.0 -227.0 -237.0 -247.0 -259.0 -270.0 
-281.0 -290.0 -297.0 -307.0 -314.0 -321.0 -325.0 
-326.0 -328.0 -328.0 -326.0 -324.0 -317.0 -313.0 
-305.0 -295.0 -288.0 -274.0 -262.0 -253.0 -242.0 
-228.0 -218.0 -207.0 -193.0 -182.0 -170.0 -157.0 
-150.0 -141.0 -133.0 -131.0 -129.0 -129.0 -127.0 
-128.0 -131.0 -131.0 -132.0 -135.0 -138.0 -139.0 
-146.0 -156.0 -160.0 -164.0 -169.0 -175.0 -181.0 
-187.0 -195.0 -202.0 -209.0 -222.0 -229.0 -241.0 
-256.0 -262.0 -272.0 -280.0 -290.0 -298.0 -305.0 
-316.0 -322.0 -328.0 -333.0 -339.0 -341.0 -341.0 
-342.0 -343.0 -344.0 -345.0 -344.0 -341.0 -342.0 
-340.0 -339.0 -339.0 -340.0 -342.0 -343.0 -346.0 
-345.0 -343.0 -343.0 -341.0 -342.0 -341.0 -341.0 
-345.0 -348.0 -354.0 -363.0 -373.0 -381.0 -389.0 
-398.0 -407.0 -417.0 -426.0 -434.0 -444.0 -449.0 
-453.0 -457.0 -457.0 -458.0 -458.0 -455.0 -452.0 
-447.0 -440.0 -430.0 -416.0 -399.0 -379.0 -360.0 
-338.0 -315.0 -287.0 -259.0 -235.0 -201.0 -169.0 
-139.0 -105.0 -76.0 -43.0 -13.0 12.0 39.0 
60.0 83.0 103.0 118.0 133.0 145.0 156.0 
161.0 166.0 172.0 170.0 170.0 171.0 167.0 
162.0 154.0 142.0 130.0 117.0 106.0 87.0 
70.0 54.0 32.0 14.0 -5.0 -27.0 -48.0 
-70.0 -91.0 -115.0 -138.0 -156.0 -176.0 -199.0 
-219.0 -238.0 -258.0 -277.0 -295.0 -312.0 -327.0 
-342.0 -361.0 -375.0 -390.0 -407.0 -421.0 -435.0 
-446.0 -461.0 -471.0 -481.0 -493.0 -502.0 -509.0 
-515.0 -524.0 -531.0 -536.0 -541.0 -546.0 -551.0 
-554.0 -558.0 -562.0 -563.0 -564.0 -562.0 -559.0 
-556.0 -550.0 -546.0 -538.0 -530.0 -524.0 -516.0 
-504.0 -492.0 -483.0 -472.0 -457.0 -440.0 -427.0 
-411.0 -395.0 -380.0 -363.0 -345.0 -328.0 -314.0 
-298.0 -276.0 -255.0 -235.0 -214.0 -192.0 -174.0 
-158.0 -140.0 -126.0 -113.0 -100.0 -87.0 -75.0 
-63.0 -52.0 -43.0 -32.0 -25.0 -19.0 -11.0 
-3.0 6.0 15.0 23.0 26.0 32.0 36.0 
42.0 46.0 51.0 58.0 59.0 62.0 62.0 
63.0 64.0 64.0 63.0 58.0 59.0 60.0 
59.0 58.0 58.0 58.0 59.0 60.0 62.0 
62.0 59.0 55.0 49.0 45.0 39.0 32.0 
23.0 13.0 8.0 -4.0 -14.0 -21.0 -33.0 
-43.0 -53.0 -63.0 -74.0 -82.0 -89.0 -99.0 
-107.0 -116.0 -128.0 -136.0 -145.0 -152.0 -156.0 
-160.0 -165.0 -172.0 -177.0 -185.0 -193.0 -199.0 
-203.0 -206.0 -213.0 -219.0 -227.0 -236.0 -246.0 
-256.0 -269.0 -283.0 -296.0 -310.0 -327.0 -344.0 
-360.0 -381.0 -400.0 -418.0 -438.0 -455.0 -476.0 
-496.0 -515.0 -536.0 -550.0 -568.0 -585.0 -598.0 
-616.0 -630.0 -642.0 -656.0 -668.0 -675.0 -680.0 
-686.0 -689.0 -690.0 -688.0 -680.0 -673.0 -664.0 
-654.0 -644.0 -631.0 -617.0 -602.0 -583.0 -563.0 
-541.0 -520.0 -499.0 -474.0 -449.0 -426.0 -402.0 
-377.0 -350.0 -321.0 -295.0 -269.0 -241.0 -215.0 
-190.0 -165.0 -142.0 -120.0 -99.0 -79.0 -59.0 
-39.0 -20.0 0.0 19.0 38.0 55.0 73.0 
90.0 107.0 125.0 139.0 158.0 175.0 188.0 
204.0 216.0 232.0 245.0 251.0 259.0 265.0 
268.0 268.0 268.0 270.0 266.0 260.0 251.0 
241.0 230.0 215.0 200.0 183.0 164.0 144.0 
126.0 109.0 91.0 71.0 54.0 37.0 20.0 
6.0 -7.0 -17.0 -31.0 -42.0 -53.0 -63.0 
-74.0 -89.0 -98.0 -111.0 -125.0 -136.0 -152.0 
-167.0 -182.0 -199.0 -217.0 -236.0 -255.0 -275.0 
-294.0 -313.0 -333.0 -353.0 -371.0 -388.0 -406.0 
-425.0 -443.0 -460.0 -479.0 -497.0 -516.0 -536.0 
-549.0 -566.0 -585.0 -599.0 -615.0 -629.0 -644.0 
-656.0 -666.0 -675.0 -680.0 -687.0 -689.0 -690.0 
-694.0 -693.0 -693.0 -690.0 -688.0 -681.0 -673.0 
-668.0 -659.0 -651.0 -640.0 -632.0 -623.0 -610.0 
-604.0 -593.0 -580.0 -570.0 -559.0 -547.0 -536.0 
-522.0 -507.0 -493.0 -479.0 -460.0 -439.0 -419.0 
-399.0 -377.0 -355.0 -334.0 -307.0 -281.0 -258.0 
-230.0 -204.0 -179.0 -153.0 -128.0 -102.0 -79.0 
-57.0 -34.0 -15.0 4.0 21.0 35.0 49.0 
61.0 74.0 85.0 94.0 108.0 116.0 126.0 
139.0 149.0 163.0 172.0 182.0 190.0 198.0 
206.0 210.0 221.0 228.0 232.0 237.0 243.0 
247.0 250.0 254.0 258.0 262.0 260.0 259.0 
255.0 253.0 250.0 247.0 243.0 236.0 231.0 
222.0 210.0 197.0 181.0 165.0 147.0 128.0 
106.0 81.0 58.0 32.0 6.0 -17.0 -48.0 
-75.0 -102.0 -129.0 -155.0 -184.0 -210.0 -236.0 
-262.0 -285.0 -307.0 -329.0 -351.0 -372.0 -390.0 
-409.0 -427.0 -446.0 -466.0 -484.0 -501.0 -519.0 
-537.0 -548.0 -561.0 -578.0 -589.0 -602.0 -612.0 
-619.0 -630.0 -637.0 -645.0 -653.0 -655.0 -660.0 
-663.0 -669.0 -671.0 -670.0 -672.0 -669.0 -666.0 
-661.0 -655.0 -650.0 -642.0 -634.0 -624.0 -614.0 
-602.0 -590.0 -579.0 -567.0 -555.0 -539.0 -523.0 
-506.0 -487.0 -465.0 -444.0 -423.0 -400.0 -378.0 
-352.0 -327.0 -302.0 -275.0 -249.0 -223.0 -199.0 
-173.0 -148.0 -123.0 -97.0 -76.0 -54.0 -35.0 
-16.0 2.0 17.0 34.0 49.0 64.0 79.0 
94.0 111.0 122.0 137.0 150.0 160.0 172.0 
181.0 187.0 193.0 201.0 207.0 208.0 214.0 
218.0 217.0 214.0 211.0 206.0 199.0 192.0 
185.0 176.0 164.0 151.0 140.0 126.0 112.0 
95.0 79.0 64.0 47.0 29.0 11.0 -5.0 
-23.0 -41.0 -58.0 -78.0 -98.0 -118.0 -139.0 
-160.0 -181.0 -202.0 -224.0 -243.0 -261.0 -281.0 
-295.0 -310.0 -325.0 -335.0 -348.0 -357.0 -365.0 
-370.0 -373.0 -374.0 -378.0 -383.0 -384.0 -388.0 
-389.0 -389.0 -393.0 -397.0 -402.0 -407.0 -411.0 
-416.0 -422.0 -429.0 -434.0 -439.0 -443.0 -443.0 
-445.0 -446.0 -445.0 -449.0 -449.0 -451.0 -452.0 
-453.0 -455.0 -451.0 -449.0 -447.0 -446.0 -439.0 
-431.0 -426.0 -415.0 -401.0 -389.0 -374.0 -358.0 
-343.0 -324.0 -307.0 -286.0 -265.0 -243.0 -221.0 
-198.0 -173.0 -150.0 -126.0 -102.0 -82.0 -59.0 
-42.0 -25.0 -3.0 10.0 24.0 36.0 44.0 
52.0 57.0 62.0 60.0 59.0 55.0 48.0 
40.0 29.0 15.0 -2.0 -17.0 -33.0 -52.0 
-76.0 -97.0 -119.0 -143.0 -165.0 -186.0 -209.0 
-233.0 -253.0 -274.0 -293.0 -311.0 -330.0 -347.0 
-363.0 -378.0 -389.0 -399.0 -407.0 -416.0 -426.0 
-432.0 -436.0 -435.0 -434.0 -430.0 -428.0 -427.0 
-421.0 -418.0 -411.0 -402.0 -395.0 -384.0 -371.0 
-359.0 -345.0 -329.0 -314.0 -302.0 -290.0 -276.0 
-263.0 -248.0 -231.0 -216.0 -201.0 -187.0 -174.0 
-159.0 -146.0 -135.0 -125.0 -114.0 -101.0 -89.0 
-80.0 -71.0 -61.0 -56.0 -50.0 -43.0 -43.0 
-43.0 -37.0 -32.0 -35.0 -37.0 -41.0 -48.0 
-52.0 -58.0 -66.0 -73.0 -81.0 -90.0 -98.0 
-104.0 -109.0 -117.0 -123.0 -125.0 -132.0 -138.0 
-141.0 -142.0 -142.0 -143.0 -144.0 -148.0 -148.0 
-146.0 -148.0 -144.0 -145.0 -144.0 -144.0 -146.0 
-144.0 -147.0 -148.0 -151.0 -155.0 -157.0 -160.0 
-161.0 -166.0 -169.0 -171.0 -175.0 -177.0 -179.0 
-181.0 -182.0 -186.0 -189.0 -190.0 -189.0 -185.0 
-187.0 -187.0 -185.0 -188.0 -189.0 -191.0 -193.0 
-193.0 -193.0 -192.0 -195.0 -194.0 -193.0 -194.0 
-194.0 -193.0 -192.0 -193.0 -193.0 -191.0 -190.0 
-185.0 -183.0 -183.0 -180.0 -181.0 -181.0 -184.0 
-185.0 -186.0 -192.0 -198.0 -201.0 -208.0 -215.0 
-222.0 -234.0 -243.0 -254.0 -262.0 -270.0 -282.0 
-289.0 -299.0 -307.0 -317.0 -328.0 -335.0 -343.0 
-351.0 -360.0 -366.0 -373.0 -380.0 -386.0 -392.0 
-393.0 -397.0 -398.0 -398.0 -396.0 -390.0 -383.0 
-378.0 -373.0 -364.0 -356.0 -349.0 -337.0 -328.0 
-320.0 -310.0 -298.0 -286.0 -275.0 -262.0 -251.0 
-239.0 -227.0 -212.0 -199.0 -188.0 -175.0 -164.0 
-153.0 -141.0 -128.0 -117.0 -110.0 -100.0 -91.0 
-83.0 -71.0 -63.0 -54.0 -45.0 -36.0 -27.0 
-17.0 -9.0 -4.0 3.0 10.0 19.0 26.0 
34.0 42.0 44.0 49.0 55.0 62.0 67.0 
70.0 74.0 76.0 77.0 76.0 74.0 74.0 
77.0 73.0 66.0 64.0 54.0 42.0 28.0 
16.0 1.0 -18.0 -36.0 -54.0 -70.0 -90.0 
-112.0 -132.0 -155.0 -176.0 -202.0 -228.0 -252.0 
-279.0 -303.0 -325.0 -349.0 -373.0 -397.0 -421.0 
-442.0 -463.0 -482.0 -500.0 -517.0 -532.0 -547.0 
-559.0 -568.0 -579.0 -588.0 -592.0 -595.0 -599.0 
-599.0 -598.0 -597.0 -595.0 -590.0 -584.0 -579.0 
-574.0 -566.0 -561.0 -556.0 -547.0 -542.0 -532.0 
-522.0 -512.0 -501.0 -492.0 -480.0 -470.0 -458.0 
-441.0 -427.0 -410.0 -393.0 -374.0 -355.0 -338.0 
-317.0 -300.0 -279.0 -258.0 -238.0 -215.0 -192.0 
-171.0 -152.0 -129.0 -106.0 -85.0 -64.0 -42.0 
-20.0 3.0 25.0 46.0 67.0 88.0 108.0 
124.0 139.0 156.0 169.0 180.0 189.0 197.0 
203.0 208.0 213.0 214.0 214.0 212.0 204.0 
194.0 186.0 175.0 161.0 146.0 130.0 113.0 
98.0 82.0 62.0 47.0 32.0 14.0 -6.0 
-27.0 -44.0 -61.0 -79.0 -92.0 -108.0 -125.0 
-141.0 -158.0 -174.0 -191.0 -208.0 -227.0 -248.0 
-263.0 -280.0 -296.0 -312.0 -328.0 -345.0 -360.0 
-373.0 -389.0 -402.0 -413.0 -423.0 -431.0 -437.0 
-442.0 -447.0 -449.0 -454.0 -460.0 -458.0 -456.0 
-456.0 -455.0 -454.0 -454.0 -453.0 -453.0 -451.0 
-449.0 -449.0 -444.0 -439.0 -436.0 -433.0 -427.0 
-420.0 -413.0 -406.0 -398.0 -389.0 -380.0 -371.0 
-358.0 -345.0 -332.0 -318.0 -303.0 -286.0 -268.0 
-251.0 -228.0 -206.0 -187.0 -165.0 -145.0 -129.0 
-113.0 -95.0 -76.0 -58.0 -40.0 -28.0 -17.0 
-3.0 7.0 19.0 31.0 44.0 54.0 61.0 
72.0 78.0 80.0 84.0 87.0 86.0 84.0 
82.0 77.0 72.0 71.0 68.0 64.0 60.0 
58.0 55.0 49.0 44.0 38.0 36.0 35.0 
32.0 29.0 27.0 22.0 15.0 8.0 -2.0 
-9.0 -18.0 -31.0 -43.0 -57.0 -71.0 -85.0 
-99.0 -116.0 -131.0 -148.0 -166.0 -179.0 -196.0 
-212.0 -226.0 -238.0 -251.0 -261.0 -272.0 -283.0 
-290.0 -297.0 -305.0 -308.0 -310.0 -309.0 -305.0 
-301.0 -299.0 -297.0 -295.0 -292.0 -288.0 -284.0 
-282.0 -283.0 -282.0 -283.0 -284.0 -287.0 -290.0 
-295.0 -303.0 -310.0 -314.0 -322.0 -328.0 -335.0 
-341.0 -351.0 -364.0 -373.0 -384.0 -394.0 -401.0 
-408.0 -417.0 -427.0 -431.0 -434.0 -439.0 -441.0 
-442.0 -442.0 -441.0 -438.0 -435.0 -432.0 -425.0 
-417.0 -410.0 -402.0 -392.0 -382.0 -372.0 -361.0 
-350.0 -341.0 -331.0 -322.0 -315.0 -307.0 -299.0 
-294.0 -288.0 -283.0 -281.0 -277.0 -273.0 -269.0 
-265.0 -261.0 -255.0 -250.0 -245.0 -237.0 -231.0 
-225.0 -221.0 -217.0 -212.0 -208.0 -202.0 -198.0 
-192.0 -186.0 -182.0 -181.0 -174.0 -171.0 -169.0 
-163.0 -158.0 -152.0 -143.0 -132.0 -122.0 -113.0 
-100.0 -88.0 -75.0 -61.0 -50.0 -39.0 -26.0 
-14.0 1.0 17.0 31.0 43.0 55.0 66.0 
76.0 85.0 94.0 102.0 111.0 119.0 127.0 
132.0 136.0 140.0 140.0 138.0 133.0 126.0 
118.0 110.0 101.0 88.0 73.0 58.0 39.0 
20.0 2.0 -17.0 -36.0 -55.0 -73.0 -90.0 
-110.0 -126.0 -146.0 -165.0 -181.0 -197.0 -213.0 
-225.0 -236.0 -253.0 -264.0 -273.0 -282.0 -292.0 
-304.0 -314.0 -322.0 -330.0 -337.0 -348.0 -355.0 
-360.0 -368.0 -370.0 -377.0 -380.0 -384.0 -390.0 
-391.0 -398.0 -399.0 -398.0 -401.0 -401.0 -403.0 
-405.0 -406.0 -408.0 -408.0 -407.0 -404.0 -400.0 
-393.0 -388.0 -384.0 -379.0 -379.0 -375.0 -367.0 
-360.0 -351.0 -339.0 -327.0 -317.0 -309.0 -298.0 
-289.0 -286.0 -279.0 -270.0 -262.0 -255.0 -248.0 
-241.0 -235.0 -231.0 -225.0 -217.0 -210.0 -203.0 
-198.0 -191.0 -187.0 -187.0 -183.0 -180.0 -179.0 
-178.0 -173.0 -167.0 -159.0 -153.0 -152.0 -151.0 
-149.0 -153.0 -155.0 -155.0 -152.0 -150.0 -148.0 
-143.0 -144.0 -145.0 -147.0 -148.0 -145.0 -144.0 
-136.0 -129.0 -123.0 -119.0 -113.0 -103.0 -100.0 
-93.0 -84.0 -80.0 -72.0 -66.0 -57.0 -44.0 
-31.0 -19.0 -8.0 4.0 16.0 25.0 35.0 
44.0 49.0 52.0 54.0 53.0 53.0 53.0 
52.0 51.0 45.0 36.0 26.0 17.0 7.0 
-4.0 -10.0 -16.0 -22.0 -31.0 -38.0 -50.0 
-63.0 -72.0 -82.0 -89.0 -96.0 -101.0 -105.0 
-110.0 -117.0 -125.0 -134.0 -142.0 -151.0 -167.0 
-181.0 -194.0 -207.0 -221.0 -232.0 -244.0 -258.0 
-268.0 -279.0 -294.0 -309.0 -329.0 -350.0 -368.0 
-384.0 -399.0 -411.0 -421.0 -432.0 -443.0 -450.0 
-453.0 -457.0 -462.0 -464.0 -468.0 -471.0 -472.0 
-474.0 -476.0 -481.0 -483.0 -482.0 -480.0 -475.0 
-469.0 -461.0 -449.0 -436.0 -422.0 -410.0 -398.0 
-386.0 -376.0 -365.0 -359.0 -350.0 -338.0 -328.0 
-315.0 -303.0 -288.0 -274.0 -258.0 -240.0 -223.0 
-208.0 -194.0 -177.0 -163.0 -151.0 -134.0 -115.0 
-98.0 -83.0 -65.0 -48.0 -29.0 -14.0 0.0 
16.0 26.0 35.0 40.0 45.0 49.0 55.0 
62.0 67.0 69.0 67.0 65.0 62.0 53.0 
41.0 28.0 14.0 2.0 -11.0 -21.0 -32.0 
-47.0 -61.0 -76.0 -91.0 -110.0 -128.0 -140.0 
-154.0 -166.0 -175.0 -184.0 -190.0 -197.0 -203.0 
-207.0 -210.0 -210.0 -211.0 -212.0 -211.0 -208.0 
-204.0 -197.0 -187.0 -180.0 -172.0 -161.0 -153.0 
-141.0 -130.0 -124.0 -116.0 -111.0 -107.0 -108.0 
-112.0 -116.0 -120.0 -124.0 -130.0 -134.0 -138.0 
-146.0 -153.0 -164.0 -176.0 -189.0 -204.0 -222.0 
-239.0 -253.0 -268.0 -281.0 -294.0 -307.0 -321.0 
-335.0 -350.0 -364.0 -376.0 -392.0 -404.0 -413.0 
-422.0 -430.0 -436.0 -440.0 -447.0 -450.0 -449.0 
-444.0 -438.0 -431.0 -421.0 -410.0 -398.0 -385.0 
-371.0 -354.0 -335.0 -312.0 -286.0 -257.0 -225.0 
-199.0 -168.0 -138.0 -112.0 -83.0 -56.0 -34.0 
-13.0 4.0 18.0 30.0 44.0 54.0 59.0 
67.0 70.0 74.0 72.0 68.0 65.0 56.0 
52.0 46.0 41.0 37.0 30.0 24.0 17.0 
8.0 -1.0 -12.0 -17.0 -23.0 -32.0 -39.0 
-45.0 -53.0 -62.0 -71.0 -80.0 -92.0 -103.0 
-110.0 -119.0 -131.0 -142.0 -154.0 -168.0 -185.0 
-202.0 -221.0 -242.0 -261.0 -283.0 -306.0 -328.0 
-350.0 -372.0 -394.0 -413.0 -433.0 -451.0 -466.0 
-478.0 -492.0 -507.0 -517.0 -526.0 -531.0 -534.0 
-536.0 -533.0 -532.0 -527.0 -521.0 -517.0 -510.0 
-500.0 -488.0 -474.0 -462.0 -448.0 -429.0 -409.0 
-391.0 -375.0 -353.0 -331.0 -309.0 -286.0 -266.0 
-248.0 -231.0 -211.0 -190.0 -171.0 -150.0 -130.0 
-113.0 -95.0 -80.0 -63.0 -46.0 -33.0 -22.0 
-10.0 6.0 20.0 34.0 48.0 64.0 80.0 
95.0 107.0 119.0 128.0 134.0 140.0 144.0 
148.0 149.0 150.0 153.0 153.0 154.0 152.0 
154.0 153.0 149.0 143.0 134.0 125.0 114.0 
101.0 91.0 78.0 59.0 41.0 22.0 3.0 
-20.0 -42.0 -63.0 -91.0 -118.0 -147.0 -172.0 
-194.0 -214.0 -230.0 -245.0 -261.0 -274.0 -289.0 
-304.0 -318.0 -333.0 -342.0 -349.0 -355.0 -361.0 
-368.0 -370.0 -374.0 -378.0 -380.0 -381.0 -382.0 
-386.0 -389.0 -395.0 -401.0 -401.0 -405.0 -408.0 
-410.0 -415.0 -419.0 -424.0 -429.0 -434.0 -439.0 
-440.0 -440.0 -442.0 -445.0 -444.0 -444.0 -444.0 
-442.0 -440.0 -436.0 -435.0 -431.0 -427.0 -424.0 
-416.0 -412.0 -404.0 -394.0 -388.0 -380.0 -371.0 
-360.0 -350.0 -338.0 -322.0 -306.0 -291.0 -276.0 
-261.0 -247.0 -232.0 -217.0 -200.0 -186.0 -171.0 
-152.0 -138.0 -120.0 -103.0 -87.0 -66.0 -49.0 
-33.0 -20.0 -9.0 -1.0 4.0 11.0 14.0 
16.0 19.0 19.0 19.0 17.0 11.0 4.0 
0.0 -7.0 -17.0 -25.0 -32.0 -38.0 -41.0 
-47.0 -49.0 -51.0 -58.0 -56.0 -61.0 -62.0 
-58.0 -57.0 -49.0 -44.0 -40.0 -30.0 -22.0 
-12.0 -1.0 11.0 28.0 44.0 59.0 70.0 
81.0 93.0 98.0 108.0 114.0 118.0 123.0 
124.0 124.0 121.0 113.0 102.0 91.0 77.0 
57.0 40.0 22.0 0.0 -23.0 -49.0 -77.0 
-108.0 -144.0 -177.0 -212.0 -247.0 -281.0 -318.0 
-352.0 -385.0 -415.0 -445.0 -472.0 -495.0 -519.0 
-542.0 -560.0 -574.0 -587.0 -601.0 -615.0 -626.0 
-635.0 -641.0 -646.0 -653.0 -653.0 -655.0 -657.0 
-652.0 -651.0 -648.0 -644.0 -640.0 -632.0 -622.0 
-607.0 -592.0 -575.0 -555.0 -531.0 -507.0 -484.0 
-455.0 -430.0 -404.0 -379.0 -352.0 -321.0 -291.0 
-261.0 -233.0 -203.0 -175.0 -145.0 -117.0 -91.0 
-64.0 -38.0 -14.0 12.0 39.0 62.0 85.0 
104.0 120.0 137.0 151.0 166.0 180.0 189.0 
194.0 198.0 202.0 197.0 193.0 186.0 174.0 
161.0 144.0 126.0 108.0 94.0 78.0 58.0 
35.0 8.0 -18.0 -41.0 -62.0 -86.0 -107.0 
-124.0 -139.0 -154.0 -170.0 -179.0 -187.0 -198.0 
-207.0 -210.0 -212.0 -215.0 -213.0 -213.0 -209.0 
-205.0 -203.0 -198.0 -195.0 -192.0 -190.0 -188.0 
-187.0 -192.0 -197.0 -198.0 -201.0 -206.0 -209.0 
-213.0 -218.0 -228.0 -238.0 -251.0 -260.0 -266.0 
-274.0 -279.0 -290.0 -299.0 -307.0 -317.0 -319.0 
-323.0 -328.0 -333.0 -335.0 -333.0 -336.0 -336.0 
-335.0 -336.0 -336.0 -336.0 -338.0 -339.0 -340.0 
-341.0 -341.0 -341.0 -339.0 -337.0 -336.0 -334.0 
-332.0 -331.0 -325.0 -316.0 -317.0 -310.0 -301.0 
-297.0 -285.0 -270.0 -257.0 -242.0 -234.0 -225.0 
-220.0 -214.0 -207.0 -203.0 -195.0 -191.0 -187.0 
-179.0 -172.0 -166.0 -160.0 -155.0 -150.0 -142.0 
-135.0 -126.0 -113.0 -101.0 -90.0 -80.0 -69.0 
-56.0 -44.0 -32.0 -17.0 -7.0 1.0 15.0 
26.0 34.0 44.0 54.0 61.0 65.0 68.0 
68.0 72.0 73.0 73.0 77.0 78.0 80.0 
78.0 75.0 75.0 75.0 75.0 72.0 67.0 
64.0 59.0 51.0 44.0 36.0 27.0 17.0 
5.0 -8.0 -22.0 -37.0 -53.0 -72.0 -90.0 
-106.0 -126.0 -151.0 -176.0 -199.0 -228.0 -259.0 
-285.0 -313.0 -341.0 -369.0 -396.0 -423.0 -446.0 
-465.0 -488.0 -508.0 -528.0 -548.0 -565.0 -584.0 
-599.0 -613.0 -624.0 -630.0 -638.0 -645.0 -652.0 
-658.0 -663.0 -666.0 -667.0 -668.0 -663.0 -660.0 
-655.0 -647.0 -639.0 -628.0 -619.0 -607.0 -594.0 
-581.0 -564.0 -545.0 -527.0 -506.0 -483.0 -457.0 
-428.0 -400.0 -370.0 -340.0 -311.0 -283.0 -255.0 
-226.0 -199.0 -166.0 -135.0 -103.0 -69.0 -40.0 
-6.0 29.0 59.0 90.0 118.0 140.0 168.0 
194.0 218.0 241.0 267.0 293.0 314.0 338.0 
358.0 372.0 387.0 403.0 413.0 420.0 426.0 
430.0 434.0 437.0 436.0 431.0 425.0 414.0 
401.0 383.0 363.0 349.0 330.0 312.0 294.0 
273.0 252.0 230.0 208.0 185.0 159.0 135.0 
109.0 87.0 64.0 40.0 18.0 -7.0 -32.0 
-58.0 -83.0 -106.0 -131.0 -158.0 -186.0 -217.0 
-249.0 -279.0 -310.0 -345.0 -378.0 -409.0 -439.0 
-469.0 -501.0 -533.0 -562.0 -593.0 -621.0 -649.0 
-678.0 -704.0 -733.0 -759.0 -784.0 -807.0 -829.0 
-850.0 -869.0 -886.0 -900.0 -913.0 -919.0 -921.0 
-925.0 -924.0 -916.0 -907.0 -895.0 -878.0 -860.0 
-840.0 -816.0 -792.0 -764.0 -735.0 -707.0 -677.0 
-645.0 -611.0 -579.0 -542.0 -502.0 -467.0 -429.0 
-389.0 -349.0 -310.0 -272.0 -237.0 -199.0 -165.0 
-131.0 -97.0 -66.0 -35.0 -6.0 22.0 47.0 
74.0 100.0 126.0 151.0 173.0 195.0 214.0 
232.0 248.0 263.0 273.0 285.0 296.0 299.0 
302.0 305.0 305.0 305.0 306.0 305.0 301.0 
295.0 291.0 286.0 280.0 278.0 270.0 263.0 
254.0 245.0 237.0 226.0 216.0 205.0 195.0 
183.0 170.0 155.0 139.0 123.0 106.0 89.0 
73.0 57.0 39.0 22.0 4.0 -12.0 -30.0 
-47.0 -65.0 -87.0 -105.0 -124.0 -143.0 -162.0 
-181.0 -200.0 -219.0 -235.0 -254.0 -274.0 -291.0 
-310.0 -329.0 -345.0 -360.0 -377.0 -394.0 -409.0 
-422.0 -432.0 -439.0 -446.0 -455.0 -461.0 -465.0 
-470.0 -477.0 -480.0 -484.0 -485.0 -482.0 -480.0 
-477.0 -473.0 -468.0 -462.0 -458.0 -452.0 -450.0 
-447.0 -440.0 -434.0 -429.0 -422.0 -418.0 -414.0 
-408.0 -403.0 -399.0 -393.0 -384.0 -376.0 -366.0 
-357.0 -350.0 -341.0 -333.0 -326.0 -316.0 -307.0 
-296.0 -287.0 -280.0 -269.0 -261.0 -251.0 -241.0 
-230.0 -216.0 -207.0 -193.0 -178.0 -164.0 -149.0 
-137.0 -125.0 -113.0 -101.0 -92.0 -85.0 -77.0 
-72.0 -66.0 -61.0 -59.0 -55.0 -52.0 -52.0 
-52.0 -54.0 -52.0 -51.0 -51.0 -54.0 -60.0 
-63.0 -69.0 -75.0 -81.0 -90.0 -96.0 -104.0 
-109.0 -111.0 -117.0 -121.0 -124.0 -129.0 -135.0 
-142.0 -146.0 -150.0 -156.0 -161.0 -170.0 -177.0 
-183.0 -191.0 -196.0 -202.0 -208.0 -213.0 -216.0 
-216.0 -221.0 -225.0 -228.0 -231.0 -235.0 -239.0 
-238.0 -240.0 -241.0 -240.0 -239.0 -237.0 -236.0 
-231.0 -230.0 -226.0 -220.0 -218.0 -210.0 -203.0 
-199.0 -189.0 -178.0 -167.0 -152.0 -139.0 -125.0 
-109.0 -96.0 -82.0 -68.0 -54.0 -40.0 -30.0 
-20.0 -12.0 -4.0 3.0 9.0 16.0 23.0 
30.0 35.0 41.0 42.0 43.0 46.0 44.0 
41.0 40.0 39.0 38.0 36.0 33.0 32.0 
29.0 25.0 19.0 10.0 6.0 -2.0 -8.0 
-13.0 -23.0 -31.0 -42.0 -50.0 -59.0 -71.0 
-81.0 -96.0 -109.0 -121.0 -133.0 -147.0 -160.0 
-173.0 -189.0 -202.0 -216.0 -236.0 -255.0 -275.0 
-293.0 -318.0 -340.0 -358.0 -378.0 -396.0 -416.0 
-432.0 -449.0 -464.0 -477.0 -493.0 -505.0 -517.0 
-528.0 -536.0 -543.0 -549.0 -554.0 -557.0 -561.0 
-564.0 -564.0 -563.0 -560.0 -556.0 -551.0 -545.0 
-538.0 -532.0 -524.0 -515.0 -508.0 -498.0 -487.0 
-477.0 -465.0 -454.0 -443.0 -431.0 -417.0 -405.0 
-391.0 -377.0 -367.0 -350.0 -331.0 -315.0 -299.0 
-282.0 -266.0 -251.0 -229.0 -208.0 -188.0 -166.0 
-145.0 -123.0 -98.0 -72.0 -50.0 -27.0 0.0 
24.0 48.0 70.0 90.0 110.0 127.0 144.0 
161.0 175.0 190.0 204.0 214.0 224.0 232.0 
239.0 241.0 244.0 247.0 244.0 241.0 238.0 
234.0 229.0 222.0 214.0 205.0 195.0 181.0 
165.0 148.0 131.0 113.0 94.0 71.0 48.0 
25.0 -1.0 -25.0 -50.0 -76.0 -97.0 -121.0 
-146.0 -167.0 -188.0 -207.0 -223.0 -240.0 -257.0 
-273.0 -288.0 -301.0 -316.0 -328.0 -338.0 -351.0 
-360.0 -368.0 -379.0 -388.0 -394.0 -401.0 -409.0 
-414.0 -419.0 -423.0 -425.0 -427.0 -432.0 -435.0 
-436.0 -439.0 -440.0 -442.0 -445.0 -447.0 -446.0 
-445.0 -445.0 -444.0 -443.0 -440.0 -437.0 -434.0 
-435.0 -433.0 -429.0 -427.0 -423.0 -420.0 -417.0 
-417.0 -415.0 -411.0 -410.0 -409.0 -406.0 -403.0 
-402.0 -400.0 -396.0 -391.0 -383.0 -377.0 -372.0 
-365.0 -359.0 -352.0 -345.0 -339.0 -327.0 -316.0 
-307.0 -295.0 -282.0 -269.0 -255.0 -240.0 -225.0 
-211.0 -195.0 -179.0 -165.0 -150.0 -135.0 -122.0 
-106.0 -92.0 -80.0 -65.0 -51.0 -35.0 -20.0 
-5.0 11.0 24.0 41.0 59.0 75.0 92.0 
111.0 125.0 143.0 159.0 172.0 187.0 200.0 
211.0 220.0 231.0 237.0 240.0 242.0 241.0 
239.0 233.0 223.0 213.0 199.0 181.0 166.0 
145.0 122.0 101.0 77.0 51.0 22.0 -4.0 
-33.0 -62.0 -91.0 -122.0 -149.0 -178.0 -207.0 
-236.0 -263.0 -289.0 -318.0 -345.0 -369.0 -392.0 
-412.0 -432.0 -450.0 -468.0 -484.0 -493.0 -504.0 
-514.0 -521.0 -527.0 -532.0 -534.0 -534.0 -533.0 
-529.0 -525.0 -523.0 -522.0 -518.0 -513.0 -507.0 
-503.0 -496.0 -490.0 -485.0 -478.0 -475.0 -465.0 
-457.0 -451.0 -446.0 -441.0 -434.0 -429.0 -420.0 
-414.0 -408.0 -400.0 -391.0 -383.0 -375.0 -368.0 
-357.0 -346.0 -335.0 -322.0 -310.0 -297.0 -283.0 
-268.0 -253.0 -239.0 -221.0 -206.0 -188.0 -171.0 
-155.0 -139.0 -120.0 -104.0 -86.0 -70.0 -55.0 
-38.0 -23.0 -6.0 9.0 23.0 39.0 52.0 
65.0 80.0 91.0 100.0 111.0 120.0 127.0 
132.0 136.0 138.0 134.0 132.0 128.0 120.0 
110.0 99.0 88.0 73.0 60.0 44.0 27.0 
11.0 -5.0 -21.0 -35.0 -49.0 -62.0 -74.0 
-85.0 -93.0 -103.0 -111.0 -117.0 -126.0 -135.0 
-142.0 -149.0 -156.0 -161.0 -170.0 -178.0 -184.0 
-192.0 -200.0 -207.0 -212.0 -218.0 -222.0 -224.0 
-225.0 -221.0 -222.0 -220.0 -219.0 -217.0 -211.0 
-206.0 -200.0 -195.0 -189.0 -183.0 -177.0 -172.0 
-166.0 -159.0 -156.0 -155.0 -154.0 -148.0 -145.0 
-145.0 -145.0 -145.0 -146.0 -150.0 -152.0 -156.0 
-158.0 -160.0 -165.0 -170.0 -173.0 -180.0 -186.0 
-192.0 -199.0 -206.0 -213.0 -219.0 -225.0 -232.0 
-241.0 -250.0 -257.0 -266.0 -273.0 -285.0 -297.0 
-307.0 -317.0 -326.0 -339.0 -350.0 -363.0 -376.0 
-387.0 -402.0 -413.0 -423.0 -431.0 -440.0 -449.0 
-457.0 -463.0 -465.0 -469.0 -476.0 -478.0 -478.0 
-479.0 -477.0 -476.0 -476.0 -474.0 -469.0 -462.0 
-458.0 -451.0 -439.0 -428.0 -419.0 -407.0 -388.0 
-373.0 -357.0 -336.0 -321.0 -302.0 -282.0 -263.0 
-241.0 -222.0 -199.0 -177.0 -158.0 -136.0 -115.0 
-95.0 -73.0 -52.0 -33.0 -12.0 6.0 24.0 
39.0 54.0 63.0 71.0 82.0 83.0 85.0 
87.0 86.0 83.0 78.0 74.0 64.0 55.0 
46.0 36.0 30.0 21.0 13.0 6.0 -2.0 
-7.0 -13.0 -20.0 -23.0 -29.0 -33.0 -37.0 
-41.0 -45.0 -50.0 -52.0 -58.0 -62.0 -64.0 
-70.0 -75.0 -85.0 -93.0 -100.0 -110.0 -121.0 
-133.0 -146.0 -160.0 -173.0 -186.0 -200.0 -213.0 
-227.0 -239.0 -251.0 -265.0 -279.0 -291.0 -304.0 
-319.0 -331.0 -345.0 -360.0 -372.0 -382.0 -397.0 
-409.0 -421.0 -436.0 -445.0 -458.0 -469.0 -478.0 
-486.0 -491.0 -497.0 -502.0 -505.0 -504.0 -504.0 
-502.0 -498.0 -496.0 -489.0 -482.0 -474.0 -465.0 
-453.0 -442.0 -429.0 -412.0 -399.0 -383.0 -366.0 
-349.0 -333.0 -316.0 -297.0 -278.0 -261.0 -245.0 
-228.0 -214.0 -199.0 -182.0 -167.0 -152.0 -136.0 
-122.0 -111.0 -95.0 -82.0 -71.0 -60.0 -49.0 
-39.0 -31.0 -24.0 -16.0 -6.0 -1.0 6.0 
13.0 17.0 22.0 24.0 25.0 23.0 24.0 
23.0 20.0 17.0 10.0 7.0 2.0 -4.0 
-13.0 -20.0 -27.0 -38.0 -50.0 -63.0 -76.0 
-91.0 -103.0 -118.0 -132.0 -145.0 -159.0 -169.0 
-183.0 -192.0 -202.0 -215.0 -223.0 -235.0 -245.0 
-254.0 -263.0 -271.0 -281.0 -287.0 -293.0 -299.0 
-305.0 -312.0 -318.0 -321.0 -324.0 -327.0 -330.0 
-334.0 -336.0 -333.0 -333.0 -333.0 -333.0 -328.0 
-323.0 -319.0 -311.0 -307.0 -300.0 -294.0 -287.0 
-279.0 -275.0 -266.0 -258.0 -252.0 -245.0 -240.0 
-234.0 -228.0 -223.0 -220.0 -214.0 -206.0 -201.0 
-192.0 -183.0 -174.0 -165.0 -155.0 -145.0 -135.0 
-124.0 -113.0 -102.0 -89.0 -76.0 -63.0 -50.0 
-38.0 -24.0 -13.0 -3.0 13.0 22.0 31.0 
40.0 47.0 53.0 55.0 60.0 61.0 59.0 
59.0 55.0 53.0 49.0 44.0 44.0 38.0 
33.0 24.0 14.0 5.0 -10.0 -25.0 -39.0 
-56.0 -77.0 -98.0 -117.0 -139.0 -161.0 -183.0 
-205.0 -228.0 -250.0 -273.0 -296.0 -317.0 -337.0 
-354.0 -374.0 -392.0 -410.0 -427.0 -441.0 -455.0 
-467.0 -481.0 -489.0 -498.0 -508.0 -512.0 -517.0 
-520.0 -522.0 -521.0 -516.0 -511.0 -506.0 -498.0 
-489.0 -480.0 -469.0 -456.0 -444.0 -430.0 -416.0 
-404.0 -389.0 -374.0 -359.0 -343.0 -327.0 -312.0 
-294.0 -275.0 -257.0 -236.0 -214.0 -196.0 -178.0 
-157.0 -138.0 -118.0 -100.0 -82.0 -64.0 -51.0 
-35.0 -22.0 -9.0 4.0 13.0 23.0 32.0 
39.0 46.0 50.0 52.0 50.0 50.0 52.0 
52.0 49.0 42.0 37.0 30.0 23.0 19.0 
8.0 -3.0 -15.0 -29.0 -41.0 -57.0 -73.0 
-89.0 -105.0 -119.0 -138.0 -158.0 -172.0 -188.0 
-208.0 -222.0 -238.0 -256.0 -275.0 -292.0 -310.0 
-329.0 -344.0 -361.0 -378.0 -393.0 -407.0 -419.0 
-432.0 -441.0 -451.0 -463.0 -467.0 -473.0 -478.0 
-483.0 -486.0 -485.0 -484.0 -480.0 -474.0 -468.0 
-458.0 -447.0 -434.0 -417.0 -402.0 -382.0 -362.0 
-340.0 -318.0 -300.0 -276.0 -253.0 -232.0 -210.0 
-190.0 -171.0 -155.0 -136.0 -120.0 -104.0 -89.0 
-76.0 -65.0 -55.0 -47.0 -41.0 -33.0 -24.0 
-19.0 -15.0 -11.0 -8.0 -3.0 3.0 6.0 
10.0 9.0 12.0 14.0 12.0 15.0 15.0 
16.0 15.0 12.0 10.0 8.0 6.0 1.0 
-2.0 -5.0 -10.0 -13.0 -18.0 -23.0 -28.0 
-36.0 -43.0 -52.0 -57.0 -62.0 -73.0 -80.0 
-88.0 -98.0 -107.0 -120.0 -130.0 -141.0 -154.0 
-165.0 -175.0 -185.0 -199.0 -210.0 -223.0 -237.0 
-250.0 -266.0 -280.0 -295.0 -309.0 -322.0 -336.0 
-348.0 -363.0 -375.0 -386.0 -399.0 -411.0 -418.0 
-427.0 -434.0 -442.0 -446.0 -448.0 -452.0 -451.0 
-453.0 -454.0 -451.0 -447.0 -443.0 -439.0 -433.0 
-427.0 -422.0 -416.0 -409.0 -405.0 -397.0 -389.0 
-383.0 -375.0 -367.0 -361.0 -356.0 -348.0 -344.0 
-339.0 -334.0 -331.0 -324.0 -320.0 -316.0 -310.0 
-305.0 -300.0 -299.0 -294.0 -290.0 -288.0 -282.0 
-280.0 -276.0 -272.0 -274.0 -270.0 -266.0 -269.0 
-268.0 -267.0 -267.0 -267.0 -265.0 -259.0 -255.0 
-248.0 -242.0 -235.0 -225.0 -216.0 -206.0 -196.0 
-184.0 -171.0 -159.0 -145.0 -134.0 -122.0 -106.0 
-95.0 -84.0 -71.0 -59.0 -47.0 -35.0 -24.0 
-15.0 -6.0 5.0 14.0 22.0 28.0 37.0 
46.0 50.0 57.0 64.0 67.0 71.0 71.0 
73.0 73.0 70.0 69.0 65.0 61.0 54.0 
45.0 41.0 35.0 27.0 18.0 10.0 1.0 
-7.0 -14.0 -23.0 -30.0 -34.0 -40.0 -47.0 
-51.0 -55.0 -58.0 -62.0 -65.0 -71.0 -75.0 
-75.0 -78.0 -81.0 -84.0 -86.0 -88.0 -92.0 
-93.0 -95.0 -99.0 -100.0 -103.0 -106.0 -108.0 
-110.0 -113.0 -117.0 -122.0 -126.0 -131.0 -134.0 
-139.0 -145.0 -152.0 -160.0 -166.0 -177.0 -184.0 
-190.0 -202.0 -210.0 -224.0 -236.0 -249.0 -266.0 
-279.0 -296.0 -311.0 -330.0 -350.0 -369.0 -389.0 
-409.0 -431.0 -453.0 -474.0 -498.0 -518.0 -538.0 
-557.0 -575.0 -593.0 -609.0 -624.0 -637.0 -647.0 
-657.0 -662.0 -665.0 -666.0 -664.0 -664.0 -660.0 
-653.0 -646.0 -636.0 -626.0 -615.0 -598.0 -580.0 
-561.0 -539.0 -517.0 -492.0 -467.0 -443.0 -415.0 
-387.0 -361.0 -333.0 -305.0 -276.0 -248.0 -223.0 
-199.0 -174.0 -153.0 -132.0 -115.0 -94.0 -76.0 
-64.0 -50.0 -39.0 -30.0 -22.0 -16.0 -13.0 
-10.0 -6.0 -2.0 2.0 5.0 8.0 7.0 
7.0 7.0 7.0 6.0 3.0 2.0 -3.0 
-7.0 -10.0 -17.0 -21.0 -24.0 -27.0 -33.0 
-37.0 -34.0 -31.0 -31.0 -30.0 -26.0 -22.0 
-19.0 -15.0 -11.0 -6.0 1.0 5.0 10.0 
15.0 18.0 23.0 26.0 29.0 31.0 31.0 
38.0 42.0 45.0 50.0 52.0 57.0 60.0 
64.0 65.0 64.0 65.0 64.0 64.0 61.0 
56.0 51.0 44.0 36.0 25.0 9.0 -2.0 
-17.0 -37.0 -56.0 -78.0 -102.0 -128.0 -157.0 
-187.0 -218.0 -252.0 -284.0 -320.0 -356.0 -389.0 
-427.0 -464.0 -500.0 -535.0 -570.0 -605.0 -635.0 
-664.0 -693.0 -719.0 -741.0 -764.0 -782.0 -797.0 
-811.0 -822.0 -829.0 -833.0 -838.0 -840.0 -837.0 
-832.0 -823.0 -816.0 -804.0 -788.0 -773.0 -756.0 
-735.0 -714.0 -692.0 -670.0 -645.0 -620.0 -597.0 
-571.0 -548.0 -524.0 -497.0 -471.0 -445.0 -420.0 
-394.0 -370.0 -348.0 -319.0 -292.0 -269.0 -244.0 
-217.0 -192.0 -171.0 -147.0 -121.0 -98.0 -75.0 
-55.0 -35.0 -13.0 7.0 24.0 42.0 60.0 
76.0 89.0 106.0 121.0 133.0 144.0 155.0 
166.0 176.0 183.0 188.0 191.0 191.0 187.0 
181.0 174.0 163.0 152.0 141.0 123.0 108.0 
90.0 73.0 57.0 33.0 15.0 0.0 -17.0 
-38.0 -57.0 -78.0 -99.0 -116.0 -138.0 -156.0 
-174.0 -191.0 -205.0 -219.0 -227.0 -236.0 -245.0 
-251.0 -254.0 -257.0 -259.0 -259.0 -256.0 -253.0 
-250.0 -244.0 -237.0 -230.0 -220.0 -208.0 -199.0 
-188.0 -176.0 -163.0 -153.0 -141.0 -131.0 -121.0 
-110.0 -104.0 -96.0 -92.0 -87.0 -82.0 -80.0 
-77.0 -78.0 -75.0 -75.0 -78.0 -83.0 -91.0 
-98.0 -108.0 -115.0 -127.0 -143.0 -153.0 -168.0 
-182.0 -197.0 -214.0 -227.0 -242.0 -256.0 -271.0 
-284.0 -295.0 -308.0 -317.0 -326.0 -337.0 -349.0 
-354.0 -359.0 -367.0 -371.0 -375.0 -381.0 -385.0 
-391.0 -397.0 -401.0 -411.0 -419.0 -423.0 -431.0 
-438.0 -445.0 -451.0 -460.0 -468.0 -476.0 -480.0 
-480.0 -486.0 -489.0 -485.0 -483.0 -479.0 -472.0 
-465.0 -456.0 -445.0 -435.0 -425.0 -411.0 -392.0 
-376.0 -359.0 -341.0 -324.0 -306.0 -286.0 -265.0 
-246.0 -225.0 -204.0 -184.0 -164.0 -144.0 -123.0 
-103.0 -84.0 -64.0 -44.0 -24.0 -5.0 15.0 
36.0 53.0 71.0 87.0 103.0 119.0 128.0 
137.0 147.0 156.0 161.0 164.0 166.0 167.0 
163.0 156.0 147.0 134.0 122.0 107.0 91.0 
73.0 55.0 35.0 15.0 -5.0 -28.0 -48.0 
-66.0 -86.0 -105.0 -124.0 -141.0 -159.0 -175.0 
-191.0 -206.0 -222.0 -236.0 -251.0 -263.0 -274.0 
-288.0 -299.0 -310.0 -321.0 -334.0 -345.0 -353.0 
-364.0 -375.0 -385.0 -395.0 -406.0 -417.0 -425.0 
-435.0 -446.0 -454.0 -463.0 -474.0 -485.0 -494.0 
-504.0 -514.0 -524.0 -537.0 -547.0 -558.0 -568.0 
-577.0 -587.0 -594.0 -601.0 -609.0 -616.0 -621.0 
-621.0 -621.0 -620.0 -616.0 -613.0 -608.0 -599.0 
-587.0 -572.0 -557.0 -541.0 -522.0 -502.0 -482.0 
-460.0 -437.0 -416.0 -393.0 -369.0 -346.0 -323.0 
-298.0 -272.0 -248.0 -222.0 -192.0 -162.0 -135.0 
-105.0 -78.0 -51.0 -21.0 7.0 36.0 62.0 
84.0 107.0 129.0 149.0 167.0 184.0 199.0 
212.0 224.0 233.0 241.0 249.0 258.0 266.0 
271.0 275.0 280.0 285.0 288.0 289.0 290.0 
292.0 292.0 290.0 289.0 284.0 277.0 269.0 
259.0 246.0 232.0 216.0 194.0 172.0 149.0 
124.0 100.0 75.0 46.0 17.0 -13.0 -42.0 
-74.0 -105.0 -140.0 -173.0 -207.0 -243.0 -273.0 
-303.0 -334.0 -365.0 -391.0 -414.0 -444.0 -473.0 
-494.0 -517.0 -540.0 -557.0 -577.0 -598.0 -620.0 
-641.0 -660.0 -678.0 -689.0 -700.0 -716.0 -731.0 
-745.0 -757.0 -770.0 -779.0 -781.0 -790.0 -796.0 
-796.0 -803.0 -802.0 -801.0 -799.0 -793.0 -794.0 
-782.0 -771.0 -769.0 -758.0 -748.0 -737.0 -721.0 
-706.0 -688.0 -672.0 -657.0 -635.0 -612.0 -591.0 
-571.0 -547.0 -521.0 -500.0 -475.0 -452.0 -428.0 
-400.0 -375.0 -348.0 -322.0 -293.0 -260.0 -228.0 
-191.0 -157.0 -125.0 -88.0 -51.0 -10.0 33.0 
73.0 113.0 150.0 187.0 216.0 248.0 286.0 
322.0 356.0 386.0 417.0 443.0 471.0 501.0 
523.0 541.0 564.0 587.0 603.0 618.0 627.0 
631.0 638.0 640.0 643.0 644.0 636.0 626.0 
618.0 611.0 593.0 572.0 556.0 532.0 503.0 
471.0 443.0 418.0 390.0 362.0 325.0 286.0 
250.0 209.0 167.0 121.0 77.0 31.0 -21.0 
-72.0 -122.0 -170.0 -212.0 -256.0 -307.0 -362.0 
-414.0 -460.0 -505.0 -548.0 -591.0 -636.0 -675.0 
-708.0 -745.0 -778.0 -810.0 -839.0 -861.0 -882.0 
-897.0 -915.0 -940.0 -965.0 -985.0 -996.0 -1006.0 
-1008.0 -1006.0 -1017.0 -1026.0 -1035.0 -1040.0 -1034.0 
-1024.0 -1008.0 -1000.0 -997.0 -989.0 -985.0 -977.0 
-964.0 -943.0 -919.0 -893.0 -873.0 -858.0 -832.0 
-801.0 -765.0 -731.0 -698.0 -664.0 -627.0 -584.0 
-542.0 -498.0 -455.0 -418.0 -378.0 -336.0 -294.0 
-249.0 -206.0 -165.0 -124.0 -83.0 -41.0 3.0 
45.0 81.0 119.0 158.0 197.0 234.0 271.0 
304.0 339.0 376.0 405.0 434.0 456.0 476.0 
501.0 527.0 549.0 568.0 593.0 603.0 601.0 
595.0 578.0 559.0 551.0 547.0 530.0 513.0 
496.0 465.0 435.0 409.0 380.0 352.0 320.0 
282.0 254.0 226.0 190.0 158.0 117.0 75.0 
41.0 -3.0 -40.0 -72.0 -111.0 -148.0 -185.0 
-221.0 -256.0 -286.0 -319.0 -354.0 -381.0 -408.0 
-430.0 -449.0 -469.0 -487.0 -508.0 -535.0 -555.0 
-573.0 -597.0 -607.0 -617.0 -626.0 -630.0 -628.0 
-631.0 -642.0 -649.0 -664.0 -673.0 -669.0 -670.0 
-675.0 -673.0 -671.0 -673.0 -665.0 -662.0 -661.0 
-656.0 -649.0 -638.0 -631.0 -625.0 -616.0 -613.0 
-604.0 -588.0 -574.0 -554.0 -528.0 -512.0 -503.0 
-490.0 -471.0 -455.0 -442.0 -426.0 -405.0 -383.0 
-368.0 -357.0 -343.0 -326.0 -311.0 -297.0 -278.0 
-258.0 -241.0 -224.0 -202.0 -176.0 -152.0 -132.0 
-109.0 -89.0 -68.0 -46.0 -29.0 -5.0 26.0 
54.0 82.0 106.0 119.0 137.0 163.0 186.0 
211.0 235.0 255.0 280.0 300.0 315.0 324.0 
325.0 323.0 317.0 312.0 305.0 303.0 298.0 
276.0 246.0 216.0 193.0 169.0 139.0 97.0 
55.0 26.0 -3.0 -33.0 -71.0 -120.0 -169.0 
-212.0 -243.0 -267.0 -286.0 -314.0 -348.0 -378.0 
-407.0 -431.0 -451.0 -470.0 -485.0 -493.0 -504.0 
-519.0 -530.0 -534.0 -532.0 -525.0 -519.0 -515.0 
-509.0 -505.0 -501.0 -502.0 -505.0 -503.0 -497.0 
-495.0 -495.0 -486.0 -473.0 -467.0 -470.0 -471.0 
-472.0 -474.0 -473.0 -481.0 -484.0 -478.0 -468.0 
-457.0 -448.0 -436.0 -425.0 -411.0 -397.0 -387.0 
-376.0 -358.0 -340.0 -326.0 -306.0 -276.0 -254.0 
-237.0 -209.0 -180.0 -146.0 -113.0 -83.0 -53.0 
-34.0 -13.0 11.0 28.0 41.0 55.0 70.0 
83.0 98.0 108.0 111.0 116.0 115.0 103.0 
89.0 79.0 71.0 63.0 53.0 40.0 26.0 
8.0 -20.0 -38.0 -50.0 -73.0 -89.0 -107.0 
-129.0 -145.0 -163.0 -184.0 -201.0 -216.0 -233.0 
-246.0 -265.0 -287.0 -304.0 -320.0 -334.0 -343.0 
-346.0 -348.0 -347.0 -358.0 -372.0 -382.0 -390.0 
-391.0 -387.0 -380.0 -374.0 -368.0 -360.0 -356.0 
-347.0 -331.0 -311.0 -295.0 -288.0 -279.0 -274.0 
-265.0 -251.0 -236.0 -224.0 -213.0 -195.0 -186.0 
-181.0 -173.0 -163.0 -152.0 -142.0 -135.0 -135.0 
-129.0 -123.0 -117.0 -107.0 -93.0 -85.0 -86.0 
-87.0 -80.0 -80.0 -89.0 -86.0 -88.0 -93.0 
-98.0 -109.0 -122.0 -132.0 -140.0 -148.0 -157.0 
-171.0 -189.0 -201.0 -204.0 -209.0 -212.0 -220.0 
-231.0 -238.0 -249.0 -260.0 -267.0 -276.0 -285.0 
-291.0 -303.0 -307.0 -310.0 -319.0 -328.0 -342.0 
-351.0 -363.0 -378.0 -392.0 -414.0 -438.0 -460.0 
-482.0 -501.0 -523.0 -540.0 -552.0 -570.0 -587.0 
-603.0 -613.0 -612.0 -612.0 -613.0 -613.0 -611.0 
-611.0 -609.0 -601.0 -588.0 -576.0 -568.0 -555.0 
-542.0 -530.0 -506.0 -480.0 -456.0 -427.0 -396.0 
-362.0 -331.0 -300.0 -265.0 -232.0 -203.0 -178.0 
-156.0 -130.0 -109.0 -93.0 -76.0 -61.0 -36.0 
-9.0 11.0 31.0 44.0 54.0 63.0 73.0 
86.0 99.0 110.0 118.0 125.0 128.0 132.0 
131.0 135.0 146.0 149.0 149.0 155.0 159.0 
156.0 151.0 141.0 126.0 108.0 96.0 95.0 
90.0 78.0 63.0 48.0 32.0 20.0 -1.0 
-23.0 -32.0 -45.0 -60.0 -76.0 -92.0 -108.0 
-124.0 -131.0 -151.0 -171.0 -178.0 -186.0 -201.0 
-220.0 -234.0 -247.0 -256.0 -263.0 -279.0 -292.0 
-298.0 -305.0 -306.0 -305.0 -305.0 -306.0 -307.0 
-309.0 -314.0 -315.0 -310.0 -306.0 -304.0 -304.0 
-303.0 -298.0 -295.0 -297.0 -306.0 -315.0 -325.0 
-337.0 -338.0 -344.0 -353.0 -361.0 -375.0 -389.0 
-407.0 -422.0 -429.0 -438.0 -447.0 -455.0 -465.0 
-475.0 -491.0 -506.0 -519.0 -530.0 -538.0 -549.0 
-557.0 -561.0 -562.0 -562.0 -561.0 -562.0 -563.0 
-558.0 -548.0 -538.0 -526.0 -507.0 -494.0 -481.0 
-462.0 -445.0 -425.0 -406.0 -388.0 -369.0 -342.0 
-315.0 -294.0 -274.0 -252.0 -225.0 -206.0 -190.0 
-171.0 -152.0 -130.0 -113.0 -96.0 -75.0 -57.0 
-36.0 -21.0 -12.0 2.0 19.0 35.0 50.0 
72.0 98.0 116.0 131.0 150.0 168.0 189.0 
206.0 226.0 245.0 257.0 272.0 278.0 289.0 
303.0 310.0 317.0 321.0 329.0 336.0 337.0 
331.0 327.0 325.0 316.0 310.0 298.0 283.0 
268.0 246.0 228.0 208.0 185.0 159.0 129.0 
104.0 80.0 52.0 23.0 -1.0 -31.0 -65.0 
-94.0 -122.0 -148.0 -182.0 -215.0 -250.0 -285.0 
-316.0 -347.0 -374.0 -411.0 -446.0 -483.0 -521.0 
-551.0 -583.0 -616.0 -649.0 -678.0 -698.0 -714.0 
-731.0 -751.0 -772.0 -785.0 -790.0 -797.0 -805.0 
-814.0 -816.0 -818.0 -819.0 -815.0 -809.0 -806.0 
-803.0 -797.0 -796.0 -794.0 -784.0 -768.0 -746.0 
-730.0 -715.0 -700.0 -686.0 -661.0 -639.0 -616.0 
-590.0 -570.0 -546.0 -518.0 -486.0 -456.0 -430.0 
-401.0 -373.0 -347.0 -315.0 -280.0 -248.0 -215.0 
-186.0 -157.0 -125.0 -97.0 -68.0 -34.0 -6.0 
19.0 51.0 81.0 107.0 132.0 159.0 182.0 
201.0 221.0 246.0 267.0 285.0 302.0 314.0 
334.0 349.0 360.0 370.0 375.0 382.0 387.0 
396.0 396.0 391.0 396.0 389.0 380.0 371.0 
355.0 341.0 332.0 322.0 302.0 283.0 269.0 
253.0 236.0 221.0 201.0 175.0 152.0 127.0 
93.0 57.0 28.0 -3.0 -43.0 -83.0 -122.0 
-165.0 -206.0 -244.0 -286.0 -330.0 -367.0 -401.0 
-436.0 -474.0 -509.0 -541.0 -571.0 -600.0 -634.0 
-663.0 -687.0 -715.0 -737.0 -758.0 -779.0 -791.0 
-800.0 -808.0 -819.0 -833.0 -837.0 -837.0 -835.0 
-826.0 -823.0 -818.0 -807.0 -795.0 -786.0 -775.0 
-759.0 -741.0 -719.0 -701.0 -683.0 -661.0 -641.0 
-617.0 -592.0 -571.0 -550.0 -523.0 -498.0 -475.0 
-448.0 -422.0 -403.0 -381.0 -361.0 -348.0 -332.0 
-318.0 -298.0 -278.0 -264.0 -247.0 -235.0 -218.0 
-200.0 -189.0 -169.0 -151.0 -129.0 -112.0 -100.0 
-83.0 -65.0 -48.0 -36.0 -21.0 1.0 18.0 
32.0 52.0 67.0 79.0 94.0 107.0 118.0 
128.0 141.0 151.0 158.0 165.0 176.0 187.0 
189.0 195.0 197.0 194.0 198.0 201.0 198.0 
196.0 198.0 194.0 191.0 190.0 185.0 183.0 
183.0 180.0 178.0 171.0 159.0 155.0 148.0 
136.0 128.0 118.0 105.0 85.0 62.0 49.0 
37.0 23.0 2.0 -14.0 -32.0 -61.0 -80.0 
-98.0 -113.0 -133.0 -155.0 -175.0 -198.0 -211.0 
-224.0 -239.0 -257.0 -277.0 -294.0 -314.0 -331.0 
-347.0 -364.0 -376.0 -389.0 -406.0 -421.0 -435.0 
-447.0 -456.0 -473.0 -491.0 -504.0 -511.0 -518.0 
-525.0 -528.0 -536.0 -543.0 -543.0 -547.0 -551.0 
-546.0 -539.0 -538.0 -537.0 -531.0 -523.0 -516.0 
-507.0 -499.0 -495.0 -494.0 -489.0 -484.0 -482.0 
-474.0 -467.0 -456.0 -440.0 -431.0 -419.0 -409.0 
-394.0 -380.0 -369.0 -353.0 -341.0 -330.0 -324.0 
-317.0 -301.0 -288.0 -278.0 -273.0 -267.0 -266.0 
-265.0 -263.0 -264.0 -263.0 -262.0 -257.0 -252.0 
-253.0 -258.0 -262.0 -261.0 -262.0 -264.0 -265.0 
-264.0 -270.0 -270.0 -267.0 -267.0 -263.0 -262.0 
-259.0 -254.0 -247.0 -238.0 -233.0 -226.0 -221.0 
-220.0 -211.0 -197.0 -187.0 -175.0 -155.0 -135.0 
-119.0 -106.0 -89.0 -79.0 -67.0 -42.0 -15.0 
13.0 39.0 67.0 92.0 111.0 130.0 146.0 
169.0 194.0 221.0 254.0 268.0 268.0 268.0 
268.0 268.0 273.0 275.0 264.0 254.0 251.0 
246.0 228.0 198.0 182.0 175.0 160.0 142.0 
120.0 93.0 69.0 47.0 20.0 -9.0 -31.0 
-57.0 -95.0 -125.0 -144.0 -169.0 -182.0 -199.0 
-219.0 -236.0 -259.0 -266.0 -277.0 -297.0 -304.0 
-318.0 -350.0 -367.0 -374.0 -391.0 -400.0 -398.0 
-399.0 -409.0 -418.0 -415.0 -428.0 -448.0 -452.0 
-467.0 -475.0 -474.0 -476.0 -481.0 -500.0 -510.0 
-520.0 -526.0 -521.0 -541.0 -572.0 -585.0 -589.0 
-589.0 -590.0 -599.0 -608.0 -626.0 -644.0 -648.0 
-662.0 -677.0 -676.0 -674.0 -676.0 -682.0 -679.0 
-672.0 -672.0 -667.0 -666.0 -657.0 -630.0 -609.0 
-605.0 -603.0 -589.0 -571.0 -561.0 -543.0 -521.0 
-500.0 -468.0 -433.0 -401.0 -371.0 -333.0 -292.0 
-262.0 -227.0 -191.0 -154.0 -116.0 -81.0 -39.0 
7.0 40.0 69.0 114.0 154.0 186.0 216.0 
235.0 259.0 290.0 319.0 354.0 385.0 396.0 
412.0 438.0 434.0 422.0 434.0 441.0 435.0 
438.0 439.0 424.0 395.0 367.0 353.0 327.0 
303.0 282.0 251.0 226.0 191.0 154.0 122.0 
97.0 58.0 15.0 -13.0 -50.0 -83.0 -115.0 
-147.0 -183.0 -214.0 -245.0 -282.0 -307.0 -335.0 
-364.0 -386.0 -408.0 -421.0 -433.0 -466.0 -495.0 
-502.0 -505.0 -512.0 -515.0 -508.0 -507.0 -509.0 
-516.0 -520.0 -507.0 -507.0 -507.0 -496.0 -497.0 
-484.0 -462.0 -453.0 -451.0 -447.0 -434.0 -416.0 
-395.0 -392.0 -398.0 -394.0 -388.0 -386.0 -383.0 
-374.0 -376.0 -373.0 -376.0 -386.0 -379.0 -379.0 
-392.0 -396.0 -393.0 -393.0 -399.0 -404.0 -407.0 
-409.0 -403.0 -400.0 -407.0 -404.0 -406.0 -418.0 
-411.0 -393.0 -374.0 -363.0 -355.0 -335.0 -326.0 
-325.0 -313.0 -289.0 -263.0 -242.0 -233.0 -226.0 
-196.0 -181.0 -171.0 -153.0 -136.0 -120.0 -106.0 
-76.0 -53.0 -41.0 -32.0 -10.0 9.0 13.0 
30.0 43.0 44.0 52.0 75.0 92.0 95.0 
91.0 84.0 90.0 108.0 112.0 106.0 105.0 
98.0 99.0 95.0 88.0 79.0 65.0 61.0 
50.0 38.0 34.0 24.0 7.0 -2.0 -6.0 
-19.0 -28.0 -38.0 -51.0 -57.0 -55.0 -61.0 
-76.0 -77.0 -82.0 -86.0 -85.0 -99.0 -106.0 
-109.0 -124.0 -134.0 -150.0 -159.0 -166.0 -191.0 
-205.0 -201.0 -205.0 -224.0 -241.0 -255.0 -275.0 
-293.0 -315.0 -338.0 -355.0 -378.0 -395.0 -407.0 
-426.0 -442.0 -461.0 -473.0 -480.0 -488.0 -492.0 
-495.0 -507.0 -520.0 -528.0 -533.0 -534.0 -542.0 
-540.0 -537.0 -556.0 -564.0 -562.0 -566.0 -559.0 
-553.0 -549.0 -538.0 -527.0 -515.0 -502.0 -492.0 
-482.0 -470.0 -452.0 -432.0 -412.0 -388.0 -357.0 
-334.0 -317.0 -289.0 -267.0 -248.0 -222.0 -206.0 
-184.0 -162.0 -148.0 -128.0 -108.0 -85.0 -59.0 
-42.0 -29.0 -19.0 -5.0 11.0 26.0 39.0 
54.0 73.0 85.0 91.0 106.0 120.0 125.0 
130.0 142.0 162.0 168.0 169.0 170.0 167.0 
166.0 160.0 162.0 166.0 169.0 168.0 163.0 
158.0 144.0 134.0 123.0 110.0 103.0 95.0 
84.0 76.0 65.0 46.0 30.0 11.0 0.0 
-14.0 -29.0 -41.0 -63.0 -81.0 -99.0 -115.0 
-128.0 -146.0 -156.0 -170.0 -186.0 -198.0 -212.0 
-219.0 -218.0 -223.0 -239.0 -253.0 -266.0 -285.0 
-300.0 -316.0 -331.0 -346.0 -355.0 -377.0 -407.0 
-421.0 -440.0 -459.0 -475.0 -499.0 -517.0 -532.0 
-555.0 -575.0 -590.0 -600.0 -610.0 -626.0 -642.0 
-653.0 -661.0 -669.0 -675.0 -673.0 -671.0 -667.0 
-668.0 -672.0 -662.0 -646.0 -633.0 -632.0 -629.0 
-620.0 -614.0 -600.0 -591.0 -580.0 -560.0 -545.0 
-528.0 -519.0 -507.0 -491.0 -475.0 -458.0 -446.0 
-425.0 -399.0 -370.0 -339.0 -307.0 -271.0 -238.0 
-211.0 -180.0 -150.0 -117.0 -79.0 -51.0 -18.0 
16.0 39.0 69.0 97.0 126.0 163.0 193.0 
214.0 233.0 251.0 270.0 291.0 316.0 334.0 
354.0 369.0 375.0 392.0 401.0 398.0 400.0 
404.0 401.0 395.0 389.0 378.0 372.0 354.0 
335.0 322.0 300.0 283.0 261.0 234.0 203.0 
176.0 152.0 127.0 102.0 70.0 43.0 20.0 
1.0 -19.0 -57.0 -89.0 -110.0 -135.0 -160.0 
-191.0 -216.0 -240.0 -265.0 -292.0 -318.0 -344.0 
-370.0 -392.0 -419.0 -436.0 -452.0 -475.0 -492.0 
-510.0 -524.0 -541.0 -553.0 -570.0 -593.0 -603.0 
-609.0 -617.0 -630.0 -637.0 -644.0 -656.0 -661.0 
-662.0 -659.0 -661.0 -661.0 -660.0 -666.0 -665.0 
-652.0 -645.0 -648.0 -645.0 -637.0 -631.0 -618.0 
-608.0 -602.0 -591.0 -583.0 -578.0 -565.0 -540.0 
-519.0 -497.0 -475.0 -455.0 -435.0 -416.0 -389.0 
-356.0 -329.0 -305.0 -279.0 -260.0 -240.0 -216.0 
-192.0 -162.0 -136.0 -110.0 -83.0 -58.0 -32.0 
-11.0 16.0 41.0 66.0 90.0 109.0 133.0 
155.0 175.0 192.0 200.0 209.0 216.0 218.0 
216.0 220.0 230.0 231.0 226.0 219.0 216.0 
217.0 210.0 195.0 191.0 189.0 174.0 164.0 
150.0 136.0 134.0 126.0 114.0 105.0 98.0 
86.0 73.0 60.0 55.0 48.0 33.0 25.0 
18.0 9.0 -2.0 -12.0 -23.0 -31.0 -41.0 
-52.0 -63.0 -76.0 -82.0 -87.0 -93.0 -101.0 
-109.0 -115.0 -121.0 -133.0 -149.0 -165.0 -184.0 
-195.0 -208.0 -230.0 -249.0 -261.0 -278.0 -299.0 
-316.0 -332.0 -349.0 -372.0 -389.0 -403.0 -428.0 
-451.0 -467.0 -481.0 -500.0 -525.0 -552.0 -572.0 
-581.0 -589.0 -606.0 -615.0 -622.0 -630.0 -634.0 
-637.0 -639.0 -642.0 -642.0 -643.0 -648.0 -650.0 
-646.0 -640.0 -634.0 -623.0 -615.0 -608.0 -598.0 
-582.0 -567.0 -549.0 -527.0 -506.0 -484.0 -464.0 
-450.0 -428.0 -396.0 -366.0 -332.0 -300.0 -267.0 
-234.0 -204.0 -168.0 -138.0 -104.0 -73.0 -47.0 
-18.0 9.0 36.0 56.0 78.0 102.0 123.0 
145.0 162.0 176.0 188.0 196.0 199.0 207.0 
213.0 213.0 211.0 210.0 207.0 203.0 198.0 
192.0 192.0 186.0 177.0 163.0 148.0 142.0 
136.0 126.0 111.0 87.0 72.0 60.0 44.0 
32.0 17.0 2.0 -15.0 -34.0 -59.0 -84.0 
-112.0 -138.0 -155.0 -182.0 -214.0 -243.0 -273.0 
-300.0 -328.0 -357.0 -385.0 -413.0 -445.0 -473.0 
-497.0 -520.0 -542.0 -560.0 -577.0 -593.0 -605.0 
-614.0 -623.0 -633.0 -638.0 -637.0 -631.0 -629.0 
-626.0 -615.0 -605.0 -593.0 -580.0 -564.0 -542.0 
-522.0 -503.0 -477.0 -457.0 -438.0 -407.0 -382.0 
-355.0 -327.0 -301.0 -279.0 -261.0 -238.0 -215.0 
-192.0 -171.0 -155.0 -140.0 -130.0 -119.0 -107.0 
-101.0 -83.0 -71.0 -69.0 -63.0 -64.0 -65.0 
-57.0 -61.0 -66.0 -73.0 -86.0 -92.0 -104.0 
-113.0 -122.0 -130.0 -136.0 -152.0 -157.0 -170.0 
-185.0 -196.0 -209.0 -214.0 -224.0 -237.0 -252.0 
-260.0 -267.0 -281.0 -286.0 -288.0 -295.0 -299.0 
-299.0 -301.0 -296.0 -289.0 -285.0 -282.0 -278.0 
-272.0 -261.0 -249.0 -241.0 -230.0 -217.0 -200.0 
-181.0 -164.0 -145.0 -126.0 -104.0 -83.0 -61.0 
-35.0 -14.0 7.0 28.0 41.0 50.0 65.0 
82.0 91.0 94.0 100.0 104.0 101.0 101.0 
98.0 88.0 79.0 63.0 49.0 33.0 15.0 
0.0 -23.0 -48.0 -73.0 -91.0 -110.0 -133.0 
-150.0 -172.0 -196.0 -218.0 -245.0 -265.0 -279.0 
-301.0 -322.0 -340.0 -357.0 -370.0 -379.0 -384.0 
-389.0 -392.0 -397.0 -401.0 -403.0 -406.0 -405.0 
-407.0 -404.0 -402.0 -397.0 -387.0 -386.0 -374.0 
-366.0 -363.0 -354.0 -351.0 -349.0 -345.0 -337.0 
-325.0 -317.0 -310.0 -303.0 -294.0 -284.0 -275.0 
-269.0 -260.0 -246.0 -237.0 -226.0 -210.0 -198.0 
-187.0 -173.0 -155.0 -145.0 -137.0 -126.0 -116.0 
-101.0 -91.0 -84.0 -76.0 -71.0 -62.0 -59.0 
-58.0 -53.0 -52.0 -50.0 -55.0 -54.0 -54.0 
-57.0 -63.0 -70.0 -74.0 -82.0 -84.0 -88.0 
-99.0 -112.0 -120.0 -125.0 -136.0 -145.0 -155.0 
-165.0 -173.0 -177.0 -183.0 -187.0 -189.0 -194.0 
-204.0 -214.0 -219.0 -228.0 -234.0 -232.0 -231.0 
-233.0 -236.0 -237.0 -240.0 -241.0 -239.0 -236.0 
-233.0 -232.0 -234.0 -238.0 -233.0 -226.0 -222.0 
-213.0 -209.0 -211.0 -203.0 -196.0 -190.0 -186.0 
-184.0 -175.0 -171.0 -166.0 -159.0 -154.0 -146.0 
-140.0 -131.0 -125.0 -121.0 -111.0 -105.0 -105.0 
-104.0 -104.0 -94.0 -84.0 -80.0 -74.0 -69.0 
-66.0 -69.0 -70.0 -69.0 -71.0 -77.0 -89.0 
-102.0 -111.0 -126.0 -141.0 -152.0 -164.0 -178.0 
-192.0 -206.0 -223.0 -240.0 -256.0 -271.0 -285.0 
-298.0 -308.0 -314.0 -324.0 -337.0 -344.0 -353.0 
-363.0 -371.0 -377.0 -384.0 -387.0 -392.0 -399.0 
-403.0 -410.0 -409.0 -411.0 -418.0 -418.0 -420.0 
-419.0 -420.0 -428.0 -430.0 -432.0 -434.0 -436.0 
-440.0 -439.0 -440.0 -434.0 -425.0 -425.0 -422.0 
-419.0 -412.0 -410.0 -415.0 -414.0 -411.0 -406.0 
-398.0 -391.0 -386.0 -382.0 -383.0 -377.0 -368.0 
-362.0 -355.0 -347.0 -334.0 -323.0 -313.0 -306.0 
-297.0 -287.0 -276.0 -260.0 -250.0 -238.0 -224.0 
-211.0 -197.0 -187.0 -177.0 -165.0 -155.0 -140.0 
-123.0 -111.0 -97.0 -86.0 -78.0 -71.0 -62.0 
-57.0 -50.0 -47.0 -51.0 -49.0 -47.0 -47.0 
-48.0 -50.0 -50.0 -59.0 -62.0 -58.0 -57.0 
-58.0 -59.0 -57.0 -61.0 -65.0 -67.0 -70.0 
-69.0 -70.0 -73.0 -73.0 -71.0 -71.0 -68.0 
-67.0 -71.0 -74.0 -78.0 -74.0 -68.0 -66.0 
-61.0 -55.0 -50.0 -49.0 -42.0 -36.0 -35.0 
-31.0 -26.0 -27.0 -25.0 -21.0 -22.0 -20.0 
-20.0 -26.0 -36.0 -46.0 -56.0 -65.0 -78.0 
-98.0 -117.0 -137.0 -155.0 -171.0 -191.0 -208.0 
-226.0 -246.0 -264.0 -281.0 -294.0 -308.0 -317.0 
-326.0 -337.0 -341.0 -352.0 -361.0 -366.0 -376.0 
-382.0 -386.0 -392.0 -395.0 -398.0 -403.0 -407.0 
-409.0 -410.0 -416.0 -419.0 -414.0 -415.0 -415.0 
-412.0 -404.0 -395.0 -388.0 -383.0 -383.0 -378.0 
-376.0 -370.0 -359.0 -352.0 -345.0 -337.0 -327.0 
-324.0 -325.0 -320.0 -316.0 -311.0 -308.0 -306.0 
-303.0 -300.0 -295.0 -287.0 -280.0 -276.0 -269.0 
-259.0 -248.0 -237.0 -224.0 -215.0 -200.0 -182.0 
-169.0 -147.0 -127.0 -110.0 -90.0 -66.0 -41.0 
-22.0 -1.0 17.0 34.0 54.0 69.0 83.0 
98.0 111.0 123.0 135.0 143.0 152.0 161.0 
168.0 174.0 179.0 180.0 177.0 178.0 181.0 
178.0 176.0 169.0 159.0 153.0 145.0 136.0 
125.0 112.0 96.0 78.0 64.0 48.0 25.0 
4.0 -17.0 -40.0 -63.0 -87.0 -112.0 -137.0 
-160.0 -187.0 -214.0 -241.0 -275.0 -304.0 -335.0 
-364.0 -391.0 -417.0 -442.0 -470.0 -495.0 -520.0 
-545.0 -569.0 -593.0 -608.0 -621.0 -632.0 -646.0 
-652.0 -654.0 -658.0 -655.0 -655.0 -651.0 -643.0 
-637.0 -623.0 -606.0 -591.0 -573.0 -554.0 -534.0 
-514.0 -496.0 -470.0 -444.0 -421.0 -392.0 -364.0 
-338.0 -311.0 -287.0 -260.0 -235.0 -210.0 -183.0 
-157.0 -131.0 -108.0 -85.0 -63.0 -39.0 -17.0 
1.0 20.0 37.0 53.0 69.0 81.0 92.0 
100.0 111.0 114.0 110.0 108.0 104.0 103.0 
104.0 95.0 88.0 82.0 73.0 65.0 50.0 
34.0 20.0 2.0 -14.0 -30.0 -48.0 -70.0 
-89.0 -109.0 -132.0 -150.0 -170.0 -190.0 -203.0 
-218.0 -236.0 -253.0 -269.0 -286.0 -304.0 -318.0 
-333.0 -349.0 -362.0 -374.0 -389.0 -404.0 -416.0 
-430.0 -446.0 -457.0 -468.0 -479.0 -486.0 -493.0 
-499.0 -502.0 -504.0 -502.0 -501.0 -496.0 -489.0 
-480.0 -467.0 -454.0 -439.0 -420.0 -399.0 -379.0 
-356.0 -334.0 -314.0 -292.0 -269.0 -247.0 -224.0 
-199.0 -176.0 -154.0 -136.0 -118.0 -95.0 -77.0 
-58.0 -41.0 -25.0 -10.0 0.0 8.0 18.0 
28.0 33.0 34.0 33.0 30.0 27.0 23.0 
17.0 6.0 -6.0 -16.0 -30.0 -45.0 -63.0 
-77.0 -91.0 -112.0 -128.0 -145.0 -161.0 -178.0 
-195.0 -212.0 -226.0 -240.0 -253.0 -263.0 -273.0 
-277.0 -284.0 -294.0 -305.0 -311.0 -309.0 -305.0 
-303.0 -305.0 -306.0 -310.0 -312.0 -309.0 -308.0 
-308.0 -304.0 -299.0 -296.0 -289.0 -279.0 -273.0 
-268.0 -261.0 -254.0 -249.0 -240.0 -232.0 -229.0 
-230.0 -225.0 -215.0 -212.0 -206.0 -200.0 -196.0 
-187.0 -182.0 -174.0 -164.0 -157.0 -153.0 -150.0 
-144.0 -137.0 -134.0 -132.0 -128.0 -125.0 -127.0 
-126.0 -131.0 -139.0 -142.0 -148.0 -153.0 -156.0 
-165.0 -174.0 -182.0 -189.0 -201.0 -212.0 -215.0 
-225.0 -234.0 -242.0 -253.0 -261.0 -266.0 -271.0 
-279.0 -282.0 -285.0 -288.0 -288.0 -285.0 -281.0 
-277.0 -274.0 -271.0 -266.0 -261.0 -252.0 -244.0 
-233.0 -220.0 -212.0 -202.0 -188.0 -172.0 -164.0 
-157.0 -146.0 -136.0 -129.0 -119.0 -110.0 -104.0 
-95.0 -86.0 -81.0 -81.0 -79.0 -75.0 -70.0 
-63.0 -64.0 -63.0 -63.0 -65.0 -65.0 -72.0 
-78.0 -85.0 -91.0 -96.0 -101.0 -105.0 -113.0 
-121.0 -126.0 -138.0 -144.0 -149.0 -155.0 -160.0 
-168.0 -175.0 -180.0 -185.0 -190.0 -195.0 -197.0 
-197.0 -198.0 -199.0 -203.0 -205.0 -203.0 -203.0 
-202.0 -203.0 -203.0 -203.0 -204.0 -200.0 -199.0 
-198.0 -197.0 -196.0 -191.0 -186.0 -181.0 -178.0 
-176.0 -173.0 -168.0 -164.0 -158.0 -151.0 -145.0 
-139.0 -132.0 -127.0 -123.0 -117.0 -110.0 -105.0 
-100.0 -94.0 -90.0 -87.0 -83.0 -83.0 -88.0 
-93.0 -97.0 -103.0 -112.0 -122.0 -135.0 -154.0 
-172.0 -193.0 -217.0 -238.0 -259.0 -284.0 -312.0 
-336.0 -363.0 -392.0 -417.0 -441.0 -464.0 -486.0 
-513.0 -539.0 -560.0 -583.0 -608.0 -628.0 -638.0 
-648.0 -659.0 -669.0 -677.0 -679.0 -679.0 -676.0 
-671.0 -665.0 -654.0 -643.0 -630.0 -615.0 -599.0 
-578.0 -551.0 -526.0 -505.0 -486.0 -462.0 -439.0 
-416.0 -391.0 -369.0 -346.0 -323.0 -302.0 -279.0 
-260.0 -241.0 -221.0 -202.0 -180.0 -154.0 -128.0 
-107.0 -85.0 -66.0 -47.0 -22.0 -1.0 21.0 
43.0 61.0 79.0 93.0 109.0 124.0 134.0 
143.0 153.0 160.0 166.0 172.0 178.0 185.0 
192.0 194.0 193.0 198.0 198.0 197.0 201.0 
201.0 199.0 193.0 189.0 183.0 171.0 160.0 
149.0 134.0 120.0 105.0 86.0 65.0 45.0 
25.0 5.0 -13.0 -33.0 -51.0 -71.0 -92.0 
-110.0 -130.0 -148.0 -165.0 -182.0 -197.0 -209.0 
-221.0 -237.0 -250.0 -262.0 -273.0 -282.0 -292.0 
-308.0 -319.0 -326.0 -336.0 -344.0 -355.0 -366.0 
-373.0 -385.0 -399.0 -409.0 -414.0 -425.0 -436.0 
-444.0 -454.0 -461.0 -470.0 -478.0 -487.0 -501.0 
-508.0 -517.0 -531.0 -540.0 -547.0 -553.0 -563.0 
-572.0 -579.0 -583.0 -584.0 -587.0 -585.0 -584.0 
-580.0 -574.0 -569.0 -558.0 -551.0 -544.0 -532.0 
-520.0 -508.0 -493.0 -478.0 -465.0 -449.0 -434.0 
-423.0 -408.0 -391.0 -374.0 -356.0 -339.0 -321.0 
-303.0 -287.0 -268.0 -251.0 -232.0 -211.0 -194.0 
-175.0 -155.0 -137.0 -120.0 -104.0 -85.0 -71.0 
-60.0 -47.0 -35.0 -21.0 -10.0 1.0 16.0 
30.0 41.0 52.0 59.0 69.0 80.0 89.0 
99.0 106.0 113.0 119.0 123.0 129.0 130.0 
134.0 137.0 136.0 136.0 134.0 130.0 129.0 
127.0 126.0 120.0 115.0 113.0 105.0 101.0 
95.0 88.0 82.0 74.0 67.0 60.0 51.0 
42.0 31.0 20.0 7.0 -7.0 -19.0 -33.0 
-49.0 -65.0 -78.0 -93.0 -113.0 -130.0 -148.0 
-165.0 -180.0 -196.0 -214.0 -228.0 -241.0 -254.0 
-263.0 -274.0 -280.0 -286.0 -296.0 -305.0 -313.0 
-318.0 -320.0 -320.0 -324.0 -327.0 -331.0 -334.0 
-337.0 -341.0 -344.0 -349.0 -354.0 -362.0 -366.0 
-371.0 -381.0 -389.0 -396.0 -402.0 -411.0 -421.0 
-428.0 -435.0 -444.0 -449.0 -453.0 -457.0 -464.0 
-471.0 -477.0 -484.0 -489.0 -497.0 -502.0 -505.0 
-509.0 -512.0 -523.0 -528.0 -534.0 -544.0 -549.0 
-554.0 -558.0 -561.0 -564.0 -568.0 -571.0 -573.0 
-574.0 -572.0 -568.0 -561.0 -558.0 -552.0 -544.0 
-532.0 -514.0 -496.0 -479.0 -464.0 -443.0 -419.0 
-396.0 -372.0 -347.0 -319.0 -295.0 -269.0 -242.0 
-216.0 -192.0 -168.0 -143.0 -122.0 -100.0 -81.0 
-61.0 -44.0 -29.0 -15.0 -3.0 9.0 20.0 
30.0 36.0 44.0 48.0 55.0 62.0 64.0 
69.0 73.0 76.0 73.0 75.0 82.0 81.0 
82.0 80.0 78.0 79.0 76.0 73.0 72.0 
70.0 70.0 68.0 66.0 63.0 59.0 59.0 
58.0 59.0 60.0 62.0 64.0 63.0 68.0 
71.0 74.0 81.0 84.0 86.0 87.0 84.0 
82.0 79.0 72.0 61.0 47.0 31.0 15.0 
-2.0 -22.0 -46.0 -72.0 -97.0 -127.0 -157.0 
-192.0 -224.0 -256.0 -294.0 -331.0 -370.0 -406.0 
-446.0 -488.0 -524.0 -562.0 -595.0 -625.0 -660.0 
-694.0 -720.0 -747.0 -771.0 -791.0 -809.0 -822.0 
-829.0 -831.0 -831.0 -825.0 -813.0 -801.0 -786.0 
-768.0 -744.0 -719.0 -694.0 -662.0 -629.0 -599.0 
-566.0 -531.0 -497.0 -460.0 -426.0 -395.0 -358.0 
-321.0 -289.0 -256.0 -223.0 -192.0 -165.0 -139.0 
-115.0 -94.0 -74.0 -56.0 -36.0 -21.0 -9.0 
3.0 10.0 20.0 23.0 20.0 24.0 27.0 
25.0 21.0 14.0 6.0 -3.0 -12.0 -23.0 
-36.0 -51.0 -64.0 -77.0 -91.0 -105.0 -119.0 
-131.0 -140.0 -152.0 -164.0 -171.0 -180.0 -187.0 
-190.0 -197.0 -201.0 -206.0 -212.0 -210.0 -211.0 
-213.0 -214.0 -214.0 -213.0 -215.0 -215.0 -211.0 
-210.0 -209.0 -207.0 -204.0 -206.0 -205.0 -201.0 
-200.0 -199.0 -196.0 -192.0 -189.0 -187.0 -183.0 
-178.0 -172.0 -166.0 -161.0 -155.0 -147.0 -137.0 
-128.0 -118.0 -106.0 -94.0 -81.0 -71.0 -61.0 
-49.0 -39.0 -29.0 -26.0 -24.0 -20.0 -21.0 
-23.0 -27.0 -31.0 -36.0 -45.0 -56.0 -68.0 
-81.0 -92.0 -104.0 -117.0 -130.0 -145.0 -158.0 
-173.0 -188.0 -203.0 -219.0 -234.0 -248.0 -260.0 
-273.0 -286.0 -298.0 -308.0 -317.0 -326.0 -337.0 
-343.0 -346.0 -354.0 -359.0 -363.0 -367.0 -369.0 
-369.0 -370.0 -373.0 -374.0 -377.0 -379.0 -382.0 
-386.0 -382.0 -382.0 -382.0 -385.0 -389.0 -389.0 
-388.0 -386.0 -386.0 -387.0 -385.0 -385.0 -383.0 
-381.0 -381.0 -380.0 -376.0 -370.0 -364.0 -360.0 
-356.0 -350.0 -344.0 -340.0 -334.0 -328.0 -323.0 
-316.0 -311.0 -309.0 -304.0 -303.0 -300.0 -298.0 
-298.0 -295.0 -295.0 -294.0 -293.0 -292.0 -290.0 
-288.0 -283.0 -281.0 -278.0 -273.0 -268.0 -261.0 
-256.0 -252.0 -249.0 -243.0 -238.0 -231.0 -220.0 
-211.0 -201.0 -188.0 -177.0 -165.0 -149.0 -128.0 
-110.0 -93.0 -75.0 -54.0 -31.0 -12.0 7.0 
22.0 37.0 52.0 62.0 71.0 79.0 87.0 
92.0 93.0 93.0 90.0 86.0 79.0 72.0 
66.0 57.0 50.0 45.0 36.0 27.0 21.0 
12.0 2.0 -5.0 -13.0 -21.0 -31.0 -40.0 
-47.0 -54.0 -63.0 -74.0 -78.0 -84.0 -92.0 
-100.0 -108.0 -115.0 -123.0 -133.0 -142.0 -150.0 
-162.0 -173.0 -185.0 -200.0 -214.0 -230.0 -246.0 
-266.0 -282.0 -297.0 -317.0 -333.0 -351.0 -368.0 
-382.0 -398.0 -410.0 -422.0 -436.0 -446.0 -457.0 
-467.0 -475.0 -484.0 -489.0 -493.0 -496.0 -498.0 
-501.0 -500.0 -503.0 -502.0 -500.0 -501.0 -495.0 
-495.0 -490.0 -482.0 -477.0 -470.0 -466.0 -459.0 
-452.0 -447.0 -439.0 -434.0 -426.0 -418.0 -411.0 
-404.0 -398.0 -387.0 -378.0 -371.0 -358.0 -345.0 
-334.0 -320.0 -307.0 -295.0 -282.0 -270.0 -256.0 
-244.0 -233.0 -221.0 -210.0 -195.0 -183.0 -172.0 
-159.0 -147.0 -134.0 -122.0 -109.0 -94.0 -81.0 
-68.0 -56.0 -46.0 -38.0 -29.0 -24.0 -16.0 
-7.0 -4.0 1.0 3.0 3.0 7.0 7.0 
6.0 7.0 4.0 3.0 0.0 -3.0 -5.0 
-5.0 -5.0 -10.0 -10.0 -11.0 -13.0 -13.0 
-12.0 -11.0 -10.0 -9.0 -7.0 -6.0 -3.0 
-2.0 -3.0 0.0 0.0 -2.0 -5.0 -7.0 
-9.0 -14.0 -21.0 -28.0 -38.0 -50.0 -61.0 
-76.0 -90.0 -106.0 -119.0 -134.0 -150.0 -165.0 
-184.0 -198.0 -213.0 -231.0 -243.0 -258.0 -273.0 
-290.0 -309.0 -324.0 -342.0 -360.0 -376.0 -392.0 
-410.0 -427.0 -443.0 -458.0 -472.0 -485.0 -500.0 
-511.0 -519.0 -528.0 -535.0 -541.0 -546.0 -549.0 
-549.0 -548.0 -547.0 -544.0 -541.0 -536.0 -530.0 
-526.0 -521.0 -516.0 -508.0 -501.0 -494.0 -484.0 
-474.0 -465.0 -457.0 -447.0 -436.0 -425.0 -415.0 
-407.0 -397.0 -389.0 -381.0 -369.0 -357.0 -348.0 
-337.0 -324.0 -312.0 -294.0 -279.0 -261.0 -243.0 
-227.0 -210.0 -190.0 -171.0 -155.0 -137.0 -119.0 
-101.0 -82.0 -63.0 -42.0 -25.0 -7.0 13.0 
29.0 48.0 66.0 79.0 98.0 117.0 131.0 
147.0 161.0 178.0 190.0 201.0 216.0 225.0 
236.0 244.0 250.0 256.0 260.0 265.0 267.0 
268.0 267.0 259.0 254.0 247.0 237.0 228.0 
215.0 201.0 184.0 164.0 142.0 116.0 90.0 
66.0 38.0 8.0 -21.0 -53.0 -86.0 -118.0 
-151.0 -190.0 -225.0 -257.0 -292.0 -325.0 -359.0 
-394.0 -427.0 -455.0 -484.0 -513.0 -536.0 -560.0 
-583.0 -601.0 -622.0 -639.0 -651.0 -661.0 -672.0 
-685.0 -692.0 -697.0 -700.0 -702.0 -704.0 -700.0 
-698.0 -694.0 -689.0 -686.0 -679.0 -670.0 -659.0 
-646.0 -634.0 -619.0 -603.0 -585.0 -568.0 -553.0 
-531.0 -509.0 -488.0 -465.0 -443.0 -422.0 -405.0 
-384.0 -366.0 -349.0 -333.0 -320.0 -307.0 -295.0 
-283.0 -272.0 -259.0 -249.0 -238.0 -229.0 -219.0 
-206.0 -193.0 -179.0 -165.0 -149.0 -135.0 -120.0 
-103.0 -87.0 -68.0 -49.0 -31.0 -15.0 4.0 
26.0 43.0 60.0 78.0 92.0 108.0 124.0 
141.0 157.0 168.0 181.0 197.0 209.0 222.0 
231.0 239.0 246.0 251.0 257.0 261.0 265.0 
268.0 269.0 270.0 266.0 264.0 262.0 255.0 
248.0 240.0 230.0 216.0 202.0 187.0 169.0 
151.0 127.0 103.0 80.0 50.0 24.0 -5.0 
-38.0 -67.0 -104.0 -136.0 -169.0 -207.0 -241.0 
-275.0 -304.0 -338.0 -367.0 -393.0 -425.0 -448.0 
-470.0 -492.0 -509.0 -526.0 -541.0 -553.0 -564.0 
-573.0 -583.0 -589.0 -596.0 -603.0 -606.0 -614.0 
-618.0 -623.0 -628.0 -632.0 -638.0 -642.0 -645.0 
-648.0 -653.0 -656.0 -659.0 -658.0 -657.0 -662.0 
-661.0 -659.0 -656.0 -652.0 -650.0 -643.0 -637.0 
-628.0 -618.0 -609.0 -596.0 -580.0 -562.0 -545.0 
-527.0 -509.0 -489.0 -465.0 -441.0 -415.0 -389.0 
-364.0 -336.0 -312.0 -286.0 -262.0 -239.0 -214.0 
-189.0 -163.0 -143.0 -124.0 -103.0 -84.0 -65.0 
-49.0 -37.0 -24.0 -8.0 3.0 12.0 24.0 
36.0 43.0 53.0 62.0 69.0 80.0 87.0 
93.0 98.0 103.0 108.0 112.0 115.0 113.0 
114.0 115.0 110.0 110.0 108.0 106.0 104.0 
102.0 101.0 98.0 96.0 90.0 89.0 85.0 
76.0 71.0 61.0 52.0 42.0 27.0 12.0 
-4.0 -19.0 -38.0 -58.0 -76.0 -97.0 -119.0 
-140.0 -160.0 -180.0 -201.0 -221.0 -241.0 -261.0 
-276.0 -293.0 -309.0 -323.0 -339.0 -353.0 -365.0 
-378.0 -391.0 -407.0 -420.0 -432.0 -448.0 -461.0 
-476.0 -491.0 -506.0 -521.0 -535.0 -551.0 -563.0 
-575.0 -585.0 -591.0 -599.0 -603.0 -607.0 -608.0 
-606.0 -606.0 -601.0 -591.0 -582.0 -574.0 -565.0 
-557.0 -546.0 -531.0 -519.0 -506.0 -492.0 -481.0 
-466.0 -452.0 -438.0 -420.0 -406.0 -388.0 -374.0 
-361.0 -343.0 -330.0 -314.0 -297.0 -280.0 -260.0 
-243.0 -224.0 -207.0 -190.0 -172.0 -155.0 -140.0 
-121.0 -100.0 -82.0 -63.0 -44.0 -27.0 -10.0 
8.0 22.0 36.0 52.0 65.0 78.0 94.0 
106.0 115.0 123.0 128.0 132.0 136.0 137.0 
136.0 135.0 131.0 125.0 117.0 103.0 92.0 
78.0 60.0 42.0 22.0 1.0 -24.0 -51.0 
-78.0 -108.0 -136.0 -166.0 -197.0 -227.0 -257.0 
-288.0 -315.0 -342.0 -368.0 -393.0 -413.0 -432.0 
-449.0 -462.0 -475.0 -484.0 -490.0 -493.0 -497.0 
-499.0 -498.0 -501.0 -498.0 -495.0 -494.0 -491.0 
-487.0 -482.0 -474.0 -470.0 -462.0 -453.0 -448.0 
-438.0 -428.0 -421.0 -415.0 -404.0 -393.0 -386.0 
-375.0 -363.0 -352.0 -341.0 -328.0 -314.0 -302.0 
-287.0 -274.0 -263.0 -248.0 -234.0 -221.0 -209.0 
-194.0 -180.0 -165.0 -151.0 -143.0 -129.0 -115.0 
-107.0 -97.0 -87.0 -79.0 -73.0 -69.0 -65.0 
-63.0 -65.0 -65.0 -66.0 -71.0 -76.0 -83.0 
-92.0 -106.0 -118.0 -132.0 -148.0 -164.0 -181.0 
-195.0 -209.0 -228.0 -245.0 -261.0 -274.0 -287.0 
-302.0 -314.0 -328.0 -336.0 -341.0 -347.0 -351.0 
-360.0 -363.0 -366.0 -368.0 -363.0 -361.0 -357.0 
-352.0 -349.0 -347.0 -340.0 -332.0 -327.0 -318.0 
-309.0 -302.0 -295.0 -285.0 -280.0 -273.0 -266.0 
-261.0 -256.0 -253.0 -245.0 -240.0 -236.0 -228.0 
-222.0 -216.0 -208.0 -200.0 -192.0 -189.0 -183.0 
-176.0 -169.0 -161.0 -158.0 -154.0 -148.0 -144.0 
-140.0 -137.0 -131.0 -128.0 -124.0 -122.0 -122.0 
-119.0 -119.0 -117.0 -117.0 -121.0 -120.0 -120.0 
-125.0 -131.0 -137.0 -144.0 -156.0 -166.0 -179.0 
-194.0 -209.0 -226.0 -244.0 -263.0 -282.0 -302.0 
-323.0 -342.0 -362.0 -384.0 -400.0 -418.0 -438.0 
-456.0 -471.0 -487.0 -504.0 -516.0 -531.0 -543.0 
-547.0 -551.0 -555.0 -558.0 -559.0 -557.0 -552.0 
-545.0 -534.0 -523.0 -509.0 -492.0 -477.0 -456.0 
-434.0 -412.0 -390.0 -368.0 -345.0 -323.0 -302.0 
-280.0 -259.0 -240.0 -220.0 -201.0 -181.0 -162.0 
-146.0 -134.0 -118.0 -104.0 -93.0 -80.0 -73.0 
-64.0 -57.0 -51.0 -45.0 -42.0 -38.0 -34.0 
-29.0 -25.0 -22.0 -18.0 -11.0 -3.0 5.0 
9.0 16.0 23.0 27.0 33.0 35.0 35.0 
36.0 36.0 34.0 31.0 25.0 17.0 10.0 
2.0 -6.0 -17.0 -28.0 -37.0 -50.0 -66.0 
-77.0 -88.0 -100.0 -112.0 -124.0 -136.0 -152.0 
-164.0 -177.0 -192.0 -205.0 -218.0 -231.0 -246.0 
-260.0 -270.0 -282.0 -295.0 -306.0 -318.0 -326.0 
-335.0 -348.0 -359.0 -370.0 -381.0 -393.0 -400.0 
-411.0 -425.0 -433.0 -442.0 -451.0 -457.0 -464.0 
-473.0 -479.0 -482.0 -486.0 -490.0 -491.0 -490.0 
-492.0 -491.0 -490.0 -490.0 -487.0 -485.0 -481.0 
-478.0 -472.0 -461.0 -453.0 -446.0 -438.0 -429.0 
-417.0 -402.0 -390.0 -380.0 -367.0 -353.0 -341.0 
-327.0 -317.0 -305.0 -292.0 -282.0 -269.0 -261.0 
-250.0 -240.0 -232.0 -221.0 -215.0 -208.0 -198.0 
-188.0 -180.0 -172.0 -160.0 -147.0 -137.0 -127.0 
-115.0 -105.0 -95.0 -81.0 -68.0 -58.0 -45.0 
-34.0 -23.0 -9.0 1.0 11.0 24.0 37.0 
49.0 58.0 71.0 85.0 96.0 108.0 118.0 
128.0 137.0 147.0 154.0 159.0 164.0 166.0 
165.0 166.0 164.0 158.0 149.0 139.0 128.0 
116.0 104.0 89.0 70.0 51.0 29.0 6.0 
-18.0 -45.0 -68.0 -97.0 -125.0 -154.0 -184.0 
-210.0 -239.0 -269.0 -294.0 -319.0 -344.0 -372.0 
-392.0 -413.0 -433.0 -450.0 -465.0 -478.0 -492.0 
-506.0 -516.0 -523.0 -531.0 -538.0 -545.0 -551.0 
-555.0 -558.0 -560.0 -561.0 -563.0 -563.0 -560.0 
-558.0 -552.0 -544.0 -538.0 -531.0 -525.0 -516.0 
-506.0 -498.0 -488.0 -475.0 -464.0 -451.0 -439.0 
-425.0 -408.0 -394.0 -383.0 -372.0 -357.0 -341.0 
-327.0 -317.0 -303.0 -290.0 -282.0 -271.0 -262.0 
-253.0 -242.0 -231.0 -221.0 -215.0 -209.0 -201.0 
-194.0 -185.0 -178.0 -173.0 -164.0 -155.0 -147.0 
-139.0 -130.0 -117.0 -109.0 -100.0 -88.0 -82.0 
-73.0 -63.0 -54.0 -45.0 -39.0 -32.0 -23.0 
-15.0 -12.0 -9.0 -2.0 1.0 4.0 5.0 
5.0 6.0 4.0 4.0 2.0 -1.0 -2.0 
-4.0 -4.0 -4.0 -6.0 -7.0 -7.0 -8.0 
-8.0 -11.0 -13.0 -18.0 -21.0 -24.0 -33.0 
-41.0 -50.0 -60.0 -71.0 -85.0 -99.0 -112.0 
-124.0 -136.0 -151.0 -166.0 -179.0 -192.0 -207.0 
-223.0 -235.0 -247.0 -262.0 -275.0 -286.0 -301.0 
-318.0 -328.0 -340.0 -353.0 -364.0 -378.0 -388.0 
-398.0 -405.0 -413.0 -424.0 -430.0 -437.0 -445.0 
-448.0 -452.0 -457.0 -462.0 -468.0 -472.0 -475.0 
-476.0 -477.0 -478.0 -478.0 -478.0 -478.0 -478.0 
-478.0 -478.0 -477.0 -476.0 -474.0 -476.0 -475.0 
-470.0 -470.0 -468.0 -462.0 -456.0 -451.0 -444.0 
-436.0 -431.0 -423.0 -414.0 -405.0 -393.0 -382.0 
-370.0 -359.0 -346.0 -332.0 -322.0 -309.0 -296.0 
-286.0 -272.0 -260.0 -247.0 -235.0 -224.0 -211.0 
-202.0 -190.0 -179.0 -166.0 -154.0 -143.0 -129.0 
-112.0 -93.0 -73.0 -56.0 -38.0 -14.0 9.0 
31.0 54.0 76.0 97.0 118.0 136.0 152.0 
167.0 181.0 189.0 197.0 204.0 209.0 210.0 
211.0 208.0 203.0 201.0 194.0 187.0 180.0 
169.0 156.0 142.0 129.0 115.0 99.0 82.0 
63.0 44.0 26.0 5.0 -18.0 -40.0 -61.0 
-87.0 -115.0 -140.0 -166.0 -195.0 -221.0 -249.0 
-278.0 -308.0 -338.0 -368.0 -398.0 -425.0 -450.0 
-477.0 -503.0 -527.0 -552.0 -574.0 -593.0 -608.0 
-622.0 -636.0 -644.0 -651.0 -657.0 -661.0 -664.0 
-663.0 -658.0 -651.0 -644.0 -633.0 -617.0 -600.0 
-582.0 -565.0 -546.0 -522.0 -498.0 -473.0 -452.0 
-430.0 -403.0 -378.0 -352.0 -328.0 -304.0 -282.0 
-264.0 -245.0 -228.0 -210.0 -194.0 -183.0 -170.0 
-161.0 -156.0 -149.0 -145.0 -143.0 -142.0 -139.0 
-139.0 -142.0 -145.0 -147.0 -149.0 -152.0 -156.0 
-161.0 -168.0 -173.0 -174.0 -177.0 -181.0 -185.0 
-190.0 -191.0 -192.0 -196.0 -197.0 -197.0 -195.0 
-193.0 -190.0 -186.0 -181.0 -177.0 -174.0 -167.0 
-162.0 -156.0 -145.0 -138.0 -129.0 -120.0 -112.0 
-101.0 -89.0 -75.0 -66.0 -55.0 -43.0 -37.0 
-29.0 -21.0 -18.0 -17.0 -14.0 -12.0 -16.0 
-20.0 -25.0 -33.0 -40.0 -48.0 -59.0 -70.0 
-81.0 -94.0 -109.0 -119.0 -132.0 -145.0 -157.0 
-170.0 -179.0 -192.0 -204.0 -215.0 -228.0 -238.0 
-248.0 -257.0 -268.0 -278.0 -286.0 -295.0 -304.0 
-311.0 -318.0 -321.0 -324.0 -329.0 -332.0 -336.0 
-336.0 -336.0 -339.0 -341.0 -344.0 -348.0 -351.0 
-356.0 -363.0 -374.0 -384.0 -391.0 -401.0 -411.0 
-425.0 -435.0 -444.0 -457.0 -468.0 -481.0 -492.0 
-502.0 -513.0 -522.0 -533.0 -541.0 -548.0 -556.0 
-562.0 -564.0 -566.0 -566.0 -564.0 -561.0 -560.0 
-552.0 -541.0 -533.0 -516.0 -499.0 -481.0 -461.0 
-438.0 -413.0 -391.0 -364.0 -336.0 -310.0 -281.0 
-254.0 -225.0 -198.0 -168.0 -141.0 -118.0 -90.0 
-64.0 -41.0 -19.0 -2.0 16.0 33.0 50.0 
62.0 69.0 80.0 