105.0 93.0 94.0 16.0 -80.0 -84.0 -52.0 
-38.0 -15.0 18.0 46.0 64.0 89.0 124.0 
207.0 298.0 299.0 282.0 309.0 308.0 278.0 
274.0 266.0 226.0 162.0 89.0 51.0 34.0 
-29.0 -96.0 -111.0 -135.0 -179.0 -196.0 -202.0 
-224.0 -228.0 -189.0 -156.0 -124.0 -61.0 -16.0 
2.0 -4.0 -1.0 42.0 66.0 73.0 121.0 
172.0 177.0 159.0 181.0 247.0 249.0 172.0 
126.0 138.0 129.0 63.0 4.0 -21.0 -48.0 
-76.0 -104.0 -154.0 -211.0 -260.0 -295.0 -309.0 
-342.0 -431.0 -517.0 -588.0 -678.0 -738.0 -783.0 
-864.0 -935.0 -967.0 -1003.0 -1041.0 -1045.0 -1026.0 
-1024.0 -1042.0 -1011.0 -936.0 -909.0 -907.0 -864.0 
-805.0 -751.0 -687.0 -614.0 -538.0 -464.0 -377.0 
-263.0 -125.0 -8.0 106.0 247.0 381.0 502.0 
625.0 750.0 862.0 941.0 994.0 1061.0 1153.0 
1194.0 1163.0 1131.0 1103.0 1031.0 941.0 871.0 
797.0 701.0 591.0 492.0 385.0 271.0 183.0 
96.0 -7.0 -100.0 -170.0 -238.0 -315.0 -354.0 
-334.0 -323.0 -347.0 -338.0 -308.0 -314.0 -288.0 
-212.0 -162.0 -132.0 -68.0 33.0 118.0 167.0 
211.0 278.0 361.0 423.0 444.0 441.0 412.0 
370.0 307.0 214.0 125.0 35.0 -74.0 -168.0 
-233.0 -278.0 -309.0 -306.0 -270.0 -222.0 -150.0 
-50.0 43.0 132.0 254.0 384.0 490.0 566.0 
594.0 579.0 557.0 553.0 548.0 507.0 437.0 
377.0 313.0 212.0 87.0 -29.0 -123.0 -195.0 
-264.0 -339.0 -389.0 -405.0 -424.0 -457.0 -478.0 
-471.0 -484.0 -511.0 -485.0 -452.0 -461.0 -445.0 
-407.0 -377.0 -323.0 -266.0 -229.0 -190.0 -158.0 
-168.0 -173.0 -129.0 -101.0 -97.0 -102.0 -129.0 
-156.0 -144.0 -121.0 -104.0 -75.0 -31.0 6.0 
23.0 60.0 129.0 159.0 151.0 158.0 175.0 
184.0 175.0 146.0 112.0 94.0 93.0 73.0 
20.0 -42.0 -122.0 -216.0 -260.0 -263.0 -314.0 
-412.0 -488.0 -529.0 -545.0 -542.0 -542.0 -560.0 
-572.0 -562.0 -535.0 -534.0 -563.0 -603.0 -642.0 
-662.0 -667.0 -674.0 -679.0 -702.0 -730.0 -742.0 
-748.0 -742.0 -697.0 -643.0 -615.0 -599.0 -549.0 
-453.0 -337.0 -222.0 -99.0 49.0 209.0 353.0 
484.0 616.0 750.0 867.0 979.0 1091.0 1182.0 
1255.0 1316.0 1324.0 1293.0 1268.0 1244.0 1212.0 
1179.0 1121.0 1026.0 907.0 791.0 694.0 599.0 
497.0 405.0 314.0 218.0 134.0 75.0 14.0 
-37.0 -55.0 -63.0 -67.0 -48.0 -6.0 53.0 
110.0 165.0 223.0 252.0 261.0 275.0 280.0 
258.0 246.0 255.0 235.0 205.0 187.0 145.0 
90.0 55.0 42.0 17.0 -36.0 -98.0 -153.0 
-214.0 -272.0 -300.0 -328.0 -361.0 -372.0 -377.0 
-403.0 -427.0 -442.0 -462.0 -491.0 -526.0 -541.0 
-528.0 -537.0 -559.0 -554.0 -544.0 -540.0 -530.0 
-505.0 -483.0 -478.0 -467.0 -464.0 -479.0 -500.0 
-506.0 -475.0 -441.0 -432.0 -432.0 -412.0 -383.0 
-345.0 -310.0 -295.0 -259.0 -213.0 -208.0 -231.0 
-254.0 -245.0 -223.0 -231.0 -252.0 -269.0 -277.0 
-278.0 -279.0 -271.0 -248.0 -225.0 -200.0 -171.0 
-140.0 -98.0 -47.0 12.0 85.0 149.0 200.0 
240.0 277.0 351.0 434.0 453.0 422.0 420.0 
470.0 531.0 555.0 568.0 581.0 569.0 545.0 
515.0 476.0 441.0 417.0 391.0 365.0 347.0 
341.0 333.0 312.0 287.0 262.0 258.0 270.0 
273.0 263.0 263.0 262.0 266.0 276.0 286.0 
325.0 371.0 385.0 380.0 368.0 328.0 280.0 
228.0 152.0 79.0 20.0 -50.0 -157.0 -276.0 
-357.0 -380.0 -392.0 -417.0 -426.0 -423.0 -425.0 
-400.0 -357.0 -344.0 -351.0 -328.0 -273.0 -226.0 
-206.0 -201.0 -181.0 -145.0 -133.0 -129.0 -101.0 
-86.0 -105.0 -119.0 -120.0 -137.0 -177.0 -214.0 
-228.0 -222.0 -210.0 -193.0 -181.0 -197.0 -222.0 
-237.0 -273.0 -316.0 -339.0 -373.0 -416.0 -436.0 
-480.0 -586.0 -656.0 -670.0 -708.0 -740.0 -706.0 
-651.0 -629.0 -600.0 -537.0 -499.0 -460.0 -387.0 
-317.0 -263.0 -183.0 -72.0 -8.0 1.0 18.0 
77.0 153.0 180.0 182.0 249.0 328.0 341.0 
388.0 499.0 590.0 661.0 738.0 794.0 839.0 
899.0 950.0 992.0 1015.0 1024.0 1033.0 1035.0 
1007.0 963.0 923.0 853.0 751.0 670.0 627.0 
580.0 509.0 430.0 355.0 293.0 245.0 205.0 
203.0 217.0 187.0 125.0 100.0 93.0 45.0 
2.0 -10.0 -46.0 -99.0 -115.0 -109.0 -130.0 
-149.0 -177.0 -242.0 -276.0 -280.0 -301.0 -325.0 
-353.0 -412.0 -492.0 -555.0 -586.0 -599.0 -626.0 
-686.0 -760.0 -836.0 -887.0 -889.0 -883.0 -902.0 
-915.0 -868.0 -784.0 -761.0 -761.0 -686.0 -597.0 
-556.0 -535.0 -519.0 -508.0 -490.0 -464.0 -445.0 
-418.0 -383.0 -357.0 -331.0 -291.0 -236.0 -187.0 
-164.0 -153.0 -110.0 -40.0 0.0 3.0 3.0 
6.0 12.0 22.0 16.0 -11.0 -45.0 -73.0 
-118.0 -159.0 -163.0 -151.0 -162.0 -164.0 -105.0 
-18.0 69.0 177.0 292.0 407.0 529.0 643.0 
739.0 828.0 907.0 945.0 937.0 910.0 885.0 
855.0 802.0 733.0 687.0 637.0 545.0 462.0 
424.0 398.0 349.0 297.0 245.0 204.0 193.0 
207.0 224.0 222.0 237.0 275.0 303.0 335.0 
365.0 366.0 358.0 350.0 322.0 280.0 238.0 
190.0 131.0 66.0 -8.0 -85.0 -158.0 -228.0 
-274.0 -304.0 -353.0 -399.0 -431.0 -472.0 -515.0 
-522.0 -496.0 -476.0 -457.0 -434.0 -430.0 -445.0 
-445.0 -436.0 -443.0 -468.0 -513.0 -575.0 -625.0 
-659.0 -682.0 -698.0 -727.0 -758.0 -765.0 -744.0 
-688.0 -590.0 -468.0 -344.0 -222.0 -92.0 47.0 
201.0 379.0 559.0 715.0 855.0 975.0 1058.0 
1110.0 1148.0 1188.0 1213.0 1190.0 1116.0 1019.0 
928.0 850.0 780.0 703.0 599.0 490.0 404.0 
341.0 287.0 240.0 207.0 184.0 155.0 104.0 
54.0 39.0 17.0 -41.0 -126.0 -225.0 -332.0 
-445.0 -554.0 -662.0 -765.0 -835.0 -875.0 -901.0 
-904.0 -889.0 -869.0 -827.0 -751.0 -657.0 -575.0 
-497.0 -403.0 -319.0 -264.0 -227.0 -202.0 -184.0 
-189.0 -226.0 -281.0 -373.0 -491.0 -603.0 -716.0 
-841.0 -978.0 -1118.0 -1231.0 -1319.0 -1380.0 -1401.0 
-1406.0 -1381.0 -1293.0 -1181.0 -1044.0 -864.0 -705.0 
-569.0 -393.0 -206.0 -26.0 169.0 374.0 564.0 
730.0 895.0 1060.0 1184.0 1278.0 1382.0 1476.0 
1526.0 1537.0 1532.0 1518.0 1490.0 1444.0 1389.0 
1310.0 1188.0 1051.0 898.0 713.0 534.0 397.0 
285.0 162.0 42.0 -53.0 -137.0 -189.0 -194.0 
-197.0 -200.0 -179.0 -162.0 -145.0 -117.0 -96.0 
-61.0 -7.0 32.0 56.0 80.0 96.0 133.0 
203.0 244.0 259.0 297.0 352.0 397.0 442.0 
485.0 507.0 524.0 532.0 525.0 515.0 497.0 
463.0 428.0 377.0 279.0 173.0 76.0 -29.0 
-139.0 -255.0 -401.0 -550.0 -668.0 -772.0 -856.0 
-906.0 -946.0 -999.0 -1042.0 -1027.0 -968.0 -921.0 
-890.0 -848.0 -793.0 -743.0 -705.0 -681.0 -671.0 
-660.0 -641.0 -620.0 -610.0 -602.0 -570.0 -515.0 
-466.0 -425.0 -369.0 -294.0 -221.0 -160.0 -108.0 
-70.0 -53.0 -35.0 -3.0 -5.0 -50.0 -102.0 
-125.0 -143.0 -167.0 -199.0 -226.0 -227.0 -204.0 
-174.0 -134.0 -76.0 -7.0 66.0 142.0 199.0 
240.0 297.0 343.0 374.0 403.0 440.0 485.0 
514.0 531.0 553.0 578.0 603.0 640.0 668.0 
671.0 681.0 744.0 827.0 858.0 844.0 813.0 
785.0 757.0 709.0 654.0 612.0 540.0 414.0 
270.0 141.0 29.0 -58.0 -129.0 -218.0 -305.0 
-359.0 -393.0 -428.0 -463.0 -475.0 -459.0 -431.0 
-410.0 -381.0 -353.0 -324.0 -278.0 -233.0 -201.0 
-168.0 -159.0 -185.0 -203.0 -206.0 -199.0 -193.0 
-210.0 -238.0 -239.0 -226.0 -227.0 -228.0 -214.0 
-199.0 -203.0 -225.0 -250.0 -264.0 -268.0 -262.0 
-248.0 -237.0 -237.0 -232.0 -208.0 -171.0 -143.0 
-114.0 -92.0 -66.0 -30.0 -17.0 -4.0 50.0 
125.0 175.0 215.0 266.0 317.0 372.0 442.0 
504.0 560.0 635.0 697.0 714.0 720.0 747.0 
779.0 798.0 824.0 848.0 831.0 781.0 746.0 
707.0 638.0 558.0 480.0 396.0 298.0 218.0 
151.0 75.0 0.0 -69.0 -134.0 -207.0 -295.0 
-393.0 -492.0 -570.0 -622.0 -675.0 -730.0 -766.0 
-787.0 -809.0 -819.0 -797.0 -760.0 -722.0 -672.0 
-601.0 -539.0 -515.0 -481.0 -438.0 -435.0 -442.0 
-433.0 -436.0 -455.0 -476.0 -502.0 -542.0 -576.0 
-580.0 -573.0 -582.0 -585.0 -551.0 -505.0 -468.0 
-423.0 -370.0 -301.0 -235.0 -205.0 -191.0 -148.0 
-93.0 -67.0 -68.0 -61.0 -37.0 -12.0 -2.0 
8.0 19.0 27.0 43.0 63.0 82.0 117.0 
183.0 250.0 294.0 335.0 406.0 485.0 530.0 
557.0 584.0 602.0 615.0 627.0 634.0 619.0 
573.0 527.0 482.0 416.0 336.0 266.0 204.0 
127.0 38.0 -43.0 -95.0 -124.0 -153.0 -189.0 
-219.0 -240.0 -240.0 -226.0 -207.0 -189.0 -179.0 
-163.0 -124.0 -78.0 -35.0 11.0 38.0 38.0 
44.0 79.0 130.0 157.0 167.0 194.0 217.0 
219.0 220.0 227.0 218.0 173.0 126.0 107.0 
86.0 49.0 25.0 -2.0 -67.0 -149.0 -201.0 
-208.0 -195.0 -185.0 -179.0 -169.0 -135.0 -91.0 
-56.0 -21.0 22.0 50.0 58.0 75.0 85.0 
69.0 34.0 -4.0 -33.0 -61.0 -104.0 -140.0 
-169.0 -207.0 -222.0 -200.0 -170.0 -148.0 -126.0 
-107.0 -86.0 -44.0 4.0 24.0 29.0 39.0 
37.0 24.0 14.0 0.0 -43.0 -117.0 -195.0 
-269.0 -360.0 -462.0 -548.0 -624.0 -703.0 -770.0 
-787.0 -761.0 -716.0 -650.0 -575.0 -481.0 -359.0 
-215.0 -51.0 117.0 259.0 369.0 474.0 590.0 
694.0 771.0 808.0 825.0 853.0 881.0 883.0 
844.0 778.0 707.0 643.0 580.0 507.0 417.0 
323.0 250.0 214.0 222.0 248.0 271.0 271.0 
260.0 270.0 282.0 279.0 271.0 262.0 234.0 
183.0 121.0 47.0 -13.0 -91.0 -225.0 -358.0 
-463.0 -563.0 -661.0 -752.0 -835.0 -893.0 -912.0 
-915.0 -923.0 -906.0 -873.0 -861.0 -825.0 -741.0 
-680.0 -664.0 -645.0 -618.0 -599.0 -569.0 -532.0 
-497.0 -458.0 -425.0 -396.0 -363.0 -310.0 -246.0 
-184.0 -110.0 -15.0 70.0 139.0 210.0 286.0 
355.0 428.0 501.0 541.0 559.0 585.0 611.0 
611.0 622.0 637.0 636.0 642.0 659.0 686.0 
695.0 670.0 637.0 626.0 601.0 533.0 470.0 
441.0 393.0 312.0 238.0 175.0 111.0 34.0 
-29.0 -59.0 -88.0 -128.0 -165.0 -202.0 -254.0 
-316.0 -364.0 -383.0 -395.0 -424.0 -469.0 -517.0 
-546.0 -560.0 -591.0 -632.0 -636.0 -607.0 -579.0 
-551.0 -506.0 -438.0 -344.0 -237.0 -154.0 -75.0 
27.0 155.0 272.0 363.0 439.0 518.0 585.0 
642.0 719.0 779.0 806.0 821.0 825.0 839.0 
885.0 917.0 898.0 857.0 824.0 794.0 743.0 
658.0 560.0 485.0 406.0 315.0 251.0 201.0 
145.0 102.0 84.0 58.0 28.0 4.0 -22.0 
-55.0 -88.0 -102.0 -118.0 -161.0 -208.0 -236.0 
-270.0 -336.0 -400.0 -449.0 -510.0 -593.0 -670.0 
-718.0 -741.0 -755.0 -759.0 -748.0 -725.0 -693.0 
-668.0 -650.0 -629.0 -590.0 -545.0 -507.0 -480.0 
-467.0 -449.0 -429.0 -415.0 -406.0 -421.0 -453.0 
-465.0 -472.0 -499.0 -545.0 -581.0 -588.0 -593.0 
-618.0 -631.0 -622.0 -623.0 -637.0 -634.0 -617.0 
-623.0 -629.0 -608.0 -565.0 -498.0 -408.0 -327.0 
-273.0 -215.0 -136.0 -55.0 18.0 92.0 169.0 
243.0 315.0 390.0 448.0 493.0 553.0 616.0 
665.0 704.0 726.0 734.0 743.0 751.0 761.0 
766.0 753.0 745.0 748.0 721.0 676.0 656.0 
654.0 653.0 640.0 622.0 631.0 648.0 654.0 
690.0 744.0 782.0 792.0 780.0 777.0 779.0 
747.0 707.0 666.0 593.0 511.0 443.0 367.0 
272.0 176.0 107.0 59.0 35.0 26.0 14.0 
10.0 19.0 38.0 64.0 64.0 47.0 42.0 
38.0 29.0 17.0 18.0 38.0 27.0 -21.0 
-54.0 -74.0 -117.0 -168.0 -217.0 -276.0 -324.0 
-336.0 -354.0 -387.0 -403.0 -439.0 -486.0 -513.0 
-524.0 -546.0 -572.0 -594.0 -605.0 -596.0 -568.0 
-547.0 -545.0 -532.0 -498.0 -472.0 -474.0 -467.0 
-446.0 -429.0 -391.0 -344.0 -308.0 -268.0 -220.0 
-178.0 -127.0 -67.0 -29.0 -22.0 1.0 45.0 
56.0 41.0 14.0 -24.0 -68.0 -111.0 -168.0 
-243.0 -307.0 -333.0 -340.0 -356.0 -394.0 -433.0 
-441.0 -429.0 -404.0 -360.0 -313.0 -276.0 -228.0 
-159.0 -59.0 74.0 178.0 245.0 324.0 412.0 
484.0 558.0 614.0 632.0 632.0 629.0 615.0 
551.0 471.0 428.0 374.0 289.0 204.0 137.0 
75.0 17.0 -28.0 -67.0 -103.0 -131.0 -134.0 
-124.0 -129.0 -119.0 -86.0 -53.0 -13.0 52.0 
130.0 204.0 284.0 377.0 464.0 547.0 627.0 
696.0 744.0 788.0 839.0 878.0 882.0 868.0 
862.0 817.0 719.0 625.0 528.0 409.0 304.0 
222.0 135.0 31.0 -46.0 -72.0 -100.0 -148.0 
-202.0 -241.0 -248.0 -237.0 -262.0 -284.0 -281.0 
-300.0 -338.0 -372.0 -400.0 -408.0 -393.0 -382.0 
-383.0 -377.0 -374.0 -372.0 -332.0 -261.0 -207.0 
-173.0 -131.0 -76.0 -20.0 27.0 75.0 123.0 
154.0 184.0 229.0 265.0 264.0 240.0 225.0 
235.0 250.0 226.0 178.0 147.0 119.0 80.0 
36.0 -8.0 -56.0 -126.0 -197.0 -241.0 -269.0 
-286.0 -290.0 -281.0 -270.0 -257.0 -239.0 -219.0 
-184.0 -154.0 -152.0 -156.0 -163.0 -182.0 -196.0 
-198.0 -204.0 -233.0 -304.0 -404.0 -487.0 -552.0 
-613.0 -668.0 -717.0 -757.0 -769.0 -764.0 -760.0 
-730.0 -660.0 -581.0 -513.0 -444.0 -347.0 -204.0 
-53.0 50.0 132.0 224.0 308.0 380.0 453.0 
528.0 598.0 651.0 669.0 652.0 629.0 620.0 
650.0 713.0 743.0 711.0 662.0 640.0 641.0 
657.0 687.0 721.0 737.0 739.0 748.0 773.0 
803.0 820.0 827.0 822.0 794.0 759.0 741.0 
714.0 675.0 637.0 600.0 550.0 494.0 443.0 
391.0 344.0 301.0 255.0 209.0 169.0 119.0 
62.0 26.0 8.0 -23.0 -80.0 -126.0 -150.0 
-195.0 -249.0 -286.0 -329.0 -384.0 -450.0 -522.0 
-591.0 -644.0 -688.0 -751.0 -834.0 -916.0 -983.0 
-1033.0 -1056.0 -1063.0 -1063.0 -1065.0 -1070.0 -1077.0 
-1061.0 -1001.0 -933.0 -885.0 -843.0 -777.0 -709.0 
-639.0 -546.0 -446.0 -380.0 -337.0 -288.0 -239.0 
-183.0 -107.0 -14.0 54.0 92.0 140.0 185.0 
185.0 170.0 176.0 183.0 204.0 242.0 263.0 
269.0 284.0 295.0 305.0 329.0 367.0 386.0 
389.0 416.0 442.0 445.0 466.0 499.0 518.0 
532.0 545.0 561.0 554.0 514.0 479.0 453.0 
415.0 360.0 311.0 285.0 250.0 184.0 120.0 
88.0 82.0 80.0 84.0 107.0 135.0 159.0 
199.0 267.0 345.0 427.0 539.0 663.0 778.0 
902.0 1039.0 1153.0 1224.0 1280.0 1330.0 1353.0 
1344.0 1307.0 1247.0 1175.0 1098.0 1009.0 889.0 
759.0 652.0 543.0 408.0 257.0 128.0 25.0 
-91.0 -234.0 -361.0 -457.0 -571.0 -687.0 -759.0 
-802.0 -837.0 -878.0 -937.0 -989.0 -1016.0 -1036.0 
-1055.0 -1053.0 -1029.0 -1018.0 -998.0 -932.0 -855.0 
-794.0 -747.0 -707.0 -668.0 -636.0 -591.0 -533.0 
-491.0 -460.0 -430.0 -409.0 -386.0 -362.0 -336.0 
-280.0 -227.0 -216.0 -216.0 -211.0 -195.0 -158.0 
-130.0 -126.0 -134.0 -134.0 -138.0 -167.0 -211.0 
-263.0 -298.0 -309.0 -324.0 -349.0 -367.0 -387.0 
-416.0 -433.0 -426.0 -411.0 -385.0 -342.0 -287.0 
-218.0 -130.0 -23.0 94.0 215.0 333.0 442.0 
528.0 595.0 651.0 704.0 766.0 805.0 813.0 
832.0 870.0 898.0 910.0 902.0 868.0 829.0 
806.0 780.0 721.0 650.0 592.0 553.0 510.0 
428.0 355.0 322.0 295.0 260.0 229.0 204.0 
197.0 220.0 254.0 286.0 318.0 357.0 405.0 
442.0 474.0 501.0 518.0 535.0 544.0 530.0 
507.0 507.0 519.0 518.0 521.0 541.0 552.0 
554.0 562.0 576.0 575.0 541.0 497.0 451.0 
373.0 287.0 221.0 129.0 -5.0 -122.0 -233.0 
-385.0 -525.0 -613.0 -679.0 -749.0 -807.0 -826.0 
-829.0 -840.0 -835.0 -802.0 -748.0 -669.0 -586.0 
-507.0 -413.0 -310.0 -215.0 -122.0 -55.0 -16.0 
6.0 21.0 58.0 84.0 50.0 15.0 12.0 
0.0 -36.0 -57.0 -70.0 -91.0 -112.0 -121.0 
-136.0 -182.0 -248.0 -292.0 -302.0 -313.0 -314.0 
-286.0 -234.0 -173.0 -114.0 -60.0 4.0 70.0 
114.0 135.0 134.0 115.0 96.0 75.0 44.0 
-7.0 -56.0 -80.0 -100.0 -145.0 -196.0 -249.0 
-283.0 -299.0 -325.0 -329.0 -328.0 -337.0 -320.0 
-285.0 -243.0 -202.0 -196.0 -209.0 -247.0 -308.0 
-340.0 -365.0 -397.0 -411.0 -427.0 -460.0 -469.0 
-443.0 -425.0 -434.0 -429.0 -382.0 -337.0 -276.0 
-186.0 -107.0 -39.0 65.0 192.0 286.0 366.0 
445.0 514.0 589.0 689.0 783.0 830.0 873.0 
938.0 983.0 995.0 1008.0 1024.0 1015.0 984.0 
961.0 931.0 878.0 843.0 812.0 749.0 678.0 
625.0 576.0 508.0 423.0 364.0 328.0 281.0 
233.0 203.0 192.0 194.0 212.0 233.0 243.0 
244.0 263.0 328.0 392.0 428.0 449.0 464.0 
501.0 536.0 519.0 484.0 445.0 391.0 339.0 
263.0 142.0 4.0 -116.0 -197.0 -286.0 -422.0 
-535.0 -591.0 -644.0 -728.0 -801.0 -856.0 -893.0 
-900.0 -908.0 -923.0 -928.0 -922.0 -881.0 -795.0 
-734.0 -712.0 -655.0 -573.0 -486.0 -394.0 -326.0 
-264.0 -196.0 -132.0 -76.0 -25.0 4.0 4.0 
-3.0 4.0 13.0 -12.0 -42.0 -52.0 -56.0 
-88.0 -131.0 -165.0 -202.0 -220.0 -211.0 -204.0 
-200.0 -167.0 -135.0 -146.0 -171.0 -179.0 -186.0 
-190.0 -183.0 -175.0 -180.0 -181.0 -167.0 -133.0 
-70.0 4.0 61.0 111.0 187.0 276.0 327.0 
357.0 415.0 490.0 541.0 569.0 609.0 653.0 
678.0 702.0 742.0 775.0 803.0 843.0 891.0 
929.0 966.0 1009.0 1006.0 962.0 930.0 893.0 
812.0 688.0 552.0 400.0 250.0 113.0 -29.0 
-172.0 -303.0 -385.0 -409.0 -405.0 -378.0 -321.0 
-257.0 -183.0 -101.0 -47.0 3.0 72.0 134.0 
179.0 220.0 254.0 261.0 254.0 261.0 254.0 
193.0 130.0 103.0 60.0 -5.0 -38.0 -68.0 
-123.0 -162.0 -175.0 -211.0 -261.0 -295.0 -313.0 
-333.0 -375.0 -400.0 -388.0 -386.0 -426.0 -463.0 
-473.0 -479.0 -471.0 -453.0 -444.0 -424.0 -407.0 
-402.0 -377.0 -326.0 -286.0 -266.0 -232.0 -196.0 
-184.0 -183.0 -189.0 -225.0 -258.0 -256.0 -256.0 
-275.0 -280.0 -275.0 -257.0 -186.0 -77.0 11.0 
89.0 201.0 319.0 407.0 477.0 552.0 628.0 
684.0 712.0 729.0 746.0 757.0 753.0 739.0 
727.0 716.0 687.0 669.0 667.0 650.0 617.0 
587.0 558.0 515.0 443.0 351.0 270.0 187.0 
73.0 -55.0 -169.0 -258.0 -321.0 -376.0 -443.0 
-508.0 -542.0 -558.0 -573.0 -565.0 -524.0 -472.0 
-423.0 -360.0 -273.0 -181.0 -115.0 -51.0 52.0 
171.0 261.0 329.0 394.0 432.0 429.0 419.0 
412.0 381.0 329.0 266.0 180.0 72.0 -37.0 
-129.0 -176.0 -201.0 -253.0 -312.0 -345.0 -379.0 
-410.0 -407.0 -379.0 -348.0 -307.0 -274.0 -267.0 
-252.0 -205.0 -158.0 -150.0 -183.0 -229.0 -260.0 
-276.0 -294.0 -331.0 -373.0 -392.0 -407.0 -422.0 
-413.0 -389.0 -379.0 -351.0 -270.0 -200.0 -180.0 
-147.0 -79.0 -10.0 41.0 79.0 113.0 127.0 
125.0 138.0 140.0 112.0 92.0 77.0 47.0 
1.0 -33.0 -51.0 -76.0 -92.0 -63.0 -25.0 
-8.0 29.0 112.0 199.0 256.0 309.0 381.0 
456.0 532.0 624.0 695.0 709.0 700.0 715.0 
735.0 719.0 688.0 663.0 622.0 574.0 554.0 
543.0 505.0 466.0 445.0 405.0 352.0 327.0 
317.0 272.0 223.0 188.0 121.0 36.0 -22.0 
-73.0 -132.0 -198.0 -252.0 -277.0 -287.0 -290.0 
-286.0 -275.0 -240.0 -173.0 -112.0 -73.0 -20.0 
50.0 113.0 165.0 210.0 247.0 279.0 307.0 
324.0 314.0 306.0 311.0 267.0 188.0 143.0 
124.0 77.0 0.0 -63.0 -105.0 -146.0 -170.0 
-196.0 -242.0 -273.0 -283.0 -310.0 -353.0 -380.0 
-426.0 -497.0 -567.0 -631.0 -699.0 -777.0 -840.0 
-886.0 -917.0 -918.0 -874.0 -811.0 -746.0 -673.0 
-580.0 -480.0 -372.0 -259.0 -148.0 -40.0 56.0 
131.0 190.0 242.0 287.0 306.0 307.0 306.0 
304.0 284.0 258.0 243.0 242.0 259.0 287.0 
301.0 309.0 326.0 367.0 422.0 461.0 483.0 
504.0 512.0 501.0 487.0 465.0 434.0 412.0 
383.0 342.0 321.0 317.0 323.0 328.0 337.0 
360.0 390.0 411.0 419.0 426.0 437.0 457.0 
492.0 537.0 559.0 556.0 557.0 561.0 526.0 
465.0 423.0 389.0 304.0 189.0 97.0 6.0 
-108.0 -207.0 -283.0 -369.0 -432.0 -463.0 -487.0 
-506.0 -520.0 -536.0 -532.0 -510.0 -480.0 -445.0 
-401.0 -347.0 -287.0 -215.0 -145.0 -74.0 3.0 
72.0 125.0 155.0 175.0 198.0 207.0 191.0 
171.0 140.0 82.0 33.0 -6.0 -70.0 -141.0 
-206.0 -281.0 -357.0 -416.0 -452.0 -475.0 -506.0 
-517.0 -482.0 -439.0 -426.0 -407.0 -327.0 -228.0 
-148.0 -67.0 21.0 91.0 147.0 219.0 290.0 
322.0 327.0 336.0 351.0 351.0 326.0 285.0 
249.0 213.0 168.0 132.0 105.0 79.0 67.0 
70.0 67.0 55.0 54.0 62.0 48.0 21.0 
0.0 -30.0 -69.0 -118.0 -169.0 -217.0 -287.0 
-395.0 -498.0 -588.0 -666.0 -723.0 -769.0 -795.0 
-786.0 -734.0 -656.0 -580.0 -491.0 -377.0 -254.0 
-130.0 -23.0 46.0 98.0 158.0 213.0 250.0 
269.0 259.0 230.0 217.0 217.0 191.0 155.0 
127.0 97.0 58.0 30.0 27.0 35.0 43.0 
65.0 97.0 114.0 121.0 132.0 145.0 181.0 
230.0 259.0 282.0 313.0 355.0 400.0 422.0 
414.0 405.0 414.0 412.0 378.0 315.0 262.0 
232.0 188.0 131.0 87.0 63.0 43.0 25.0 
29.0 60.0 97.0 120.0 156.0 223.0 284.0 
319.0 360.0 417.0 448.0 440.0 427.0 415.0 
395.0 364.0 308.0 236.0 179.0 137.0 100.0 
81.0 86.0 105.0 115.0 124.0 162.0 216.0 
257.0 292.0 297.0 265.0 222.0 187.0 152.0 
107.0 48.0 -31.0 -127.0 -219.0 -261.0 -284.0 
-338.0 -384.0 -400.0 -406.0 -409.0 -410.0 -398.0 
-373.0 -350.0 -335.0 -314.0 -298.0 -300.0 -314.0 
-323.0 -309.0 -289.0 -296.0 -320.0 -329.0 -325.0 
-325.0 -320.0 -304.0 -293.0 -280.0 -233.0 -180.0 
-159.0 -156.0 -139.0 -108.0 -63.0 17.0 87.0 
109.0 123.0 158.0 191.0 203.0 209.0 208.0 
171.0 119.0 85.0 50.0 18.0 -17.0 -63.0 
-115.0 -182.0 -235.0 -241.0 -227.0 -216.0 -217.0 
-226.0 -200.0 -133.0 -74.0 -39.0 0.0 45.0 
85.0 126.0 161.0 192.0 229.0 265.0 279.0 
282.0 301.0 330.0 330.0 308.0 272.0 225.0 
188.0 151.0 70.0 -14.0 -44.0 -56.0 -107.0 
-167.0 -185.0 -204.0 -266.0 -322.0 -339.0 -357.0 
-406.0 -465.0 -493.0 -490.0 -504.0 -530.0 -521.0 
-490.0 -475.0 -466.0 -435.0 -384.0 -336.0 -269.0 
-183.0 -116.0 -64.0 -1.0 84.0 176.0 267.0 
363.0 454.0 552.0 649.0 735.0 820.0 901.0 
967.0 988.0 971.0 945.0 893.0 792.0 681.0 
570.0 441.0 318.0 196.0 51.0 -79.0 -171.0 
-231.0 -264.0 -275.0 -264.0 -248.0 -216.0 -145.0 
-69.0 -4.0 98.0 230.0 351.0 461.0 542.0 
591.0 631.0 682.0 728.0 728.0 680.0 604.0 
511.0 394.0 272.0 171.0 79.0 -23.0 -137.0 
-259.0 -376.0 -471.0 -537.0 -584.0 -634.0 -671.0 
-655.0 -587.0 -520.0 -479.0 -440.0 -375.0 -286.0 
-203.0 -134.0 -73.0 -36.0 -8.0 3.0 -42.0 
-136.0 -235.0 -348.0 -478.0 -613.0 -754.0 -911.0 
-1066.0 -1198.0 -1297.0 -1348.0 -1355.0 -1331.0 -1288.0 
-1219.0 -1120.0 -980.0 -814.0 -645.0 -486.0 -338.0 
-187.0 -40.0 102.0 233.0 351.0 462.0 551.0 
627.0 707.0 775.0 821.0 856.0 877.0 865.0 
825.0 766.0 689.0 613.0 558.0 517.0 472.0 
406.0 345.0 312.0 294.0 295.0 339.0 399.0 
442.0 484.0 537.0 588.0 623.0 637.0 639.0 
628.0 587.0 523.0 482.0 467.0 433.0 390.0 
362.0 335.0 304.0 279.0 256.0 247.0 251.0 
220.0 170.0 131.0 87.0 39.0 4.0 -20.0 
-53.0 -105.0 -199.0 -322.0 -404.0 -440.0 -485.0 
-531.0 -552.0 -561.0 -550.0 -498.0 -413.0 -329.0 
-262.0 -191.0 -97.0 10.0 112.0 199.0 281.0 
356.0 419.0 441.0 409.0 378.0 377.0 363.0 
315.0 248.0 180.0 119.0 71.0 51.0 53.0 
295.0 1216.0 2027.0 673.0 -2020.0 -1212.0 2529.0 
1552.0 -2639.0 -2264.0 406.0 356.0 -885.0 -1716.0 
-617.0 1824.0 883.0 -3090.0 -3168.0 958.0 1140.0 
-2630.0 -2914.0 -698.0 -670.0 -1227.0 -874.0 -475.0 
-523.0 -1256.0 -1827.0 -808.0 222.0 -32.0 -855.0 
-1319.0 -63.0 205.0 -703.0 1223.0 2694.0 -200.0 
-1383.0 1889.0 1868.0 -440.0 261.0 1398.0 235.0 
652.0 2517.0 1666.0 -872.0 -997.0 1591.0 2088.0 
-593.0 -1129.0 1316.0 1887.0 -85.0 -5.0 1429.0 
-395.0 -1871.0 717.0 2492.0 1144.0 366.0 1226.0 
714.0 -774.0 -410.0 1259.0 1629.0 -55.0 -1547.0 
-1332.0 -426.0 550.0 1716.0 1592.0 -35.0 -483.0 
920.0 1646.0 665.0 -653.0 -973.0 -301.0 453.0 
338.0 -511.0 -580.0 111.0 19.0 -44.0 662.0 
336.0 -1011.0 -1732.0 -1417.0 -967.0 -890.0 -944.0 
-776.0 -781.0 -490.0 -442.0 -1671.0 -2010.0 -291.0 
1093.0 207.0 -929.0 -658.0 -545.0 -344.0 210.0 
51.0 -834.0 -821.0 -104.0 -948.0 -1761.0 -995.0 
-59.0 -295.0 -741.0 541.0 1778.0 835.0 747.0 
3035.0 3621.0 1042.0 -1265.0 -1384.0 339.0 2814.0 
2574.0 -146.0 -231.0 2184.0 1955.0 -320.0 -666.0 
125.0 334.0 -595.0 -3113.0 -4077.0 -1370.0 849.0 
1086.0 1450.0 220.0 -1370.0 -346.0 728.0 930.0 
2060.0 1541.0 -1795.0 -3140.0 -786.0 935.0 1907.0 
2712.0 384.0 -1989.0 -718.0 -457.0 -1980.0 -1353.0 
-837.0 -2733.0 -2389.0 1918.0 4057.0 554.0 -2673.0 
-270.0 3126.0 1429.0 -3098.0 -3700.0 269.0 931.0 
-2177.0 -2016.0 1017.0 1989.0 608.0 278.0 913.0 
687.0 776.0 1251.0 171.0 -2127.0 -2609.0 493.0 
3172.0 1057.0 -1092.0 1449.0 3271.0 -243.0 -2775.0 
166.0 3258.0 1098.0 -2436.0 -3092.0 -1420.0 775.0 
1259.0 -658.0 -610.0 2094.0 2535.0 -811.0 -3290.0 
-636.0 3098.0 2517.0 152.0 -64.0 705.0 642.0 
163.0 332.0 1220.0 714.0 -741.0 -983.0 1487.0 
2245.0 20.0 -1199.0 -1256.0 -593.0 1684.0 3536.0 
3084.0 2085.0 1610.0 604.0 -612.0 -1114.0 -1301.0 
-2081.0 -2469.0 -2041.0 -1018.0 589.0 691.0 -35.0 
569.0 1175.0 -299.0 -3158.0 -2215.0 2020.0 2644.0 
-1272.0 -4318.0 -2821.0 770.0 2199.0 143.0 -2535.0 
-2090.0 -1177.0 -1865.0 -270.0 3238.0 2152.0 -2543.0 
-1853.0 2477.0 116.0 -4455.0 -1604.0 2210.0 -439.0 
-3111.0 -351.0 2423.0 494.0 42.0 2938.0 2950.0 
1331.0 1989.0 916.0 -2031.0 -1259.0 1183.0 -246.0 
-1950.0 -119.0 1445.0 777.0 810.0 1487.0 340.0 
-2451.0 -3328.0 -1258.0 156.0 -577.0 -779.0 176.0 
630.0 7.0 -862.0 -64.0 1920.0 2200.0 -468.0 
-2498.0 -1989.0 20.0 951.0 -797.0 -2437.0 -1131.0 
1113.0 1814.0 1357.0 1070.0 -463.0 -1968.0 -1196.0 
276.0 858.0 1194.0 1474.0 901.0 -172.0 -1395.0 
-1233.0 1855.0 3696.0 952.0 -512.0 563.0 -615.0 
-746.0 765.0 -213.0 -1908.0 -1005.0 80.0 1170.0 
2741.0 2327.0 684.0 -510.0 -367.0 2129.0 4592.0 
3369.0 -1892.0 -3808.0 -20.0 1907.0 736.0 65.0 
-439.0 -293.0 740.0 246.0 -523.0 -134.0 -903.0 
-1995.0 -788.0 130.0 -29.0 383.0 1256.0 1518.0 
1985.0 1921.0 -923.0 -2429.0 -107.0 1231.0 -813.0 
-3860.0 -4848.0 -2341.0 2201.0 4110.0 1981.0 -1698.0 
-3548.0 -1552.0 1846.0 2829.0 1243.0 -550.0 -658.0 
1048.0 2466.0 944.0 -1801.0 -891.0 1103.0 -370.0 
-2237.0 -1544.0 -613.0 -1508.0 -1363.0 98.0 202.0 
-1506.0 -2708.0 -1287.0 1761.0 1605.0 -799.0 -1094.0 
571.0 1251.0 448.0 -877.0 -1517.0 -762.0 685.0 
877.0 992.0 2558.0 4368.0 3050.0 -2248.0 -4378.0 
939.0 5954.0 6586.0 8429.0 13652.0 16877.0 17547.0 
18790.0 18410.0 12162.0 -441.0 -14736.0 -24898.0 -27092.0 
-21683.0 -14446.0 -9854.0 -10575.0 -13118.0 -7483.0 8235.0 
22023.0 21104.0 8303.0 -3239.0 -8056.0 -9388.0 -9419.0 
-10372.0 -13128.0 -13176.0 -7928.0 -983.0 6646.0 13923.0 
12918.0 2887.0 -6141.0 -9495.0 -8193.0 -3881.0 57.0 
-172.0 -993.0 2772.0 6437.0 5432.0 4534.0 9185.0 
14426.0 11382.0 -491.0 -9093.0 -6956.0 -1445.0 -1801.0 
-4539.0 -2456.0 4434.0 12546.0 17963.0 19655.0 17726.0 
10368.0 1098.0 -3991.0 -8174.0 -17856.0 -30788.0 -39626.0 
-40153.0 -28775.0 -4965.0 18152.0 26656.0 21774.0 17228.0 
20496.0 27684.0 33404.0 29245.0 11983.0 -5782.0 -13293.0 
-12965.0 -12925.0 -20174.0 -26873.0 -21252.0 -12553.0 -9334.0 
-5453.0 -8368.0 -16743.0 -17957.0 -17608.0 -18024.0 -12496.0 
1567.0 22204.0 29713.0 11598.0 -6691.0 -734.0 11328.0 
7661.0 -1277.0 2021.0 4402.0 -3324.0 -3659.0 5144.0 
6450.0 7340.0 13720.0 17344.0 19806.0 24285.0 22093.0 
6595.0 -12957.0 -24860.0 -33472.0 -37276.0 -27694.0 -8845.0 
16076.0 35183.0 29635.0 7457.0 -2672.0 -8.0 -909.0 
1267.0 15495.0 30814.0 27521.0 6984.0 -12047.0 -22609.0 
-23350.0 -20699.0 -15273.0 -198.0 19457.0 27995.0 20405.0 
6642.0 -3954.0 -7171.0 -5779.0 -1837.0 1025.0 -317.0 
-4162.0 -7756.0 -5384.0 2312.0 1566.0 -8352.0 -19064.0 
-22042.0 -15342.0 -6142.0 5409.0 15444.0 13264.0 -4063.0 
-15167.0 -9857.0 -3544.0 -2596.0 -5315.0 -1515.0 10827.0 
13151.0 4901.0 3618.0 8007.0 6054.0 3103.0 7695.0 
9350.0 -632.0 -5870.0 3506.0 4459.0 -10816.0 -18145.0 
-9908.0 -3644.0 -11117.0 -16479.0 -6199.0 3379.0 1107.0 
-3458.0 -1320.0 4850.0 6420.0 3644.0 2216.0 1917.0 
2852.0 5646.0 6957.0 6894.0 3255.0 -2634.0 -5071.0 
-2388.0 8673.0 21614.0 25617.0 17779.0 7089.0 -1847.0 
-11309.0 -12201.0 -5032.0 -4251.0 -9669.0 -9718.0 -3516.0 
1757.0 -35.0 -6613.0 -6528.0 140.0 3815.0 3515.0 
5992.0 9661.0 4534.0 -4823.0 -8069.0 -8591.0 -10022.0 
-8846.0 -8127.0 -7195.0 -3623.0 -667.0 1995.0 2575.0 
81.0 2563.0 7417.0 6828.0 1596.0 -700.0 664.0 
-3968.0 -8059.0 116.0 9969.0 6483.0 -3071.0 -2606.0 
-207.0 -6742.0 -4717.0 11788.0 13760.0 -7711.0 -22151.0 
-18911.0 -14158.0 -10962.0 -915.0 14529.0 22012.0 16199.0 
12560.0 15639.0 14827.0 9079.0 3576.0 -1404.0 -6613.0 
-10297.0 -5589.0 5753.0 8828.0 -1334.0 -10749.0 -7371.0 
3890.0 8717.0 7986.0 5787.0 -3044.0 -10823.0 -9925.0 
-6801.0 -5824.0 -7858.0 -7787.0 1849.0 10590.0 5871.0 
-1729.0 220.0 4188.0 2652.0 2818.0 1604.0 -4437.0 
-6211.0 -1533.0 4440.0 8600.0 10565.0 9385.0 6589.0 
8304.0 13102.0 8864.0 -3108.0 -6678.0 -2447.0 -1972.0 
-2826.0 -808.0 -3336.0 -10071.0 -12617.0 -11571.0 -6679.0 
3241.0 9156.0 8928.0 10292.0 7906.0 -1866.0 -5850.0 
-2928.0 -1576.0 -2327.0 -2101.0 4061.0 7940.0 6.0 
-5637.0 -2713.0 -6420.0 -12724.0 -3610.0 5734.0 -2533.0 
-12303.0 -8960.0 -2853.0 -4265.0 -7239.0 -4013.0 1774.0 
226.0 -3996.0 -615.0 2699.0 2370.0 7387.0 10038.0 
-338.0 -11204.0 -5512.0 6102.0 4014.0 -3745.0 -888.0 
4846.0 4143.0 4889.0 12338.0 15590.0 6791.0 -1020.0 
4148.0 10253.0 4308.0 -4934.0 -11463.0 -14232.0 -8097.0 
-1285.0 -1291.0 -1645.0 -2395.0 -7569.0 -7342.0 -2118.0 
-824.0 -765.0 652.0 3370.0 5652.0 3533.0 -1390.0 
-8791.0 -12593.0 -423.0 20422.0 26390.0 12872.0 -3281.0 
-14668.0 -19642.0 -15386.0 -8613.0 -3297.0 2564.0 6769.0 
8381.0 9177.0 8666.0 3820.0 -4438.0 -10152.0 -7918.0 
-314.0 6370.0 13181.0 19168.0 14574.0 2255.0 -5335.0 
-8151.0 -8237.0 -5778.0 -3480.0 -1749.0 2224.0 7303.0 
7671.0 4680.0 320.0 -7176.0 -9706.0 -1373.0 7556.0 
7699.0 2080.0 -3381.0 -3484.0 2788.0 3721.0 -3156.0 
-4601.0 -3076.0 -5830.0 -6782.0 -3576.0 -455.0 450.0 
-4598.0 -12218.0 -10672.0 -1127.0 3962.0 4987.0 9982.0 
13654.0 10718.0 5682.0 1787.0 -1489.0 -2691.0 561.0 
5407.0 5456.0 -261.0 -5556.0 -5956.0 -4191.0 -1155.0 
3930.0 4814.0 -2050.0 -9620.0 -11740.0 -11682.0 -12552.0 
-7357.0 4014.0 9736.0 4077.0 -2567.0 1272.0 9760.0 
13333.0 11614.0 4809.0 -5671.0 -10403.0 -4999.0 -14.0 
-781.0 50.0 3187.0 1474.0 -3144.0 -3244.0 2634.0 
6064.0 -25.0 -5118.0 -1765.0 3152.0 6446.0 7808.0 
7598.0 4310.0 -65.0 -246.0 1509.0 -328.0 -5132.0 
-10398.0 -14029.0 -12300.0 -6411.0 -2479.0 -3245.0 -4694.0 
-2163.0 4732.0 12406.0 13571.0 8945.0 7857.0 9674.0 
6664.0 1874.0 658.0 299.0 -450.0 -758.0 -1968.0 
-3443.0 -3155.0 -4280.0 -8061.0 -10969.0 -10875.0 -6794.0 
603.0 3611.0 -3630.0 -10884.0 -8055.0 -2136.0 -772.0 
1227.0 7637.0 12114.0 8529.0 4495.0 8663.0 11301.0 
3886.0 -1770.0 3531.0 8210.0 2502.0 -5373.0 -6214.0 
-2178.0 905.0 -980.0 -5099.0 -5728.0 -5896.0 -6261.0 
-1849.0 2641.0 1999.0 -1418.0 -6650.0 -10433.0 -8430.0 
-2692.0 5375.0 12194.0 9328.0 1631.0 279.0 1707.0 
512.0 -1677.0 -4982.0 -8549.0 -7212.0 1107.0 9337.0 
10058.0 5213.0 83.0 -1896.0 629.0 2695.0 669.0 
-826.0 2653.0 9418.0 8992.0 -1490.0 -7146.0 -2878.0 
435.0 131.0 1805.0 4890.0 5455.0 2616.0 -789.0 
-3234.0 -6660.0 -7024.0 -2863.0 -3294.0 -7302.0 -6247.0 
-1800.0 147.0 -2448.0 -4877.0 -846.0 5569.0 7111.0 
7453.0 8097.0 4110.0 -863.0 -51.0 2090.0 -2078.0 
-5483.0 -255.0 5327.0 5612.0 2695.0 -2586.0 -5842.0 
-6019.0 -7100.0 -7208.0 -4104.0 -2951.0 -5457.0 -5864.0 
-1755.0 4296.0 9550.0 9861.0 5047.0 473.0 -144.0 
1952.0 3388.0 1513.0 -3599.0 -4692.0 -685.0 1850.0 
2004.0 -516.0 -4147.0 -3968.0 -2598.0 -2370.0 -1790.0 
-1581.0 -1173.0 -399.0 -491.0 -1612.0 -2422.0 -1874.0 
-734.0 476.0 2018.0 3119.0 3350.0 2005.0 -30.0 
-2038.0 -4201.0 -4187.0 -1305.0 638.0 866.0 2138.0 
3658.0 3703.0 3650.0 2841.0 654.0 -1519.0 -3245.0 
-2503.0 1655.0 4207.0 2277.0 715.0 2156.0 2875.0 
1081.0 411.0 3374.0 6031.0 4325.0 874.0 973.0 
3389.0 4349.0 3195.0 30.0 -3265.0 -2558.0 1240.0 
699.0 -3406.0 -4085.0 -2656.0 -2772.0 -1816.0 -1884.0 
-5726.0 -7068.0 -3808.0 1213.0 5827.0 7112.0 4627.0 
1822.0 515.0 777.0 1412.0 -323.0 -1349.0 1482.0 
5546.0 7201.0 4578.0 309.0 -3793.0 -7984.0 -8704.0 
-4094.0 1753.0 3663.0 1388.0 -1329.0 -3041.0 -3863.0 
-2615.0 -1069.0 -2774.0 -5507.0 -5149.0 -1516.0 4124.0 
7674.0 5186.0 220.0 -1300.0 138.0 185.0 -401.0 
-586.0 -1976.0 -2576.0 -1213.0 -595.0 -453.0 518.0 
2235.0 4621.0 4723.0 1702.0 -554.0 458.0 2249.0 
2094.0 -304.0 -2990.0 -2317.0 -954.0 -3067.0 -5355.0 
-4537.0 -1611.0 56.0 -598.0 -1180.0 -1118.0 -2142.0 
-3027.0 -1596.0 306.0 1551.0 2949.0 2121.0 -1176.0 
-2608.0 -2240.0 -1856.0 -838.0 -7.0 567.0 2082.0 
3360.0 2362.0 -51.0 -1147.0 1584.0 5090.0 4441.0 
1334.0 -1135.0 -2724.0 -3371.0 -1945.0 -316.0 -1645.0 
-3734.0 -3312.0 -1367.0 1047.0 3598.0 3405.0 73.0 
-1471.0 755.0 3722.0 4815.0 2184.0 -2458.0 -3808.0 
-1279.0 1085.0 976.0 -908.0 -2030.0 -1485.0 -595.0 
-953.0 -1299.0 1604.0 5657.0 7137.0 6791.0 5927.0 
5341.0 5575.0 4324.0 1322.0 -1723.0 -5034.0 -7166.0 
-7292.0 -7428.0 -6499.0 -3078.0 -1256.0 -2952.0 -3421.0 
-1485.0 656.0 2007.0 3310.0 5142.0 6549.0 7046.0 
5828.0 3314.0 349.0 -2597.0 -1397.0 2917.0 2806.0 
-1781.0 -4269.0 -2522.0 -765.0 -1759.0 -3577.0 -2851.0 
-609.0 -169.0 -1240.0 -2055.0 -2921.0 -2953.0 -1091.0 
535.0 1018.0 2293.0 3592.0 1627.0 -2379.0 -3165.0 
-175.0 2132.0 1914.0 975.0 1006.0 1862.0 2917.0 
3602.0 4088.0 4689.0 4041.0 1600.0 501.0 2537.0 
4451.0 3222.0 -545.0 -4241.0 -5062.0 -3388.0 -1260.0 
-676.0 -1071.0 -797.0 -843.0 -1997.0 -3429.0 -4114.0 
-3925.0 -3608.0 -3593.0 -4336.0 -5304.0 -5615.0 -4056.0 
478.0 5676.0 7260.0 4114.0 -666.0 -2760.0 -778.0 
2497.0 2909.0 585.0 -1532.0 -3194.0 -3133.0 -399.0 
2372.0 4318.0 5884.0 6214.0 5012.0 2297.0 -160.0 
-293.0 -222.0 -2552.0 -5695.0 -5357.0 -935.0 2736.0 
2568.0 -450.0 -2681.0 -1184.0 757.0 -558.0 -2356.0 
-2319.0 -2659.0 -3775.0 -1930.0 1887.0 3880.0 4138.0 
4274.0 4015.0 2949.0 2150.0 2457.0 2414.0 641.0 
-254.0 504.0 1329.0 897.0 -967.0 -1848.0 -1388.0 
-2088.0 -2299.0 -131.0 1985.0 1556.0 -698.0 -2699.0 
-3751.0 -3198.0 -1068.0 734.0 675.0 -523.0 -342.0 
1404.0 2591.0 2974.0 1789.0 -666.0 -1750.0 -1834.0 
-1232.0 724.0 1657.0 1054.0 1144.0 1577.0 1150.0 
206.0 -1449.0 -2828.0 -3728.0 -5925.0 -7077.0 -4468.0 
-1147.0 313.0 642.0 850.0 1167.0 895.0 841.0 
1267.0 220.0 -1956.0 -2611.0 -1279.0 230.0 194.0 
-491.0 334.0 2377.0 4002.0 4309.0 3960.0 3579.0 
2290.0 781.0 1170.0 2133.0 1810.0 1684.0 2286.0 
1986.0 1734.0 2476.0 2241.0 1374.0 816.0 -921.0 
-2880.0 -2648.0 -1551.0 -1310.0 -1229.0 -1311.0 -2282.0 
-3194.0 -3254.0 -2435.0 -1365.0 -1059.0 -1594.0 -2318.0 
-1375.0 1466.0 2777.0 1575.0 145.0 -749.0 -771.0 
-688.0 -1411.0 -1648.0 -1451.0 -2014.0 -1680.0 504.0 
915.0 -698.0 -370.0 1353.0 1866.0 1580.0 407.0 
-1432.0 -2286.0 -2761.0 -3373.0 -3016.0 -1299.0 459.0 
1859.0 3940.0 5131.0 3795.0 2325.0 1631.0 487.0 
-731.0 -510.0 607.0 123.0 -1531.0 -984.0 1457.0 
2389.0 983.0 -591.0 -212.0 601.0 834.0 1387.0 
1625.0 849.0 337.0 521.0 -449.0 -2406.0 -2831.0 
-2309.0 -2130.0 -1279.0 59.0 550.0 334.0 -77.0 
-170.0 1042.0 2738.0 2809.0 1787.0 2272.0 3489.0 
2425.0 138.0 -771.0 -584.0 -670.0 -1690.0 -3070.0 
-3123.0 -1637.0 -836.0 -1970.0 -2939.0 -1690.0 -622.0 
-2024.0 -3153.0 -1521.0 483.0 326.0 -18.0 1451.0 
2690.0 2161.0 1921.0 2962.0 3095.0 1630.0 1596.0 
3772.0 5009.0 4750.0 4438.0 3483.0 1528.0 222.0 
782.0 1003.0 -1131.0 -3420.0 -3578.0 -2339.0 -1181.0 
-634.0 -536.0 -118.0 519.0 616.0 274.0 -457.0 
-1332.0 -1166.0 -1057.0 -2790.0 -4187.0 -3836.0 -3495.0 
-3903.0 -4144.0 -2835.0 -821.0 -436.0 -558.0 1386.0 
3912.0 4255.0 3324.0 2924.0 1946.0 -264.0 -1657.0 
-1910.0 -2199.0 -2591.0 -3153.0 -3269.0 -2695.0 -2417.0 
-1783.0 -156.0 869.0 763.0 1402.0 2976.0 3448.0 
2114.0 162.0 -532.0 -354.0 -915.0 -1633.0 -877.0 
737.0 1269.0 279.0 -944.0 -859.0 101.0 997.0 
2072.0 2744.0 1920.0 553.0 18.0 -561.0 -1648.0 
-1563.0 243.0 1616.0 1362.0 1038.0 1592.0 2084.0 
1820.0 996.0 831.0 2182.0 3526.0 3707.0 3167.0 
1884.0 301.0 -156.0 517.0 1102.0 748.0 -619.0 
-1777.0 -1741.0 -1880.0 -3031.0 -3344.0 -2462.0 -2511.0 
-3194.0 -2511.0 -1418.0 -1493.0 -1803.0 -1027.0 288.0 
672.0 101.0 -124.0 503.0 1678.0 2937.0 3199.0 
2015.0 837.0 855.0 1373.0 1674.0 1477.0 774.0 
183.0 82.0 443.0 348.0 -614.0 -1048.0 -855.0 
-1231.0 -1618.0 -1356.0 -1525.0 -2345.0 -3008.0 -3890.0 
-4690.0 -4755.0 -4041.0 -2009.0 850.0 2672.0 2884.0 
2100.0 1287.0 1262.0 1286.0 323.0 -1117.0 -1686.0 
-1683.0 -1993.0 -2016.0 -1589.0 -1500.0 -1602.0 -1052.0 
-223.0 -38.0 -124.0 704.0 1812.0 1813.0 1292.0 
1472.0 1964.0 2066.0 2435.0 3300.0 3589.0 3564.0 
4283.0 5059.0 4535.0 3207.0 1535.0 -784.0 -2053.0 
-431.0 1968.0 2028.0 431.0 -520.0 -250.0 271.0 
-287.0 -1638.0 -2381.0 -2697.0 -3024.0 -2369.0 -438.0 
956.0 691.0 -309.0 -1081.0 -1716.0 -2392.0 -2814.0 
-2329.0 -1344.0 -996.0 -950.0 -662.0 -522.0 -425.0 
297.0 1417.0 2216.0 2442.0 2730.0 2851.0 1600.0 
-131.0 -848.0 -1599.0 -2963.0 -3606.0 -3707.0 -4195.0 
-3990.0 -2238.0 -243.0 340.0 -326.0 -178.0 1397.0 
2636.0 3289.0 4497.0 5629.0 5695.0 5085.0 4643.0 
4064.0 2625.0 769.0 -803.0 -2060.0 -3241.0 -3820.0 
-3550.0 -3126.0 -2328.0 -918.0 -6.0 242.0 385.0 
535.0 1329.0 2246.0 2253.0 1789.0 1330.0 942.0 
682.0 82.0 -1154.0 -2643.0 -3617.0 -3191.0 -1876.0 
-1422.0 -1833.0 -1847.0 -1247.0 -954.0 -1232.0 -1143.0 
-483.0 83.0 418.0 394.0 -384.0 -1839.0 -2634.0 
-1858.0 -332.0 774.0 1156.0 1511.0 2224.0 2737.0 
2764.0 2326.0 1351.0 242.0 -573.0 -690.0 -123.0 
84.0 -401.0 -418.0 686.0 2040.0 2487.0 1779.0 
966.0 1070.0 1190.0 112.0 -1157.0 -1783.0 -2938.0 
-4322.0 -3828.0 -1697.0 -34.0 526.0 730.0 1125.0 
1663.0 1918.0 1718.0 1086.0 170.0 -707.0 -1502.0 
-2157.0 -2717.0 -2962.0 -2336.0 -1411.0 -886.0 71.0 
1856.0 3581.0 4705.0 5464.0 5703.0 4797.0 2816.0 
1007.0 239.0 -161.0 -539.0 -678.0 -975.0 -1572.0 
-2066.0 -2085.0 -1596.0 -1124.0 -1148.0 -1393.0 -1139.0 
-210.0 1106.0 2074.0 2155.0 1904.0 2144.0 2431.0 
1744.0 260.0 -810.0 -863.0 -698.0 -1329.0 -2256.0 
-2610.0 -2618.0 -2633.0 -2476.0 -2097.0 -1680.0 -1074.0 
-635.0 -682.0 -474.0 -188.0 -420.0 -563.0 -340.0 
-20.0 201.0 92.0 -112.0 -104.0 -82.0 -161.0 
-85.0 370.0 1155.0 1831.0 2157.0 2273.0 2014.0 
1461.0 739.0 -477.0 -1792.0 -2254.0 -1783.0 -545.0 
813.0 1350.0 1348.0 1697.0 2188.0 2008.0 1282.0 
537.0 -284.0 -1056.0 -1088.0 -699.0 -761.0 -668.0 
-325.0 -789.0 -1562.0 -1599.0 -1008.0 -445.0 -5.0 
684.0 1353.0 1592.0 1464.0 1148.0 934.0 1085.0 
1691.0 2554.0 2928.0 2632.0 2175.0 1420.0 274.0 
-620.0 -816.0 -499.0 -322.0 -532.0 -471.0 -446.0 
-1091.0 -1798.0 -1815.0 -1132.0 -301.0 284.0 517.0 
578.0 647.0 766.0 599.0 -442.0 -2103.0 -3402.0 
-4042.0 -4383.0 -4205.0 -3259.0 -2297.0 -1913.0 -1504.0 
-893.0 -592.0 -351.0 32.0 159.0 311.0 936.0 
1700.0 2028.0 1884.0 1709.0 1764.0 1761.0 1553.0 
1523.0 2014.0 2750.0 2691.0 1679.0 527.0 -433.0 
-888.0 -544.0 167.0 741.0 1433.0 2155.0 2266.0 
1760.0 795.0 -363.0 -1217.0 -1497.0 -1242.0 -628.0 
-216.0 -681.0 -1464.0 -1298.0 -767.0 -1260.0 -2271.0 
-2472.0 -1950.0 -1461.0 -994.0 -539.0 -531.0 -773.0 
-581.0 -207.0 112.0 727.0 1404.0 1824.0 2005.0 
2075.0 2142.0 2359.0 2841.0 3427.0 3747.0 3484.0 
2844.0 2276.0 1673.0 865.0 -19.0 -942.0 -1583.0 
-1670.0 -1690.0 -2012.0 -2315.0 -2209.0 -1725.0 -1120.0 
-501.0 -287.0 -841.0 -1578.0 -1719.0 -1394.0 -1152.0 
-725.0 130.0 686.0 591.0 403.0 386.0 459.0 
496.0 333.0 172.0 263.0 548.0 710.0 557.0 
218.0 -32.0 -149.0 -791.0 -1893.0 -2491.0 -2613.0 
-2808.0 -3025.0 -3061.0 -2908.0 -2346.0 -1507.0 -909.0 
-264.0 728.0 1533.0 2070.0 2643.0 2949.0 2933.0 
2742.0 2233.0 1565.0 889.0 96.0 -278.0 78.0 
463.0 730.0 956.0 903.0 626.0 465.0 806.0 
1392.0 1434.0 1020.0 824.0 736.0 119.0 -961.0 
-1761.0 -1905.0 -1536.0 -1139.0 -1066.0 -997.0 -637.0 
-162.0 302.0 602.0 586.0 189.0 -426.0 -954.0 
-1139.0 -1010.0 -848.0 -683.0 -332.0 228.0 964.0 
1620.0 1784.0 1361.0 484.0 -457.0 -953.0 -746.0 
38.0 973.0 1649.0 1965.0 2160.0 2518.0 2935.0 
2796.0 1991.0 1120.0 229.0 -737.0 -1275.0 -1406.0 
-1723.0 -2134.0 -2097.0 -1615.0 -1138.0 -804.0 -658.0 
-831.0 -1163.0 -1416.0 -1361.0 -865.0 -473.0 -487.0 
-318.0 321.0 1039.0 1501.0 1794.0 1769.0 1292.0 
1027.0 821.0 174.0 -512.0 -912.0 -1019.0 -829.0 
-623.0 -642.0 -912.0 -1410.0 -1726.0 -1624.0 -1493.0 
-1441.0 -1249.0 -1147.0 -1357.0 -1544.0 -1448.0 -1151.0 
-830.0 -564.0 -110.0 544.0 1001.0 1050.0 811.0 
325.0 -74.0 -199.0 -217.0 118.0 753.0 1397.0 
2041.0 2564.0 2842.0 2742.0 2104.0 1346.0 990.0 
649.0 -120.0 -862.0 -1031.0 -991.0 -1272.0 -1532.0 
-1380.0 -1193.0 -1406.0 -1663.0 -1513.0 -1284.0 -1241.0 
-1170.0 -862.0 -274.0 504.0 1485.0 2623.0 3629.0 
4359.0 4687.0 4496.0 4037.0 3383.0 2547.0 1809.0 
1185.0 577.0 194.0 17.0 -94.0 -107.0 -47.0 
55.0 264.0 434.0 166.0 -437.0 -1112.0 -1936.0 
-2549.0 -2572.0 -2206.0 -1844.0 -1723.0 -1749.0 -1759.0 
-1681.0 -1343.0 -917.0 -889.0 -867.0 -349.0 149.0 
372.0 573.0 733.0 754.0 612.0 326.0 121.0 
-172.0 -714.0 -1223.0 -1502.0 -1541.0 -1483.0 -1540.0 
-1584.0 -1473.0 -1253.0 -856.0 -337.0 126.0 451.0 
585.0 665.0 754.0 646.0 595.0 752.0 650.0 
347.0 153.0 -60.0 -143.0 133.0 215.0 -59.0 
-196.0 -379.0 -825.0 -1294.0 -1526.0 -1351.0 -1027.0 
-668.0 -281.0 -174.0 -213.0 -47.0 286.0 888.0 
1534.0 1889.0 2066.0 2123.0 2098.0 1934.0 1520.0 
854.0 232.0 8.0 -126.0 -189.0 123.0 461.0 
471.0 200.0 -35.0 -130.0 -99.0 239.0 524.0 
356.0 26.0 -336.0 -745.0 -797.0 -470.0 -162.0 
33.0 35.0 -208.0 -518.0 -670.0 -562.0 -371.0 
-330.0 -182.0 329.0 928.0 1362.0 1495.0 1359.0 
1328.0 1460.0 1576.0 1748.0 1860.0 1606.0 1137.0 
948.0 1046.0 999.0 740.0 604.0 585.0 519.0 
275.0 -233.0 -709.0 -962.0 -1042.0 -999.0 -1123.0 
-1396.0 -1589.0 -1860.0 -2052.0 -1946.0 -1755.0 -1485.0 
-1253.0 -1307.0 -1239.0 -796.0 -360.0 -31.0 329.0 
674.0 844.0 839.0 707.0 442.0 34.0 -489.0 
-937.0 -1121.0 -943.0 -719.0 -908.0 -1221.0 -1228.0 
-1296.0 -1583.0 -1609.0 -1349.0 -1044.0 -888.0 -883.0 
-695.0 -585.0 -990.0 -1209.0 -783.0 -132.0 548.0 
1237.0 1775.0 1942.0 1740.0 1428.0 1176.0 1101.0 
1371.0 1834.0 2166.0 2344.0 2375.0 2106.0 1727.0 
1323.0 761.0 341.0 234.0 156.0 188.0 453.0 
604.0 373.0 -97.0 -506.0 -880.0 -1272.0 -1479.0 
-1369.0 -1182.0 -1036.0 -820.0 -645.0 -553.0 -464.0 
-475.0 -613.0 -660.0 -388.0 -14.0 88.0 -105.0 
-274.0 -141.0 116.0 334.0 657.0 790.0 489.0 
288.0 348.0 419.0 599.0 820.0 825.0 627.0 
497.0 382.0 -8.0 -483.0 -591.0 -367.0 -232.0 
-451.0 -797.0 -831.0 -566.0 -499.0 -696.0 -671.0 
-407.0 -315.0 -431.0 -470.0 -246.0 73.0 113.0 
-108.0 -100.0 210.0 375.0 214.0 11.0 46.0 
228.0 344.0 441.0 429.0 137.0 -291.0 -487.0 
-266.0 17.0 65.0 60.0 300.0 809.0 1259.0 
1340.0 1094.0 862.0 715.0 448.0 151.0 34.0 
-4.0 -117.0 -73.0 266.0 563.0 748.0 1032.0 
1183.0 1120.0 1067.0 974.0 763.0 546.0 367.0 
231.0 10.0 -501.0 -1032.0 -1286.0 -1506.0 -1679.0 
-1537.0 -1385.0 -1494.0 -1609.0 -1729.0 -2169.0 -2767.0 
-2970.0 -2824.0 -2593.0 -2039.0 -1276.0 -684.0 -158.0 
410.0 1006.0 1471.0 1562.0 1406.0 1199.0 930.0 
695.0 556.0 531.0 686.0 818.0 829.0 901.0 
944.0 894.0 975.0 1178.0 1197.0 958.0 708.0 
626.0 597.0 530.0 403.0 70.0 -297.0 -357.0 
-94.0 258.0 306.0 53.0 -20.0 94.0 26.0 
-215.0 -433.0 -564.0 -666.0 -882.0 -1129.0 -1261.0 
-1298.0 -1177.0 -1001.0 -828.0 -398.0 327.0 1023.0 
1402.0 1497.0 1425.0 1231.0 1103.0 1061.0 1029.0 
1157.0 1322.0 1240.0 1037.0 916.0 818.0 584.0 
189.0 -186.0 -410.0 -542.0 -674.0 -697.0 -623.0 
-567.0 -501.0 -287.0 -52.0 -48.0 -147.0 -269.0 
-476.0 -697.0 -854.0 -912.0 -934.0 -891.0 -705.0 
-467.0 -259.0 -82.0 9.0 111.0 370.0 646.0 
634.0 401.0 220.0 148.0 179.0 253.0 234.0 
237.0 459.0 745.0 853.0 624.0 170.0 -158.0 
-386.0 -623.0 -653.0 -473.0 -352.0 -299.0 -212.0 
-184.0 -306.0 -485.0 -737.0 -1022.0 -1016.0 -792.0 
-646.0 -567.0 -614.0 -668.0 -563.0 -474.0 -419.0 
-196.0 160.0 460.0 529.0 389.0 363.0 468.0 
385.0 214.0 -6.0 -286.0 -395.0 -434.0 -567.0 
-699.0 -821.0 -972.0 -943.0 -689.0 -521.0 -536.0 
-578.0 -628.0 -675.0 -689.0 -616.0 -439.0 -216.0 
64.0 431.0 757.0 852.0 768.0 699.0 631.0 
489.0 410.0 434.0 388.0 217.0 23.0 -58.0 
98.0 470.0 814.0 975.0 999.0 836.0 624.0 
649.0 833.0 803.0 566.0 393.0 194.0 -77.0 
-303.0 -429.0 -477.0 -529.0 -501.0 -505.0 -761.0 
-1023.0 -1006.0 -797.0 -617.0 -536.0 -440.0 -220.0 
48.0 280.0 451.0 551.0 648.0 739.0 934.0 
1328.0 1572.0 1458.0 1342.0 1330.0 1145.0 790.0 
405.0 97.0 -126.0 -255.0 -53.0 311.0 409.0 
345.0 378.0 460.0 415.0 251.0 158.0 242.0 
429.0 615.0 696.0 611.0 419.0 196.0 -30.0 
-233.0 -423.0 -571.0 -703.0 -940.0 -1292.0 -1645.0 
-1839.0 -1820.0 -1699.0 -1614.0 -1558.0 -1391.0 -1114.0 
-895.0 -751.0 -616.0 -555.0 -393.0 40.0 394.0 
458.0 455.0 470.0 442.0 492.0 713.0 913.0 
902.0 704.0 439.0 238.0 183.0 221.0 270.0 
409.0 661.0 862.0 928.0 927.0 907.0 776.0 
505.0 330.0 223.0 52.0 -66.0 -190.0 -344.0 
-332.0 -243.0 -223.0 -155.0 -18.0 156.0 325.0 
286.0 6.0 -307.0 -512.0 -621.0 -734.0 -876.0 
-925.0 -932.0 -930.0 -703.0 -285.0 121.0 418.0 
552.0 563.0 481.0 311.0 81.0 -162.0 -300.0 
-297.0 -229.0 -230.0 -332.0 -449.0 -479.0 -454.0 
-494.0 -507.0 -409.0 -523.0 -939.0 -1185.0 -1163.0 
-1106.0 -1025.0 -841.0 -694.0 -656.0 -490.0 -221.0 
-106.0 -125.0 -146.0 -107.0 -50.0 -50.0 -23.0 
69.0 137.0 278.0 549.0 676.0 590.0 644.0 
790.0 738.0 731.0 954.0 1137.0 1147.0 1036.0 
803.0 486.0 144.0 -120.0 -228.0 -338.0 -541.0 
-625.0 -601.0 -649.0 -688.0 -569.0 -335.0 -52.0 
321.0 716.0 979.0 1049.0 1036.0 1057.0 1106.0 
1139.0 1138.0 1027.0 765.0 561.0 524.0 427.0 
88.0 -269.0 -469.0 -602.0 -674.0 -654.0 -601.0 
-558.0 -442.0 -150.0 208.0 487.0 801.0 1197.0 
1397.0 1350.0 1268.0 1186.0 1060.0 896.0 809.0 
887.0 991.0 960.0 753.0 413.0 87.0 -196.0 
-501.0 -778.0 -1004.0 -1225.0 -1440.0 -1597.0 -1610.0 
-1437.0 -1183.0 -994.0 -847.0 -608.0 -293.0 1.0 
221.0 382.0 518.0 582.0 562.0 543.0 559.0 
576.0 570.0 457.0 202.0 -85.0 -368.0 -648.0 
-835.0 -993.0 -1158.0 -1248.0 -1324.0 -1370.0 -1324.0 
-1239.0 -1194.0 -1258.0 -1341.0 -1213.0 -987.0 -879.0 
-800.0 -612.0 -422.0 -346.0 -269.0 -103.0 62.0 
115.0 80.0 40.0 -56.0 -103.0 -24.0 -6.0 
-95.0 -188.0 -243.0 -302.0 -413.0 -519.0 -612.0 
-815.0 -1050.0 -1136.0 -1073.0 -952.0 -773.0 -545.0 
-327.0 -123.0 107.0 393.0 719.0 1014.0 1218.0 
1372.0 1527.0 1598.0 1576.0 1577.0 1512.0 1398.0 
1342.0 1235.0 1094.0 1018.0 939.0 854.0 749.0 
672.0 793.0 1022.0 1185.0 1272.0 1260.0 1123.0 
896.0 629.0 391.0 216.0 92.0 10.0 -67.0 
-99.0 -19.0 37.0 1.0 -25.0 -80.0 -228.0 
-366.0 -453.0 -539.0 -711.0 -975.0 -1169.0 -1228.0 
-1265.0 -1285.0 -1240.0 -1155.0 -1044.0 -952.0 -885.0 
-858.0 -871.0 -793.0 -595.0 -425.0 -316.0 -243.0 
-220.0 -182.0 -152.0 -157.0 -169.0 -176.0 -151.0 
-75.0 116.0 357.0 416.0 362.0 383.0 368.0 
165.0 -165.0 -465.0 -687.0 -852.0 -946.0 -980.0 
-978.0 -955.0 -873.0 -711.0 -556.0 -454.0 -292.0 
40.0 360.0 416.0 358.0 432.0 595.0 738.0 
859.0 1050.0 1326.0 1531.0 1598.0 1575.0 1385.0 
1058.0 835.0 779.0 752.0 751.0 823.0 918.0 
969.0 994.0 1050.0 1079.0 998.0 830.0 626.0 
457.0 316.0 53.0 -239.0 -342.0 -361.0 -440.0 
-543.0 -576.0 -514.0 -421.0 -344.0 -301.0 -273.0 
-190.0 -81.0 -72.0 -185.0 -253.0 -238.0 -317.0 
-549.0 -835.0 -1079.0 -1229.0 -1327.0 -1422.0 -1490.0 
-1535.0 -1553.0 -1562.0 -1562.0 -1519.0 -1462.0 -1428.0 
-1377.0 -1207.0 -883.0 -506.0 -183.0 12.0 78.0 
120.0 187.0 111.0 -113.0 -330.0 -514.0 -694.0 
-841.0 -872.0 -813.0 -733.0 -569.0 -407.0 -371.0 
-325.0 -227.0 -146.0 -53.0 56.0 136.0 168.0 
217.0 306.0 409.0 583.0 858.0 1139.0 1361.0 
1529.0 1716.0 1941.0 2036.0 2000.0 2082.0 2284.0 
2303.0 2096.0 1894.0 1791.0 1686.0 1501.0 1280.0 
1080.0 912.0 723.0 562.0 453.0 310.0 119.0 
-70.0 -195.0 -293.0 -447.0 -639.0 -810.0 -928.0 
-986.0 -957.0 -836.0 -700.0 -630.0 -673.0 -790.0 
-822.0 -751.0 -692.0 -632.0 -527.0 -446.0 -441.0 
-489.0 -550.0 -605.0 -571.0 -444.0 -339.0 -192.0 
57.0 204.0 213.0 235.0 275.0 230.0 127.0 
55.0 -99.0 -352.0 -477.0 -521.0 -608.0 -627.0 
-552.0 -391.0 -172.0 -30.0 63.0 221.0 386.0 
487.0 488.0 437.0 417.0 354.0 179.0 -1.0 
-168.0 -369.0 -518.0 -635.0 -782.0 -884.0 -922.0 
-952.0 -993.0 -993.0 -895.0 -768.0 -652.0 -512.0 
-404.0 -323.0 -259.0 -243.0 -238.0 -227.0 -232.0 
-191.0 -53.0 129.0 291.0 405.0 437.0 412.0 
378.0 293.0 89.0 -156.0 -335.0 -481.0 -659.0 
-860.0 -1029.0 -1118.0 -1125.0 -1073.0 -906.0 -628.0 
-314.0 -13.0 224.0 402.0 561.0 727.0 856.0 
905.0 953.0 1032.0 1050.0 1014.0 973.0 933.0 
905.0 807.0 669.0 580.0 454.0 233.0 4.0 
-198.0 -353.0 -420.0 -437.0 -420.0 -365.0 -251.0 
-49.0 167.0 309.0 399.0 471.0 504.0 482.0 
472.0 518.0 645.0 818.0 894.0 899.0 945.0 
929.0 868.0 899.0 938.0 973.0 1070.0 1141.0 
1119.0 1054.0 970.0 828.0 611.0 358.0 157.0 
18.0 -161.0 -337.0 -435.0 -617.0 -901.0 -1101.0 
-1228.0 -1334.0 -1394.0 -1410.0 -1390.0 -1399.0 -1451.0 
-1516.0 -1587.0 -1647.0 -1645.0 -1531.0 -1305.0 -1057.0 
-845.0 -623.0 -384.0 -192.0 -31.0 155.0 379.0 
634.0 866.0 988.0 978.0 934.0 949.0 919.0 
779.0 645.0 575.0 439.0 182.0 -59.0 -181.0 
-269.0 -360.0 -379.0 -364.0 -320.0 -240.0 -212.0 
-232.0 -180.0 -75.0 -48.0 -126.0 -225.0 -245.0 
-225.0 -269.0 -329.0 -317.0 -290.0 -294.0 -293.0 
-280.0 -330.0 -470.0 -533.0 -408.0 -267.0 -233.0 
-244.0 -268.0 -326.0 -417.0 -436.0 -336.0 -234.0 
-218.0 -251.0 -254.0 -204.0 -190.0 -232.0 -212.0 
-180.0 -260.0 -357.0 -389.0 -439.0 -501.0 -497.0 
-440.0 -350.0 -203.0 -35.0 70.0 130.0 177.0 
239.0 341.0 405.0 419.0 526.0 709.0 774.0 
751.0 761.0 746.0 648.0 537.0 505.0 534.0 
527.0 449.0 318.0 194.0 152.0 173.0 161.0 
136.0 175.0 220.0 232.0 285.0 388.0 496.0 
575.0 577.0 524.0 467.0 352.0 203.0 107.0 
21.0 -73.0 -132.0 -171.0 -217.0 -257.0 -258.0 
-163.0 68.0 337.0 493.0 604.0 752.0 835.0 
851.0 856.0 826.0 778.0 691.0 520.0 304.0 
59.0 -212.0 -483.0 -701.0 -882.0 -1084.0 -1227.0 
-1260.0 -1224.0 -1197.0 -1206.0 -1179.0 -1102.0 -1026.0 
-941.0 -796.0 -622.0 -448.0 -269.0 -124.0 -2.0 
89.0 101.0 55.0 -8.0 -61.0 -93.0 -100.0 
-86.0 -105.0 -129.0 -105.0 -102.0 -129.0 -114.0 
-63.0 -17.0 -15.0 -20.0 44.0 155.0 181.0 
108.0 40.0 -44.0 -239.0 -455.0 -605.0 -768.0 
-930.0 -1025.0 -1086.0 -1150.0 -1195.0 -1161.0 -1064.0 
-1026.0 -1026.0 -958.0 -857.0 -747.0 -562.0 -284.0 
32.0 323.0 592.0 893.0 1238.0 1553.0 1753.0 
1781.0 1696.0 1672.0 1726.0 1688.0 1522.0 1284.0 
1001.0 740.0 466.0 149.0 -95.0 -240.0 -374.0 
-519.0 -612.0 -609.0 -567.0 -544.0 -503.0 -390.0 
-222.0 -30.0 193.0 370.0 473.0 599.0 736.0 
784.0 752.0 721.0 712.0 673.0 592.0 544.0 
524.0 474.0 414.0 342.0 272.0 249.0 262.0 
269.0 227.0 178.0 157.0 123.0 96.0 95.0 
46.0 -43.0 -102.0 -155.0 -280.0 -467.0 -607.0 
-661.0 -720.0 -755.0 -671.0 -527.0 -434.0 -394.0 
-329.0 -274.0 -280.0 -313.0 -397.0 -540.0 -672.0 
-784.0 -855.0 -868.0 -901.0 -938.0 -935.0 -969.0 
-1035.0 -1053.0 -1008.0 -906.0 -785.0 -699.0 -647.0 
-585.0 -499.0 -420.0 -391.0 -456.0 -589.0 -761.0 
-1013.0 -1267.0 -1434.0 -1560.0 -1633.0 -1567.0 -1392.0 
-1156.0 -876.0 -592.0 -289.0 30.0 327.0 621.0 
919.0 1183.0 1414.0 1626.0 1815.0 1978.0 2054.0 
2041.0 2013.0 1905.0 1690.0 1498.0 1296.0 982.0 
655.0 437.0 335.0 258.0 137.0 37.0 -3.0 
-83.0 -196.0 -304.0 -441.0 -557.0 -607.0 -685.0 
-817.0 -920.0 -934.0 -893.0 -840.0 -755.0 -634.0 
-528.0 -371.0 -181.0 -67.0 75.0 287.0 462.0 
622.0 852.0 1057.0 1137.0 1137.0 1157.0 1216.0 
1240.0 1186.0 1074.0 921.0 764.0 661.0 532.0 
312.0 86.0 -87.0 -262.0 -459.0 -627.0 -741.0 
-808.0 -868.0 -939.0 -943.0 -858.0 -787.0 -766.0 
-739.0 -668.0 -581.0 -545.0 -552.0 -575.0 -662.0 
-783.0 -825.0 -785.0 -748.0 -724.0 -658.0 -533.0 
-381.0 -232.0 -142.0 -108.0 -54.0 25.0 90.0 
135.0 169.0 201.0 285.0 443.0 609.0 723.0 
817.0 930.0 1006.0 987.0 883.0 744.0 627.0 
511.0 356.0 174.0 -29.0 -247.0 -450.0 -619.0 
-768.0 -917.0 -1034.0 -1062.0 -1014.0 -973.0 -946.0 
-847.0 -686.0 -560.0 -446.0 -275.0 -107.0 -25.0 
-5.0 29.0 83.0 78.0 41.0 59.0 45.0 
-47.0 -124.0 -157.0 -183.0 -224.0 -241.0 -210.0 
-167.0 -145.0 -134.0 -70.0 54.0 132.0 177.0 
266.0 350.0 399.0 423.0 416.0 408.0 427.0 
436.0 405.0 368.0 378.0 407.0 414.0 445.0 
482.0 474.0 428.0 360.0 294.0 241.0 162.0 
65.0 -6.0 -57.0 -74.0 -60.0 -69.0 -91.0 
-70.0 9.0 92.0 127.0 171.0 267.0 336.0 
346.0 349.0 355.0 315.0 250.0 253.0 310.0 
335.0 329.0 350.0 373.0 343.0 235.0 95.0 
1.0 -117.0 -292.0 -409.0 -443.0 -474.0 -499.0 
-459.0 -423.0 -474.0 -529.0 -528.0 -551.0 -598.0 
-619.0 -619.0 -578.0 -500.0 -464.0 -451.0 -404.0 
-387.0 -427.0 -459.0 -442.0 -407.0 -422.0 -441.0 
-415.0 -374.0 -339.0 -338.0 -365.0 -350.0 -309.0 
-289.0 -288.0 -292.0 -299.0 -331.0 -396.0 -486.0 
-587.0 -669.0 -734.0 -802.0 -887.0 -977.0 -1039.0 
-1093.0 -1153.0 -1131.0 -1026.0 -923.0 -808.0 -637.0 
-433.0 -229.0 -33.0 144.0 278.0 379.0 501.0 
630.0 742.0 863.0 975.0 1028.0 1059.0 1098.0 
1111.0 1065.0 1001.0 973.0 934.0 853.0 783.0 
757.0 735.0 669.0 596.0 550.0 485.0 387.0 
304.0 218.0 71.0 -86.0 -194.0 -280.0 -329.0 
-299.0 -247.0 -214.0 -134.0 -34.0 -1.0 49.0 
218.0 396.0 494.0 611.0 765.0 863.0 899.0 
970.0 1049.0 1050.0 1028.0 1023.0 999.0 945.0 
864.0 754.0 586.0 379.0 211.0 127.0 70.0 
0.0 -42.0 -63.0 -105.0 -183.0 -302.0 -404.0 
-428.0 -449.0 -540.0 -619.0 -605.0 -579.0 -599.0 
-588.0 -545.0 -514.0 -489.0 -485.0 -508.0 -513.0 
-494.0 -502.0 -541.0 -549.0 -528.0 -519.0 -525.0 
-535.0 -511.0 -447.0 -396.0 -365.0 -317.0 -267.0 
-287.0 -354.0 -429.0 -514.0 -583.0 -619.0 -637.0 
-666.0 -721.0 -769.0 -774.0 -750.0 -694.0 -603.0 
-508.0 -441.0 -390.0 -334.0 -273.0 -232.0 -200.0 
-174.0 -161.0 -163.0 -165.0 -130.0 -87.0 -109.0 
-134.0 -93.0 -9.0 93.0 185.0 267.0 347.0 
419.0 492.0 527.0 510.0 499.0 477.0 380.0 
286.0 257.0 199.0 99.0 53.0 33.0 -39.0 
-92.0 -89.0 -71.0 -17.0 66.0 116.0 132.0 
147.0 135.0 91.0 31.0 -16.0 -27.0 -21.0 
-7.0 10.0 -9.0 -45.0 -11.0 75.0 156.0 
223.0 286.0 372.0 477.0 581.0 695.0 820.0 
898.0 914.0 944.0 989.0 979.0 925.0 869.0 
812.0 734.0 622.0 504.0 391.0 278.0 170.0 
81.0 21.0 -3.0 -17.0 -25.0 -35.0 -68.0 
-125.0 -145.0 -127.0 -94.0 -43.0 0.0 31.0 
87.0 123.0 81.0 9.0 -66.0 -154.0 -245.0 
-333.0 -420.0 -501.0 -572.0 -589.0 -524.0 -403.0 
-260.0 -135.0 -23.0 119.0 262.0 352.0 405.0 
458.0 527.0 600.0 637.0 642.0 655.0 667.0 
645.0 592.0 536.0 431.0 275.0 139.0 8.0 
-159.0 -338.0 -502.0 -658.0 -791.0 -885.0 -966.0 
-1065.0 -1163.0 -1224.0 -1262.0 -1310.0 -1354.0 -1383.0 
-1432.0 -1495.0 -1512.0 -1462.0 -1400.0 -1372.0 -1336.0 
-1245.0 -1131.0 -1012.0 -869.0 -671.0 -453.0 -268.0 
-90.0 104.0 272.0 370.0 415.0 454.0 470.0 
397.0 272.0 166.0 53.0 -77.0 -170.0 -219.0 
-255.0 -274.0 -234.0 -137.0 -36.0 26.0 115.0 
250.0 350.0 409.0 488.0 603.0 698.0 767.0 
863.0 954.0 1010.0 1105.0 1227.0 1284.0 1312.0 
1349.0 1336.0 1310.0 1320.0 1296.0 1186.0 1047.0 
930.0 807.0 648.0 477.0 287.0 77.0 -115.0 
-279.0 -420.0 -502.0 -531.0 -537.0 -514.0 -472.0 
-442.0 -392.0 -334.0 -323.0 -321.0 -313.0 -339.0 
-403.0 -484.0 -569.0 -650.0 -680.0 -671.0 -655.0 
-598.0 -507.0 -427.0 -342.0 -231.0 -103.0 31.0 
158.0 255.0 351.0 479.0 590.0 647.0 671.0 
671.0 681.0 727.0 758.0 759.0 765.0 788.0 
800.0 746.0 664.0 611.0 568.0 508.0 431.0 
334.0 231.0 155.0 106.0 44.0 -33.0 -90.0 
-95.0 -87.0 -116.0 -173.0 -239.0 -288.0 -316.0 
-325.0 -294.0 -266.0 -255.0 -230.0 -215.0 -228.0 
-248.0 -284.0 -336.0 -353.0 -338.0 -318.0 -303.0 
-275.0 -205.0 -115.0 -50.0 -1.0 61.0 124.0 
161.0 161.0 123.0 41.0 -57.0 -117.0 -165.0 
-257.0 -356.0 -423.0 -473.0 -501.0 -501.0 -489.0 
-496.0 -531.0 -533.0 -494.0 -469.0 -442.0 -400.0 
-391.0 -405.0 -404.0 -399.0 -394.0 -377.0 -336.0 
-268.0 -226.0 -223.0 -213.0 -183.0 -152.0 -113.0 
-66.0 -4.0 85.0 162.0 207.0 279.0 377.0 
453.0 506.0 548.0 563.0 561.0 540.0 460.0 
359.0 288.0 212.0 102.0 12.0 -46.0 -98.0 
-168.0 -272.0 -362.0 -393.0 -405.0 -435.0 -421.0 
-325.0 -194.0 -41.0 129.0 283.0 436.0 585.0 
695.0 779.0 855.0 901.0 905.0 856.0 773.0 
699.0 635.0 543.0 422.0 312.0 235.0 185.0 
145.0 89.0 49.0 16.0 -71.0 -179.0 -265.0 
-350.0 -451.0 -545.0 -639.0 -739.0 -802.0 -831.0 
-856.0 -840.0 -767.0 -696.0 -669.0 -620.0 -520.0 
-461.0 -453.0 -413.0 -324.0 -219.0 -124.0 -28.0 
96.0 253.0 414.0 574.0 732.0 864.0 976.0 
1065.0 1116.0 1135.0 1149.0 1137.0 1078.0 1032.0 
1022.0 993.0 915.0 824.0 742.0 665.0 582.0 
472.0 357.0 245.0 115.0 0.0 -89.0 -199.0 
-327.0 -455.0 -580.0 -698.0 -798.0 -890.0 -974.0 
-1006.0 -1019.0 -1058.0 -1055.0 -995.0 -961.0 -953.0 
-906.0 -835.0 -779.0 -724.0 -651.0 -571.0 -492.0 
-373.0 -217.0 -60.0 81.0 222.0 341.0 376.0 
374.0 406.0 446.0 472.0 512.0 584.0 649.0 
692.0 721.0 745.0 791.0 824.0 811.0 769.0 
705.0 621.0 543.0 467.0 373.0 275.0 164.0 
8.0 -158.0 -304.0 -429.0 -539.0 -652.0 -749.0 
-785.0 -788.0 -793.0 -784.0 -762.0 -708.0 -600.0 
-517.0 -492.0 -438.0 -329.0 -251.0 -239.0 -232.0 
-174.0 -103.0 -68.0 -39.0 12.0 84.0 174.0 
275.0 375.0 433.0 453.0 492.0 542.0 541.0 
486.0 408.0 325.0 234.0 103.0 -40.0 -154.0 
-232.0 -296.0 -373.0 -444.0 -485.0 -499.0 -509.0 
-534.0 -545.0 -513.0 -456.0 -379.0 -291.0 -234.0 
-203.0 -150.0 -69.0 7.0 72.0 145.0 231.0 
307.0 350.0 372.0 396.0 413.0 386.0 324.0 
247.0 134.0 -7.0 -142.0 -245.0 -304.0 -321.0 
-326.0 -317.0 -286.0 -227.0 -147.0 -78.0 -9.0 
69.0 141.0 202.0 265.0 329.0 385.0 414.0 
432.0 471.0 551.0 630.0 652.0 625.0 592.0 
572.0 552.0 517.0 482.0 480.0 496.0 520.0 
536.0 542.0 549.0 551.0 543.0 544.0 551.0 
557.0 565.0 558.0 535.0 526.0 515.0 492.0 
485.0 476.0 401.0 268.0 133.0 22.0 -90.0 
-219.0 -338.0 -436.0 -526.0 -616.0 -699.0 -755.0 
-776.0 -798.0 -811.0 -791.0 -782.0 -773.0 -752.0 
-764.0 -811.0 -832.0 -821.0 -808.0 -791.0 -738.0 
-658.0 -576.0 -483.0 -385.0 -296.0 -222.0 -147.0 
-80.0 -24.0 41.0 93.0 112.0 152.0 187.0 
183.0 165.0 146.0 133.0 115.0 91.0 94.0 
120.0 158.0 214.0 265.0 294.0 333.0 372.0 
392.0 438.0 478.0 459.0 413.0 351.0 265.0 
204.0 163.0 89.0 -7.0 -95.0 -180.0 -274.0 
-368.0 -445.0 -524.0 -620.0 -717.0 -793.0 -854.0 
-918.0 -975.0 -996.0 -988.0 -981.0 -955.0 -913.0 
-894.0 -908.0 -929.0 -953.0 -967.0 -933.0 -864.0 
-802.0 -768.0 -712.0 -607.0 -497.0 -398.0 -271.0 
-139.0 -8.0 138.0 278.0 432.0 613.0 759.0 
869.0 972.0 1056.0 1115.0 1150.0 1171.0 1172.0 
1154.0 1143.0 1131.0 1113.0 1090.0 1058.0 1005.0 
946.0 897.0 838.0 784.0 766.0 772.0 778.0 
772.0 771.0 780.0 774.0 761.0 754.0 747.0 
746.0 755.0 759.0 740.0 698.0 665.0 661.0 
638.0 581.0 547.0 558.0 558.0 557.0 576.0 
568.0 518.0 476.0 485.0 528.0 558.0 576.0 
591.0 584.0 562.0 554.0 543.0 484.0 405.0 
313.0 176.0 31.0 -112.0 -291.0 -512.0 -738.0 
-926.0 -1072.0 -1219.0 -1375.0 -1481.0 -1537.0 -1610.0 
-1683.0 -1723.0 -1733.0 -1705.0 -1658.0 -1624.0 -1570.0 
-1492.0 -1436.0 -1404.0 -1352.0 -1279.0 -1208.0 -1163.0 
-1126.0 -1071.0 -1009.0 -962.0 -945.0 -946.0 -920.0 
-863.0 -799.0 -739.0 -683.0 -606.0 -508.0 -402.0 
-281.0 -145.0 -21.0 103.0 251.0 400.0 527.0 
620.0 691.0 745.0 782.0 798.0 814.0 844.0 
845.0 809.0 776.0 771.0 770.0 755.0 761.0 
778.0 771.0 750.0 728.0 684.0 609.0 543.0 
523.0 522.0 481.0 413.0 358.0 312.0 251.0 
174.0 85.0 23.0 -5.0 -53.0 -125.0 -191.0 
-243.0 -295.0 -339.0 -362.0 -366.0 -346.0 -310.0 
-293.0 -282.0 -254.0 -231.0 -225.0 -214.0 -173.0 
-124.0 -101.0 -77.0 -16.0 25.0 24.0 30.0 
40.0 22.0 30.0 92.0 134.0 111.0 101.0 
134.0 173.0 208.0 221.0 214.0 210.0 214.0 
205.0 194.0 175.0 118.0 67.0 49.0 14.0 
-23.0 -45.0 -59.0 -60.0 -43.0 -18.0 10.0 
41.0 68.0 114.0 166.0 251.0 386.0 515.0 
612.0 692.0 760.0 834.0 889.0 905.0 912.0 
914.0 879.0 820.0 779.0 740.0 661.0 583.0 
538.0 460.0 341.0 247.0 163.0 58.0 -22.0 
-100.0 -192.0 -262.0 -326.0 -399.0 -450.0 -477.0 
-493.0 -484.0 -442.0 -378.0 -306.0 -216.0 -98.0 
10.0 97.0 191.0 278.0 318.0 338.0 384.0 
440.0 456.0 433.0 394.0 333.0 246.0 154.0 
38.0 -98.0 -223.0 -369.0 -545.0 -675.0 -750.0 
-829.0 -917.0 -986.0 -1040.0 -1097.0 -1157.0 -1196.0 
-1206.0 -1207.0 -1211.0 -1176.0 -1125.0 -1084.0 -1029.0 
-982.0 -952.0 -897.0 -824.0 -760.0 -718.0 -679.0 
-650.0 -637.0 -605.0 -556.0 -514.0 -450.0 -358.0 
-280.0 -229.0 -183.0 -124.0 -37.0 72.0 167.0 
245.0 325.0 399.0 459.0 495.0 502.0 511.0 
498.0 478.0 483.0 463.0 420.0 435.0 492.0 
518.0 513.0 503.0 504.0 498.0 477.0 445.0 
418.0 401.0 384.0 358.0 323.0 282.0 235.0 
171.0 123.0 136.0 164.0 166.0 173.0 196.0 
217.0 242.0 291.0 336.0 347.0 372.0 432.0 
474.0 508.0 540.0 552.0 587.0 631.0 607.0 
520.0 449.0 432.0 400.0 308.0 203.0 132.0 
96.0 80.0 87.0 82.0 54.0 42.0 53.0 
68.0 68.0 59.0 62.0 81.0 94.0 98.0 
124.0 162.0 186.0 207.0 215.0 211.0 206.0 
210.0 219.0 222.0 218.0 220.0 231.0 228.0 
216.0 217.0 223.0 205.0 167.0 125.0 65.0 
-36.0 -167.0 -292.0 -431.0 -599.0 -748.0 -865.0 
-975.0 -1060.0 -1114.0 -1164.0 -1188.0 -1156.0 -1075.0 
-977.0 -885.0 -765.0 -609.0 -468.0 -341.0 -194.0 
-49.0 67.0 163.0 261.0 355.0 435.0 503.0 
575.0 634.0 690.0 729.0 733.0 755.0 806.0 
820.0 760.0 670.0 573.0 492.0 420.0 328.0 
229.0 150.0 76.0 -18.0 -127.0 -228.0 -321.0 
-416.0 -520.0 -611.0 -678.0 -719.0 -757.0 -806.0 
-833.0 -848.0 -886.0 -925.0 -959.0 -1022.0 -1127.0 
-1227.0 -1279.0 -1306.0 -1319.0 -1302.0 -1265.0 -1192.0 
-1084.0 -966.0 -840.0 -679.0 -495.0 -328.0 -147.0 
70.0 302.0 518.0 728.0 976.0 1218.0 1378.0 
1502.0 1655.0 1794.0 1845.0 1834.0 1815.0 1785.0 
1751.0 1711.0 1620.0 1487.0 1343.0 1181.0 991.0 
778.0 576.0 410.0 265.0 111.0 -23.0 -116.0 
-209.0 -296.0 -339.0 -380.0 -442.0 -477.0 -473.0 
-473.0 -481.0 -488.0 -514.0 -541.0 -554.0 -585.0 
-612.0 -613.0 -608.0 -605.0 -615.0 -639.0 -642.0 
-612.0 -586.0 -550.0 -484.0 -409.0 -341.0 -285.0 
-238.0 -195.0 -188.0 -227.0 -256.0 -273.0 -314.0 
-360.0 -401.0 -433.0 -446.0 -475.0 -517.0 -518.0 
-493.0 -479.0 -481.0 -484.0 -459.0 -389.0 -312.0 
-241.0 -159.0 -82.0 -6.0 100.0 223.0 343.0 
444.0 512.0 578.0 659.0 733.0 781.0 821.0 
874.0 921.0 958.0 992.0 995.0 972.0 959.0 
963.0 971.0 970.0 964.0 958.0 918.0 838.0 
750.0 669.0 585.0 466.0 330.0 204.0 94.0 
-33.0 -179.0 -310.0 -423.0 -542.0 -656.0 -726.0 
-774.0 -834.0 -844.0 -779.0 -706.0 -636.0 -546.0 
-454.0 -355.0 -261.0 -195.0 -136.0 -82.0 -61.0 
-69.0 -102.0 -171.0 -282.0 -417.0 -514.0 -564.0 
-615.0 -640.0 -627.0 -618.0 -600.0 -562.0 -509.0 
-441.0 -376.0 -299.0 -201.0 -132.0 -79.0 -8.0 
44.0 44.0 18.0 13.0 -6.0 -82.0 -160.0 
-233.0 -312.0 -380.0 -432.0 -485.0 -540.0 -578.0 
-557.0 -467.0 -373.0 -283.0 -147.0 1.0 142.0 
300.0 462.0 606.0 723.0 815.0 882.0 919.0 
912.0 889.0 850.0 774.0 692.0 605.0 467.0 
292.0 157.0 41.0 -105.0 -241.0 -331.0 -410.0 
-510.0 -609.0 -704.0 -810.0 -917.0 -979.0 -995.0 
-996.0 -992.0 -979.0 -932.0 -858.0 -782.0 -697.0 
-589.0 -473.0 -382.0 -303.0 -209.0 -137.0 -120.0 
-134.0 -137.0 -134.0 -137.0 -135.0 -119.0 -92.0 
-59.0 -16.0 55.0 152.0 262.0 374.0 502.0 
651.0 782.0 896.0 992.0 1054.0 1109.0 1165.0 
1209.0 1240.0 1230.0 1182.0 1146.0 1114.0 1045.0 
965.0 922.0 863.0 777.0 708.0 644.0 570.0 
505.0 456.0 385.0 280.0 188.0 135.0 91.0 
33.0 -33.0 -107.0 -169.0 -216.0 -265.0 -296.0 
-326.0 -370.0 -389.0 -376.0 -378.0 -384.0 -362.0 
-321.0 -268.0 -213.0 -178.0 -160.0 -120.0 -61.0 
-10.0 36.0 78.0 120.0 181.0 226.0 247.0 
268.0 257.0 205.0 145.0 94.0 29.0 -50.0 
-132.0 -202.0 -250.0 -279.0 -317.0 -369.0 -384.0 
-361.0 -343.0 -317.0 -268.0 -217.0 -189.0 -184.0 
-187.0 -193.0 -214.0 -263.0 -302.0 -328.0 -395.0 
-487.0 -557.0 -612.0 -697.0 -815.0 -919.0 -993.0 
-1040.0 -1066.0 -1101.0 -1135.0 -1122.0 -1081.0 -1038.0 
-996.0 -973.0 -960.0 -914.0 -839.0 -763.0 -711.0 
-675.0 -642.0 -644.0 -649.0 -603.0 -556.0 -551.0 
-565.0 -549.0 -504.0 -465.0 -420.0 -360.0 -299.0 
-239.0 -163.0 -91.0 -36.0 43.0 149.0 236.0 
317.0 413.0 492.0 544.0 583.0 628.0 675.0 
690.0 691.0 701.0 707.0 712.0 742.0 756.0 
745.0 764.0 785.0 766.0 735.0 734.0 769.0 
789.0 757.0 738.0 752.0 735.0 686.0 653.0 
626.0 580.0 544.0 513.0 453.0 399.0 359.0 
304.0 242.0 190.0 170.0 183.0 185.0 156.0 
135.0 133.0 138.0 106.0 54.0 25.0 36.0 
46.0 17.0 0.0 25.0 68.0 88.0 115.0 
183.0 255.0 326.0 401.0 433.0 417.0 408.0 
403.0 345.0 269.0 197.0 100.0 -1.0 -99.0 
-224.0 -334.0 -407.0 -479.0 -530.0 -566.0 -605.0 
-604.0 -587.0 -569.0 -545.0 -532.0 -511.0 -455.0 
-420.0 -435.0 -445.0 -432.0 -434.0 -427.0 -406.0 
-411.0 -434.0 -429.0 -414.0 -432.0 -468.0 -488.0 
-489.0 -520.0 -579.0 -629.0 -646.0 -654.0 -685.0 
-698.0 -681.0 -681.0 -693.0 -683.0 -667.0 -669.0 
-679.0 -665.0 -657.0 -659.0 -643.0 -613.0 -600.0 
-596.0 -568.0 -511.0 -465.0 -460.0 -440.0 -368.0 
-320.0 -313.0 -281.0 -236.0 -214.0 -184.0 -144.0 
-105.0 -67.0 -32.0 -9.0 19.0 61.0 69.0 
81.0 129.0 157.0 165.0 196.0 230.0 260.0 
285.0 329.0 423.0 524.0 591.0 688.0 840.0 
988.0 1116.0 1245.0 1373.0 1497.0 1595.0 1654.0 
1679.0 1670.0 1635.0 1575.0 1491.0 1379.0 1228.0 
1070.0 929.0 771.0 594.0 457.0 363.0 274.0 
183.0 101.0 14.0 -83.0 -181.0 -281.0 -373.0 
-445.0 -491.0 -536.0 -606.0 -685.0 -743.0 -783.0 
-817.0 -832.0 -830.0 -812.0 -762.0 -698.0 -663.0 
-631.0 -587.0 -550.0 -499.0 -413.0 -325.0 -253.0 
-199.0 -167.0 -132.0 -99.0 -97.0 -93.0 -80.0 
-104.0 -161.0 -192.0 -221.0 -293.0 -356.0 -386.0 
-423.0 -472.0 -501.0 -503.0 -502.0 -510.0 -512.0 
-459.0 -363.0 -287.0 -224.0 -149.0 -89.0 -47.0 
7.0 62.0 91.0 110.0 151.0 199.0 216.0 
227.0 276.0 341.0 391.0 413.0 424.0 449.0 
456.0 450.0 433.0 394.0 349.0 316.0 302.0 
304.0 299.0 292.0 299.0 317.0 339.0 375.0 
426.0 477.0 527.0 553.0 538.0 501.0 478.0 
460.0 433.0 393.0 336.0 256.0 153.0 49.0 
-50.0 -189.0 -356.0 -476.0 -562.0 -670.0 -785.0 
-865.0 -928.0 -1002.0 -1058.0 -1057.0 -1039.0 -1055.0 
-1073.0 -1047.0 -999.0 -961.0 -917.0 -835.0 -742.0 
-670.0 -595.0 -503.0 -403.0 -297.0 -205.0 -139.0 
-76.0 -32.0 -29.0 -38.0 -55.0 -88.0 -127.0 
-154.0 -164.0 -194.0 -255.0 -299.0 -305.0 -310.0 
-320.0 -309.0 -272.0 -235.0 -182.0 -103.0 -27.0 
36.0 118.0 220.0 333.0 448.0 553.0 662.0 
772.0 856.0 925.0 1003.0 1067.0 1094.0 1102.0 
1096.0 1095.0 1083.0 1045.0 996.0 933.0 839.0 
731.0 642.0 564.0 462.0 370.0 306.0 236.0 
147.0 49.0 -43.0 -113.0 -170.0 -218.0 -244.0 
-258.0 -299.0 -348.0 -360.0 -359.0 -373.0 -381.0 
-371.0 -367.0 -355.0 -349.0 -369.0 -399.0 -424.0 
-453.0 -492.0 -544.0 -617.0 -694.0 -742.0 -752.0 
-757.0 -766.0 -740.0 -693.0 -658.0 -606.0 -521.0 
-421.0 -317.0 -214.0 -100.0 27.0 139.0 216.0 
281.0 353.0 399.0 406.0 397.0 392.0 390.0 
365.0 326.0 299.0 279.0 248.0 219.0 221.0 
237.0 237.0 233.0 254.0 292.0 333.0 369.0 
400.0 443.0 498.0 546.0 595.0 657.0 712.0 
729.0 725.0 721.0 686.0 626.0 564.0 464.0 
349.0 257.0 154.0 39.0 -67.0 -163.0 -248.0 
-336.0 -426.0 -505.0 -570.0 -636.0 -720.0 -804.0 
-883.0 -954.0 -1013.0 -1060.0 -1103.0 -1141.0 -1179.0 
-1201.0 -1194.0 -1177.0 -1165.0 -1131.0 -1059.0 -978.0 
-923.0 -861.0 -749.0 -634.0 -534.0 -402.0 -251.0 
-114.0 19.0 133.0 230.0 322.0 383.0 427.0 
476.0 514.0 537.0 558.0 582.0 580.0 559.0 
542.0 517.0 479.0 443.0 425.0 417.0 384.0 
331.0 295.0 281.0 253.0 194.0 130.0 106.0 
106.0 69.0 19.0 6.0 25.0 57.0 95.0 
132.0 184.0 265.0 350.0 435.0 538.0 645.0 
743.0 820.0 854.0 873.0 891.0 892.0 868.0 
812.0 729.0 629.0 512.0 377.0 234.0 97.0 
-33.0 -147.0 -235.0 -308.0 -366.0 -395.0 -388.0 
-376.0 -368.0 -343.0 -314.0 -307.0 -332.0 -366.0 
-387.0 -411.0 -445.0 -480.0 -509.0 -516.0 -517.0 
-539.0 -564.0 -540.0 -471.0 -391.0 -300.0 -187.0 
-83.0 5.0 99.0 196.0 299.0 379.0 426.0 
451.0 452.0 442.0 419.0 360.0 276.0 195.0 
133.0 87.0 40.0 -21.0 -79.0 -102.0 -110.0 
-124.0 -146.0 -158.0 -152.0 -148.0 -147.0 -124.0 
-87.0 -41.0 7.0 55.0 115.0 164.0 185.0 
211.0 247.0 246.0 210.0 176.0 140.0 81.0 
2.0 -69.0 -140.0 -223.0 -299.0 -357.0 -398.0 
-425.0 -464.0 -494.0 -475.0 -441.0 -424.0 -393.0 
-343.0 -299.0 -250.0 -189.0 -146.0 -133.0 -116.0 
-100.0 -95.0 -91.0 -82.0 -73.0 -65.0 -58.0 
-55.0 -47.0 -31.0 0.0 50.0 91.0 110.0 
126.0 135.0 125.0 99.0 61.0 35.0 12.0 
-48.0 -126.0 -192.0 -256.0 -332.0 -396.0 -440.0 
-476.0 -495.0 -485.0 -441.0 -376.0 -299.0 -205.0 
-83.0 51.0 181.0 300.0 411.0 524.0 628.0 
717.0 771.0 804.0 862.0 903.0 885.0 836.0 
780.0 725.0 679.0 619.0 538.0 459.0 378.0 
262.0 143.0 61.0 -22.0 -127.0 -241.0 -363.0 
-472.0 -560.0 -617.0 -640.0 -646.0 -639.0 -629.0 
-621.0 -603.0 -549.0 -468.0 -384.0 -305.0 -220.0 
-91.0 55.0 167.0 262.0 361.0 447.0 517.0 
590.0 651.0 688.0 703.0 698.0 674.0 643.0 
609.0 562.0 510.0 451.0 384.0 329.0 266.0 
204.0 170.0 119.0 37.0 -39.0 -101.0 -172.0 
-249.0 -291.0 -305.0 -335.0 -372.0 -413.0 -459.0 
-496.0 -528.0 -574.0 -633.0 -683.0 -721.0 -758.0 
-792.0 -822.0 -829.0 -798.0 -752.0 -714.0 -651.0 
-554.0 -453.0 -329.0 -168.0 -13.0 149.0 339.0 
505.0 649.0 793.0 913.0 994.0 1072.0 1141.0 
1145.0 1092.0 1027.0 940.0 819.0 683.0 558.0 
424.0 271.0 129.0 -14.0 -168.0 -315.0 -436.0 
-532.0 -621.0 -688.0 -717.0 -743.0 -776.0 -757.0 
-684.0 -623.0 -569.0 -482.0 -367.0 -252.0 -163.0 
-87.0 -4.0 77.0 140.0 196.0 244.0 295.0 
336.0 340.0 330.0 329.0 335.0 353.0 358.0 
332.0 310.0 304.0 283.0 237.0 195.0 174.0 
147.0 103.0 51.0 0.0 -34.0 -67.0 -110.0 
-144.0 -154.0 -168.0 -202.0 -233.0 -243.0 -247.0 
-256.0 -277.0 -305.0 -323.0 -352.0 -413.0 -464.0 
-499.0 -554.0 -601.0 -624.0 -646.0 -662.0 -644.0 
-613.0 -589.0 -534.0 -451.0 -374.0 -300.0 -238.0 
-195.0 -138.0 -64.0 -26.0 -29.0 -25.0 -13.0 
-17.0 -21.0 -1.0 20.0 37.0 73.0 139.0 
200.0 248.0 300.0 346.0 377.0 410.0 461.0 
517.0 564.0 610.0 640.0 647.0 663.0 712.0 
749.0 756.0 751.0 746.0 739.0 740.0 747.0 
752.0 765.0 762.0 725.0 691.0 694.0 697.0 
665.0 629.0 619.0 627.0 611.0 579.0 569.0 
559.0 549.0 551.0 538.0 506.0 464.0 402.0 
326.0 272.0 238.0 172.0 76.0 -26.0 -132.0 
-230.0 -332.0 -448.0 -563.0 -656.0 -728.0 -809.0 
-891.0 -937.0 -964.0 -987.0 -998.0 -995.0 -995.0 
-988.0 -967.0 -945.0 -921.0 -907.0 -887.0 -839.0 
-791.0 -764.0 -728.0 -670.0 -634.0 -622.0 -612.0 
-599.0 -575.0 -551.0 -563.0 -577.0 -576.0 -605.0 
-661.0 -693.0 -700.0 -728.0 -778.0 -795.0 -765.0 
-723.0 -685.0 -623.0 -531.0 -420.0 -289.0 -145.0 
19.0 209.0 394.0 546.0 661.0 767.0 874.0 
956.0 1023.0 1095.0 1141.0 1168.0 1175.0 1135.0 
1075.0 1005.0 909.0 793.0 677.0 569.0 448.0 
322.0 216.0 116.0 11.0 -93.0 -149.0 -155.0 
-163.0 -181.0 -184.0 -165.0 -151.0 -125.0 -55.0 
21.0 78.0 143.0 223.0 289.0 337.0 382.0 
424.0 443.0 422.0 386.0 347.0 268.0 166.0 
92.0 23.0 -49.0 -117.0 -170.0 -193.0 -207.0 
-216.0 -194.0 -161.0 -126.0 -63.0 -6.0 29.0 
63.0 101.0 141.0 194.0 228.0 230.0 236.0 
253.0 266.0 262.0 240.0 234.0 235.0 212.0 
182.0 162.0 139.0 114.0 90.0 63.0 37.0 
12.0 -4.0 -8.0 -22.0 -41.0 -54.0 -62.0 
-69.0 -75.0 -70.0 -68.0 -68.0 -55.0 -26.0 
-3.0 17.0 43.0 51.0 56.0 71.0 95.0 
124.0 137.0 139.0 140.0 116.0 80.0 45.0 
-10.0 -86.0 -150.0 -205.0 -282.0 -378.0 -472.0 
-542.0 -591.0 -628.0 -648.0 -661.0 -657.0 -626.0 
-604.0 -616.0 -603.0 -544.0 -488.0 -461.0 -427.0 
-374.0 -330.0 -307.0 -281.0 -261.0 -269.0 -281.0 
-272.0 -268.0 -268.0 -252.0 -251.0 -271.0 -295.0 
-321.0 -331.0 -312.0 -289.0 -270.0 -213.0 -130.0 
-70.0 -9.0 77.0 169.0 257.0 343.0 425.0 
499.0 565.0 610.0 649.0 679.0 707.0 752.0 
787.0 793.0 788.0 787.0 774.0 748.0 741.0 
746.0 722.0 670.0 626.0 586.0 526.0 452.0 
393.0 340.0 279.0 229.0 172.0 108.0 54.0 
4.0 -28.0 -48.0 -76.0 -114.0 -138.0 -135.0 
-126.0 -131.0 -146.0 -158.0 -150.0 -136.0 -130.0 
-124.0 -121.0 -119.0 -121.0 -123.0 -111.0 -106.0 
-108.0 -93.0 -72.0 -73.0 -91.0 -81.0 -44.0 
-31.0 -38.0 -27.0 -9.0 -14.0 -47.0 -82.0 
-106.0 -145.0 -211.0 -271.0 -311.0 -364.0 -445.0 
-518.0 -578.0 -637.0 -679.0 -705.0 -719.0 -718.0 
-700.0 -668.0 -627.0 -581.0 -524.0 -441.0 -338.0 
-226.0 -109.0 17.0 134.0 226.0 299.0 368.0 
421.0 431.0 427.0 437.0 431.0 397.0 366.0 
351.0 312.0 223.0 140.0 109.0 93.0 53.0 
8.0 -4.0 -6.0 -21.0 -27.0 -22.0 -16.0 
2.0 21.0 31.0 66.0 113.0 150.0 174.0 
194.0 235.0 271.0 272.0 268.0 263.0 236.0 
202.0 176.0 153.0 123.0 99.0 77.0 57.0 
31.0 -4.0 -26.0 -56.0 -86.0 -104.0 -148.0 
-187.0 -199.0 -202.0 -202.0 -211.0 -224.0 -225.0 
-231.0 -239.0 -240.0 -242.0 -267.0 -304.0 -331.0 
-339.0 -346.0 -366.0 -380.0 -394.0 -406.0 -403.0 
-387.0 -384.0 -395.0 -392.0 -367.0 -349.0 -360.0 
-374.0 -357.0 -326.0 -278.0 -195.0 -84.0 33.0 
161.0 297.0 403.0 480.0 576.0 673.0 719.0 
736.0 745.0 748.0 725.0 672.0 604.0 545.0 
486.0 416.0 352.0 297.0 234.0 165.0 109.0 
67.0 42.0 30.0 5.0 -23.0 -42.0 -45.0 
-48.0 -57.0 -67.0 -72.0 -45.0 -2.0 37.0 
67.0 104.0 139.0 164.0 197.0 236.0 263.0 
276.0 276.0 270.0 266.0 238.0 168.0 85.0 
6.0 -84.0 -166.0 -217.0 -279.0 -348.0 -387.0 
-411.0 -429.0 -443.0 -442.0 -419.0 -394.0 -376.0 
-333.0 -260.0 -170.0 -74.0 6.0 65.0 131.0 
194.0 206.0 174.0 138.0 119.0 84.0 13.0 
-78.0 -165.0 -243.0 -319.0 -382.0 -442.0 -493.0 
-492.0 -446.0 -430.0 -433.0 -387.0 -322.0 -276.0 
-222.0 -137.0 -44.0 37.0 118.0 209.0 284.0 
346.0 419.0 490.0 539.0 581.0 634.0 673.0 
694.0 709.0 706.0 675.0 636.0 599.0 543.0 
450.0 356.0 272.0 165.0 49.0 -43.0 -99.0 
-134.0 -185.0 -264.0 -320.0 -325.0 -330.0 -354.0 
-367.0 -363.0 -335.0 -284.0 -235.0 -200.0 -145.0 
-59.0 14.0 66.0 118.0 178.0 220.0 230.0 
233.0 233.0 180.0 71.0 -30.0 -115.0 -216.0 
-315.0 -410.0 -505.0 -567.0 -593.0 -605.0 -616.0 
-630.0 -636.0 -627.0 -624.0 -617.0 -594.0 -565.0 
-535.0 -516.0 -496.0 -458.0 -424.0 -394.0 -347.0 
-285.0 -249.0 -239.0 -212.0 -171.0 -123.0 -64.0 
-11.0 22.0 57.0 97.0 132.0 160.0 172.0 
175.0 185.0 183.0 169.0 163.0 163.0 158.0 
165.0 182.0 199.0 226.0 250.0 287.0 337.0 
384.0 432.0 469.0 488.0 503.0 516.0 502.0 
476.0 434.0 360.0 274.0 183.0 88.0 -16.0 
-136.0 -260.0 -358.0 -422.0 -467.0 -492.0 -469.0 
-415.0 -356.0 -280.0 -188.0 -79.0 56.0 185.0 
273.0 372.0 495.0 591.0 653.0 710.0 758.0 
778.0 783.0 772.0 738.0 689.0 638.0 585.0 
516.0 426.0 343.0 278.0 211.0 144.0 79.0 
18.0 -15.0 -13.0 -16.0 -31.0 -40.0 -36.0 
-42.0 -72.0 -101.0 -108.0 -116.0 -151.0 -187.0 
-210.0 -218.0 -212.0 -206.0 -207.0 -184.0 -128.0 
-73.0 -55.0 -60.0 -35.0 13.0 38.0 31.0 
12.0 3.0 4.0 -10.0 -54.0 -120.0 -174.0 
-200.0 -244.0 -316.0 -375.0 -428.0 -494.0 -546.0 
-566.0 -577.0 -588.0 -603.0 -609.0 -597.0 -587.0 
-575.0 -545.0 -495.0 -423.0 -353.0 -302.0 -256.0 
-202.0 -146.0 -101.0 -64.0 -18.0 21.0 45.0 
63.0 75.0 86.0 96.0 93.0 85.0 68.0 
33.0 -9.0 -43.0 -86.0 -157.0 -232.0 -278.0 
-313.0 -368.0 -396.0 -369.0 -351.0 -357.0 -340.0 
-303.0 -286.0 -272.0 -230.0 -169.0 -108.0 -57.0 
-6.0 51.0 110.0 167.0 213.0 243.0 260.0 
281.0 305.0 308.0 292.0 270.0 252.0 249.0 
256.0 255.0 265.0 294.0 334.0 374.0 407.0 
443.0 495.0 536.0 554.0 571.0 589.0 595.0 
609.0 634.0 627.0 597.0 579.0 564.0 540.0 
510.0 470.0 433.0 404.0 384.0 380.0 382.0 
363.0 346.0 353.0 370.0 390.0 396.0 385.0 
376.0 361.0 316.0 245.0 168.0 91.0 1.0 
-128.0 -283.0 -427.0 -560.0 -693.0 -836.0 -979.0 
-1086.0 -1167.0 -1250.0 -1324.0 -1367.0 -1381.0 -1370.0 
-1336.0 -1283.0 -1211.0 -1128.0 -1025.0 -900.0 -775.0 
-659.0 -545.0 -422.0 -296.0 -155.0 5.0 144.0 
244.0 343.0 445.0 534.0 601.0 640.0 656.0 
655.0 636.0 610.0 569.0 509.0 444.0 387.0 
352.0 338.0 328.0 313.0 303.0 334.0 404.0 
452.0 467.0 494.0 538.0 568.0 574.0 572.0 
565.0 536.0 485.0 432.0 384.0 338.0 274.0 
203.0 160.0 118.0 54.0 0.0 -26.0 -63.0 
-127.0 -173.0 -204.0 -237.0 -257.0 -285.0 -331.0 
-359.0 -361.0 -368.0 -388.0 -389.0 -397.0 -424.0 
-441.0 -458.0 -482.0 -504.0 -518.0 -527.0 -527.0 
-529.0 -551.0 -570.0 -573.0 -588.0 -585.0 -548.0 
-514.0 -493.0 -463.0 -401.0 -325.0 -251.0 -165.0 
-61.0 31.0 110.0 176.0 246.0 331.0 399.0 
447.0 486.0 505.0 510.0 514.0 507.0 491.0 
472.0 451.0 430.0 395.0 349.0 322.0 320.0 
318.0 310.0 296.0 280.0 246.0 196.0 156.0 
116.0 56.0 -8.0 -64.0 -138.0 -228.0 -301.0 
-365.0 -419.0 -440.0 -449.0 -452.0 -413.0 -348.0 
-283.0 -228.0 -170.0 -100.0 -28.0 32.0 73.0 
94.0 113.0 129.0 143.0 153.0 146.0 123.0 
98.0 80.0 69.0 61.0 43.0 31.0 41.0 
61.0 95.0 148.0 199.0 251.0 315.0 377.0 
429.0 467.0 496.0 521.0 526.0 504.0 458.0 
411.0 353.0 275.0 194.0 111.0 14.0 -93.0 
-195.0 -306.0 -414.0 -510.0 -594.0 -649.0 -680.0 
-690.0 -682.0 -655.0 -595.0 -519.0 -433.0 -321.0 
-202.0 -92.0 4.0 72.0 110.0 147.0 183.0 
185.0 163.0 142.0 123.0 121.0 114.0 91.0 
85.0 104.0 116.0 118.0 132.0 153.0 179.0 
201.0 228.0 285.0 334.0 350.0 353.0 342.0 
322.0 294.0 224.0 109.0 1.0 -71.0 -143.0 
-226.0 -309.0 -399.0 -488.0 -557.0 -605.0 -631.0 
-648.0 -649.0 -630.0 -595.0 -541.0 -474.0 -410.0 
-343.0 -267.0 -214.0 -194.0 -178.0 -175.0 -207.0 
-247.0 -282.0 -309.0 -314.0 -317.0 -353.0 -388.0 
-389.0 -386.0 -395.0 -396.0 -372.0 -340.0 -317.0 
-312.0 -313.0 -277.0 -211.0 -170.0 -149.0 -113.0 
-73.0 -49.0 -29.0 -1.0 16.0 38.0 85.0 
131.0 163.0 203.0 256.0 306.0 345.0 371.0 
386.0 396.0 415.0 425.0 410.0 390.0 386.0 
380.0 360.0 351.0 341.0 324.0 313.0 305.0 
296.0 272.0 235.0 220.0 203.0 159.0 112.0 
89.0 81.0 73.0 55.0 35.0 23.0 3.0 
-12.0 -19.0 -18.0 -3.0 7.0 22.0 53.0 
86.0 103.0 104.0 100.0 99.0 110.0 126.0 
137.0 154.0 176.0 193.0 216.0 245.0 261.0 
265.0 273.0 286.0 302.0 330.0 345.0 352.0 
366.0 392.0 417.0 415.0 384.0 354.0 335.0 
289.0 227.0 173.0 93.0 -8.0 -105.0 -194.0 
-279.0 -374.0 -457.0 -488.0 -482.0 -478.0 -470.0 
-438.0 -413.0 -397.0 -359.0 -309.0 -273.0 -245.0 
-205.0 -176.0 -177.0 -188.0 -185.0 -178.0 -191.0 
-211.0 -232.0 -257.0 -277.0 -282.0 -282.0 -284.0 
-269.0 -237.0 -223.0 -237.0 -243.0 -218.0 -214.0 
-239.0 -256.0 -264.0 -293.0 -330.0 -361.0 -398.0 
-422.0 -413.0 -398.0 -396.0 -396.0 -374.0 -321.0 
-256.0 -182.0 -96.0 -13.0 63.0 141.0 201.0 
248.0 287.0 310.0 307.0 309.0 299.0 265.0 
222.0 175.0 120.0 55.0 -4.0 -49.0 -83.0 
-133.0 -182.0 -213.0 -238.0 -259.0 -264.0 -266.0 
-278.0 -293.0 -285.0 -253.0 -232.0 -221.0 -185.0 
-132.0 -73.0 3.0 83.0 164.0 251.0 333.0 
418.0 508.0 578.0 636.0 694.0 715.0 685.0 
653.0 635.0 609.0 558.0 501.0 466.0 434.0 
413.0 416.0 422.0 423.0 437.0 466.0 485.0 
483.0 464.0 444.0 420.0 374.0 306.0 239.0 
175.0 94.0 -3.0 -87.0 -155.0 -242.0 -342.0 
-417.0 -467.0 -512.0 -529.0 -528.0 -532.0 -543.0 
-553.0 -555.0 -539.0 -498.0 -444.0 -391.0 -333.0 
-257.0 -169.0 -93.0 -33.0 29.0 102.0 162.0 
204.0 228.0 221.0 196.0 184.0 176.0 153.0 
113.0 67.0 31.0 2.0 -25.0 -54.0 -78.0 
-93.0 -93.0 -92.0 -89.0 -81.0 -80.0 -95.0 
-113.0 -129.0 -150.0 -179.0 -207.0 -222.0 -234.0 
-255.0 -254.0 -239.0 -260.0 -295.0 -295.0 -285.0 
-297.0 -324.0 -332.0 -342.0 -358.0 -348.0 -342.0 
-367.0 -377.0 -342.0 -297.0 -255.0 -200.0 -150.0 
-109.0 -74.0 -44.0 -3.0 40.0 79.0 109.0 
133.0 147.0 156.0 161.0 162.0 160.0 159.0 
170.0 186.0 183.0 171.0 177.0 210.0 256.0 
292.0 324.0 350.0 350.0 358.0 389.0 400.0 
389.0 383.0 350.0 281.0 222.0 165.0 84.0 
9.0 -56.0 -111.0 -150.0 -180.0 -198.0 -192.0 
-193.0 -211.0 -210.0 -185.0 -162.0 -135.0 -117.0 
-132.0 -157.0 -155.0 -143.0 -161.0 -193.0 -216.0 
-235.0 -250.0 -271.0 -314.0 -365.0 -408.0 -437.0 
-440.0 -436.0 -426.0 -407.0 -370.0 -300.0 -212.0 
-141.0 -80.0 6.0 120.0 247.0 361.0 461.0 
565.0 669.0 740.0 792.0 844.0 899.0 950.0 
950.0 904.0 867.0 823.0 722.0 597.0 485.0 
345.0 170.0 2.0 -157.0 -316.0 -462.0 -587.0 
-682.0 -733.0 -742.0 -729.0 -701.0 -658.0 -603.0 
-541.0 -470.0 -395.0 -312.0 -217.0 -129.0 -65.0 
-20.0 25.0 80.0 126.0 156.0 165.0 165.0 
164.0 151.0 123.0 102.0 91.0 85.0 100.0 
124.0 136.0 159.0 186.0 189.0 202.0 233.0 
244.0 239.0 246.0 262.0 266.0 272.0 287.0 
297.0 300.0 284.0 241.0 211.0 194.0 145.0 
79.0 28.0 -51.0 -170.0 -266.0 -326.0 -392.0 
-453.0 -480.0 -506.0 -529.0 -532.0 -526.0 -501.0 
-450.0 -385.0 -318.0 -247.0 -193.0 -149.0 -74.0 
6.0 51.0 83.0 115.0 141.0 152.0 131.0 
103.0 91.0 66.0 8.0 -43.0 -66.0 -85.0 
-122.0 -145.0 -141.0 -109.0 -55.0 -12.0 7.0 
45.0 102.0 137.0 156.0 163.0 146.0 106.0 
60.0 7.0 -65.0 -162.0 -242.0 -284.0 -326.0 
-382.0 -422.0 -437.0 -428.0 -390.0 -338.0 -279.0 
-213.0 -150.0 -77.0 13.0 96.0 157.0 211.0 
270.0 327.0 380.0 411.0 416.0 414.0 403.0 
384.0 359.0 321.0 292.0 287.0 281.0 262.0 
257.0 269.0 282.0 302.0 327.0 343.0 348.0 
353.0 341.0 309.0 290.0 270.0 202.0 114.0 
52.0 -7.0 -80.0 -139.0 -190.0 -232.0 -259.0 
-274.0 -255.0 -217.0 -187.0 -147.0 -93.0 -35.0 
24.0 109.0 196.0 237.0 253.0 296.0 361.0 
402.0 399.0 369.0 343.0 344.0 340.0 300.0 
249.0 205.0 148.0 77.0 -8.0 -118.0 -225.0 
-330.0 -447.0 -543.0 -629.0 -752.0 -887.0 -1010.0 
-1107.0 -1156.0 -1175.0 -1191.0 -1205.0 -1224.0 -1216.0 
-1169.0 -1116.0 -1044.0 -959.0 -880.0 -797.0 -693.0 
-585.0 -489.0 -395.0 -288.0 -170.0 -49.0 65.0 
144.0 192.0 247.0 293.0 322.0 331.0 326.0 
323.0 328.0 309.0 271.0 255.0 280.0 314.0 
325.0 358.0 427.0 490.0 554.0 626.0 700.0 
789.0 890.0 996.0 1088.0 1156.0 1224.0 1304.0 
1357.0 1380.0 1404.0 1417.0 1391.0 1338.0 1269.0 
1177.0 1072.0 956.0 826.0 666.0 492.0 345.0 
204.0 66.0 -39.0 -122.0 -200.0 -253.0 -296.0 
-336.0 -369.0 -395.0 -409.0 -423.0 -457.0 -496.0 
-522.0 -554.0 -609.0 -672.0 -716.0 -742.0 -761.0 
-774.0 -792.0 -816.0 -829.0 -825.0 -821.0 -832.0 
-834.0 -804.0 -769.0 -749.0 -734.0 -720.0 -691.0 
-661.0 -650.0 -644.0 -638.0 -626.0 -601.0 -571.0 
-545.0 -505.0 -456.0 -406.0 -347.0 -268.0 -173.0 
-77.0 5.0 82.0 146.0 192.0 215.0 214.0 
204.0 176.0 126.0 91.0 56.0 -11.0 -84.0 
-128.0 -148.0 -166.0 -185.0 -190.0 -155.0 -99.0 
-51.0 7.0 83.0 145.0 200.0 276.0 377.0 
474.0 543.0 613.0 704.0 774.0 830.0 897.0 
957.0 984.0 1008.0 1035.0 1026.0 989.0 941.0 
902.0 880.0 849.0 797.0 739.0 686.0 632.0 
578.0 526.0 478.0 425.0 361.0 298.0 235.0 
154.0 60.0 -36.0 -117.0 -166.0 -221.0 -283.0 
-310.0 -301.0 -290.0 -298.0 -298.0 -276.0 -238.0 
-192.0 -150.0 -121.0 -96.0 -64.0 -47.0 -52.0 
-64.0 -76.0 -77.0 -88.0 -120.0 -154.0 -203.0 
-272.0 -334.0 -372.0 -388.0 -417.0 -468.0 -514.0 
-540.0 -556.0 -566.0 -574.0 -568.0 -555.0 -548.0 
-534.0 -517.0 -492.0 -445.0 -381.0 -304.0 -219.0 
-129.0 -37.0 52.0 134.0 200.0 253.0 276.0 
289.0 321.0 359.0 364.0 334.0 303.0 273.0 
216.0 157.0 91.0 14.0 -53.0 -108.0 -150.0 
-190.0 -236.0 -271.0 -281.0 -285.0 -292.0 -296.0 
-294.0 -281.0 -252.0 -231.0 -217.0 -198.0 -171.0 
-145.0 -127.0 -104.0 -67.0 -30.0 2.0 37.0 
59.0 64.0 80.0 116.0 141.0 126.0 92.0 
86.0 99.0 98.0 80.0 86.0 122.0 154.0 
179.0 214.0 251.0 288.0 340.0 394.0 443.0 
494.0 555.0 605.0 638.0 677.0 708.0 715.0 
719.0 728.0 717.0 675.0 623.0 584.0 536.0 
469.0 392.0 302.0 208.0 108.0 -11.0 -147.0 
-270.0 -382.0 -507.0 -637.0 -760.0 -859.0 -927.0 
-951.0 -941.0 -935.0 -925.0 -880.0 -815.0 -738.0 
-627.0 -487.0 -354.0 -250.0 -149.0 -45.0 39.0 
116.0 198.0 276.0 333.0 397.0 484.0 565.0 
628.0 692.0 768.0 842.0 895.0 923.0 926.0 
879.0 796.0 723.0 640.0 526.0 405.0 274.0 
124.0 -19.0 -154.0 -282.0 -387.0 -472.0 -542.0 
-574.0 -556.0 -522.0 -495.0 -449.0 -371.0 -288.0 
-202.0 -120.0 -50.0 12.0 49.0 54.0 45.0 
22.0 -4.0 -35.0 -88.0 -161.0 -247.0 -314.0 
-355.0 -427.0 -521.0 -586.0 -621.0 -654.0 -667.0 
-650.0 -639.0 -627.0 -574.0 -491.0 -415.0 -333.0 
-224.0 -112.0 -8.0 88.0 171.0 232.0 272.0 
309.0 344.0 366.0 387.0 398.0 384.0 379.0 
405.0 423.0 426.0 434.0 434.0 412.0 377.0 
347.0 328.0 292.0 248.0 216.0 194.0 176.0 
169.0 149.0 116.0 99.0 90.0 85.0 85.0 
81.0 61.0 47.0 45.0 39.0 42.0 79.0 
114.0 126.0 133.0 159.0 190.0 215.0 237.0 
253.0 269.0 279.0 275.0 246.0 202.0 188.0 
203.0 213.0 198.0 181.0 174.0 167.0 168.0 
181.0 186.0 173.0 167.0 172.0 161.0 144.0 
140.0 125.0 95.0 54.0 17.0 -22.0 -99.0 
-192.0 -249.0 -296.0 -378.0 -464.0 -512.0 -528.0 
-545.0 -571.0 -573.0 -560.0 -552.0 -531.0 -497.0 
-472.0 -437.0 -389.0 -352.0 -317.0 -285.0 -250.0 
-193.0 -119.0 -71.0 -35.0 17.0 57.0 52.0 
31.0 21.0 5.0 -32.0 -80.0 -141.0 -202.0 
-249.0 -308.0 -382.0 -443.0 -475.0 -488.0 -500.0 
-503.0 -490.0 -456.0 -418.0 -375.0 -303.0 -222.0 
-164.0 -118.0 -52.0 27.0 105.0 179.0 242.0 
292.0 355.0 415.0 438.0 458.0 484.0 487.0 
468.0 456.0 441.0 402.0 358.0 335.0 340.0 
338.0 320.0 330.0 368.0 389.0 411.0 453.0 
497.0 541.0 597.0 646.0 681.0 721.0 751.0 
765.0 751.0 719.0 687.0 641.0 554.0 440.0 
332.0 234.0 133.0 32.0 -71.0 -176.0 -246.0 
-297.0 -362.0 -422.0 -445.0 -448.0 -457.0 -457.0 
-433.0 -402.0 -356.0 -277.0 -185.0 -114.0 -72.0 
-29.0 34.0 98.0 152.0 194.0 222.0 250.0 
283.0 310.0 330.0 359.0 392.0 410.0 406.0 
386.0 362.0 345.0 317.0 258.0 183.0 105.0 
25.0 -42.0 -106.0 -188.0 -266.0 -306.0 -342.0 
-402.0 -442.0 -454.0 -469.0 -477.0 -478.0 -496.0 
-509.0 -511.0 -526.0 -543.0 -566.0 -602.0 -626.0 
-645.0 -679.0 -718.0 -751.0 -777.0 -793.0 -788.0 
-766.0 -741.0 -716.0 -685.0 -646.0 -601.0 -552.0 
-489.0 -407.0 -326.0 -256.0 -168.0 -41.0 84.0 
195.0 295.0 366.0 426.0 503.0 553.0 557.0 
554.0 542.0 514.0 490.0 486.0 480.0 440.0 
387.0 354.0 347.0 347.0 348.0 365.0 394.0 
436.0 490.0 534.0 579.0 649.0 724.0 785.0 
827.0 853.0 878.0 907.0 920.0 932.0 927.0 
878.0 815.0 767.0 707.0 616.0 521.0 432.0 
333.0 216.0 110.0 27.0 -55.0 -130.0 -175.0 
-192.0 -205.0 -215.0 -227.0 -241.0 -242.0 -219.0 
-209.0 -221.0 -207.0 -166.0 -139.0 -137.0 -150.0 
-159.0 -150.0 -133.0 -128.0 -136.0 -148.0 -158.0 
-162.0 -160.0 -169.0 -182.0 -185.0 -187.0 -198.0 
-225.0 -271.0 -312.0 -331.0 -339.0 -346.0 -379.0 
-421.0 -434.0 -429.0 -431.0 -426.0 -403.0 -381.0 
-363.0 -334.0 -301.0 -285.0 -280.0 -269.0 -263.0 
-261.0 -247.0 -230.0 -212.0 -174.0 -141.0 -126.0 
-110.0 -87.0 -70.0 -47.0 -31.0 -56.0 -73.0 
-41.0 -7.0 19.0 64.0 121.0 185.0 262.0 
351.0 425.0 492.0 538.0 545.0 535.0 501.0 
444.0 372.0 285.0 174.0 48.0 -70.0 -171.0 
-240.0 -303.0 -358.0 -392.0 -414.0 -425.0 -413.0 
-380.0 -318.0 -233.0 -151.0 -68.0 0.0 44.0 
103.0 176.0 247.0 314.0 337.0 311.0 284.0 
246.0 177.0 87.0 -20.0 -124.0 -202.0 -291.0 
-403.0 -495.0 -557.0 -587.0 -588.0 -587.0 -575.0 
-513.0 -433.0 -370.0 -305.0 -214.0 -108.0 8.0 
146.0 278.0 388.0 496.0 597.0 671.0 729.0 
782.0 827.0 842.0 825.0 799.0 768.0 733.0 
699.0 663.0 615.0 556.0 502.0 466.0 434.0 
388.0 348.0 319.0 269.0 211.0 188.0 164.0 
108.0 70.0 66.0 66.0 71.0 66.0 47.0 
22.0 -2.0 -19.0 -14.0 -2.0 -13.0 -38.0 
-66.0 -94.0 -124.0 -166.0 -240.0 -323.0 -373.0 
-399.0 -440.0 -489.0 -538.0 -582.0 -604.0 -630.0 
-664.0 -691.0 -698.0 -684.0 -670.0 -661.0 -644.0 
-622.0 -620.0 -628.0 -610.0 -578.0 -556.0 -532.0 
-504.0 -466.0 -402.0 -339.0 -291.0 -227.0 -153.0 
-86.0 -31.0 9.0 55.0 123.0 198.0 271.0 
347.0 422.0 494.0 566.0 625.0 672.0 705.0 
706.0 684.0 677.0 657.0 604.0 560.0 534.0 
475.0 383.0 303.0 218.0 111.0 16.0 -63.0 
-138.0 -192.0 -234.0 -269.0 -267.0 -242.0 -210.0 
-161.0 -104.0 -50.0 7.0 76.0 142.0 209.0 
281.0 346.0 396.0 419.0 417.0 407.0 401.0 
378.0 335.0 285.0 209.0 122.0 47.0 -19.0 
-86.0 -140.0 -175.0 -199.0 -223.0 -225.0 -207.0 
-196.0 -186.0 -164.0 -149.0 -166.0 -197.0 -223.0 
-262.0 -295.0 -302.0 -314.0 -360.0 -397.0 -405.0 
-440.0 -501.0 -537.0 -552.0 -564.0 -578.0 -583.0 
-575.0 -560.0 -555.0 -556.0 -540.0 -514.0 -486.0 
-437.0 -390.0 -351.0 -283.0 -202.0 -143.0 -94.0 
-43.0 5.0 68.0 141.0 200.0 250.0 296.0 
335.0 372.0 413.0 435.0 441.0 454.0 473.0 
491.0 503.0 503.0 499.0 480.0 458.0 460.0 
451.0 415.0 376.0 326.0 273.0 241.0 198.0 
125.0 49.0 -4.0 -38.0 -65.0 -79.0 -64.0 
-17.0 35.0 63.0 96.0 144.0 194.0 252.0 
302.0 329.0 342.0 352.0 340.0 290.0 233.0 
190.0 139.0 39.0 -89.0 -196.0 -286.0 -394.0 
-512.0 -600.0 -674.0 -744.0 -785.0 -789.0 -774.0 
-757.0 -719.0 -656.0 -557.0 -439.0 -325.0 -210.0 
-88.0 31.0 121.0 210.0 308.0 378.0 424.0 
483.0 541.0 590.0 643.0 680.0 691.0 686.0 
672.0 652.0 616.0 574.0 523.0 440.0 339.0 
247.0 165.0 75.0 -29.0 -138.0 -233.0 -316.0 
-393.0 -449.0 -488.0 -529.0 -551.0 -532.0 -505.0 
-489.0 -471.0 -439.0 -408.0 -384.0 -351.0 -327.0 
-326.0 -337.0 -349.0 -359.0 -374.0 -388.0 -390.0 
-403.0 -430.0 -441.0 -439.0 -460.0 -484.0 -502.0 
-518.0 -515.0 -494.0 -486.0 -503.0 -525.0 -509.0 
-462.0 -446.0 -444.0 -409.0 -361.0 -310.0 -250.0 
-195.0 -135.0 -47.0 46.0 124.0 204.0 283.0 
348.0 403.0 447.0 481.0 501.0 506.0 521.0 
538.0 532.0 530.0 545.0 549.0 528.0 519.0 
548.0 591.0 604.0 614.0 647.0 670.0 667.0 
655.0 643.0 605.0 547.0 494.0 426.0 321.0 
195.0 81.0 -9.0 -118.0 -262.0 -393.0 -503.0 
-618.0 -717.0 -774.0 -814.0 -836.0 -829.0 -808.0 
-768.0 -712.0 -652.0 -563.0 -438.0 -297.0 -146.0 
14.0 162.0 292.0 437.0 597.0 726.0 813.0 
871.0 899.0 896.0 883.0 842.0 747.0 626.0 
492.0 345.0 179.0 6.0 -129.0 -230.0 -312.0 
-352.0 -357.0 -336.0 -290.0 -230.0 -164.0 -100.0 
-32.0 40.0 104.0 155.0 193.0 215.0 222.0 
227.0 218.0 172.0 115.0 82.0 53.0 19.0 
-12.0 -33.0 -62.0 -89.0 -85.0 -86.0 -102.0 
-107.0 -101.0 -97.0 -112.0 -147.0 -166.0 -184.0 
-234.0 -283.0 -321.0 -373.0 -415.0 -420.0 -422.0 
-429.0 -430.0 -420.0 -408.0 -393.0 -384.0 -388.0 
-384.0 -370.0 -381.0 -415.0 -433.0 -422.0 -418.0 
-426.0 -438.0 -438.0 -413.0 -373.0 -318.0 -250.0 
-177.0 -103.0 -33.0 31.0 97.0 177.0 268.0 
338.0 380.0 402.0 409.0 407.0 382.0 317.0 
237.0 163.0 81.0 -17.0 -129.0 -239.0 -331.0 
-420.0 -522.0 -615.0 -687.0 -743.0 -772.0 -797.0 
-821.0 -826.0 -812.0 -788.0 -758.0 -721.0 -667.0 
-602.0 -551.0 -500.0 -432.0 -371.0 -307.0 -227.0 
-146.0 -60.0 43.0 159.0 265.0 364.0 481.0 
604.0 717.0 814.0 899.0 980.0 1027.0 1034.0 
1046.0 1075.0 1088.0 1057.0 995.0 956.0 936.0 
891.0 825.0 762.0 709.0 672.0 673.0 687.0 
678.0 673.0 713.0 756.0 754.0 739.0 735.0 
724.0 698.0 651.0 600.0 570.0 541.0 489.0 
426.0 365.0 279.0 179.0 85.0 -16.0 -119.0 
-207.0 -302.0 -417.0 -509.0 -570.0 -624.0 -666.0 
-695.0 -696.0 -675.0 -669.0 -654.0 -612.0 -582.0 
-593.0 -624.0 -636.0 -663.0 -722.0 -770.0 -801.0 
-849.0 -919.0 -983.0 -1040.0 -1099.0 -1131.0 -1120.0 
-1119.0 -1133.0 -1103.0 -1043.0 -998.0 -944.0 -868.0 
-812.0 -765.0 -706.0 -644.0 -566.0 -485.0 -414.0 
-344.0 -274.0 -203.0 -120.0 -33.0 56.0 164.0 
302.0 457.0 588.0 709.0 860.0 1026.0 1174.0 
1309.0 1431.0 1513.0 1584.0 1647.0 1680.0 1676.0 
1625.0 1523.0 1387.0 1238.0 1078.0 906.0 717.0 
496.0 270.0 61.0 -124.0 -288.0 -443.0 -583.0 
-694.0 -788.0 -864.0 -917.0 -955.0 -992.0 -1004.0 
-989.0 -976.0 -960.0 -927.0 -890.0 -859.0 -837.0 
-811.0 -767.0 -707.0 -646.0 -596.0 -560.0 -518.0 
-452.0 -395.0 -367.0 -336.0 -291.0 -261.0 -250.0 
-222.0 -175.0 -128.0 -97.0 -74.0 -24.0 35.0 
80.0 137.0 209.0 272.0 339.0 426.0 509.0 
571.0 612.0 626.0 622.0 598.0 545.0 485.0 
437.0 372.0 277.0 197.0 145.0 100.0 55.0 
21.0 3.0 8.0 10.0 5.0 21.0 45.0 
43.0 56.0 83.0 77.0 67.0 70.0 73.0 
79.0 88.0 101.0 126.0 151.0 175.0 213.0 
253.0 273.0 282.0 300.0 328.0 364.0 395.0 
385.0 352.0 339.0 336.0 318.0 278.0 231.0 
182.0 132.0 81.0 28.0 -28.0 -81.0 -126.0 
-155.0 -173.0 -206.0 -230.0 -229.0 -218.0 -212.0 
-199.0 -184.0 -171.0 -136.0 -86.0 -65.0 -60.0 
-47.0 -27.0 -13.0 -16.0 -53.0 -108.0 -160.0 
-221.0 -292.0 -360.0 -426.0 -482.0 -530.0 -558.0 
-577.0 -598.0 -608.0 -612.0 -613.0 -607.0 -581.0 
-559.0 -545.0 -528.0 -518.0 -497.0 -454.0 -427.0 
-421.0 -415.0 -376.0 -337.0 -336.0 -339.0 -324.0 
-296.0 -243.0 -186.0 -163.0 -152.0 -141.0 -148.0 
-150.0 -143.0 -159.0 -202.0 -256.0 -293.0 -306.0 
-327.0 -357.0 -379.0 -390.0 -396.0 -378.0 -325.0 
-253.0 -168.0 -67.0 47.0 180.0 323.0 464.0 
590.0 699.0 790.0 873.0 971.0 1040.0 1081.0 
1124.0 1160.0 1176.0 1175.0 1171.0 1162.0 1136.0 
1106.0 1076.0 1033.0 957.0 876.0 811.0 731.0 
635.0 546.0 464.0 372.0 293.0 217.0 146.0 
87.0 32.0 -10.0 -39.0 -60.0 -93.0 -114.0 
-125.0 -162.0 -197.0 -236.0 -285.0 -320.0 -362.0 
-435.0 -487.0 -513.0 -562.0 -630.0 -690.0 -751.0 
-827.0 -886.0 -938.0 -991.0 -1022.0 -1032.0 -1022.0 
-989.0 -966.0 -953.0 -918.0 -876.0 -841.0 -800.0 
-758.0 -703.0 -637.0 -589.0 -547.0 -486.0 -412.0 
-338.0 -255.0 -162.0 -72.0 -4.0 48.0 105.0 
169.0 229.0 283.0 339.0 401.0 459.0 502.0 
531.0 550.0 554.0 562.0 562.0 545.0 528.0 
496.0 435.0 368.0 310.0 238.0 160.0 87.0 
17.0 -53.0 -127.0 -196.0 -256.0 -296.0 -312.0 
-322.0 -346.0 -359.0 -342.0 -320.0 -305.0 -270.0 
-220.0 -185.0 -155.0 -116.0 -78.0 -45.0 5.0 
72.0 117.0 136.0 183.0 244.0 262.0 248.0 
238.0 239.0 224.0 197.0 227.0 276.0 268.0 
268.0 324.0 368.0 389.0 417.0 482.0 580.0 
625.0 637.0 706.0 788.0 818.0 853.0 921.0 
947.0 933.0 963.0 998.0 952.0 865.0 803.0 
723.0 602.0 501.0 422.0 317.0 158.0 -3.0 
-124.0 -243.0 -378.0 -515.0 -655.0 -779.0 -884.0 
-991.0 -1045.0 -1054.0 -1075.0 -1112.0 -1151.0 -1181.0 
-1205.0 -1236.0 -1261.0 -1278.0 -1299.0 -1292.0 -1287.0 
-1347.0 -1395.0 -1379.0 -1392.0 -1419.0 -1362.0 -1255.0 
-1155.0 -1041.0 -866.0 -661.0 -457.0 -245.0 -39.0 
140.0 287.0 402.0 489.0 567.0 619.0 618.0 
580.0 535.0 478.0 383.0 264.0 160.0 66.0 
-29.0 -111.0 -165.0 -187.0 -177.0 -141.0 -74.0 
6.0 82.0 179.0 292.0 365.0 416.0 491.0 
557.0 580.0 597.0 631.0 651.0 654.0 642.0 
615.0 605.0 624.0 635.0 634.0 636.0 615.0 
586.0 593.0 586.0 541.0 505.0 480.0 445.0 
395.0 336.0 298.0 270.0 208.0 142.0 133.0 
128.0 95.0 67.0 62.0 76.0 105.0 120.0 
120.0 158.0 212.0 238.0 276.0 335.0 355.0 
338.0 322.0 305.0 259.0 197.0 142.0 96.0 
32.0 -54.0 -144.0 -243.0 -371.0 -516.0 -627.0 
-731.0 -857.0 -958.0 -1013.0 -1081.0 -1161.0 -1187.0 
-1176.0 -1177.0 -1172.0 -1131.0 -1067.0 -999.0 -924.0 
-837.0 -758.0 -693.0 -620.0 -525.0 -445.0 -416.0 
-409.0 -394.0 -365.0 -343.0 -319.0 -292.0 -265.0 
-214.0 -152.0 -98.0 -19.0 99.0 226.0 340.0 
441.0 533.0 627.0 741.0 844.0 922.0 984.0 
1026.0 1073.0 1108.0 1087.0 1048.0 1019.0 958.0 
863.0 765.0 655.0 547.0 445.0 329.0 198.0 
73.0 -44.0 -155.0 -255.0 -356.0 -444.0 -501.0 
-561.0 -608.0 -625.0 -648.0 -674.0 -671.0 -640.0 
-595.0 -523.0 -459.0 -401.0 -302.0 -205.0 -145.0 
-92.0 -39.0 2.0 36.0 57.0 47.0 17.0 
-16.0 -75.0 -163.0 -229.0 -268.0 -350.0 -478.0 
-574.0 -641.0 -716.0 -776.0 -811.0 -832.0 -827.0 
-800.0 -757.0 -687.0 -606.0 -525.0 -413.0 -290.0 
-180.0 -67.0 78.0 233.0 360.0 472.0 591.0 
692.0 776.0 856.0 888.0 886.0 884.0 849.0 
775.0 695.0 600.0 480.0 382.0 322.0 244.0 
132.0 52.0 25.0 21.0 22.0 22.0 32.0 
77.0 144.0 207.0 271.0 347.0 424.0 517.0 
633.0 715.0 765.0 820.0 875.0 905.0 913.0 
897.0 872.0 830.0 763.0 694.0 619.0 510.0 
379.0 260.0 143.0 15.0 -115.0 -236.0 -373.0 
-533.0 -682.0 -799.0 -881.0 -945.0 -1006.0 -1052.0 
-1067.0 -1069.0 -1046.0 -988.0 -933.0 -892.0 -841.0 
-791.0 -770.0 -742.0 -693.0 -669.0 -655.0 -641.0 
-637.0 -631.0 -638.0 -661.0 -676.0 -676.0 -668.0 
-668.0 -685.0 -697.0 -677.0 -636.0 -608.0 -589.0 
-555.0 -505.0 -425.0 -313.0 -194.0 -90.0 -1.0 
99.0 201.0 288.0 360.0 433.0 496.0 528.0 
540.0 547.0 552.0 559.0 576.0 591.0 599.0 
630.0 674.0 711.0 747.0 789.0 844.0 908.0 
955.0 1005.0 1068.0 1111.0 1118.0 1106.0 1100.0 
1103.0 1077.0 1022.0 966.0 911.0 826.0 713.0 
602.0 501.0 411.0 297.0 180.0 113.0 60.0 
-6.0 -35.0 -37.0 -61.0 -80.0 -71.0 -70.0 
-88.0 -116.0 -138.0 -161.0 -207.0 -266.0 -321.0 
-367.0 -418.0 -481.0 -531.0 -551.0 -567.0 -586.0 
-605.0 -626.0 -648.0 -677.0 -703.0 -722.0 -749.0 
-790.0 -839.0 -890.0 -963.0 -1047.0 -1114.0 -1165.0 
-1229.0 -1295.0 -1348.0 -1394.0 -1412.0 -1410.0 -1408.0 
-1388.0 -1327.0 -1242.0 -1170.0 -1086.0 -968.0 -826.0 
-683.0 -546.0 -377.0 -191.0 -35.0 97.0 222.0 
331.0 431.0 534.0 618.0 687.0 756.0 822.0 
867.0 897.0 922.0 942.0 953.0 959.0 976.0 
989.0 987.0 994.0 1000.0 993.0 998.0 1020.0 
1021.0 997.0 983.0 988.0 995.0 982.0 965.0 
969.0 979.0 978.0 967.0 935.0 896.0 846.0 
768.0 680.0 597.0 507.0 401.0 294.0 187.0 
85.0 8.0 -55.0 -111.0 -147.0 -152.0 -151.0 
-162.0 -165.0 -148.0 -118.0 -93.0 -96.0 -121.0 
-147.0 -176.0 -209.0 -236.0 -264.0 -300.0 -335.0 
-362.0 -377.0 -375.0 -372.0 -377.0 -378.0 -386.0 
-408.0 -444.0 -479.0 -512.0 -551.0 -593.0 -637.0 
-671.0 -675.0 -674.0 -702.0 -689.0 -657.0 -621.0 
-557.0 -493.0 -428.0 -355.0 -298.0 -238.0 -171.0 
-115.0 -39.0 17.0 49.0 90.0 117.0 125.0 
132.0 116.0 84.0 63.0 36.0 -4.0 -55.0 
-124.0 -184.0 -222.0 -260.0 -288.0 -291.0 -278.0 
-262.0 -253.0 -247.0 -224.0 -186.0 -157.0 -135.0 
-101.0 -81.0 -78.0 -80.0 -83.0 -91.0 -107.0 
-150.0 -219.0 -280.0 -308.0 -324.0 -364.0 -414.0 
-436.0 -438.0 -448.0 -451.0 -431.0 -389.0 -324.0 
-258.0 -189.0 -104.0 -18.0 58.0 129.0 185.0 
248.0 330.0 401.0 459.0 509.0 553.0 599.0 
638.0 659.0 675.0 697.0 700.0 696.0 709.0 
708.0 676.0 645.0 646.0 634.0 600.0 577.0 
551.0 508.0 463.0 448.0 420.0 364.0 332.0 
329.0 325.0 315.0 283.0 235.0 207.0 194.0 
180.0 158.0 124.0 88.0 55.0 17.0 -25.0 
-79.0 -129.0 -175.0 -228.0 -275.0 -309.0 -324.0 
-310.0 -275.0 -209.0 -119.0 -34.0 63.0 184.0 
309.0 428.0 559.0 694.0 793.0 839.0 850.0 
856.0 848.0 809.0 749.0 660.0 535.0 423.0 
319.0 189.0 43.0 -99.0 -212.0 -324.0 -472.0 
-620.0 -719.0 -801.0 -883.0 -933.0 -960.0 -992.0 
-1007.0 -989.0 -969.0 -969.0 -952.0 -909.0 -870.0 
-846.0 -832.0 -802.0 -778.0 -786.0 -795.0 -792.0 
-780.0 -767.0 -757.0 -733.0 -693.0 -634.0 -566.0 
-488.0 -408.0 -335.0 -242.0 -135.0 -52.0 -2.0 
35.0 67.0 109.0 162.0 209.0 251.0 295.0 
329.0 365.0 413.0 444.0 461.0 499.0 545.0 
577.0 603.0 633.0 652.0 648.0 630.0 607.0 
582.0 557.0 533.0 503.0 474.0 469.0 470.0 
441.0 411.0 397.0 389.0 391.0 415.0 441.0 
453.0 463.0 505.0 584.0 653.0 706.0 759.0 
799.0 830.0 838.0 801.0 736.0 660.0 564.0 
450.0 319.0 173.0 26.0 -101.0 -240.0 -391.0 
-521.0 -630.0 -717.0 -775.0 -836.0 -909.0 -959.0 
-976.0 -968.0 -951.0 -923.0 -867.0 -797.0 -737.0 
-672.0 -604.0 -560.0 -498.0 -414.0 -358.0 -322.0 
-284.0 -245.0 -202.0 -147.0 -95.0 -41.0 19.0 
76.0 143.0 198.0 224.0 257.0 286.0 296.0 
288.0 254.0 211.0 169.0 125.0 82.0 50.0 
38.0 31.0 5.0 -25.0 -29.0 -10.0 23.0 
72.0 123.0 168.0 212.0 251.0 287.0 334.0 
378.0 426.0 493.0 540.0 547.0 560.0 585.0 
589.0 593.0 607.0 600.0 580.0 559.0 521.0 
492.0 478.0 440.0 385.0 348.0 320.0 262.0 
178.0 105.0 45.0 -17.0 -69.0 -100.0 -145.0 
-198.0 -229.0 -243.0 -261.0 -277.0 -266.0 -237.0 
-190.0 -143.0 -121.0 -109.0 -102.0 -109.0 -128.0 
-163.0 -204.0 -230.0 -265.0 -332.0 -403.0 -443.0 
-484.0 -550.0 -603.0 -630.0 -663.0 -692.0 -695.0 
-677.0 -648.0 -611.0 -541.0 -455.0 -381.0 -309.0 
-227.0 -135.0 -46.0 24.0 72.0 100.0 131.0 
154.0 146.0 138.0 147.0 160.0 189.0 229.0 
252.0 281.0 322.0 347.0 364.0 388.0 400.0 
390.0 371.0 356.0 340.0 307.0 274.0 242.0 
199.0 160.0 119.0 70.0 33.0 23.0 25.0 
10.0 -27.0 -69.0 -97.0 -127.0 -170.0 -200.0 
-222.0 -250.0 -283.0 -322.0 -379.0 -440.0 -462.0 
-457.0 -449.0 -433.0 -404.0 -367.0 -329.0 -304.0 
-267.0 -198.0 -106.0 0.0 102.0 204.0 326.0 
467.0 606.0 711.0 801.0 905.0 1002.0 1076.0 
1129.0 1150.0 1147.0 1125.0 1077.0 1014.0 945.0 
831.0 679.0 544.0 399.0 233.0 84.0 -55.0 
-189.0 -283.0 -344.0 -410.0 -468.0 -492.0 -486.0 
-450.0 -409.0 -382.0 -322.0 -234.0 -163.0 -107.0 
-38.0 33.0 90.0 132.0 161.0 170.0 180.0 
198.0 199.0 176.0 142.0 106.0 69.0 26.0 
4.0 10.0 -12.0 -62.0 -100.0 -135.0 -164.0 
-170.0 -154.0 -140.0 -148.0 -153.0 -129.0 -94.0 
-81.0 -69.0 -46.0 -36.0 -49.0 -78.0 -83.0 
-61.0 -58.0 -81.0 -103.0 -122.0 -134.0 -145.0 
-185.0 -249.0 -283.0 -294.0 -317.0 -337.0 -352.0 
-368.0 -371.0 -362.0 -374.0 -396.0 -412.0 -441.0 
-470.0 -469.0 -449.0 -424.0 -383.0 -335.0 -280.0 
-215.0 -137.0 -49.0 42.0 139.0 234.0 312.0 
377.0 411.0 421.0 438.0 453.0 444.0 437.0 
451.0 444.0 391.0 328.0 271.0 198.0 113.0 
25.0 -60.0 -147.0 -234.0 -295.0 -323.0 -326.0 
-319.0 -306.0 -288.0 -269.0 -228.0 -167.0 -102.0 
-38.0 27.0 79.0 100.0 120.0 161.0 187.0 
191.0 183.0 162.0 129.0 98.0 69.0 33.0 
7.0 -16.0 -38.0 -32.0 -3.0 19.0 54.0 
117.0 187.0 251.0 312.0 349.0 375.0 410.0 
450.0 490.0 526.0 524.0 495.0 487.0 492.0 
462.0 411.0 372.0 330.0 275.0 233.0 194.0 
142.0 94.0 46.0 -41.0 -132.0 -201.0 -265.0 
-316.0 -356.0 -389.0 -391.0 -375.0 -359.0 -334.0 
-303.0 -265.0 -213.0 -142.0 -67.0 0.0 73.0 
142.0 184.0 213.0 262.0 330.0 359.0 346.0 
357.0 382.0 373.0 319.0 249.0 204.0 181.0 
132.0 74.0 70.0 75.0 41.0 12.0 38.0 
97.0 150.0 149.0 134.0 155.0 181.0 171.0 
131.0 113.0 95.0 19.0 -67.0 -114.0 -165.0 
-243.0 -309.0 -350.0 -382.0 -422.0 -452.0 -476.0 
-486.0 -449.0 -406.0 -389.0 -376.0 -353.0 -332.0 
-324.0 -332.0 -356.0 -393.0 -423.0 -412.0 -370.0 
-340.0 -334.0 -353.0 -373.0 -370.0 -348.0 -291.0 
-221.0 -173.0 -117.0 -29.0 81.0 164.0 195.0 
229.0 315.0 397.0 424.0 451.0 488.0 492.0 
481.0 514.0 533.0 502.0 495.0 525.0 545.0 
540.0 537.0 538.0 514.0 447.0 388.0 369.0 
353.0 326.0 307.0 309.0 295.0 251.0 215.0 
200.0 161.0 108.0 85.0 42.0 -39.0 -97.0 
-160.0 -257.0 -340.0 -423.0 -513.0 -581.0 -641.0 
-715.0 -771.0 -802.0 -821.0 -811.0 -764.0 -730.0 
-718.0 -672.0 -565.0 -442.0 -342.0 -261.0 -173.0 
-92.0 -20.0 59.0 141.0 202.0 220.0 207.0 
184.0 142.0 81.0 16.0 -63.0 -168.0 -275.0 
-356.0 -406.0 -435.0 -474.0 -514.0 -529.0 -539.0 
-540.0 -486.0 -416.0 -373.0 -324.0 -255.0 -166.0 
-72.0 31.0 149.0 255.0 338.0 420.0 496.0 
563.0 628.0 684.0 715.0 728.0 747.0 758.0 
753.0 729.0 733.0 774.0 797.0 797.0 806.0 
832.0 866.0 901.0 935.0 975.0 1005.0 1007.0 
983.0 965.0 941.0 902.0 838.0 736.0 622.0 
503.0 381.0 260.0 116.0 -29.0 -142.0 -255.0 
-371.0 -463.0 