193.0 172.0 154.0 129.0 113.0 95.0 82.0 
102.0 99.0 67.0 86.0 104.0 104.0 128.0 
110.0 113.0 142.0 149.0 179.0 206.0 210.0 
222.0 229.0 231.0 272.0 283.0 299.0 326.0 
297.0 287.0 268.0 268.0 294.0 299.0 288.0 
261.0 254.0 233.0 249.0 251.0 230.0 239.0 
211.0 194.0 169.0 135.0 129.0 117.0 108.0 
124.0 147.0 156.0 174.0 193.0 208.0 218.0 
240.0 290.0 322.0 354.0 381.0 403.0 417.0 
421.0 430.0 428.0 441.0 443.0 432.0 416.0 
369.0 342.0 341.0 322.0 328.0 324.0 308.0 
320.0 312.0 308.0 291.0 294.0 307.0 282.0 
277.0 262.0 256.0 256.0 256.0 240.0 216.0 
224.0 201.0 204.0 232.0 213.0 216.0 221.0 
209.0 229.0 244.0 240.0 224.0 236.0 256.0 
251.0 267.0 283.0 288.0 302.0 309.0 290.0 
282.0 280.0 254.0 252.0 236.0 169.0 156.0 
167.0 129.0 113.0 120.0 111.0 118.0 119.0 
110.0 120.0 125.0 143.0 163.0 168.0 192.0 
210.0 216.0 235.0 247.0 239.0 238.0 263.0 
282.0 265.0 242.0 259.0 259.0 250.0 271.0 
265.0 274.0 279.0 249.0 256.0 263.0 247.0 
257.0 267.0 223.0 208.0 233.0 216.0 222.0 
240.0 245.0 273.0 304.0 331.0 323.0 311.0 
305.0 303.0 300.0 276.0 274.0 251.0 217.0 
224.0 220.0 200.0 192.0 195.0 189.0 198.0 
206.0 189.0 204.0 211.0 197.0 217.0 227.0 
213.0 226.0 231.0 238.0 273.0 277.0 273.0 
280.0 283.0 276.0 276.0 271.0 290.0 320.0 
296.0 287.0 262.0 246.0 250.0 217.0 186.0 
163.0 128.0 106.0 119.0 86.0 31.0 18.0 
-8.0 -12.0 17.0 10.0 -1.0 7.0 8.0 
5.0 16.0 51.0 59.0 66.0 105.0 142.0 
163.0 195.0 227.0 244.0 274.0 290.0 294.0 
316.0 336.0 340.0 364.0 388.0 383.0 393.0 
378.0 339.0 358.0 370.0 379.0 395.0 381.0 
377.0 352.0 323.0 318.0 297.0 273.0 244.0 
237.0 239.0 217.0 191.0 150.0 145.0 123.0 
84.0 61.0 13.0 28.0 8.0 -25.0 7.0 
21.0 49.0 64.0 91.0 137.0 168.0 206.0 
259.0 323.0 348.0 376.0 395.0 394.0 405.0 
396.0 414.0 422.0 427.0 431.0 391.0 382.0 
396.0 391.0 368.0 342.0 336.0 353.0 335.0 
264.0 228.0 211.0 177.0 143.0 98.0 63.0 
44.0 1.0 -11.0 12.0 1.0 -27.0 -52.0 
-59.0 -43.0 -36.0 -37.0 -31.0 -9.0 7.0 
17.0 50.0 65.0 100.0 123.0 103.0 144.0 
196.0 222.0 248.0 266.0 275.0 277.0 298.0 
321.0 359.0 365.0 347.0 379.0 412.0 421.0 
404.0 418.0 427.0 408.0 407.0 385.0 392.0 
375.0 339.0 332.0 290.0 236.0 189.0 159.0 
146.0 122.0 90.0 68.0 81.0 68.0 48.0 
76.0 66.0 81.0 95.0 70.0 107.0 144.0 
142.0 147.0 157.0 165.0 182.0 179.0 165.0 
180.0 186.0 179.0 185.0 201.0 213.0 218.0 
215.0 215.0 221.0 223.0 217.0 234.0 250.0 
237.0 225.0 219.0 213.0 211.0 212.0 205.0 
204.0 179.0 130.0 123.0 119.0 106.0 82.0 
34.0 44.0 53.0 29.0 30.0 46.0 60.0 
52.0 43.0 29.0 16.0 13.0 2.0 11.0 
16.0 21.0 53.0 67.0 69.0 83.0 74.0 
72.0 99.0 129.0 159.0 194.0 216.0 232.0 
237.0 241.0 296.0 317.0 331.0 372.0 394.0 
429.0 444.0 444.0 439.0 437.0 415.0 389.0 
387.0 387.0 392.0 359.0 343.0 344.0 325.0 
317.0 294.0 298.0 311.0 292.0 267.0 235.0 
201.0 180.0 158.0 120.0 94.0 59.0 20.0 
25.0 44.0 28.0 7.0 1.0 4.0 27.0 
30.0 46.0 78.0 99.0 121.0 121.0 159.0 
197.0 210.0 241.0 246.0 259.0 252.0 217.0 
208.0 210.0 216.0 212.0 203.0 183.0 160.0 
153.0 129.0 106.0 101.0 90.0 85.0 76.0 
49.0 42.0 48.0 41.0 39.0 53.0 71.0 
94.0 90.0 88.0 111.0 119.0 136.0 168.0 
189.0 214.0 254.0 261.0 280.0 297.0 301.0 
330.0 313.0 295.0 292.0 289.0 280.0 287.0 
315.0 319.0 312.0 294.0 305.0 292.0 260.0 
293.0 296.0 284.0 292.0 269.0 264.0 266.0 
222.0 200.0 189.0 140.0 116.0 72.0 24.0 
21.0 -16.0 -44.0 -73.0 -80.0 -57.0 -82.0 
-71.0 -51.0 -44.0 -16.0 30.0 92.0 130.0 
170.0 196.0 204.0 228.0 245.0 259.0 284.0 
297.0 299.0 311.0 326.0 328.0 321.0 322.0 
326.0 328.0 316.0 289.0 283.0 297.0 266.0 
241.0 247.0 225.0 221.0 235.0 249.0 236.0 
205.0 209.0 223.0 224.0 213.0 230.0 245.0 
234.0 244.0 235.0 233.0 243.0 209.0 205.0 
202.0 180.0 195.0 184.0 175.0 181.0 157.0 
140.0 130.0 137.0 152.0 166.0 158.0 150.0 
167.0 153.0 160.0 149.0 115.0 125.0 103.0 
66.0 82.0 93.0 69.0 76.0 75.0 63.0 
68.0 58.0 68.0 90.0 117.0 138.0 133.0 
146.0 164.0 161.0 182.0 207.0 197.0 213.0 
229.0 231.0 232.0 219.0 230.0 246.0 244.0 
247.0 244.0 242.0 257.0 259.0 241.0 252.0 
269.0 270.0 280.0 266.0 257.0 264.0 236.0 
247.0 278.0 278.0 282.0 269.0 302.0 341.0 
328.0 357.0 383.0 394.0 414.0 413.0 399.0 
408.0 413.0 401.0 423.0 412.0 380.0 371.0 
338.0 326.0 340.0 316.0 287.0 289.0 266.0 
227.0 207.0 187.0 179.0 163.0 130.0 117.0 
106.0 94.0 78.0 59.0 68.0 79.0 79.0 
60.0 46.0 66.0 83.0 81.0 73.0 84.0 
86.0 66.0 91.0 116.0 148.0 193.0 209.0 
209.0 180.0 191.0 208.0 213.0 233.0 214.0 
188.0 181.0 194.0 182.0 178.0 208.0 223.0 
232.0 222.0 226.0 248.0 245.0 227.0 229.0 
244.0 239.0 204.0 166.0 146.0 118.0 97.0 
87.0 89.0 86.0 69.0 86.0 98.0 99.0 
124.0 146.0 174.0 232.0 281.0 306.0 339.0 
382.0 421.0 426.0 449.0 484.0 485.0 473.0 
463.0 475.0 463.0 407.0 366.0 343.0 332.0 
309.0 260.0 250.0 250.0 239.0 230.0 207.0 
208.0 226.0 226.0 219.0 223.0 204.0 207.0 
241.0 247.0 267.0 240.0 209.0 217.0 181.0 
159.0 146.0 152.0 162.0 164.0 171.0 163.0 
183.0 171.0 175.0 192.0 176.0 185.0 179.0 
190.0 188.0 182.0 173.0 148.0 174.0 184.0 
174.0 149.0 144.0 163.0 147.0 147.0 144.0 
153.0 175.0 196.0 234.0 251.0 272.0 285.0 
273.0 289.0 317.0 315.0 291.0 289.0 290.0 
275.0 276.0 247.0 231.0 210.0 187.0 201.0 
177.0 191.0 199.0 157.0 157.0 166.0 169.0 
178.0 217.0 236.0 227.0 251.0 285.0 312.0 
312.0 319.0 357.0 371.0 370.0 374.0 385.0 
411.0 436.0 432.0 414.0 414.0 403.0 380.0 
351.0 340.0 337.0 323.0 289.0 240.0 197.0 
170.0 164.0 142.0 113.0 84.0 70.0 83.0 
84.0 94.0 115.0 143.0 171.0 195.0 209.0 
201.0 196.0 199.0 177.0 177.0 190.0 167.0 
149.0 133.0 118.0 139.0 181.0 184.0 197.0 
224.0 221.0 262.0 313.0 336.0 356.0 362.0 
357.0 360.0 347.0 329.0 329.0 311.0 298.0 
287.0 264.0 280.0 293.0 273.0 259.0 255.0 
255.0 285.0 303.0 295.0 313.0 318.0 327.0 
361.0 377.0 403.0 421.0 410.0 400.0 408.0 
409.0 392.0 389.0 377.0 355.0 329.0 315.0 
303.0 293.0 307.0 293.0 300.0 309.0 257.0 
229.0 241.0 216.0 216.0 258.0 261.0 253.0 
242.0 242.0 258.0 281.0 315.0 321.0 301.0 
268.0 254.0 260.0 253.0 248.0 228.0 180.0 
130.0 108.0 110.0 89.0 96.0 123.0 125.0 
136.0 135.0 129.0 138.0 146.0 170.0 226.0 
286.0 319.0 353.0 389.0 410.0 423.0 457.0 
522.0 558.0 565.0 566.0 574.0 592.0 590.0 
587.0 582.0 584.0 584.0 570.0 579.0 545.0 
497.0 481.0 466.0 449.0 384.0 361.0 349.0 
279.0 241.0 200.0 153.0 123.0 76.0 26.0 
9.0 -32.0 -62.0 -30.0 -32.0 -27.0 1.0 
11.0 7.0 35.0 91.0 100.0 123.0 159.0 
209.0 277.0 295.0 316.0 348.0 360.0 368.0 
384.0 419.0 445.0 452.0 432.0 416.0 417.0 
402.0 383.0 397.0 419.0 430.0 460.0 458.0 
436.0 437.0 415.0 405.0 437.0 448.0 448.0 
446.0 430.0 402.0 369.0 339.0 305.0 292.0 
300.0 283.0 236.0 222.0 209.0 171.0 169.0 
184.0 193.0 194.0 182.0 168.0 173.0 184.0 
196.0 223.0 236.0 243.0 239.0 227.0 232.0 
231.0 266.0 270.0 229.0 220.0 216.0 204.0 
192.0 203.0 184.0 180.0 197.0 194.0 220.0 
237.0 257.0 272.0 277.0 282.0 306.0 359.0 
374.0 361.0 356.0 374.0 413.0 436.0 442.0 
447.0 424.0 412.0 449.0 459.0 457.0 478.0 
463.0 455.0 468.0 479.0 508.0 522.0 533.0 
536.0 536.0 519.0 487.0 499.0 498.0 476.0 
451.0 410.0 392.0 372.0 347.0 328.0 301.0 
288.0 293.0 294.0 257.0 230.0 226.0 217.0 
248.0 261.0 240.0 254.0 245.0 223.0 231.0 
215.0 201.0 197.0 174.0 169.0 160.0 141.0 
135.0 115.0 102.0 113.0 117.0 108.0 102.0 
122.0 141.0 140.0 161.0 174.0 187.0 206.0 
218.0 250.0 252.0 253.0 292.0 296.0 298.0 
327.0 339.0 354.0 373.0 369.0 366.0 349.0 
319.0 331.0 353.0 337.0 321.0 321.0 328.0 
336.0 339.0 363.0 383.0 386.0 401.0 423.0 
456.0 486.0 492.0 484.0 488.0 504.0 502.0 
510.0 497.0 461.0 442.0 427.0 409.0 409.0 
417.0 380.0 375.0 383.0 362.0 367.0 363.0 
348.0 346.0 361.0 379.0 373.0 357.0 375.0 
382.0 377.0 390.0 384.0 376.0 341.0 306.0 
309.0 283.0 247.0 241.0 228.0 195.0 169.0 
143.0 134.0 134.0 140.0 138.0 121.0 132.0 
115.0 102.0 157.0 177.0 156.0 178.0 212.0 
233.0 253.0 267.0 275.0 280.0 289.0 302.0 
322.0 337.0 319.0 300.0 288.0 270.0 268.0 
279.0 284.0 291.0 291.0 279.0 272.0 269.0 
293.0 325.0 336.0 343.0 352.0 364.0 354.0 
342.0 355.0 372.0 376.0 382.0 405.0 415.0 
420.0 435.0 454.0 467.0 461.0 458.0 474.0 
491.0 489.0 466.0 459.0 442.0 416.0 443.0 
444.0 429.0 402.0 351.0 350.0 330.0 303.0 
304.0 310.0 307.0 297.0 295.0 279.0 273.0 
267.0 261.0 248.0 231.0 251.0 231.0 213.0 
219.0 178.0 186.0 189.0 166.0 177.0 163.0 
178.0 173.0 151.0 148.0 100.0 93.0 122.0 
126.0 105.0 97.0 125.0 120.0 136.0 174.0 
207.0 255.0 272.0 287.0 323.0 352.0 354.0 
392.0 449.0 475.0 494.0 497.0 508.0 522.0 
532.0 549.0 551.0 558.0 577.0 572.0 558.0 
524.0 480.0 447.0 406.0 374.0 346.0 332.0 
302.0 245.0 220.0 190.0 157.0 157.0 152.0 
146.0 164.0 164.0 139.0 128.0 127.0 128.0 
148.0 175.0 201.0 223.0 224.0 210.0 231.0 
281.0 280.0 295.0 329.0 328.0 353.0 383.0 
399.0 407.0 407.0 396.0 379.0 371.0 365.0 
352.0 325.0 326.0 311.0 288.0 285.0 248.0 
247.0 270.0 256.0 257.0 280.0 279.0 286.0 
290.0 281.0 266.0 250.0 277.0 291.0 274.0 
261.0 252.0 261.0 259.0 222.0 223.0 250.0 
250.0 248.0 253.0 273.0 332.0 353.0 354.0 
407.0 443.0 477.0 501.0 493.0 514.0 535.0 
547.0 560.0 541.0 499.0 479.0 443.0 408.0 
391.0 355.0 315.0 279.0 268.0 266.0 248.0 
247.0 258.0 241.0 207.0 221.0 236.0 210.0 
198.0 212.0 225.0 224.0 206.0 175.0 163.0 
161.0 161.0 170.0 158.0 157.0 166.0 156.0 
146.0 144.0 133.0 125.0 140.0 158.0 168.0 
173.0 196.0 227.0 260.0 292.0 313.0 333.0 
323.0 338.0 368.0 376.0 390.0 378.0 375.0 
396.0 404.0 400.0 407.0 421.0 433.0 427.0 
418.0 438.0 444.0 429.0 406.0 389.0 385.0 
367.0 360.0 356.0 332.0 306.0 269.0 248.0 
251.0 203.0 167.0 179.0 182.0 176.0 170.0 
171.0 173.0 186.0 213.0 215.0 231.0 265.0 
248.0 242.0 261.0 247.0 249.0 246.0 199.0 
181.0 171.0 148.0 164.0 149.0 106.0 81.0 
67.0 72.0 66.0 64.0 69.0 78.0 69.0 
65.0 97.0 109.0 133.0 168.0 185.0 228.0 
273.0 296.0 320.0 340.0 367.0 389.0 403.0 
434.0 455.0 474.0 503.0 515.0 514.0 493.0 
486.0 469.0 424.0 422.0 429.0 425.0 440.0 
448.0 419.0 401.0 409.0 409.0 402.0 368.0 
348.0 365.0 343.0 312.0 335.0 346.0 330.0 
344.0 367.0 353.0 338.0 324.0 293.0 273.0 
253.0 248.0 255.0 254.0 256.0 244.0 227.0 
213.0 203.0 216.0 217.0 207.0 221.0 215.0 
204.0 188.0 183.0 193.0 175.0 184.0 198.0 
167.0 136.0 144.0 156.0 150.0 156.0 165.0 
197.0 214.0 199.0 237.0 254.0 227.0 244.0 
290.0 350.0 373.0 381.0 411.0 443.0 481.0 
510.0 511.0 511.0 541.0 543.0 519.0 523.0 
514.0 479.0 481.0 479.0 434.0 425.0 413.0 
409.0 404.0 368.0 347.0 296.0 275.0 275.0 
264.0 251.0 215.0 224.0 232.0 214.0 202.0 
191.0 187.0 177.0 186.0 185.0 190.0 199.0 
205.0 250.0 240.0 200.0 207.0 193.0 153.0 
172.0 183.0 168.0 172.0 156.0 169.0 192.0 
216.0 235.0 250.0 285.0 312.0 350.0 376.0 
383.0 383.0 366.0 360.0 376.0 393.0 386.0 
361.0 362.0 376.0 341.0 289.0 294.0 308.0 
300.0 304.0 282.0 257.0 239.0 215.0 229.0 
242.0 235.0 202.0 196.0 234.0 236.0 238.0 
237.0 240.0 259.0 242.0 241.0 268.0 283.0 
276.0 269.0 299.0 310.0 310.0 311.0 314.0 
331.0 323.0 319.0 314.0 293.0 279.0 279.0 
281.0 298.0 318.0 315.0 309.0 307.0 330.0 
355.0 356.0 361.0 367.0 369.0 371.0 378.0 
399.0 391.0 354.0 340.0 343.0 338.0 321.0 
306.0 283.0 250.0 231.0 215.0 202.0 197.0 
193.0 181.0 151.0 121.0 98.0 101.0 126.0 
141.0 147.0 123.0 125.0 157.0 161.0 170.0 
196.0 224.0 238.0 252.0 282.0 303.0 328.0 
361.0 374.0 411.0 431.0 401.0 402.0 424.0 
439.0 437.0 435.0 434.0 414.0 421.0 413.0 
413.0 427.0 411.0 412.0 420.0 423.0 404.0 
386.0 387.0 384.0 395.0 396.0 396.0 408.0 
411.0 414.0 420.0 425.0 398.0 367.0 369.0 
383.0 366.0 339.0 333.0 316.0 300.0 283.0 
250.0 224.0 205.0 173.0 126.0 95.0 77.0 
54.0 43.0 43.0 43.0 40.0 46.0 85.0 
119.0 140.0 139.0 144.0 168.0 179.0 182.0 
167.0 184.0 211.0 209.0 182.0 160.0 178.0 
183.0 169.0 135.0 133.0 162.0 164.0 184.0 
205.0 211.0 215.0 251.0 307.0 328.0 344.0 
359.0 384.0 421.0 402.0 375.0 418.0 443.0 
436.0 438.0 421.0 417.0 411.0 395.0 384.0 
371.0 365.0 359.0 356.0 368.0 388.0 391.0 
376.0 344.0 344.0 339.0 303.0 308.0 313.0 
293.0 285.0 310.0 338.0 329.0 310.0 323.0 
338.0 313.0 297.0 309.0 309.0 298.0 275.0 
250.0 233.0 216.0 185.0 170.0 181.0 169.0 
162.0 179.0 186.0 196.0 198.0 213.0 258.0 
265.0 251.0 260.0 288.0 331.0 369.0 378.0 
358.0 366.0 374.0 365.0 352.0 347.0 359.0 
344.0 339.0 342.0 344.0 336.0 320.0 359.0 
371.0 345.0 352.0 360.0 377.0 402.0 389.0 
385.0 397.0 351.0 315.0 329.0 318.0 308.0 
285.0 233.0 223.0 196.0 168.0 165.0 138.0 
141.0 127.0 125.0 176.0 196.0 213.0 230.0 
251.0 284.0 282.0 247.0 256.0 279.0 262.0 
267.0 271.0 294.0 316.0 299.0 301.0 296.0 
282.0 293.0 300.0 320.0 337.0 327.0 348.0 
358.0 358.0 398.0 408.0 409.0 426.0 400.0 
362.0 363.0 374.0 381.0 373.0 359.0 351.0 
320.0 291.0 268.0 252.0 254.0 245.0 236.0 
224.0 200.0 174.0 144.0 143.0 163.0 167.0 
171.0 188.0 205.0 192.0 160.0 148.0 148.0 
154.0 156.0 160.0 183.0 191.0 166.0 179.0 
204.0 204.0 204.0 211.0 239.0 260.0 284.0 
299.0 296.0 320.0 343.0 352.0 377.0 368.0 
330.0 316.0 300.0 285.0 268.0 243.0 232.0 
241.0 260.0 255.0 254.0 277.0 305.0 312.0 
297.0 335.0 371.0 371.0 394.0 418.0 461.0 
476.0 455.0 469.0 475.0 461.0 450.0 448.0 
427.0 391.0 349.0 310.0 300.0 277.0 255.0 
229.0 212.0 215.0 176.0 151.0 147.0 137.0 
135.0 130.0 128.0 117.0 101.0 95.0 121.0 
154.0 162.0 187.0 179.0 174.0 202.0 189.0 
189.0 207.0 230.0 234.0 224.0 242.0 225.0 
203.0 209.0 216.0 239.0 231.0 208.0 224.0 
223.0 201.0 204.0 221.0 237.0 235.0 256.0 
282.0 281.0 289.0 287.0 301.0 320.0 342.0 
366.0 391.0 429.0 441.0 428.0 380.0 383.0 
415.0 432.0 453.0 440.0 451.0 420.0 398.0 
442.0 459.0 435.0 399.0 412.0 414.0 407.0 
396.0 358.0 366.0 357.0 308.0 290.0 311.0 
320.0 281.0 240.0 220.0 219.0 213.0 187.0 
181.0 174.0 160.0 160.0 164.0 177.0 186.0 
187.0 200.0 182.0 168.0 178.0 183.0 188.0 
180.0 192.0 211.0 232.0 236.0 197.0 198.0 
214.0 244.0 253.0 206.0 217.0 239.0 203.0 
174.0 195.0 201.0 188.0 207.0 201.0 187.0 
176.0 147.0 158.0 157.0 136.0 128.0 120.0 
106.0 69.0 51.0 37.0 48.0 50.0 23.0 
39.0 54.0 60.0 35.0 12.0 55.0 105.0 
120.0 125.0 163.0 192.0 210.0 249.0 280.0 
319.0 360.0 371.0 385.0 418.0 451.0 496.0 
541.0 566.0 564.0 556.0 570.0 568.0 568.0 
540.0 494.0 485.0 461.0 426.0 374.0 356.0 
360.0 318.0 276.0 244.0 246.0 235.0 218.0 
231.0 225.0 226.0 216.0 222.0 260.0 280.0 
296.0 300.0 317.0 350.0 338.0 297.0 288.0 
292.0 272.0 239.0 237.0 253.0 213.0 158.0 
184.0 225.0 201.0 194.0 217.0 228.0 217.0 
194.0 191.0 179.0 165.0 158.0 153.0 139.0 
125.0 95.0 69.0 82.0 70.0 57.0 42.0 
47.0 104.0 134.0 148.0 187.0 232.0 243.0 
252.0 276.0 321.0 352.0 324.0 345.0 367.0 
342.0 345.0 345.0 358.0 382.0 346.0 305.0 
320.0 324.0 313.0 304.0 316.0 328.0 310.0 
297.0 304.0 322.0 329.0 324.0 323.0 357.0 
375.0 381.0 418.0 449.0 487.0 508.0 498.0 
504.0 523.0 476.0 429.0 440.0 415.0 370.0 
325.0 277.0 241.0 189.0 110.0 82.0 105.0 
66.0 10.0 -6.0 -13.0 -14.0 -28.0 -42.0 
-4.0 10.0 -4.0 14.0 38.0 62.0 70.0 
85.0 137.0 179.0 194.0 195.0 205.0 239.0 
238.0 231.0 245.0 247.0 294.0 305.0 291.0 
344.0 369.0 367.0 378.0 410.0 432.0 411.0 
383.0 374.0 392.0 372.0 326.0 331.0 302.0 
238.0 209.0 177.0 157.0 136.0 87.0 61.0 
52.0 11.0 -23.0 -17.0 14.0 55.0 68.0 
102.0 186.0 235.0 255.0 307.0 360.0 424.0 
489.0 501.0 535.0 566.0 548.0 550.0 586.0 
600.0 585.0 562.0 536.0 539.0 521.0 470.0 
457.0 432.0 402.0 371.0 358.0 372.0 341.0 
294.0 258.0 262.0 273.0 248.0 230.0 230.0 
234.0 188.0 154.0 181.0 178.0 146.0 116.0 
88.0 93.0 73.0 24.0 24.0 40.0 61.0 
58.0 36.0 37.0 21.0 16.0 41.0 96.0 
141.0 135.0 136.0 158.0 169.0 160.0 153.0 
178.0 213.0 200.0 186.0 217.0 226.0 203.0 
194.0 211.0 253.0 280.0 287.0 325.0 333.0 
317.0 327.0 348.0 383.0 382.0 358.0 339.0 
338.0 343.0 311.0 274.0 269.0 301.0 293.0 
270.0 296.0 320.0 324.0 299.0 279.0 295.0 
306.0 295.0 301.0 324.0 314.0 280.0 276.0 
300.0 299.0 252.0 212.0 231.0 242.0 218.0 
187.0 161.0 166.0 140.0 97.0 107.0 112.0 
77.0 39.0 14.0 11.0 13.0 3.0 7.0 
26.0 24.0 1.0 7.0 42.0 63.0 94.0 
129.0 177.0 232.0 261.0 283.0 327.0 373.0 
389.0 408.0 407.0 433.0 459.0 411.0 413.0 
450.0 456.0 422.0 398.0 400.0 376.0 342.0 
305.0 301.0 310.0 274.0 240.0 233.0 242.0 
229.0 207.0 214.0 218.0 209.0 184.0 158.0 
163.0 166.0 141.0 107.0 134.0 179.0 139.0 
138.0 170.0 146.0 144.0 141.0 176.0 227.0 
198.0 196.0 221.0 243.0 259.0 220.0 201.0 
213.0 214.0 182.0 155.0 172.0 166.0 128.0 
109.0 121.0 119.0 83.0 88.0 139.0 164.0 
154.0 163.0 199.0 229.0 229.0 231.0 282.0 
314.0 304.0 316.0 327.0 321.0 319.0 303.0 
312.0 364.0 375.0 348.0 324.0 317.0 329.0 
323.0 311.0 341.0 375.0 353.0 332.0 339.0 
351.0 331.0 304.0 321.0 324.0 284.0 238.0 
222.0 216.0 209.0 212.0 206.0 191.0 196.0 
194.0 180.0 202.0 213.0 199.0 202.0 213.0 
226.0 212.0 178.0 181.0 207.0 189.0 163.0 
187.0 190.0 152.0 140.0 158.0 172.0 172.0 
171.0 189.0 203.0 195.0 190.0 193.0 215.0 
248.0 242.0 247.0 280.0 301.0 293.0 273.0 
297.0 334.0 313.0 272.0 280.0 309.0 291.0 
237.0 234.0 257.0 216.0 153.0 128.0 112.0 
91.0 74.0 65.0 93.0 116.0 106.0 104.0 
130.0 163.0 147.0 117.0 129.0 131.0 107.0 
95.0 112.0 131.0 105.0 61.0 70.0 97.0 
100.0 97.0 105.0 134.0 131.0 114.0 165.0 
230.0 259.0 271.0 287.0 314.0 357.0 374.0 
347.0 364.0 402.0 398.0 379.0 364.0 376.0 
373.0 330.0 333.0 358.0 349.0 332.0 319.0 
323.0 298.0 245.0 248.0 300.0 300.0 218.0 
183.0 213.0 223.0 229.0 224.0 219.0 233.0 
230.0 216.0 232.0 244.0 219.0 196.0 206.0 
226.0 195.0 147.0 151.0 172.0 148.0 107.0 
87.0 85.0 86.0 67.0 81.0 100.0 107.0 
97.0 58.0 71.0 108.0 116.0 95.0 87.0 
89.0 59.0 53.0 87.0 143.0 171.0 151.0 
144.0 186.0 211.0 178.0 188.0 251.0 270.0 
254.0 267.0 292.0 303.0 282.0 248.0 260.0 
283.0 247.0 206.0 225.0 242.0 224.0 202.0 
201.0 234.0 238.0 214.0 220.0 249.0 247.0 
201.0 221.0 266.0 247.0 204.0 192.0 249.0 
277.0 224.0 178.0 198.0 212.0 175.0 142.0 
165.0 207.0 195.0 165.0 174.0 201.0 215.0 
210.0 208.0 244.0 260.0 221.0 215.0 251.0 
254.0 236.0 267.0 301.0 286.0 263.0 260.0 
299.0 330.0 311.0 313.0 341.0 360.0 344.0 
321.0 326.0 329.0 316.0 258.0 229.0 256.0 
228.0 169.0 139.0 170.0 162.0 79.0 74.0 
114.0 126.0 100.0 59.0 71.0 89.0 72.0 
70.0 93.0 89.0 64.0 52.0 53.0 73.0 
57.0 36.0 68.0 88.0 71.0 31.0 11.0 
46.0 64.0 46.0 48.0 71.0 93.0 93.0 
94.0 155.0 224.0 233.0 231.0 292.0 345.0 
336.0 339.0 398.0 453.0 454.0 455.0 446.0 
438.0 426.0 373.0 357.0 367.0 321.0 267.0 
281.0 290.0 273.0 225.0 162.0 189.0 194.0 
140.0 130.0 171.0 219.0 211.0 196.0 216.0 
232.0 232.0 215.0 204.0 237.0 248.0 213.0 
227.0 260.0 258.0 236.0 219.0 223.0 206.0 
163.0 141.0 166.0 161.0 118.0 78.0 72.0 
99.0 64.0 19.0 46.0 64.0 35.0 29.0 
49.0 85.0 93.0 76.0 89.0 92.0 75.0 
55.0 59.0 96.0 121.0 96.0 79.0 115.0 
124.0 103.0 120.0 153.0 195.0 224.0 214.0 
261.0 312.0 301.0 285.0 315.0 388.0 375.0 
330.0 343.0 367.0 354.0 304.0 307.0 311.0 
296.0 293.0 287.0 314.0 319.0 297.0 294.0 
307.0 318.0 295.0 301.0 316.0 310.0 305.0 
255.0 237.0 243.0 193.0 135.0 124.0 133.0 
85.0 28.0 17.0 25.0 16.0 -23.0 -41.0 
-21.0 -12.0 -36.0 -71.0 -45.0 -19.0 -53.0 
-39.0 15.0 58.0 51.0 26.0 51.0 94.0 
100.0 80.0 115.0 174.0 192.0 183.0 182.0 
211.0 194.0 199.0 259.0 280.0 276.0 237.0 
214.0 221.0 209.0 206.0 184.0 172.0 179.0 
154.0 119.0 124.0 168.0 172.0 146.0 177.0 
218.0 204.0 176.0 209.0 296.0 333.0 323.0 
345.0 410.0 437.0 421.0 472.0 515.0 520.0 
506.0 477.0 482.0 472.0 455.0 422.0 409.0 
398.0 334.0 290.0 283.0 289.0 274.0 244.0 
245.0 257.0 233.0 184.0 170.0 181.0 166.0 
125.0 112.0 110.0 78.0 55.0 67.0 74.0 
66.0 58.0 29.0 36.0 71.0 65.0 72.0 
118.0 179.0 195.0 186.0 222.0 255.0 254.0 
253.0 290.0 307.0 281.0 236.0 214.0 252.0 
227.0 173.0 154.0 153.0 149.0 105.0 96.0 
111.0 110.0 80.0 40.0 50.0 55.0 28.0 
-9.0 2.0 32.0 21.0 9.0 10.0 41.0 
77.0 81.0 116.0 198.0 217.0 204.0 231.0 
270.0 303.0 289.0 285.0 308.0 312.0 286.0 
273.0 297.0 298.0 273.0 232.0 212.0 230.0 
211.0 177.0 180.0 184.0 176.0 135.0 113.0 
154.0 152.0 110.0 120.0 165.0 191.0 203.0 
208.0 225.0 239.0 204.0 192.0 222.0 221.0 
186.0 164.0 177.0 180.0 152.0 118.0 109.0 
122.0 102.0 80.0 94.0 118.0 122.0 76.0 
74.0 105.0 90.0 81.0 75.0 108.0 123.0 
75.0 84.0 125.0 143.0 140.0 124.0 111.0 
131.0 145.0 116.0 122.0 140.0 134.0 112.0 
107.0 132.0 139.0 158.0 173.0 185.0 222.0 
253.0 260.0 270.0 302.0 287.0 282.0 302.0 
283.0 262.0 233.0 241.0 261.0 218.0 208.0 
235.0 223.0 206.0 198.0 199.0 242.0 256.0 
243.0 259.0 269.0 299.0 300.0 272.0 291.0 
315.0 292.0 249.0 246.0 260.0 248.0 232.0 
246.0 252.0 237.0 224.0 218.0 221.0 198.0 
171.0 187.0 187.0 162.0 143.0 131.0 144.0 
155.0 145.0 114.0 129.0 131.0 75.0 60.0 
70.0 93.0 68.0 51.0 101.0 120.0 119.0 
120.0 150.0 175.0 184.0 222.0 254.0 278.0 
268.0 264.0 257.0 218.0 231.0 239.0 227.0 
228.0 224.0 187.0 130.0 153.0 158.0 139.0 
154.0 157.0 173.0 139.0 110.0 130.0 160.0 
194.0 175.0 173.0 191.0 196.0 203.0 207.0 
227.0 251.0 267.0 262.0 260.0 292.0 297.0 
266.0 266.0 283.0 281.0 246.0 222.0 250.0 
243.0 212.0 206.0 228.0 230.0 195.0 210.0 
268.0 302.0 296.0 294.0 327.0 339.0 328.0 
325.0 320.0 334.0 317.0 280.0 299.0 299.0 
259.0 229.0 217.0 216.0 193.0 155.0 156.0 
175.0 173.0 166.0 148.0 157.0 164.0 148.0 
174.0 197.0 207.0 216.0 230.0 255.0 278.0 
273.0 232.0 233.0 225.0 179.0 178.0 198.0 
213.0 206.0 158.0 134.0 154.0 133.0 87.0 
102.0 118.0 94.0 77.0 68.0 93.0 128.0 
113.0 125.0 175.0 202.0 207.0 201.0 230.0 
269.0 273.0 280.0 300.0 316.0 311.0 296.0 
310.0 338.0 333.0 302.0 311.0 342.0 318.0 
292.0 284.0 291.0 305.0 269.0 243.0 269.0 
280.0 222.0 173.0 186.0 189.0 161.0 134.0 
132.0 138.0 92.0 44.0 49.0 69.0 75.0 
64.0 67.0 96.0 95.0 58.0 67.0 102.0 
103.0 82.0 79.0 106.0 136.0 140.0 127.0 
158.0 197.0 207.0 217.0 222.0 238.0 235.0 
220.0 259.0 315.0 329.0 290.0 285.0 304.0 
288.0 279.0 284.0 303.0 293.0 253.0 239.0 
285.0 342.0 313.0 279.0 310.0 314.0 282.0 
278.0 306.0 357.0 355.0 293.0 267.0 273.0 
263.0 230.0 200.0 212.0 214.0 172.0 173.0 
200.0 196.0 169.0 144.0 164.0 185.0 128.0 
68.0 98.0 126.0 93.0 73.0 100.0 120.0 
115.0 105.0 123.0 159.0 162.0 145.0 137.0 
184.0 216.0 162.0 153.0 200.0 217.0 206.0 
192.0 216.0 253.0 249.0 221.0 250.0 302.0 
292.0 268.0 266.0 295.0 300.0 271.0 284.0 
302.0 312.0 312.0 285.0 305.0 344.0 313.0 
279.0 285.0 272.0 227.0 188.0 193.0 235.0 
220.0 161.0 171.0 216.0 188.0 149.0 155.0 
154.0 150.0 134.0 151.0 216.0 255.0 247.0 
234.0 261.0 291.0 277.0 271.0 336.0 368.0 
322.0 292.0 317.0 366.0 364.0 356.0 384.0 
401.0 407.0 396.0 405.0 427.0 425.0 395.0 
367.0 368.0 335.0 271.0 248.0 259.0 238.0 
176.0 121.0 136.0 159.0 122.0 76.0 60.0 
82.0 82.0 54.0 45.0 83.0 88.0 50.0 
59.0 82.0 91.0 54.0 50.0 109.0 144.0 
128.0 90.0 123.0 148.0 131.0 167.0 229.0 
274.0 293.0 310.0 332.0 369.0 366.0 320.0 
333.0 377.0 399.0 386.0 377.0 394.0 400.0 
382.0 378.0 370.0 347.0 316.0 268.0 289.0 
308.0 263.0 241.0 254.0 251.0 240.0 247.0 
257.0 305.0 319.0 301.0 307.0 328.0 337.0 
295.0 289.0 321.0 327.0 270.0 214.0 245.0 
263.0 240.0 201.0 191.0 229.0 230.0 215.0 
231.0 258.0 264.0 243.0 267.0 321.0 308.0 
278.0 308.0 337.0 313.0 274.0 240.0 234.0 
234.0 183.0 166.0 188.0 162.0 126.0 85.0 
80.0 105.0 81.0 67.0 88.0 103.0 91.0 
89.0 141.0 192.0 205.0 187.0 184.0 208.0 
226.0 211.0 194.0 242.0 265.0 237.0 248.0 
287.0 320.0 316.0 307.0 313.0 322.0 315.0 
311.0 365.0 404.0 386.0 362.0 367.0 417.0 
425.0 397.0 435.0 479.0 472.0 468.0 481.0 
504.0 525.0 512.0 493.0 498.0 502.0 466.0 
387.0 357.0 384.0 370.0 310.0 282.0 307.0 
299.0 233.0 197.0 211.0 205.0 163.0 175.0 
203.0 185.0 166.0 137.0 120.0 119.0 109.0 
101.0 100.0 133.0 175.0 174.0 174.0 199.0 
209.0 212.0 219.0 271.0 316.0 292.0 280.0 
316.0 343.0 328.0 329.0 357.0 365.0 339.0 
317.0 323.0 333.0 333.0 333.0 341.0 346.0 
344.0 319.0 329.0 381.0 400.0 381.0 369.0 
400.0 397.0 376.0 376.0 385.0 394.0 369.0 
341.0 338.0 348.0 318.0 298.0 298.0 289.0 
298.0 275.0 236.0 227.0 240.0 229.0 208.0 
210.0 192.0 176.0 175.0 179.0 177.0 146.0 
123.0 140.0 155.0 134.0 144.0 192.0 222.0 
249.0 285.0 323.0 355.0 366.0 372.0 402.0 
432.0 433.0 415.0 406.0 404.0 388.0 372.0 
363.0 370.0 368.0 318.0 277.0 291.0 290.0 
270.0 272.0 269.0 255.0 240.0 238.0 247.0 
276.0 272.0 246.0 274.0 301.0 282.0 256.0 
270.0 267.0 241.0 215.0 207.0 244.0 252.0 
212.0 180.0 172.0 173.0 150.0 118.0 152.0 
169.0 124.0 142.0 183.0 177.0 190.0 210.0 
211.0 210.0 198.0 198.0 234.0 286.0 304.0 
321.0 313.0 299.0 325.0 303.0 309.0 370.0 
376.0 333.0 299.0 301.0 304.0 287.0 271.0 
282.0 295.0 265.0 232.0 248.0 270.0 240.0 
203.0 234.0 263.0 244.0 252.0 254.0 242.0 
228.0 206.0 201.0 222.0 245.0 224.0 224.0 
257.0 275.0 288.0 296.0 314.0 318.0 286.0 
235.0 233.0 271.0 253.0 230.0 223.0 218.0 
203.0 161.0 157.0 189.0 184.0 159.0 181.0 
204.0 220.0 203.0 159.0 188.0 235.0 257.0 
271.0 296.0 346.0 349.0 317.0 330.0 375.0 
377.0 331.0 329.0 340.0 316.0 291.0 256.0 
254.0 236.0 196.0 212.0 246.0 268.0 236.0 
203.0 215.0 210.0 207.0 211.0 209.0 206.0 
190.0 163.0 174.0 198.0 173.0 152.0 142.0 
141.0 157.0 149.0 161.0 179.0 183.0 200.0 
210.0 249.0 284.0 271.0 264.0 315.0 377.0 
386.0 408.0 431.0 433.0 444.0 410.0 409.0 
448.0 429.0 399.0 389.0 385.0 374.0 330.0 
300.0 310.0 332.0 333.0 335.0 351.0 334.0 
293.0 272.0 304.0 334.0 300.0 274.0 277.0 
281.0 272.0 261.0 284.0 305.0 302.0 269.0 
266.0 291.0 277.0 280.0 282.0 281.0 278.0 
241.0 241.0 256.0 253.0 231.0 204.0 229.0 
211.0 173.0 169.0 156.0 202.0 240.0 224.0 
235.0 259.0 240.0 197.0 189.0 211.0 212.0 
170.0 174.0 199.0 182.0 165.0 162.0 190.0 
195.0 159.0 147.0 191.0 222.0 203.0 222.0 
274.0 315.0 350.0 331.0 330.0 382.0 397.0 
408.0 446.0 482.0 477.0 448.0 450.0 457.0 
446.0 422.0 418.0 423.0 407.0 354.0 289.0 
296.0 287.0 230.0 204.0 205.0 213.0 165.0 
118.0 136.0 159.0 165.0 146.0 171.0 236.0 
231.0 208.0 229.0 265.0 272.0 262.0 276.0 
305.0 322.0 274.0 262.0 299.0 262.0 234.0 
220.0 210.0 250.0 245.0 221.0 270.0 279.0 
241.0 252.0 294.0 339.0 330.0 305.0 304.0 
311.0 292.0 225.0 187.0 177.0 139.0 57.0 
-1.0 -4.0 -38.0 -91.0 -124.0 -126.0 -100.0 
-115.0 -136.0 -103.0 -63.0 -58.0 -81.0 -62.0 
-13.0 20.0 15.0 33.0 104.0 148.0 195.0 
226.0 269.0 325.0 323.0 330.0 390.0 421.0 
427.0 480.0 515.0 551.0 556.0 516.0 561.0 
606.0 629.0 605.0 570.0 607.0 559.0 493.0 
467.0 439.0 406.0 322.0 261.0 230.0 202.0 
156.0 104.0 69.0 33.0 -14.0 -59.0 -37.0 
-12.0 -24.0 -26.0 -2.0 28.0 25.0 22.0 
67.0 128.0 149.0 142.0 157.0 213.0 248.0 
232.0 271.0 329.0 331.0 323.0 318.0 322.0 
319.0 289.0 267.0 269.0 267.0 228.0 152.0 
140.0 169.0 133.0 106.0 122.0 159.0 173.0 
136.0 139.0 181.0 213.0 223.0 237.0 288.0 
316.0 308.0 310.0 324.0 322.0 306.0 283.0 
258.0 275.0 249.0 201.0 209.0 220.0 213.0 
183.0 194.0 206.0 157.0 112.0 113.0 168.0 
199.0 161.0 144.0 214.0 248.0 228.0 252.0 
281.0 299.0 292.0 296.0 343.0 360.0 350.0 
335.0 338.0 356.0 329.0 276.0 274.0 293.0 
278.0 253.0 246.0 283.0 296.0 282.0 289.0 
310.0 354.0 367.0 380.0 427.0 440.0 430.0 
423.0 441.0 446.0 370.0 307.0 298.0 277.0 
230.0 152.0 111.0 112.0 60.0 3.0 -15.0 
-4.0 4.0 -18.0 -8.0 34.0 42.0 20.0 
30.0 95.0 139.0 137.0 163.0 208.0 231.0 
227.0 220.0 255.0 292.0 272.0 239.0 269.0 
288.0 253.0 216.0 199.0 204.0 193.0 156.0 
133.0 152.0 172.0 140.0 129.0 186.0 210.0 
183.0 180.0 193.0 194.0 169.0 177.0 226.0 
255.0 251.0 251.0 302.0 356.0 386.0 392.0 
398.0 437.0 459.0 452.0 445.0 493.0 515.0 
475.0 475.0 483.0 488.0 461.0 415.0 444.0 
480.0 435.0 385.0 388.0 394.0 364.0 301.0 
289.0 311.0 279.0 225.0 197.0 183.0 168.0 
125.0 98.0 114.0 91.0 61.0 61.0 58.0 
43.0 8.0 7.0 57.0 75.0 48.0 46.0 
96.0 134.0 129.0 128.0 154.0 203.0 213.0 
201.0 241.0 301.0 332.0 322.0 330.0 363.0 
373.0 378.0 380.0 393.0 410.0 367.0 329.0 
344.0 326.0 277.0 241.0 245.0 264.0 227.0 
177.0 205.0 253.0 237.0 215.0 252.0 279.0 
287.0 306.0 301.0 323.0 336.0 301.0 306.0 
303.0 260.0 236.0 221.0 212.0 204.0 177.0 
161.0 181.0 201.0 161.0 104.0 118.0 156.0 
139.0 125.0 163.0 194.0 185.0 178.0 194.0 
225.0 238.0 235.0 254.0 280.0 275.0 213.0 
203.0 252.0 269.0 262.0 253.0 295.0 310.0 
273.0 265.0 291.0 343.0 337.0 303.0 326.0 
354.0 347.0 350.0 370.0 393.0 393.0 364.0 
369.0 382.0 367.0 316.0 289.0 346.0 366.0 
329.0 330.0 341.0 351.0 349.0 301.0 283.0 
310.0 307.0 261.0 243.0 272.0 255.0 204.0 
196.0 222.0 211.0 160.0 123.0 131.0 136.0 
103.0 118.0 166.0 160.0 116.0 115.0 162.0 
192.0 187.0 162.0 203.0 273.0 258.0 236.0 
249.0 294.0 315.0 265.0 268.0 328.0 337.0 
299.0 297.0 322.0 328.0 305.0 296.0 348.0 
358.0 297.0 273.0 305.0 336.0 326.0 315.0 
352.0 370.0 348.0 350.0 384.0 423.0 420.0 
385.0 393.0 437.0 420.0 387.0 388.0 382.0 
379.0 336.0 306.0 351.0 345.0 286.0 247.0 
224.0 231.0 210.0 155.0 148.0 172.0 175.0 
153.0 150.0 185.0 181.0 136.0 132.0 143.0 
146.0 135.0 118.0 172.0 219.0 191.0 196.0 
229.0 256.0 256.0 251.0 299.0 335.0 318.0 
282.0 308.0 345.0 322.0 288.0 280.0 296.0 
275.0 251.0 242.0 268.0 296.0 256.0 231.0 
258.0 311.0 310.0 291.0 357.0 366.0 318.0 
306.0 306.0 324.0 294.0 259.0 318.0 338.0 
291.0 289.0 296.0 313.0 298.0 268.0 286.0 
300.0 332.0 342.0 330.0 369.0 398.0 335.0 
308.0 356.0 319.0 290.0 269.0 232.0 266.0 
236.0 152.0 161.0 180.0 135.0 86.0 95.0 
148.0 161.0 145.0 157.0 189.0 222.0 248.0 
266.0 313.0 354.0 325.0 338.0 387.0 398.0 
402.0 380.0 388.0 397.0 340.0 309.0 315.0 
326.0 316.0 268.0 261.0 297.0 272.0 226.0 
268.0 299.0 284.0 269.0 263.0 305.0 337.0 
320.0 320.0 333.0 328.0 334.0 322.0 320.0 
333.0 296.0 261.0 280.0 302.0 287.0 254.0 
248.0 305.0 294.0 256.0 328.0 363.0 333.0 
314.0 306.0 343.0 361.0 320.0 327.0 357.0 
333.0 333.0 325.0 300.0 306.0 276.0 246.0 
260.0 258.0 232.0 206.0 205.0 243.0 239.0 
199.0 215.0 243.0 240.0 219.0 213.0 261.0 
289.0 261.0 281.0 325.0 329.0 336.0 323.0 
332.0 369.0 353.0 320.0 320.0 339.0 333.0 
309.0 308.0 321.0 315.0 296.0 303.0 323.0 
328.0 316.0 300.0 302.0 278.0 244.0 261.0 
274.0 272.0 263.0 253.0 261.0 262.0 256.0 
251.0 282.0 323.0 312.0 298.0 316.0 345.0 
350.0 327.0 342.0 365.0 361.0 342.0 309.0 
344.0 359.0 320.0 317.0 326.0 336.0 296.0 
266.0 315.0 344.0 312.0 304.0 315.0 292.0 
279.0 239.0 242.0 294.0 260.0 225.0 238.0 
238.0 245.0 231.0 186.0 230.0 269.0 217.0 
220.0 273.0 294.0 294.0 284.0 310.0 366.0 
357.0 358.0 388.0 380.0 368.0 343.0 359.0 
393.0 359.0 313.0 294.0 306.0 298.0 250.0 
251.0 299.0 298.0 272.0 313.0 357.0 379.0 
394.0 400.0 424.0 404.0 377.0 382.0 375.0 
375.0 347.0 293.0 283.0 277.0 238.0 197.0 
163.0 156.0 143.0 94.0 60.0 94.0 101.0 
41.0 40.0 74.0 84.0 91.0 105.0 120.0 
128.0 110.0 122.0 191.0 200.0 197.0 222.0 
246.0 302.0 311.0 307.0 344.0 366.0 380.0 
365.0 362.0 375.0 350.0 329.0 290.0 249.0 
238.0 191.0 161.0 156.0 108.0 72.0 48.0 
21.0 32.0 42.0 -1.0 3.0 58.0 60.0 
66.0 114.0 170.0 194.0 225.0 275.0 324.0 
370.0 398.0 436.0 483.0 516.0 525.0 541.0 
553.0 522.0 479.0 439.0 433.0 419.0 371.0 
350.0 327.0 307.0 288.0 272.0 285.0 281.0 
264.0 269.0 280.0 287.0 296.0 292.0 267.0 
274.0 270.0 200.0 197.0 196.0 139.0 122.0 
98.0 87.0 87.0 83.0 55.0 58.0 91.0 
63.0 60.0 67.0 81.0 81.0 58.0 91.0 
104.0 79.0 77.0 106.0 114.0 120.0 140.0 
144.0 170.0 190.0 200.0 210.0 222.0 289.0 
305.0 308.0 374.0 380.0 367.0 412.0 452.0 
477.0 500.0 496.0 526.0 554.0 527.0 515.0 
491.0 459.0 438.0 385.0 352.0 354.0 335.0 
307.0 260.0 223.0 229.0 199.0 154.0 156.0 
159.0 136.0 126.0 128.0 147.0 171.0 151.0 
165.0 223.0 233.0 226.0 246.0 297.0 339.0 
342.0 369.0 408.0 402.0 390.0 398.0 420.0 
423.0 387.0 342.0 317.0 296.0 260.0 211.0 
167.0 160.0 136.0 77.0 60.0 72.0 66.0 
57.0 69.0 95.0 108.0 92.0 102.0 153.0 
156.0 154.0 184.0 218.0 267.0 287.0 281.0 
298.0 309.0 290.0 265.0 257.0 277.0 261.0 
207.0 183.0 158.0 101.0 58.0 36.0 42.0 
59.0 35.0 45.0 100.0 98.0 92.0 110.0 
135.0 171.0 157.0 140.0 170.0 196.0 204.0 
219.0 252.0 288.0 297.0 313.0 357.0 358.0 
367.0 385.0 367.0 385.0 384.0 331.0 332.0 
358.0 342.0 330.0 298.0 259.0 253.0 209.0 
151.0 145.0 146.0 112.0 85.0 70.0 55.0 
16.0 -19.0 -7.0 -15.0 -4.0 -2.0 -1.0 
77.0 104.0 93.0 140.0 185.0 195.0 240.0 
285.0 294.0 327.0 317.0 310.0 355.0 354.0 
345.0 361.0 370.0 372.0 359.0 326.0 290.0 
269.0 273.0 252.0 207.0 210.0 218.0 170.0 
159.0 199.0 191.0 174.0 168.0 172.0 195.0 
182.0 164.0 212.0 250.0 255.0 271.0 296.0 
343.0 356.0 345.0 361.0 377.0 400.0 399.0 
383.0 405.0 399.0 342.0 334.0 329.0 261.0 
215.0 194.0 152.0 119.0 78.0 26.0 16.0 
5.0 -24.0 -60.0 -57.0 -6.0 -23.0 -25.0 
10.0 -3.0 9.0 12.0 10.0 60.0 87.0 
67.0 85.0 116.0 120.0 127.0 113.0 126.0 
151.0 123.0 115.0 170.0 188.0 166.0 197.0 
255.0 289.0 281.0 281.0 307.0 347.0 385.0 
379.0 373.0 393.0 386.0 378.0 400.0 403.0 
392.0 360.0 322.0 330.0 360.0 351.0 323.0 
329.0 331.0 277.0 219.0 239.0 248.0 182.0 
154.0 170.0 184.0 189.0 163.0 171.0 229.0 
229.0 197.0 226.0 277.0 287.0 282.0 281.0 
309.0 340.0 326.0 290.0 283.0 298.0 255.0 
206.0 208.0 202.0 168.0 126.0 97.0 85.0 
72.0 27.0 -13.0 -5.0 -1.0 -19.0 4.0 
56.0 92.0 106.0 94.0 137.0 174.0 153.0 
158.0 191.0 214.0 182.0 147.0 171.0 201.0 
181.0 166.0 159.0 144.0 121.0 80.0 74.0 
94.0 84.0 50.0 58.0 88.0 80.0 52.0 
33.0 48.0 68.0 50.0 49.0 84.0 102.0 
86.0 67.0 87.0 113.0 98.0 76.0 103.0 
133.0 171.0 177.0 150.0 221.0 250.0 197.0 
205.0 260.0 290.0 293.0 332.0 391.0 390.0 
349.0 374.0 428.0 434.0 413.0 402.0 444.0 
477.0 454.0 447.0 457.0 475.0 481.0 432.0 
408.0 421.0 401.0 334.0 304.0 312.0 276.0 
203.0 157.0 156.0 113.0 51.0 24.0 28.0 
57.0 12.0 -59.0 -31.0 3.0 -5.0 -5.0 
-3.0 36.0 72.0 46.0 45.0 118.0 137.0 
115.0 157.0 194.0 193.0 167.0 146.0 184.0 
236.0 240.0 198.0 221.0 258.0 196.0 172.0 
208.0 222.0 198.0 180.0 194.0 207.0 211.0 
164.0 140.0 192.0 182.0 129.0 117.0 122.0 
137.0 104.0 61.0 87.0 111.0 114.0 114.0 
134.0 171.0 161.0 128.0 167.0 204.0 180.0 
192.0 194.0 197.0 215.0 167.0 148.0 193.0 
174.0 104.0 97.0 132.0 133.0 84.0 75.0 
148.0 180.0 143.0 141.0 191.0 249.0 259.0 
236.0 297.0 343.0 299.0 293.0 311.0 335.0 
354.0 312.0 295.0 340.0 333.0 285.0 293.0 
318.0 308.0 279.0 253.0 273.0 279.0 250.0 
238.0 250.0 293.0 252.0 200.0 253.0 256.0 
222.0 238.0 235.0 246.0 261.0 198.0 165.0 
181.0 140.0 92.0 53.0 16.0 -9.0 -69.0 
-120.0 -125.0 -141.0 -190.0 -219.0 -191.0 -163.0 
-178.0 -181.0 -127.0 -113.0 -120.0 -90.0 -84.0 
-28.0 45.0 31.0 51.0 130.0 148.0 136.0 
174.0 220.0 240.0 225.0 246.0 309.0 335.0 
359.0 349.0 352.0 429.0 427.0 405.0 492.0 
538.0 499.0 490.0 480.0 476.0 495.0 417.0 
391.0 434.0 364.0 290.0 281.0 261.0 213.0 
173.0 134.0 135.0 143.0 92.0 48.0 71.0 
117.0 56.0 1.0 32.0 54.0 45.0 17.0 
31.0 83.0 105.0 70.0 52.0 87.0 93.0 
82.0 116.0 179.0 189.0 142.0 147.0 176.0 
170.0 135.0 68.0 60.0 91.0 41.0 -14.0 
37.0 79.0 43.0 28.0 63.0 128.0 130.0 
65.0 66.0 99.0 79.0 43.0 72.0 108.0 
63.0 30.0 35.0 41.0 68.0 66.0 45.0 
69.0 102.0 75.0 63.0 115.0 151.0 151.0 
155.0 181.0 231.0 253.0 216.0 236.0 283.0 
279.0 238.0 218.0 274.0 275.0 217.0 203.0 
230.0 256.0 234.0 195.0 215.0 241.0 184.0 
169.0 226.0 242.0 216.0 185.0 189.0 214.0 
204.0 167.0 167.0 211.0 199.0 137.0 153.0 
190.0 164.0 140.0 138.0 161.0 186.0 163.0 
120.0 141.0 170.0 125.0 110.0 155.0 171.0 
141.0 113.0 114.0 137.0 127.0 76.0 72.0 
104.0 96.0 43.0 13.0 55.0 70.0 -1.0 
-16.0 15.0 20.0 36.0 23.0 69.0 130.0 
86.0 74.0 139.0 175.0 145.0 132.0 151.0 
181.0 193.0 155.0 176.0 230.0 248.0 232.0 
225.0 277.0 277.0 237.0 237.0 253.0 261.0 
233.0 201.0 219.0 254.0 197.0 155.0 213.0 
220.0 199.0 178.0 173.0 226.0 221.0 167.0 
165.0 210.0 218.0 142.0 113.0 162.0 152.0 
87.0 59.0 54.0 33.0 0.0 -12.0 14.0 
51.0 24.0 -19.0 19.0 71.0 84.0 82.0 
120.0 194.0 217.0 195.0 206.0 263.0 276.0 
230.0 225.0 270.0 255.0 180.0 171.0 220.0 
234.0 197.0 186.0 236.0 285.0 272.0 254.0 
289.0 293.0 264.0 237.0 229.0 252.0 227.0 
178.0 176.0 195.0 170.0 107.0 104.0 151.0 
147.0 93.0 86.0 97.0 80.0 53.0 23.0 
52.0 79.0 27.0 -20.0 0.0 29.0 3.0 
-38.0 -31.0 31.0 39.0 15.0 66.0 132.0 
145.0 117.0 136.0 186.0 186.0 159.0 166.0 
239.0 266.0 244.0 243.0 255.0 275.0 259.0 
235.0 234.0 248.0 221.0 183.0 187.0 194.0 
187.0 142.0 138.0 172.0 159.0 132.0 137.0 
173.0 165.0 119.0 111.0 147.0 180.0 159.0 
157.0 219.0 259.0 253.0 239.0 270.0 309.0 
298.0 291.0 302.0 327.0 307.0 262.0 272.0 
273.0 235.0 162.0 124.0 114.0 46.0 -11.0 
-43.0 -30.0 -42.0 -104.0 -100.0 -71.0 -64.0 
-66.0 -41.0 2.0 45.0 66.0 54.0 104.0 
173.0 170.0 154.0 183.0 229.0 234.0 211.0 
221.0 232.0 213.0 184.0 162.0 176.0 125.0 
54.0 74.0 116.0 92.0 39.0 38.0 42.0 
62.0 44.0 -8.0 36.0 65.0 39.0 38.0 
54.0 93.0 98.0 64.0 64.0 101.0 112.0 
99.0 118.0 178.0 210.0 186.0 206.0 283.0 
303.0 266.0 299.0 358.0 378.0 360.0 332.0 
367.0 368.0 346.0 336.0 332.0 369.0 340.0 
282.0 275.0 281.0 253.0 205.0 178.0 186.0 
181.0 108.0 76.0 98.0 88.0 54.0 42.0 
70.0 77.0 54.0 6.0 -14.0 13.0 -24.0 
-72.0 -73.0 -60.0 -58.0 -111.0 -133.0 -76.0 
-26.0 -13.0 7.0 78.0 93.0 57.0 91.0 
139.0 183.0 181.0 183.0 256.0 293.0 297.0 
260.0 269.0 312.0 263.0 251.0 286.0 292.0 
288.0 275.0 267.0 266.0 277.0 270.0 268.0 
298.0 284.0 229.0 197.0 244.0 275.0 247.0 
249.0 281.0 328.0 319.0 278.0 288.0 308.0 
280.0 231.0 232.0 242.0 220.0 204.0 206.0 
243.0 255.0 211.0 192.0 232.0 263.0 212.0 
196.0 251.0 288.0 294.0 295.0 321.0 357.0 
358.0 336.0 336.0 341.0 321.0 268.0 246.0 
246.0 211.0 164.0 131.0 131.0 115.0 68.0 
17.0 8.0 -12.0 -81.0 -121.0 -117.0 -106.0 
-138.0 -172.0 -139.0 -84.0 -88.0 -110.0 -76.0 
-32.0 -23.0 -13.0 53.0 118.0 141.0 174.0 
217.0 270.0 320.0 334.0 353.0 422.0 467.0 
459.0 486.0 508.0 536.0 579.0 561.0 530.0 
518.0 499.0 431.0 385.0 378.0 326.0 272.0 
229.0 210.0 171.0 107.0 72.0 73.0 60.0 
19.0 12.0 18.0 2.0 -34.0 -33.0 -12.0 
-15.0 -10.0 8.0 17.0 41.0 75.0 51.0 
62.0 93.0 67.0 68.0 100.0 156.0 192.0 
183.0 183.0 188.0 205.0 217.0 221.0 266.0 
306.0 299.0 302.0 336.0 322.0 300.0 308.0 
284.0 296.0 294.0 222.0 217.0 237.0 196.0 
175.0 198.0 206.0 187.0 153.0 152.0 158.0 
145.0 145.0 161.0 178.0 181.0 176.0 180.0 
198.0 159.0 115.0 131.0 111.0 96.0 96.0 
62.0 86.0 118.0 68.0 37.0 70.0 108.0 
115.0 106.0 120.0 161.0 186.0 181.0 201.0 
251.0 287.0 299.0 327.0 356.0 351.0 343.0 
360.0 383.0 387.0 371.0 322.0 342.0 396.0 
353.0 323.0 335.0 326.0 298.0 281.0 292.0 
267.0 247.0 237.0 218.0 222.0 196.0 153.0 
123.0 147.0 148.0 105.0 88.0 80.0 133.0 
132.0 65.0 82.0 115.0 87.0 46.0 60.0 
75.0 56.0 52.0 51.0 81.0 103.0 71.0 
74.0 123.0 142.0 126.0 149.0 213.0 246.0 
240.0 247.0 266.0 326.0 375.0 348.0 385.0 
465.0 464.0 452.0 473.0 488.0 497.0 485.0 
465.0 462.0 449.0 409.0 388.0 404.0 405.0 
357.0 315.0 310.0 278.0 243.0 238.0 249.0 
278.0 272.0 226.0 235.0 265.0 203.0 160.0 
199.0 209.0 179.0 156.0 146.0 155.0 176.0 
135.0 98.0 128.0 113.0 57.0 48.0 69.0 
41.0 -1.0 1.0 17.0 56.0 76.0 50.0 
59.0 93.0 63.0 19.0 62.0 91.0 86.0 
102.0 94.0 118.0 157.0 109.0 98.0 173.0 
201.0 185.0 199.0 252.0 275.0 268.0 286.0 
299.0 371.0 442.0 404.0 427.0 499.0 491.0 
475.0 494.0 539.0 572.0 548.0 514.0 524.0 
534.0 472.0 405.0 436.0 442.0 380.0 361.0 
351.0 315.0 284.0 243.0 206.0 217.0 182.0 
86.0 79.0 94.0 31.0 -29.0 -48.0 -30.0 
-31.0 -64.0 -75.0 -42.0 9.0 1.0 6.0 
57.0 96.0 87.0 77.0 122.0 135.0 126.0 
97.0 70.0 103.0 104.0 44.0 54.0 119.0 
111.0 101.0 138.0 172.0 196.0 216.0 246.0 
296.0 342.0 346.0 334.0 371.0 409.0 394.0 
412.0 459.0 479.0 480.0 438.0 406.0 424.0 
414.0 363.0 347.0 383.0 363.0 303.0 324.0 
373.0 376.0 360.0 353.0 360.0 361.0 316.0 
271.0 327.0 353.0 288.0 246.0 246.0 259.0 
230.0 179.0 166.0 173.0 143.0 80.0 60.0 
89.0 108.0 63.0 41.0 93.0 104.0 58.0 
37.0 92.0 120.0 78.0 83.0 125.0 157.0 
129.0 104.0 161.0 182.0 166.0 159.0 170.0 
223.0 208.0 145.0 164.0 221.0 221.0 176.0 
172.0 232.0 252.0 198.0 172.0 226.0 274.0 
240.0 202.0 251.0 292.0 236.0 197.0 238.0 
280.0 275.0 238.0 250.0 309.0 306.0 254.0 
256.0 333.0 348.0 292.0 296.0 337.0 341.0 
318.0 317.0 340.0 340.0 285.0 248.0 290.0 
311.0 263.0 218.0 256.0 284.0 236.0 204.0 
221.0 276.0 255.0 189.0 225.0 265.0 256.0 
248.0 249.0 294.0 300.0 247.0 224.0 257.0 
279.0 203.0 144.0 181.0 195.0 126.0 93.0 
121.0 126.0 102.0 49.0 53.0 126.0 127.0 
82.0 115.0 168.0 162.0 125.0 140.0 212.0 
231.0 239.0 265.0 300.0 334.0 292.0 270.0 
347.0 385.0 349.0 339.0 377.0 394.0 358.0 
318.0 326.0 363.0 319.0 218.0 192.0 210.0 
166.0 99.0 79.0 66.0 26.0 -17.0 -45.0 
-34.0 -42.0 -88.0 -80.0 -38.0 -15.0 -32.0 
-34.0 29.0 62.0 64.0 79.0 112.0 170.0 
171.0 148.0 214.0 274.0 275.0 261.0 260.0 
305.0 312.0 275.0 295.0 338.0 347.0 331.0 
312.0 325.0 355.0 328.0 300.0 332.0 343.0 
306.0 266.0 290.0 320.0 269.0 216.0 230.0 
289.0 290.0 249.0 266.0 288.0 271.0 238.0 
235.0 276.0 284.0 232.0 221.0 250.0 248.0 
236.0 236.0 241.0 244.0 228.0 174.0 160.0 
174.0 140.0 95.0 94.0 112.0 67.0 25.0 
22.0 13.0 -1.0 -35.0 -25.0 26.0 19.0 
-26.0 -11.0 64.0 102.0 97.0 112.0 162.0 
206.0 212.0 214.0 253.0 311.0 311.0 301.0 
372.0 427.0 419.0 393.0 406.0 442.0 434.0 
407.0 385.0 407.0 401.0 357.0 359.0 372.0 
347.0 314.0 310.0 298.0 305.0 281.0 251.0 
282.0 288.0 260.0 229.0 230.0 261.0 270.0 
246.0 245.0 255.0 222.0 178.0 160.0 186.0 
183.0 131.0 127.0 154.0 159.0 147.0 139.0 
156.0 181.0 176.0 175.0 203.0 200.0 174.0 
153.0 170.0 220.0 202.0 174.0 190.0 200.0 
183.0 154.0 150.0 173.0 187.0 159.0 143.0 
151.0 152.0 145.0 128.0 146.0 154.0 125.0 
93.0 85.0 89.0 74.0 68.0 94.0 142.0 
144.0 119.0 117.0 121.0 139.0 136.0 116.0 
149.0 185.0 161.0 179.0 233.0 238.0 238.0 
246.0 260.0 284.0 284.0 244.0 234.0 268.0 
261.0 237.0 263.0 324.0 338.0 323.0 345.0 
361.0 360.0 350.0 350.0 385.0 384.0 341.0 
334.0 362.0 359.0 311.0 263.0 228.0 243.0 
244.0 204.0 230.0 260.0 238.0 212.0 233.0 
284.0 281.0 257.0 266.0 297.0 317.0 304.0 
297.0 314.0 308.0 258.0 216.0 224.0 238.0 
185.0 124.0 122.0 129.0 89.0 46.0 56.0 
50.0 23.0 -17.0 -52.0 -30.0 -59.0 -89.0 
-56.0 -28.0 -1.0 -12.0 -5.0 21.0 35.0 
63.0 98.0 165.0 213.0 231.0 240.0 271.0 
313.0 320.0 309.0 324.0 367.0 344.0 294.0 
310.0 331.0 325.0 295.0 302.0 356.0 348.0 
311.0 296.0 329.0 385.0 350.0 342.0 398.0 
398.0 375.0 370.0 398.0 416.0 399.0 392.0 
416.0 428.0 396.0 381.0 389.0 394.0 361.0 
296.0 289.0 313.0 278.0 210.0 178.0 179.0 
152.0 91.0 57.0 57.0 33.0 3.0 7.0 
7.0 -7.0 -41.0 -78.0 -49.0 -11.0 -17.0 
-22.0 -4.0 38.0 26.0 -3.0 50.0 101.0 
111.0 103.0 118.0 187.0 201.0 166.0 191.0 
243.0 240.0 202.0 219.0 250.0 251.0 226.0 
202.0 230.0 262.0 249.0 242.0 284.0 297.0 
284.0 287.0 310.0 362.0 364.0 343.0 351.0 
355.0 343.0 319.0 317.0 328.0 313.0 271.0 
255.0 274.0 257.0 220.0 211.0 239.0 270.0 
226.0 176.0 194.0 223.0 201.0 152.0 161.0 
179.0 178.0 172.0 182.0 234.0 231.0 190.0 
225.0 272.0 274.0 259.0 250.0 257.0 259.0 
257.0 250.0 272.0 284.0 265.0 266.0 286.0 
293.0 250.0 252.0 281.0 298.0 317.0 279.0 
273.0 283.0 255.0 225.0 228.0 254.0 235.0 
206.0 217.0 243.0 223.0 170.0 164.0 203.0 
211.0 178.0 182.0 210.0 205.0 182.0 185.0 
215.0 234.0 219.0 195.0 234.0 270.0 239.0 
204.0 209.0 226.0 214.0 205.0 187.0 210.0 
250.0 209.0 188.0 225.0 261.0 227.0 207.0 
243.0 236.0 233.0 234.0 256.0 275.0 261.0 
244.0 256.0 308.0 297.0 275.0 298.0 308.0 
298.0 291.0 317.0 339.0 346.0 337.0 331.0 
371.0 383.0 335.0 315.0 342.0 321.0 266.0 
264.0 295.0 298.0 265.0 239.0 219.0 228.0 
210.0 160.0 178.0 192.0 176.0 134.0 116.0 
154.0 170.0 143.0 124.0 169.0 178.0 166.0 
175.0 204.0 242.0 196.0 172.0 173.0 178.0 
168.0 135.0 159.0 179.0 163.0 128.0 157.0 
211.0 223.0 228.0 245.0 291.0 300.0 293.0 
305.0 325.0 352.0 338.0 326.0 358.0 364.0 
325.0 320.0 339.0 343.0 330.0 292.0 301.0 
317.0 281.0 241.0 227.0 253.0 235.0 211.0 
206.0 202.0 211.0 171.0 148.0 160.0 189.0 
183.0 162.0 188.0 173.0 130.0 112.0 116.0 
121.0 84.0 55.0 65.0 62.0 21.0 7.0 
44.0 51.0 63.0 96.0 103.0 123.0 128.0 
101.0 105.0 145.0 173.0 164.0 159.0 185.0 
206.0 211.0 219.0 230.0 246.0 269.0 283.0 
323.0 391.0 408.0 415.0 458.0 503.0 518.0 
517.0 543.0 543.0 521.0 505.0 461.0 452.0 
431.0 373.0 356.0 345.0 328.0 271.0 236.0 
255.0 238.0 199.0 155.0 170.0 209.0 173.0 
137.0 134.0 141.0 137.0 117.0 149.0 187.0 
190.0 203.0 222.0 248.0 259.0 246.0 236.0 
270.0 308.0 307.0 333.0 371.0 381.0 386.0 
385.0 385.0 402.0 397.0 368.0 352.0 332.0 
285.0 245.0 251.0 259.0 236.0 194.0 159.0 
145.0 141.0 132.0 107.0 111.0 103.0 52.0 
48.0 86.0 98.0 73.0 74.0 112.0 123.0 
93.0 93.0 136.0 171.0 188.0 174.0 182.0 
216.0 209.0 209.0 218.0 217.0 236.0 243.0 
241.0 285.0 309.0 291.0 327.0 366.0 368.0 
380.0 391.0 395.0 388.0 356.0 329.0 322.0 
318.0 294.0 252.0 227.0 224.0 205.0 173.0 
156.0 165.0 167.0 130.0 156.0 206.0 189.0 
173.0 172.0 169.0 189.0 216.0 218.0 256.0 
288.0 251.0 253.0 318.0 332.0 311.0 318.0 
314.0 314.0 303.0 282.0 305.0 328.0 315.0 
284.0 270.0 292.0 276.0 236.0 221.0 211.0 
188.0 170.0 180.0 195.0 187.0 144.0 114.0 
119.0 135.0 164.0 183.0 179.0 182.0 189.0 
183.0 196.0 245.0 250.0 233.0 275.0 284.0 
266.0 259.0 272.0 297.0 301.0 310.0 283.0 
291.0 284.0 249.0 279.0 274.0 246.0 243.0 
260.0 283.0 305.0 322.0 321.0 357.0 401.0 
391.0 364.0 371.0 393.0 392.0 386.0 386.0 
381.0 375.0 353.0 306.0 287.0 281.0 222.0 
187.0 197.0 169.0 154.0 168.0 142.0 146.0 
179.0 175.0 221.0 271.0 271.0 305.0 369.0 
405.0 423.0 440.0 437.0 440.0 445.0 448.0 
434.0 427.0 442.0 412.0 400.0 413.0 390.0 
378.0 376.0 348.0 338.0 332.0 317.0 310.0 
285.0 267.0 249.0 225.0 214.0 199.0 184.0 
183.0 158.0 124.0 104.0 70.0 84.0 106.0 
70.0 42.0 64.0 65.0 51.0 72.0 63.0 
44.0 50.0 59.0 80.0 119.0 131.0 133.0 
175.0 202.0 212.0 258.0 287.0 288.0 317.0 
335.0 308.0 311.0 358.0 372.0 370.0 368.0 
366.0 377.0 368.0 348.0 356.0 350.0 308.0 
306.0 323.0 316.0 314.0 300.0 281.0 276.0 
281.0 277.0 253.0 241.0 229.0 193.0 164.0 
146.0 125.0 91.0 60.0 77.0 116.0 127.0 
141.0 165.0 184.0 184.0 179.0 202.0 213.0 
225.0 268.0 285.0 266.0 257.0 238.0 191.0 
186.0 202.0 170.0 149.0 149.0 152.0 148.0 
144.0 192.0 231.0 257.0 289.0 314.0 341.0 
337.0 354.0 381.0 373.0 394.0 399.0 372.0 
378.0 401.0 412.0 392.0 365.0 342.0 339.0 
330.0 316.0 329.0 297.0 262.0 267.0 254.0 
225.0 208.0 209.0 186.0 168.0 157.0 154.0 
165.0 148.0 137.0 132.0 141.0 150.0 148.0 
170.0 167.0 174.0 182.0 194.0 238.0 252.0 
272.0 258.0 243.0 265.0 279.0 295.0 290.0 
318.0 352.0 353.0 351.0 346.0 348.0 325.0 
319.0 333.0 336.0 372.0 382.0 379.0 411.0 
412.0 388.0 403.0 443.0 455.0 435.0 415.0 
421.0 419.0 390.0 372.0 351.0 323.0 292.0 
269.0 280.0 265.0 220.0 227.0 232.0 195.0 
195.0 182.0 155.0 174.0 166.0 153.0 155.0 
152.0 160.0 159.0 153.0 153.0 147.0 126.0 
140.0 162.0 158.0 158.0 173.0 214.0 225.0 
234.0 253.0 263.0 293.0 316.0 331.0 334.0 
341.0 340.0 325.0 346.0 377.0 386.0 378.0 
368.0 380.0 406.0 399.0 380.0 406.0 436.0 
415.0 382.0 387.0 386.0 364.0 346.0 318.0 
336.0 335.0 302.0 304.0 324.0 342.0 343.0 
377.0 392.0 401.0 422.0 420.0 410.0 381.0 
368.0 323.0 311.0 294.0 223.0 191.0 129.0 
84.0 57.0 10.0 -14.0 -10.0 -8.0 -31.0 
-17.0 -13.0 -8.0 26.0 54.0 101.0 134.0 
167.0 196.0 232.0 251.0 251.0 276.0 299.0 
343.0 353.0 342.0 379.0 418.0 421.0 431.0 
485.0 502.0 500.0 510.0 527.0 556.0 556.0 
567.0 560.0 550.0 548.0 520.0 479.0 448.0 
447.0 412.0 380.0 344.0 323.0 312.0 282.0 
304.0 283.0 259.0 222.0 180.0 193.0 183.0 
164.0 158.0 195.0 176.0 141.0 172.0 177.0 
176.0 164.0 183.0 193.0 208.0 221.0 208.0 
254.0 261.0 249.0 259.0 268.0 291.0 300.0 
290.0 281.0 295.0 291.0 284.0 309.0 315.0 
283.0 264.0 259.0 248.0 252.0 270.0 301.0 
321.0 327.0 324.0 317.0 327.0 330.0 330.0 
335.0 337.0 340.0 319.0 291.0 283.0 281.0 
271.0 236.0 226.0 242.0 228.0 206.0 193.0 
189.0 208.0 229.0 225.0 233.0 250.0 263.0 
286.0 291.0 296.0 324.0 361.0 363.0 377.0 
404.0 380.0 392.0 405.0 362.0 343.0 332.0 
301.0 286.0 266.0 217.0 234.0 246.0 228.0 
259.0 278.0 304.0 328.0 307.0 311.0 367.0 
418.0 457.0 467.0 450.0 454.0 446.0 438.0 
448.0 433.0 428.0 407.0 364.0 330.0 280.0 
263.0 272.0 278.0 284.0 263.0 228.0 217.0 
218.0 211.0 213.0 238.0 267.0 262.0 257.0 
272.0 287.0 300.0 313.0 327.0 308.0 286.0 
270.0 251.0 253.0 248.0 243.0 248.0 261.0 
253.0 236.0 228.0 243.0 282.0 248.0 227.0 
236.0 230.0 246.0 229.0 223.0 228.0 241.0 
244.0 230.0 221.0 193.0 195.0 192.0 226.0 
278.0 269.0 288.0 307.0 313.0 320.0 330.0 
362.0 357.0 340.0 346.0 350.0 330.0 291.0 
283.0 290.0 251.0 232.0 233.0 219.0 239.0 
232.0 222.0 229.0 210.0 223.0 236.0 238.0 
262.0 263.0 235.0 220.0 245.0 265.0 260.0 
252.0 230.0 223.0 216.0 196.0 201.0 220.0 
193.0 177.0 202.0 217.0 244.0 236.0 263.0 
309.0 294.0 281.0 279.0 311.0 327.0 344.0 
356.0 359.0 398.0 373.0 370.0 411.0 432.0 
444.0 430.0 450.0 463.0 461.0 485.0 501.0 
511.0 518.0 499.0 481.0 476.0 465.0 454.0 
437.0 436.0 403.0 326.0 283.0 259.0 241.0 
176.0 99.0 65.0 53.0 33.0 -11.0 -5.0 
-7.0 -30.0 -32.0 -40.0 -36.0 -46.0 -34.0 
-6.0 1.0 33.0 79.0 132.0 169.0 203.0 
230.0 236.0 292.0 362.0 397.0 398.0 416.0 
447.0 455.0 467.0 486.0 521.0 531.0 519.0 
540.0 545.0 518.0 486.0 471.0 470.0 433.0 
394.0 377.0 363.0 343.0 304.0 285.0 276.0 
261.0 240.0 184.0 158.0 187.0 181.0 166.0 
190.0 180.0 173.0 186.0 185.0 193.0 184.0 
161.0 176.0 216.0 238.0 260.0 292.0 321.0 
328.0 328.0 343.0 353.0 371.0 375.0 369.0 
358.0 360.0 353.0 306.0 322.0 322.0 278.0 
271.0 280.0 291.0 268.0 250.0 268.0 293.0 
293.0 274.0 280.0 320.0 328.0 294.0 311.0 
338.0 341.0 352.0 342.0 331.0 346.0 360.0 
345.0 341.0 345.0 310.0 279.0 279.0 279.0 
259.0 237.0 228.0 235.0 248.0 221.0 211.0 
236.0 210.0 185.0 207.0 225.0 205.0 193.0 
196.0 194.0 192.0 164.0 153.0 162.0 177.0 
177.0 179.0 210.0 216.0 245.0 272.0 286.0 
304.0 307.0 312.0 304.0 313.0 312.0 306.0 
308.0 278.0 240.0 202.0 184.0 171.0 193.0 
217.0 185.0 192.0 200.0 197.0 240.0 283.0 
293.0 322.0 340.0 324.0 366.0 393.0 389.0 
398.0 398.0 397.0 353.0 342.0 339.0 270.0 
241.0 242.0 223.0 206.0 191.0 193.0 197.0 
186.0 179.0 185.0 209.0 220.0 239.0 275.0 
255.0 247.0 283.0 291.0 292.0 310.0 328.0 
331.0 326.0 308.0 273.0 255.0 239.0 230.0 
239.0 217.0 176.0 158.0 124.0 78.0 88.0 
102.0 95.0 111.0 120.0 133.0 166.0 207.0 
236.0 268.0 320.0 339.0 364.0 423.0 436.0 
426.0 453.0 451.0 408.0 409.0 404.0 358.0 
351.0 337.0 322.0 337.0 291.0 243.0 214.0 
187.0 181.0 179.0 189.0 187.0 196.0 202.0 
171.0 132.0 132.0 121.0 79.0 67.0 52.0 
55.0 57.0 47.0 59.0 79.0 86.0 100.0 
145.0 149.0 137.0 149.0 153.0 165.0 199.0 
217.0 234.0 279.0 265.0 251.0 302.0 327.0 
315.0 317.0 320.0 304.0 313.0 341.0 345.0 
332.0 356.0 350.0 296.0 296.0 304.0 281.0 
268.0 275.0 256.0 215.0 193.0 185.0 205.0 
191.0 147.0 153.0 191.0 186.0 167.0 190.0 
187.0 201.0 232.0 211.0 236.0 270.0 224.0 
211.0 243.0 248.0 238.0 262.0 309.0 312.0 
299.0 286.0 296.0 345.0 362.0 331.0 350.0 
381.0 336.0 334.0 354.0 342.0 349.0 335.0 
308.0 304.0 296.0 250.0 199.0 196.0 176.0 
118.0 99.0 112.0 79.0 29.0 -3.0 -23.0 
-25.0 -35.0 -40.0 -27.0 -9.0 -15.0 -5.0 
41.0 62.0 81.0 121.0 172.0 205.0 230.0 
231.0 225.0 298.0 341.0 357.0 383.0 373.0 
383.0 391.0 381.0 404.0 424.0 420.0 396.0 
399.0 452.0 436.0 403.0 417.0 411.0 391.0 
366.0 321.0 304.0 337.0 300.0 271.0 299.0 
269.0 232.0 201.0 186.0 192.0 164.0 129.0 
113.0 102.0 64.0 8.0 23.0 53.0 -5.0 
-30.0 22.0 21.0 -5.0 6.0 -5.0 24.0 
48.0 12.0 37.0 92.0 126.0 126.0 149.0 
212.0 238.0 244.0 248.0 273.0 306.0 337.0 
348.0 355.0 389.0 363.0 332.0 358.0 362.0 
351.0 350.0 337.0 361.0 384.0 362.0 406.0 
460.0 436.0 414.0 421.0 438.0 435.0 398.0 
370.0 397.0 408.0 390.0 386.0 389.0 393.0 
346.0 304.0 301.0 282.0 227.0 190.0 184.0 
175.0 162.0 121.0 107.0 117.0 91.0 80.0 
69.0 65.0 76.0 58.0 41.0 44.0 52.0 
31.0 14.0 28.0 17.0 2.0 21.0 50.0 
64.0 81.0 93.0 106.0 151.0 167.0 136.0 
138.0 190.0 214.0 202.0 198.0 221.0 250.0 
272.0 323.0 369.0 373.0 368.0 373.0 400.0 
448.0 455.0 451.0 483.0 497.0 486.0 462.0 
438.0 448.0 442.0 384.0 345.0 329.0 310.0 
239.0 181.0 200.0 203.0 208.0 189.0 160.0 
174.0 152.0 132.0 166.0 182.0 159.0 166.0 
212.0 228.0 220.0 211.0 176.0 168.0 172.0 
139.0 145.0 150.0 130.0 114.0 100.0 117.0 
131.0 114.0 97.0 132.0 166.0 141.0 124.0 
150.0 160.0 128.0 114.0 124.0 139.0 111.0 
62.0 70.0 69.0 28.0 20.0 42.0 65.0 
81.0 74.0 59.0 66.0 58.0 62.0 129.0 
200.0 219.0 206.0 228.0 285.0 316.0 314.0 
319.0 343.0 375.0 383.0 375.0 396.0 422.0 
435.0 416.0 412.0 428.0 392.0 366.0 362.0 
345.0 318.0 272.0 248.0 253.0 227.0 181.0 
176.0 194.0 190.0 165.0 154.0 193.0 202.0 
155.0 168.0 186.0 192.0 187.0 171.0 224.0 
242.0 211.0 216.0 227.0 220.0 202.0 185.0 
195.0 217.0 215.0 180.0 165.0 205.0 196.0 
149.0 182.0 220.0 209.0 206.0 200.0 190.0 
172.0 144.0 138.0 174.0 198.0 177.0 182.0 
211.0 222.0 203.0 206.0 251.0 267.0 241.0 
227.0 245.0 254.0 236.0 222.0 229.0 226.0 
196.0 171.0 167.0 154.0 128.0 106.0 113.0 
143.0 136.0 110.0 117.0 139.0 136.0 144.0 
179.0 235.0 269.0 239.0 263.0 316.0 333.0 
337.0 343.0 379.0 399.0 400.0 409.0 446.0 
474.0 445.0 428.0 441.0 443.0 429.0 390.0 
346.0 353.0 324.0 276.0 294.0 310.0 298.0 
240.0 201.0 211.0 185.0 154.0 147.0 153.0 
142.0 98.0 95.0 95.0 51.0 36.0 34.0 
31.0 24.0 1.0 -22.0 -17.0 7.0 -18.0 
-63.0 -59.0 -43.0 -61.0 -65.0 -36.0 -5.0 
11.0 18.0 60.0 111.0 124.0 118.0 131.0 
190.0 248.0 246.0 255.0 301.0 321.0 349.0 
384.0 400.0 439.0 447.0 436.0 476.0 518.0 
536.0 532.0 550.0 590.0 589.0 562.0 551.0 
553.0 539.0 498.0 475.0 488.0 461.0 386.0 
363.0 366.0 312.0 270.0 272.0 265.0 232.0 
203.0 205.0 238.0 265.0 245.0 219.0 222.0 
246.0 247.0 238.0 272.0 307.0 314.0 294.0 
299.0 366.0 364.0 288.0 265.0 273.0 273.0 
262.0 260.0 284.0 281.0 250.0 233.0 230.0 
226.0 188.0 148.0 147.0 123.0 82.0 47.0 
17.0 16.0 10.0 -22.0 -37.0 -11.0 -11.0 
-33.0 -21.0 5.0 7.0 -2.0 7.0 47.0 
81.0 96.0 108.0 119.0 164.0 174.0 169.0 
215.0 267.0 285.0 269.0 274.0 285.0 301.0 
297.0 304.0 356.0 343.0 305.0 326.0 376.0 
410.0 431.0 460.0 511.0 544.0 545.0 571.0 
627.0 658.0 661.0 676.0 672.0 653.0 618.0 
582.0 561.0 520.0 495.0 421.0 351.0 337.0 
281.0 243.0 233.0 245.0 236.0 215.0 223.0 
217.0 229.0 206.0 207.0 259.0 253.0 224.0 
215.0 245.0 255.0 239.0 233.0 233.0 247.0 
221.0 198.0 227.0 233.0 207.0 193.0 200.0 
210.0 186.0 157.0 146.0 156.0 176.0 148.0 
117.0 118.0 114.0 85.0 56.0 53.0 46.0 
9.0 -38.0 -45.0 -49.0 -57.0 -71.0 -71.0 
-14.0 -21.0 -59.0 -23.0 34.0 89.0 116.0 
143.0 230.0 272.0 269.0 305.0 345.0 391.0 
428.0 441.0 474.0 525.0 529.0 521.0 548.0 
559.0 558.0 547.0 548.0 555.0 528.0 513.0 
507.0 507.0 488.0 445.0 451.0 469.0 452.0 
425.0 424.0 441.0 460.0 469.0 435.0 415.0 
401.0 352.0 313.0 293.0 278.0 251.0 226.0 
206.0 179.0 161.0 124.0 116.0 134.0 110.0 
102.0 126.0 157.0 160.0 139.0 141.0 181.0 
214.0 193.0 163.0 169.0 183.0 151.0 122.0 
151.0 157.0 139.0 154.0 170.0 186.0 183.0 
175.0 199.0 227.0 260.0 270.0 300.0 357.0 
355.0 331.0 346.0 357.0 357.0 339.0 325.0 
346.0 338.0 317.0 306.0 292.0 285.0 250.0 
212.0 220.0 218.0 190.0 181.0 170.0 164.0 
135.0 83.0 89.0 110.0 103.0 83.0 91.0 
131.0 148.0 144.0 127.0 150.0 170.0 148.0 
164.0 204.0 219.0 208.0 249.0 292.0 307.0 
326.0 318.0 349.0 400.0 409.0 411.0 456.0 
499.0 502.0 497.0 503.0 517.0 531.0 515.0 
505.0 524.0 495.0 455.0 457.0 470.0 472.0 
448.0 411.0 399.0 387.0 344.0 332.0 335.0 
296.0 257.0 224.0 192.0 219.0 217.0 175.0 
172.0 181.0 182.0 144.0 122.0 145.0 160.0 
122.0 90.0 110.0 83.0 50.0 38.0 46.0 
68.0 42.0 36.0 53.0 79.0 91.0 93.0 
108.0 119.0 144.0 154.0 178.0 215.0 224.0 
219.0 235.0 275.0 284.0 281.0 303.0 346.0 
354.0 333.0 331.0 335.0 348.0 343.0 346.0 
362.0 362.0 362.0 344.0 361.0 398.0 384.0 
361.0 375.0 405.0 387.0 354.0 339.0 325.0 
316.0 274.0 256.0 290.0 298.0 287.0 269.0 
256.0 255.0 240.0 230.0 254.0 274.0 266.0 
282.0 305.0 318.0 326.0 327.0 338.0 343.0 
325.0 289.0 273.0 278.0 281.0 282.0 274.0 
280.0 288.0 264.0 254.0 295.0 315.0 322.0 
314.0 278.0 282.0 265.0 260.0 273.0 267.0 
246.0 207.0 203.0 194.0 193.0 179.0 164.0 
205.0 220.0 194.0 197.0 215.0 201.0 200.0 
214.0 223.0 227.0 205.0 194.0 183.0 165.0 
138.0 106.0 112.0 119.0 105.0 91.0 70.0 
70.0 90.0 96.0 100.0 140.0 149.0 121.0 
140.0 173.0 202.0 218.0 240.0 292.0 313.0 
287.0 281.0 308.0 322.0 308.0 304.0 335.0 
347.0 336.0 319.0 308.0 287.0 249.0 248.0 
266.0 298.0 316.0 285.0 258.0 246.0 227.0 
211.0 199.0 185.0 171.0 141.0 125.0 142.0 
141.0 135.0 131.0 123.0 136.0 120.0 91.0 
125.0 146.0 156.0 195.0 203.0 219.0 222.0 
220.0 258.0 294.0 297.0 270.0 251.0 265.0 
298.0 276.0 251.0 248.0 236.0 228.0 182.0 
171.0 177.0 130.0 129.0 166.0 181.0 172.0 
134.0 124.0 143.0 151.0 147.0 129.0 142.0 
172.0 170.0 165.0 170.0 177.0 176.0 169.0 
186.0 209.0 206.0 202.0 228.0 252.0 253.0 
245.0 242.0 256.0 258.0 259.0 270.0 283.0 
279.0 255.0 254.0 243.0 217.0 205.0 190.0 
183.0 188.0 172.0 150.0 156.0 155.0 144.0 
140.0 140.0 161.0 173.0 169.0 194.0 211.0 
202.0 200.0 198.0 199.0 203.0 188.0 180.0 
192.0 185.0 168.0 155.0 150.0 162.0 147.0 
132.0 162.0 174.0 154.0 151.0 167.0 201.0 
216.0 209.0 227.0 225.0 199.0 179.0 189.0 
210.0 187.0 166.0 153.0 150.0 169.0 176.0 
177.0 185.0 196.0 172.0 156.0 193.0 207.0 
205.0 200.0 218.0 241.0 233.0 238.0 246.0 
253.0 233.0 213.0 205.0 222.0 226.0 183.0 
191.0 196.0 175.0 156.0 154.0 177.0 170.0 
150.0 138.0 140.0 149.0 147.0 140.0 145.0 
154.0 135.0 113.0 103.0 105.0 110.0 117.0 
130.0 134.0 138.0 116.0 109.0 127.0 124.0 
98.0 84.0 92.0 70.0 44.0 41.0 43.0 
45.0 28.0 18.0 16.0 19.0 39.0 36.0 
31.0 37.0 26.0 19.0 31.0 64.0 84.0 
75.0 90.0 103.0 103.0 111.0 104.0 148.0 
192.0 181.0 197.0 224.0 235.0 224.0 215.0 
225.0 247.0 258.0 247.0 256.0 258.0 254.0 
236.0 224.0 241.0 217.0 186.0 166.0 171.0 
174.0 142.0 126.0 106.0 85.0 51.0 31.0 
53.0 22.0 -7.0 -2.0 -12.0 -10.0 -10.0 
-7.0 8.0 17.0 12.0 40.0 64.0 75.0 
99.0 97.0 110.0 142.0 149.0 119.0 112.0 
129.0 129.0 135.0 114.0 96.0 105.0 105.0 
84.0 82.0 85.0 66.0 65.0 66.0 81.0 
88.0 84.0 106.0 120.0 110.0 91.0 95.0 
114.0 106.0 93.0 77.0 55.0 36.0 9.0 
18.0 61.0 74.0 70.0 81.0 84.0 92.0 
108.0 119.0 158.0 193.0 205.0 235.0 256.0 
244.0 241.0 255.0 272.0 275.0 274.0 280.0 
285.0 290.0 273.0 258.0 262.0 281.0 293.0 
282.0 269.0 256.0 247.0 222.0 199.0 208.0 
216.0 202.0 168.0 133.0 102.0 61.0 23.0 
-14.0 -59.0 -102.0 -138.0 -165.0 -201.0 -223.0 
-218.0 -206.0 -201.0 -174.0 -143.0 -136.0 -113.0 
-82.0 -33.0 2.0 16.0 45.0 70.0 77.0 
79.0 89.0 112.0 136.0 124.0 140.0 173.0 
172.0 179.0 196.0 207.0 206.0 218.0 226.0 
229.0 244.0 244.0 228.0 202.0 184.0 170.0 
140.0 102.0 57.0 28.0 -14.0 -53.0 -75.0 
-105.0 -112.0 -130.0 -148.0 -144.0 -143.0 -127.0 
-106.0 -86.0 -76.0 -70.0 -43.0 -39.0 -50.0 
-63.0 -75.0 -35.0 -14.0 -24.0 8.0 64.0 
121.0 153.0 181.0 219.0 250.0 290.0 300.0 
320.0 351.0 337.0 331.0 325.0 313.0 291.0 
260.0 233.0 213.0 175.0 116.0 100.0 79.0 
47.0 37.0 21.0 32.0 50.0 27.0 13.0 
51.0 56.0 29.0 37.0 44.0 55.0 41.0 
4.0 -5.0 -42.0 -82.0 -96.0 -109.0 -116.0 
-128.0 -156.0 -155.0 -130.0 -143.0 -160.0 -143.0 
-125.0 -134.0 -139.0 -135.0 -95.0 -65.0 -78.0 
-72.0 -70.0 -38.0 -23.0 -15.0 36.0 34.0 
40.0 71.0 71.0 102.0 134.0 135.0 169.0 
193.0 200.0 211.0 207.0 222.0 225.0 188.0 
193.0 199.0 175.0 171.0 164.0 173.0 164.0 
143.0 147.0 147.0 134.0 111.0 130.0 146.0 
137.0 135.0 120.0 114.0 123.0 116.0 82.0 
74.0 89.0 55.0 19.0 25.0 15.0 -13.0 
-21.0 1.0 37.0 29.0 8.0 -7.0 -3.0 
32.0 4.0 -12.0 23.0 -6.0 -46.0 -59.0 
-88.0 -101.0 -122.0 -165.0 -165.0 -196.0 -253.0 
-259.0 -258.0 -252.0 -240.0 -250.0 -242.0 -199.0 
-172.0 -170.0 -153.0 -115.0 -85.0 -33.0 6.0 
28.0 65.0 70.0 90.0 122.0 148.0 162.0 
164.0 195.0 214.0 226.0 225.0 243.0 270.0 
256.0 283.0 306.0 322.0 355.0 345.0 351.0 
358.0 336.0 320.0 338.0 367.0 367.0 328.0 
273.0 270.0 260.0 247.0 240.0 225.0 209.0 
152.0 119.0 114.0 76.0 40.0 24.0 5.0 
-12.0 -33.0 -66.0 -98.0 -91.0 -62.0 -61.0 
-77.0 -77.0 -61.0 -86.0 -123.0 -115.0 -94.0 
-92.0 -80.0 -57.0 -47.0 -42.0 -49.0 -48.0 
-21.0 -7.0 -9.0 -5.0 -24.0 -42.0 -58.0 
-48.0 -12.0 -39.0 -69.0 -81.0 -90.0 -91.0 
-124.0 -126.0 -112.0 -106.0 -99.0 -108.0 -84.0 
-79.0 -100.0 -91.0 -69.0 -23.0 -11.0 -25.0 
-31.0 -23.0 -13.0 -16.0 4.0 -1.0 -6.0 
-3.0 -9.0 16.0 20.0 13.0 19.0 41.0 
67.0 58.0 49.0 63.0 95.0 135.0 173.0 
209.0 242.0 261.0 284.0 317.0 320.0 345.0 
390.0 392.0 392.0 420.0 444.0 453.0 452.0 
435.0 441.0 445.0 421.0 403.0 381.0 354.0 
336.0 345.0 333.0 312.0 308.0 268.0 235.0 
191.0 158.0 156.0 100.0 34.0 18.0 -6.0 
-52.0 -86.0 -134.0 -165.0 -163.0 -197.0 -231.0 
-225.0 -249.0 -273.0 -284.0 -311.0 -280.0 -250.0 
-260.0 -224.0 -188.0 -181.0 -174.0 -164.0 -129.0 
-99.0 -64.0 -30.0 -16.0 16.0 64.0 123.0 
159.0 197.0 250.0 277.0 301.0 316.0 321.0 
322.0 330.0 347.0 357.0 355.0 349.0 358.0 
371.0 358.0 323.0 308.0 291.0 268.0 270.0 
270.0 256.0 240.0 219.0 198.0 176.0 141.0 
120.0 108.0 78.0 60.0 40.0 12.0 11.0 
9.0 -10.0 -38.0 -43.0 -34.0 -14.0 7.0 
7.0 18.0 16.0 21.0 56.0 97.0 136.0 
153.0 185.0 204.0 201.0 230.0 261.0 288.0 
302.0 288.0 279.0 267.0 251.0 259.0 261.0 
245.0 206.0 152.0 129.0 124.0 122.0 104.0 
75.0 81.0 59.0 26.0 20.0 -7.0 -8.0 
13.0 -13.0 -29.0 3.0 22.0 30.0 38.0 
38.0 54.0 81.0 104.0 129.0 152.0 162.0 
168.0 197.0 219.0 208.0 221.0 252.0 252.0 
238.0 218.0 203.0 214.0 214.0 204.0 200.0 
195.0 217.0 224.0 208.0 210.0 214.0 216.0 
218.0 209.0 193.0 206.0 214.0 210.0 215.0 
228.0 217.0 201.0 234.0 227.0 225.0 241.0 
228.0 240.0 223.0 194.0 191.0 193.0 178.0 
160.0 171.0 152.0 119.0 86.0 44.0 32.0 
40.0 55.0 65.0 69.0 79.0 79.0 64.0 
52.0 63.0 87.0 80.0 64.0 56.0 63.0 
78.0 61.0 75.0 104.0 113.0 140.0 158.0 
158.0 163.0 188.0 227.0 267.0 292.0 322.0 
348.0 337.0 323.0 335.0 370.0 384.0 355.0 
350.0 361.0 338.0 308.0 297.0 306.0 296.0 
272.0 262.0 262.0 255.0 237.0 226.0 220.0 
233.0 225.0 205.0 211.0 179.0 135.0 109.0 
99.0 97.0 49.0 26.0 30.0 6.0 -18.0 
-21.0 -2.0 1.0 12.0 32.0 64.0 104.0 
117.0 131.0 152.0 175.0 192.0 206.0 226.0 
239.0 261.0 292.0 293.0 299.0 315.0 313.0 
314.0 289.0 301.0 335.0 316.0 326.0 356.0 
360.0 347.0 329.0 335.0 346.0 343.0 342.0 
369.0 393.0 396.0 406.0 415.0 413.0 415.0 
417.0 387.0 368.0 360.0 326.0 316.0 321.0 
308.0 296.0 275.0 256.0 222.0 174.0 170.0 
152.0 122.0 103.0 74.0 60.0 48.0 49.0 
57.0 76.0 75.0 67.0 105.0 116.0 133.0 
140.0 140.0 159.0 167.0 190.0 173.0 158.0 
152.0 146.0 150.0 122.0 105.0 100.0 79.0 
71.0 90.0 114.0 108.0 108.0 136.0 174.0 
197.0 183.0 201.0 252.0 277.0 323.0 365.0 
377.0 374.0 381.0 403.0 392.0 387.0 390.0 
378.0 358.0 329.0 318.0 296.0 280.0 300.0 
300.0 296.0 294.0 288.0 281.0 303.0 327.0 
328.0 354.0 328.0 318.0 358.0 355.0 354.0 
343.0 330.0 325.0 328.0 331.0 300.0 268.0 
233.0 206.0 203.0 208.0 192.0 166.0 162.0 
151.0 121.0 88.0 76.0 87.0 68.0 35.0 
49.0 54.0 40.0 34.0 60.0 100.0 90.0 
110.0 149.0 171.0 214.0 237.0 241.0 248.0 
273.0 295.0 284.0 280.0 308.0 324.0 320.0 
350.0 385.0 381.0 381.0 388.0 401.0 407.0 
403.0 405.0 391.0 382.0 365.0 345.0 339.0 
311.0 289.0 278.0 253.0 242.0 237.0 204.0 
193.0 200.0 186.0 192.0 182.0 166.0 171.0 
140.0 137.0 158.0 139.0 125.0 142.0 154.0 
154.0 159.0 166.0 180.0 203.0 228.0 234.0 
227.0 237.0 254.0 265.0 286.0 331.0 359.0 
342.0 338.0 349.0 353.0 348.0 355.0 389.0 
408.0 407.0 415.0 412.0 378.0 378.0 385.0 
384.0 383.0 363.0 361.0 343.0 338.0 340.0 
322.0 321.0 305.0 288.0 263.0 221.0 211.0 
207.0 210.0 210.0 181.0 153.0 138.0 103.0 
73.0 88.0 72.0 38.0 41.0 29.0 21.0 
48.0 70.0 84.0 99.0 129.0 154.0 162.0 
175.0 192.0 222.0 266.0 298.0 301.0 290.0 
284.0 291.0 278.0 259.0 254.0 217.0 204.0 
200.0 177.0 190.0 195.0 165.0 162.0 174.0 
176.0 197.0 219.0 236.0 234.0 235.0 246.0 
249.0 269.0 282.0 294.0 313.0 323.0 319.0 
335.0 348.0 347.0 371.0 365.0 353.0 377.0 
380.0 351.0 337.0 341.0 315.0 291.0 290.0 
274.0 228.0 187.0 183.0 181.0 163.0 129.0 
100.0 78.0 63.0 55.0 39.0 42.0 46.0 
57.0 78.0 94.0 123.0 144.0 179.0 206.0 
237.0 280.0 290.0 313.0 325.0 335.0 374.0 
405.0 422.0 412.0 430.0 469.0 474.0 481.0 
494.0 500.0 459.0 429.0 429.0 401.0 376.0 
365.0 349.0 323.0 315.0 278.0 231.0 217.0 
152.0 103.0 114.0 107.0 88.0 67.0 62.0 
82.0 92.0 102.0 111.0 114.0 112.0 119.0 
116.0 119.0 145.0 140.0 165.0 193.0 216.0 
234.0 213.0 222.0 213.0 239.0 295.0 305.0 
316.0 329.0 346.0 362.0 372.0 380.0 403.0 
419.0 424.0 434.0 422.0 435.0 457.0 480.0 
465.0 411.0 429.0 419.0 364.0 321.0 269.0 
236.0 207.0 165.0 120.0 95.0 79.0 62.0 
42.0 29.0 21.0 15.0 24.0 27.0 31.0 
32.0 28.0 31.0 37.0 46.0 76.0 96.0 
92.0 103.0 117.0 127.0 158.0 226.0 269.0 
308.0 343.0 365.0 423.0 436.0 459.0 493.0 
494.0 509.0 503.0 497.0 502.0 498.0 485.0 
468.0 452.0 429.0 407.0 382.0 367.0 352.0 
313.0 273.0 247.0 247.0 239.0 209.0 183.0 
157.0 131.0 102.0 87.0 86.0 88.0 81.0 
86.0 103.0 96.0 112.0 132.0 122.0 121.0 
145.0 173.0 176.0 180.0 196.0 192.0 178.0 
194.0 219.0 212.0 229.0 251.0 240.0 259.0 
284.0 276.0 285.0 321.0 332.0 358.0 381.0 
407.0 438.0 426.0 433.0 432.0 418.0 409.0 
396.0 382.0 353.0 330.0 310.0 286.0 256.0 
245.0 230.0 205.0 190.0 149.0 127.0 122.0 
115.0 114.0 105.0 122.0 113.0 79.0 99.0 
114.0 115.0 139.0 149.0 159.0 175.0 189.0 
203.0 196.0 208.0 236.0 229.0 225.0 234.0 
235.0 252.0 268.0 267.0 260.0 253.0 253.0 
254.0 264.0 273.0 272.0 286.0 282.0 296.0 
336.0 352.0 374.0 386.0 379.0 360.0 340.0 
326.0 315.0 301.0 280.0 269.0 240.0 197.0 
161.0 119.0 87.0 61.0 42.0 46.0 41.0 
25.0 5.0 14.0 26.0 26.0 82.0 112.0 
104.0 120.0 159.0 190.0 195.0 219.0 233.0 
249.0 276.0 269.0 278.0 310.0 301.0 281.0 
281.0 284.0 292.0 286.0 299.0 321.0 329.0 
336.0 328.0 315.0 292.0 280.0 265.0 258.0 
263.0 247.0 245.0 242.0 242.0 261.0 256.0 
249.0 257.0 241.0 225.0 234.0 232.0 239.0 
267.0 281.0 279.0 283.0 271.0 261.0 276.0 
284.0 270.0 268.0 266.0 247.0 264.0 277.0 
255.0 241.0 239.0 245.0 233.0 211.0 201.0 
204.0 200.0 177.0 166.0 155.0 126.0 123.0 
119.0 94.0 81.0 81.0 85.0 83.0 81.0 
109.0 158.0 173.0 170.0 202.0 211.0 195.0 
223.0 239.0 233.0 234.0 245.0 267.0 276.0 
275.0 281.0 310.0 318.0 324.0 338.0 331.0 
331.0 324.0 339.0 347.0 352.0 371.0 359.0 
359.0 368.0 355.0 352.0 351.0 335.0 360.0 
383.0 384.0 403.0 411.0 418.0 425.0 433.0 
438.0 431.0 408.0 389.0 375.0 325.0 298.0 
285.0 247.0 200.0 160.0 156.0 133.0 112.0 
75.0 17.0 14.0 -1.0 -10.0 3.0 12.0 
26.0 41.0 63.0 69.0 84.0 101.0 119.0 
129.0 161.0 209.0 231.0 265.0 276.0 281.0 
314.0 322.0 307.0 297.0 284.0 260.0 237.0 
206.0 210.0 227.0 225.0 241.0 244.0 223.0 
213.0 224.0 237.0 254.0 277.0 314.0 318.0 
304.0 295.0 287.0 290.0 289.0 311.0 309.0 
269.0 267.0 263.0 232.0 241.0 246.0 223.0 
218.0 238.0 270.0 282.0 285.0 290.0 310.0 
312.0 326.0 354.0 361.0 386.0 397.0 388.0 
388.0 392.0 373.0 358.0 375.0 376.0 373.0 
364.0 388.0 432.0 421.0 419.0 434.0 422.0 
411.0 416.0 409.0 386.0 398.0 417.0 378.0 
348.0 324.0 280.0 245.0 196.0 182.0 157.0 
109.0 89.0 51.0 30.0 27.0 12.0 -16.0 
-45.0 -70.0 -100.0 -95.0 -90.0 -78.0 -50.0 
-19.0 10.0 46.0 116.0 146.0 184.0 220.0 
228.0 247.0 238.0 252.0 277.0 298.0 317.0 
308.0 286.0 275.0 308.0 327.0 314.0 324.0 
341.0 352.0 373.0 396.0 431.0 476.0 495.0 
498.0 503.0 513.0 532.0 549.0 565.0 567.0 
560.0 545.0 528.0 528.0 504.0 461.0 432.0 
435.0 404.0 364.0 364.0 330.0 315.0 307.0 
300.0 313.0 315.0 316.0 307.0 302.0 272.0 
278.0 302.0 274.0 262.0 219.0 166.0 137.0 
110.0 94.0 78.0 72.0 40.0 1.0 -8.0 
-34.0 -58.0 -34.0 -18.0 -22.0 8.0 4.0 
-15.0 26.0 58.0 81.0 123.0 164.0 226.0 
273.0 284.0 323.0 356.0 372.0 398.0 424.0 
453.0 478.0 501.0 487.0 489.0 506.0 496.0 
500.0 481.0 461.0 438.0 403.0 380.0 342.0 
306.0 294.0 291.0 269.0 235.0 220.0 197.0 
156.0 143.0 129.0 116.0 95.0 68.0 72.0 
51.0 30.0 50.0 60.0 59.0 88.0 107.0 
92.0 120.0 159.0 167.0 199.0 209.0 220.0 
256.0 274.0 305.0 327.0 324.0 335.0 346.0 
350.0 392.0 432.0 444.0 491.0 517.0 516.0 
540.0 557.0 578.0 609.0 625.0 616.0 613.0 
601.0 570.0 535.0 481.0 441.0 390.0 345.0 
321.0 286.0 261.0 224.0 210.0 216.0 193.0 
189.0 175.0 175.0 201.0 183.0 190.0 199.0 
190.0 216.0 232.0 246.0 252.0 247.0 251.0 
251.0 237.0 238.0 227.0 201.0 194.0 168.0 
143.0 121.0 119.0 120.0 111.0 113.0 91.0 
87.0 93.0 98.0 132.0 160.0 158.0 161.0 
184.0 189.0 207.0 235.0 245.0 254.0 254.0 
275.0 312.0 323.0 323.0 336.0 345.0 322.0 
321.0 350.0 378.0 389.0 393.0 408.0 416.0 
429.0 454.0 467.0 470.0 478.0 483.0 501.0 
507.0 504.0 503.0 456.0 408.0 389.0 366.0 
341.0 327.0 303.0 257.0 220.0 198.0 199.0 
227.0 232.0 226.0 223.0 203.0 219.0 228.0 
238.0 270.0 281.0 309.0 301.0 288.0 307.0 
317.0 349.0 363.0 338.0 337.0 368.0 369.0 
369.0 383.0 358.0 344.0 336.0 319.0 289.0 
243.0 245.0 236.0 205.0 198.0 187.0 188.0 
169.0 135.0 139.0 132.0 110.0 117.0 100.0 
74.0 80.0 49.0 28.0 55.0 60.0 54.0 
59.0 64.0 72.0 106.0 138.0 176.0 219.0 
222.0 238.0 293.0 343.0 365.0 393.0 433.0 
440.0 442.0 461.0 463.0 471.0 495.0 498.0 
482.0 457.0 468.0 502.0 515.0 520.0 511.0 
537.0 536.0 529.0 578.0 578.0 553.0 541.0 
514.0 482.0 448.0 414.0 410.0 391.0 341.0 
316.0 301.0 282.0 274.0 279.0 277.0 257.0 
244.0 254.0 226.0 214.0 225.0 205.0 206.0 
212.0 241.0 265.0 261.0 263.0 264.0 252.0 
255.0 275.0 261.0 259.0 239.0 234.0 265.0 
234.0 231.0 267.0 259.0 266.0 269.0 237.0 
235.0 237.0 241.0 248.0 242.0 248.0 229.0 
226.0 263.0 295.0 319.0 342.0 362.0 383.0 
382.0 361.0 351.0 340.0 340.0 359.0 346.0 
324.0 302.0 265.0 256.0 236.0 195.0 163.0 
136.0 127.0 137.0 148.0 142.0 135.0 145.0 
150.0 170.0 217.0 242.0 253.0 263.0 266.0 
264.0 262.0 277.0 323.0 343.0 325.0 339.0 
346.0 341.0 340.0 353.0 369.0 366.0 395.0 
415.0 393.0 388.0 397.0 380.0 356.0 342.0 
339.0 322.0 297.0 290.0 284.0 270.0 237.0 
210.0 196.0 189.0 156.0 113.0 95.0 56.0 
46.0 65.0 59.0 60.0 67.0 73.0 78.0 
108.0 156.0 195.0 224.0 262.0 297.0 313.0 
362.0 408.0 438.0 484.0 511.0 523.0 515.0 
501.0 494.0 460.0 437.0 424.0 387.0 368.0 
334.0 290.0 244.0 215.0 219.0 205.0 204.0 
212.0 231.0 247.0 230.0 234.0 274.0 296.0 
275.0 280.0 304.0 320.0 341.0 341.0 366.0 
384.0 360.0 343.0 324.0 322.0 314.0 291.0 
288.0 275.0 260.0 266.0 274.0 288.0 301.0 
318.0 322.0 302.0 307.0 310.0 314.0 331.0 
341.0 328.0 320.0 318.0 305.0 307.0 259.0 
219.0 221.0 198.0 180.0 154.0 134.0 118.0 
94.0 91.0 98.0 120.0 128.0 114.0 122.0 
122.0 122.0 140.0 146.0 179.0 205.0 225.0 
275.0 312.0 326.0 358.0 410.0 411.0 431.0 
461.0 471.0 507.0 508.0 496.0 502.0 524.0 
527.0 504.0 491.0 452.0 430.0 437.0 426.0 
384.0 337.0 320.0 284.0 261.0 256.0 243.0 
234.0 186.0 166.0 166.0 148.0 159.0 142.0 
110.0 120.0 140.0 136.0 131.0 157.0 147.0 
162.0 190.0 173.0 173.0 169.0 179.0 183.0 
177.0 180.0 175.0 173.0 165.0 181.0 208.0 
214.0 226.0 248.0 262.0 257.0 265.0 285.0 
285.0 303.0 326.0 322.0 326.0 333.0 313.0 
278.0 253.0 262.0 276.0 281.0 299.0 314.0 
305.0 301.0 318.0 311.0 340.0 369.0 373.0 
414.0 414.0 414.0 411.0 386.0 398.0 398.0 
370.0 362.0 395.0 407.0 389.0 351.0 316.0 
321.0 302.0 286.0 286.0 274.0 260.0 238.0 
266.0 322.0 339.0 356.0 378.0 384.0 380.0 
390.0 396.0 388.0 392.0 419.0 424.0 392.0 
386.0 382.0 372.0 377.0 367.0 354.0 327.0 
308.0 314.0 296.0 272.0 270.0 298.0 284.0 
205.0 190.0 172.0 114.0 100.0 93.0 94.0 
94.0 88.0 87.0 70.0 49.0 43.0 63.0 
77.0 68.0 80.0 95.0 88.0 84.0 104.0 
121.0 126.0 140.0 141.0 160.0 175.0 185.0 
219.0 223.0 217.0 234.0 231.0 229.0 270.0 
281.0 277.0 327.0 317.0 297.0 328.0 344.0 
368.0 378.0 398.0 402.0 393.0 412.0 407.0 
396.0 400.0 414.0 404.0 358.0 346.0 365.0 
360.0 341.0 333.0 327.0 304.0 291.0 298.0 
285.0 269.0 284.0 284.0 272.0 284.0 267.0 
253.0 268.0 283.0 303.0 315.0 307.0 294.0 
285.0 306.0 313.0 273.0 262.0 229.0 166.0 
154.0 144.0 121.0 106.0 87.0 59.0 39.0 
36.0 26.0 -3.0 -19.0 -10.0 5.0 8.0 
10.0 35.0 42.0 49.0 76.0 90.0 106.0 
115.0 145.0 158.0 154.0 190.0 224.0 249.0 
246.0 270.0 301.0 296.0 319.0 322.0 317.0 
308.0 292.0 316.0 335.0 349.0 368.0 364.0 
357.0 343.0 347.0 390.0 393.0 397.0 425.0 
400.0 368.0 381.0 395.0 400.0 390.0 404.0 
432.0 417.0 396.0 380.0 335.0 306.0 313.0 
292.0 281.0 269.0 245.0 220.0 201.0 194.0 
189.0 187.0 173.0 166.0 156.0 164.0 162.0 
148.0 167.0 150.0 126.0 132.0 120.0 99.0 
104.0 95.0 66.0 70.0 69.0 67.0 57.0 
22.0 23.0 36.0 34.0 44.0 61.0 60.0 
80.0 108.0 104.0 126.0 128.0 110.0 117.0 
106.0 98.0 126.0 141.0 132.0 147.0 151.0 
162.0 175.0 185.0 202.0 209.0 224.0 231.0 
248.0 272.0 280.0 292.0 330.0 349.0 344.0 
361.0 375.0 369.0 362.0 369.0 399.0 405.0 
385.0 397.0 394.0 373.0 373.0 367.0 345.0 
300.0 277.0 272.0 228.0 189.0 182.0 165.0 
130.0 124.0 104.0 21.0 -28.0 -36.0 -52.0 
-73.0 -56.0 -36.0 -38.0 -42.0 -63.0 -44.0 
-4.0 9.0 74.0 149.0 159.0 171.0 191.0 
201.0 222.0 261.0 280.0 279.0 301.0 319.0 
332.0 340.0 337.0 342.0 361.0 353.0 324.0 
326.0 307.0 292.0 298.0 292.0 303.0 292.0 
267.0 256.0 233.0 204.0 206.0 211.0 185.0 
191.0 214.0 210.0 209.0 185.0 148.0 147.0 
125.0 99.0 114.0 101.0 70.0 53.0 57.0 
37.0 14.0 31.0 19.0 32.0 60.0 67.0 
88.0 104.0 126.0 142.0 169.0 184.0 188.0 
191.0 186.0 243.0 273.0 260.0 290.0 305.0 
314.0 347.0 369.0 379.0 399.0 411.0 403.0 
387.0 375.0 373.0 362.0 334.0 328.0 333.0 
323.0 341.0 331.0 292.0 269.0 252.0 241.0 
207.0 195.0 176.0 145.0 129.0 76.0 33.0 
9.0 -19.0 -13.0 -8.0 -15.0 -14.0 -24.0 
-60.0 -68.0 -40.0 -47.0 -36.0 -13.0 -11.0 
17.0 57.0 82.0 118.0 156.0 160.0 202.0 
245.0 254.0 294.0 326.0 336.0 355.0 366.0 
353.0 318.0 302.0 300.0 280.0 248.0 211.0 
176.0 139.0 114.0 90.0 77.0 59.0 25.0 
40.0 39.0 9.0 20.0 41.0 40.0 63.0 
100.0 110.0 137.0 169.0 192.0 183.0 166.0 
179.0 177.0 