63.0 116.0 147.0 165.0 209.0 235.0 227.0 
211.0 191.0 172.0 158.0 135.0 134.0 137.0 
102.0 93.0 129.0 152.0 135.0 118.0 149.0 
193.0 215.0 239.0 262.0 287.0 315.0 314.0 
292.0 290.0 282.0 242.0 221.0 226.0 203.0 
148.0 112.0 108.0 106.0 62.0 11.0 5.0 
-7.0 -39.0 -49.0 -48.0 -75.0 -105.0 -107.0 
-115.0 -159.0 -187.0 -161.0 -144.0 -184.0 -197.0 
-162.0 -137.0 -117.0 -111.0 -163.0 -190.0 -164.0 
-168.0 -206.0 -246.0 -299.0 -344.0 -353.0 -371.0 
-416.0 -423.0 -398.0 -411.0 -441.0 -435.0 -418.0 
-432.0 -427.0 -378.0 -354.0 -353.0 -306.0 -248.0 
-250.0 -272.0 -231.0 -180.0 -192.0 -185.0 -155.0 
-179.0 -204.0 -181.0 -191.0 -203.0 -181.0 -187.0 
-201.0 -172.0 -161.0 -179.0 -160.0 -120.0 -106.0 
-88.0 -55.0 -22.0 -6.0 5.0 48.0 109.0 
162.0 208.0 250.0 283.0 333.0 397.0 444.0 
469.0 510.0 569.0 592.0 583.0 563.0 564.0 
579.0 523.0 444.0 427.0 382.0 281.0 221.0 
200.0 163.0 107.0 78.0 106.0 158.0 217.0 
266.0 302.0 342.0 386.0 443.0 514.0 549.0 
537.0 527.0 534.0 518.0 468.0 413.0 363.0 
288.0 177.0 61.0 -43.0 -161.0 -293.0 -423.0 
-530.0 -599.0 -654.0 -714.0 -734.0 -725.0 -709.0 
-651.0 -553.0 -440.0 -342.0 -250.0 -143.0 -12.0 
111.0 183.0 215.0 261.0 300.0 311.0 289.0 
238.0 191.0 157.0 102.0 18.0 -58.0 -89.0 
-107.0 -142.0 -182.0 -206.0 -238.0 -300.0 -347.0 
-342.0 -335.0 -362.0 -387.0 -384.0 -373.0 -370.0 
-352.0 -310.0 -250.0 -180.0 -119.0 -76.0 -21.0 
40.0 70.0 90.0 116.0 154.0 189.0 188.0 
160.0 131.0 69.0 -20.0 -86.0 -132.0 -190.0 
-273.0 -349.0 -382.0 -394.0 -415.0 -430.0 -422.0 
-392.0 -353.0 -305.0 -225.0 -128.0 -36.0 50.0 
136.0 222.0 320.0 398.0 443.0 492.0 542.0 
572.0 593.0 609.0 596.0 572.0 562.0 540.0 
492.0 442.0 405.0 376.0 346.0 298.0 243.0 
218.0 209.0 163.0 122.0 93.0 49.0 2.0 
-35.0 -56.0 -69.0 -74.0 -72.0 -76.0 -82.0 
-78.0 -66.0 -59.0 -75.0 -108.0 -148.0 -195.0 
-242.0 -304.0 -376.0 -433.0 -489.0 -534.0 -539.0 
-530.0 -526.0 -500.0 -455.0 -427.0 -390.0 -322.0 
-257.0 -197.0 -96.0 29.0 126.0 196.0 262.0 
340.0 425.0 490.0 544.0 589.0 613.0 628.0 
626.0 598.0 561.0 547.0 531.0 461.0 380.0 
322.0 273.0 235.0 206.0 179.0 134.0 92.0 
70.0 52.0 48.0 42.0 10.0 -10.0 -2.0 
3.0 -15.0 -36.0 -40.0 -52.0 -79.0 -123.0 
-175.0 -205.0 -206.0 -207.0 -247.0 -310.0 -346.0 
-375.0 -418.0 -454.0 -458.0 -440.0 -445.0 -475.0 
-459.0 -404.0 -373.0 -344.0 -291.0 -227.0 -154.0 
-59.0 34.0 93.0 134.0 176.0 228.0 289.0 
336.0 397.0 450.0 451.0 423.0 406.0 409.0 
397.0 337.0 254.0 183.0 111.0 25.0 -44.0 
-99.0 -150.0 -182.0 -213.0 -245.0 -265.0 -281.0 
-281.0 -244.0 -205.0 -182.0 -170.0 -155.0 -119.0 
-67.0 -44.0 -56.0 -54.0 -43.0 -68.0 -122.0 
-164.0 -201.0 -262.0 -346.0 -421.0 -469.0 -508.0 
-563.0 -597.0 -578.0 -544.0 -524.0 -512.0 -473.0 
-383.0 -254.0 -114.0 11.0 129.0 253.0 365.0 
462.0 559.0 643.0 676.0 665.0 652.0 641.0 
618.0 596.0 562.0 494.0 406.0 341.0 322.0 
329.0 332.0 338.0 367.0 406.0 443.0 491.0 
559.0 624.0 673.0 721.0 769.0 783.0 756.0 
713.0 665.0 605.0 559.0 522.0 450.0 347.0 
253.0 171.0 88.0 2.0 -82.0 -154.0 -218.0 
-307.0 -409.0 -481.0 -536.0 -590.0 -646.0 -699.0 
-743.0 -795.0 -842.0 -859.0 -879.0 -888.0 -859.0 
-827.0 -782.0 -709.0 -637.0 -583.0 -548.0 -511.0 
-428.0 -331.0 -267.0 -228.0 -198.0 -163.0 -106.0 
-44.0 -18.0 5.0 68.0 120.0 135.0 149.0 
174.0 204.0 223.0 268.0 327.0 368.0 411.0 
431.0 440.0 463.0 483.0 491.0 479.0 441.0 
418.0 420.0 411.0 395.0 378.0 342.0 292.0 
261.0 270.0 278.0 255.0 226.0 209.0 179.0 
99.0 19.0 -11.0 -76.0 -198.0 -287.0 -348.0 
-414.0 -463.0 -497.0 -542.0 -605.0 -637.0 -618.0 
-603.0 -620.0 -643.0 -629.0 -594.0 -561.0 -519.0 
-462.0 -401.0 -334.0 -271.0 -224.0 -170.0 -102.0 
-35.0 42.0 112.0 155.0 182.0 217.0 249.0 
268.0 299.0 330.0 348.0 365.0 380.0 385.0 
395.0 420.0 421.0 378.0 348.0 362.0 356.0 
289.0 229.0 197.0 154.0 139.0 154.0 130.0 
84.0 78.0 112.0 137.0 139.0 145.0 173.0 
217.0 259.0 285.0 309.0 324.0 316.0 295.0 
275.0 249.0 209.0 176.0 140.0 94.0 56.0 
37.0 15.0 -26.0 -32.0 -19.0 -63.0 -127.0 
-144.0 -132.0 -112.0 -99.0 -108.0 -111.0 -68.0 
-36.0 -33.0 6.0 70.0 103.0 103.0 91.0 
97.0 116.0 116.0 94.0 53.0 -7.0 -65.0 
-124.0 -193.0 -264.0 -341.0 -426.0 -487.0 -504.0 
-510.0 -519.0 -514.0 -508.0 -509.0 -485.0 -423.0 
-350.0 -259.0 -167.0 -123.0 -90.0 -17.0 64.0 
133.0 208.0 276.0 336.0 389.0 402.0 401.0 
411.0 399.0 362.0 323.0 279.0 216.0 140.0 
73.0 13.0 -19.0 -23.0 -42.0 -70.0 -77.0 
-73.0 -69.0 -75.0 -85.0 -67.0 -31.0 2.0 
23.0 44.0 92.0 162.0 213.0 232.0 258.0 
308.0 338.0 348.0 372.0 406.0 426.0 424.0 
394.0 350.0 312.0 266.0 195.0 124.0 55.0 
-18.0 -82.0 -136.0 -198.0 -261.0 -327.0 -370.0 
-379.0 -393.0 -413.0 -404.0 -380.0 -364.0 -350.0 
-332.0 -326.0 -318.0 -296.0 -286.0 -295.0 -288.0 
-262.0 -242.0 -232.0 -229.0 -232.0 -229.0 -219.0 
-199.0 -178.0 -183.0 -208.0 -216.0 -191.0 -174.0 
-188.0 -197.0 -177.0 -159.0 -151.0 -122.0 -78.0 
-27.0 30.0 81.0 121.0 162.0 205.0 258.0 
328.0 403.0 461.0 515.0 572.0 614.0 638.0 
670.0 708.0 739.0 774.0 813.0 837.0 844.0 
841.0 834.0 815.0 771.0 700.0 611.0 546.0 
493.0 407.0 316.0 244.0 183.0 142.0 94.0 
42.0 9.0 -20.0 -49.0 -97.0 -144.0 -174.0 
-222.0 -298.0 -361.0 -412.0 -495.0 -602.0 -702.0 
-827.0 -945.0 -1015.0 -1106.0 -1210.0 -1262.0 -1283.0 
-1302.0 -1298.0 -1281.0 -1250.0 -1187.0 -1101.0 -1012.0 
-937.0 -882.0 -830.0 -744.0 -643.0 -552.0 -463.0 
-363.0 -281.0 -223.0 -151.0 -44.0 84.0 234.0 
368.0 463.0 555.0 648.0 750.0 866.0 945.0 
994.0 1039.0 1072.0 1096.0 1104.0 1102.0 1094.0 
1077.0 1043.0 998.0 957.0 924.0 898.0 873.0 
840.0 815.0 816.0 818.0 804.0 779.0 749.0 
738.0 736.0 705.0 651.0 593.0 508.0 400.0 
291.0 189.0 81.0 -27.0 -137.0 -264.0 -383.0 
-464.0 -530.0 -610.0 -688.0 -748.0 -784.0 -806.0 
-839.0 -878.0 -902.0 -911.0 -909.0 -905.0 -910.0 
-917.0 -896.0 -853.0 -831.0 -822.0 -786.0 -729.0 
-691.0 -679.0 -664.0 -634.0 -603.0 -580.0 -555.0 
-531.0 -527.0 -546.0 -571.0 -606.0 -635.0 -647.0 
-633.0 -574.0 -505.0 -451.0 -389.0 -290.0 -161.0 
-26.0 90.0 211.0 351.0 479.0 579.0 673.0 
768.0 875.0 981.0 1045.0 1078.0 1120.0 1187.0 
1258.0 1315.0 1347.0 1352.0 1347.0 1351.0 1356.0 
1333.0 1279.0 1225.0 1190.0 1147.0 1073.0 983.0 
894.0 799.0 687.0 565.0 460.0 364.0 264.0 
162.0 61.0 -39.0 -133.0 -198.0 -253.0 -344.0 
-453.0 -528.0 -570.0 -620.0 -681.0 -732.0 -775.0 
-822.0 -855.0 -867.0 -873.0 -865.0 -838.0 -792.0 
-732.0 -680.0 -634.0 -559.0 -471.0 -394.0 -309.0 
-226.0 -171.0 -114.0 -50.0 -4.0 21.0 42.0 
59.0 57.0 20.0 -37.0 -99.0 -160.0 -219.0 
-264.0 -308.0 -372.0 -425.0 -446.0 -448.0 -438.0 
-413.0 -378.0 -337.0 -287.0 -236.0 -191.0 -156.0 
-133.0 -111.0 -95.0 -83.0 -70.0 -56.0 -29.0 
13.0 67.0 143.0 237.0 324.0 389.0 438.0 
498.0 584.0 669.0 727.0 768.0 790.0 774.0 
723.0 664.0 598.0 531.0 468.0 388.0 300.0 
215.0 136.0 43.0 -55.0 -133.0 -192.0 -245.0 
-284.0 -310.0 -325.0 -320.0 -291.0 -236.0 -153.0 
-59.0 18.0 83.0 158.0 245.0 331.0 414.0 
475.0 502.0 521.0 528.0 506.0 465.0 418.0 
367.0 321.0 270.0 208.0 140.0 68.0 -3.0 
-57.0 -103.0 -173.0 -251.0 -310.0 -376.0 -463.0 
-528.0 -576.0 -637.0 -700.0 -746.0 -776.0 -779.0 
-753.0 -722.0 -691.0 -643.0 -579.0 -511.0 -440.0 
-365.0 -286.0 -215.0 -157.0 -95.0 -30.0 28.0 
81.0 142.0 219.0 274.0 306.0 355.0 405.0 
429.0 447.0 464.0 465.0 450.0 434.0 416.0 
380.0 341.0 323.0 300.0 254.0 217.0 222.0 
242.0 247.0 239.0 222.0 205.0 188.0 166.0 
127.0 62.0 -10.0 -88.0 -177.0 -258.0 -325.0 
-406.0 -497.0 -583.0 -645.0 -675.0 -723.0 -777.0 
-777.0 -751.0 -735.0 -716.0 -680.0 -613.0 -538.0 
-476.0 -411.0 -346.0 -292.0 -249.0 -224.0 -197.0 
-156.0 -132.0 -122.0 -107.0 -94.0 -94.0 -87.0 
-42.0 20.0 60.0 102.0 178.0 275.0 384.0 
494.0 591.0 679.0 778.0 882.0 977.0 1063.0 
1154.0 1247.0 1307.0 1333.0 1361.0 1399.0 1419.0 
1389.0 1313.0 1239.0 1175.0 1100.0 1001.0 892.0 
784.0 660.0 521.0 393.0 267.0 153.0 73.0 
-20.0 -142.0 -226.0 -279.0 -356.0 -427.0 -468.0 
-518.0 -588.0 -648.0 -696.0 -744.0 -778.0 -808.0 
-846.0 -867.0 -866.0 -840.0 -786.0 -730.0 -698.0 
-670.0 -623.0 -564.0 -517.0 -495.0 -482.0 -455.0 
-412.0 -373.0 -354.0 -360.0 -367.0 -364.0 -359.0 
-365.0 -386.0 -408.0 -407.0 -387.0 -370.0 -349.0 
-325.0 -296.0 -265.0 -237.0 -208.0 -179.0 -151.0 
-134.0 -105.0 -59.0 -7.0 48.0 106.0 169.0 
230.0 284.0 311.0 306.0 313.0 319.0 303.0 
303.0 321.0 317.0 298.0 285.0 272.0 240.0 
216.0 214.0 207.0 199.0 199.0 198.0 206.0 
213.0 185.0 139.0 125.0 127.0 101.0 57.0 
15.0 0.0 6.0 0.0 -28.0 -45.0 -33.0 
-13.0 0.0 30.0 67.0 87.0 107.0 133.0 
155.0 190.0 235.0 266.0 295.0 344.0 403.0 
437.0 458.0 499.0 537.0 551.0 541.0 510.0 
482.0 449.0 385.0 311.0 256.0 190.0 97.0 
27.0 -21.0 -88.0 -163.0 -214.0 -227.0 -216.0 
-196.0 -157.0 -125.0 -119.0 -102.0 -48.0 11.0 
50.0 60.0 54.0 43.0 19.0 -18.0 -51.0 
-75.0 -102.0 -164.0 -252.0 -319.0 -366.0 -421.0 
-460.0 -460.0 -446.0 -439.0 -418.0 -379.0 -319.0 
-252.0 -190.0 -121.0 -43.0 16.0 61.0 122.0 
181.0 231.0 264.0 269.0 270.0 276.0 274.0 
271.0 270.0 245.0 197.0 161.0 157.0 165.0 
167.0 153.0 137.0 131.0 124.0 119.0 111.0 
94.0 75.0 67.0 52.0 14.0 -42.0 -99.0 
-145.0 -203.0 -279.0 -356.0 -446.0 -544.0 -614.0 
-658.0 -712.0 -760.0 -768.0 -761.0 -769.0 -770.0 
-735.0 -660.0 -580.0 -519.0 -449.0 -366.0 -289.0 
-218.0 -139.0 -60.0 1.0 58.0 114.0 170.0 
221.0 259.0 294.0 315.0 329.0 354.0 367.0 
364.0 376.0 405.0 412.0 394.0 381.0 374.0 
351.0 329.0 334.0 344.0 341.0 333.0 316.0 
280.0 242.0 215.0 189.0 158.0 128.0 90.0 
44.0 12.0 7.0 9.0 13.0 18.0 10.0 
7.0 26.0 59.0 80.0 90.0 127.0 190.0 
235.0 272.0 322.0 354.0 347.0 330.0 320.0 
303.0 269.0 232.0 204.0 173.0 137.0 103.0 
70.0 49.0 36.0 18.0 23.0 44.0 47.0 
40.0 35.0 28.0 23.0 15.0 17.0 24.0 
-5.0 -75.0 -120.0 -126.0 -122.0 -141.0 -186.0 
-216.0 -226.0 -237.0 -243.0 -220.0 -195.0 -209.0 
-234.0 -219.0 -176.0 -137.0 -126.0 -124.0 -97.0 
-67.0 -28.0 8.0 0.0 -16.0 -12.0 -27.0 
-52.0 -51.0 -37.0 -31.0 -35.0 -37.0 -22.0 
10.0 60.0 106.0 133.0 136.0 124.0 116.0 
114.0 101.0 66.0 28.0 -12.0 -69.0 -132.0 
-186.0 -243.0 -298.0 -328.0 -356.0 -384.0 -381.0 
-343.0 -298.0 -227.0 -109.0 17.0 148.0 289.0 
432.0 584.0 741.0 868.0 963.0 1057.0 1134.0 
1157.0 1146.0 1111.0 1023.0 893.0 761.0 633.0 
477.0 294.0 122.0 -41.0 -218.0 -389.0 -544.0 
-678.0 -784.0 -862.0 -932.0 -995.0 -1019.0 -1015.0 
-1009.0 -988.0 -927.0 -869.0 -837.0 -799.0 -738.0 
-666.0 -584.0 -513.0 -465.0 -419.0 -360.0 -286.0 
-225.0 -193.0 -146.0 -87.0 -43.0 -8.0 22.0 
57.0 100.0 141.0 172.0 204.0 255.0 317.0 
373.0 423.0 505.0 605.0 656.0 669.0 704.0 
749.0 772.0 785.0 800.0 802.0 789.0 762.0 
728.0 683.0 618.0 536.0 447.0 359.0 259.0 
157.0 67.0 6.0 -13.0 -23.0 -51.0 -71.0 
-50.0 -11.0 3.0 -3.0 7.0 36.0 63.0 
58.0 44.0 39.0 36.0 33.0 20.0 -3.0 
-24.0 -49.0 -95.0 -141.0 -158.0 -172.0 -220.0 
-294.0 -379.0 -470.0 -567.0 -656.0 -727.0 -780.0 
-819.0 -846.0 -840.0 -787.0 -702.0 -606.0 -502.0 
-395.0 -282.0 -149.0 -28.0 63.0 151.0 230.0 
277.0 315.0 345.0 344.0 334.0 330.0 327.0 
326.0 300.0 248.0 209.0 203.0 217.0 230.0 
258.0 312.0 347.0 341.0 330.0 334.0 348.0 
367.0 362.0 302.0 240.0 214.0 170.0 92.0 
18.0 -51.0 -116.0 -166.0 -216.0 -266.0 -297.0 
-315.0 -330.0 -344.0 -356.0 -359.0 -344.0 -321.0 
-284.0 -229.0 -183.0 -160.0 -127.0 -59.0 13.0 
72.0 128.0 169.0 191.0 215.0 235.0 228.0 
215.0 202.0 169.0 125.0 84.0 27.0 -18.0 
-21.0 -5.0 4.0 14.0 29.0 69.0 142.0 
217.0 283.0 349.0 404.0 439.0 463.0 492.0 
514.0 506.0 464.0 401.0 323.0 245.0 181.0 
122.0 49.0 -53.0 -167.0 -265.0 -348.0 -410.0 
-449.0 -475.0 -496.0 -508.0 -494.0 -470.0 -440.0 
-398.0 -354.0 -323.0 -318.0 -313.0 -291.0 -288.0 
-313.0 -319.0 -320.0 -357.0 -396.0 -412.0 -425.0 
-441.0 -456.0 -457.0 -444.0 -437.0 -433.0 -398.0 
-329.0 -265.0 -223.0 -186.0 -153.0 -131.0 -104.0 
-61.0 -13.0 17.0 42.0 62.0 79.0 122.0 
183.0 240.0 298.0 360.0 413.0 468.0 523.0 
590.0 688.0 786.0 855.0 913.0 986.0 1058.0 
1107.0 1137.0 1154.0 1149.0 1125.0 1085.0 1015.0 
935.0 871.0 798.0 710.0 615.0 510.0 420.0 
333.0 246.0 174.0 93.0 13.0 -43.0 -107.0 
-174.0 -225.0 -272.0 -337.0 -432.0 -539.0 -620.0 
-664.0 -719.0 -801.0 -867.0 -903.0 -950.0 -1017.0 
-1067.0 -1074.0 -1071.0 -1093.0 -1105.0 -1073.0 -1025.0 
-968.0 -881.0 -786.0 -702.0 -603.0 -476.0 -339.0 
-207.0 -95.0 0.0 68.0 134.0 224.0 305.0 
363.0 418.0 451.0 461.0 476.0 502.0 512.0 
487.0 465.0 464.0 452.0 422.0 406.0 401.0 
379.0 353.0 338.0 327.0 301.0 271.0 255.0 
239.0 220.0 202.0 170.0 139.0 123.0 103.0 
79.0 68.0 69.0 58.0 30.0 15.0 3.0 
-7.0 -7.0 -9.0 8.0 46.0 73.0 113.0 
170.0 206.0 226.0 248.0 261.0 261.0 255.0 
255.0 241.0 194.0 142.0 95.0 41.0 -13.0 
-64.0 -112.0 -166.0 -209.0 -230.0 -245.0 -230.0 
-183.0 -132.0 -72.0 -13.0 30.0 84.0 164.0 
242.0 293.0 329.0 355.0 369.0 383.0 381.0 
361.0 323.0 267.0 194.0 109.0 28.0 -21.0 
-63.0 -132.0 -197.0 -248.0 -289.0 -317.0 -343.0 
-361.0 -362.0 -388.0 -452.0 -519.0 -562.0 -591.0 
-639.0 -689.0 -719.0 -751.0 -785.0 -785.0 -745.0 
-712.0 -683.0 -626.0 -549.0 -466.0 -389.0 -315.0 
-231.0 -140.0 -49.0 45.0 158.0 264.0 345.0 
413.0 479.0 535.0 568.0 602.0 632.0 623.0 
583.0 547.0 528.0 491.0 420.0 362.0 317.0 
251.0 186.0 136.0 85.0 32.0 -6.0 -28.0 
-57.0 -107.0 -129.0 -123.0 -133.0 -134.0 -117.0 
-126.0 -138.0 -120.0 -91.0 -70.0 -73.0 -82.0 
-85.0 -82.0 -58.0 -16.0 10.0 33.0 72.0 
111.0 142.0 160.0 167.0 190.0 210.0 213.0 
205.0 187.0 174.0 190.0 202.0 188.0 166.0 
180.0 204.0 204.0 212.0 246.0 273.0 280.0 
285.0 281.0 276.0 284.0 294.0 281.0 259.0 
259.0 266.0 262.0 256.0 244.0 225.0 204.0 
178.0 153.0 127.0 80.0 21.0 -19.0 -44.0 
-77.0 -111.0 -157.0 -205.0 -221.0 -215.0 -207.0 
-233.0 -271.0 -266.0 -248.0 -252.0 -269.0 -287.0 
-305.0 -313.0 -301.0 -296.0 -311.0 -291.0 -239.0 
-204.0 -174.0 -125.0 -60.0 10.0 53.0 56.0 
85.0 158.0 217.0 259.0 294.0 315.0 328.0 
341.0 350.0 347.0 320.0 277.0 241.0 197.0 
118.0 16.0 -65.0 -114.0 -169.0 -256.0 -352.0 
-427.0 -469.0 -504.0 -565.0 -652.0 -708.0 -724.0 
-751.0 -782.0 -798.0 -791.0 -747.0 -688.0 -630.0 
-559.0 -473.0 -366.0 -247.0 -132.0 -11.0 126.0 
267.0 383.0 470.0 550.0 648.0 752.0 832.0 
895.0 921.0 896.0 892.0 899.0 842.0 766.0 
706.0 625.0 519.0 418.0 329.0 212.0 76.0 
-20.0 -90.0 -176.0 -263.0 -318.0 -353.0 -394.0 
-420.0 -417.0 -406.0 -383.0 -320.0 -229.0 -155.0 
-88.0 -8.0 62.0 137.0 236.0 314.0 355.0 
403.0 454.0 473.0 451.0 430.0 418.0 363.0 
268.0 168.0 80.0 10.0 -61.0 -128.0 -177.0 
-217.0 -255.0 -273.0 -282.0 -280.0 -238.0 -154.0 
-84.0 -47.0 -9.0 40.0 94.0 148.0 213.0 
274.0 301.0 308.0 304.0 278.0 236.0 177.0 
102.0 27.0 -25.0 -71.0 -122.0 -157.0 -183.0 
-200.0 -191.0 -175.0 -179.0 -169.0 -111.0 -57.0 
-35.0 -7.0 52.0 118.0 165.0 180.0 184.0 
184.0 182.0 180.0 161.0 121.0 74.0 42.0 
16.0 -51.0 -133.0 -199.0 -266.0 -320.0 -363.0 
-415.0 -465.0 -501.0 -522.0 -530.0 -517.0 -489.0 
-464.0 -444.0 -400.0 -333.0 -277.0 -221.0 -142.0 
-81.0 -43.0 10.0 70.0 107.0 124.0 139.0 
169.0 190.0 185.0 153.0 103.0 46.0 -3.0 
-48.0 -90.0 -116.0 -137.0 -171.0 -197.0 -213.0 
-228.0 -232.0 -227.0 -221.0 -215.0 -198.0 -172.0 
-157.0 -162.0 -163.0 -144.0 -126.0 -115.0 -92.0 
-54.0 -18.0 37.0 121.0 205.0 281.0 364.0 
450.0 529.0 590.0 652.0 724.0 772.0 774.0 
757.0 753.0 757.0 729.0 678.0 651.0 621.0 
562.0 503.0 444.0 376.0 323.0 286.0 217.0 
117.0 51.0 21.0 -45.0 -138.0 -187.0 -201.0 
-251.0 -311.0 -336.0 -347.0 -374.0 -401.0 -401.0 
-394.0 -404.0 -419.0 -415.0 -404.0 -411.0 -427.0 
-419.0 -396.0 -373.0 -356.0 -347.0 -322.0 -272.0 
-249.0 -256.0 -250.0 -238.0 -234.0 -241.0 -253.0 
-271.0 -303.0 -324.0 -335.0 -367.0 -397.0 -396.0 
-384.0 -368.0 -333.0 -265.0 -174.0 -96.0 -10.0 
100.0 210.0 314.0 406.0 477.0 545.0 609.0 
637.0 618.0 588.0 580.0 583.0 561.0 517.0 
491.0 477.0 441.0 400.0 361.0 331.0 318.0 
317.0 321.0 320.0 307.0 309.0 325.0 334.0 
331.0 319.0 303.0 294.0 286.0 271.0 258.0 
262.0 269.0 257.0 227.0 187.0 154.0 135.0 
100.0 53.0 16.0 -29.0 -93.0 -148.0 -185.0 
-212.0 -241.0 -282.0 -321.0 -348.0 -372.0 -403.0 
-443.0 -465.0 -471.0 -492.0 -510.0 -529.0 -550.0 
-556.0 -554.0 -524.0 -464.0 -403.0 -335.0 -262.0 
-194.0 -112.0 -17.0 67.0 136.0 194.0 243.0 
290.0 333.0 355.0 340.0 311.0 296.0 293.0 
284.0 270.0 268.0 274.0 290.0 309.0 313.0 
308.0 301.0 281.0 254.0 218.0 180.0 137.0 
87.0 18.0 -64.0 -131.0 -193.0 -276.0 -352.0 
-416.0 -469.0 -503.0 -522.0 -520.0 -491.0 -450.0 
-413.0 -363.0 -284.0 -211.0 -172.0 -144.0 -97.0 
-38.0 18.0 53.0 63.0 65.0 75.0 75.0 
44.0 5.0 -14.0 -17.0 -27.0 -54.0 -77.0 
-68.0 -32.0 -17.0 -32.0 -37.0 -20.0 -1.0 
-5.0 -23.0 -20.0 0.0 0.0 -24.0 -44.0 
-46.0 -52.0 -72.0 -94.0 -130.0 -184.0 -211.0 
-210.0 -204.0 -195.0 -180.0 -159.0 -135.0 -110.0 
-94.0 -73.0 -18.0 44.0 81.0 116.0 172.0 
223.0 265.0 306.0 347.0 374.0 392.0 420.0 
449.0 461.0 455.0 438.0 402.0 360.0 329.0 
280.0 199.0 115.0 59.0 36.0 16.0 -10.0 
-22.0 -16.0 4.0 12.0 26.0 96.0 197.0 
272.0 311.0 349.0 393.0 449.0 487.0 473.0 
455.0 470.0 488.0 473.0 444.0 425.0 402.0 
378.0 381.0 374.0 333.0 292.0 266.0 245.0 
194.0 99.0 1.0 -88.0 -190.0 -285.0 -356.0 
-412.0 -459.0 -498.0 -553.0 -620.0 -648.0 -630.0 
-596.0 -566.0 -563.0 -555.0 -520.0 -476.0 -416.0 
-357.0 -323.0 -282.0 -234.0 -201.0 -175.0 -150.0 
-129.0 -104.0 -87.0 -86.0 -104.0 -127.0 -141.0 
-143.0 -128.0 -113.0 -124.0 -150.0 -170.0 -174.0 
-157.0 -118.0 -86.0 -78.0 -56.0 -13.0 0.0 
5.0 67.0 136.0 138.0 119.0 140.0 153.0 
115.0 59.0 18.0 -33.0 -114.0 -187.0 -247.0 
-335.0 -429.0 -479.0 -492.0 -497.0 -488.0 -462.0 
-420.0 -359.0 -284.0 -199.0 -107.0 -27.0 46.0 
119.0 186.0 233.0 259.0 286.0 325.0 352.0 
350.0 334.0 308.0 258.0 232.0 235.0 223.0 
192.0 153.0 122.0 116.0 114.0 103.0 106.0 
114.0 121.0 142.0 164.0 177.0 193.0 217.0 
247.0 279.0 290.0 283.0 296.0 329.0 344.0 
333.0 302.0 278.0 291.0 308.0 293.0 277.0 
285.0 291.0 284.0 267.0 243.0 217.0 175.0 
122.0 77.0 33.0 -15.0 -58.0 -103.0 -144.0 
-186.0 -242.0 -295.0 -341.0 -404.0 -458.0 -487.0 
-517.0 -546.0 -559.0 -578.0 -587.0 -549.0 -491.0 
-426.0 -348.0 -257.0 -149.0 -18.0 131.0 276.0 
406.0 536.0 669.0 781.0 873.0 974.0 1072.0 
1141.0 1172.0 1173.0 1147.0 1097.0 1046.0 993.0 
915.0 807.0 675.0 541.0 415.0 283.0 150.0 
25.0 -111.0 -250.0 -363.0 -450.0 -505.0 -548.0 
-606.0 -638.0 -637.0 -629.0 -607.0 -585.0 -584.0 
-572.0 -521.0 -477.0 -444.0 -392.0 -323.0 -273.0 
-263.0 -263.0 -241.0 -213.0 -216.0 -247.0 -264.0 
-267.0 -288.0 -334.0 -382.0 -411.0 -426.0 -442.0 
-470.0 -502.0 -511.0 -502.0 -501.0 -500.0 -482.0 
-448.0 -407.0 -360.0 -321.0 -284.0 -228.0 -164.0 
-116.0 -61.0 3.0 68.0 134.0 196.0 251.0 
287.0 328.0 398.0 467.0 508.0 524.0 532.0 
550.0 563.0 537.0 476.0 416.0 368.0 307.0 
230.0 150.0 84.0 41.0 1.0 -36.0 -72.0 
-106.0 -103.0 -60.0 -25.0 -27.0 -27.0 -3.0 
21.0 28.0 26.0 12.0 -22.0 -57.0 -84.0 
-136.0 -216.0 -268.0 -297.0 -343.0 -384.0 -418.0 
-442.0 -413.0 -370.0 -362.0 -312.0 -188.0 -114.0 
-100.0 -13.0 129.0 209.0 258.0 353.0 431.0 
442.0 457.0 495.0 513.0 525.0 548.0 556.0 
534.0 492.0 449.0 403.0 358.0 320.0 282.0 
230.0 150.0 89.0 68.0 45.0 27.0 38.0 
63.0 81.0 112.0 167.0 221.0 261.0 298.0 
339.0 364.0 353.0 346.0 356.0 328.0 266.0 
208.0 141.0 73.0 19.0 -31.0 -79.0 -114.0 
-130.0 -123.0 -115.0 -89.0 -42.0 1.0 52.0 
112.0 157.0 199.0 230.0 232.0 219.0 195.0 
163.0 129.0 84.0 24.0 -52.0 -133.0 -191.0 
-225.0 -258.0 -302.0 -336.0 -353.0 -376.0 -405.0 
-432.0 -458.0 -471.0 -459.0 -438.0 -431.0 -431.0 
-416.0 -377.0 -322.0 -273.0 -257.0 -257.0 -224.0 
-172.0 -151.0 -153.0 -158.0 -168.0 -188.0 -216.0 
-259.0 -301.0 -328.0 -352.0 -384.0 -426.0 -449.0 
-447.0 -439.0 -430.0 -411.0 -397.0 -389.0 -383.0 
-360.0 -314.0 -260.0 -212.0 -170.0 -137.0 -109.0 
-55.0 22.0 74.0 101.0 126.0 139.0 131.0 
131.0 153.0 167.0 165.0 155.0 132.0 100.0 
92.0 119.0 148.0 171.0 207.0 236.0 242.0 
247.0 268.0 296.0 320.0 331.0 322.0 289.0 
243.0 208.0 176.0 138.0 111.0 110.0 123.0 
124.0 129.0 170.0 233.0 288.0 349.0 420.0 
487.0 548.0 596.0 642.0 684.0 698.0 701.0 
684.0 647.0 613.0 568.0 504.0 426.0 344.0 
265.0 183.0 117.0 68.0 26.0 4.0 -4.0 
-4.0 31.0 83.0 122.0 163.0 223.0 292.0 
334.0 344.0 353.0 364.0 353.0 298.0 212.0 
132.0 71.0 17.0 -59.0 -148.0 -210.0 -262.0 
-324.0 -379.0 -409.0 -425.0 -423.0 -400.0 -322.0 
628.0 3439.0 4707.0 -418.0 -6275.0 -3444.0 2415.0 
628.0 -2496.0 244.0 2128.0 549.0 -1599.0 -4062.0 
-1322.0 4359.0 2833.0 -2064.0 -1790.0 1360.0 1990.0 
-14.0 45.0 1269.0 -226.0 -1335.0 -196.0 -1116.0 
-3539.0 -1633.0 1913.0 1822.0 -68.0 -2262.0 -1928.0 
404.0 1014.0 -296.0 -733.0 617.0 408.0 -1904.0 
-2367.0 -470.0 -501.0 -483.0 271.0 -628.0 -783.0 
558.0 265.0 -2704.0 -2889.0 1402.0 3076.0 -517.0 
-2517.0 144.0 1253.0 -754.0 -490.0 559.0 -961.0 
-1781.0 -1159.0 -585.0 1688.0 3489.0 2091.0 647.0 
-829.0 -3277.0 -2831.0 38.0 862.0 424.0 1063.0 
989.0 -89.0 563.0 2215.0 2155.0 528.0 -245.0 
622.0 2153.0 2552.0 1196.0 -745.0 -448.0 1347.0 
111.0 -1604.0 -269.0 1454.0 681.0 -671.0 -302.0 
-289.0 -1297.0 -1527.0 -1026.0 -560.0 889.0 1689.0 
309.0 305.0 1307.0 -683.0 -3021.0 -1377.0 2011.0 
3520.0 4021.0 3480.0 490.0 -2238.0 -1743.0 -626.0 
-1048.0 -845.0 168.0 442.0 -367.0 -2794.0 -3978.0 
-1740.0 551.0 2472.0 4742.0 4554.0 1433.0 -98.0 
1908.0 2546.0 244.0 -1765.0 -3574.0 -2783.0 1684.0 
2145.0 -358.0 1166.0 1993.0 -1552.0 -3845.0 -2418.0 
-140.0 1258.0 292.0 -2340.0 -2552.0 -554.0 340.0 
1871.0 3278.0 319.0 -3606.0 -3936.0 -3531.0 -2299.0 
1953.0 3923.0 1424.0 -214.0 -383.0 -1920.0 -2181.0 
-716.0 -1346.0 -1408.0 466.0 -837.0 -3376.0 -292.0 
2131.0 -1313.0 415.0 7663.0 6412.0 -1800.0 -6232.0 
-4372.0 672.0 1840.0 -1024.0 249.0 3261.0 806.0 
-1341.0 1031.0 1663.0 1809.0 4507.0 4499.0 1072.0 
-58.0 2037.0 2944.0 -418.0 -4744.0 -5329.0 -2040.0 
1880.0 1829.0 705.0 2429.0 2183.0 -1964.0 -3141.0 
-364.0 843.0 854.0 637.0 -2556.0 -3149.0 1528.0 
1265.0 -3167.0 -2027.0 3802.0 5155.0 341.0 -2690.0 
-1747.0 -2053.0 -2971.0 106.0 3291.0 1390.0 -115.0 
463.0 -968.0 -2680.0 -2675.0 -1507.0 -586.0 -378.0 
-618.0 -75.0 968.0 476.0 -1132.0 -912.0 949.0 
954.0 77.0 -554.0 -2929.0 -2758.0 2363.0 4399.0 
-233.0 -3701.0 -553.0 1820.0 156.0 540.0 2053.0 
1711.0 842.0 -1757.0 -5430.0 -2628.0 4094.0 4688.0 
-613.0 -3763.0 -1111.0 3383.0 4567.0 2561.0 302.0 
-1085.0 -1665.0 -1451.0 593.0 2780.0 2534.0 1999.0 
3108.0 2513.0 -1785.0 -4472.0 -3170.0 -3139.0 -3324.0 
899.0 5370.0 5387.0 3556.0 97.0 -6280.0 -7099.0 
1735.0 8129.0 2301.0 -4694.0 -2274.0 1000.0 342.0 
2930.0 5149.0 325.0 -3284.0 -447.0 1159.0 -2099.0 
-4042.0 -3151.0 -1811.0 2716.0 6925.0 4105.0 -1603.0 
-3077.0 -2060.0 -450.0 2690.0 5122.0 3168.0 -1640.0 
-2689.0 -586.0 -107.0 -895.0 -2006.0 -1844.0 792.0 
2889.0 1980.0 -2042.0 -3779.0 -359.0 1740.0 1356.0 
109.0 -2945.0 -3310.0 1231.0 5159.0 4251.0 -400.0 
-2716.0 -605.0 833.0 -711.0 -1408.0 -499.0 -953.0 
1098.0 3115.0 -1372.0 -5963.0 -5085.0 -2091.0 751.0 
3044.0 2471.0 -976.0 -4643.0 -4630.0 1315.0 5876.0 
2733.0 -2791.0 -5560.0 -3665.0 949.0 2312.0 416.0 
-357.0 3.0 -2102.0 -3052.0 -1603.0 -693.0 -282.0 
0.0 1241.0 2049.0 1401.0 -989.0 -2610.0 -616.0 
1923.0 1231.0 -2046.0 -4146.0 -1503.0 3394.0 5609.0 
5004.0 2201.0 -1091.0 -782.0 2104.0 2763.0 -265.0 
-2453.0 -937.0 1946.0 1353.0 -2145.0 -3071.0 248.0 
4439.0 4664.0 495.0 -2312.0 1327.0 3163.0 -552.0 
-1315.0 546.0 1058.0 587.0 247.0 1273.0 3535.0 
2544.0 -525.0 -934.0 1841.0 3514.0 478.0 -5063.0 
-5656.0 -650.0 1027.0 -1177.0 -304.0 989.0 -320.0 
-1666.0 -1007.0 2174.0 3563.0 1530.0 1262.0 4931.0 
8746.0 10754.0 13236.0 13326.0 13030.0 17834.0 23932.0 
22738.0 13629.0 -802.0 -21975.0 -47130.0 -63702.0 -61796.0 
-41095.0 -8474.0 20411.0 28432.0 12843.0 -3465.0 272.0 
15392.0 24665.0 21994.0 11509.0 -112.0 -10298.0 -16948.0 
-17696.0 -14658.0 -12299.0 -9122.0 -4702.0 -1528.0 942.0 
354.0 -3736.0 -1881.0 8319.0 19917.0 24320.0 17395.0 
4203.0 -2984.0 493.0 7545.0 6891.0 -4458.0 -9763.0 
117.0 4212.0 -11762.0 -25972.0 -17998.0 169.0 9153.0 
6313.0 2913.0 3909.0 2815.0 -2613.0 -6282.0 -2942.0 
4852.0 10671.0 6806.0 -8980.0 -26345.0 -35386.0 -36504.0 
-24952.0 1638.0 21213.0 13874.0 -8038.0 -19161.0 -18989.0 
-20897.0 -18184.0 -2312.0 15491.0 20512.0 17412.0 21106.0 
32709.0 37569.0 30525.0 22756.0 15931.0 3283.0 -11968.0 
-18585.0 -17604.0 -19623.0 -17533.0 -6212.0 713.0 686.0 
-639.0 -1000.0 5460.0 24211.0 41488.0 33747.0 8660.0 
-12272.0 -20456.0 -15199.0 -10959.0 -14041.0 -10940.0 -34.0 
4136.0 1401.0 -1254.0 1085.0 6693.0 11255.0 10722.0 
9580.0 10542.0 5133.0 -1662.0 -301.0 492.0 -4696.0 
-7747.0 -5718.0 -9537.0 -15441.0 -6991.0 12380.0 20651.0 
11653.0 1967.0 603.0 532.0 -1987.0 2099.0 10126.0 
9093.0 2244.0 -3030.0 -8679.0 -17732.0 -24882.0 -19679.0 
-4768.0 4958.0 2634.0 455.0 2213.0 386.0 1033.0 
6733.0 9674.0 5467.0 608.0 -2919.0 -4576.0 227.0 
842.0 -8481.0 -10832.0 -1082.0 4981.0 4479.0 3907.0 
2445.0 1947.0 3068.0 -271.0 -3963.0 -4567.0 293.0 
8624.0 6391.0 -8794.0 -17421.0 -7115.0 4802.0 1507.0 
-7282.0 -2106.0 9210.0 11415.0 7881.0 8048.0 12385.0 
11987.0 8867.0 9802.0 5392.0 -5964.0 -10347.0 -9072.0 
-10463.0 -12240.0 -10933.0 -7355.0 -3106.0 300.0 4875.0 
6185.0 264.0 -6652.0 -3516.0 9162.0 14514.0 6893.0 
-2386.0 -3127.0 4487.0 9409.0 6616.0 1528.0 -6073.0 
-12501.0 -10141.0 -5011.0 -3594.0 -1249.0 1810.0 3245.0 
1526.0 -5570.0 -10096.0 -6568.0 1263.0 7588.0 8032.0 
4114.0 1058.0 3010.0 5607.0 3149.0 -1912.0 -3561.0 
-6339.0 -13239.0 -16125.0 -12621.0 -7827.0 -6384.0 -3175.0 
3430.0 6668.0 6499.0 2523.0 -3563.0 -3809.0 2264.0 
7593.0 3407.0 -4173.0 -6200.0 -434.0 10989.0 15996.0 
6018.0 -8649.0 -13315.0 -10205.0 -4446.0 2942.0 6422.0 
5406.0 5143.0 7048.0 4961.0 -932.0 -1038.0 6210.0 
10523.0 6114.0 -2701.0 -8794.0 -5040.0 7132.0 14066.0 
9985.0 4250.0 3483.0 1797.0 -4531.0 -8529.0 -10601.0 
-10948.0 -6137.0 -4362.0 -8442.0 -5900.0 3178.0 8919.0 
8665.0 4570.0 1025.0 7.0 -846.0 47.0 6052.0 
7372.0 -1809.0 -6929.0 2089.0 11375.0 8493.0 -677.0 
-6745.0 -9404.0 -8582.0 -1165.0 5853.0 6047.0 2875.0 
2253.0 3608.0 -413.0 -10250.0 -12263.0 -4003.0 -1947.0 
-6049.0 -4149.0 1789.0 4652.0 4440.0 7538.0 11493.0 
10022.0 6199.0 2225.0 -2178.0 -3448.0 2602.0 11078.0 
12878.0 1829.0 -12402.0 -16444.0 -12562.0 -7236.0 -2520.0 
253.0 -807.0 -3093.0 1115.0 7097.0 4991.0 -598.0 
-1540.0 532.0 601.0 -498.0 -335.0 -1401.0 -1878.0 
-134.0 32.0 -4056.0 -9839.0 -10091.0 -2177.0 3990.0 
1119.0 -395.0 3761.0 5925.0 3183.0 -470.0 -2004.0 
-3292.0 -2957.0 728.0 3641.0 1171.0 -1984.0 986.0 
5388.0 5453.0 4660.0 3501.0 -1762.0 -6339.0 -2248.0 
4645.0 2765.0 -5103.0 -9240.0 -8125.0 -2719.0 5423.0 
8715.0 4365.0 -2062.0 -3400.0 6939.0 17203.0 15164.0 
7215.0 212.0 -4394.0 -6640.0 -6066.0 -1916.0 1052.0 
-1407.0 -4791.0 -2704.0 709.0 -1995.0 -6711.0 -7924.0 
-6500.0 -2268.0 951.0 -2579.0 -5920.0 -412.0 6213.0 
6322.0 6001.0 8040.0 4537.0 -3393.0 -4538.0 380.0 
2841.0 1005.0 -3781.0 -5676.0 -1046.0 6064.0 9996.0 
7169.0 296.0 -2465.0 3020.0 4397.0 -5288.0 -13119.0 
-13148.0 -7923.0 2390.0 12063.0 11407.0 1226.0 -7957.0 
-8242.0 -1120.0 6094.0 6355.0 -1779.0 -9625.0 -8504.0 
-2681.0 -106.0 -690.0 -1478.0 -51.0 1107.0 -2148.0 
-5161.0 -1184.0 6815.0 10234.0 7103.0 3049.0 1075.0 
608.0 614.0 1650.0 3957.0 4766.0 3888.0 2964.0 
880.0 -3348.0 -7674.0 -8417.0 -3845.0 -294.0 -4550.0 
-9751.0 -4122.0 6345.0 8723.0 3469.0 -1477.0 -1743.0 
387.0 64.0 -2581.0 -4444.0 -3998.0 -3216.0 -927.0 
3380.0 4728.0 4624.0 3962.0 -141.0 -2456.0 -437.0 
900.0 213.0 -1039.0 -4380.0 -7548.0 -6024.0 -620.0 
4197.0 6550.0 8049.0 8113.0 4948.0 -557.0 -5536.0 
-6648.0 -2932.0 955.0 2025.0 2293.0 2527.0 448.0 
-1215.0 409.0 1022.0 -117.0 -1944.0 -3718.0 -3175.0 
-188.0 2841.0 5011.0 6650.0 5578.0 1231.0 -2150.0 
-1032.0 2075.0 3368.0 3985.0 5775.0 6325.0 4535.0 
2508.0 2186.0 2807.0 2543.0 92.0 -2982.0 -3351.0 
-2489.0 -3942.0 -5633.0 -4436.0 -1167.0 2898.0 3466.0 
-1049.0 -3964.0 -1438.0 625.0 -1437.0 -4294.0 -5921.0 
-4574.0 233.0 4249.0 3137.0 -1478.0 -3921.0 -2489.0 
-2486.0 -3050.0 -389.0 637.0 -744.0 -1802.0 -2008.0 
-99.0 2281.0 2701.0 2461.0 1826.0 1635.0 1971.0 
391.0 -3463.0 -7039.0 -7016.0 -4366.0 -2937.0 -2802.0 
-2417.0 -3759.0 -5043.0 -2191.0 1460.0 504.0 -4495.0 
-7846.0 -5635.0 772.0 7317.0 9216.0 5344.0 953.0 
562.0 3711.0 7243.0 7267.0 5736.0 6765.0 5236.0 
-742.0 -3008.0 40.0 2749.0 2377.0 168.0 -1209.0 
-866.0 -334.0 -986.0 -1498.0 419.0 4802.0 6436.0 
1867.0 -2353.0 -1558.0 555.0 -263.0 -5717.0 -9168.0 
-4210.0 3289.0 4717.0 404.0 -1573.0 829.0 2365.0 
2404.0 1645.0 54.0 -886.0 -995.0 84.0 1852.0 
2770.0 3432.0 3797.0 2605.0 1074.0 -67.0 -2116.0 
-4491.0 -5273.0 -6165.0 -6048.0 -1396.0 3085.0 1724.0 
-1427.0 -716.0 2260.0 3235.0 1579.0 -1404.0 -2851.0 
-1562.0 -999.0 -1537.0 -658.0 -899.0 -3412.0 -3468.0 
-417.0 2556.0 4098.0 3709.0 2334.0 1550.0 862.0 
764.0 315.0 -2087.0 -3091.0 -1999.0 -2097.0 -2684.0 
-2169.0 -2904.0 -4476.0 -2396.0 1003.0 1299.0 509.0 
993.0 2231.0 3343.0 3015.0 1483.0 875.0 989.0 
1269.0 862.0 -2150.0 -5607.0 -4546.0 -949.0 -175.0 
-592.0 1024.0 2321.0 2173.0 2970.0 3792.0 2102.0 
-684.0 -1191.0 -885.0 -1248.0 -607.0 568.0 461.0 
442.0 777.0 675.0 898.0 -375.0 -2298.0 -1.0 
4126.0 4352.0 1907.0 -782.0 -4168.0 -5322.0 -2905.0 
-2118.0 -4762.0 -4247.0 1071.0 3511.0 683.0 -2042.0 
-2252.0 -1663.0 -2033.0 -3446.0 -4082.0 -3883.0 -4581.0 
-4342.0 -1090.0 2181.0 3394.0 4564.0 6624.0 8318.0 
8906.0 7315.0 4157.0 1093.0 -1634.0 -3025.0 -1607.0 
1282.0 2305.0 1287.0 -73.0 -786.0 -802.0 262.0 
2368.0 4063.0 4425.0 3434.0 688.0 -2282.0 -2709.0 
-2093.0 -3567.0 -4893.0 -2583.0 -168.0 -1536.0 -3494.0 
-2479.0 -311.0 -428.0 -1783.0 -729.0 1677.0 2905.0 
3049.0 2432.0 2828.0 5077.0 6246.0 3983.0 -107.0 
-2435.0 -2533.0 -3558.0 -5385.0 -5499.0 -5139.0 -5761.0 
-5301.0 -1193.0 5033.0 8309.0 6629.0 3584.0 3868.0 
6636.0 5593.0 1245.0 -157.0 1112.0 1157.0 -970.0 
-4199.0 -6084.0 -4729.0 -2663.0 -3312.0 -5307.0 -5246.0 
-3723.0 -2438.0 -1471.0 -554.0 698.0 1517.0 106.0 
-1206.0 1417.0 4466.0 3177.0 1057.0 1598.0 1726.0 
485.0 -87.0 -177.0 -426.0 -109.0 957.0 782.0 
-1379.0 -2465.0 -454.0 1739.0 2678.0 3126.0 1747.0 
-1420.0 -3991.0 -4863.0 -3984.0 -1920.0 -494.0 -27.0 
813.0 2500.0 4172.0 3365.0 416.0 -383.0 1597.0 
3160.0 1941.0 -886.0 -3064.0 -3778.0 -3214.0 -2889.0 
-3031.0 -2088.0 328.0 3115.0 4787.0 5387.0 5453.0 
3621.0 1623.0 2111.0 2901.0 2400.0 1873.0 1164.0 
-108.0 -403.0 539.0 1263.0 1038.0 -439.0 -1336.0 
-954.0 -1149.0 -1573.0 -1406.0 -1283.0 -1409.0 -2620.0 
-4399.0 -3552.0 -656.0 357.0 -1419.0 -3016.0 -1918.0 
54.0 -212.0 -1309.0 -662.0 359.0 1126.0 2370.0 
2710.0 617.0 -1315.0 -484.0 209.0 -915.0 -1590.0 
-2079.0 -3629.0 -4697.0 -3714.0 -2547.0 -2780.0 -3027.0 
-2151.0 -846.0 249.0 377.0 -161.0 129.0 923.0 
1201.0 1323.0 1418.0 1558.0 2179.0 3288.0 3653.0 
3124.0 3032.0 3309.0 3208.0 2161.0 805.0 -494.0 
-1643.0 -1756.0 -1955.0 -2930.0 -3072.0 -1018.0 1683.0 
1553.0 -1116.0 -2360.0 -695.0 1299.0 945.0 -635.0 
-497.0 1475.0 3482.0 3604.0 2316.0 2054.0 2390.0 
1530.0 -21.0 -1103.0 -1953.0 -2728.0 -2402.0 -826.0 
286.0 515.0 381.0 291.0 390.0 328.0 523.0 
890.0 -281.0 -2758.0 -3668.0 -2892.0 -2011.0 -534.0 
1985.0 3564.0 3463.0 3156.0 2985.0 2313.0 1196.0 
1316.0 2847.0 1838.0 -1602.0 -2574.0 -504.0 1260.0 
1886.0 2159.0 1309.0 -8.0 -66.0 832.0 1025.0 
-182.0 -2050.0 -3279.0 -3381.0 -2799.0 -1729.0 -675.0 
-570.0 -944.0 53.0 1127.0 1026.0 1406.0 1368.0 
-1.0 -790.0 -850.0 -1680.0 -3364.0 -3846.0 -2809.0 
-2111.0 -2297.0 -2616.0 -2167.0 -693.0 803.0 2044.0 
3599.0 3773.0 2265.0 1385.0 1132.0 611.0 -109.0 
-887.0 -1538.0 -999.0 1306.0 2955.0 2661.0 2899.0 
4048.0 3994.0 3265.0 3476.0 2793.0 173.0 -2167.0 
-2973.0 -2904.0 -3358.0 -4873.0 -5716.0 -4540.0 -2176.0 
-739.0 -925.0 -1563.0 -1358.0 -30.0 1069.0 1472.0 
1960.0 1886.0 795.0 -528.0 -1604.0 -1931.0 -2233.0 
-2951.0 -2561.0 -1042.0 130.0 576.0 293.0 -113.0 
501.0 1386.0 1543.0 1969.0 2977.0 2929.0 1400.0 
-512.0 -2219.0 -2871.0 -2036.0 -1432.0 -1927.0 -2073.0 
-1603.0 -1738.0 -1550.0 -22.0 1026.0 550.0 -643.0 
-1286.0 -443.0 148.0 -138.0 293.0 349.0 -883.0 
-1173.0 742.0 3363.0 4788.0 4753.0 4611.0 5079.0 
4365.0 2039.0 547.0 956.0 1774.0 1428.0 187.0 
-629.0 -826.0 -1475.0 -3297.0 -4748.0 -3844.0 -1825.0 
-841.0 -175.0 1167.0 2163.0 2078.0 2128.0 2885.0 
2709.0 1321.0 468.0 757.0 1074.0 563.0 -547.0 
-1112.0 -695.0 -918.0 -1554.0 -1097.0 -251.0 208.0 
630.0 1471.0 2463.0 2772.0 2586.0 2683.0 2530.0 
1612.0 1271.0 2088.0 2798.0 2344.0 733.0 -684.0 
-718.0 185.0 721.0 4.0 -600.0 -288.0 -674.0 
-1805.0 -2173.0 -1587.0 -1281.0 -1970.0 -2634.0 -2484.0 
-2807.0 -3733.0 -2949.0 -1145.0 -1049.0 -2150.0 -2178.0 
-1095.0 -680.0 -886.0 -465.0 73.0 -1004.0 -3220.0 
-4356.0 -3990.0 -3443.0 -2906.0 -1897.0 -999.0 -780.0 
-833.0 -673.0 -358.0 395.0 1733.0 2167.0 1187.0 
578.0 1000.0 1237.0 275.0 -1148.0 -1451.0 -454.0 
286.0 -96.0 -410.0 502.0 1925.0 2283.0 1725.0 
1784.0 2120.0 1701.0 1293.0 1611.0 2168.0 2415.0 
2196.0 2237.0 3331.0 4028.0 3339.0 2536.0 2239.0 
2228.0 2439.0 2047.0 882.0 194.0 461.0 946.0 
315.0 -1080.0 -1507.0 -903.0 -641.0 -1041.0 -1380.0 
-1489.0 -1630.0 -1947.0 -2167.0 -2722.0 -4165.0 -5450.0 
-5287.0 -4155.0 -3260.0 -2612.0 -1704.0 -709.0 -14.0 
79.0 -527.0 -761.0 732.0 2854.0 3375.0 2107.0 
482.0 -546.0 -1235.0 -1591.0 -1343.0 -461.0 593.0 
1111.0 1452.0 2206.0 2419.0 1518.0 676.0 687.0 
1220.0 2237.0 2844.0 2636.0 2498.0 1978.0 265.0 
-1392.0 -1807.0 -1475.0 -1183.0 -1011.0 -454.0 888.0 
2155.0 2103.0 1032.0 674.0 1410.0 1733.0 1428.0 
1326.0 754.0 -427.0 -1361.0 -2492.0 -3997.0 -4691.0 
-4117.0 -3344.0 -3204.0 -3047.0 -2329.0 -1556.0 -1371.0 
-1884.0 -2170.0 -1251.0 49.0 669.0 886.0 1277.0 
1583.0 1168.0 232.0 -428.0 -530.0 -89.0 642.0 
1270.0 1700.0 2565.0 3987.0 4671.0 4577.0 4288.0 
3498.0 2685.0 2074.0 1365.0 1276.0 2088.0 2782.0 
2870.0 2617.0 2018.0 1270.0 842.0 462.0 -243.0 
-1233.0 -1831.0 -1561.0 -913.0 -831.0 -1348.0 -1632.0 
-1814.0 -2305.0 -2896.0 -2971.0 -2232.0 -1520.0 -1379.0 
-1618.0 -1619.0 -1313.0 -1646.0 -2283.0 -1801.0 -636.0 
-590.0 -1564.0 -1770.0 -854.0 -165.0 -588.0 -1462.0 
-1877.0 -1825.0 -1465.0 -1035.0 -932.0 -921.0 -457.0 
249.0 570.0 953.0 1594.0 1710.0 1056.0 584.0 
1030.0 1477.0 1148.0 727.0 873.0 1137.0 643.0 
-571.0 -1030.0 -424.0 -39.0 80.0 831.0 1545.0 
1138.0 591.0 1316.0 2371.0 2364.0 1867.0 1686.0 
1476.0 899.0 541.0 766.0 1005.0 854.0 601.0 
117.0 -676.0 -1061.0 -883.0 -667.0 -687.0 -707.0 
-693.0 -619.0 275.0 1530.0 1315.0 -447.0 -1788.0 
-1662.0 -1057.0 -910.0 -1195.0 -1483.0 -1516.0 -1380.0 
-942.0 -338.0 -143.0 -178.0 311.0 987.0 991.0 
293.0 -319.0 -208.0 245.0 250.0 -429.0 -1418.0 
-2043.0 -1744.0 -680.0 343.0 987.0 1705.0 3035.0 
4117.0 3609.0 2396.0 2031.0 1922.0 1195.0 781.0 
1026.0 851.0 -115.0 -974.0 -1234.0 -1441.0 -1759.0 
-1889.0 -1744.0 -1211.0 -596.0 -517.0 -1068.0 -1541.0 
-1287.0 -1325.0 -2086.0 -2188.0 -1391.0 -765.0 -786.0 
-1052.0 -852.0 -235.0 234.0 656.0 1182.0 1439.0 
1284.0 895.0 512.0 97.0 -695.0 -1293.0 -990.0 
25.0 1330.0 2408.0 2418.0 1690.0 1231.0 1001.0 
865.0 824.0 486.0 -170.0 -544.0 -325.0 -165.0 
-319.0 -260.0 -186.0 -606.0 -1089.0 -842.0 38.0 
1079.0 1688.0 1508.0 830.0 104.0 -3.0 555.0 
777.0 323.0 -261.0 -879.0 -1538.0 -1790.0 -1823.0 
-1875.0 -1532.0 -1037.0 -909.0 -1073.0 -1395.0 -1533.0 
-1362.0 -1003.0 -383.0 96.0 173.0 373.0 900.0 
1276.0 1336.0 1426.0 1431.0 1168.0 1057.0 1237.0 
1092.0 424.0 -243.0 -568.0 -474.0 -117.0 64.0 
-158.0 -373.0 -198.0 180.0 238.0 25.0 6.0 
344.0 729.0 675.0 303.0 232.0 755.0 1439.0 
1634.0 1387.0 1344.0 1561.0 1590.0 1346.0 916.0 
291.0 -382.0 -450.0 161.0 529.0 289.0 -6.0 
49.0 258.0 226.0 -66.0 -520.0 -1077.0 -1420.0 
-1613.0 -1991.0 -2295.0 -2326.0 -2264.0 -2030.0 -1618.0 
-1297.0 -1152.0 -892.0 -440.0 -50.0 498.0 1253.0 
1660.0 1597.0 1764.0 2207.0 2262.0 1776.0 1065.0 
398.0 -238.0 -885.0 -1265.0 -1179.0 -827.0 -511.0 
-180.0 373.0 1068.0 1438.0 1274.0 694.0 95.0 
-181.0 -566.0 -1346.0 -2042.0 -2444.0 -2564.0 -2192.0 
-1360.0 -667.0 -555.0 -707.0 -791.0 -786.0 -479.0 
149.0 580.0 758.0 764.0 320.0 -152.0 -96.0 
122.0 8.0 -533.0 -1274.0 -1860.0 -2092.0 -2019.0 
-1633.0 -784.0 106.0 524.0 637.0 455.0 178.0 
249.0 414.0 431.0 621.0 1070.0 1500.0 2016.0 
2658.0 3028.0 2955.0 2273.0 1431.0 1182.0 1180.0 
1080.0 1189.0 1414.0 1525.0 1350.0 703.0 -314.0 
-1128.0 -1331.0 -1060.0 -493.0 -40.0 87.0 -89.0 
-507.0 -453.0 574.0 1739.0 2140.0 1893.0 1511.0 
1307.0 1189.0 938.0 440.0 -96.0 -295.0 -308.0 
-369.0 -400.0 -299.0 -426.0 -1210.0 -2180.0 -2802.0 
-3207.0 -3419.0 -3216.0 -2569.0 -1747.0 -1253.0 -1029.0 
-552.0 63.0 346.0 302.0 554.0 1168.0 1375.0 
773.0 -144.0 -605.0 -408.0 44.0 181.0 147.0 
225.0 97.0 -193.0 -331.0 -268.0 -11.0 401.0 
772.0 1016.0 1143.0 950.0 414.0 91.0 310.0 
732.0 867.0 510.0 46.0 -163.0 -399.0 -764.0 
-903.0 -729.0 -519.0 -605.0 -937.0 -1152.0 -1114.0 
-1079.0 -1114.0 -986.0 -701.0 -402.0 -80.0 119.0 
-33.0 -401.0 -645.0 -589.0 -299.0 214.0 909.0 
1499.0 1816.0 1999.0 2062.0 1956.0 1884.0 2063.0 
2259.0 2126.0 1722.0 1241.0 725.0 182.0 -443.0 
-1151.0 -1683.0 -1820.0 -1643.0 -1470.0 -1496.0 -1561.0 
-1465.0 -1090.0 -589.0 -53.0 677.0 1303.0 1353.0 
1213.0 1386.0 1398.0 934.0 655.0 529.0 -54.0 
-906.0 -1318.0 -1366.0 -1731.0 -2420.0 -2898.0 -2777.0 
-2218.0 -1824.0 -1718.0 -1389.0 -750.0 -360.0 -293.0 
-69.0 452.0 874.0 877.0 920.0 1371.0 1665.0 
1545.0 1490.0 1551.0 1485.0 1290.0 961.0 655.0 
679.0 835.0 726.0 402.0 -76.0 -527.0 -618.0 
-440.0 -253.0 66.0 620.0 1213.0 1794.0 2298.0 
2455.0 2216.0 1763.0 1356.0 988.0 627.0 310.0 
-51.0 -326.0 -393.0 -563.0 -1010.0 -1374.0 -1532.0 
-1527.0 -1152.0 -594.0 -293.0 -161.0 22.0 244.0 
474.0 511.0 227.0 -155.0 -401.0 -353.0 32.0 
329.0 247.0 -143.0 -521.0 -593.0 -704.0 -1131.0 
-1431.0 -1503.0 -1679.0 -1836.0 -1757.0 -1558.0 -1476.0 
-1402.0 -1132.0 -767.0 -323.0 117.0 255.0 131.0 
-18.0 -60.0 -62.0 -15.0 46.0 -36.0 -118.0 
11.0 310.0 470.0 524.0 487.0 179.0 -184.0 
-349.0 -281.0 137.0 869.0 1468.0 1543.0 1414.0 
1488.0 1628.0 1647.0 1606.0 1623.0 1606.0 1374.0 
1142.0 1158.0 1139.0 790.0 360.0 160.0 107.0 
43.0 -78.0 -302.0 -519.0 -624.0 -717.0 -858.0 
-1087.0 -1378.0 -1399.0 -997.0 -512.0 -288.0 -362.0 
-478.0 -432.0 -358.0 -296.0 -197.0 -109.0 -130.0 
-240.0 -455.0 -727.0 -750.0 -596.0 -474.0 -241.0 
186.0 530.0 658.0 833.0 1162.0 1481.0 1514.0 
1274.0 1253.0 1356.0 1046.0 517.0 143.0 -105.0 
-221.0 -446.0 -886.0 -1117.0 -1149.0 -1147.0 -996.0 
-1005.0 -1364.0 -1729.0 -1973.0 -2095.0 -1941.0 -1600.0 
-1494.0 -1711.0 -1738.0 -1398.0 -1109.0 -1036.0 -939.0 
-544.0 168.0 958.0 1518.0 1663.0 1609.0 1538.0 
1259.0 895.0 683.0 395.0 -23.0 -62.0 222.0 
253.0 -50.0 -504.0 -706.0 -292.0 428.0 1055.0 
1567.0 2014.0 2279.0 2358.0 2289.0 2202.0 2218.0 
2042.0 1452.0 880.0 633.0 515.0 242.0 -313.0 
-882.0 -1090.0 -979.0 -889.0 -875.0 -651.0 -363.0 
-369.0 -377.0 -118.0 160.0 325.0 459.0 426.0 
121.0 -204.0 -398.0 -578.0 -751.0 -924.0 -1225.0 
-1491.0 -1403.0 -1070.0 -768.0 -433.0 -87.0 25.0 
-65.0 -7.0 296.0 634.0 957.0 1309.0 1680.0 
1913.0 1967.0 1994.0 2018.0 1956.0 1795.0 1464.0 
1069.0 864.0 792.0 564.0 170.0 -156.0 -366.0 
-610.0 -998.0 -1366.0 -1658.0 -1887.0 -1962.0 -1870.0 
-1711.0 -1605.0 -1537.0 -1431.0 -1330.0 -1236.0 -1104.0 
-1065.0 -1115.0 -990.0 -753.0 -639.0 -474.0 -188.0 
-72.0 -27.0 203.0 521.0 682.0 658.0 598.0 
622.0 704.0 769.0 700.0 510.0 295.0 102.0 
76.0 334.0 777.0 1180.0 1423.0 1480.0 1294.0 
929.0 517.0 159.0 -67.0 -234.0 -515.0 -927.0 
-1317.0 -1541.0 -1551.0 -1393.0 -1228.0 -1181.0 -1182.0 
-1223.0 -1379.0 -1468.0 -1246.0 -1057.0 -1336.0 -1770.0 
-1756.0 -1261.0 -725.0 -452.0 -343.0 -184.0 -2.0 
96.0 198.0 301.0 239.0 212.0 443.0 763.0 
1090.0 1422.0 1745.0 2063.0 2335.0 2581.0 2772.0 
2938.0 3059.0 2931.0 2538.0 2191.0 1950.0 1556.0 
1020.0 547.0 42.0 -525.0 -974.0 -1187.0 -1163.0 
-1086.0 -1103.0 -960.0 -465.0 166.0 611.0 850.0 
1029.0 1052.0 848.0 614.0 439.0 342.0 266.0 
14.0 -259.0 -191.0 180.0 457.0 462.0 452.0 
590.0 625.0 396.0 67.0 -171.0 -223.0 -187.0 
-363.0 -779.0 -1145.0 -1323.0 -1409.0 -1533.0 -1700.0 
-1660.0 -1326.0 -1043.0 -976.0 -1059.0 -1197.0 -1281.0 
-1297.0 -1306.0 -1241.0 -958.0 -602.0 -465.0 -542.0 
-523.0 -245.0 63.0 250.0 409.0 509.0 468.0 
400.0 354.0 163.0 -203.0 -489.0 -596.0 -585.0 
-383.0 -8.0 322.0 410.0 309.0 233.0 317.0 
500.0 528.0 409.0 388.0 451.0 398.0 219.0 
40.0 19.0 186.0 404.0 488.0 445.0 414.0 
470.0 592.0 686.0 672.0 558.0 378.0 227.0 
133.0 65.0 51.0 69.0 -44.0 -251.0 -225.0 
53.0 285.0 355.0 394.0 373.0 261.0 261.0 
336.0 278.0 153.0 -4.0 -229.0 -406.0 -443.0 
-436.0 -486.0 -526.0 -383.0 -102.0 64.0 64.0 
22.0 36.0 97.0 130.0 121.0 -39.0 -399.0 
-620.0 -523.0 -372.0 -302.0 -227.0 -114.0 1.0 
-12.0 -129.0 -3.0 354.0 611.0 681.0 599.0 
457.0 340.0 210.0 -5.0 -279.0 -536.0 -705.0 
-718.0 -583.0 -474.0 -404.0 -160.0 161.0 301.0 
279.0 222.0 189.0 219.0 299.0 365.0 367.0 
287.0 213.0 234.0 304.0 363.0 382.0 354.0 
322.0 322.0 327.0 272.0 241.0 309.0 318.0 
174.0 84.0 139.0 128.0 34.0 0.0 15.0 
39.0 92.0 341.0 759.0 1027.0 1042.0 874.0 
620.0 460.0 426.0 331.0 81.0 -177.0 -315.0 
-371.0 -426.0 -539.0 -733.0 -903.0 -954.0 -862.0 
-679.0 -596.0 -661.0 -745.0 -774.0 -751.0 -800.0 
-999.0 -1170.0 -1167.0 -1084.0 -1070.0 -1220.0 -1473.0 
-1680.0 -1750.0 -1645.0 -1424.0 -1226.0 -1106.0 -1017.0 
-837.0 -560.0 -320.0 -89.0 257.0 644.0 929.0 
1160.0 1422.0 1543.0 1368.0 1134.0 1138.0 1223.0 
1139.0 1036.0 1154.0 1458.0 1737.0 1924.0 2033.0 
2072.0 2051.0 1936.0 1641.0 1332.0 1291.0 1319.0 
1170.0 927.0 612.0 273.0 -11.0 -330.0 -606.0 
-700.0 -668.0 -631.0 -669.0 -667.0 -503.0 -317.0 
-189.0 -121.0 -93.0 8.0 118.0 56.0 -111.0 
-264.0 -357.0 -377.0 -307.0 -220.0 -255.0 -337.0 
-235.0 0.0 81.0 -26.0 -98.0 -84.0 -149.0 
-210.0 -158.0 -239.0 -533.0 -724.0 -712.0 -717.0 
-789.0 -773.0 -617.0 -428.0 -297.0 -231.0 -237.0 
-314.0 -351.0 -251.0 -127.0 -141.0 -187.0 -134.0 
-73.0 -123.0 -137.0 59.0 228.0 135.0 -55.0 
-138.0 -169.0 -251.0 -392.0 -530.0 -631.0 -739.0 
-831.0 -794.0 -682.0 -608.0 -528.0 -395.0 -240.0 
-84.0 118.0 418.0 690.0 847.0 993.0 1104.0 
1084.0 969.0 873.0 831.0 647.0 359.0 244.0 
264.0 225.0 184.0 276.0 411.0 509.0 566.0 
537.0 443.0 408.0 471.0 492.0 459.0 487.0 
547.0 656.0 842.0 875.0 684.0 541.0 501.0 
410.0 238.0 -8.0 -299.0 -510.0 -608.0 -745.0 
-884.0 -927.0 -987.0 -1024.0 -933.0 -844.0 -832.0 
-882.0 -1019.0 -1140.0 -1184.0 -1228.0 -1232.0 -1127.0 
-1001.0 -857.0 -520.0 -90.0 154.0 293.0 552.0 
879.0 1084.0 1168.0 1183.0 1059.0 802.0 575.0 
347.0 7.0 -287.0 -413.0 -476.0 -584.0 -720.0 
-798.0 -795.0 -800.0 -733.0 -518.0 -237.0 40.0 
248.0 404.0 657.0 902.0 965.0 1007.0 1116.0 
1193.0 1212.0 1125.0 958.0 849.0 777.0 732.0 
692.0 493.0 198.0 24.0 -62.0 -175.0 -336.0 
-521.0 -644.0 -708.0 -808.0 -897.0 -821.0 -651.0 
-606.0 -662.0 -668.0 -588.0 -437.0 -253.0 -93.0 
-11.0 28.0 135.0 336.0 455.0 391.0 334.0 
476.0 720.0 826.0 796.0 781.0 727.0 522.0 
298.0 195.0 118.0 35.0 91.0 281.0 410.0 
378.0 264.0 97.0 -160.0 -443.0 -645.0 -691.0 
-555.0 -412.0 -412.0 -430.0 -305.0 -86.0 -20.0 
-133.0 -220.0 -291.0 -395.0 -455.0 -541.0 -662.0 
-709.0 -713.0 -728.0 -685.0 -589.0 -459.0 -279.0 
-92.0 42.0 133.0 227.0 296.0 304.0 267.0 
156.0 52.0 54.0 24.0 -117.0 -260.0 -362.0 
-435.0 -464.0 -509.0 -619.0 -699.0 -636.0 -496.0 
-450.0 -496.0 -494.0 -367.0 -165.0 33.0 212.0 
405.0 658.0 953.0 1240.0 1470.0 1610.0 1698.0 
1774.0 1791.0 1732.0 1615.0 1440.0 1224.0 1038.0 
904.0 797.0 723.0 655.0 545.0 360.0 138.0 
-89.0 -315.0 -485.0 -615.0 -736.0 -802.0 -895.0 
-1061.0 -1161.0 -1232.0 -1298.0 -1189.0 -964.0 -798.0 
-697.0 -564.0 -325.0 -57.0 146.0 270.0 312.0 
313.0 315.0 333.0 394.0 454.0 442.0 395.0 
344.0 265.0 141.0 39.0 9.0 -11.0 -33.0 
-24.0 -5.0 10.0 39.0 60.0 39.0 33.0 
55.0 29.0 -65.0 -256.0 -520.0 -761.0 -954.0 
-1102.0 -1196.0 -1242.0 -1222.0 -1168.0 -1076.0 -872.0 
-568.0 -306.0 -84.0 179.0 439.0 755.0 1170.0 
1491.0 1632.0 1692.0 1689.0 1631.0 1572.0 1502.0 
1414.0 1285.0 1012.0 593.0 189.0 -70.0 -270.0 
-455.0 -537.0 -560.0 -605.0 -709.0 -780.0 -689.0 
-566.0 -526.0 -494.0 -465.0 -439.0 -351.0 -252.0 
-236.0 -287.0 -350.0 -372.0 -343.0 -317.0 -321.0 
-299.0 -220.0 -122.0 -40.0 19.0 77.0 189.0 
337.0 485.0 676.0 915.0 1046.0 938.0 704.0 
500.0 331.0 148.0 -39.0 -199.0 -329.0 -463.0 
-628.0 -755.0 -782.0 -817.0 -888.0 -932.0 -924.0 
-862.0 -749.0 -606.0 -461.0 -321.0 -258.0 -303.0 
-314.0 -212.0 -89.0 22.0 155.0 260.0 311.0 
419.0 589.0 676.0 677.0 694.0 710.0 699.0 
653.0 524.0 407.0 398.0 376.0 277.0 246.0 
273.0 208.0 115.0 152.0 291.0 388.0 466.0 
599.0 683.0 611.0 452.0 340.0 267.0 186.0 
95.0 -46.0 -211.0 -294.0 -347.0 -476.0 -629.0 
-728.0 -801.0 -878.0 -964.0 -1035.0 -1038.0 -944.0 
-829.0 -751.0 -630.0 -463.0 -349.0 -321.0 -319.0 
-215.0 -44.0 80.0 179.0 310.0 503.0 676.0 
751.0 814.0 940.0 1043.0 1112.0 1132.0 1010.0 
860.0 809.0 736.0 559.0 371.0 251.0 160.0 
33.0 -95.0 -160.0 -176.0 -183.0 -218.0 -306.0 
-407.0 -409.0 -312.0 -291.0 -392.0 -496.0 -552.0 
-548.0 -492.0 -411.0 -323.0 -274.0 -246.0 -177.0 
-102.0 -40.0 48.0 123.0 99.0 5.0 -44.0 
-54.0 -47.0 -47.0 -92.0 -181.0 -270.0 -288.0 
-193.0 -38.0 61.0 118.0 268.0 510.0 753.0 
957.0 1082.0 1125.0 1102.0 1075.0 1051.0 975.0 
856.0 746.0 667.0 592.0 496.0 347.0 169.0 
33.0 -106.0 -274.0 -429.0 -632.0 -853.0 -1028.0 
-1125.0 -1152.0 -1147.0 -1108.0 -1021.0 -856.0 -645.0 
-506.0 -436.0 -325.0 -158.0 -10.0 87.0 182.0 
298.0 444.0 581.0 637.0 657.0 686.0 641.0 
506.0 370.0 286.0 189.0 32.0 -127.0 -234.0 
-253.0 -260.0 -364.0 -491.0 -513.0 -470.0 -456.0 
-430.0 -341.0 -241.0 -186.0 -150.0 -110.0 -24.0 
74.0 102.0 87.0 63.0 28.0 38.0 95.0 
136.0 182.0 259.0 292.0 291.0 329.0 387.0 
396.0 400.0 456.0 479.0 396.0 234.0 4.0 
-227.0 -352.0 -452.0 -654.0 -899.0 -1135.0 -1371.0 
-1561.0 -1663.0 -1674.0 -1670.0 -1693.0 -1667.0 -1567.0 
-1448.0 -1330.0 -1169.0 -946.0 -664.0 -368.0 -66.0 
269.0 545.0 725.0 912.0 1114.0 1228.0 1256.0 
1253.0 1191.0 1080.0 973.0 895.0 848.0 801.0 
761.0 724.0 653.0 604.0 596.0 573.0 573.0 
620.0 666.0 691.0 730.0 842.0 987.0 1122.0 
1312.0 1506.0 1626.0 1721.0 1749.0 1694.0 1601.0 
1404.0 1093.0 766.0 492.0 315.0 165.0 -39.0 
-206.0 -271.0 -362.0 -541.0 -675.0 -699.0 -665.0 
-659.0 -682.0 -635.0 -538.0 -497.0 -522.0 -563.0 
-577.0 -564.0 -545.0 -528.0 -492.0 -491.0 -553.0 
-601.0 -624.0 -668.0 -670.0 -612.0 -600.0 -672.0 
-753.0 -839.0 -966.0 -1047.0 -1036.0 -1029.0 -1051.0 
-1055.0 -1021.0 -964.0 -909.0 -847.0 -771.0 -704.0 
-602.0 -443.0 -311.0 -205.0 -94.0 3.0 99.0 
193.0 257.0 312.0 387.0 416.0 305.0 138.0 
74.0 101.0 122.0 146.0 211.0 300.0 463.0 
711.0 949.0 1085.0 1163.0 1273.0 1394.0 1467.0 
1522.0 1593.0 1658.0 1642.0 1554.0 1485.0 1419.0 
1299.0 1105.0 877.0 670.0 482.0 283.0 95.0 
-33.0 -133.0 -266.0 -400.0 -505.0 -638.0 -808.0 
-930.0 -998.0 -1083.0 -1176.0 -1218.0 -1188.0 -1144.0 
-1137.0 -1150.0 -1136.0 -1041.0 -887.0 -789.0 -771.0 
-745.0 -696.0 -654.0 -643.0 -667.0 -660.0 -616.0 
-569.0 -525.0 -476.0 -383.0 -243.0 -102.0 37.0 
195.0 346.0 470.0 611.0 774.0 918.0 1026.0 
1100.0 1131.0 1119.0 1094.0 1068.0 1025.0 975.0 
929.0 858.0 736.0 565.0 409.0 313.0 196.0 
37.0 -96.0 -216.0 -349.0 -528.0 -732.0 -841.0 
-843.0 -767.0 -632.0 -556.0 -565.0 -500.0 -328.0 
-155.0 -12.0 138.0 286.0 394.0 449.0 443.0 
421.0 418.0 402.0 347.0 279.0 248.0 231.0 
162.0 73.0 -4.0 -109.0 -227.0 -300.0 -343.0 
-381.0 -393.0 -380.0 -374.0 -348.0 -283.0 -227.0 
-178.0 -111.0 -38.0 72.0 217.0 305.0 337.0 
378.0 401.0 415.0 456.0 467.0 454.0 474.0 
497.0 509.0 533.0 513.0 414.0 298.0 183.0 
58.0 -69.0 -221.0 -403.0 -563.0 -654.0 -660.0 
-634.0 -616.0 -554.0 -438.0 -308.0 -205.0 -132.0 
-18.0 153.0 265.0 292.0 333.0 371.0 336.0 
259.0 213.0 168.0 62.0 -101.0 -290.0 -462.0 
-577.0 -660.0 -736.0 -783.0 -757.0 -649.0 -516.0 
-377.0 -192.0 18.0 197.0 344.0 480.0 611.0 
708.0 752.0 785.0 833.0 860.0 841.0 794.0 
680.0 491.0 317.0 185.0 25.0 -148.0 -298.0 
-411.0 -459.0 -472.0 -519.0 -601.0 -643.0 -611.0 
-566.0 -564.0 -592.0 -635.0 -660.0 -655.0 -666.0 
-682.0 -658.0 -643.0 -666.0 -664.0 -669.0 -725.0 
-777.0 -780.0 -731.0 -668.0 -609.0 -506.0 -320.0 
-127.0 17.0 159.0 327.0 469.0 595.0 774.0 
951.0 1041.0 1112.0 1192.0 1207.0 1172.0 1123.0 
1071.0 1067.0 1076.0 1049.0 1039.0 1066.0 1070.0 
1056.0 1054.0 1040.0 1022.0 1023.0 996.0 915.0 
817.0 718.0 617.0 483.0 296.0 153.0 74.0 
-31.0 -130.0 -182.0 -252.0 -350.0 -407.0 -416.0 
-452.0 -532.0 -584.0 -586.0 -575.0 -571.0 -578.0 
-598.0 -668.0 -790.0 -883.0 -929.0 -978.0 -1000.0 
-975.0 -962.0 -960.0 -927.0 -846.0 -712.0 -546.0 
-393.0 -288.0 -172.0 9.0 195.0 312.0 393.0 
502.0 593.0 626.0 634.0 628.0 590.0 492.0 
359.0 265.0 215.0 156.0 64.0 -23.0 -67.0 
-105.0 -192.0 -305.0 -416.0 -519.0 -598.0 -654.0 
-718.0 -775.0 -783.0 -742.0 -699.0 -679.0 -643.0 
-566.0 -470.0 -409.0 -389.0 -331.0 -277.0 -287.0 
-252.0 -165.0 -124.0 -133.0 -126.0 -41.0 82.0 
152.0 176.0 185.0 195.0 239.0 311.0 391.0 
484.0 570.0 641.0 653.0 623.0 606.0 567.0 
507.0 463.0 409.0 387.0 429.0 457.0 443.0 
449.0 496.0 528.0 509.0 487.0 471.0 415.0 
345.0 316.0 327.0 366.0 383.0 349.0 310.0 
297.0 270.0 223.0 203.0 198.0 219.0 260.0 
284.0 296.0 320.0 368.0 427.0 487.0 539.0 
550.0 534.0 517.0 438.0 329.0 270.0 222.0 
161.0 120.0 47.0 -66.0 -131.0 -167.0 -225.0 
-278.0 -330.0 -408.0 -501.0 -571.0 -606.0 -631.0 
-611.0 -535.0 -481.0 -439.0 -368.0 -311.0 -280.0 
-253.0 -219.0 -225.0 -265.0 -266.0 -255.0 -299.0 
-402.0 -535.0 -636.0 -726.0 -878.0 -1001.0 -1058.0 
-1140.0 -1196.0 -1153.0 -1066.0 -960.0 -850.0 -748.0 
-597.0 -417.0 -271.0 -130.0 5.0 145.0 316.0 
459.0 515.0 513.0 509.0 519.0 528.0 543.0 
573.0 608.0 636.0 644.0 628.0 610.0 597.0 
557.0 459.0 298.0 108.0 -52.0 -172.0 -259.0 
-311.0 -363.0 -406.0 -386.0 -319.0 -257.0 -205.0 
-124.0 -42.0 5.0 55.0 132.0 223.0 329.0 
438.0 557.0 676.0 751.0 795.0 887.0 977.0 
981.0 970.0 970.0 903.0 767.0 621.0 472.0 
313.0 168.0 51.0 -48.0 -140.0 -200.0 -223.0 
-248.0 -285.0 -313.0 -321.0 -309.0 -295.0 -309.0 
-358.0 -391.0 -404.0 -451.0 -514.0 -550.0 -603.0 
-671.0 -677.0 -677.0 -720.0 -744.0 -731.0 -690.0 
-589.0 -454.0 -329.0 -223.0 -123.0 -23.0 45.0 
84.0 151.0 249.0 317.0 325.0 324.0 386.0 
456.0 454.0 432.0 449.0 479.0 519.0 571.0 
584.0 550.0 509.0 438.0 327.0 257.0 270.0 
285.0 254.0 251.0 293.0 303.0 294.0 325.0 
374.0 389.0 374.0 355.0 331.0 282.0 215.0 
160.0 131.0 110.0 93.0 76.0 68.0 100.0 
157.0 225.0 306.0 365.0 407.0 461.0 513.0 
517.0 484.0 451.0 391.0 265.0 139.0 51.0 
-46.0 -156.0 -276.0 -418.0 -560.0 -676.0 -777.0 
-876.0 -960.0 -1049.0 -1159.0 -1253.0 -1305.0 -1319.0 
-1300.0 -1241.0 -1139.0 -1009.0 -870.0 -714.0 -516.0 
-319.0 -163.0 -25.0 101.0 201.0 294.0 395.0 
469.0 495.0 463.0 389.0 305.0 212.0 129.0 
66.0 14.0 -29.0 -73.0 -124.0 -143.0 -115.0 
-108.0 -164.0 -238.0 -263.0 -264.0 -278.0 -285.0 
-271.0 -238.0 -186.0 -136.0 -107.0 -66.0 -10.0 
42.0 95.0 115.0 113.0 145.0 180.0 158.0 
128.0 170.0 235.0 291.0 364.0 400.0 407.0 
456.0 522.0 557.0 588.0 630.0 649.0 625.0 
571.0 499.0 410.0 313.0 243.0 197.0 145.0 
91.0 56.0 49.0 52.0 48.0 54.0 61.0 
69.0 112.0 187.0 226.0 203.0 166.0 154.0 
170.0 175.0 153.0 114.0 63.0 14.0 -9.0 
-16.0 -51.0 -112.0 -123.0 -71.0 -26.0 -14.0 
0.0 23.0 43.0 51.0 55.0 85.0 104.0 
94.0 102.0 126.0 118.0 99.0 100.0 83.0 
33.0 -17.0 -69.0 -144.0 -229.0 -283.0 -301.0 
-306.0 -302.0 -289.0 -302.0 -326.0 -325.0 -307.0 
-267.0 -230.0 -213.0 -199.0 -202.0 -245.0 -294.0 
-302.0 -298.0 -322.0 -332.0 -300.0 -259.0 -193.0 
-74.0 41.0 124.0 215.0 326.0 450.0 592.0 
726.0 831.0 911.0 967.0 1002.0 1016.0 1007.0 
977.0 897.0 767.0 629.0 489.0 332.0 140.0 
-67.0 -245.0 -392.0 -532.0 -649.0 -731.0 -792.0 
-820.0 -833.0 -816.0 -748.0 -674.0 -614.0 -539.0 
-449.0 -370.0 -300.0 -235.0 -214.0 -247.0 -283.0 
-292.0 -319.0 -384.0 -436.0 -429.0 -389.0 -378.0 
-398.0 -399.0 -359.0 -316.0 -287.0 -254.0 -224.0 
-193.0 -180.0 -165.0 -115.0 -85.0 -108.0 -121.0 
-99.0 -87.0 -100.0 -100.0 -85.0 -98.0 -112.0 
-101.0 -70.0 -46.0 -33.0 2.0 51.0 89.0 
152.0 254.0 339.0 382.0 421.0 488.0 543.0 
563.0 584.0 611.0 629.0 665.0 723.0 754.0 
748.0 762.0 796.0 793.0 742.0 669.0 586.0 
504.0 446.0 408.0 347.0 279.0 242.0 215.0 
193.0 195.0 218.0 268.0 334.0 386.0 439.0 
510.0 553.0 547.0 540.0 539.0 504.0 408.0 
291.0 194.0 108.0 32.0 -13.0 -48.0 -105.0 
-177.0 -264.0 -348.0 -412.0 -452.0 -478.0 -506.0 
-528.0 -519.0 -482.0 -439.0 -406.0 -363.0 -289.0 
-199.0 -131.0 -98.0 -43.0 23.0 71.0 127.0 
169.0 164.0 139.0 89.0 -12.0 -142.0 -272.0 
-408.0 -527.0 -597.0 -659.0 -734.0 -785.0 -796.0 
-761.0 -688.0 -611.0 -535.0 -453.0 -361.0 -262.0 
-164.0 -96.0 -78.0 -90.0 -93.0 -94.0 -106.0 
-131.0 -164.0 -183.0 -196.0 -189.0 -162.0 -151.0 
-149.0 -164.0 -208.0 -227.0 -221.0 -241.0 -280.0 
-319.0 -352.0 -379.0 -414.0 -443.0 -435.0 -409.0 
-378.0 -332.0 -292.0 -272.0 -232.0 -171.0 -124.0 
-99.0 -68.0 -20.0 11.0 20.0 32.0 50.0 
66.0 73.0 76.0 69.0 81.0 129.0 166.0 
187.0 237.0 303.0 345.0 404.0 498.0 569.0 
614.0 659.0 694.0 716.0 732.0 734.0 738.0 
723.0 646.0 555.0 504.0 467.0 401.0 313.0 
253.0 253.0 292.0 309.0 296.0 306.0 351.0 
418.0 482.0 534.0 577.0 619.0 646.0 662.0 
696.0 717.0 702.0 686.0 670.0 638.0 583.0 
513.0 432.0 310.0 172.0 57.0 -50.0 -180.0 
-325.0 -440.0 -530.0 -628.0 -717.0 -755.0 -751.0 
-733.0 -691.0 -629.0 -563.0 -496.0 -431.0 -374.0 
-288.0 -166.0 -87.0 -69.0 -57.0 -22.0 30.0 
88.0 127.0 148.0 174.0 188.0 174.0 152.0 
132.0 94.0 46.0 -2.0 -71.0 -145.0 -205.0 
-267.0 -349.0 -427.0 -480.0 -512.0 -534.0 -534.0 
-505.0 -439.0 -350.0 -278.0 -241.0 -239.0 -248.0 
-233.0 -198.0 -175.0 -172.0 -181.0 -195.0 -211.0 
-248.0 -291.0 -326.0 -364.0 -392.0 -402.0 -406.0 
-418.0 -421.0 -409.0 -398.0 -380.0 -357.0 -335.0 
-306.0 -260.0 -198.0 -118.0 -8.0 110.0 202.0 
290.0 389.0 492.0 579.0 635.0 675.0 686.0 
653.0 607.0 552.0 469.0 376.0 272.0 166.0 
98.0 47.0 -10.0 -75.0 -137.0 -165.0 -113.0 
-16.0 54.0 117.0 185.0 251.0 323.0 391.0 
428.0 440.0 445.0 453.0 423.0 375.0 357.0 
342.0 318.0 302.0 272.0 196.0 94.0 16.0 
-23.0 -67.0 -124.0 -167.0 -169.0 -145.0 -124.0 
-108.0 -78.0 -5.0 73.0 137.0 211.0 267.0 
299.0 323.0 338.0 341.0 305.0 227.0 180.0 
161.0 137.0 123.0 101.0 58.0 31.0 24.0 
-18.0 -90.0 -125.0 -142.0 -174.0 -213.0 -240.0 
-246.0 -228.0 -209.0 -222.0 -235.0 -218.0 -195.0 
-159.0 -119.0 -89.0 -49.0 -13.0 0.0 12.0 
45.0 80.0 80.0 46.0 16.0 -8.0 -34.0 
-48.0 -49.0 -66.0 -86.0 -83.0 -64.0 -58.0 
-59.0 -47.0 -62.0 -109.0 -139.0 -160.0 -194.0 
-204.0 -178.0 -180.0 -213.0 -224.0 -220.0 -218.0 
-233.0 -243.0 -210.0 -176.0 -162.0 -136.0 -108.0 
-86.0 -44.0 37.0 117.0 149.0 172.0 225.0 
274.0 301.0 308.0 299.0 288.0 277.0 257.0 
217.0 172.0 161.0 161.0 126.0 88.0 79.0 
83.0 70.0 40.0 37.0 49.0 40.0 27.0 
34.0 33.0 18.0 23.0 50.0 61.0 84.0 
129.0 142.0 119.0 113.0 132.0 152.0 166.0 
166.0 138.0 88.0 28.0 -46.0 -126.0 -201.0 
-280.0 -351.0 -417.0 -482.0 -510.0 -508.0 -521.0 
-563.0 -590.0 -578.0 -570.0 -573.0 -542.0 -484.0 
-447.0 -417.0 -352.0 -253.0 -172.0 -128.0 -92.0 
-58.0 -25.0 2.0 11.0 -2.0 -33.0 -42.0 
-22.0 -2.0 24.0 83.0 141.0 182.0 228.0 
286.0 350.0 409.0 470.0 545.0 611.0 659.0 
698.0 724.0 727.0 705.0 661.0 598.0 530.0 
470.0 381.0 274.0 202.0 130.0 12.0 -106.0 
-152.0 -154.0 -165.0 -161.0 -139.0 -134.0 -136.0 
-107.0 -51.0 0.0 30.0 59.0 102.0 135.0 
136.0 125.0 106.0 74.0 43.0 9.0 -43.0 
-109.0 -162.0 -173.0 -151.0 -138.0 -130.0 -105.0 
-66.0 1.0 85.0 152.0 222.0 316.0 409.0 
485.0 548.0 594.0 635.0 674.0 697.0 683.0 
639.0 587.0 524.0 461.0 389.0 282.0 171.0 
73.0 -36.0 -151.0 -239.0 -308.0 -391.0 -467.0 
-504.0 -524.0 -519.0 -469.0 -409.0 -362.0 -285.0 
-171.0 -53.0 29.0 78.0 115.0 152.0 170.0 
153.0 118.0 107.0 114.0 80.0 9.0 -38.0 
-58.0 -90.0 -148.0 -197.0 -215.0 -235.0 -271.0 
-289.0 -283.0 -279.0 -275.0 -275.0 -290.0 -307.0 
-317.0 -338.0 -369.0 -396.0 -418.0 -417.0 -408.0 
-422.0 -438.0 -437.0 -428.0 -409.0 -392.0 -395.0 
-410.0 -436.0 -469.0 -503.0 -541.0 -578.0 -594.0 
-597.0 -620.0 -658.0 -661.0 -629.0 -581.0 -538.0 
-520.0 -529.0 -532.0 -495.0 -466.0 -482.0 -495.0 
-481.0 -463.0 -452.0 -427.0 -355.0 -260.0 -181.0 
-113.0 -34.0 58.0 163.0 282.0 391.0 483.0 
586.0 714.0 830.0 919.0 1001.0 1099.0 1188.0 
1246.0 1298.0 1347.0 1355.0 1333.0 1300.0 1265.0 
1233.0 1175.0 1112.0 1063.0 1010.0 949.0 891.0 
842.0 792.0 736.0 687.0 652.0 641.0 638.0 
606.0 567.0 561.0 558.0 535.0 510.0 481.0 
444.0 386.0 298.0 216.0 157.0 91.0 6.0 
-89.0 -219.0 -349.0 -424.0 -483.0 -565.0 -641.0 
-699.0 -757.0 -810.0 -848.0 -872.0 -886.0 -873.0 
-826.0 -743.0 -657.0 -575.0 -471.0 -355.0 -248.0 
-150.0 -53.0 32.0 99.0 155.0 178.0 162.0 
118.0 59.0 0.0 -63.0 -143.0 -220.0 -283.0 
-343.0 -404.0 -464.0 -515.0 -550.0 -570.0 -579.0 
-596.0 -623.0 -651.0 -675.0 -679.0 -694.0 -718.0 
-725.0 -733.0 -749.0 -754.0 -762.0 -786.0 -793.0 
-765.0 -732.0 -694.0 -623.0 -545.0 -497.0 -443.0 
-374.0 -326.0 -281.0 -212.0 -124.0 -32.0 56.0 
149.0 248.0 360.0 479.0 587.0 688.0 768.0 
834.0 926.0 1028.0 1113.0 1173.0 1222.0 1288.0 
1346.0 1376.0 1390.0 1372.0 1330.0 1286.0 1243.0 
1180.0 1094.0 1023.0 968.0 900.0 829.0 762.0 
722.0 688.0 623.0 547.0 472.0 395.0 327.0 
264.0 177.0 70.0 -24.0 -95.0 -166.0 -247.0 
-314.0 -359.0 -396.0 -410.0 -396.0 -388.0 -385.0 
-328.0 -222.0 -147.0 -107.0 -49.0 -5.0 -17.0 
-43.0 -46.0 -71.0 -150.0 -273.0 -409.0 -537.0 
-669.0 -809.0 -940.0 -1083.0 -1226.0 -1336.0 -1426.0 
-1528.0 -1612.0 -1630.0 -1609.0 -1566.0 -1477.0 -1366.0 
-1247.0 -1080.0 -875.0 -691.0 -555.0 -429.0 -282.0 
-152.0 -72.0 -4.0 98.0 206.0 264.0 265.0 
262.0 265.0 252.0 248.0 244.0 234.0 241.0 
262.0 280.0 321.0 405.0 514.0 613.0 690.0 
764.0 852.0 949.0 1039.0 1109.0 1158.0 1197.0 
1228.0 1237.0 1224.0 1204.0 1160.0 1081.0 998.0 
926.0 849.0 743.0 620.0 500.0 390.0 281.0 
180.0 130.0 109.0 32.0 -62.0 -91.0 -81.0 
-69.0 -69.0 -90.0 -104.0 -101.0 -113.0 -138.0 
-162.0 -184.0 -193.0 -203.0 -202.0 -160.0 -121.0 
-105.0 -79.0 -34.0 -5.0 7.0 41.0 77.0 
85.0 94.0 100.0 70.0 35.0 0.0 -61.0 
-132.0 -202.0 -275.0 -334.0 -378.0 -417.0 -447.0 
-465.0 -478.0 -489.0 -496.0 -509.0 -536.0 -552.0 
-556.0 -602.0 -677.0 -713.0 -725.0 -736.0 -746.0 
-768.0 -780.0 -759.0 -716.0 -655.0 -581.0 -489.0 
-385.0 -287.0 -197.0 -109.0 0.0 119.0 204.0 
260.0 329.0 402.0 459.0 504.0 536.0 536.0 
499.0 444.0 381.0 319.0 250.0 164.0 83.0 
26.0 -40.0 -138.0 -223.0 -265.0 -306.0 -342.0 
-343.0 -329.0 -309.0 -283.0 -268.0 -254.0 -219.0 
-175.0 -128.0 -78.0 -38.0 -5.0 30.0 70.0 
104.0 117.0 122.0 119.0 101.0 93.0 69.0 
17.0 -14.0 -41.0 -83.0 -100.0 -88.0 -84.0 
-75.0 -48.0 1.0 69.0 142.0 222.0 306.0 
399.0 482.0 549.0 614.0 670.0 712.0 741.0 
752.0 757.0 764.0 750.0 725.0 703.0 675.0 
621.0 556.0 495.0 422.0 344.0 261.0 168.0 
76.0 -26.0 -133.0 -210.0 -257.0 -296.0 -313.0 
-317.0 -331.0 -338.0 -321.0 -274.0 -189.0 -93.0 
-2.0 104.0 220.0 313.0 390.0 466.0 524.0 
555.0 576.0 567.0 527.0 480.0 434.0 383.0 
308.0 240.0 208.0 172.0 124.0 106.0 119.0 
129.0 147.0 181.0 228.0 310.0 394.0 454.0 
500.0 525.0 536.0 542.0 557.0 552.0 491.0 
414.0 331.0 223.0 110.0 3.0 -113.0 -257.0 
-408.0 -530.0 -632.0 -725.0 -789.0 -834.0 -869.0 
-874.0 -859.0 -857.0 -853.0 -814.0 -762.0 -729.0 
-707.0 -663.0 -619.0 -609.0 -605.0 -579.0 -538.0 
-522.0 -536.0 -561.0 -600.0 -631.0 -661.0 -731.0 
-837.0 -934.0 -1005.0 -1087.0 -1192.0 -1274.0 -1318.0 
-1357.0 -1374.0 -1361.0 -1349.0 -1316.0 -1232.0 -1120.0 
-997.0 -861.0 -719.0 -581.0 -432.0 -260.0 -88.0 
50.0 185.0 323.0 432.0 516.0 603.0 688.0 
741.0 774.0 807.0 822.0 831.0 867.0 910.0 
927.0 942.0 966.0 1001.0 1050.0 1101.0 1135.0 
1143.0 1150.0 1171.0 1176.0 1166.0 1161.0 1153.0 
1130.0 1076.0 1000.0 954.0 935.0 882.0 800.0 
743.0 725.0 711.0 688.0 656.0 639.0 641.0 
625.0 590.0 576.0 594.0 619.0 635.0 620.0 
600.0 592.0 581.0 542.0 486.0 437.0 398.0 
349.0 288.0 207.0 122.0 53.0 -15.0 -88.0 
-142.0 -185.0 -228.0 -259.0 -275.0 -295.0 -337.0 
-386.0 -419.0 -443.0 -493.0 -568.0 -636.0 -711.0 
-796.0 -858.0 -910.0 -964.0 -1002.0 -1008.0 -987.0 
-951.0 -896.0 -817.0 -747.0 -682.0 -601.0 -515.0 
-438.0 -385.0 -339.0 -293.0 -266.0 -251.0 -231.0 
-205.0 -193.0 -214.0 -254.0 -290.0 -342.0 -409.0 
-466.0 -524.0 -576.0 -623.0 -677.0 -710.0 -708.0 
-705.0 -716.0 -708.0 -674.0 -624.0 -555.0 -486.0 
-424.0 -340.0 -243.0 -170.0 -125.0 -73.0 -6.0 
40.0 67.0 90.0 108.0 127.0 160.0 192.0 
200.0 208.0 248.0 298.0 335.0 369.0 416.0 
499.0 596.0 633.0 635.0 671.0 707.0 720.0 
739.0 747.0 735.0 738.0 733.0 696.0 669.0 
664.0 634.0 578.0 544.0 526.0 487.0 431.0 
365.0 293.0 236.0 187.0 109.0 12.0 -57.0 
-77.0 -91.0 -129.0 -159.0 -153.0 -153.0 -151.0 
-113.0 -87.0 -91.0 -77.0 -46.0 -42.0 -60.0 
-60.0 -26.0 11.0 28.0 55.0 87.0 105.0 
126.0 158.0 173.0 194.0 221.0 238.0 233.0 
204.0 163.0 135.0 104.0 40.0 -24.0 -54.0 
-83.0 -138.0 -198.0 -258.0 -309.0 -335.0 -352.0 
-371.0 -362.0 -347.0 -341.0 -333.0 -317.0 -273.0 
-167.0 -62.0 -10.0 34.0 105.0 201.0 296.0 
372.0 445.0 514.0 556.0 565.0 559.0 555.0 
549.0 533.0 495.0 438.0 385.0 318.0 220.0 
119.0 42.0 -27.0 -105.0 -176.0 -240.0 -292.0 
-332.0 -370.0 -391.0 -377.0 -358.0 -357.0 -351.0 
-324.0 -295.0 -286.0 -304.0 -339.0 -365.0 -378.0 
-395.0 -420.0 -442.0 -460.0 -476.0 -470.0 -436.0 
-396.0 -352.0 -292.0 -231.0 -172.0 -93.0 6.0 
105.0 179.0 228.0 264.0 292.0 300.0 287.0 
280.0 273.0 254.0 231.0 196.0 161.0 137.0 
125.0 138.0 155.0 149.0 140.0 141.0 140.0 
131.0 118.0 101.0 64.0 13.0 -25.0 -61.0 
-125.0 -204.0 -260.0 -321.0 -407.0 -475.0 -497.0 
-489.0 -464.0 -451.0 -444.0 -412.0 -351.0 -262.0 
-155.0 -61.0 31.0 142.0 239.0 322.0 424.0 
509.0 544.0 551.0 551.0 557.0 565.0 543.0 
499.0 463.0 450.0 444.0 441.0 439.0 429.0 
403.0 369.0 356.0 365.0 359.0 329.0 290.0 
249.0 225.0 196.0 141.0 84.0 32.0 -13.0 
-41.0 -69.0 -116.0 -160.0 -190.0 -210.0 -218.0 
-249.0 -296.0 -315.0 -304.0 -297.0 -308.0 -307.0 
-290.0 -261.0 -215.0 -170.0 -113.0 -50.0 -7.0 
24.0 53.0 94.0 156.0 187.0 175.0 166.0 
174.0 162.0 126.0 94.0 70.0 36.0 -8.0 
-47.0 -71.0 -99.0 -132.0 -172.0 -234.0 -264.0 
-239.0 -230.0 -261.0 -273.0 -259.0 -250.0 -243.0 
-208.0 -163.0 -155.0 -178.0 -181.0 -150.0 -125.0 
-123.0 -116.0 -94.0 -66.0 -32.0 0.0 12.0 
16.0 42.0 70.0 73.0 64.0 47.0 -2.0 
-70.0 -124.0 -172.0 -225.0 -278.0 -330.0 -377.0 
-415.0 -436.0 -431.0 -411.0 -380.0 -324.0 -253.0 
-189.0 -115.0 -31.0 51.0 136.0 226.0 326.0 
424.0 510.0 591.0 665.0 727.0 780.0 824.0 
838.0 828.0 811.0 789.0 754.0 711.0 668.0 
617.0 568.0 527.0 475.0 423.0 387.0 348.0 
292.0 249.0 229.0 190.0 136.0 107.0 91.0 
58.0 16.0 -18.0 -63.0 -105.0 -134.0 -182.0 
-249.0 -295.0 -317.0 -318.0 -307.0 -307.0 -328.0 
-335.0 -312.0 -293.0 -305.0 -325.0 -338.0 -369.0 
-416.0 -472.0 -539.0 -600.0 -653.0 -702.0 -724.0 
-729.0 -755.0 -786.0 -786.0 -779.0 -778.0 -781.0 
-786.0 -774.0 -772.0 -794.0 -794.0 -761.0 -729.0 
-705.0 -663.0 -591.0 -512.0 -440.0 -351.0 -212.0 
-53.0 89.0 215.0 344.0 489.0 630.0 761.0 
889.0 1019.0 1140.0 1235.0 1312.0 1377.0 1414.0 
1422.0 1414.0 1385.0 1330.0 1260.0 1185.0 1104.0 
1010.0 920.0 845.0 765.0 679.0 614.0 566.0 
527.0 503.0 485.0 464.0 452.0 450.0 435.0 
396.0 370.0 354.0 306.0 235.0 160.0 89.0 
21.0 -45.0 -125.0 -203.0 -252.0 -302.0 -364.0 
-428.0 -479.0 -515.0 -549.0 -597.0 -642.0 -663.0 
-675.0 -695.0 -711.0 -715.0 -698.0 -660.0 -622.0 
-595.0 -554.0 -498.0 -450.0 -423.0 -429.0 -430.0 
-403.0 -384.0 -379.0 -378.0 -368.0 -358.0 -370.0 
-373.0 -366.0 -374.0 -387.0 -398.0 -420.0 -475.0 
-542.0 -596.0 -647.0 -694.0 -725.0 -754.0 -760.0 
-706.0 -631.0 -560.0 -476.0 -383.0 -264.0 -129.0 
-9.0 97.0 200.0 294.0 369.0 422.0 461.0 
483.0 500.0 502.0 470.0 431.0 404.0 371.0 
324.0 274.0 220.0 161.0 119.0 96.0 83.0 
58.0 30.0 20.0 18.0 23.0 26.0 19.0 
10.0 8.0 36.0 87.0 122.0 137.0 174.0 
237.0 301.0 350.0 396.0 447.0 507.0 577.0 
634.0 664.0 686.0 718.0 751.0 785.0 829.0 
857.0 863.0 863.0 843.0 824.0 818.0 788.0 
748.0 713.0 664.0 625.0 605.0 584.0 539.0 
479.0 444.0 422.0 385.0 331.0 274.0 223.0 
177.0 120.0 43.0 -20.0 -59.0 -93.0 -135.0 
-175.0 -201.0 -210.0 -232.0 -265.0 -259.0 -223.0 
-198.0 -202.0 -227.0 -253.0 -265.0 -265.0 -263.0 
-279.0 -299.0 -297.0 -306.0 -347.0 -391.0 -412.0 
-437.0 -494.0 -554.0 -587.0 -606.0 -639.0 -668.0 
-686.0 -722.0 -768.0 -811.0 -845.0 -867.0 -888.0 
-913.0 -946.0 -974.0 -985.0 -990.0 -987.0 -971.0 
-950.0 -914.0 -858.0 -786.0 -686.0 -591.0 -524.0 
-421.0 -255.0 -113.0 -37.0 41.0 153.0 264.0 
336.0 366.0 372.0 386.0 417.0 441.0 450.0 
456.0 478.0 501.0 498.0 490.0 515.0 555.0 
570.0 574.0 600.0 627.0 633.0 639.0 664.0 
687.0 694.0 692.0 679.0 642.0 593.0 558.0 
523.0 471.0 431.0 410.0 379.0 339.0 307.0 
267.0 198.0 129.0 76.0 15.0 -71.0 -158.0 
-200.0 -211.0 -233.0 -267.0 -294.0 -302.0 -301.0 
-297.0 -284.0 -258.0 -229.0 -203.0 -172.0 -138.0 
-105.0 -66.0 -23.0 25.0 92.0 161.0 204.0 
247.0 288.0 288.0 256.0 234.0 215.0 162.0 
82.0 1.0 -58.0 -107.0 -160.0 -205.0 -227.0 
-227.0 -198.0 -170.0 -158.0 -117.0 -30.0 50.0 
88.0 130.0 210.0 280.0 305.0 302.0 304.0 
314.0 305.0 275.0 238.0 215.0 202.0 182.0 
173.0 165.0 137.0 123.0 145.0 162.0 171.0 
180.0 178.0 171.0 187.0 208.0 201.0 192.0 
191.0 175.0 144.0 109.0 60.0 -10.0 -78.0 
-143.0 -226.0 -306.0 -370.0 -423.0 -453.0 -463.0 
-467.0 -463.0 -442.0 -414.0 -375.0 -310.0 -252.0 
-210.0 -164.0 -108.0 -54.0 -14.0 11.0 31.0 
45.0 44.0 30.0 -4.0 -52.0 -96.0 -156.0 
-241.0 -304.0 -347.0 -419.0 -506.0 -568.0 -614.0 
-656.0 -699.0 -727.0 -723.0 -687.0 -631.0 -574.0 
-539.0 -499.0 -426.0 -340.0 -273.0 -219.0 -144.0 
-42.0 45.0 103.0 158.0 217.0 275.0 328.0 
377.0 427.0 476.0 522.0 559.0 571.0 568.0 
564.0 551.0 522.0 479.0 418.0 341.0 271.0 
206.0 129.0 78.0 67.0 70.0 70.0 79.0 
100.0 116.0 134.0 166.0 196.0 215.0 220.0 
206.0 177.0 161.0 169.0 152.0 126.0 134.0 
141.0 123.0 129.0 164.0 189.0 196.0 202.0 
222.0 239.0 242.0 254.0 294.0 333.0 348.0 
360.0 381.0 401.0 425.0 468.0 519.0 558.0 
587.0 621.0 655.0 658.0 634.0 593.0 550.0 
517.0 477.0 399.0 288.0 177.0 81.0 -2.0 
-95.0 -209.0 -315.0 -397.0 -473.0 -559.0 -630.0 
-682.0 -731.0 -765.0 -776.0 -763.0 -750.0 -754.0 
-754.0 -734.0 -692.0 -664.0 -663.0 -659.0 -655.0 
-649.0 -631.0 -604.0 -568.0 -513.0 -446.0 -376.0 
-313.0 -261.0 -215.0 -159.0 -106.0 -81.0 -65.0 
-32.0 13.0 38.0 45.0 63.0 101.0 147.0 
182.0 207.0 243.0 295.0 338.0 372.0 395.0 
390.0 363.0 339.0 299.0 226.0 157.0 117.0 
82.0 35.0 -10.0 -45.0 -78.0 -110.0 -133.0 
-137.0 -137.0 -136.0 -118.0 -88.0 -67.0 -72.0 
-63.0 0.0 68.0 94.0 118.0 151.0 169.0 
191.0 222.0 233.0 223.0 223.0 234.0 215.0 
188.0 193.0 201.0 201.0 201.0 207.0 225.0 
250.0 277.0 317.0 385.0 448.0 485.0 537.0 
586.0 605.0 618.0 642.0 645.0 613.0 586.0 
574.0 527.0 433.0 341.0 255.0 152.0 28.0 
-92.0 -190.0 -287.0 -401.0 -490.0 -542.0 -603.0 
-661.0 -677.0 -672.0 -661.0 -652.0 -644.0 -626.0 
-585.0 -534.0 -493.0 -463.0 -426.0 -376.0 -336.0 
-312.0 -270.0 -197.0 -128.0 -84.0 -29.0 32.0 
74.0 100.0 130.0 170.0 205.0 212.0 194.0 
175.0 164.0 142.0 111.0 79.0 53.0 32.0 
10.0 -14.0 -31.0 -26.0 -5.0 2.0 -9.0 
-1.0 10.0 1.0 -14.0 -33.0 -49.0 -64.0 
-77.0 -94.0 -113.0 -129.0 -142.0 -154.0 -161.0 
-163.0 -182.0 -200.0 -186.0 -173.0 -173.0 -174.0 
-175.0 -160.0 -139.0 -130.0 -132.0 -121.0 -88.0 
-46.0 -9.0 14.0 47.0 72.0 88.0 118.0 
150.0 158.0 164.0 180.0 197.0 213.0 198.0 
150.0 117.0 115.0 114.0 115.0 138.0 162.0 
181.0 225.0 277.0 332.0 390.0 437.0 478.0 
511.0 533.0 554.0 556.0 537.0 532.0 548.0 
538.0 513.0 505.0 491.0 447.0 400.0 373.0 
340.0 303.0 267.0 232.0 196.0 138.0 83.0 
48.0 2.0 -53.0 -95.0 -142.0 -211.0 -289.0 
-346.0 -382.0 -433.0 -493.0 -528.0 -553.0 -576.0 
-585.0 -577.0 -545.0 -486.0 -428.0 -388.0 -329.0 
-254.0 -169.0 -68.0 28.0 89.0 140.0 208.0 
267.0 295.0 304.0 300.0 289.0 270.0 236.0 
194.0 143.0 86.0 26.0 -23.0 -44.0 -70.0 
-120.0 -153.0 -164.0 -169.0 -180.0 -193.0 -189.0 
-174.0 -158.0 -140.0 -129.0 -109.0 -101.0 -126.0 
-134.0 -104.0 -83.0 -90.0 -108.0 -128.0 -159.0 
-211.0 -266.0 -313.0 -357.0 -410.0 -476.0 -540.0 
-596.0 -642.0 -666.0 -662.0 -636.0 -597.0 -556.0 
-508.0 -444.0 -371.0 -294.0 -219.0 -144.0 -58.0 
32.0 118.0 189.0 258.0 312.0 342.0 375.0 
417.0 455.0 475.0 482.0 509.0 551.0 576.0 
589.0 608.0 628.0 632.0 628.0 621.0 599.0 
568.0 543.0 513.0 484.0 472.0 458.0 426.0 
397.0 383.0 359.0 313.0 269.0 245.0 228.0 
189.0 127.0 72.0 15.0 -49.0 -109.0 -161.0 
-195.0 -209.0 -209.0 -197.0 -179.0 -132.0 -85.0 
-55.0 -20.0 17.0 49.0 70.0 63.0 72.0 
112.0 133.0 131.0 118.0 85.0 52.0 53.0 
80.0 88.0 57.0 33.0 32.0 30.0 19.0 
-4.0 -26.0 -38.0 -58.0 -84.0 -107.0 -109.0 
-101.0 -95.0 -84.0 -63.0 -48.0 -53.0 -46.0 
-13.0 15.0 27.0 28.0 19.0 10.0 -5.0 
-40.0 -89.0 -130.0 -169.0 -199.0 -209.0 -231.0 
-271.0 -301.0 -333.0 -368.0 -379.0 -386.0 -406.0 
-415.0 -411.0 -404.0 -405.0 -419.0 -447.0 -480.0 
-516.0 -544.0 -549.0 -544.0 -525.0 -489.0 -445.0 
-400.0 -341.0 -257.0 -160.0 -71.0 0.0 50.0 
88.0 118.0 138.0 147.0 145.0 145.0 145.0 
142.0 140.0 123.0 125.0 160.0 193.0 225.0 
250.0 265.0 285.0 299.0 323.0 352.0 365.0 
376.0 389.0 400.0 402.0 384.0 357.0 336.0 
328.0 313.0 271.0 226.0 200.0 169.0 125.0 
96.0 93.0 104.0 113.0 115.0 126.0 162.0 
213.0 262.0 303.0 319.0 329.0 365.0 406.0 
426.0 426.0 430.0 444.0 438.0 412.0 384.0 
350.0 313.0 273.0 219.0 142.0 55.0 -14.0 
-73.0 -149.0 -222.0 -263.0 -304.0 -361.0 -393.0 
-407.0 -426.0 -417.0 -385.0 -367.0 -368.0 -366.0 
-355.0 -335.0 -331.0 -344.0 -342.0 -339.0 -359.0 
-354.0 -310.0 -271.0 -242.0 -218.0 -193.0 -149.0 
-95.0 -40.0 -3.0 6.0 27.0 68.0 84.0 
80.0 97.0 119.0 122.0 123.0 128.0 135.0 
145.0 155.0 150.0 153.0 177.0 195.0 203.0 
226.0 262.0 295.0 307.0 304.0 310.0 307.0 
288.0 264.0 228.0 173.0 112.0 52.0 1.0 
-35.0 -61.0 -80.0 -73.0 -68.0 -84.0 -91.0 
-82.0 -82.0 -83.0 -76.0 -80.0 -97.0 -114.0 
-110.0 -81.0 -60.0 -49.0 -29.0 -5.0 10.0 
27.0 45.0 42.0 28.0 16.0 -8.0 -50.0 
-121.0 -213.0 -303.0 -399.0 -490.0 -566.0 -650.0 
-729.0 -776.0 -817.0 -858.0 -881.0 -886.0 -855.0 
-809.0 -764.0 -697.0 -603.0 -495.0 -396.0 -294.0 
-172.0 -51.0 49.0 140.0 226.0 318.0 414.0 
489.0 539.0 586.0 617.0 633.0 653.0 678.0 
693.0 701.0 716.0 743.0 766.0 783.0 795.0 
810.0 832.0 833.0 810.0 789.0 759.0 690.0 
604.0 534.0 467.0 374.0 254.0 135.0 39.0 
-43.0 -153.0 -279.0 -382.0 -454.0 -513.0 -565.0 
-595.0 -592.0 -572.0 -536.0 -481.0 -405.0 -311.0 
-209.0 -114.0 -20.0 80.0 186.0 261.0 281.0 
277.0 278.0 277.0 236.0 151.0 70.0 2.0 
-67.0 -142.0 -223.0 -288.0 -333.0 -372.0 -409.0 
-436.0 -444.0 -446.0 -468.0 -484.0 -465.0 -435.0 
-409.0 -391.0 -366.0 -310.0 -235.0 -170.0 -115.0 
-51.0 33.0 107.0 157.0 208.0 259.0 283.0 
294.0 304.0 299.0 294.0 276.0 231.0 187.0 
150.0 106.0 60.0 13.0 -44.0 -98.0 -132.0 
-154.0 -190.0 -225.0 -215.0 -189.0 -181.0 -160.0 
-120.0 -66.0 2.0 69.0 110.0 154.0 233.0 
303.0 344.0 394.0 458.0 504.0 531.0 551.0 
557.0 562.0 566.0 533.0 460.0 377.0 304.0 
237.0 153.0 60.0 -26.0 -115.0 -198.0 -278.0 
-351.0 -391.0 -414.0 -441.0 -452.0 -446.0 -432.0 
-408.0 -362.0 -321.0 -302.0 -287.0 -270.0 -244.0 
-204.0 -165.0 -133.0 -96.0 -50.0 -9.0 28.0 
61.0 99.0 143.0 176.0 206.0 221.0 206.0 
179.0 152.0 107.0 42.0 -34.0 -107.0 -155.0 
-198.0 -254.0 -308.0 -347.0 -370.0 -383.0 -401.0 
-400.0 -375.0 -346.0 -302.0 -241.0 -179.0 -112.0 
-39.0 22.0 93.0 183.0 255.0 294.0 322.0 
368.0 417.0 440.0 449.0 478.0 521.0 562.0 
605.0 653.0 703.0 746.0 783.0 816.0 834.0 
841.0 849.0 878.0 915.0 927.0 912.0 878.0 
827.0 772.0 710.0 621.0 493.0 359.0 246.0 
108.0 -72.0 -231.0 -355.0 -476.0 -604.0 -722.0 
-799.0 -838.0 -852.0 -840.0 -819.0 -796.0 -751.0 
-683.0 -597.0 -508.0 -429.0 -350.0 -262.0 -184.0 
-146.0 -115.0 -58.0 -28.0 -17.0 -4.0 -25.0 
-76.0 -119.0 -159.0 -225.0 -297.0 -357.0 -426.0 
-497.0 -559.0 -606.0 -640.0 -673.0 -700.0 -720.0 
-732.0 -739.0 -740.0 -719.0 -679.0 -637.0 -588.0 
-524.0 -459.0 -419.0 -370.0 -293.0 -227.0 -187.0 
-133.0 -75.0 -37.0 -7.0 25.0 66.0 103.0 
131.0 146.0 138.0 130.0 140.0 160.0 190.0 
228.0 262.0 292.0 328.0 376.0 445.0 540.0 
638.0 713.0 768.0 819.0 872.0 899.0 901.0 
902.0 884.0 824.0 751.0 688.0 618.0 536.0 
444.0 346.0 262.0 194.0 114.0 40.0 -10.0 
-53.0 -86.0 -101.0 -100.0 -99.0 -92.0 -59.0 
-23.0 9.0 59.0 114.0 155.0 175.0 180.0 
181.0 186.0 189.0 182.0 165.0 141.0 132.0 
140.0 137.0 125.0 120.0 108.0 80.0 51.0 
35.0 13.0 -32.0 -102.0 -196.0 -284.0 -341.0 
-393.0 -451.0 -510.0 -568.0 -610.0 -614.0 -603.0 
-579.0 -539.0 -498.0 -445.0 -361.0 -247.0 -141.0 
-53.0 38.0 137.0 242.0 331.0 387.0 420.0 
423.0 408.0 380.0 333.0 289.0 234.0 156.0 
73.0 -1.0 -60.0 -117.0 -187.0 -263.0 -327.0 
-377.0 -421.0 -458.0 -503.0 -541.0 -549.0 -554.0 
-572.0 -578.0 -552.0 -517.0 -505.0 -510.0 -520.0 
-519.0 -495.0 -474.0 -475.0 -469.0 -435.0 -402.0 
-385.0 -370.0 -348.0 -319.0 -278.0 -225.0 -166.0 
-113.0 -46.0 45.0 147.0 254.0 348.0 432.0 
530.0 650.0 768.0 846.0 892.0 944.0 985.0 
998.0 995.0 987.0 970.0 929.0 866.0 793.0 
713.0 648.0 597.0 513.0 409.0 335.0 273.0 
200.0 131.0 83.0 54.0 33.0 11.0 -6.0 
0.0 13.0 22.0 39.0 63.0 77.0 94.0 
108.0 106.0 92.0 87.0 87.0 64.0 21.0 
-12.0 -47.0 -84.0 -108.0 -121.0 -150.0 -194.0 
-220.0 -240.0 -272.0 -310.0 -349.0 -363.0 -360.0 
-357.0 -351.0 -357.0 -358.0 -339.0 -317.0 -299.0 
-280.0 -254.0 -212.0 -168.0 -140.0 -110.0 -61.0 
-15.0 27.0 89.0 168.0 231.0 273.0 318.0 
359.0 372.0 357.0 347.0 336.0 300.0 253.0 
199.0 130.0 59.0 -6.0 -78.0 -169.0 -272.0 
-368.0 -444.0 -510.0 -565.0 -601.0 -625.0 -632.0 
-607.0 -555.0 -488.0 -418.0 -341.0 -266.0 -189.0 
-102.0 -25.0 34.0 80.0 118.0 153.0 187.0 
217.0 229.0 232.0 242.0 256.0 276.0 297.0 
314.0 323.0 317.0 307.0 299.0 273.0 219.0 
167.0 115.0 36.0 -51.0 -120.0 -175.0 -216.0 
-249.0 -299.0 -350.0 -375.0 -368.0 -363.0 -365.0 
-339.0 -298.0 -281.0 -277.0 -264.0 -219.0 -166.0 
-133.0 -101.0 -53.0 -15.0 19.0 74.0 131.0 
172.0 218.0 266.0 293.0 315.0 340.0 358.0 
365.0 362.0 354.0 342.0 319.0 285.0 238.0 
198.0 183.0 177.0 155.0 135.0 136.0 134.0 
121.0 111.0 119.0 121.0 94.0 73.0 72.0 
45.0 3.0 -24.0 -76.0 -146.0 -193.0 -231.0 
-273.0 -307.0 -332.0 -333.0 -323.0 -334.0 -340.0 
-307.0 -273.0 -254.0 -232.0 -195.0 -146.0 -105.0 
-66.0 -12.0 31.0 69.0 128.0 194.0 236.0 
277.0 339.0 401.0 454.0 501.0 545.0 587.0 
617.0 629.0 612.0 570.0 524.0 489.0 429.0 
337.0 257.0 180.0 106.0 62.0 17.0 -48.0 
-98.0 -130.0 -158.0 -168.0 -171.0 -194.0 -221.0 
-231.0 -238.0 -250.0 -253.0 -265.0 -286.0 -280.0 
-246.0 -211.0 -192.0 -170.0 -119.0 -61.0 -27.0 
-4.0 23.0 51.0 79.0 96.0 98.0 84.0 
59.0 25.0 -21.0 -73.0 -135.0 -194.0 -233.0 
-273.0 -327.0 -378.0 -413.0 -433.0 -450.0 -480.0 
-502.0 -501.0 -475.0 -435.0 -394.0 -350.0 -303.0 
-253.0 -177.0 -91.0 -26.0 16.0 51.0 86.0 
116.0 152.0 187.0 194.0 180.0 170.0 164.0 
154.0 121.0 77.0 53.0 39.0 45.0 73.0 
88.0 95.0 124.0 176.0 208.0 201.0 186.0 
184.0 177.0 132.0 64.0 0.0 -66.0 -151.0 
-231.0 -292.0 -344.0 -379.0 -409.0 -436.0 -419.0 
-363.0 -298.0 -211.0 -92.0 44.0 194.0 342.0 
481.0 623.0 773.0 899.0 983.0 1049.0 1098.0 
1112.0 1091.0 1041.0 977.0 908.0 833.0 758.0 
701.0 639.0 562.0 503.0 462.0 412.0 378.0 
364.0 332.0 286.0 266.0 261.0 246.0 219.0 
178.0 126.0 67.0 29.0 -6.0 -103.0 -219.0 
-311.0 -400.0 -480.0 -555.0 -624.0 -696.0 -776.0 
-829.0 -860.0 -894.0 -923.0 -936.0 -921.0 -887.0 
-863.0 -850.0 -796.0 -706.0 -613.0 -524.0 -447.0 
-374.0 -288.0 -216.0 -178.0 -140.0 -104.0 -106.0 
-143.0 -198.0 -255.0 -305.0 -360.0 -425.0 -483.0 
-529.0 -574.0 -615.0 -636.0 -643.0 -641.0 -608.0 
-552.0 -488.0 -402.0 -287.0 -173.0 -85.0 -5.0 
82.0 146.0 180.0 217.0 271.0 305.0 307.0 
315.0 344.0 379.0 418.0 457.0 478.0 497.0 
558.0 640.0 687.0 711.0 752.0 805.0 854.0 
887.0 904.0 913.0 917.0 914.0 913.0 898.0 
847.0 791.0 749.0 704.0 650.0 599.0 565.0 
539.0 505.0 469.0 432.0 393.0 362.0 331.0 
286.0 240.0 204.0 157.0 96.0 23.0 -57.0 
-140.0 -215.0 -292.0 -384.0 -479.0 -551.0 -614.0 
-683.0 -739.0 -790.0 -844.0 -887.0 -923.0 -939.0 
-931.0 -935.0 -942.0 -929.0 -891.0 -846.0 -811.0 
-765.0 -685.0 -583.0 -489.0 -423.0 -355.0 -260.0 
-172.0 -109.0 -45.0 23.0 76.0 113.0 154.0 
210.0 251.0 255.0 260.0 276.0 273.0 262.0 
283.0 308.0 306.0 309.0 343.0 381.0 394.0 
390.0 396.0 419.0 436.0 455.0 474.0 480.0 
482.0 483.0 473.0 452.0 427.0 411.0 392.0 
354.0 323.0 298.0 234.0 151.0 100.0 52.0 
-5.0 -40.0 -55.0 -64.0 -65.0 -56.0 -49.0 
-48.0 -40.0 -21.0 -12.0 -40.0 -85.0 -134.0 
-180.0 -244.0 -365.0 -473.0 -524.0 -603.0 -694.0 
-729.0 -717.0 -690.0 -658.0 -609.0 -520.0 -403.0 
-264.0 -108.0 46.0 207.0 367.0 503.0 617.0 
707.0 791.0 872.0 918.0 920.0 878.0 817.0 
757.0 688.0 603.0 509.0 429.0 357.0 263.0 
165.0 98.0 52.0 19.0 -12.0 -59.0 -81.0 
-75.0 -80.0 -80.0 -75.0 -79.0 -77.0 -80.0 
-92.0 -103.0 -111.0 -113.0 -123.0 -146.0 -170.0 
-210.0 -271.0 -327.0 -374.0 -417.0 -463.0 -501.0 
-522.0 -548.0 -580.0 -605.0 -631.0 -637.0 -628.0 
-639.0 -643.0 -616.0 -589.0 -579.0 -588.0 -586.0 
-552.0 -521.0 -494.0 -469.0 -442.0 -401.0 -356.0 
-329.0 -287.0 -211.0 -146.0 -108.0 -62.0 1.0 
63.0 102.0 127.0 173.0 215.0 222.0 239.0 
269.0 274.0 272.0 292.0 307.0 305.0 316.0 
347.0 380.0 406.0 429.0 475.0 539.0 585.0 
601.0 618.0 657.0 714.0 749.0 750.0 751.0 
753.0 742.0 719.0 675.0 614.0 541.0 458.0 
377.0 290.0 200.0 125.0 73.0 41.0 19.0 
2.0 -1.0 -5.0 0.0 16.0 37.0 38.0 
8.0 -8.0 -12.0 -57.0 -135.0 -206.0 -267.0 
-336.0 -428.0 -522.0 -600.0 -654.0 -683.0 -708.0 
-741.0 -748.0 -702.0 -629.0 -570.0 -519.0 -438.0 
-324.0 -215.0 -128.0 -37.0 69.0 162.0 226.0 
274.0 306.0 323.0 347.0 366.0 343.0 286.0 
232.0 202.0 179.0 146.0 111.0 84.0 57.0 
17.0 -15.0 -40.0 -76.0 -116.0 -134.0 -147.0 
-167.0 -178.0 -189.0 -199.0 -202.0 -215.0 -230.0 
-220.0 -201.0 -205.0 -200.0 -163.0 -102.0 -39.0 
7.0 54.0 111.0 156.0 172.0 192.0 226.0 
248.0 254.0 264.0 281.0 284.0 277.0 274.0 
259.0 222.0 200.0 196.0 193.0 180.0 160.0 
141.0 129.0 134.0 123.0 87.0 59.0 47.0 
42.0 39.0 42.0 61.0 79.0 87.0 108.0 
157.0 206.0 237.0 273.0 319.0 352.0 378.0 
411.0 444.0 475.0 519.0 548.0 539.0 523.0 
509.0 481.0 447.0 403.0 347.0 287.0 208.0 
124.0 53.0 -12.0 -80.0 -152.0 -230.0 -312.0 
-404.0 -482.0 -543.0 -600.0 -658.0 -711.0 -763.0 
-814.0 -848.0 -860.0 -871.0 -902.0 -928.0 -913.0 
-895.0 -888.0 -873.0 -861.0 -840.0 -800.0 -753.0 
-720.0 -697.0 -647.0 -566.0 -503.0 -461.0 -408.0 
-352.0 -294.0 -225.0 -151.0 -77.0 -2.0 66.0 
135.0 217.0 289.0 340.0 393.0 449.0 491.0 
506.0 502.0 497.0 497.0 497.0 476.0 451.0 
448.0 464.0 487.0 496.0 511.0 562.0 620.0 
674.0 719.0 767.0 831.0 887.0 907.0 905.0 
903.0 904.0 894.0 861.0 819.0 773.0 717.0 
651.0 584.0 517.0 446.0 371.0 297.0 220.0 
132.0 42.0 -36.0 -100.0 -160.0 -229.0 -310.0 
-387.0 -447.0 -496.0 -551.0 -606.0 -637.0 -650.0 
-639.0 -604.0 -560.0 -504.0 -425.0 -324.0 -211.0 
-102.0 0.0 100.0 192.0 275.0 344.0 380.0 
385.0 391.0 396.0 357.0 269.0 181.0 110.0 
28.0 -62.0 -153.0 -259.0 -365.0 -454.0 -525.0 
-586.0 -621.0 -610.0 -587.0 -570.0 -532.0 -465.0 
-379.0 -272.0 -162.0 -77.0 9.0 100.0 167.0 
213.0 244.0 258.0 240.0 193.0 127.0 43.0 
-65.0 -180.0 -288.0 -390.0 -501.0 -607.0 -682.0 
-730.0 -765.0 -783.0 -777.0 -751.0 -716.0 -648.0 
-535.0 -421.0 -331.0 -228.0 -111.0 -4.0 74.0 
129.0 172.0 209.0 244.0 260.0 244.0 226.0 
217.0 192.0 143.0 93.0 60.0 27.0 -27.0 
-81.0 -102.0 -112.0 -128.0 -136.0 -122.0 -84.0 
-31.0 35.0 110.0 176.0 232.0 307.0 403.0 
486.0 544.0 584.0 612.0 623.0 627.0 626.0 
605.0 564.0 524.0 494.0 459.0 422.0 388.0 
352.0 309.0 266.0 235.0 222.0 217.0 210.0 
208.0 207.0 211.0 218.0 219.0 218.0 214.0 
186.0 142.0 93.0 37.0 -19.0 -75.0 -121.0 
-155.0 -189.0 -219.0 -237.0 -239.0 -217.0 -183.0 
-142.0 -82.0 -13.0 49.0 123.0 219.0 313.0 
390.0 448.0 494.0 537.0 569.0 584.0 577.0 
543.0 494.0 443.0 365.0 268.0 185.0 109.0 
23.0 -74.0 -159.0 -221.0 -284.0 -327.0 -340.0 
-346.0 -353.0 -348.0 -329.0 -320.0 -321.0 -323.0 
-328.0 -334.0 -354.0 -383.0 -401.0 -418.0 -444.0 
-473.0 -513.0 -548.0 -549.0 -530.0 -536.0 -560.0 
-565.0 -561.0 -562.0 -563.0 -555.0 -539.0 -521.0 
-494.0 -477.0 -478.0 -476.0 -462.0 -442.0 -444.0 
-468.0 -499.0 -523.0 -535.0 -546.0 -548.0 -543.0 
-550.0 -543.0 -497.0 -443.0 -379.0 -289.0 -201.0 
-127.0 -42.0 62.0 149.0 221.0 297.0 383.0 
462.0 511.0 554.0 609.0 649.0 662.0 703.0 
773.0 809.0 813.0 829.0 847.0 853.0 853.0 
852.0 842.0 822.0 821.0 841.0 854.0 865.0 
897.0 932.0 948.0 967.0 1000.0 1023.0 1035.0 
1054.0 1065.0 1064.0 1066.0 1071.0 1054.0 1006.0 
950.0 884.0 796.0 695.0 577.0 438.0 291.0 
150.0 30.0 -76.0 -186.0 -291.0 -399.0 -509.0 
-602.0 -684.0 -758.0 -833.0 -899.0 -954.0 -1009.0 
-1053.0 -1090.0 -1112.0 -1095.0 -1062.0 -1042.0 -1013.0 
-956.0 -891.0 -833.0 -788.0 -759.0 -732.0 -702.0 
-685.0 -669.0 -645.0 -628.0 -614.0 -587.0 -548.0 
-506.0 -452.0 -393.0 -334.0 -275.0 -214.0 -147.0 
-86.0 -27.0 47.0 133.0 226.0 314.0 381.0 
434.0 491.0 555.0 609.0 621.0 613.0 617.0 
616.0 604.0 576.0 537.0 507.0 487.0 449.0 
395.0 341.0 282.0 204.0 119.0 25.0 -98.0 
-233.0 -352.0 -464.0 -592.0 -724.0 -832.0 -911.0 
-967.0 -1002.0 -1006.0 -969.0 -903.0 -809.0 -686.0 
-546.0 -373.0 -182.0 -3.0 162.0 320.0 472.0 
607.0 718.0 809.0 883.0 948.0 996.0 1014.0 
1002.0 986.0 977.0 952.0 893.0 814.0 737.0 
666.0 589.0 503.0 416.0 334.0 258.0 182.0 
127.0 102.0 90.0 71.0 49.0 29.0 18.0 
22.0 20.0 0.0 -19.0 -34.0 -47.0 -76.0 
-127.0 -171.0 -207.0 -267.0 -345.0 -413.0 -457.0 
-474.0 -482.0 -497.0 -513.0 -518.0 -506.0 -470.0 
-426.0 -391.0 -337.0 -254.0 -192.0 -148.0 -109.0 
-81.0 -47.0 -14.0 -11.0 -29.0 -43.0 -61.0 
-104.0 -156.0 -196.0 -237.0 -299.0 -368.0 -423.0 
-455.0 -477.0 -502.0 -527.0 -536.0 -520.0 -498.0 
-474.0 -415.0 -328.0 -251.0 -168.0 -67.0 50.0 
187.0 329.0 445.0 556.0 666.0 753.0 816.0 
874.0 896.0 867.0 836.0 788.0 699.0 602.0 
509.0 412.0 311.0 217.0 130.0 50.0 -12.0 
-39.0 -57.0 -78.0 -61.0 -9.0 39.0 99.0 
171.0 237.0 306.0 375.0 434.0 488.0 533.0 
565.0 592.0 598.0 568.0 510.0 435.0 338.0 
224.0 100.0 -25.0 -157.0 -302.0 -440.0 -550.0 
-666.0 -790.0 -887.0 -957.0 -1021.0 -1073.0 -1113.0 
-1131.0 -1119.0 -1080.0 -1020.0 -943.0 -836.0 -725.0 
-634.0 -542.0 -446.0 -351.0 -277.0 -229.0 -191.0 
-158.0 -144.0 -146.0 -153.0 -149.0 -131.0 -108.0 
-79.0 -48.0 -22.0 7.0 63.0 142.0 219.0 
267.0 308.0 382.0 477.0 557.0 622.0 695.0 
773.0 836.0 891.0 957.0 1030.0 1064.0 1052.0 
1039.0 1037.0 1023.0 976.0 912.0 831.0 726.0 
627.0 550.0 478.0 394.0 317.0 257.0 209.0 
172.0 146.0 128.0 93.0 56.0 61.0 61.0 
7.0 -44.0 -60.0 -83.0 -136.0 -202.0 -279.0 
-361.0 -438.0 -518.0 -597.0 -672.0 -745.0 -810.0 
-869.0 -911.0 -932.0 -939.0 -942.0 -932.0 -883.0 
-796.0 -692.0 -586.0 -466.0 -314.0 -161.0 -12.0 
139.0 261.0 364.0 475.0 563.0 604.0 633.0 
663.0 662.0 628.0 583.0 521.0 432.0 347.0 
273.0 175.0 70.0 -10.0 -72.0 -128.0 -168.0 
-188.0 -185.0 -153.0 -106.0 -51.0 20.0 105.0 
211.0 331.0 445.0 548.0 648.0 730.0 773.0 
778.0 766.0 745.0 693.0 612.0 512.0 408.0 
296.0 164.0 32.0 -93.0 -219.0 -332.0 -436.0 
-528.0 -602.0 -656.0 -691.0 -702.0 -677.0 -624.0 
-569.0 -506.0 -418.0 -313.0 -217.0 -142.0 -71.0 
-13.0 21.0 49.0 71.0 64.0 21.0 -31.0 
-94.0 -194.0 -314.0 -429.0 -540.0 -654.0 -759.0 
-833.0 -870.0 -885.0 -878.0 -843.0 -782.0 -697.0 
-586.0 -459.0 -346.0 -232.0 -104.0 14.0 134.0 
262.0 371.0 453.0 508.0 541.0 554.0 557.0 
557.0 540.0 499.0 448.0 389.0 343.0 327.0 
308.0 268.0 233.0 215.0 209.0 206.0 210.0 
212.0 212.0 216.0 204.0 177.0 157.0 141.0 
114.0 65.0 19.0 -1.0 -12.0 -40.0 -80.0 
-101.0 -83.0 -47.0 -8.0 42.0 92.0 139.0 
194.0 251.0 292.0 326.0 354.0 344.0 319.0 
307.0 271.0 178.0 64.0 -40.0 -132.0 -225.0 
-325.0 -414.0 -474.0 -508.0 -518.0 -504.0 -476.0 
-438.0 -377.0 -318.0 -263.0 -184.0 -104.0 -51.0 
-6.0 60.0 128.0 176.0 231.0 290.0 326.0 
362.0 411.0 445.0 461.0 470.0 476.0 472.0 
445.0 415.0 384.0 333.0 276.0 214.0 149.0 
90.0 33.0 -33.0 -101.0 -149.0 -179.0 -182.0 
-165.0 -141.0 -107.0 -69.0 -35.0 16.0 76.0 
122.0 156.0 191.0 237.0 277.0 308.0 338.0 
348.0 327.0 307.0 296.0 278.0 227.0 172.0 
131.0 62.0 -40.0 -146.0 -251.0 -361.0 -473.0 
-596.0 -712.0 -807.0 -896.0 -984.0 -1083.0 -1169.0 
-1195.0 -1182.0 -1173.0 -1162.0 -1136.0 -1075.0 -981.0 
-874.0 -766.0 -659.0 -537.0 -415.0 -299.0 -174.0 
-60.0 37.0 125.0 211.0 294.0 365.0 443.0 
521.0 580.0 650.0 733.0 788.0 812.0 836.0 
860.0 885.0 905.0 903.0 886.0 863.0 850.0 
842.0 831.0 807.0 778.0 772.0 777.0 767.0 
751.0 745.0 756.0 755.0 718.0 670.0 639.0 
608.0 567.0 515.0 449.0 373.0 305.0 236.0 
173.0 119.0 72.0 29.0 -12.0 -36.0 -33.0 
-51.0 -96.0 -126.0 -145.0 -189.0 -259.0 -325.0 
-381.0 -448.0 -527.0 -603.0 -676.0 -757.0 -833.0 
-887.0 -907.0 -911.0 -919.0 -897.0 -831.0 -751.0 
-646.0 -517.0 -401.0 -293.0 -187.0 -82.0 16.0 
93.0 140.0 164.0 175.0 168.0 149.0 132.0 
105.0 58.0 -5.0 -69.0 -121.0 -172.0 -213.0 
-256.0 -313.0 -373.0 -427.0 -454.0 -486.0 -553.0 
-616.0 -667.0 -726.0 -766.0 -778.0 -794.0 -808.0 
-799.0 -759.0 -708.0 -648.0 -562.0 -460.0 -342.0 
-202.0 -78.0 24.0 153.0 303.0 443.0 561.0 
668.0 794.0 929.0 1035.0 1126.0 1236.0 1321.0 
1352.0 1367.0 1388.0 1383.0 1321.0 1232.0 1155.0 
1064.0 911.0 727.0 564.0 405.0 217.0 33.0 
-124.0 -291.0 -463.0 -603.0 -715.0 -818.0 -897.0 
-949.0 -980.0 -992.0 -985.0 -978.0 -944.0 -872.0 
-796.0 -736.0 -663.0 -554.0 -440.0 -335.0 -233.0 
-132.0 -30.0 63.0 151.0 230.0 292.0 345.0 
391.0 418.0 433.0 460.0 485.0 505.0 536.0 
556.0 556.0 553.0 566.0 584.0 582.0 577.0 
581.0 575.0 559.0 541.0 533.0 533.0 513.0 
494.0 485.0 458.0 420.0 378.0 326.0 278.0 
233.0 189.0 142.0 85.0 12.0 -59.0 -109.0 
-167.0 -250.0 -312.0 -341.0 -384.0 -436.0 -463.0 
-454.0 -423.0 -408.0 -422.0 -419.0 -388.0 -368.0 
-382.0 -405.0 -432.0 -470.0 -503.0 -538.0 -578.0 
-604.0 -608.0 -601.0 -581.0 -547.0 -513.0 -478.0 
-435.0 -378.0 -307.0 -245.0 -194.0 -141.0 -94.0 
-55.0 -14.0 37.0 89.0 125.0 155.0 192.0 
233.0 266.0 284.0 291.0 283.0 285.0 309.0 
320.0 315.0 315.0 310.0 282.0 248.0 214.0 
178.0 149.0 126.0 81.0 22.0 -24.0 -81.0 
-143.0 -193.0 -232.0 -253.0 -258.0 -256.0 -243.0 
-199.0 -123.0 -53.0 0.0 66.0 155.0 235.0 
281.0 318.0 362.0 403.0 437.0 461.0 464.0 
450.0 432.0 406.0 360.0 307.0 256.0 209.0 
156.0 99.0 44.0 0.0 -22.0 -26.0 -33.0 
-48.0 -58.0 -67.0 -83.0 -85.0 -85.0 -101.0 
-113.0 -135.0 -172.0 -186.0 -198.0 -215.0 -214.0 
-207.0 -204.0 -184.0 -154.0 -132.0 -118.0 -103.0 
-79.0 -57.0 -68.0 -108.0 -131.0 -137.0 -168.0 
-208.0 -238.0 -266.0 -289.0 -315.0 -330.0 -322.0 
-319.0 -316.0 -293.0 -279.0 -259.0 -203.0 -142.0 
-94.0 -41.0 20.0 90.0 154.0 208.0 251.0 
287.0 337.0 393.0 434.0 475.0 522.0 568.0 
603.0 624.0 627.0 622.0 619.0 608.0 584.0 
544.0 480.0 407.0 340.0 288.0 244.0 193.0 
155.0 129.0 104.0 90.0 89.0 87.0 85.0 
86.0 77.0 57.0 52.0 58.0 27.0 -4.0 
-22.0 -65.0 -112.0 -143.0 -196.0 -273.0 -338.0 
-386.0 -437.0 -485.0 -541.0 -603.0 -624.0 -602.0 
-598.0 -608.0 -588.0 -542.0 -486.0 -416.0 -346.0 
-270.0 -185.0 -115.0 -73.0 -27.0 12.0 20.0 
26.0 56.0 66.0 23.0 -32.0 -72.0 -111.0 
-154.0 -195.0 -230.0 -267.0 -281.0 -272.0 -263.0 
-241.0 -218.0 -175.0 -104.0 -52.0 -28.0 0.0 
37.0 60.0 55.0 41.0 40.0 47.0 53.0 
53.0 35.0 30.0 51.0 54.0 50.0 66.0 
88.0 112.0 143.0 166.0 183.0 224.0 273.0 
311.0 328.0 324.0 312.0 295.0 275.0 222.0 
124.0 42.0 -4.0 -68.0 -146.0 -212.0 -274.0 
-318.0 -328.0 -338.0 -335.0 -301.0 -269.0 -237.0 
-187.0 -142.0 -82.0 -5.0 66.0 131.0 191.0 
244.0 294.0 339.0 364.0 384.0 397.0 371.0 
312.0 273.0 247.0 181.0 90.0 8.0 -61.0 
-129.0 -199.0 -233.0 -235.0 -242.0 -258.0 -250.0 
-204.0 -152.0 -106.0 -47.0 25.0 90.0 136.0 
200.0 292.0 355.0 396.0 452.0 511.0 560.0 
587.0 607.0 652.0 698.0 713.0 709.0 737.0 
768.0 755.0 753.0 769.0 760.0 737.0 729.0 
742.0 749.0 711.0 652.0 622.0 613.0 598.0 
560.0 515.0 492.0 449.0 358.0 269.0 222.0 
183.0 106.0 5.0 -69.0 -139.0 -231.0 -313.0 
-373.0 -444.0 -536.0 -622.0 -677.0 -706.0 -761.0 
-835.0 -880.0 -892.0 -886.0 -879.0 -899.0 -911.0 
-909.0 -917.0 -942.0 -970.0 -989.0 -1002.0 -1030.0 
-1073.0 -1108.0 -1126.0 -1127.0 -1111.0 -1093.0 -1090.0 
-1066.0 -1011.0 -943.0 -861.0 -768.0 -691.0 -612.0 
-530.0 -466.0 -396.0 -328.0 -290.0 -259.0 -223.0 
-195.0 -168.0 -147.0 -127.0 -99.0 -87.0 -93.0 
-83.0 -61.0 -20.0 44.0 119.0 201.0 261.0 
300.0 351.0 393.0 425.0 450.0 469.0 515.0 
555.0 538.0 513.0 522.0 530.0 518.0 522.0 
558.0 584.0 593.0 610.0 629.0 660.0 692.0 
717.0 743.0 773.0 793.0 798.0 803.0 796.0 
783.0 777.0 761.0 737.0 727.0 713.0 687.0 
677.0 692.0 716.0 749.0 784.0 817.0 859.0 
894.0 916.0 928.0 930.0 921.0 925.0 939.0 
916.0 860.0 820.0 793.0 736.0 673.0 634.0 
598.0 526.0 435.0 360.0 288.0 188.0 64.0 
-43.0 -152.0 -262.0 -356.0 -460.0 -564.0 -646.0 
-724.0 -795.0 -846.0 -888.0 -922.0 -935.0 -949.0 
-975.0 -991.0 -993.0 -1015.0 -1064.0 -1104.0 -1123.0 
-1145.0 -1179.0 -1198.0 -1191.0 -1173.0 -1154.0 -1154.0 
-1134.0 -1071.0 -1000.0 -916.0 -818.0 -727.0 -645.0 
-579.0 -517.0 -447.0 -372.0 -295.0 -233.0 -196.0 
-148.0 -79.0 -23.0 14.0 55.0 101.0 143.0 
168.0 183.0 233.0 303.0 332.0 332.0 344.0 
347.0 327.0 307.0 302.0 305.0 300.0 296.0 
292.0 291.0 310.0 312.0 272.0 223.0 188.0 
146.0 89.0 41.0 3.0 -37.0 -87.0 -133.0 
-152.0 -156.0 -177.0 -202.0 -191.0 -182.0 -181.0 
-144.0 -82.0 -18.0 34.0 92.0 151.0 202.0 
236.0 242.0 231.0 230.0 230.0 207.0 174.0 
137.0 109.0 113.0 120.0 122.0 160.0 221.0 
283.0 362.0 469.0 587.0 689.0 785.0 867.0 
941.0 1018.0 1090.0 1129.0 1150.0 1186.0 1207.0 
1161.0 1100.0 1056.0 990.0 898.0 798.0 699.0 
605.0 495.0 371.0 241.0 86.0 -68.0 -179.0 
-261.0 -357.0 -456.0 -535.0 -596.0 -639.0 -660.0 
-679.0 -704.0 -709.0 -701.0 -687.0 -663.0 -645.0 
-634.0 -623.0 -628.0 -647.0 -657.0 -685.0 -730.0 
-770.0 -793.0 -816.0 -860.0 -901.0 -918.0 -932.0 
-950.0 -962.0 -957.0 -928.0 -876.0 -814.0 -738.0 
-648.0 -541.0 -418.0 -298.0 -174.0 -26.0 116.0 
221.0 317.0 410.0 475.0 516.0 543.0 548.0 
536.0 533.0 511.0 481.0 456.0 421.0 385.0 
360.0 345.0 334.0 331.0 313.0 272.0 244.0 
234.0 225.0 208.0 162.0 93.0 53.0 26.0 
-16.0 -74.0 -135.0 -168.0 -189.0 -218.0 -238.0 
-243.0 -223.0 -182.0 -146.0 -99.0 -16.0 81.0 
175.0 270.0 373.0 479.0 573.0 661.0 753.0 
836.0 895.0 932.0 949.0 941.0 899.0 844.0 
774.0 683.0 575.0 452.0 335.0 224.0 117.0 
10.0 -85.0 -136.0 -159.0 -214.0 -259.0 -255.0 
-252.0 -260.0 -247.0 -219.0 -182.0 -146.0 -119.0 
-77.0 -35.0 -29.0 -34.0 -26.0 -7.0 -1.0 
-17.0 -31.0 -41.0 -40.0 -19.0 0.0 21.0 
59.0 101.0 126.0 129.0 139.0 152.0 154.0 
150.0 136.0 111.0 104.0 103.0 70.0 23.0 
-25.0 -89.0 -141.0 -175.0 -240.0 -322.0 -396.0 
-463.0 -521.0 -580.0 -622.0 -649.0 -668.0 -670.0 
-663.0 -654.0 -655.0 -644.0 -620.0 -582.0 -553.0 
-540.0 -522.0 -492.0 -468.0 -447.0 -426.0 -403.0 
-390.0 -371.0 -343.0 -325.0 -310.0 -297.0 -295.0 
-290.0 -285.0 -292.0 -291.0 -296.0 -323.0 -352.0 
-354.0 -338.0 -331.0 -324.0 -292.0 -241.0 -187.0 
-130.0 -68.0 7.0 99.0 176.0 235.0 305.0 
379.0 450.0 541.0 631.0 701.0 779.0 875.0 
958.0 1019.0 1073.0 1142.0 1221.0 1281.0 1325.0 
1367.0 1392.0 1384.0 1362.0 1322.0 1257.0 1173.0 
1072.0 953.0 834.0 713.0 583.0 453.0 351.0 
257.0 147.0 34.0 -54.0 -105.0 -126.0 -153.0 
-190.0 -201.0 -173.0 -149.0 -132.0 -92.0 -48.0 
-16.0 -3.0 17.0 56.0 72.0 69.0 62.0 
36.0 -14.0 -64.0 -117.0 -187.0 -261.0 -339.0 
-426.0 -515.0 -602.0 -678.0 -746.0 -814.0 -882.0 
-932.0 -955.0 -984.0 -1032.0 -1069.0 -1064.0 -1022.0 
-989.0 -988.0 -974.0 -917.0 -838.0 -761.0 -701.0 
-644.0 -559.0 -452.0 -365.0 -312.0 -273.0 -236.0 
-198.0 -171.0 -161.0 -162.0 -167.0 -176.0 -187.0 
-188.0 -178.0 -179.0 -191.0 -191.0 -168.0 -134.0 
-111.0 -82.0 -20.0 59.0 143.0 224.0 315.0 
421.0 513.0 581.0 638.0 687.0 707.0 717.0 
730.0 735.0 737.0 731.0 685.0 615.0 558.0 
510.0 465.0 433.0 419.0 415.0 420.0 423.0 
435.0 476.0 527.0 553.0 574.0 614.0 632.0 
613.0 595.0 584.0 557.0 513.0 446.0 377.0 
316.0 253.0 190.0 137.0 99.0 69.0 63.0 
68.0 53.0 28.0 31.0 50.0 53.0 34.0 
12.0 -5.0 -16.0 -55.0 -107.0 -133.0 -175.0 
-249.0 -297.0 -321.0 -360.0 -394.0 -392.0 -392.0 
-411.0 -431.0 -455.0 -480.0 -524.0 -585.0 -626.0 
-672.0 -744.0 -809.0 -841.0 -865.0 -889.0 -899.0 
-880.0 -826.0 -748.0 -655.0 -551.0 -427.0 -287.0 
-155.0 -49.0 69.0 203.0 322.0 423.0 505.0 
564.0 621.0 662.0 661.0 641.0 639.0 647.0 
650.0 657.0 657.0 633.0 624.0 644.0 651.0 
623.0 589.0 557.0 526.0 491.0 445.0 393.0 
314.0 214.0 121.0 59.0 11.0 -46.0 -97.0 
-112.0 -104.0 -88.0 -73.0 -51.0 0.0 60.0 
101.0 118.0 118.0 107.0 74.0 12.0 -73.0 
-173.0 -296.0 -432.0 -558.0 -658.0 -727.0 -781.0 
-822.0 -833.0 -826.0 -802.0 -737.0 -651.0 -576.0 
-497.0 -387.0 -266.0 -164.0 -76.0 3.0 72.0 
135.0 194.0 229.0 230.0 197.0 136.0 78.0 
31.0 -50.0 -164.0 -282.0 -373.0 -426.0 -455.0 
-486.0 -511.0 -507.0 -487.0 -446.0 -391.0 -331.0 
-259.0 -172.0 -72.0 39.0 138.0 237.0 336.0 
408.0 445.0 479.0 524.0 546.0 527.0 497.0 
481.0 468.0 436.0 387.0 338.0 301.0 271.0 
234.0 193.0 166.0 157.0 153.0 160.0 181.0 
213.0 233.0 259.0 327.0 404.0 436.0 450.0 
475.0 494.0 509.0 524.0 520.0 514.0 520.0 
506.0 450.0 390.0 353.0 297.0 219.0 150.0 
93.0 33.0 -21.0 -58.0 -87.0 -83.0 -57.0 
-40.0 -17.0 10.0 27.0 53.0 97.0 137.0 
153.0 138.0 110.0 88.0 43.0 -32.0 -110.0 
-183.0 -246.0 -320.0 -417.0 -498.0 -552.0 -598.0 
-627.0 -643.0 -665.0 -694.0 -696.0 -676.0 -658.0 
-634.0 -609.0 -589.0 -558.0 -507.0 -461.0 -436.0 
-424.0 -414.0 -403.0 -381.0 -351.0 -326.0 -298.0 
-244.0 -189.0 -172.0 -162.0 -118.0 -86.0 -74.0 
-48.0 -16.0 18.0 52.0 56.0 52.0 78.0 
109.0 136.0 172.0 208.0 239.0 267.0 297.0 
339.0 378.0 421.0 465.0 516.0 574.0 630.0 
680.0 728.0 756.0 755.0 747.0 746.0 731.0 
692.0 655.0 615.0 539.0 457.0 396.0 344.0 
286.0 219.0 177.0 163.0 138.0 99.0 80.0 
81.0 78.0 89.0 126.0 162.0 187.0 215.0 
243.0 265.0 273.0 262.0 245.0 251.0 263.0 
249.0 235.0 243.0 250.0 242.0 228.0 217.0 
194.0 169.0 152.0 127.0 90.0 47.0 -5.0 
-71.0 -143.0 -236.0 -347.0 -459.0 -563.0 -680.0 
-805.0 -923.0 -1039.0 -1154.0 -1255.0 -1323.0 -1387.0 
-1456.0 -1490.0 -1478.0 -1430.0 -1361.0 -1273.0 -1154.0 
-1007.0 -852.0 -710.0 -571.0 -424.0 -287.0 -168.0 
-80.0 -6.0 78.0 136.0 138.0 129.0 150.0 
179.0 202.0 230.0 273.0 336.0 407.0 476.0 
537.0 607.0 685.0 755.0 800.0 826.0 851.0 
861.0 838.0 803.0 766.0 725.0 672.0 596.0 
502.0 406.0 328.0 271.0 220.0 194.0 194.0 
187.0 169.0 165.0 183.0 207.0 230.0 267.0 
306.0 336.0 368.0 414.0 465.0 513.0 559.0 
615.0 672.0 702.0 706.0 706.0 692.0 659.0 
622.0 581.0 532.0 480.0 424.0 340.0 231.0 
129.0 48.0 -37.0 -148.0 -264.0 -364.0 -448.0 
-532.0 -612.0 -662.0 -692.0 -725.0 -756.0 -765.0 
-750.0 -734.0 -710.0 -672.0 -625.0 -582.0 -558.0 
-557.0 -552.0 -531.0 -512.0 -504.0 -490.0 -481.0 
-471.0 -436.0 -399.0 -378.0 -351.0 -312.0 -288.0 
-272.0 -258.0 -263.0 -262.0 -249.0 -261.0 -273.0 
-254.0 -236.0 -227.0 -195.0 -146.0 -96.0 -60.0 
-36.0 10.0 79.0 149.0 226.0 306.0 375.0 
418.0 450.0 479.0 469.0 426.0 402.0 390.0 
341.0 278.0 237.0 209.0 173.0 109.0 46.0 
12.0 -19.0 -72.0 -126.0 -173.0 -220.0 -250.0 
-254.0 -281.0 -333.0 -348.0 -339.0 -346.0 -370.0 
-388.0 -386.0 -379.0 -362.0 -343.0 -330.0 -302.0 
-258.0 -212.0 -160.0 -105.0 -21.0 72.0 149.0 
237.0 338.0 427.0 513.0 588.0 639.0 692.0 
745.0 775.0 793.0 836.0 871.0 862.0 839.0 
835.0 817.0 768.0 722.0 702.0 700.0 695.0 
676.0 649.0 647.0 665.0 682.0 696.0 713.0 
741.0 769.0 784.0 784.0 756.0 693.0 617.0 
543.0 445.0 335.0 233.0 120.0 9.0 -100.0 
-230.0 -374.0 -518.0 -648.0 -755.0 -853.0 -946.0 
-1018.0 -1058.0 -1103.0 -1145.0 -1147.0 -1132.0 -1135.0 
-1152.0 -1136.0 -1088.0 -1029.0 -977.0 -929.0 -876.0 
-827.0 -784.0 -742.0 -712.0 -685.0 -636.0 -593.0 
-596.0 -623.0 -634.0 -632.0 -629.0 -636.0 -650.0 
-657.0 -677.0 -696.0 -688.0 -669.0 -646.0 -599.0 
-525.0 -438.0 -328.0 -203.0 -74.0 83.0 267.0 
431.0 584.0 748.0 917.0 1085.0 1233.0 1348.0 
1435.0 1505.0 1564.0 1598.0 1603.0 1621.0 1635.0 
1617.0 1591.0 1540.0 1476.0 1417.0 1366.0 1314.0 
1260.0 1178.0 1104.0 1076.0 1041.0 947.0 818.0 
699.0 600.0 494.0 335.0 154.0 14.0 -107.0 
-262.0 -439.0 -595.0 -693.0 -758.0 -797.0 -789.0 
-771.0 -770.0 -753.0 -720.0 -684.0 -647.0 -631.0 
-631.0 -622.0 -608.0 -621.0 -670.0 -725.0 -771.0 
-819.0 -880.0 -968.0 -1041.0 -1064.0 -1088.0 -1117.0 
-1117.0 -1110.0 -1095.0 -1049.0 -1000.0 -959.0 -891.0 
-805.0 -713.0 -613.0 -512.0 -380.0 -241.0 -144.0 
-57.0 35.0 134.0 228.0 308.0 383.0 463.0 
520.0 557.0 611.0 657.0 683.0 714.0 749.0 
750.0 724.0 701.0 689.0 684.0 672.0 673.0 
678.0 674.0 663.0 655.0 664.0 674.0 658.0 
616.0 576.0 525.0 458.0 412.0 373.0 298.0 
213.0 151.0 95.0 29.0 -30.0 -72.0 -109.0 
-131.0 -146.0 -165.0 -167.0 -147.0 -123.0 -84.0 
-32.0 -16.0 -36.0 -41.0 -36.0 -42.0 -60.0 
-80.0 -88.0 -96.0 -119.0 -118.0 -98.0 -102.0 
-122.0 -135.0 -136.0 -140.0 -140.0 -143.0 -169.0 
-198.0 -214.0 -217.0 -231.0 -232.0 -204.0 -195.0 
-203.0 -170.0 -88.0 -27.0 -4.0 30.0 84.0 
144.0 169.0 184.0 209.0 226.0 207.0 181.0 
161.0 138.0 132.0 121.0 67.0 12.0 -32.0 
-104.0 -182.0 -243.0 -283.0 -319.0 -352.0 -393.0 
-436.0 -433.0 -401.0 -393.0 -375.0 -298.0 -223.0 
-181.0 -121.0 -43.0 25.0 100.0 176.0 240.0 
279.0 297.0 298.0 254.0 198.0 176.0 150.0 
86.0 17.0 