-811.0 -823.0 -834.0 -849.0 -862.0 -876.0 -890.0 
-906.0 -917.0 -930.0 -940.0 -952.0 -964.0 -974.0 
-984.0 -993.0 -1003.0 -1011.0 -1020.0 -1028.0 -1035.0 
-1045.0 -1049.0 -1056.0 -1062.0 -1068.0 -1073.0 -1075.0 
-1080.0 -1081.0 -1083.0 -1084.0 -1082.0 -1080.0 -1076.0 
-1072.0 -1065.0 -1057.0 -1049.0 -1040.0 -1030.0 -1021.0 
-1009.0 -995.0 -983.0 -968.0 -952.0 -939.0 -925.0 
-907.0 -892.0 -877.0 -858.0 -838.0 -818.0 -798.0 
-780.0 -759.0 -739.0 -718.0 -697.0 -677.0 -655.0 
-632.0 -612.0 -592.0 -572.0 -556.0 -538.0 -522.0 
-507.0 -493.0 -479.0 -466.0 -457.0 -448.0 -440.0 
-434.0 -432.0 -431.0 -431.0 -435.0 -439.0 -445.0 
-453.0 -461.0 -472.0 -486.0 -501.0 -515.0 -528.0 
-543.0 -559.0 -574.0 -590.0 -607.0 -623.0 -636.0 
-651.0 -663.0 -675.0 -689.0 -700.0 -709.0 -719.0 
-727.0 -733.0 -737.0 -741.0 -743.0 -745.0 -749.0 
-748.0 -749.0 -754.0 -756.0 -759.0 -762.0 -764.0 
-767.0 -770.0 -773.0 -775.0 -778.0 -779.0 -783.0 
-786.0 -786.0 -792.0 -793.0 -795.0 -796.0 -796.0 
-799.0 -800.0 -801.0 -801.0 -803.0 -802.0 -798.0 
-794.0 -790.0 -789.0 -782.0 -776.0 -771.0 -767.0 
-763.0 -758.0 -754.0 -754.0 -755.0 -754.0 -756.0 
-756.0 -760.0 -766.0 -770.0 -778.0 -783.0 -789.0 
-795.0 -803.0 -808.0 -810.0 -816.0 -814.0 -817.0 
-818.0 -814.0 -811.0 -804.0 -797.0 -787.0 -776.0 
-765.0 -752.0 -739.0 -725.0 -710.0 -692.0 -676.0 
-659.0 -641.0 -624.0 -607.0 -587.0 -566.0 -549.0 
-531.0 -511.0 -493.0 -476.0 -460.0 -444.0 -427.0 
-412.0 -395.0 -380.0 -365.0 -350.0 -336.0 -321.0 
-308.0 -293.0 -283.0 -273.0 -264.0 -260.0 -252.0 
-251.0 -251.0 -252.0 -258.0 -263.0 -274.0 -284.0 
-297.0 -316.0 -332.0 -348.0 -366.0 -386.0 -405.0 
-428.0 -452.0 -475.0 -501.0 -525.0 -550.0 -578.0 
-606.0 -635.0 -666.0 -697.0 -731.0 -765.0 -801.0 
-835.0 -866.0 -903.0 -935.0 -971.0 -1006.0 -1038.0 
-1072.0 -1099.0 -1129.0 -1155.0 -1181.0 -1205.0 -1226.0 
-1248.0 -1267.0 -1279.0 -1292.0 -1307.0 -1314.0 -1323.0 
-1327.0 -1328.0 -1331.0 -1329.0 -1327.0 -1322.0 -1318.0 
-1313.0 -1307.0 -1301.0 -1292.0 -1283.0 -1272.0 -1260.0 
-1247.0 -1234.0 -1218.0 -1200.0 -1182.0 -1162.0 -1141.0 
-1117.0 -1093.0 -1066.0 -1039.0 -1012.0 -985.0 -955.0 
-924.0 -893.0 -862.0 -831.0 -803.0 -774.0 -743.0 
-714.0 -687.0 -660.0 -633.0 -610.0 -587.0 -563.0 
-542.0 -522.0 -503.0 -486.0 -470.0 -455.0 -440.0 
-431.0 -422.0 -415.0 -409.0 -406.0 -406.0 -406.0 
-407.0 -407.0 -407.0 -412.0 -413.0 -414.0 -416.0 
-415.0 -416.0 -417.0 -417.0 -413.0 -408.0 -406.0 
-403.0 -399.0 -396.0 -393.0 -390.0 -386.0 -385.0 
-384.0 -383.0 -385.0 -386.0 -388.0 -392.0 -399.0 
-405.0 -411.0 -420.0 -423.0 -432.0 -444.0 -452.0 
-462.0 -474.0 -484.0 -495.0 -508.0 -523.0 -540.0 
-555.0 -572.0 -590.0 -609.0 -633.0 -654.0 -677.0 
-701.0 -728.0 -754.0 -779.0 -808.0 -834.0 -862.0 
-888.0 -917.0 -945.0 -972.0 -1002.0 -1030.0 -1060.0 
-1089.0 -1117.0 -1144.0 -1172.0 -1199.0 -1224.0 -1249.0 
-1271.0 -1294.0 -1314.0 -1332.0 -1349.0 -1362.0 -1379.0 
-1390.0 -1399.0 -1408.0 -1413.0 -1414.0 -1417.0 -1417.0 
-1411.0 -1407.0 -1401.0 -1393.0 -1384.0 -1372.0 -1363.0 
-1351.0 -1336.0 -1323.0 -1306.0 -1287.0 -1268.0 -1246.0 
-1224.0 -1201.0 -1177.0 -1153.0 -1127.0 -1101.0 -1069.0 
-1038.0 -1010.0 -974.0 -940.0 -902.0 -863.0 -823.0 
-783.0 -747.0 -706.0 -667.0 -628.0 -591.0 -552.0 
-513.0 -479.0 -442.0 -409.0 -374.0 -342.0 -311.0 
-278.0 -251.0 -223.0 -196.0 -171.0 -147.0 -125.0 
-108.0 -93.0 -77.0 -63.0 -51.0 -44.0 -38.0 
-35.0 -33.0 -33.0 -37.0 -41.0 -53.0 -64.0 
-74.0 -88.0 -103.0 -120.0 -135.0 -152.0 -172.0 
-188.0 -206.0 -225.0 -243.0 -263.0 -281.0 -298.0 
-318.0 -336.0 -357.0 -376.0 -394.0 -415.0 -432.0 
-449.0 -467.0 -486.0 -504.0 -522.0 -546.0 -564.0 
-581.0 -601.0 -619.0 -638.0 -655.0 -673.0 -688.0 
-705.0 -725.0 -740.0 -756.0 -773.0 -789.0 -806.0 
-821.0 -837.0 -850.0 -862.0 -879.0 -890.0 -904.0 
-918.0 -931.0 -941.0 -953.0 -967.0 -979.0 -992.0 
-1004.0 -1016.0 -1028.0 -1041.0 -1051.0 -1061.0 -1072.0 
-1080.0 -1089.0 -1096.0 -1103.0 -1107.0 -1110.0 -1113.0 
-1114.0 -1113.0 -1113.0 -1112.0 -1110.0 -1106.0 -1104.0 
-1098.0 -1091.0 -1086.0 -1080.0 -1076.0 -1067.0 -1060.0 
-1051.0 -1042.0 -1036.0 -1024.0 -1015.0 -1003.0 -993.0 
-982.0 -968.0 -956.0 -943.0 -932.0 -916.0 -905.0 
-892.0 -880.0 -869.0 -858.0 -848.0 -838.0 -830.0 
-819.0 -813.0 -807.0 -803.0 -798.0 -791.0 -790.0 
-785.0 -781.0 -777.0 -774.0 -769.0 -762.0 -759.0 
-752.0 -747.0 -742.0 -736.0 -729.0 -721.0 -713.0 
-705.0 -697.0 -683.0 -672.0 -661.0 -648.0 -635.0 
-621.0 -607.0 -592.0 -579.0 -563.0 -547.0 -534.0 
-519.0 -506.0 -492.0 -481.0 -470.0 -457.0 -448.0 
-440.0 -431.0 -425.0 -418.0 -414.0 -411.0 -407.0 
-402.0 -399.0 -397.0 -391.0 -389.0 -388.0 -382.0 
-380.0 -376.0 -373.0 -368.0 -363.0 -360.0 -356.0 
-353.0 -350.0 -349.0 -351.0 -350.0 -354.0 -361.0 
-367.0 -375.0 -381.0 -389.0 -400.0 -412.0 -425.0 
-440.0 -455.0 -470.0 -486.0 -502.0 -518.0 -534.0 
-552.0 -569.0 -587.0 -607.0 -628.0 -650.0 -671.0 
-696.0 -721.0 -749.0 -777.0 -806.0 -837.0 -870.0 
-903.0 -934.0 -965.0 -997.0 -1029.0 -1056.0 -1086.0 
-1116.0 -1143.0 -1171.0 -1197.0 -1222.0 -1246.0 -1269.0 
-1291.0 -1308.0 -1327.0 -1343.0 -1357.0 -1369.0 -1381.0 
-1392.0 -1400.0 -1405.0 -1409.0 -1411.0 -1411.0 -1410.0 
-1407.0 -1401.0 -1396.0 -1388.0 -1379.0 -1370.0 -1356.0 
-1343.0 -1328.0 -1312.0 -1294.0 -1274.0 -1257.0 -1236.0 
-1215.0 -1194.0 -1171.0 -1146.0 -1121.0 -1096.0 -1071.0 
-1045.0 -1018.0 -993.0 -964.0 -936.0 -904.0 -874.0 
-844.0 -810.0 -778.0 -743.0 -710.0 -673.0 -641.0 
-606.0 -572.0 -540.0 -507.0 -480.0 -450.0 -425.0 
-402.0 -382.0 -364.0 -347.0 -334.0 -322.0 -314.0 
-304.0 -299.0 -292.0 -285.0 -279.0 -274.0 -272.0 
-265.0 -262.0 -257.0 -254.0 -251.0 -247.0 -247.0 
-244.0 -243.0 -242.0 -240.0 -240.0 -240.0 -238.0 
-240.0 -239.0 -239.0 -242.0 -242.0 -246.0 -249.0 
-253.0 -259.0 -264.0 -270.0 -278.0 -288.0 -297.0 
-311.0 -324.0 -338.0 -355.0 -372.0 -391.0 -414.0 
-436.0 -459.0 -486.0 -508.0 -535.0 -563.0 -587.0 
-615.0 -641.0 -669.0 -692.0 -715.0 -737.0 -758.0 
-782.0 -799.0 -819.0 -837.0 -852.0 -872.0 -884.0 
-896.0 -911.0 -923.0 -936.0 -949.0 -959.0 -969.0 
-978.0 -989.0 -998.0 -1005.0 -1014.0 -1018.0 -1024.0 
-1027.0 -1028.0 -1030.0 -1026.0 -1023.0 -1017.0 -1009.0 
-999.0 -988.0 -979.0 -966.0 -955.0 -943.0 -928.0 
-917.0 -903.0 -890.0 -879.0 -866.0 -856.0 -846.0 
-836.0 -828.0 -819.0 -815.0 -810.0 -806.0 -805.0 
-803.0 -804.0 -804.0 -804.0 -803.0 -804.0 -807.0 
-808.0 -812.0 -812.0 -815.0 -818.0 -817.0 -820.0 
-822.0 -825.0 -827.0 -831.0 -835.0 -835.0 -838.0 
-840.0 -841.0 -840.0 -838.0 -835.0 -832.0 -829.0 
-824.0 -821.0 -815.0 -811.0 -804.0 -797.0 -794.0 
-787.0 -781.0 -776.0 -773.0 -770.0 -763.0 -760.0 
-753.0 -747.0 -740.0 -732.0 -723.0 -713.0 -704.0 
-693.0 -684.0 -673.0 -663.0 -652.0 -643.0 -634.0 
-625.0 -617.0 -610.0 -602.0 -595.0 -589.0 -579.0 
-572.0 -564.0 -554.0 -546.0 -535.0 -526.0 -516.0 
-504.0 -495.0 -484.0 -471.0 -461.0 -450.0 -442.0 
-431.0 -424.0 -421.0 -416.0 -414.0 -414.0 -414.0 
-416.0 -422.0 -427.0 -436.0 -444.0 -455.0 -466.0 
-478.0 -491.0 -503.0 -518.0 -530.0 -546.0 -561.0 
-576.0 -591.0 -606.0 -623.0 -635.0 -650.0 -661.0 
-672.0 -687.0 -698.0 -711.0 -722.0 -733.0 -745.0 
-756.0 -768.0 -777.0 -786.0 -796.0 -803.0 -812.0 
-819.0 -826.0 -834.0 -843.0 -846.0 -853.0 -862.0 
-869.0 -881.0 -889.0 -900.0 -908.0 -918.0 -929.0 
-937.0 -949.0 -955.0 -963.0 -968.0 -975.0 -981.0 
-985.0 -993.0 -998.0 -1005.0 -1010.0 -1014.0 -1019.0 
-1022.0 -1027.0 -1029.0 -1031.0 -1036.0 -1038.0 -1040.0 
-1044.0 -1044.0 -1048.0 -1050.0 -1051.0 -1055.0 -1057.0 
-1060.0 -1061.0 -1062.0 -1063.0 -1061.0 -1058.0 -1055.0 
-1051.0 -1044.0 -1037.0 -1028.0 -1017.0 -1005.0 -991.0 
-976.0 -959.0 -942.0 -924.0 -902.0 -880.0 -857.0 
-831.0 -804.0 -777.0 -750.0 -723.0 -692.0 -663.0 
-636.0 -608.0 -579.0 -553.0 -526.0 -500.0 -477.0 
-453.0 -428.0 -405.0 -383.0 -363.0 -343.0 -325.0 
-309.0 -295.0 -281.0 -272.0 -264.0 -256.0 -255.0 
-254.0 -253.0 -255.0 -261.0 -268.0 -276.0 -286.0 
-298.0 -312.0 -325.0 -341.0 -359.0 -378.0 -395.0 
-414.0 -434.0 -456.0 -478.0 -496.0 -517.0 -540.0 
-560.0 -580.0 -602.0 -623.0 -644.0 -666.0 -685.0 
-705.0 -724.0 -744.0 -760.0 -774.0 -788.0 -800.0 
-810.0 -818.0 -825.0 -827.0 -832.0 -832.0 -833.0 
-833.0 -831.0 -829.0 -826.0 -825.0 -817.0 -812.0 
-807.0 -798.0 -794.0 -786.0 -778.0 -769.0 -761.0 
-753.0 -742.0 -732.0 -722.0 -712.0 -702.0 -693.0 
-680.0 -669.0 -658.0 -646.0 -637.0 -624.0 -615.0 
-602.0 -591.0 -581.0 -570.0 -560.0 -550.0 -545.0 
-536.0 -531.0 -528.0 -525.0 -524.0 -526.0 -528.0 
-530.0 -536.0 -541.0 -550.0 -560.0 -571.0 -587.0 
-601.0 -619.0 -635.0 -655.0 -676.0 -696.0 -720.0 
-742.0 -766.0 -788.0 -811.0 -832.0 -851.0 -869.0 
-884.0 -899.0 -911.0 -922.0 -933.0 -941.0 -948.0 
-951.0 -954.0 -955.0 -957.0 -957.0 -956.0 -956.0 
-955.0 -954.0 -953.0 -949.0 -944.0 -940.0 -935.0 
-929.0 -922.0 -915.0 -907.0 -897.0 -889.0 -879.0 
-870.0 -863.0 -857.0 -852.0 -848.0 -848.0 -847.0 
-848.0 -852.0 -854.0 -856.0 -858.0 -861.0 -864.0 
-867.0 -870.0 -870.0 -872.0 -873.0 -873.0 -871.0 
-868.0 -865.0 -862.0 -856.0 -850.0 -843.0 -831.0 
-822.0 -810.0 -796.0 -784.0 -768.0 -749.0 -730.0 
-709.0 -686.0 -664.0 -639.0 -614.0 -588.0 -561.0 
-535.0 -510.0 -487.0 -463.0 -441.0 -421.0 -400.0 
-386.0 -370.0 -355.0 -344.0 -333.0 -325.0 -318.0 
-313.0 -309.0 -308.0 -304.0 -305.0 -307.0 -310.0 
-313.0 -315.0 -323.0 -328.0 -333.0 -342.0 -349.0 
-358.0 -370.0 -382.0 -393.0 -408.0 -422.0 -439.0 
-458.0 -477.0 -499.0 -519.0 -540.0 -563.0 -587.0 
-613.0 -635.0 -660.0 -686.0 -711.0 -736.0 -763.0 
-788.0 -814.0 -841.0 -867.0 -892.0 -919.0 -943.0 
-968.0 -990.0 -1012.0 -1035.0 -1051.0 -1069.0 -1082.0 
-1092.0 -1102.0 -1109.0 -1119.0 -1119.0 -1122.0 -1122.0 
-1116.0 -1113.0 -1105.0 -1097.0 -1081.0 -1067.0 -1053.0 
-1037.0 -1022.0 -1005.0 -989.0 -972.0 -957.0 -941.0 
-926.0 -913.0 -899.0 -888.0 -875.0 -863.0 -851.0 
-841.0 -831.0 -821.0 -810.0 -799.0 -791.0 -781.0 
-770.0 -760.0 -750.0 -738.0 -728.0 -718.0 -708.0 
-696.0 -685.0 -674.0 -661.0 -651.0 -640.0 -628.0 
-616.0 -604.0 -594.0 -582.0 -574.0 -564.0 -553.0 
-546.0 -538.0 -533.0 -526.0 -522.0 -518.0 -512.0 
-511.0 -508.0 -506.0 -504.0 -505.0 -506.0 -505.0 
-508.0 -510.0 -512.0 -515.0 -517.0 -518.0 -523.0 
-525.0 -527.0 -531.0 -531.0 -535.0 -536.0 -536.0 
-535.0 -535.0 -535.0 -531.0 -530.0 -530.0 -529.0 
-528.0 -527.0 -524.0 -522.0 -518.0 -514.0 -513.0 
-510.0 -508.0 -506.0 -507.0 -506.0 -507.0 -509.0 
-510.0 -517.0 -521.0 -529.0 -539.0 -548.0 -561.0 
-575.0 -587.0 -600.0 -614.0 -629.0 -645.0 -660.0 
-675.0 -691.0 -709.0 -725.0 -740.0 -753.0 -769.0 
-787.0 -804.0 -819.0 -836.0 -853.0 -868.0 -883.0 
-901.0 -916.0 -928.0 -944.0 -957.0 -967.0 -977.0 
-985.0 -994.0 -997.0 -1002.0 -1004.0 -1003.0 -1002.0 
-996.0 -990.0 -981.0 -970.0 -956.0 -945.0 -931.0 
-914.0 -896.0 -875.0 -858.0 -840.0 -820.0 -801.0 
-783.0 -765.0 -748.0 -731.0 -712.0 -695.0 -679.0 
-663.0 -646.0 -631.0 -615.0 -600.0 -587.0 -572.0 
-557.0 -542.0 -528.0 -515.0 -503.0 -489.0 -479.0 
-470.0 -463.0 -455.0 -448.0 -444.0 -439.0 -435.0 
-435.0 -435.0 -435.0 -439.0 -445.0 -450.0 -456.0 
-465.0 -474.0 -486.0 -499.0 -513.0 -529.0 -544.0 
-562.0 -579.0 -598.0 -617.0 -635.0 -652.0 -671.0 
-692.0 -708.0 -727.0 -743.0 -761.0 -778.0 -793.0 
-808.0 -822.0 -839.0 -853.0 -869.0 -884.0 -901.0 
-915.0 -929.0 -944.0 -956.0 -974.0 -984.0 -996.0 
-1006.0 -1014.0 -1022.0 -1025.0 -1029.0 -1029.0 -1028.0 
-1026.0 -1023.0 -1019.0 -1015.0 -1008.0 -999.0 -992.0 
-982.0 -973.0 -962.0 -949.0 -933.0 -918.0 -901.0 
-883.0 -866.0 -844.0 -822.0 -802.0 -777.0 -754.0 
-730.0 -704.0 -682.0 -657.0 -635.0 -611.0 -589.0 
-573.0 -552.0 -535.0 -518.0 -504.0 -490.0 -478.0 
-469.0 -458.0 -451.0 -446.0 -444.0 -442.0 -440.0 
-440.0 -438.0 -440.0 -444.0 -447.0 -452.0 -458.0 
-461.0 -469.0 -478.0 -484.0 -491.0 -499.0 -508.0 
-515.0 -524.0 -534.0 -544.0 -554.0 -563.0 -575.0 
-588.0 -597.0 -610.0 -619.0 -628.0 -639.0 -645.0 
-651.0 -659.0 -665.0 -668.0 -669.0 -671.0 -671.0 
-672.0 -672.0 -671.0 -673.0 -674.0 -675.0 -678.0 
-681.0 -686.0 -689.0 -694.0 -701.0 -706.0 -713.0 
-719.0 -724.0 -729.0 -734.0 -739.0 -741.0 -743.0 
-746.0 -746.0 -744.0 -743.0 -742.0 -740.0 -737.0 
-731.0 -726.0 -721.0 -715.0 -708.0 -702.0 -698.0 
-689.0 -684.0 -678.0 -672.0 -665.0 -656.0 -650.0 
-642.0 -637.0 -630.0 -622.0 -617.0 -609.0 -602.0 
-597.0 -592.0 -590.0 -585.0 -582.0 -577.0 -575.0 
-576.0 -574.0 -574.0 -572.0 -574.0 -574.0 -577.0 
-580.0 -581.0 -588.0 -588.0 -593.0 -597.0 -600.0 
-603.0 -605.0 -608.0 -610.0 -613.0 -614.0 -618.0 
-621.0 -625.0 -631.0 -635.0 -643.0 -651.0 -663.0 
-673.0 -687.0 -703.0 -717.0 -736.0 -751.0 -766.0 
-784.0 -800.0 -817.0 -833.0 -846.0 -859.0 -871.0 
-884.0 -896.0 -905.0 -917.0 -927.0 -938.0 -945.0 
-953.0 -960.0 -963.0 -969.0 -972.0 -973.0 -972.0 
-970.0 -967.0 -961.0 -959.0 -952.0 -942.0 -932.0 
-922.0 -910.0 -897.0 -883.0 -868.0 -852.0 -835.0 
-818.0 -798.0 -780.0 -754.0 -730.0 -708.0 -680.0 
-656.0 -628.0 -602.0 -574.0 -547.0 -523.0 -495.0 
-471.0 -446.0 -425.0 -405.0 -387.0 -369.0 -354.0 
-339.0 -326.0 -315.0 -305.0 -299.0 -288.0 -282.0 
-277.0 -272.0 -270.0 -268.0 -271.0 -272.0 -273.0 
-274.0 -280.0 -285.0 -291.0 -301.0 -310.0 -322.0 
-335.0 -348.0 -361.0 -377.0 -392.0 -409.0 -426.0 
-441.0 -457.0 -474.0 -493.0 -508.0 -520.0 -535.0 
-551.0 -564.0 -576.0 -590.0 -607.0 -623.0 -643.0 
-664.0 -681.0 -704.0 -728.0 -753.0 -778.0 -804.0 
-829.0 -853.0 -880.0 -902.0 -924.0 -945.0 -965.0 
-985.0 -1002.0 -1017.0 -1031.0 -1043.0 -1056.0 -1064.0 
-1069.0 -1074.0 -1081.0 -1085.0 -1086.0 -1087.0 -1085.0 
-1082.0 -1080.0 -1077.0 -1071.0 -1065.0 -1059.0 -1051.0 
-1044.0 -1037.0 -1029.0 -1020.0 -1016.0 -1005.0 -997.0 
-990.0 -981.0 -972.0 -961.0 -952.0 -941.0 -931.0 
-921.0 -907.0 -895.0 -879.0 -863.0 -849.0 -832.0 
-815.0 -799.0 -781.0 -763.0 -746.0 -727.0 -709.0 
-691.0 -672.0 -654.0 -635.0 -615.0 -597.0 -581.0 
-564.0 -547.0 -530.0 -512.0 -497.0 -482.0 -468.0 
-453.0 -440.0 -429.0 -415.0 -404.0 -395.0 -384.0 
-374.0 -367.0 -359.0 -353.0 -344.0 -339.0 -334.0 
-329.0 -325.0 -320.0 -320.0 -316.0 -313.0 -312.0 
-312.0 -314.0 -314.0 -318.0 -323.0 -329.0 -333.0 
-341.0 -347.0 -352.0 -360.0 -367.0 -376.0 -384.0 
-393.0 -402.0 -415.0 -428.0 -441.0 -456.0 -468.0 
-487.0 -501.0 -516.0 -535.0 -553.0 -568.0 -586.0 
-606.0 -622.0 -640.0 -658.0 -675.0 -690.0 -707.0 
-725.0 -741.0 -757.0 -773.0 -789.0 -802.0 -818.0 
-834.0 -847.0 -861.0 -874.0 -886.0 -899.0 -911.0 
-923.0 -933.0 -942.0 -949.0 -954.0 -962.0 -965.0 
-967.0 -968.0 -969.0 -972.0 -974.0 -974.0 -971.0 
-970.0 -972.0 -970.0 -970.0 -969.0 -969.0 -968.0 
-963.0 -960.0 -958.0 -952.0 -947.0 -940.0 -931.0 
-924.0 -914.0 -903.0 -891.0 -879.0 -867.0 -851.0 
-838.0 -820.0 -803.0 -787.0 -767.0 -747.0 -728.0 
-712.0 -693.0 -674.0 -656.0 -637.0 -620.0 -603.0 
-586.0 -571.0 -555.0 -540.0 -525.0 -508.0 -494.0 
-480.0 -465.0 -451.0 -437.0 -423.0 -409.0 -397.0 
-386.0 -372.0 -362.0 -354.0 -345.0 -338.0 -330.0 
-329.0 -327.0 -328.0 -330.0 -333.0 -340.0 -346.0 
-354.0 -360.0 -371.0 -379.0 -388.0 -399.0 -407.0 
-415.0 -421.0 -430.0 -434.0 -440.0 -446.0 -450.0 
-454.0 -456.0 -459.0 -462.0 -465.0 -468.0 -471.0 
-477.0 -482.0 -488.0 -493.0 -502.0 -511.0 -518.0 
-528.0 -538.0 -548.0 -558.0 -569.0 -581.0 -591.0 
-601.0 -612.0 -624.0 -635.0 -647.0 -657.0 -672.0 
-685.0 -695.0 -705.0 -717.0 -730.0 -738.0 -749.0 
-758.0 -768.0 -776.0 -780.0 -789.0 -794.0 -802.0 
-808.0 -814.0 -821.0 -825.0 -834.0 -839.0 -849.0 
-860.0 -871.0 -882.0 -891.0 -905.0 -915.0 -930.0 
-943.0 -957.0 -973.0 -986.0 -1003.0 -1019.0 -1034.0 
-1048.0 -1062.0 -1078.0 -1093.0 -1107.0 -1118.0 -1128.0 
-1138.0 -1149.0 -1159.0 -1164.0 -1169.0 -1171.0 -1170.0 
-1170.0 -1167.0 -1161.0 -1152.0 -1140.0 -1123.0 -1105.0 
-1088.0 -1065.0 -1040.0 -1014.0 -988.0 -959.0 -931.0 
-905.0 -874.0 -841.0 -808.0 -775.0 -742.0 -709.0 
-676.0 -641.0 -605.0 -570.0 -537.0 -503.0 -470.0 
-438.0 -406.0 -377.0 -349.0 -321.0 -298.0 -277.0 
-255.0 -236.0 -222.0 -209.0 -197.0 -187.0 -179.0 
-174.0 -170.0 -169.0 -168.0 -168.0 -170.0 -173.0 
-177.0 -182.0 -190.0 -197.0 -204.0 -211.0 -220.0 
-228.0 -238.0 -251.0 -260.0 -268.0 -278.0 -289.0 
-298.0 -308.0 -316.0 -326.0 -336.0 -344.0 -355.0 
-367.0 -380.0 -391.0 -405.0 -422.0 -439.0 -458.0 
-475.0 -498.0 -518.0 -541.0 -567.0 -591.0 -618.0 
-644.0 -674.0 -700.0 -731.0 -761.0 -792.0 -826.0 
-856.0 -889.0 -921.0 -957.0 -991.0 -1021.0 -1054.0 
-1083.0 -1115.0 -1142.0 -1167.0 -1190.0 -1209.0 -1230.0 
-1245.0 -1259.0 -1270.0 -1278.0 -1287.0 -1293.0 -1298.0 
-1298.0 -1300.0 -1300.0 -1298.0 -1293.0 -1282.0 -1271.0 
-1259.0 -1242.0 -1225.0 -1206.0 -1183.0 -1159.0 -1134.0 
-1108.0 -1080.0 -1052.0 -1023.0 -993.0 -966.0 -935.0 
-904.0 -876.0 -847.0 -817.0 -788.0 -760.0 -732.0 
-706.0 -680.0 -655.0 -631.0 -608.0 -585.0 -563.0 
-541.0 -514.0 -489.0 -466.0 -441.0 -415.0 -388.0 
-363.0 -339.0 -314.0 -291.0 -268.0 -245.0 -224.0 
-203.0 -184.0 -166.0 -149.0 -133.0 -118.0 -106.0 
-94.0 -84.0 -75.0 -69.0 -66.0 -64.0 -63.0 
-65.0 -67.0 -72.0 -81.0 -89.0 -102.0 -114.0 
-129.0 -146.0 -162.0 -182.0 -203.0 -224.0 -247.0 
-272.0 -297.0 -323.0 -347.0 -371.0 -400.0 -430.0 
-457.0 -487.0 -517.0 -547.0 -575.0 -605.0 -632.0 
-658.0 -686.0 -709.0 -733.0 -757.0 -779.0 -800.0 
-820.0 -838.0 -852.0 -868.0 -882.0 -895.0 -907.0 
-916.0 -921.0 -928.0 -934.0 -938.0 -944.0 -946.0 
-950.0 -950.0 -948.0 -947.0 -941.0 -937.0 -931.0 
-926.0 -918.0 -912.0 -908.0 -902.0 -896.0 -889.0 
-885.0 -881.0 -877.0 -874.0 -870.0 -869.0 -871.0 
-871.0 -871.0 -874.0 -875.0 -877.0 -877.0 -877.0 
-877.0 -879.0 -879.0 -879.0 -878.0 -875.0 -874.0 
-870.0 -866.0 -860.0 -855.0 -845.0 -835.0 -830.0 
-819.0 -810.0 -799.0 -789.0 -781.0 -772.0 -760.0 
-745.0 -735.0 -719.0 -702.0 -687.0 -672.0 -658.0 
-642.0 -630.0 -616.0 -604.0 -593.0 -580.0 -568.0 
-559.0 -550.0 -540.0 -531.0 -524.0 -519.0 -513.0 
-511.0 -510.0 -509.0 -510.0 -511.0 -514.0 -519.0 
-525.0 -531.0 -537.0 -545.0 -554.0 -565.0 -578.0 
-592.0 -610.0 -624.0 -640.0 -657.0 -673.0 -690.0 
-705.0 -719.0 -732.0 -746.0 -758.0 -768.0 -778.0 
-786.0 -793.0 -798.0 -805.0 -810.0 -816.0 -820.0 
-826.0 -830.0 -830.0 -833.0 -832.0 -833.0 -831.0 
-828.0 -827.0 -822.0 -816.0 -811.0 -807.0 -799.0 
-793.0 -785.0 -775.0 -767.0 -758.0 -748.0 -735.0 
-726.0 -715.0 -703.0 -691.0 -681.0 -670.0 -659.0 
-650.0 -639.0 -630.0 -618.0 -611.0 -602.0 -594.0 
-589.0 -577.0 -569.0 -561.0 -556.0 -550.0 -547.0 
-546.0 -544.0 -545.0 -547.0 -550.0 -553.0 -556.0 
-560.0 -564.0 -566.0 -569.0 -574.0 -576.0 -581.0 
-584.0 -589.0 -595.0 -598.0 -603.0 -607.0 -613.0 
-616.0 -620.0 -625.0 -630.0 -637.0 -639.0 -645.0 
-650.0 -654.0 -660.0 -665.0 -673.0 -679.0 -685.0 
-691.0 -696.0 -701.0 -707.0 -713.0 -719.0 -728.0 
-735.0 -744.0 -755.0 -760.0 -770.0 -779.0 -790.0 
-801.0 -810.0 -822.0 -832.0 -844.0 -856.0 -869.0 
-880.0 -890.0 -900.0 -909.0 -922.0 -934.0 -946.0 
-960.0 -972.0 -982.0 -991.0 -1000.0 -1007.0 -1015.0 
-1020.0 -1026.0 -1029.0 -1033.0 -1033.0 -1034.0 -1036.0 
-1030.0 -1024.0 -1017.0 -1003.0 -989.0 -971.0 -954.0 
-933.0 -909.0 -885.0 -855.0 -827.0 -797.0 -768.0 
-737.0 -704.0 -673.0 -641.0 -609.0 -578.0 -548.0 
-519.0 -492.0 -467.0 -439.0 -413.0 -392.0 -370.0 
-349.0 -330.0 -314.0 -303.0 -287.0 -277.0 -270.0 
-261.0 -254.0 -250.0 -246.0 -242.0 -243.0 -242.0 
-242.0 -242.0 -243.0 -245.0 -247.0 -248.0 -249.0 
-256.0 -259.0 -265.0 -271.0 -279.0 -291.0 -299.0 
-313.0 -326.0 -342.0 -361.0 -381.0 -403.0 -425.0 
-451.0 -476.0 -503.0 -533.0 -562.0 -595.0 -628.0 
-661.0 -698.0 -736.0 -772.0 -808.0 -844.0 -879.0 
-915.0 -950.0 -983.0 -1013.0 -1046.0 -1073.0 -1101.0 
-1128.0 -1147.0 -1166.0 -1182.0 -1197.0 -1207.0 -1213.0 
-1218.0 -1219.0 -1216.0 -1212.0 -1205.0 -1198.0 -1188.0 
-1172.0 -1157.0 -1140.0 -1121.0 -1101.0 -1079.0 -1054.0 
-1030.0 -1004.0 -974.0 -946.0 -919.0 -892.0 -865.0 
-841.0 -818.0 -795.0 -774.0 -755.0 -735.0 -713.0 
-695.0 -672.0 -653.0 -635.0 -611.0 -591.0 -567.0 
-550.0 -529.0 -508.0 -490.0 -469.0 -452.0 -434.0 
-419.0 -406.0 -394.0 -386.0 -374.0 -366.0 -360.0 
-355.0 -352.0 -351.0 -349.0 -348.0 -351.0 -354.0 
-358.0 -365.0 -372.0 -380.0 -391.0 -404.0 -415.0 
-429.0 -445.0 -461.0 -478.0 -495.0 -514.0 -530.0 
-547.0 -564.0 -581.0 -600.0 -615.0 -634.0 -651.0 
-668.0 -688.0 -707.0 -727.0 -746.0 -763.0 -784.0 
-804.0 -825.0 -846.0 -864.0 -885.0 -903.0 -920.0 
-938.0 -952.0 -962.0 -973.0 -982.0 -988.0 -991.0 
-993.0 -994.0 -997.0 -997.0 -997.0 -994.0 -989.0 
-986.0 -979.0 -968.0 -960.0 -953.0 -943.0 -933.0 
-923.0 -914.0 -903.0 -891.0 -878.0 -863.0 -850.0 
-834.0 -819.0 -804.0 -786.0 -772.0 -757.0 -745.0 
-733.0 -723.0 -719.0 -708.0 -699.0 -696.0 -691.0 
-686.0 -683.0 -684.0 -677.0 -674.0 -673.0 -669.0 
-672.0 -673.0 -674.0 -678.0 -681.0 -687.0 -689.0 
-693.0 -697.0 -697.0 -698.0 -697.0 -700.0 -702.0 
-702.0 -705.0 -706.0 -706.0 -706.0 -706.0 -708.0 
-710.0 -715.0 -718.0 -719.0 -726.0 -728.0 -733.0 
-743.0 -748.0 -754.0 -758.0 -768.0 -775.0 -781.0 
-790.0 -796.0 -805.0 -814.0 -823.0 -832.0 -839.0 
-846.0 -852.0 -855.0 -859.0 -859.0 -859.0 -860.0 
-857.0 -852.0 -845.0 -839.0 -831.0 -821.0 -811.0 
-801.0 -790.0 -778.0 -766.0 -752.0 -739.0 -724.0 
-713.0 -701.0 -689.0 -680.0 -666.0 -653.0 -638.0 
-624.0 -611.0 -600.0 -591.0 -583.0 -582.0 -579.0 
-576.0 -575.0 -573.0 -571.0 -568.0 -570.0 -569.0 
-569.0 -572.0 -573.0 -575.0 -578.0 -579.0 -582.0 
-588.0 -594.0 -600.0 -607.0 -618.0 -626.0 -637.0 
-652.0 -662.0 -674.0 -685.0 -700.0 -716.0 -729.0 
-746.0 -759.0 -774.0 -787.0 -799.0 -813.0 -829.0 
-844.0 -855.0 -867.0 -879.0 -890.0 -896.0 -904.0 
-906.0 -906.0 -906.0 -902.0 -898.0 -892.0 -887.0 
-878.0 -867.0 -858.0 -846.0 -834.0 -823.0 -815.0 
-803.0 -792.0 -782.0 -773.0 -761.0 -749.0 -739.0 
-729.0 -719.0 -710.0 -704.0 -696.0 -691.0 -685.0 
-677.0 -675.0 -671.0 -668.0 -665.0 -666.0 -666.0 
-663.0 -664.0 -662.0 -664.0 -669.0 -673.0 -676.0 
-679.0 -685.0 -691.0 -700.0 -709.0 -718.0 -726.0 
-736.0 -745.0 -751.0 -759.0 -766.0 -772.0 -778.0 
-783.0 -786.0 -790.0 -790.0 -789.0 -794.0 -799.0 
-802.0 -800.0 -800.0 -800.0 -796.0 -791.0 -786.0 
-781.0 -774.0 -769.0 -762.0 -753.0 -748.0 -742.0 
-736.0 -725.0 -716.0 -708.0 -699.0 -691.0 -682.0 
-676.0 -666.0 -659.0 -651.0 -643.0 -638.0 -632.0 
-626.0 -621.0 -618.0 -614.0 -612.0 -611.0 -608.0 
-605.0 -601.0 -599.0 -597.0 -600.0 -601.0 -605.0 
-610.0 -615.0 -621.0 -626.0 -635.0 -644.0 -655.0 
-663.0 -674.0 -683.0 -695.0 -711.0 -722.0 -734.0 
-748.0 -763.0 -779.0 -796.0 -814.0 -829.0 -842.0 
-855.0 -870.0 -883.0 -894.0 -904.0 -910.0 -918.0 
-928.0 -939.0 -944.0 -952.0 -959.0 -964.0 -970.0 
-974.0 -976.0 -976.0 -978.0 -978.0 -978.0 -980.0 
-979.0 -979.0 -979.0 -974.0 -974.0 -973.0 -972.0 
-969.0 -967.0 -965.0 -957.0 -952.0 -940.0 -927.0 
-915.0 -902.0 -891.0 -876.0 -863.0 -846.0 -828.0 
-811.0 -794.0 -778.0 -762.0 -746.0 -732.0 -719.0 
-702.0 -689.0 -675.0 -664.0 -654.0 -645.0 -639.0 
-635.0 -633.0 -633.0 -632.0 -632.0 -634.0 -635.0 
-641.0 -646.0 -649.0 -653.0 -658.0 -661.0 -661.0 
-667.0 -669.0 -673.0 -678.0 -684.0 -689.0 -694.0 
-702.0 -708.0 -716.0 -723.0 -731.0 -739.0 -747.0 
-756.0 -763.0 -773.0 -780.0 -788.0 -794.0 -803.0 
-810.0 -814.0 -820.0 -823.0 -828.0 -828.0 -829.0 
-829.0 -828.0 -828.0 -828.0 -829.0 -828.0 -831.0 
-830.0 -835.0 -835.0 -834.0 -835.0 -836.0 -836.0 
-833.0 -833.0 -832.0 -833.0 -830.0 -828.0 -826.0 
-822.0 -821.0 -814.0 -808.0 -804.0 -798.0 -794.0 
-792.0 -790.0 -789.0 -787.0 -788.0 -791.0 -796.0 
-803.0 -809.0 -815.0 -821.0 -825.0 -830.0 -837.0 
-840.0 -842.0 -845.0 -849.0 -849.0 -849.0 -849.0 
-845.0 -843.0 -839.0 -838.0 -832.0 -826.0 -821.0 
-813.0 -810.0 -804.0 -802.0 -801.0 -797.0 -793.0 
-788.0 -785.0 -780.0 -777.0 -772.0 -767.0 -761.0 
-752.0 -746.0 -741.0 -737.0 -734.0 -729.0 -726.0 
-720.0 -718.0 -716.0 -715.0 -717.0 -717.0 -720.0 
-720.0 -723.0 -728.0 -732.0 -738.0 -743.0 -749.0 
-753.0 -762.0 -770.0 -778.0 -789.0 -798.0 -806.0 
-815.0 -824.0 -831.0 -838.0 -844.0 -849.0 -851.0 
-854.0 -856.0 -856.0 -858.0 -858.0 -859.0 -856.0 
-853.0 -846.0 -836.0 -829.0 -818.0 -809.0 -801.0 
-792.0 -783.0 -775.0 -768.0 -761.0 -754.0 -749.0 
-747.0 -744.0 -741.0 -739.0 -739.0 -740.0 -745.0 
-748.0 -752.0 -754.0 -753.0 -754.0 -754.0 -754.0 
-753.0 -751.0 -750.0 -748.0 -748.0 -748.0 -750.0 
-751.0 -752.0 -752.0 -755.0 -757.0 -760.0 -764.0 
-764.0 -769.0 -769.0 -775.0 -780.0 -787.0 -797.0 
-806.0 -820.0 -825.0 -836.0 -850.0 -864.0 -877.0 
-890.0 -905.0 -917.0 -929.0 -939.0 -952.0 -960.0 
-970.0 -979.0 -986.0 -993.0 -997.0 -1003.0 -1005.0 
-1009.0 -1008.0 -1008.0 -1007.0 -1003.0 -1002.0 -995.0 
-991.0 -985.0 -977.0 -969.0 -957.0 -944.0 -933.0 
-919.0 -905.0 -891.0 -875.0 -863.0 -847.0 -831.0 
-817.0 -799.0 -782.0 -764.0 -747.0 -731.0 -714.0 
-698.0 -681.0 -666.0 -653.0 -640.0 -629.0 -618.0 
-609.0 -598.0 -589.0 -585.0 -579.0 -577.0 -577.0 
-579.0 -582.0 -584.0 -589.0 -594.0 -603.0 -613.0 
-621.0 -633.0 -647.0 -659.0 -673.0 -686.0 -701.0 
-718.0 -734.0 -754.0 -771.0 -786.0 -805.0 -823.0 
-842.0 -859.0 -878.0 -899.0 -916.0 -931.0 -947.0 
-962.0 -973.0 -983.0 -991.0 -996.0 -1000.0 -1003.0 
-1003.0 -1002.0 -1002.0 -997.0 -992.0 -985.0 -978.0 
-972.0 -963.0 -955.0 -945.0 -936.0 -923.0 -911.0 
-899.0 -888.0 -879.0 -867.0 -858.0 -850.0 -843.0 
-837.0 -831.0 -830.0 -825.0 -819.0 -815.0 -808.0 
-806.0 -805.0 -802.0 -803.0 -802.0 -803.0 -804.0 
-805.0 -809.0 -810.0 -814.0 -817.0 -823.0 -828.0 
-830.0 -834.0 -837.0 -842.0 -841.0 -845.0 -848.0 
-851.0 -858.0 -861.0 -866.0 -868.0 -873.0 -874.0 
-877.0 -880.0 -878.0 -882.0 -882.0 -883.0 -883.0 
-883.0 -886.0 -888.0 -892.0 -894.0 -895.0 -897.0 
-898.0 -896.0 -896.0 -893.0 -892.0 -891.0 -886.0 
-883.0 -881.0 -875.0 -870.0 -863.0 -854.0 -848.0 
-842.0 -835.0 -830.0 -828.0 -825.0 -820.0 -818.0 
-814.0 -813.0 -811.0 -809.0 -809.0 -809.0 -810.0 
-809.0 -809.0 -808.0 -809.0 -807.0 -808.0 -811.0 
-811.0 -815.0 -817.0 -819.0 -821.0 -823.0 -827.0 
-829.0 -833.0 -833.0 -833.0 -833.0 -835.0 -837.0 
-839.0 -843.0 -844.0 -845.0 -845.0 -848.0 -849.0 
-852.0 -855.0 -857.0 -861.0 -863.0 -868.0 -869.0 
-871.0 -873.0 -870.0 -874.0 -871.0 -873.0 -875.0 
-878.0 -882.0 -884.0 -890.0 -891.0 -895.0 -895.0 
-898.0 -903.0 -907.0 -913.0 -915.0 -919.0 -920.0 
-925.0 -926.0 -927.0 -931.0 -927.0 -926.0 -924.0 
-922.0 -918.0 -915.0 -910.0 -904.0 -898.0 -891.0 
-885.0 -878.0 -870.0 -862.0 -854.0 -845.0 -838.0 
-832.0 -824.0 -815.0 -806.0 -799.0 -793.0 -790.0 
-785.0 -782.0 -780.0 -777.0 -776.0 -776.0 -776.0 
-777.0 -779.0 -779.0 -781.0 -782.0 -784.0 -780.0 
-783.0 -785.0 -783.0 -784.0 -782.0 -784.0 -784.0 
-787.0 -789.0 -793.0 -800.0 -807.0 -815.0 -820.0 
-831.0 -838.0 -846.0 -857.0 -863.0 -869.0 -876.0 
-884.0 -885.0 -884.0 -885.0 -886.0 -885.0 -887.0 
-888.0 -887.0 -889.0 -889.0 -891.0 -892.0 -892.0 
-890.0 -887.0 -885.0 -880.0 -874.0 -867.0 -861.0 
-853.0 -845.0 -838.0 -832.0 -824.0 -819.0 -812.0 
-804.0 -803.0 -797.0 -793.0 -793.0 -791.0 -792.0 
-790.0 -792.0 -793.0 -793.0 -797.0 -800.0 -802.0 
-805.0 -810.0 -814.0 -818.0 -825.0 -830.0 -837.0 
-841.0 -848.0 -856.0 -864.0 -872.0 -879.0 -886.0 
-898.0 -909.0 -918.0 -932.0 -943.0 -956.0 -969.0 
-981.0 -993.0 -1003.0 -1013.0 -1021.0 -1029.0 -1035.0 
-1040.0 -1044.0 -1045.0 -1047.0 -1049.0 -1050.0 -1051.0 
-1048.0 -1045.0 -1044.0 -1041.0 -1039.0 -1034.0 -1032.0 
-1028.0 -1024.0 -1020.0 -1018.0 -1014.0 -1012.0 -1012.0 
-1008.0 -1006.0 -1004.0 -1001.0 -1000.0 -997.0 -995.0 
-989.0 -984.0 -977.0 -968.0 -960.0 -947.0 -933.0 
-915.0 -900.0 -880.0 -861.0 -842.0 -821.0 -802.0 
-778.0 -762.0 -744.0 -728.0 -712.0 -694.0 -678.0 
-660.0 -647.0 -631.0 -623.0 -614.0 -605.0 -600.0 
-596.0 -596.0 -595.0 -597.0 -599.0 -602.0 -607.0 
-611.0 -618.0 -625.0 -634.0 -642.0 -651.0 -661.0 
-671.0 -681.0 -690.0 -701.0 -711.0 -724.0 -736.0 
-746.0 -755.0 -762.0 -770.0 -775.0 -781.0 -789.0 
-791.0 -793.0 -798.0 -802.0 -804.0 -805.0 -807.0 
-809.0 -807.0 -809.0 -815.0 -815.0 -818.0 -822.0 
-826.0 -831.0 -834.0 -839.0 -844.0 -853.0 -863.0 
-876.0 -893.0 -907.0 -917.0 -933.0 -951.0 -968.0 
-989.0 -1011.0 -1035.0 -1062.0 -1088.0 -1113.0 -1138.0 
-1164.0 -1187.0 -1212.0 -1234.0 -1257.0 -1279.0 -1298.0 
-1318.0 -1338.0 -1354.0 -1369.0 -1383.0 -1394.0 -1404.0 
-1410.0 -1414.0 -1412.0 -1406.0 -1401.0 -1395.0 -1390.0 
-1382.0 -1371.0 -1359.0 -1345.0 -1327.0 -1306.0 -1285.0 
-1262.0 -1234.0 -1209.0 -1186.0 -1162.0 -1137.0 -1110.0 
-1085.0 -1056.0 -1027.0 -997.0 -967.0 -939.0 -911.0 
-882.0 -852.0 -821.0 -789.0 -756.0 -723.0 -689.0 
-655.0 -624.0 -591.0 -556.0 -520.0 -488.0 -457.0 
-423.0 -394.0 -364.0 -337.0 -316.0 -295.0 -277.0 
-258.0 -246.0 -232.0 -222.0 -217.0 -212.0 -214.0 
-218.0 -226.0 -233.0 -245.0 -257.0 -270.0 -288.0 
-310.0 -333.0 -356.0 -384.0 -411.0 -442.0 -477.0 
-512.0 -546.0 -579.0 -613.0 -646.0 -680.0 -716.0 
-755.0 -792.0 -830.0 -868.0 -904.0 -941.0 -977.0 
-1009.0 -1037.0 -1065.0 -1090.0 -1112.0 -1133.0 -1154.0 
-1174.0 -1188.0 -1202.0 -1210.0 -1211.0 -1216.0 -1219.0 
-1219.0 -1219.0 -1219.0 -1220.0 -1222.0 -1223.0 -1225.0 
-1225.0 -1224.0 -1222.0 -1220.0 -1219.0 -1217.0 -1218.0 
-1219.0 -1221.0 -1223.0 -1224.0 -1226.0 -1228.0 -1232.0 
-1233.0 -1236.0 -1234.0 -1233.0 -1235.0 -1229.0 -1229.0 
-1228.0 -1226.0 -1222.0 -1219.0 -1216.0 -1207.0 -1198.0 
-1190.0 -1183.0 -1170.0 -1158.0 -1144.0 -1130.0 -1116.0 
-1097.0 -1082.0 -1068.0 -1055.0 -1038.0 -1018.0 -1000.0 
-982.0 -966.0 -950.0 -933.0 -916.0 -898.0 -882.0 
-867.0 -852.0 -838.0 -824.0 -809.0 -793.0 -779.0 
-762.0 -744.0 -727.0 -710.0 -693.0 -679.0 -664.0 
-649.0 -637.0 -623.0 -607.0 -589.0 -575.0 -562.0 
-549.0 -540.0 -531.0 -522.0 -513.0 -508.0 -504.0 
-500.0 -500.0 -503.0 -505.0 -508.0 -511.0 -516.0 
-519.0 -522.0 -529.0 -536.0 -546.0 -555.0 -565.0 
-576.0 -588.0 -603.0 -614.0 -625.0 -635.0 -647.0 
-662.0 -675.0 -692.0 -710.0 -728.0 -746.0 -765.0 
-784.0 -804.0 -825.0 -844.0 -864.0 -882.0 -904.0 
-925.0 -941.0 -956.0 -973.0 -994.0 -1012.0 -1035.0 
-1051.0 -1068.0 -1085.0 -1098.0 -1112.0 -1124.0 -1140.0 
-1155.0 -1168.0 -1182.0 -1193.0 -1208.0 -1217.0 -1226.0 
-1235.0 -1243.0 -1253.0 -1259.0 -1270.0 -1277.0 -1284.0 
-1291.0 -1295.0 -1296.0 -1294.0 -1295.0 -1293.0 -1292.0 
-1286.0 -1283.0 -1279.0 -1268.0 -1260.0 -1249.0 -1238.0 
-1226.0 -1218.0 -1209.0 -1195.0 -1184.0 -1168.0 -1154.0 
-1136.0 -1120.0 -1106.0 -1088.0 -1074.0 -1058.0 -1042.0 
-1026.0 -1011.0 -994.0 -977.0 -962.0 -947.0 -933.0 
-921.0 -910.0 -897.0 -886.0 -877.0 -867.0 -861.0 
-852.0 -846.0 -838.0 -833.0 -827.0 -818.0 -810.0 
-801.0 -791.0 -780.0 -769.0 -756.0 -744.0 -733.0 
-722.0 -712.0 -700.0 -690.0 -678.0 -669.0 -661.0 
-652.0 -644.0 -637.0 -630.0 -623.0 -617.0 -614.0 
-609.0 -604.0 -603.0 -598.0 -593.0 -590.0 -589.0 
-590.0 -591.0 -597.0 -603.0 -610.0 -620.0 -633.0 
-649.0 -666.0 -683.0 -701.0 -722.0 -744.0 -766.0 
-787.0 -806.0 -828.0 -847.0 -866.0 -887.0 -905.0 
-928.0 -949.0 -969.0 -991.0 -1011.0 -1028.0 -1047.0 
-1067.0 -1086.0 -1107.0 -1129.0 -1151.0 -1170.0 -1190.0 
-1211.0 -1229.0 -1246.0 -1258.0 -1270.0 -1278.0 -1284.0 
-1290.0 -1291.0 -1292.0 -1292.0 -1291.0 -1289.0 -1288.0 
-1287.0 -1284.0 -1284.0 -1280.0 -1272.0 -1262.0 -1250.0 
-1241.0 -1233.0 -1224.0 -1214.0 -1206.0 -1199.0 -1191.0 
-1183.0 -1176.0 -1164.0 -1150.0 -1136.0 -1122.0 -1111.0 
-1100.0 -1095.0 -1087.0 -1077.0 -1071.0 -1062.0 -1053.0 
-1043.0 -1033.0 -1023.0 -1015.0 -1005.0 -990.0 -974.0 
-955.0 -938.0 -923.0 -908.0 -899.0 -887.0 -876.0 
-866.0 -854.0 -840.0 -824.0 -810.0 -795.0 -779.0 
-765.0 -755.0 -742.0 -727.0 -716.0 -704.0 -697.0 
-694.0 -692.0 -690.0 -686.0 -679.0 -674.0 -666.0 
-659.0 -652.0 -647.0 -647.0 -645.0 -646.0 -645.0 
-642.0 -636.0 -623.0 -605.0 -587.0 -576.0 -566.0 
-562.0 -568.0 -578.0 -587.0 -595.0 -602.0 -607.0 
-609.0 -612.0 -617.0 -624.0 -631.0 -642.0 -657.0 
-672.0 -690.0 -707.0 -726.0 -745.0 -761.0 -784.0 
-807.0 -830.0 -852.0 -874.0 -894.0 -913.0 -931.0 
-947.0 -965.0 -979.0 -995.0 -1009.0 -1027.0 -1048.0 
-1065.0 -1088.0 -1105.0 -1123.0 -1140.0 -1157.0 -1173.0 
-1184.0 -1191.0 -1191.0 -1195.0 -1197.0 -1200.0 -1210.0 
-1221.0 -1229.0 -1232.0 -1237.0 -1240.0 -1240.0 -1244.0 
-1244.0 -1242.0 -1242.0 -1241.0 -1240.0 -1239.0 -1235.0 
-1226.0 -1215.0 -1199.0 -1184.0 -1169.0 -1154.0 -1145.0 
-1132.0 -1121.0 -1109.0 -1095.0 -1080.0 -1064.0 -1052.0 
-1038.0 -1026.0 -1017.0 -1012.0 -1006.0 -998.0 -988.0 
-975.0 -961.0 -948.0 -934.0 -919.0 -908.0 -897.0 
-886.0 -877.0 -864.0 -846.0 -827.0 -808.0 -792.0 
-780.0 -766.0 -752.0 -735.0 -721.0 -713.0 -705.0 
-702.0 -699.0 -695.0 -687.0 -674.0 -662.0 -649.0 
-640.0 -635.0 -633.0 -639.0 -648.0 -657.0 -670.0 
-680.0 -690.0 -701.0 -713.0 -728.0 -748.0 -775.0 
-803.0 -832.0 -856.0 -877.0 -896.0 -912.0 -927.0 
-945.0 -966.0 -985.0 -1003.0 -1014.0 -1024.0 -1033.0 
-1042.0 -1052.0 -1063.0 -1075.0 -1087.0 -1098.0 -1108.0 
-1114.0 -1119.0 -1121.0 -1120.0 -1118.0 -1116.0 -1119.0 
-1122.0 -1128.0 -1132.0 -1131.0 -1134.0 -1131.0 -1133.0 
-1136.0 -1139.0 -1144.0 -1145.0 -1145.0 -1141.0 -1134.0 
-1125.0 -1119.0 -1114.0 -1111.0 -1109.0 -1106.0 -1102.0 
-1096.0 -1088.0 -1077.0 -1071.0 -1062.0 -1054.0 -1048.0 
-1043.0 -1037.0 -1029.0 -1026.0 -1021.0 -1017.0 -1016.0 
-1019.0 -1025.0 -1033.0 -1037.0 -1035.0 -1034.0 -1033.0 
-1036.0 -1037.0 -1036.0 -1033.0 -1030.0 -1026.0 -1021.0 
-1017.0 -1008.0 -1000.0 -988.0 -973.0 -961.0 -949.0 
-937.0 -925.0 -914.0 -903.0 -893.0 -886.0 -878.0 
-868.0 -858.0 -847.0 -839.0 -831.0 -815.0 -800.0 
-786.0 -776.0 -768.0 -760.0 -759.0 -755.0 -755.0 
-756.0 -756.0 -755.0 -750.0 -747.0 -745.0 -746.0 
-748.0 -750.0 -751.0 -753.0 -758.0 -764.0 -772.0 
-781.0 -794.0 -805.0 -822.0 -834.0 -846.0 -860.0 
-875.0 -894.0 -912.0 -931.0 -944.0 -961.0 -982.0 
-1004.0 -1029.0 -1054.0 -1081.0 -1105.0 -1129.0 -1152.0 
-1173.0 -1192.0 -1207.0 -1223.0 -1239.0 -1253.0 -1265.0 
-1277.0 -1290.0 -1299.0 -1305.0 -1311.0 -1313.0 -1313.0 
-1310.0 -1304.0 -1302.0 -1296.0 -1289.0 -1281.0 -1274.0 
-1265.0 -1253.0 -1238.0 -1219.0 -1202.0 -1184.0 -1166.0 
-1147.0 -1130.0 -1112.0 -1092.0 -1072.0 -1050.0 -1026.0 
-999.0 -973.0 -946.0 -918.0 -894.0 -870.0 -844.0 
-817.0 -793.0 -770.0 -745.0 -723.0 -698.0 -676.0 
-656.0 -635.0 -617.0 -595.0 -577.0 -561.0 -549.0 
-541.0 -534.0 -530.0 -526.0 -522.0 -518.0 -515.0 
-513.0 -514.0 -517.0 -519.0 -526.0 -532.0 -541.0 
-553.0 -567.0 -582.0 -595.0 -613.0 -629.0 -645.0 
-664.0 -682.0 -702.0 -719.0 -736.0 -755.0 -776.0 
-798.0 -817.0 -840.0 -864.0 -887.0 -912.0 -934.0 
-956.0 -977.0 -997.0 -1016.0 -1033.0 -1049.0 -1068.0 
-1085.0 -1106.0 -1126.0 -1142.0 -1162.0 -1180.0 -1202.0 
-1223.0 -1244.0 -1265.0 -1282.0 -1298.0 -1311.0 -1326.0 
-1336.0 -1342.0 -1347.0 -1352.0 -1356.0 -1361.0 -1364.0 
-1366.0 -1367.0 -1358.0 -1347.0 -1336.0 -1325.0 -1312.0 
-1297.0 -1286.0 -1270.0 -1254.0 -1237.0 -1221.0 -1208.0 
-1193.0 -1180.0 -1167.0 -1153.0 -1139.0 -1126.0 -1116.0 
-1103.0 -1084.0 -1063.0 -1042.0 -1022.0 -1002.0 -981.0 
-962.0 -942.0 -923.0 -906.0 -888.0 -872.0 -855.0 
-840.0 -822.0 -805.0 -788.0 -768.0 -750.0 -732.0 
-719.0 -706.0 -698.0 -694.0 -688.0 -682.0 -677.0 
-669.0 -663.0 -656.0 -650.0 -645.0 -643.0 -645.0 
-647.0 -652.0 -660.0 -666.0 -674.0 -680.0 -686.0 
-692.0 -701.0 -712.0 -720.0 -727.0 -735.0 -745.0 
-757.0 -771.0 -790.0 -811.0 -832.0 -853.0 -871.0 
-884.0 -900.0 -913.0 -927.0 -945.0 -958.0 -973.0 
-987.0 -1000.0 -1014.0 -1028.0 -1042.0 -1055.0 -1068.0 
-1082.0 -1094.0 -1106.0 -1113.0 -1116.0 -1118.0 -1119.0 
-1121.0 -1121.0 -1125.0 -1128.0 -1126.0 -1128.0 -1127.0 
-1130.0 -1130.0 -1131.0 -1133.0 -1128.0 -1126.0 -1118.0 
-1110.0 -1103.0 -1096.0 -1088.0 -1083.0 -1078.0 -1076.0 
-1075.0 -1072.0 -1073.0 -1068.0 -1065.0 -1062.0 -1057.0 
-1054.0 -1051.0 -1051.0 -1050.0 -1053.0 -1056.0 -1055.0 
-1061.0 -1066.0 -1075.0 -1086.0 -1101.0 -1114.0 -1124.0 
-1136.0 -1142.0 -1149.0 -1156.0 -1160.0 -1167.0 -1173.0 
-1179.0 -1185.0 -1187.0 -1187.0 -1187.0 -1187.0 -1186.0 
-1186.0 -1184.0 -1179.0 -1175.0 -1168.0 -1160.0 -1151.0 
-1142.0 -1126.0 -1109.0 -1091.0 -1073.0 -1057.0 -1041.0 
-1027.0 -1012.0 -994.0 -979.0 -958.0 -939.0 -921.0 
-901.0 -882.0 -862.0 -844.0 -827.0 -808.0 -792.0 
-775.0 -760.0 -745.0 -729.0 -711.0 -694.0 -681.0 
-664.0 -649.0 -634.0 -622.0 -612.0 -600.0 -593.0 
-585.0 -578.0 -570.0 -566.0 -563.0 -561.0 -560.0 
-558.0 -558.0 -561.0 -569.0 -579.0 -594.0 -610.0 
-631.0 -654.0 -676.0 -701.0 -725.0 -753.0 -782.0 
-810.0 -837.0 -867.0 -905.0 -944.0 -982.0 -1020.0 
-1055.0 -1091.0 -1126.0 -1162.0 -1191.0 -1216.0 -1241.0 
-1263.0 -1286.0 -1309.0 -1329.0 -1348.0 -1366.0 -1380.0 
-1389.0 -1393.0 -1398.0 -1401.0 -1403.0 -1404.0 -1403.0 
-1402.0 -1394.0 -1389.0 -1386.0 -1378.0 -1372.0 -1361.0 
-1352.0 -1345.0 -1334.0 -1319.0 -1300.0 -1282.0 -1265.0 
-1250.0 -1237.0 -1228.0 -1217.0 -1206.0 -1194.0 -1178.0 
-1162.0 -1145.0 -1131.0 -1116.0 -1102.0 -1088.0 -1072.0 
-1055.0 -1034.0 -1009.0 -984.0 -955.0 -925.0 -895.0 
-868.0 -843.0 -818.0 -795.0 -773.0 -753.0 -731.0 
-707.0 -684.0 -663.0 -649.0 -631.0 -612.0 -598.0 
-585.0 -573.0 -563.0 -553.0 -543.0 -535.0 -527.0 
-519.0 -513.0 -509.0 -504.0 -505.0 -503.0 -500.0 
-501.0 -502.0 -505.0 -505.0 -511.0 -516.0 -521.0 
-531.0 -540.0 -549.0 -559.0 -570.0 -584.0 -600.0 
-612.0 -628.0 -647.0 -666.0 -691.0 -714.0 -738.0 
-762.0 -787.0 -813.0 -839.0 -869.0 -901.0 -932.0 
-966.0 -1000.0 -1036.0 -1072.0 -1109.0 -1148.0 -1182.0 
-1216.0 -1247.0 -1280.0 -1311.0 -1343.0 -1376.0 -1407.0 
-1439.0 -1467.0 -1496.0 -1521.0 -1543.0 -1565.0 -1585.0 
-1603.0 -1616.0 -1625.0 -1628.0 -1631.0 -1629.0 -1625.0 
-1620.0 -1610.0 -1599.0 -1585.0 -1572.0 -1558.0 -1544.0 
-1531.0 -1516.0 -1496.0 -1473.0 -1449.0 -1424.0 -1399.0 
-1372.0 -1346.0 -1319.0 -1294.0 -1262.0 -1233.0 -1206.0 
-1173.0 -1142.0 -1108.0 -1073.0 -1040.0 -1006.0 -969.0 
-931.0 -895.0 -861.0 -831.0 -802.0 -772.0 -742.0 
-712.0 -683.0 -656.0 -629.0 -602.0 -580.0 -560.0 
-540.0 -522.0 -505.0 -489.0 -477.0 -465.0 -456.0 
-449.0 -443.0 -438.0 -437.0 -439.0 -440.0 -442.0 
-445.0 -449.0 -453.0 -458.0 -463.0 -469.0 -475.0 
-481.0 -487.0 -491.0 -496.0 -502.0 -507.0 -511.0 
-516.0 -523.0 -527.0 -532.0 -536.0 -541.0 -549.0 
-555.0 -564.0 -575.0 -586.0 -601.0 -617.0 -633.0 
-649.0 -670.0 -686.0 -707.0 -727.0 -750.0 -778.0 
-802.0 -832.0 -861.0 -891.0 -921.0 -954.0 -988.0 
-1018.0 -1052.0 -1084.0 -1115.0 -1148.0 -1180.0 -1213.0 
-1248.0 -1282.0 -1316.0 -1350.0 -1384.0 -1417.0 -1446.0 
-1474.0 -1501.0 -1528.0 -1555.0 -1583.0 -1613.0 -1639.0 
-1666.0 -1691.0 -1715.0 -1743.0 -1764.0 -1788.0 -1809.0 
-1823.0 -1834.0 -1841.0 -1848.0 -1849.0 -1851.0 -1846.0 
-1840.0 -1830.0 -1817.0 -1809.0 -1792.0 -1775.0 -1753.0 
-1728.0 -1701.0 -1674.0 -1645.0 -1612.0 -1582.0 -1549.0 
-1513.0 -1474.0 -1438.0 -1400.0 -1357.0 -1315.0 -1269.0 
-1222.0 -1173.0 -1126.0 -1079.0 -1031.0 -982.0 -929.0 
-882.0 -831.0 -780.0 -731.0 -681.0 -630.0 -579.0 
-532.0 -483.0 -438.0 -392.0 -349.0 -308.0 -268.0 
-232.0 -198.0 -171.0 -142.0 -117.0 -99.0 -81.0 
-65.0 -49.0 -38.0 -31.0 -26.0 -24.0 -24.0 
-32.0 -42.0 -56.0 -75.0 -95.0 -122.0 -150.0 
-181.0 -212.0 -245.0 -280.0 -318.0 -359.0 -402.0 
-446.0 -491.0 -538.0 -587.0 -632.0 -679.0 -728.0 
-778.0 -825.0 -873.0 -918.0 -958.0 -997.0 -1035.0 
-1072.0 -1104.0 -1137.0 -1169.0 -1197.0 -1226.0 -1252.0 
-1277.0 -1299.0 -1319.0 -1341.0 -1359.0 -1376.0 -1391.0 
-1406.0 -1421.0 -1433.0 -1444.0 -1452.0 -1460.0 -1464.0 
-1464.0 -1464.0 -1462.0 -1461.0 -1457.0 -1454.0 -1450.0 
-1444.0 -1439.0 -1429.0 -1416.0 -1403.0 -1391.0 -1378.0 
-1365.0 -1352.0 -1338.0 -1325.0 -1313.0 -1303.0 -1291.0 
-1280.0 -1268.0 -1255.0 -1242.0 -1230.0 -1219.0 -1206.0 
-1193.0 -1180.0 -1163.0 -1145.0 -1127.0 -1109.0 -1093.0 
-1077.0 -1059.0 -1042.0 -1026.0 -1009.0 -988.0 -970.0 
-952.0 -936.0 -920.0 -905.0 -889.0 -873.0 -863.0 
-854.0 -843.0 -833.0 -829.0 -822.0 -818.0 -815.0 
-810.0 -809.0 -807.0 -804.0 -798.0 -792.0 -785.0 
-777.0 -769.0 -763.0 -757.0 -750.0 -748.0 -744.0 
-737.0 -734.0 -730.0 -727.0 -725.0 -725.0 -723.0 
-725.0 -726.0 -731.0 -736.0 -740.0 -747.0 -751.0 
-757.0 -762.0 -766.0 -769.0 -773.0 -779.0 -781.0 
-789.0 -790.0 -792.0 -795.0 -794.0 -795.0 -795.0 
-798.0 -799.0 -798.0 -798.0 -797.0 -800.0 -804.0 
-807.0 -811.0 -817.0 -823.0 -834.0 -844.0 -856.0 
-869.0 -881.0 -896.0 -911.0 -928.0 -943.0 -959.0 
-976.0 -988.0 -1002.0 -1016.0 -1031.0 -1045.0 -1058.0 
-1067.0 -1078.0 -1088.0 -1097.0 -1105.0 -1111.0 -1117.0 
-1118.0 -1121.0 -1123.0 -1120.0 -1117.0 -1113.0 -1111.0 
-1105.0 -1100.0 -1096.0 -1091.0 -1088.0 -1085.0 -1083.0 
-1079.0 -1078.0 -1079.0 -1078.0 -1078.0 -1078.0 -1083.0 
-1088.0 -1093.0 -1098.0 -1106.0 -1111.0 -1117.0 -1122.0 
-1128.0 -1134.0 -1140.0 -1146.0 -1149.0 -1150.0 -1151.0 
-1152.0 -1149.0 -1145.0 -1141.0 -1133.0 -1126.0 -1116.0 
-1104.0 -1090.0 -1074.0 -1059.0 -1045.0 -1031.0 -1018.0 
-1007.0 -995.0 -981.0 -969.0 -957.0 -944.0 -930.0 
-917.0 -905.0 -894.0 -884.0 -873.0 -867.0 -860.0 
-855.0 -850.0 -846.0 -847.0 -845.0 -844.0 -846.0 
-848.0 -854.0 -863.0 -871.0 -880.0 -892.0 -905.0 
-920.0 -937.0 -953.0 -969.0 -988.0 -1005.0 -1022.0 
-1038.0 -1056.0 -1072.0 -1084.0 -1096.0 -1107.0 -1115.0 
-1122.0 -1126.0 -1130.0 -1131.0 -1131.0 -1129.0 -1126.0 
-1123.0 -1118.0 -1112.0 -1107.0 -1100.0 -1091.0 -1082.0 
-1074.0 -1063.0 -1053.0 -1043.0 -1033.0 -1023.0 -1013.0 
-1002.0 -993.0 -983.0 -969.0 -958.0 -944.0 -931.0 
-917.0 -903.0 -890.0 -873.0 -859.0 -843.0 -830.0 
-816.0 -802.0 -794.0 -781.0 -769.0 -759.0 -751.0 
-744.0 -738.0 -735.0 -731.0 -730.0 -728.0 -727.0 
-728.0 -727.0 -728.0 -731.0 -736.0 -740.0 -744.0 
-750.0 -758.0 -768.0 -778.0 -789.0 -801.0 -812.0 
-825.0 -839.0 -851.0 -866.0 -882.0 -897.0 -914.0 
-929.0 -945.0 -959.0 -973.0 -990.0 -1002.0 -1014.0 
-1025.0 -1032.0 -1040.0 -1047.0 -1052.0 -1058.0 -1061.0 
-1066.0 -1071.0 -1075.0 -1078.0 -1080.0 -1083.0 -1085.0 
-1085.0 -1088.0 -1090.0 -1093.0 -1094.0 -1094.0 -1094.0 
-1094.0 -1092.0 -1091.0 -1090.0 -1088.0 -1088.0 -1089.0 
-1092.0 -1094.0 -1097.0 -1102.0 -1107.0 -1111.0 -1116.0 
-1121.0 -1126.0 -1130.0 -1134.0 -1134.0 -1138.0 -1140.0 
-1140.0 -1140.0 -1136.0 -1132.0 -1126.0 -1123.0 -1116.0 
-1108.0 -1100.0 -1089.0 -1081.0 -1067.0 -1055.0 -1041.0 
-1028.0 -1017.0 -1004.0 -992.0 -977.0 -966.0 -952.0 
-941.0 -928.0 -916.0 -905.0 -892.0 -882.0 -867.0 
-857.0 -845.0 -832.0 -821.0 -810.0 -802.0 -792.0 
-788.0 -781.0 -775.0 -768.0 -758.0 -752.0 -747.0 
-742.0 -738.0 -734.0 -730.0 -729.0 -727.0 -724.0 
-726.0 -726.0 -728.0 -729.0 -729.0 -730.0 -731.0 
-734.0 -735.0 -735.0 -738.0 -742.0 -745.0 -747.0 
-749.0 -753.0 -758.0 -761.0 -768.0 -774.0 -780.0 
-788.0 -794.0 -805.0 -814.0 -824.0 -836.0 -845.0 
-857.0 -869.0 -879.0 -887.0 -896.0 -907.0 -916.0 
-925.0 -934.0 -940.0 -949.0 -957.0 -965.0 -974.0 
-982.0 -991.0 -1001.0 -1010.0 -1018.0 -1027.0 -1035.0 
-1046.0 -1057.0 -1066.0 -1078.0 -1091.0 -1103.0 -1116.0 
-1130.0 -1143.0 -1157.0 -1172.0 -1187.0 -1200.0 -1215.0 
-1230.0 -1243.0 -1256.0 -1270.0 -1284.0 -1293.0 -1304.0 
-1314.0 -1325.0 -1336.0 -1346.0 -1357.0 -1365.0 -1373.0 
-1380.0 -1387.0 -1391.0 -1398.0 -1402.0 -1403.0 -1405.0 
-1405.0 -1406.0 -1404.0 -1404.0 -1399.0 -1392.0 -1380.0 
-1366.0 -1352.0 -1335.0 -1319.0 -1298.0 -1281.0 -1259.0 
-1236.0 -1215.0 -1187.0 -1161.0 -1131.0 -1103.0 -1071.0 
-1040.0 -1009.0 -971.0 -933.0 -893.0 -854.0 -815.0 
-773.0 -730.0 -687.0 -643.0 -600.0 -558.0 -516.0 
-478.0 -442.0 -407.0 -372.0 -340.0 -311.0 -282.0 
-257.0 -233.0 -209.0 -188.0 -171.0 -156.0 -144.0 
-132.0 -123.0 -118.0 -114.0 -114.0 -117.0 -125.0 
-135.0 -146.0 -167.0 -189.0 -212.0 -239.0 -267.0 
-301.0 -336.0 -374.0 -416.0 -461.0 -508.0 -556.0 
-607.0 -658.0 -712.0 -766.0 -819.0 -873.0 -924.0 
-975.0 -1024.0 -1073.0 -1120.0 -1163.0 -1208.0 -1248.0 
-1288.0 -1323.0 -1358.0 -1389.0 -1418.0 -1446.0 -1471.0 
-1495.0 -1516.0 -1535.0 -1551.0 -1569.0 -1582.0 -1594.0 
-1605.0 -1612.0 -1618.0 -1620.0 -1623.0 -1620.0 -1615.0 
-1610.0 -1599.0 -1592.0 -1582.0 -1571.0 -1559.0 -1542.0 
-1525.0 -1508.0 -1490.0 -1470.0 -1448.0 -1427.0 -1403.0 
-1379.0 -1352.0 -1327.0 -1302.0 -1275.0 -1245.0 -1214.0 
-1187.0 -1158.0 -1130.0 -1100.0 -1073.0 -1046.0 -1019.0 
-992.0 -963.0 -940.0 -914.0 -889.0 -867.0 -842.0 
-821.0 -799.0 -778.0 -756.0 -734.0 -714.0 -692.0 
-674.0 -654.0 -635.0 -618.0 -599.0 -585.0 -571.0 
-556.0 -542.0 -528.0 -516.0 -504.0 -494.0 -483.0 
-471.0 -462.0 -453.0 -446.0 -441.0 -436.0 -434.0 
-434.0 -434.0 -437.0 -443.0 -453.0 -463.0 -471.0 
-482.0 -496.0 -510.0 -527.0 -545.0 -561.0 -579.0 
-599.0 -619.0 -638.0 -659.0 -680.0 -701.0 -719.0 
-738.0 -757.0 -774.0 -794.0 -811.0 -829.0 -849.0 
-867.0 -886.0 -904.0 -923.0 -942.0 -959.0 -978.0 
-997.0 -1015.0 -1031.0 -1047.0 -1063.0 -1081.0 -1095.0 
-1110.0 -1125.0 -1139.0 -1156.0 -1168.0 -1184.0 -1198.0 
-1209.0 -1224.0 -1237.0 -1250.0 -1263.0 -1277.0 -1291.0 
-1302.0 -1314.0 -1325.0 -1333.0 -1341.0 -1348.0 -1356.0 
-1358.0 -1361.0 -1363.0 -1360.0 -1359.0 -1353.0 -1345.0 
-1338.0 -1327.0 -1315.0 -1300.0 -1285.0 -1267.0 -1247.0 
-1228.0 -1209.0 -1189.0 -1168.0 -1144.0 -1121.0 -1097.0 
-1073.0 -1050.0 -1025.0 -1001.0 -975.0 -951.0 -928.0 
-903.0 -880.0 -856.0 -834.0 -813.0 -789.0 -766.0 
-746.0 -726.0 -705.0 -689.0 -670.0 -652.0 -637.0 
-623.0 -610.0 -598.0 -586.0 -576.0 -569.0 -561.0 
-558.0 -554.0 -553.0 -556.0 -557.0 -562.0 -569.0 
-579.0 -587.0 -598.0 -607.0 -618.0 -631.0 -642.0 
-659.0 -672.0 -688.0 -701.0 -717.0 -733.0 -747.0 
-764.0 -780.0 -799.0 -814.0 -832.0 -850.0 -868.0 
-887.0 -907.0 -929.0 -947.0 -968.0 -988.0 -1008.0 
-1028.0 -1048.0 -1066.0 -1085.0 -1105.0 -1124.0 -1143.0 
-1159.0 -1176.0 -1189.0 -1200.0 -1208.0 -1218.0 -1225.0 
-1232.0 -1237.0 -1237.0 -1239.0 -1237.0 -1236.0 -1232.0 
-1228.0 -1225.0 -1218.0 -1213.0 -1205.0 -1197.0 -1186.0 
-1175.0 -1163.0 -1148.0 -1133.0 -1117.0 -1100.0 -1080.0 
-1060.0 -1038.0 -1016.0 -992.0 -965.0 -940.0 -912.0 
-885.0 -857.0 -826.0 -799.0 -772.0 -747.0 -723.0 
-697.0 -672.0 -649.0 -628.0 -608.0 -590.0 -576.0 
-561.0 -551.0 -540.0 -529.0 -523.0 -516.0 -514.0 
-512.0 -511.0 -511.0 -514.0 -520.0 -527.0 -536.0 
-546.0 -560.0 -573.0 -590.0 -608.0 -625.0 -645.0 
-663.0 -684.0 -703.0 -723.0 -741.0 -759.0 -779.0 
-794.0 -811.0 -827.0 -843.0 -856.0 -867.0 -879.0 
-886.0 -896.0 -903.0 -910.0 -918.0 -921.0 -928.0 
-933.0 -939.0 -945.0 -952.0 -959.0 -966.0 -976.0 
-984.0 -992.0 -1003.0 -1013.0 -1021.0 -1032.0 -1041.0 
-1049.0 -1059.0 -1066.0 -1076.0 -1082.0 -1091.0 -1101.0 
-1106.0 -1114.0 -1118.0 -1122.0 -1125.0 -1123.0 -1121.0 
-1121.0 -1120.0 -1119.0 -1115.0 -1112.0 -1110.0 -1103.0 
-1098.0 -1093.0 -1088.0 -1081.0 -1076.0 -1069.0 -1061.0 
-1055.0 -1046.0 -1040.0 -1031.0 -1022.0 -1013.0 -1002.0 
-991.0 -980.0 -967.0 -955.0 -943.0 -928.0 -914.0 
-901.0 -891.0 -876.0 -866.0 -856.0 -844.0 -837.0 
-829.0 -824.0 -817.0 -813.0 -809.0 -805.0 -803.0 
-799.0 -796.0 -789.0 -785.0 -781.0 -778.0 -773.0 
-769.0 -765.0 -762.0 -760.0 -757.0 -756.0 -755.0 
-758.0 -757.0 -759.0 -761.0 -760.0 -764.0 -766.0 
-771.0 -773.0 -777.0 -783.0 -788.0 -793.0 -800.0 
-808.0 -814.0 -822.0 -829.0 -836.0 -843.0 -848.0 
-855.0 -859.0 -863.0 -867.0 -873.0 -875.0 -875.0 
-877.0 -878.0 -880.0 -879.0 -880.0 -881.0 -878.0 
-881.0 -882.0 -881.0 -885.0 -887.0 -892.0 -897.0 
-904.0 -909.0 -915.0 -926.0 -934.0 -940.0 -949.0 
-960.0 -968.0 -977.0 -990.0 -1002.0 -1011.0 -1020.0 
-1033.0 -1039.0 -1047.0 -1056.0 -1063.0 -1071.0 -1078.0 
-1087.0 -1091.0 -1099.0 -1106.0 -1108.0 -1112.0 -1115.0 
-1115.0 -1116.0 -1116.0 -1113.0 -1110.0 -1107.0 -1102.0 
-1094.0 -1086.0 -1078.0 -1068.0 -1060.0 -1046.0 -1033.0 
-1020.0 -1005.0 -992.0 -975.0 -959.0 -941.0 -925.0 
-908.0 -890.0 -875.0 -856.0 -839.0 -821.0 -801.0 
-783.0 -764.0 -747.0 -731.0 -716.0 -700.0 -683.0 
-670.0 -655.0 -641.0 -628.0 -615.0 -604.0 -592.0 
-583.0 -575.0 -569.0 -561.0 -559.0 -556.0 -554.0 
-556.0 -556.0 -560.0 -562.0 -567.0 -572.0 -580.0 
-587.0 -593.0 -604.0 -611.0 -622.0 -632.0 -645.0 
-660.0 -673.0 -688.0 -700.0 -715.0 -731.0 -747.0 
-765.0 -781.0 -801.0 -820.0 -840.0 -859.0 -882.0 
-902.0 -923.0 -945.0 -967.0 -990.0 -1010.0 -1032.0 
-1054.0 -1076.0 -1096.0 -1115.0 -1132.0 -1147.0 -1162.0 
-1176.0 -1190.0 -1202.0 -1208.0 -1217.0 -1222.0 -1223.0 
-1224.0 -1224.0 -1223.0 -1218.0 -1213.0 -1209.0 -1202.0 
-1197.0 -1192.0 -1184.0 -1178.0 -1173.0 -1169.0 -1164.0 
-1159.0 -1157.0 -1154.0 -1150.0 -1150.0 -1145.0 -1142.0 
-1138.0 -1132.0 -1127.0 -1121.0 -1117.0 -1108.0 -1100.0 
-1091.0 -1079.0 -1069.0 -1054.0 -1043.0 -1030.0 -1016.0 
-1004.0 -989.0 -977.0 -961.0 -947.0 -933.0 -917.0 
-901.0 -884.0 -866.0 -849.0 -831.0 -811.0 -793.0 
-773.0 -753.0 -734.0 -711.0 -690.0 -667.0 -645.0 
-622.0 -601.0 -579.0 -554.0 -532.0 -507.0 -482.0 
-459.0 -434.0 -412.0 -387.0 -365.0 -344.0 -322.0 
-304.0 -286.0 -268.0 -253.0 -239.0 -226.0 -217.0 
-210.0 -205.0 -199.0 -196.0 -196.0 -198.0 -201.0 
-205.0 -214.0 -224.0 -237.0 -253.0 -270.0 -291.0 
-311.0 -335.0 -362.0 -387.0 -417.0 -448.0 -480.0 
-513.0 -545.0 -577.0 -613.0 -649.0 -686.0 -725.0 
-761.0 -798.0 -835.0 -872.0 -909.0 -945.0 -983.0 
-1019.0 -1054.0 -1089.0 -1121.0 -1156.0 -1190.0 -1223.0 
-1253.0 -1282.0 -1312.0 -1340.0 -1367.0 -1393.0 -1421.0 
-1446.0 -1470.0 -1496.0 -1519.0 -1543.0 -1564.0 -1584.0 
-1604.0 -1620.0 -1637.0 -1650.0 -1662.0 -1669.0 -1673.0 
-1676.0 -1674.0 -1670.0 -1664.0 -1656.0 -1643.0 -1625.0 
-1606.0 -1586.0 -1562.0 -1538.0 -1508.0 -1476.0 -1444.0 
-1408.0 -1372.0 -1332.0 -1293.0 -1255.0 -1213.0 -1172.0 
-1130.0 -1088.0 -1046.0 -1005.0 -965.0 -923.0 -883.0 
-845.0 -809.0 -774.0 -739.0 -708.0 -680.0 -651.0 
-627.0 -604.0 -584.0 -568.0 -551.0 -538.0 -526.0 
-516.0 -509.0 -499.0 -492.0 -487.0 -478.0 -472.0 
-466.0 -459.0 -455.0 -448.0 -443.0 -439.0 -432.0 
-425.0 -418.0 -411.0 -400.0 -390.0 -379.0 -368.0 
-357.0 -349.0 -342.0 -335.0 -331.0 -324.0 -319.0 
-320.0 -319.0 -323.0 -325.0 -331.0 -340.0 -350.0 
-360.0 -370.0 -384.0 -395.0 -410.0 -425.0 -442.0 
-461.0 -479.0 -499.0 -520.0 -544.0 -568.0 -593.0 
-621.0 -647.0 -676.0 -705.0 -735.0 -766.0 -800.0 
-835.0 -866.0 -897.0 -930.0 -964.0 -995.0 -1025.0 
-1057.0 -1087.0 -1117.0 -1146.0 -1173.0 -1201.0 -1227.0 
-1250.0 -1276.0 -1301.0 -1325.0 -1348.0 -1368.0 -1389.0 
-1402.0 -1416.0 -1430.0 -1439.0 -1449.0 -1455.0 -1458.0 
-1457.0 -1458.0 -1457.0 -1450.0 -1442.0 -1433.0 -1424.0 
-1414.0 -1405.0 -1394.0 -1382.0 -1370.0 -1358.0 -1345.0 
-1331.0 -1318.0 -1302.0 -1288.0 -1275.0 -1259.0 -1244.0 
-1225.0 -1208.0 -1190.0 -1169.0 -1152.0 -1132.0 -1110.0 
-1088.0 -1067.0 -1044.0 -1021.0 -1000.0 -975.0 -952.0 
-927.0 -901.0 -875.0 -847.0 -822.0 -795.0 -768.0 
-740.0 -714.0 -685.0 -657.0 -632.0 -604.0 -579.0 
-556.0 -532.0 -512.0 -493.0 -471.0 -456.0 -443.0 
-430.0 -422.0 -414.0 -410.0 -407.0 -407.0 -411.0 
-418.0 -426.0 -437.0 -448.0 -461.0 -476.0 -491.0 
-509.0 -526.0 -541.0 -554.0 -566.0 -583.0 -596.0 
-610.0 -622.0 -635.0 -647.0 -656.0 -666.0 -674.0 
-685.0 -693.0 -698.0 -705.0 -712.0 -717.0 -719.0 
-725.0 -732.0 -734.0 -738.0 -742.0 -749.0 -754.0 
-758.0 -764.0 -767.0 -775.0 -781.0 -788.0 -793.0 
-798.0 -806.0 -810.0 -816.0 -819.0 -824.0 -830.0 
-835.0 -840.0 -845.0 -855.0 -861.0 -866.0 -869.0 
-876.0 -882.0 -886.0 -894.0 -898.0 -904.0 -907.0 
-913.0 -918.0 -920.0 -923.0 -921.0 -923.0 -926.0 
-924.0 -924.0 -920.0 -920.0 -917.0 -913.0 -910.0 
-903.0 -901.0 -898.0 -895.0 -890.0 -888.0 -889.0 
-888.0 -889.0 -889.0 -890.0 -889.0 -892.0 -890.0 
-886.0 -887.0 -883.0 -881.0 -877.0 -873.0 -867.0 
-861.0 -858.0 -850.0 -847.0 -843.0 -840.0 -838.0 
-834.0 -831.0 -828.0 -829.0 -829.0 -826.0 -827.0 
-827.0 -831.0 -834.0 -836.0 -841.0 -842.0 -847.0 
-852.0 -854.0 -858.0 -860.0 -862.0 -863.0 -867.0 
-867.0 -867.0 -868.0 -864.0 -861.0 -858.0 -855.0 
-851.0 -848.0 -843.0 -840.0 -837.0 -832.0 -827.0 
-821.0 -816.0 -809.0 -805.0 -801.0 -798.0 -794.0 
-788.0 -786.0 -784.0 -777.0 -773.0 -772.0 -769.0 
-769.0 -768.0 -769.0 -771.0 -773.0 -774.0 -774.0 
-778.0 -781.0 -785.0 -790.0 -794.0 -801.0 -805.0 
-809.0 -817.0 -823.0 -829.0 -839.0 -848.0 -858.0 
-869.0 -881.0 -894.0 -907.0 -920.0 -934.0 -945.0 
-956.0 -966.0 -973.0 -983.0 -988.0 -993.0 -998.0 
-999.0 -999.0 -997.0 -996.0 -994.0 -992.0 -990.0 
-990.0 -988.0 -987.0 -986.0 -984.0 -983.0 -978.0 
-977.0 -975.0 -973.0 -972.0 -970.0 -970.0 -967.0 
-967.0 -965.0 -964.0 -967.0 -967.0 -971.0 -974.0 
-980.0 -984.0 -990.0 -997.0 -1001.0 -1005.0 -1007.0 
-1013.0 -1017.0 -1016.0 -1017.0 -1017.0 -1014.0 -1010.0 
-1006.0 -1002.0 -997.0 -992.0 -987.0 -981.0 -975.0 
-966.0 -958.0 -948.0 -938.0 -928.0 -917.0 -905.0 
-892.0 -880.0 -866.0 -856.0 -844.0 -831.0 -821.0 
-809.0 -800.0 -786.0 -775.0 -768.0 -758.0 -748.0 
-735.0 -724.0 -711.0 -698.0 -687.0 -674.0 -661.0 
-648.0 -635.0 -626.0 -620.0 -611.0 -604.0 -601.0 
-596.0 -593.0 -593.0 -595.0 -594.0 -596.0 -598.0 
-599.0 -603.0 -608.0 -613.0 -618.0 -622.0 -627.0 
-633.0 -639.0 -645.0 -649.0 -653.0 -659.0 -665.0 
-671.0 -676.0 -686.0 -694.0 -701.0 -712.0 -722.0 
-733.0 -743.0 -756.0 -770.0 -782.0 -794.0 -806.0 
-819.0 -832.0 -845.0 -854.0 -866.0 -878.0 -889.0 
-899.0 -908.0 -921.0 -932.0 -947.0 -960.0 -973.0 
-987.0 -1001.0 -1016.0 -1030.0 -1047.0 -1061.0 -1076.0 
-1092.0 -1102.0 -1117.0 -1126.0 -1136.0 -1146.0 -1153.0 
-1160.0 -1165.0 -1169.0 -1170.0 -1170.0 -1169.0 -1163.0 
-1155.0 -1148.0 -1139.0 -1127.0 -1109.0 -1093.0 -1078.0 
-1056.0 -1034.0 -1014.0 -988.0 -964.0 -939.0 -915.0 
-890.0 -863.0 -838.0 -812.0 -787.0 -764.0 -739.0 
-716.0 -694.0 -674.0 -655.0 -634.0 -619.0 -603.0 
-585.0 -574.0 -560.0 -547.0 -538.0 -527.0 -523.0 
-514.0 -505.0 -507.0 -502.0 -497.0 -497.0 -493.0 
-494.0 -496.0 -496.0 -498.0 -496.0 -498.0 -503.0 
-502.0 -506.0 -513.0 -521.0 -528.0 -539.0 -551.0 
-558.0 -569.0 -582.0 -593.0 -604.0 -612.0 -623.0 
-633.0 -643.0 -656.0 -664.0 -671.0 -681.0 -688.0 
-695.0 -705.0 -714.0 -724.0 -737.0 -748.0 -760.0 
-769.0 -779.0 -790.0 -801.0 -816.0 -826.0 -834.0 
-847.0 -864.0 -875.0 -889.0 -904.0 -907.0 -920.0 
-932.0 -939.0 -944.0 -952.0 -963.0 -975.0 -984.0 
-991.0 -1003.0 -1008.0 -1018.0 -1028.0 -1042.0 -1054.0 
-1060.0 -1077.0 -1090.0 -1097.0 -1104.0 -1121.0 -1131.0 
-1137.0 -1148.0 -1154.0 -1159.0 -1162.0 -1171.0 -1175.0 
-1175.0 -1178.0 -1175.0 -1171.0 -1162.0 -1154.0 -1148.0 
-1140.0 -1129.0 -1120.0 -1112.0 -1101.0 -1091.0 -1082.0 
-1075.0 -1068.0 -1059.0 -1051.0 -1042.0 -1028.0 -1013.0 
-1005.0 -995.0 -982.0 -969.0 -955.0 -944.0 -933.0 
-915.0 -895.0 -882.0 -869.0 -853.0 -833.0 -810.0 
-793.0 -778.0 -766.0 -748.0 -729.0 -718.0 -702.0 
-692.0 -683.0 -665.0 -645.0 -638.0 -638.0 -628.0 
-619.0 -609.0 -609.0 -609.0 -608.0 -611.0 -614.0 
-618.0 -621.0 -627.0 -626.0 -632.0 -639.0 -637.0 
-649.0 -659.0 -663.0 -668.0 -671.0 -679.0 -684.0 
-683.0 -691.0 -701.0 -712.0 -719.0 -723.0 -731.0 
-738.0 -743.0 -753.0 -767.0 -780.0 -797.0 -811.0 
-824.0 -835.0 -843.0 -858.0 -873.0 -897.0 -919.0 
-932.0 -958.0 -980.0 -993.0 -1005.0 -1019.0 -1026.0 
-1037.0 -1059.0 -1081.0 -1096.0 -1111.0 -1123.0 -1130.0 
-1142.0 -1153.0 -1161.0 -1164.0 -1170.0 -1182.0 -1192.0 
-1203.0 -1213.0 -1222.0 -1227.0 -1231.0 -1230.0 -1220.0 
-1214.0 -1209.0 -1201.0 -1196.0 -1187.0 -1174.0 -1166.0 
-1151.0 -1136.0 -1120.0 -1095.0 -1072.0 -1056.0 -1030.0 
-1002.0 -984.0 -963.0 -937.0 -913.0 -884.0 -847.0 
-809.0 -769.0 -732.0 -700.0 -671.0 -647.0 -623.0 
-597.0 -573.0 -546.0 -520.0 -499.0 -480.0 -460.0 
-443.0 -433.0 -416.0 -407.0 -405.0 -400.0 -395.0 
-391.0 -390.0 -386.0 -394.0 -403.0 -408.0 -418.0 
-427.0 -435.0 -443.0 -452.0 -461.0 -471.0 -486.0 
-506.0 -515.0 -524.0 -534.0 -550.0 -571.0 -586.0 
-605.0 -621.0 -640.0 -660.0 -676.0 -691.0 -711.0 
-734.0 -754.0 -774.0 -787.0 -805.0 -828.0 -847.0 
-867.0 -883.0 -893.0 -902.0 -916.0 -937.0 -956.0 
-966.0 -975.0 -983.0 -994.0 -1010.0 -1020.0 -1033.0 
-1041.0 -1049.0 -1072.0 -1090.0 -1102.0 -1113.0 -1122.0 
-1138.0 -1152.0 -1163.0 -1167.0 -1168.0 -1174.0 -1182.0 
-1185.0 -1184.0 -1184.0 -1185.0 -1183.0 -1181.0 -1179.0 
-1179.0 -1178.0 -1178.0 -1179.0 -1174.0 -1170.0 -1168.0 
-1167.0 -1167.0 -1164.0 -1159.0 -1146.0 -1131.0 -1125.0 
-1115.0 -1103.0 -1100.0 -1100.0 -1087.0 -1069.0 -1050.0 
-1031.0 -1013.0 -993.0 -980.0 -963.0 -941.0 -925.0 
-908.0 -889.0 -873.0 -850.0 -825.0 -802.0 -783.0 
-769.0 -752.0 -729.0 -705.0 -690.0 -676.0 -655.0 
-634.0 -614.0 -595.0 -579.0 -569.0 -554.0 -538.0 
-529.0 -510.0 -498.0 -496.0 -485.0 -473.0 -472.0 
-472.0 -465.0 -457.0 -453.0 -458.0 -465.0 -471.0 
-478.0 -481.0 -491.0 -502.0 -514.0 -527.0 -543.0 
-558.0 -574.0 -594.0 -606.0 -624.0 -651.0 -674.0 
-694.0 -712.0 -730.0 -755.0 -777.0 -797.0 -821.0 
-839.0 -854.0 -868.0 -884.0 -900.0 -918.0 -943.0 
-959.0 -968.0 -973.0 -979.0 -985.0 -990.0 -998.0 
-1001.0 -1006.0 -1011.0 -1017.0 -1020.0 -1019.0 -1016.0 
-1011.0 -1004.0 -1000.0 -999.0 -999.0 -1005.0 -1008.0 
-1003.0 -994.0 -991.0 -991.0 -983.0 -982.0 -982.0 
-981.0 -983.0 -979.0 -976.0 -975.0 -977.0 -981.0 
-981.0 -974.0 -969.0 -969.0 -964.0 -964.0 -972.0 
-973.0 -974.0 -976.0 -975.0 -978.0 -993.0 -1004.0 
-1010.0 -1017.0 -1020.0 -1022.0 -1021.0 -1025.0 -1033.0 
-1040.0 -1045.0 -1053.0 -1061.0 -1065.0 -1074.0 -1082.0 
-1091.0 -1101.0 -1110.0 -1119.0 -1128.0 -1138.0 -1147.0 
-1153.0 -1161.0 -1167.0 -1163.0 -1165.0 -1165.0 -1159.0 
-1161.0 -1158.0 -1156.0 -1152.0 -1143.0 -1138.0 -1132.0 
-1122.0 -1113.0 -1106.0 -1095.0 -1079.0 -1062.0 -1043.0 
-1021.0 -1000.0 -981.0 -960.0 -940.0 -916.0 -895.0 
-869.0 -837.0 -808.0 -777.0 -753.0 -728.0 -701.0 
-674.0 -645.0 -617.0 -587.0 -562.0 -534.0 -506.0 
-484.0 -458.0 -434.0 -413.0 -390.0 -370.0 -352.0 
-337.0 -324.0 -309.0 -297.0 -289.0 -283.0 -278.0 
-272.0 -267.0 -265.0 -269.0 -273.0 -282.0 -297.0 
-312.0 -328.0 -348.0 -369.0 -387.0 -407.0 -427.0 
-448.0 -475.0 -500.0 -525.0 -555.0 -579.0 -597.0 
-618.0 -644.0 -667.0 -687.0 -720.0 -753.0 -778.0 
-803.0 -827.0 -846.0 -866.0 -885.0 -905.0 -933.0 
-954.0 -974.0 -999.0 -1021.0 -1042.0 -1055.0 -1066.0 
-1074.0 -1086.0 -1100.0 -1113.0 -1133.0 -1151.0 -1169.0 
-1184.0 -1189.0 -1197.0 -1211.0 -1217.0 -1219.0 -1227.0 
-1229.0 -1236.0 -1249.0 -1255.0 -1255.0 -1252.0 -1251.0 
-1255.0 -1258.0 -1256.0 -1251.0 -1249.0 -1247.0 -1241.0 
-1238.0 -1237.0 -1229.0 -1219.0 -1218.0 -1213.0 -1201.0 
-1194.0 -1182.0 -1170.0 -1158.0 -1146.0 -1133.0 -1118.0 
-1104.0 -1085.0 -1072.0 -1063.0 -1058.0 -1045.0 -1024.0 
-1005.0 -979.0 -964.0 -949.0 -929.0 -909.0 -887.0 
-870.0 -850.0 -823.0 -795.0 -775.0 -754.0 -732.0 
-713.0 -696.0 -681.0 -666.0 -653.0 -630.0 -606.0 
-589.0 -579.0 -573.0 -559.0 -545.0 -531.0 -516.0 
-503.0 -493.0 -486.0 -475.0 -464.0 -457.0 -450.0 
-448.0 -453.0 -446.0 -440.0 -438.0 -441.0 -444.0 
-439.0 -443.0 -447.0 -452.0 -456.0 -467.0 -478.0 
-475.0 -486.0 -502.0 -519.0 -534.0 -547.0 -566.0 
-581.0 -601.0 -615.0 -632.0 -655.0 -677.0 -701.0 
-722.0 -750.0 -774.0 -797.0 -822.0 -853.0 -875.0 
-899.0 -928.0 -949.0 -973.0 -994.0 -1020.0 -1041.0 
-1054.0 -1073.0 -1087.0 -1104.0 -1120.0 -1134.0 -1149.0 
-1159.0 -1172.0 -1189.0 -1201.0 -1212.0 -1220.0 -1228.0 
-1239.0 -1249.0 -1260.0 -1266.0 -1269.0 -1278.0 -1285.0 
-1292.0 -1301.0 -1303.0 -1310.0 -1318.0 -1324.0 -1327.0 
-1324.0 -1324.0 -1323.0 -1320.0 -1311.0 -1304.0 -1300.0 
-1290.0 -1282.0 -1271.0 -1264.0 -1250.0 -1236.0 -1221.0 
-1202.0 -1187.0 -1172.0 -1159.0 -1147.0 -1127.0 -1109.0 
-1090.0 -1069.0 -1053.0 -1037.0 -1018.0 -995.0 -972.0 
-951.0 -927.0 -899.0 -867.0 -840.0 -815.0 -788.0 
-761.0 -738.0 -716.0 -695.0 -671.0 -640.0 -614.0 
-590.0 -571.0 -552.0 -527.0 -507.0 -490.0 -470.0 
-456.0 -450.0 -444.0 -438.0 -435.0 -431.0 -429.0 
-432.0 -432.0 -436.0 -446.0 -450.0 -460.0 -472.0 
-487.0 -504.0 -515.0 -532.0 -548.0 -563.0 -583.0 
-602.0 -612.0 -624.0 -645.0 -655.0 -665.0 -682.0 
-694.0 -707.0 -719.0 -734.0 -745.0 -748.0 -756.0 
-760.0 -759.0 -758.0 -764.0 -767.0 -774.0 -788.0 
-792.0 -802.0 -817.0 -828.0 -838.0 -853.0 -869.0 
-887.0 -908.0 -927.0 -949.0 -973.0 -992.0 -1010.0 
-1032.0 -1052.0 -1079.0 -1100.0 -1120.0 -1135.0 -1148.0 
-1170.0 -1183.0 -1195.0 -1209.0 -1225.0 -1243.0 -1256.0 
-1268.0 -1274.0 -1283.0 -1294.0 -1305.0 -1308.0 -1305.0 
-1308.0 -1306.0 -1305.0 -1311.0 -1310.0 -1304.0 -1305.0 
-1305.0 -1298.0 -1290.0 -1286.0 -1283.0 -1279.0 -1272.0 
-1262.0 -1253.0 -1245.0 -1234.0 -1220.0 -1207.0 -1190.0 
-1169.0 -1149.0 -1130.0 -1109.0 -1083.0 -1057.0 -1030.0 
-1001.0 -972.0 -935.0 -897.0 -870.0 -838.0 -795.0 
-756.0 -722.0 -691.0 -659.0 -620.0 -589.0 -558.0 
-523.0 -491.0 -461.0 -432.0 -403.0 -381.0 -359.0 
-334.0 -314.0 -297.0 -284.0 -267.0 -256.0 -242.0 
-226.0 -225.0 -221.0 -219.0 -216.0 -210.0 -214.0 
-221.0 -231.0 -241.0 -255.0 -274.0 -289.0 -307.0 
-328.0 -348.0 -373.0 -402.0 -433.0 -466.0 -498.0 
-531.0 -563.0 -596.0 -630.0 -657.0 -683.0 -714.0 
-745.0 -774.0 -804.0 -834.0 -864.0 -897.0 -930.0 
-961.0 -989.0 -1020.0 -1052.0 -1080.0 -1110.0 -1142.0 
-1171.0 -1201.0 -1225.0 -1255.0 -1280.0 -1299.0 -1325.0 
-1343.0 -1357.0 -1372.0 -1385.0 -1398.0 -1406.0 -1411.0 
-1415.0 -1413.0 -1414.0 -1413.0 -1413.0 -1416.0 -1407.0 
-1399.0 -1388.0 -1375.0 -1366.0 -1362.0 -1356.0 -1339.0 
-1322.0 -1307.0 -1292.0 -1275.0 -1256.0 -1237.0 -1219.0 
-1198.0 -1179.0 -1160.0 -1134.0 -1111.0 -1086.0 -1066.0 
-1047.0 -1030.0 -1015.0 -994.0 -975.0 -949.0 -928.0 
-910.0 -886.0 -870.0 -855.0 -835.0 -818.0 -808.0 
-794.0 -777.0 -766.0 -756.0 -742.0 -733.0 -729.0 
-719.0 -710.0 -710.0 -706.0 -702.0 -698.0 -698.0 
-702.0 -705.0 -713.0 -717.0 -722.0 -733.0 -737.0 
-733.0 -738.0 -748.0 -754.0 -763.0 -770.0 -779.0 
-787.0 -794.0 -804.0 -813.0 -825.0 -834.0 -843.0 
-852.0 -860.0 -868.0 -873.0 -878.0 -881.0 -883.0 
-884.0 -889.0 -892.0 -890.0 -888.0 -879.0 -873.0 
-865.0 -851.0 -840.0 -828.0 -810.0 -794.0 -782.0 
-768.0 -754.0 -747.0 -732.0 -717.0 -707.0 -697.0 
-685.0 -663.0 -643.0 -630.0 -622.0 -616.0 -613.0 
-615.0 -615.0 -608.0 -599.0 -589.0 -576.0 -571.0 
-568.0 -559.0 -557.0 -556.0 -557.0 -564.0 -587.0 
-613.0 -634.0 -651.0 -665.0 -674.0 -675.0 -695.0 
-734.0 -766.0 -795.0 -826.0 -864.0 -902.0 -915.0 
-917.0 -939.0 -981.0 -1016.0 -1042.0 -1079.0 -1120.0 
-1150.0 -1173.0 -1200.0 -1223.0 -1239.0 -1265.0 -1298.0 
-1312.0 -1333.0 -1351.0 -1363.0 -1374.0 -1369.0 -1376.0 
-1388.0 -1402.0 -1412.0 -1407.0 -1411.0 -1427.0 -1434.0 
-1425.0 -1414.0 -1402.0 -1393.0 -1385.0 -1373.0 -1363.0 
-1361.0 -1356.0 -1338.0 -1304.0 -1276.0 -1254.0 -1217.0 
-1196.0 -1167.0 -1133.0 -1103.0 -1064.0 -1046.0 -1017.0 
-978.0 -942.0 -906.0 -878.0 -835.0 -802.0 -784.0 
-753.0 -712.0 -671.0 -640.0 -618.0 -599.0 -568.0 
-546.0 -539.0 -529.0 -515.0 -504.0 -492.0 -482.0 
-472.0 -465.0 -474.0 -469.0 -471.0 -483.0 -480.0 
-492.0 -499.0 -513.0 -530.0 -536.0 -551.0 -573.0 
-602.0 -615.0 -620.0 -636.0 -646.0 -660.0 -696.0 
-722.0 -730.0 -755.0 -789.0 -809.0 -826.0 -842.0 
-857.0 -870.0 -884.0 -904.0 -916.0 -930.0 -946.0 
-957.0 -982.0 -992.0 -1005.0 -1030.0 -1031.0 -1036.0 
-1031.0 -1022.0 -1040.0 -1046.0 -1026.0 -1026.0 -1043.0 
-1031.0 -1016.0 -1002.0 -997.0 -996.0 -975.0 -962.0 
-942.0 -924.0 -905.0 -882.0 -865.0 -848.0 -830.0 
-804.0 -792.0 -786.0 -773.0 -766.0 -750.0 -744.0 
-738.0 -723.0 -718.0 -706.0 -697.0 -694.0 -697.0 
-698.0 -700.0 -718.0 -722.0 -722.0 -722.0 -721.0 
-728.0 -729.0 -736.0 -745.0 -751.0 -767.0 -780.0 
-793.0 -806.0 -819.0 -831.0 -837.0 -838.0 -853.0 
-867.0 -862.0 -861.0 -862.0 -875.0 -894.0 -895.0 
-900.0 -914.0 -918.0 -919.0 -929.0 -946.0 -955.0 
-955.0 -961.0 -957.0 -968.0 -1002.0 -1005.0 -1004.0 
-1016.0 -1010.0 -1013.0 -1032.0 -1023.0 -1020.0 -1036.0 
-1030.0 -1030.0 -1037.0 -1042.0 -1045.0 -1050.0 -1060.0 
-1056.0 -1045.0 -1039.0 -1039.0 -1034.0 -1033.0 -1043.0 
-1043.0 -1036.0 -1016.0 -998.0 -994.0 -987.0 -983.0 
-982.0 -983.0 -969.0 -959.0 -957.0 -937.0 -935.0 
-921.0 -902.0 -894.0 -873.0 -862.0 -862.0 -864.0 
-859.0 -850.0 -844.0 -839.0 -833.0 -834.0 -832.0 
-821.0 -824.0 -832.0 -829.0 -828.0 -836.0 -842.0 
-844.0 -851.0 -857.0 -855.0 -840.0 -845.0 -864.0 
-872.0 -876.0 -873.0 -887.0 -891.0 -883.0 -890.0 
-892.0 -894.0 -893.0 -905.0 -916.0 -907.0 -907.0 
-909.0 -906.0 -905.0 -908.0 -906.0 -898.0 -887.0 
-878.0 -877.0 -872.0 -871.0 -868.0 -865.0 -860.0 
-848.0 -850.0 -843.0 -830.0 -829.0 -824.0 -826.0 
-822.0 -812.0 -810.0 -796.0 -787.0 -790.0 -788.0 
-784.0 -784.0 -776.0 -770.0 -770.0 -766.0 -766.0 
-763.0 -765.0 -765.0 -759.0 -753.0 -739.0 -740.0 
-745.0 -741.0 -751.0 -753.0 -755.0 -762.0 -748.0 
-746.0 -748.0 -754.0 -769.0 -771.0 -784.0 -799.0 
-805.0 -817.0 -832.0 -837.0 -842.0 -856.0 -872.0 
-886.0 -893.0 -902.0 -913.0 -932.0 -954.0 -973.0 
-990.0 -1002.0 -1027.0 -1042.0 -1052.0 -1069.0 -1075.0 
-1083.0 -1097.0 -1101.0 -1104.0 -1111.0 -1108.0 -1105.0 
-1106.0 -1111.0 -1124.0 -1132.0 -1132.0 -1136.0 -1143.0 
-1151.0 -1161.0 -1157.0 -1161.0 -1173.0 -1188.0 -1203.0 
-1202.0 -1210.0 -1219.0 -1220.0 -1222.0 -1224.0 -1226.0 
-1224.0 -1221.0 -1218.0 -1219.0 -1198.0 -1179.0 -1173.0 
-1161.0 -1149.0 -1137.0 -1121.0 -1097.0 -1077.0 -1054.0 
-1032.0 -1010.0 -976.0 -956.0 -925.0 -892.0 -876.0 
-846.0 -820.0 -801.0 -768.0 -733.0 -702.0 -684.0 
-672.0 -647.0 -617.0 -604.0 -590.0 -564.0 -550.0 
-540.0 -524.0 -509.0 -502.0 -499.0 -499.0 -506.0 
-503.0 -502.0 -499.0 -497.0 -507.0 -509.0 -522.0 
-539.0 -545.0 -566.0 -575.0 -578.0 -595.0 -616.0 
-632.0 -638.0 -646.0 -652.0 -663.0 -688.0 -699.0 
-708.0 -713.0 -718.0 -727.0 -736.0 -751.0 -753.0 
-758.0 -768.0 -773.0 -782.0 -793.0 -804.0 -813.0 
-817.0 -821.0 -828.0 -844.0 -854.0 -852.0 -864.0 
-880.0 -887.0 -894.0 -902.0 -910.0 -921.0 -936.0 
-945.0 -948.0 -953.0 -964.0 -976.0 -989.0 -998.0 
-1003.0 -1015.0 -1026.0 -1039.0 -1046.0 -1059.0 -1079.0 
-1090.0 -1108.0 -1116.0 -1122.0 -1132.0 -1142.0 -1158.0 
-1166.0 -1175.0 -1186.0 -1196.0 -1216.0 -1232.0 -1248.0 
-1266.0 -1272.0 -1276.0 -1288.0 -1300.0 -1311.0 -1316.0 
-1314.0 -1321.0 -1324.0 -1328.0 -1334.0 -1334.0 -1335.0 
-1325.0 -1311.0 -1295.0 -1280.0 -1272.0 -1257.0 -1240.0 
-1213.0 -1181.0 -1165.0 -1145.0 -1112.0 -1079.0 -1038.0 
-1004.0 -967.0 -922.0 -884.0 -837.0 -789.0 -752.0 
-711.0 -671.0 -644.0 -613.0 -578.0 -545.0 -506.0 
-482.0 -454.0 -425.0 -408.0 -387.0 -370.0 -358.0 
-343.0 -335.0 -329.0 -321.0 -319.0 -325.0 -323.0 
-317.0 -323.0 -328.0 -339.0 -355.0 -368.0 -388.0 
-400.0 -416.0 -434.0 -452.0 -473.0 -494.0 -519.0 
-542.0 -558.0 -578.0 -601.0 -626.0 -651.0 -674.0 
-707.0 -728.0 -748.0 -782.0 -810.0 -844.0 -872.0 
-899.0 -928.0 -957.0 -991.0 -1018.0 -1040.0 -1073.0 
-1113.0 -1139.0 -1158.0 -1180.0 -1205.0 -1224.0 -1238.0 
-1259.0 -1284.0 -1309.0 -1320.0 -1329.0 -1340.0 -1349.0 
-1358.0 -1362.0 -1368.0 -1378.0 -1383.0 -1387.0 -1387.0 
-1384.0 -1383.0 -1384.0 -1388.0 -1384.0 -1373.0 -1359.0 
-1343.0 -1336.0 -1329.0 -1317.0 -1305.0 -1294.0 -1277.0 
-1264.0 -1255.0 -1233.0 -1212.0 -1193.0 -1182.0 -1169.0 
-1147.0 -1125.0 -1105.0 -1086.0 -1072.0 -1055.0 -1033.0 
-1017.0 -996.0 -977.0 -965.0 -948.0 -919.0 -887.0 
-857.0 -827.0 -801.0 -777.0 -762.0 -743.0 -723.0 
-708.0 -689.0 -668.0 -647.0 -631.0 -609.0 -591.0 
-577.0 -572.0 -569.0 -556.0 -545.0 -537.0 -536.0 
-535.0 -539.0 -547.0 -548.0 -547.0 -547.0 -548.0 
-551.0 -558.0 -567.0 -574.0 -579.0 -584.0 -598.0 
-607.0 -603.0 -617.0 -628.0 -627.0 -635.0 -637.0 
-641.0 -650.0 -655.0 -664.0 -672.0 -675.0 -679.0 
-682.0 -687.0 -692.0 -695.0 -706.0 -718.0 -727.0 
-728.0 -730.0 -742.0 -751.0 -760.0 -776.0 -789.0 
-802.0 -817.0 -828.0 -832.0 -846.0 -867.0 -881.0 
-897.0 -912.0 -931.0 -950.0 -967.0 -987.0 -1007.0 
-1026.0 -1044.0 -1064.0 -1082.0 -1097.0 -1112.0 -1127.0 
-1142.0 -1160.0 -1176.0 -1194.0 -1211.0 -1217.0 -1226.0 
-1236.0 -1240.0 -1243.0 -1246.0 -1253.0 -1251.0 -1246.0 
-1243.0 -1234.0 -1232.0 -1231.0 -1225.0 -1215.0 -1209.0 
-1205.0 -1196.0 -1188.0 -1177.0 -1166.0 -1153.0 -1137.0 
-1125.0 -1120.0 -1108.0 -1087.0 -1070.0 -1054.0 -1037.0 
-1018.0 -997.0 -977.0 -964.0 -949.0 -931.0 -911.0 
-889.0 -880.0 -871.0 -851.0 -840.0 -832.0 -821.0 
-810.0 -802.0 -802.0 -796.0 -793.0 -789.0 -784.0 
-786.0 -779.0 -770.0 -769.0 -766.0 -763.0 -761.0 
-753.0 -754.0 -754.0 -747.0 -747.0 -744.0 -743.0 
-740.0 -738.0 -728.0 -728.0 -730.0 -723.0 -722.0 
-714.0 -715.0 -707.0 -692.0 -686.0 -681.0 -680.0 
-674.0 -665.0 -656.0 -649.0 -637.0 -624.0 -617.0 
-603.0 -592.0 -586.0 -582.0 -576.0 -567.0 -558.0 
-546.0 -544.0 -543.0 -538.0 -530.0 -527.0 -538.0 
-540.0 -553.0 -558.0 -561.0 -577.0 -588.0 -607.0 
-625.0 -652.0 -678.0 -694.0 -723.0 -745.0 -771.0 
-801.0 -826.0 -857.0 -882.0 -909.0 -944.0 -972.0 
-993.0 -1014.0 -1032.0 -1050.0 -1069.0 -1093.0 -1117.0 
-1132.0 -1149.0 -1163.0 -1175.0 -1190.0 -1202.0 -1216.0 
-1230.0 -1239.0 -1245.0 -1253.0 -1262.0 -1273.0 -1276.0 
-1281.0 -1287.0 -1284.0 -1288.0 -1292.0 -1289.0 -1294.0 
-1298.0 -1299.0 -1296.0 -1295.0 -1290.0 -1284.0 -1282.0 
-1274.0 -1265.0 -1253.0 -1241.0 -1236.0 -1230.0 -1214.0 
-1191.0 -1173.0 -1157.0 -1139.0 -1123.0 -1107.0 -1085.0 
-1063.0 -1045.0 -1025.0 -1007.0 -987.0 -962.0 -937.0 
-918.0 -898.0 -875.0 -853.0 -828.0 -800.0 -774.0 
-753.0 -731.0 -710.0 -683.0 -665.0 -650.0 -629.0 
-614.0 -599.0 -586.0 -575.0 -567.0 -556.0 -545.0 
-541.0 -538.0 -534.0 -531.0 -532.0 -534.0 -540.0 
-546.0 -554.0 -561.0 -571.0 -585.0 -593.0 -602.0 
-617.0 -634.0 -648.0 -663.0 -674.0 -684.0 -695.0 
-712.0 -729.0 -741.0 -756.0 -768.0 -778.0 -788.0 
-799.0 -813.0 -828.0 -842.0 -854.0 -866.0 -877.0 
-889.0 -900.0 -914.0 -924.0 -935.0 -949.0 -957.0 
-969.0 -979.0 -986.0 -993.0 -1000.0 -1006.0 -1008.0 
-1010.0 -1012.0 -1015.0 -1012.0 -1012.0 -1013.0 -1010.0 
-1011.0 -1017.0 -1019.0 -1012.0 -1003.0 -994.0 -986.0 
-979.0 -975.0 -968.0 -956.0 -942.0 -927.0 -919.0 
-909.0 -897.0 -883.0 -872.0 -857.0 -838.0 -828.0 
-819.0 -806.0 -793.0 -786.0 -782.0 -774.0 -767.0 
-762.0 -760.0 -760.0 -759.0 -759.0 -762.0 -764.0 
-767.0 -768.0 -766.0 -765.0 -768.0 -773.0 -780.0 
-783.0 -782.0 -787.0 -793.0 -798.0 -804.0 -810.0 
-816.0 -818.0 -826.0 -833.0 -840.0 -849.0 -863.0 
-873.0 -875.0 -886.0 -898.0 -913.0 -923.0 -929.0 
-941.0 -949.0 -961.0 -962.0 -968.0 -976.0 -981.0 
-986.0 -991.0 -999.0 -996.0 -1001.0 -1011.0 -1018.0 
-1022.0 -1027.0 -1032.0 -1032.0 -1034.0 -1036.0 -1040.0 
-1042.0 -1045.0 -1047.0 -1048.0 -1046.0 -1042.0 -1044.0 
-1034.0 -1028.0 -1025.0 -1023.0 -1023.0 -1014.0 -1005.0 
-997.0 -990.0 -980.0 -967.0 -955.0 -938.0 -926.0 
-922.0 -913.0 -901.0 -887.0 -873.0 -860.0 -849.0 
-844.0 -829.0 -811.0 -796.0 -778.0 -766.0 -754.0 
-734.0 -719.0 -708.0 -693.0 -682.0 -670.0 -661.0 
-648.0 -630.0 -617.0 -604.0 -597.0 -590.0 -583.0 
-576.0 -566.0 -562.0 -563.0 -566.0 -562.0 -562.0 
-566.0 -574.0 -581.0 -582.0 -585.0 -595.0 -607.0 
-617.0 -638.0 -659.0 -682.0 -706.0 -726.0 -749.0 
-772.0 -793.0 -811.0 -829.0 -847.0 -863.0 -881.0 
-898.0 -916.0 -933.0 -949.0 -959.0 -963.0 -973.0 
-982.0 -991.0 -1002.0 -1009.0 -1013.0 -1015.0 -1013.0 
-1013.0 -1017.0 -1018.0 -1014.0 -1008.0 -1008.0 -1010.0 
-1010.0 -1006.0 -1001.0 -1000.0 -993.0 -988.0 -980.0 
-972.0 -965.0 -957.0 -957.0 -955.0 -951.0 -949.0 
-939.0 -934.0 -930.0 -921.0 -917.0 -915.0 -913.0 
-909.0 -905.0 -903.0 -895.0 -886.0 -879.0 -877.0 
-874.0 -867.0 -860.0 -851.0 -844.0 -837.0 -833.0 
-824.0 -819.0 -820.0 -819.0 -818.0 -817.0 -817.0 
-818.0 -820.0 -819.0 -818.0 -821.0 -822.0 -823.0 
-829.0 -835.0 -844.0 -852.0 -858.0 -864.0 -871.0 
-879.0 -881.0 -888.0 -900.0 -911.0 -920.0 -930.0 
-945.0 -952.0 -960.0 -968.0 -977.0 -989.0 -996.0 
-1008.0 -1015.0 -1019.0 -1029.0 -1036.0 -1045.0 -1053.0 
-1054.0 -1055.0 -1059.0 -1059.0 -1056.0 -1055.0 -1054.0 
-1046.0 -1032.0 -1020.0 -1014.0 -1005.0 -988.0 -974.0 
-961.0 -945.0 -928.0 -905.0 -882.0 -859.0 -830.0 
-809.0 -793.0 -771.0 -746.0 -720.0 -700.0 -682.0 
-658.0 -637.0 -620.0 -604.0 -591.0 -580.0 -567.0 
-558.0 -553.0 -542.0 -536.0 -536.0 -530.0 -529.0 
-529.0 -528.0 -530.0 -533.0 -538.0 -541.0 -546.0 
-553.0 -561.0 -568.0 -578.0 -591.0 -602.0 -615.0 
-627.0 -637.0 -649.0 -666.0 -684.0 -700.0 -720.0 
-735.0 -755.0 -784.0 -803.0 -821.0 -840.0 -860.0 
-881.0 -902.0 -921.0 -940.0 -963.0 -983.0 -1003.0 
-1021.0 -1038.0 -1059.0 -1075.0 -1093.0 -1114.0 -1130.0 
-1143.0 -1160.0 -1176.0 -1188.0 -1198.0 -1201.0 -1207.0 
-1212.0 -1212.0 -1212.0 -1208.0 -1202.0 -1199.0 -1190.0 
-1181.0 -1174.0 -1162.0 -1152.0 -1139.0 -1122.0 -1106.0 
-1093.0 -1081.0 -1062.0 -1042.0 -1022.0 -1005.0 -989.0 
-970.0 -951.0 -938.0 -923.0 -905.0 -890.0 -874.0 
-856.0 -840.0 -828.0 -813.0 -800.0 -785.0 -770.0 
-755.0 -740.0 -734.0 -727.0 -721.0 -714.0 -708.0 
-707.0 -699.0 -695.0 -695.0 -687.0 -683.0 -679.0 
-674.0 -671.0 -668.0 -664.0 -661.0 -658.0 -652.0 
-645.0 -639.0 -635.0 -634.0 -628.0 -622.0 -622.0 
-620.0 -617.0 -619.0 -619.0 -622.0 -620.0 -616.0 
-618.0 -621.0 -626.0 -630.0 -635.0 -641.0 -648.0 
-656.0 -663.0 -674.0 -680.0 -691.0 -705.0 -717.0 
-728.0 -739.0 -754.0 -766.0 -780.0 -795.0 -804.0 
-813.0 -826.0 -840.0 -850.0 -858.0 -863.0 -865.0 
-871.0 -876.0 -882.0 -891.0 -897.0 -903.0 -902.0 
-906.0 -910.0 -912.0 -916.0 -923.0 -931.0 -934.0 
-940.0 -942.0 -945.0 -954.0 -963.0 -969.0 -976.0 
-983.0 -987.0 -997.0 -1002.0 -1011.0 -1021.0 -1032.0 
-1042.0 -1048.0 -1055.0 -1062.0 -1075.0 -1082.0 -1083.0 
-1084.0 -1086.0 -1087.0 -1083.0 -1079.0 -1074.0 -1071.0 
-1064.0 -1054.0 -1048.0 -1040.0 -1028.0 -1017.0 -1000.0 
-987.0 -976.0 -964.0 -954.0 -938.0 -922.0 -909.0 
-898.0 -884.0 -868.0 -856.0 -844.0 -833.0 -817.0 
-803.0 -792.0 -783.0 -774.0 -762.0 -752.0 -744.0 
-738.0 -726.0 -716.0 -710.0 -706.0 -696.0 -689.0 
-688.0 -679.0 -676.0 -673.0 -671.0 -672.0 -671.0 
-673.0 -672.0 -670.0 -673.0 -678.0 -679.0 -680.0 
-680.0 -685.0 -687.0 -692.0 -703.0 -706.0 -713.0 
-720.0 -731.0 -741.0 -748.0 -758.0 -764.0 -772.0 
-778.0 -786.0 -792.0 -795.0 -801.0 -807.0 -814.0 
-820.0 -825.0 -831.0 -834.0 -836.0 -836.0 -840.0 
-847.0 -850.0 -852.0 -855.0 -863.0 -867.0 -872.0 
-879.0 -886.0 -895.0 -900.0 -906.0 -908.0 -908.0 
-908.0 -910.0 -914.0 -916.0 -916.0 -906.0 -897.0 
-887.0 -876.0 -870.0 -863.0 -858.0 -853.0 -846.0 
-838.0 -833.0 -830.0 -826.0 -816.0 -811.0 -809.0 
-807.0 -806.0 -807.0 -812.0 -815.0 -818.0 -825.0 
-832.0 -846.0 -860.0 -873.0 -885.0 -900.0 -916.0 
-926.0 -938.0 -949.0 -961.0 -973.0 -984.0 -993.0 
-999.0 -1005.0 -1013.0 -1021.0 -1028.0 -1029.0 -1025.0 
-1027.0 -1031.0 -1029.0 -1025.0 -1026.0 -1031.0 -1030.0 
-1029.0 -1028.0 -1024.0 -1021.0 -1015.0 -1011.0 -1005.0 
-1000.0 -997.0 -988.0 -976.0 -960.0 -943.0 -927.0 
-909.0 -890.0 -871.0 -849.0 -829.0 -807.0 -785.0 
-764.0 -741.0 -721.0 -702.0 -680.0 -659.0 -641.0 
-623.0 -605.0 -586.0 -569.0 -556.0 -541.0 -528.0 
-517.0 -507.0 -498.0 -492.0 -485.0 -479.0 -481.0 
-481.0 -483.0 -485.0 -483.0 -489.0 -495.0 -501.0 
-507.0 -515.0 -529.0 -541.0 -550.0 -558.0 -569.0 
-584.0 -599.0 -613.0 -623.0 -637.0 -652.0 -671.0 
-691.0 -710.0 -731.0 -751.0 -773.0 -793.0 -808.0 
-825.0 -843.0 -857.0 -873.0 -890.0 -904.0 -917.0 
-932.0 -947.0 -956.0 -966.0 -970.0 -977.0 -990.0 
-994.0 -1001.0 -1007.0 -1013.0 -1017.0 -1018.0 -1020.0 
-1022.0 -1024.0 -1027.0 -1031.0 -1033.0 -1035.0 -1036.0 
-1036.0 -1037.0 -1042.0 -1045.0 -1045.0 -1044.0 -1040.0 
-1041.0 -1038.0 -1035.0 -1034.0 -1028.0 -1025.0 -1020.0 
-1011.0 -1002.0 -993.0 -983.0 -973.0 -962.0 -953.0 
-943.0 -929.0 -918.0 -905.0 -891.0 -877.0 -862.0 
-845.0 -829.0 -818.0 -802.0 -793.0 -780.0 -764.0 
-752.0 -740.0 -731.0 -717.0 -707.0 -699.0 -688.0 
-677.0 -667.0 -657.0 -649.0 -646.0 -639.0 -635.0 
-628.0 -624.0 -619.0 -615.0 -615.0 -610.0 -610.0 
-608.0 -609.0 -612.0 -610.0 -613.0 -610.0 -610.0 
-611.0 -614.0 -619.0 -622.0 -625.0 -627.0 -631.0 
-633.0 -640.0 -646.0 -652.0 -659.0 -665.0 -672.0 
-680.0 -689.0 -698.0 -705.0 -710.0 -720.0 -726.0 
-729.0 -736.0 -744.0 -754.0 -760.0 -768.0 -779.0 
-786.0 -796.0 -808.0 -818.0 -832.0 -846.0 -860.0 
-874.0 -890.0 -906.0 -923.0 -942.0 -955.0 -968.0 
-986.0 -1001.0 -1015.0 -1028.0 -1042.0 -1055.0 -1065.0 
-1072.0 -1078.0 -1089.0 -1097.0 -1106.0 -1113.0 -1114.0 
-1119.0 -1119.0 -1120.0 -1119.0 -1119.0 -1121.0 -1119.0 
-1115.0 -1111.0 -1112.0 -1108.0 -1100.0 -1093.0 -1087.0 
-1080.0 -1068.0 -1056.0 -1042.0 -1030.0 -1014.0 -997.0 
-982.0 -960.0 -937.0 -914.0 -889.0 -868.0 -847.0 
-824.0 -801.0 -778.0 -758.0 -737.0 -715.0 -694.0 
-673.0 -654.0 -639.0 -625.0 -607.0 -592.0 -580.0 
-565.0 -554.0 -540.0 -528.0 -523.0 -515.0 -507.0 
-502.0 -496.0 -496.0 -498.0 -498.0 -503.0 -506.0 
-516.0 -526.0 -536.0 -549.0 -560.0 -574.0 -588.0 
-601.0 -616.0 -630.0 -648.0 -666.0 -679.0 -695.0 
-714.0 -734.0 -755.0 -773.0 -794.0 -816.0 -837.0 
-856.0 -875.0 -891.0 -904.0 -920.0 -936.0 -946.0 
-958.0 -969.0 -973.0 -979.0 -984.0 -986.0 -987.0 
-984.0 -982.0 -976.0 -973.0 -968.0 -962.0 -952.0 
-942.0 -935.0 -922.0 -911.0 -899.0 -885.0 -872.0 
-859.0 -843.0 -825.0 -812.0 -800.0 -790.0 -779.0 
-766.0 -752.0 -741.0 -733.0 -724.0 -718.0 -716.0 
-712.0 -709.0 -706.0 -704.0 -705.0 -708.0 -707.0 
-706.0 -707.0 -709.0 -714.0 -716.0 -722.0 -726.0 
-730.0 -739.0 -747.0 -757.0 -768.0 -781.0 -796.0 
-810.0 -825.0 -839.0 -856.0 -875.0 -892.0 -911.0 
-927.0 -943.0 -959.0 -974.0 -988.0 -1000.0 -1011.0 
-1016.0 -1018.0 -1020.0 -1020.0 -1022.0 -1017.0 -1010.0 
-1001.0 -992.0 -984.0 -970.0 -957.0 -942.0 -925.0 
-906.0 -892.0 -878.0 -863.0 -850.0 -836.0 -822.0 
-807.0 -796.0 -782.0 -771.0 -758.0 -743.0 -734.0 
-721.0 -707.0 -691.0 -681.0 -667.0 -646.0 -631.0 
-614.0 -596.0 -579.0 -560.0 -545.0 -533.0 -518.0 
-507.0 -498.0 -490.0 -479.0 -468.0 -461.0 -454.0 
-450.0 -445.0 -442.0 -439.0 -439.0 -444.0 -445.0 
-450.0 -457.0 -462.0 -471.0 -479.0 -489.0 -501.0 
-515.0 -526.0 -541.0 -558.0 -574.0 -594.0 -609.0 
-626.0 -644.0 -663.0 -684.0 -699.0 -719.0 -738.0 
-761.0 -780.0 -798.0 -817.0 -831.0 -847.0 -860.0 
-877.0 -889.0 -899.0 -911.0 -918.0 -923.0 -930.0 
-941.0 -945.0 -953.0 -960.0 -964.0 -972.0 -978.0 
-987.0 -994.0 -1003.0 -1011.0 -1017.0 -1025.0 -1031.0 
-1038.0 -1044.0 -1053.0 -1061.0 -1065.0 -1070.0 -1075.0 
-1080.0 -1084.0 -1089.0 -1093.0 -1096.0 -1105.0 -1108.0 
-1106.0 -1110.0 -1110.0 -1111.0 -1114.0 -1113.0 -1114.0 
-1114.0 -1115.0 -1115.0 -1114.0 -1109.0 -1105.0 -1101.0 
-1090.0 -1083.0 -1069.0 -1055.0 -1040.0 -1019.0 -995.0 
-970.0 -947.0 -919.0 -891.0 -860.0 -824.0 -789.0 
-758.0 -727.0 -692.0 -658.0 -623.0 -589.0 -555.0 
-521.0 -489.0 -461.0 -438.0 -410.0 -385.0 -365.0 
-342.0 -324.0 -309.0 -295.0 -285.0 -272.0 -263.0 
-257.0 -253.0 -253.0 -250.0 -252.0 -255.0 -258.0 
-266.0 -276.0 -286.0 -296.0 -310.0 -325.0 -341.0 
-362.0 -382.0 -404.0 -427.0 -452.0 -477.0 -503.0 
-531.0 -558.0 -586.0 -616.0 -646.0 -671.0 -697.0 
-726.0 -756.0 -783.0 -811.0 -838.0 -863.0 -893.0 
-918.0 -944.0 -970.0 -995.0 -1023.0 -1048.0 -1073.0 
-1096.0 -1120.0 -1144.0 -1163.0 -1183.0 -1202.0 -1219.0 
-1235.0 -1251.0 -1262.0 -1271.0 -1280.0 -1289.0 -1297.0 
-1302.0 -1302.0 -1303.0 -1303.0 -1301.0 -1298.0 -1289.0 
-1283.0 -1275.0 -1264.0 -1253.0 -1240.0 -1228.0 -1214.0 
-1199.0 -1181.0 -1166.0 -1149.0 -1129.0 -1112.0 -1092.0 
-1072.0 -1052.0 -1029.0 -1005.0 -983.0 -961.0 -937.0 
-920.0 -896.0 -874.0 -851.0 -826.0 -806.0 -782.0 
-760.0 -737.0 -717.0 -694.0 -673.0 -657.0 -636.0 
-616.0 -597.0 -581.0 -563.0 -543.0 -525.0 -507.0 
-493.0 -477.0 -463.0 -448.0 -438.0 -426.0 -416.0 
-408.0 -395.0 -385.0 -376.0 -368.0 -359.0 -352.0 
-346.0 -338.0 -330.0 -322.0 -318.0 -310.0 -307.0 
-305.0 -301.0 -299.0 -301.0 -304.0 -307.0 -314.0 
-320.0 -332.0 -344.0 -353.0 -365.0 -378.0 -391.0 
-402.0 -416.0 -431.0 -444.0 -460.0 -474.0 -488.0 
-503.0 -519.0 -535.0 -552.0 -570.0 -589.0 -610.0 
-633.0 -657.0 -680.0 -705.0 -732.0 -759.0 -787.0 
-816.0 -846.0 -877.0 -907.0 -936.0 -964.0 -991.0 
-1016.0 -1042.0 -1066.0 -1087.0 -1109.0 -1129.0 -1146.0 
-1161.0 -1178.0 -1193.0 -1205.0 -1219.0 -1228.0 -1235.0 
-1239.0 -1243.0 -1250.0 -1254.0 -1255.0 -1256.0 -1256.0 
-1256.0 -1254.0 -1254.0 -1253.0 -1251.0 -1245.0 -1238.0 
-1235.0 -1227.0 -1218.0 -1210.0 -1197.0 -1185.0 -1169.0 
-1158.0 -1143.0 -1121.0 -1102.0 -1079.0 -1055.0 -1031.0 
-1005.0 -978.0 -950.0 -922.0 -893.0 -865.0 -836.0 
-808.0 -781.0 -757.0 -728.0 -701.0 -676.0 -649.0 
-626.0 -600.0 -577.0 -553.0 -528.0 -504.0 -476.0 
-451.0 -423.0 -396.0 -373.0 -346.0 -322.0 -301.0 
-280.0 -262.0 -244.0 -229.0 -212.0 -198.0 -189.0 
-178.0 -172.0 -165.0 -158.0 -154.0 -152.0 -151.0 
-148.0 -149.0 -152.0 -158.0 -164.0 -172.0 -180.0 
-193.0 -209.0 -226.0 -247.0 -264.0 -286.0 -311.0 
-337.0 -367.0 -396.0 -430.0 -462.0 -496.0 -531.0 
-566.0 -602.0 -640.0 -678.0 -713.0 -752.0 -789.0 
-826.0 -865.0 -904.0 -943.0 -986.0 -1025.0 -1064.0 
-1105.0 -1143.0 -1185.0 -1222.0 -1257.0 -1292.0 -1323.0 
-1353.0 -1378.0 -1409.0 -1434.0 -1455.0 -1479.0 -1499.0 
-1518.0 -1535.0 -1551.0 -1565.0 -1574.0 -1584.0 -1589.0 
-1594.0 -1596.0 -1595.0 -1590.0 -1586.0 -1577.0 -1568.0 
-1559.0 -1546.0 -1532.0 -1517.0 -1501.0 -1481.0 -1460.0 
-1436.0 -1408.0 -1378.0 -1346.0 -1315.0 -1277.0 -1240.0 
-1201.0 -1155.0 -1111.0 -1068.0 -1021.0 -975.0 -928.0 
-879.0 -838.0 -792.0 -746.0 -701.0 -654.0 -611.0 
-569.0 -531.0 -492.0 -455.0 -419.0 -386.0 -357.0 
-326.0 -299.0 -275.0 -255.0 -235.0 -217.0 -202.0 
-187.0 -175.0 -165.0 -155.0 -148.0 -142.0 -134.0 
-131.0 -125.0 -123.0 -124.0 -123.0 -125.0 -124.0 
-128.0 -133.0 -139.0 -149.0 -160.0 -169.0 -180.0 
-196.0 -211.0 -229.0 -249.0 -269.0 -289.0 -313.0 
-336.0 -357.0 -379.0 -399.0 -424.0 -446.0 -472.0 
-497.0 -521.0 -544.0 -565.0 -588.0 -612.0 -637.0 
-662.0 -685.0 -710.0 -735.0 -762.0 -789.0 -817.0 
-844.0 -871.0 -900.0 -930.0 -956.0 -982.0 -1011.0 
-1035.0 -1062.0 -1087.0 -1113.0 -1140.0 -1161.0 -1184.0 
-1205.0 -1224.0 -1244.0 -1263.0 -1281.0 -1295.0 -1309.0 
-1322.0 -1334.0 -1344.0 -1352.0 -1360.0 -1366.0 -1372.0 
-1376.0 -1380.0 -1382.0 -1384.0 -1386.0 -1385.0 -1384.0 
-1378.0 -1371.0 -1363.0 -1351.0 -1341.0 -1330.0 -1313.0 
-1294.0 -1278.0 -1256.0 -1228.0 -1206.0 -1178.0 -1147.0 
-1118.0 -1085.0 -1053.0 -1016.0 -980.0 -942.0 -904.0 
-867.0 -825.0 -786.0 -746.0 -703.0 -660.0 -616.0 
-577.0 -535.0 -494.0 -458.0 -423.0 -389.0 -355.0 
-326.0 -296.0 -269.0 -244.0 -222.0 -203.0 -180.0 
-163.0 -148.0 -133.0 -120.0 -108.0 -99.0 -95.0 
-89.0 -84.0 -86.0 -85.0 -89.0 -97.0 -106.0 
-116.0 -129.0 -144.0 -159.0 -176.0 -194.0 -216.0 
-237.0 -261.0 -280.0 -301.0 -325.0 -348.0 -371.0 
-394.0 -417.0 -440.0 -466.0 -490.0 -515.0 -540.0 
-565.0 -592.0 -615.0 -639.0 -666.0 -692.0 -718.0 
-741.0 -763.0 -785.0 -806.0 -826.0 -846.0 -864.0 
-882.0 -897.0 -914.0 -927.0 -935.0 -948.0 -960.0 
-969.0 -975.0 -982.0 -990.0 -994.0 -1000.0 -1003.0 
-1006.0 -1010.0 -1013.0 -1019.0 -1024.0 -1028.0 -1035.0 
-1041.0 -1048.0 -1055.0 -1062.0 -1070.0 -1082.0 -1093.0 
-1103.0 -1115.0 -1125.0 -1134.0 -1145.0 -1155.0 -1163.0 
-1173.0 -1180.0 -1187.0 -1190.0 -1190.0 -1196.0 -1196.0 
-1198.0 -1197.0 -1198.0 -1198.0 -1193.0 -1195.0 -1192.0 
-1186.0 -1183.0 -1176.0 -1169.0 -1161.0 -1155.0 -1145.0 
-1135.0 -1126.0 -1113.0 -1103.0 -1092.0 -1080.0 -1071.0 
-1058.0 -1046.0 -1031.0 -1014.0 -1000.0 -986.0 -969.0 
-951.0 -933.0 -914.0 -893.0 -870.0 -850.0 -829.0 
-807.0 -785.0 -762.0 -743.0 -722.0 -698.0 -676.0 
-653.0 -632.0 -609.0 -586.0 -565.0 -542.0 -520.0 
-499.0 -478.0 -460.0 -440.0 -421.0 -401.0 -384.0 
-368.0 -352.0 -340.0 -326.0 -315.0 -309.0 -301.0 
-295.0 -288.0 -288.0 -289.0 -292.0 -296.0 -300.0 
-309.0 -316.0 -327.0 -340.0 -357.0 -377.0 -394.0 
-412.0 -434.0 -458.0 -481.0 -507.0 -529.0 -555.0 
-583.0 -607.0 -636.0 -661.0 -686.0 -710.0 -736.0 
-758.0 -778.0 -802.0 -820.0 -842.0 -861.0 -879.0 
-897.0 -912.0 -928.0 -942.0 -961.0 -972.0 -985.0 
-1002.0 -1013.0 -1027.0 -1038.0 -1049.0 -1061.0 -1068.0 
-1075.0 -1082.0 -1090.0 -1094.0 -1095.0 -1098.0 -1100.0 
-1100.0 -1100.0 -1096.0 -1091.0 -1087.0 -1081.0 -1072.0 
-1062.0 -1053.0 -1041.0 -1029.0 -1019.0 -1005.0 -994.0 
-979.0 -962.0 -951.0 -936.0 -921.0 -907.0 -893.0 
-880.0 -865.0 -850.0 -835.0 -825.0 -814.0 -801.0 
-792.0 -782.0 -770.0 -761.0 -750.0 -740.0 -731.0 
-723.0 -717.0 -708.0 -701.0 -694.0 -689.0 -685.0 
-680.0 -676.0 -670.0 -668.0 -666.0 -663.0 -660.0 
-660.0 -655.0 -655.0 -654.0 -654.0 -654.0 -654.0 
-659.0 -656.0 -659.0 -660.0 -660.0 -661.0 -659.0 
-659.0 -657.0 -659.0 -657.0 -654.0 -652.0 -652.0 
-650.0 -645.0 -646.0 -647.0 -649.0 -648.0 -651.0 
-654.0 -659.0 -666.0 -672.0 -680.0 -688.0 -694.0 
-700.0 -711.0 -720.0 -727.0 -734.0 -740.0 -748.0 
-754.0 -758.0 -760.0 -763.0 -763.0 -766.0 -764.0 
-763.0 -763.0 -759.0 -756.0 -751.0 -746.0 -739.0 
-733.0 -727.0 -720.0 -714.0 -705.0 -699.0 -689.0 
-678.0 -667.0 -657.0 -648.0 -640.0 -633.0 -623.0 
-614.0 -605.0 -595.0 -587.0 -581.0 -575.0 -574.0 
-572.0 -571.0 -574.0 -574.0 -577.0 -582.0 -587.0 
-592.0 -597.0 -601.0 -609.0 -615.0 -619.0 -628.0 
-633.0 -642.0 -650.0 -660.0 -668.0 -675.0 -687.0 
-696.0 -704.0 -712.0 -720.0 -729.0 -738.0 -750.0 
-761.0 -771.0 -781.0 -791.0 -800.0 -810.0 -822.0 
-831.0 -841.0 -849.0 -856.0 -869.0 -876.0 -880.0 
-889.0 -893.0 -896.0 -898.0 -901.0 -903.0 -904.0 
-905.0 -908.0 -912.0 -914.0 -915.0 -917.0 -918.0 
-921.0 -927.0 -932.0 -936.0 -941.0 -946.0 -952.0 
-957.0 -961.0 -968.0 -971.0 -975.0 -977.0 -977.0 
-981.0 -977.0 -972.0 -965.0 -954.0 -945.0 -934.0 
-926.0 -916.0 -906.0 -894.0 -880.0 -869.0 -858.0 
-847.0 -836.0 -829.0 -817.0 -807.0 -801.0 -792.0 
-782.0 -773.0 -762.0 -752.0 -748.0 -739.0 -731.0 
-726.0 -717.0 -709.0 -697.0 -687.0 -676.0 -665.0 
-656.0 -645.0 -636.0 -625.0 -616.0 -607.0 -597.0 
-590.0 -586.0 -580.0 -578.0 -576.0 -573.0 -573.0 
-574.0 -576.0 -578.0 -582.0 -586.0 -588.0 -595.0 
-602.0 -612.0 -623.0 -636.0 -649.0 -660.0 -675.0 
-688.0 -703.0 -719.0 -737.0 -756.0 -772.0 -787.0 
-805.0 -821.0 -837.0 -851.0 -862.0 -877.0 -888.0 
-898.0 -906.0 -912.0 -920.0 -925.0 -930.0 -933.0 
-932.0 -933.0 -933.0 -932.0 -928.0 -928.0 -927.0 
-921.0 -914.0 -904.0 -894.0 -884.0 -870.0 -854.0 
-838.0 -821.0 -804.0 -783.0 -764.0 -745.0 -726.0 
-709.0 -691.0 -678.0 -665.0 -653.0 -643.0 -634.0 
-627.0 -622.0 -619.0 -616.0 -617.0 -618.0 -618.0 
-618.0 -622.0 -622.0 -621.0 -622.0 -621.0 -622.0 
-621.0 -626.0 -627.0 -627.0 -628.0 -626.0 -627.0 
-626.0 -629.0 -631.0 -633.0 -635.0 -636.0 -639.0 
-641.0 -644.0 -644.0 -648.0 -651.0 -652.0 -655.0 
-656.0 -660.0 -665.0 -669.0 -672.0 -677.0 -682.0 
-686.0 -689.0 -692.0 -696.0 -695.0 -697.0 -701.0 
-701.0 -702.0 -702.0 -702.0 -701.0 -703.0 -705.0 
-706.0 -709.0 -712.0 -716.0 -717.0 -722.0 -724.0 
-727.0 -727.0 -727.0 -730.0 -730.0 -732.0 -729.0 
-729.0 -731.0 -732.0 -733.0 -733.0 -738.0 -739.0 
-748.0 -758.0 -765.0 -777.0 -788.0 -800.0 -811.0 
-828.0 -841.0 -853.0 -869.0 -882.0 -896.0 -908.0 
-923.0 -934.0 -946.0 -961.0 -971.0 -983.0 -990.0 
-1001.0 -1010.0 -1016.0 -1025.0 -1033.0 -1039.0 -1041.0 
-1044.0 -1043.0 -1042.0 -1041.0 -1036.0 -1030.0 -1019.0 
-1007.0 -992.0 -975.0 -956.0 -934.0 -912.0 -887.0 
-860.0 -829.0 -798.0 -763.0 -731.0 -698.0 -662.0 
-628.0 -590.0 -556.0 -519.0 -482.0 -449.0 -414.0 
-380.0 -345.0 -314.0 -278.0 -245.0 -215.0 -184.0 
-158.0 -135.0 -113.0 -95.0 -81.0 -65.0 -53.0 
-44.0 -41.0 -38.0 -35.0 -39.0 -44.0 -52.0 
-62.0 -74.0 -87.0 -104.0 -122.0 -138.0 -160.0 
-182.0 -205.0 -232.0 -263.0 -295.0 -328.0 -363.0 
-397.0 -434.0 -470.0 -509.0 -551.0 -595.0 -639.0 
-682.0 -729.0 -773.0 -819.0 -866.0 -912.0 -958.0 
-1001.0 -1047.0 -1089.0 -1128.0 -1165.0 -1202.0 -1240.0 
-1270.0 -1301.0 -1329.0 -1356.0 -1381.0 -1401.0 -1424.0 
-1444.0 -1461.0 -1477.0 -1489.0 -1498.0 -1507.0 -1513.0 
-1515.0 -1516.0 -1513.0 -1508.0 -1501.0 -1492.0 -1477.0 
-1463.0 -1446.0 -1426.0 -1407.0 -1384.0 -1361.0 -1332.0 
-1304.0 -1279.0 -1248.0 -1220.0 -1189.0 -1158.0 -1127.0 
-1096.0 -1065.0 -1033.0 -1005.0 -975.0 -945.0 -915.0 
-884.0 -858.0 -829.0 -801.0 -774.0 -746.0 -721.0 
-693.0 -664.0 -638.0 -611.0 -584.0 -559.0 -532.0 
-502.0 -474.0 -445.0 -420.0 -393.0 -369.0 -347.0 
-326.0 -307.0 -286.0 -271.0 -256.0 -241.0 -232.0 
-221.0 -214.0 -208.0 -204.0 -205.0 -204.0 -206.0 
-207.0 -210.0 -214.0 -217.0 -223.0 -228.0 -237.0 
-247.0 -257.0 -270.0 -282.0 -295.0 -310.0 -324.0 
-342.0 -361.0 -379.0 -402.0 -425.0 -448.0 -474.0 
-500.0 -527.0 -552.0 -576.0 -603.0 -626.0 -650.0 
-675.0 -698.0 -722.0 -744.0 -766.0 -787.0 -807.0 
-825.0 -841.0 -858.0 -873.0 -887.0 -900.0 -913.0 
-928.0 -937.0 -949.0 -960.0 -970.0 -983.0 -993.0 
-1006.0 -1018.0 -1029.0 -1042.0 -1052.0 -1064.0 -1072.0 
-1082.0 -1088.0 -1093.0 -1102.0 -1107.0 -1114.0 -1119.0 
-1123.0 -1126.0 -1129.0 -1135.0 -1139.0 -1144.0 -1145.0 
-1147.0 -1150.0 -1152.0 -1153.0 -1152.0 -1151.0 -1145.0 
-1141.0 -1134.0 -1124.0 -1113.0 -1098.0 -1084.0 -1067.0 
-1045.0 -1024.0 -1001.0 -976.0 -950.0 -923.0 -895.0 
-868.0 -843.0 -817.0 -791.0 -765.0 -740.0 -712.0 
-686.0 -658.0 -630.0 -604.0 -578.0 -555.0 -529.0 
-506.0 -482.0 -457.0 -433.0 -411.0 -391.0 -371.0 
-356.0 -338.0 -323.0 -311.0 -299.0 -293.0 -283.0 
-277.0 -270.0 -267.0 -270.0 -270.0 -272.0 -276.0 
-283.0 -293.0 -305.0 -316.0 -329.0 -344.0 -359.0 
-375.0 -390.0 -409.0 -425.0 -442.0 -460.0 -479.0 
-497.0 -516.0 -536.0 -552.0 -572.0 -590.0 -609.0 
-625.0 -644.0 -667.0 -681.0 -698.0 -715.0 -732.0 
-748.0 -763.0 -777.0 -793.0 -811.0 -826.0 -840.0 
-854.0 -871.0 -885.0 -897.0 -911.0 -924.0 -936.0 
-949.0 -962.0 -973.0 -985.0 -997.0 -1007.0 -1017.0 
-1027.0 -1037.0 -1045.0 -1054.0 -1063.0 -1069.0 -1075.0 
-1079.0 -1080.0 -1077.0 -1073.0 -1068.0 -1060.0 -1050.0 
-1036.0 -1021.0 -1004.0 -985.0 -965.0 -944.0 -924.0 
-902.0 -882.0 -861.0 -841.0 -823.0 -804.0 -790.0 
-776.0 -763.0 -752.0 -745.0 -737.0 -731.0 -728.0 
-725.0 -728.0 -731.0 -734.0 -739.0 -746.0 -752.0 
-759.0 -769.0 -775.0 -781.0 -787.0 -795.0 -798.0 
-798.0 -801.0 -801.0 -802.0 -799.0 -796.0 -791.0 
-785.0 -784.0 -777.0 -766.0 -758.0 -751.0 -743.0 
-737.0 -731.0 -726.0 -725.0 -725.0 -725.0 -723.0 
-725.0 -728.0 -729.0 -733.0 -738.0 -744.0 -748.0 
-751.0 -755.0 -756.0 -759.0 -760.0 -759.0 -759.0 
-758.0 -756.0 -752.0 -751.0 -747.0 -742.0 -739.0 
-736.0 -732.0 -730.0 -729.0 -725.0 -723.0 -723.0 
-724.0 -724.0 -725.0 -726.0 -727.0 -731.0 -733.0 
-735.0 -738.0 -745.0 -748.0 -751.0 -757.0 -760.0 
-764.0 -767.0 -774.0 -777.0 -781.0 -787.0 -788.0 
-794.0 -798.0 -803.0 -808.0 -811.0 -817.0 -821.0 
-825.0 -828.0 -833.0 -838.0 -842.0 -847.0 -855.0 
-859.0 -867.0 -875.0 -879.0 -885.0 -891.0 -895.0 
-899.0 -901.0 -904.0 -905.0 -902.0 -898.0 -891.0 
-887.0 -876.0 -862.0 -851.0 -836.0 -819.0 -803.0 
-786.0 -770.0 -752.0 -738.0 -722.0 -704.0 -690.0 
-673.0 -656.0 -639.0 -621.0 -605.0 -588.0 -574.0 
-556.0 -540.0 -528.0 -513.0 -499.0 -486.0 -477.0 
-468.0 -462.0 -459.0 -453.0 -451.0 -454.0 -457.0 
-462.0 -470.0 -478.0 -486.0 -496.0 -511.0 -524.0 
-537.0 -554.0 -572.0 -593.0 -613.0 -633.0 -653.0 
-675.0 -702.0 -724.0 