13244.0 13605.0 13617.0 13334.0 13391.0 13311.0 13174.0 
13206.0 13246.0 13154.0 13245.0 13329.0 13609.0 13486.0 
13671.0 13902.0 13759.0 13918.0 13920.0 13845.0 13958.0 
13844.0 13878.0 13830.0 13917.0 13697.0 13972.0 13817.0 
13729.0 14030.0 14058.0 14046.0 13897.0 14003.0 13822.0 
13714.0 13346.0 13555.0 13452.0 13275.0 13169.0 13429.0 
13434.0 13289.0 13519.0 13669.0 13392.0 13488.0 13649.0 
13527.0 13604.0 13519.0 13812.0 13749.0 13712.0 13559.0 
13874.0 13789.0 13695.0 13871.0 13972.0 14133.0 13851.0 
14252.0 14198.0 14153.0 14346.0 14467.0 14377.0 14489.0 
14547.0 14185.0 14470.0 14226.0 14102.0 14107.0 13940.0 
14064.0 13851.0 14096.0 14081.0 14160.0 14213.0 14094.0 
14198.0 14159.0 14175.0 14125.0 14119.0 14215.0 14150.0 
14078.0 14189.0 14102.0 14231.0 14280.0 14327.0 14274.0 
14356.0 14345.0 14375.0 14282.0 14267.0 14312.0 14383.0 
14199.0 14206.0 14380.0 14323.0 14402.0 14139.0 14207.0 
14443.0 14128.0 13970.0 14265.0 14163.0 13995.0 14223.0 
14216.0 14249.0 14319.0 14364.0 14360.0 14411.0 14386.0 
14521.0 14390.0 14320.0 14372.0 14413.0 14326.0 14210.0 
14336.0 14228.0 14402.0 14407.0 14504.0 14719.0 14599.0 
14671.0 14882.0 14855.0 15036.0 14894.0 15037.0 15107.0 
14979.0 15060.0 14871.0 14870.0 14834.0 14838.0 14698.0 
14737.0 14851.0 14653.0 14827.0 14903.0 14823.0 14942.0 
15064.0 15010.0 15022.0 15046.0 14844.0 14943.0 14873.0 
14781.0 14886.0 14722.0 14856.0 15027.0 14720.0 15021.0 
15149.0 15008.0 15266.0 15138.0 15225.0 15293.0 15232.0 
15145.0 15386.0 15306.0 15340.0 15422.0 15434.0 15502.0 
15138.0 15263.0 15248.0 15138.0 15141.0 15378.0 15375.0 
15419.0 15445.0 15446.0 15432.0 15280.0 15218.0 15326.0 
15124.0 14929.0 15060.0 15186.0 14909.0 15095.0 15260.0 
15175.0 15256.0 15234.0 15282.0 15228.0 15227.0 15458.0 
15437.0 15310.0 15412.0 15497.0 15431.0 15374.0 15540.0 
15487.0 15382.0 15439.0 15254.0 15452.0 15308.0 15299.0 
15581.0 15352.0 15490.0 15633.0 15494.0 15836.0 15864.0 
15746.0 16251.0 15988.0 16205.0 16190.0 16241.0 16290.0 
16126.0 16207.0 16017.0 15935.0 16252.0 16041.0 16179.0 
16175.0 15897.0 16378.0 15872.0 15992.0 16250.0 15907.0 
16064.0 16081.0 15900.0 16047.0 15782.0 15847.0 15925.0 
15559.0 16100.0 15842.0 15892.0 16149.0 15870.0 16006.0 
15645.0 15805.0 15877.0 15824.0 15716.0 16086.0 16077.0 
16272.0 16243.0 16397.0 16494.0 16675.0 16887.0 16488.0 
17012.0 16833.0 17025.0 16982.0 16923.0 17537.0 16880.0 
17069.0 17323.0 16897.0 17190.0 16690.0 16977.0 17081.0 
16504.0 16742.0 16757.0 16389.0 16473.0 16182.0 16278.0 
16012.0 15710.0 16355.0 15736.0 15894.0 16115.0 15588.0 
16061.0 15777.0 15691.0 15995.0 15906.0 15828.0 15902.0 
16033.0 16083.0 15761.0 16072.0 16289.0 15871.0 16187.0 
16371.0 16284.0 16328.0 16320.0 16501.0 16624.0 16349.0 
16618.0 16861.0 16577.0 16675.0 16628.0 16538.0 16389.0 
16342.0 16523.0 16307.0 16231.0 16415.0 16376.0 16279.0 
16465.0 16393.0 16602.0 16426.0 16450.0 16696.0 16441.0 
16421.0 16584.0 16490.0 16350.0 16581.0 16507.0 16504.0 
16531.0 16365.0 16552.0 16456.0 16292.0 16515.0 16452.0 
16419.0 16502.0 16380.0 16659.0 16430.0 16548.0 16528.0 
16212.0 16324.0 16009.0 15950.0 15934.0 15725.0 15721.0 
16007.0 15560.0 15696.0 15943.0 15544.0 15791.0 15846.0 
15684.0 15900.0 15774.0 15644.0 16021.0 15841.0 15905.0 
15969.0 16018.0 15993.0 15877.0 16002.0 16123.0 16055.0 
15983.0 16150.0 16373.0 16022.0 16195.0 16216.0 16226.0 
16004.0 16082.0 16173.0 16076.0 16096.0 16193.0 16251.0 
16245.0 16119.0 16240.0 16265.0 16196.0 16007.0 16156.0 
16282.0 15856.0 16052.0 16134.0 15896.0 15689.0 15879.0 
15903.0 15744.0 15442.0 15843.0 15766.0 15476.0 15456.0 
15559.0 15383.0 15399.0 15137.0 15686.0 15498.0 15463.0 
15798.0 15827.0 15701.0 15730.0 16082.0 16004.0 16073.0 
16158.0 16108.0 16219.0 16134.0 16176.0 16273.0 16221.0 
16090.0 16254.0 16183.0 16084.0 16068.0 16112.0 15990.0 
15944.0 15793.0 15845.0 16023.0 15971.0 16100.0 16106.0 
16334.0 16163.0 16282.0 16293.0 16334.0 16161.0 16338.0 
16128.0 16205.0 16170.0 16189.0 16225.0 16073.0 16341.0 
16142.0 16114.0 16199.0 16067.0 15974.0 16003.0 15997.0 
15696.0 15844.0 15739.0 15483.0 15736.0 15586.0 15404.0 
15651.0 15573.0 15405.0 15504.0 15626.0 15604.0 15652.0 
15741.0 15851.0 16099.0 16116.0 16167.0 16345.0 16245.0 
16014.0 16276.0 16163.0 15985.0 15985.0 16039.0 16062.0 
15902.0 16031.0 15920.0 15724.0 15684.0 15610.0 15334.0 
15228.0 15245.0 14962.0 15035.0 15011.0 14738.0 14841.0 
14804.0 14754.0 14834.0 14891.0 14801.0 14711.0 14953.0 
14771.0 14697.0 14909.0 14891.0 14750.0 14887.0 14968.0 
14942.0 14838.0 14973.0 14954.0 14761.0 14857.0 14817.0 
14716.0 14624.0 14453.0 14627.0 14460.0 14219.0 14482.0 
14351.0 14220.0 14220.0 14288.0 14334.0 14304.0 14421.0 
14486.0 14455.0 14319.0 14349.0 14197.0 14248.0 13884.0 
13828.0 13967.0 13517.0 13610.0 13649.0 13757.0 13671.0 
13666.0 14030.0 13859.0 13791.0 13914.0 13873.0 13811.0 
13695.0 13772.0 13654.0 13725.0 13939.0 13778.0 13892.0 
14171.0 14194.0 14225.0 14210.0 14283.0 14194.0 14075.0 
14079.0 13988.0 13939.0 14014.0 14007.0 14075.0 13986.0 
14042.0 14076.0 13962.0 13898.0 13838.0 13931.0 13789.0 
13705.0 13929.0 13702.0 13887.0 13876.0 13939.0 13674.0 
13698.0 13762.0 13719.0 13621.0 13439.0 13949.0 13574.0 
13539.0 13693.0 13707.0 13761.0 13592.0 13742.0 13895.0 
13463.0 13706.0 13692.0 13680.0 13882.0 13597.0 14268.0 
13929.0 13697.0 14284.0 14127.0 13935.0 13910.0 14171.0 
13988.0 13691.0 13638.0 14033.0 13905.0 13510.0 13992.0 
14142.0 13609.0 13661.0 14103.0 14016.0 13424.0 13947.0 
14006.0 13681.0 13832.0 13976.0 14395.0 13789.0 14257.0 
14559.0 14027.0 14477.0 14185.0 14605.0 14366.0 13968.0 
14657.0 14311.0 13993.0 14202.0 14223.0 13907.0 13901.0 
14069.0 13866.0 13874.0 13779.0 13902.0 13850.0 13599.0 
13883.0 13680.0 13787.0 13661.0 13493.0 13878.0 13746.0 
13486.0 14045.0 14127.0 13792.0 14134.0 14376.0 14208.0 
14200.0 14550.0 14591.0 14612.0 14761.0 14745.0 15138.0 
14852.0 14642.0 15068.0 14568.0 14536.0 14853.0 14593.0 
14571.0 14623.0 14928.0 14730.0 14729.0 14914.0 15065.0 
14868.0 14879.0 14995.0 14805.0 14389.0 14809.0 14674.0 
14677.0 14540.0 14787.0 15088.0 14464.0 14824.0 14866.0 
14586.0 14552.0 14593.0 14533.0 14389.0 14479.0 14402.0 
14784.0 14559.0 14648.0 14949.0 14581.0 14942.0 14571.0 
14902.0 14983.0 14822.0 15149.0 15144.0 15190.0 15328.0 
15130.0 15480.0 15117.0 15285.0 15232.0 15133.0 15191.0 
15057.0 14957.0 15023.0 14876.0 14813.0 14846.0 14820.0 
14686.0 14720.0 14619.0 14636.0 14590.0 14424.0 14502.0 
14558.0 14527.0 14462.0 14661.0 14442.0 15002.0 14968.0 
14834.0 14872.0 15294.0 14967.0 15014.0 15221.0 15461.0 
15123.0 15372.0 15417.0 15282.0 15219.0 15217.0 15152.0 
15201.0 15037.0 14808.0 14939.0 14658.0 14706.0 14562.0 
14784.0 14669.0 14532.0 14766.0 14685.0 14469.0 14914.0 
14681.0 14820.0 14883.0 14650.0 14921.0 14796.0 14743.0 
15095.0 14959.0 14983.0 15201.0 15183.0 14982.0 15230.0 
14951.0 15018.0 14875.0 14697.0 15005.0 14661.0 14810.0 
14947.0 14899.0 14816.0 14944.0 14969.0 14834.0 14922.0 
14861.0 14798.0 14916.0 14621.0 14670.0 14644.0 14590.0 
14480.0 14412.0 14261.0 14165.0 14006.0 14081.0 13765.0 
13846.0 13640.0 13666.0 13664.0 13680.0 13687.0 13773.0 
13858.0 13777.0 14021.0 14065.0 14207.0 14221.0 14564.0 
14461.0 14546.0 14658.0 14703.0 14699.0 14795.0 14661.0 
14960.0 15095.0 15031.0 15292.0 15259.0 15137.0 15110.0 
15058.0 14965.0 14849.0 14647.0 14741.0 14525.0 14532.0 
14563.0 14294.0 14373.0 14347.0 14354.0 14268.0 14286.0 
14120.0 14149.0 13985.0 14062.0 14111.0 14193.0 14339.0 
14134.0 14244.0 14278.0 14123.0 13997.0 14042.0 14082.0 
13957.0 14148.0 14182.0 14259.0 14281.0 14305.0 14390.0 
14478.0 14522.0 14629.0 14769.0 14847.0 14919.0 15004.0 
14987.0 15168.0 15199.0 15041.0 15317.0 14989.0 14995.0 
15102.0 14979.0 14922.0 14928.0 14875.0 14866.0 14790.0 
14890.0 14787.0 14749.0 14590.0 14631.0 14776.0 14544.0 
14677.0 14727.0 14603.0 14692.0 14855.0 14737.0 14810.0 
15089.0 15025.0 15050.0 15206.0 15032.0 15338.0 15269.0 
15291.0 15263.0 15290.0 15176.0 15229.0 15161.0 15135.0 
15264.0 14956.0 15128.0 15047.0 14777.0 15127.0 14880.0 
15008.0 15209.0 15030.0 15348.0 15198.0 15336.0 15175.0 
15342.0 15256.0 15209.0 15001.0 15229.0 15181.0 14854.0 
15232.0 15162.0 15274.0 15175.0 15446.0 15434.0 15230.0 
15452.0 15563.0 15531.0 15556.0 15473.0 15625.0 15609.0 
15682.0 15947.0 16092.0 15935.0 16003.0 16210.0 16114.0 
16028.0 16069.0 16045.0 15866.0 15864.0 15884.0 15755.0 
15701.0 15838.0 15683.0 15449.0 15540.0 15463.0 15512.0 
15191.0 15264.0 15337.0 15096.0 15097.0 15169.0 15173.0 
14836.0 15043.0 15117.0 14850.0 14921.0 15009.0 14954.0 
14939.0 14677.0 15270.0 15199.0 14718.0 15198.0 15244.0 
15210.0 15187.0 15211.0 15466.0 15353.0 15165.0 15527.0 
15563.0 15098.0 15492.0 15423.0 15122.0 14910.0 14905.0 
14886.0 14545.0 14607.0 14496.0 14747.0 14282.0 14622.0 
14468.0 14625.0 14472.0 14312.0 14720.0 14377.0 14575.0 
14623.0 14523.0 14567.0 14453.0 14467.0 14297.0 14086.0 
14283.0 14034.0 14213.0 14217.0 14158.0 14295.0 14171.0 
14240.0 14187.0 14120.0 13960.0 14075.0 13812.0 13569.0 
13543.0 13476.0 13332.0 13210.0 13337.0 13159.0 13354.0 
13394.0 13537.0 13594.0 13899.0 13713.0 13854.0 14024.0 
13593.0 13578.0 13640.0 13323.0 13348.0 13388.0 13413.0 
13379.0 13532.0 13566.0 13643.0 13844.0 13670.0 14114.0 
14040.0 14018.0 14045.0 14138.0 14212.0 13858.0 14195.0 
14251.0 14110.0 14137.0 14142.0 14185.0 14067.0 14183.0 
14203.0 14334.0 14293.0 14194.0 14475.0 14378.0 14414.0 
14483.0 14628.0 14614.0 14670.0 14845.0 15023.0 15105.0 
15168.0 15393.0 15589.0 15462.0 15538.0 15894.0 15746.0 
15965.0 15973.0 15982.0 15885.0 15877.0 16032.0 15936.0 
15899.0 15984.0 16008.0 16023.0 15941.0 15989.0 16087.0 
16143.0 16085.0 16187.0 16494.0 16197.0 16357.0 16711.0 
16511.0 16533.0 16804.0 16806.0 16725.0 17009.0 16878.0 
16922.0 17109.0 17041.0 16951.0 17329.0 17221.0 17431.0 
17356.0 17333.0 17365.0 17459.0 17482.0 17498.0 17473.0 
17552.0 17561.0 17353.0 17425.0 17213.0 17288.0 17140.0 
17075.0 17044.0 16949.0 16999.0 16900.0 16795.0 16863.0 
16792.0 17023.0 16750.0 16839.0 16607.0 16817.0 16384.0 
16715.0 16905.0 16486.0 16976.0 16909.0 16782.0 16894.0 
16835.0 16669.0 16897.0 16637.0 16925.0 16951.0 16827.0 
17201.0 17080.0 17099.0 17335.0 16995.0 17153.0 16957.0 
16962.0 17127.0 16789.0 17027.0 17144.0 16976.0 16969.0 
17212.0 17061.0 17131.0 17152.0 16769.0 17393.0 16977.0 
17164.0 17002.0 17143.0 17348.0 16961.0 17139.0 17227.0 
17200.0 16993.0 17132.0 17134.0 16907.0 16865.0 17068.0 
17102.0 17065.0 16985.0 17151.0 17113.0 16941.0 16879.0 
17206.0 16888.0 17073.0 17044.0 17166.0 17147.0 17094.0 
17215.0 17439.0 17317.0 17386.0 17350.0 17416.0 17567.0 
17408.0 17434.0 17472.0 17063.0 17475.0 17354.0 17228.0 
17448.0 17390.0 17259.0 17313.0 17232.0 17228.0 17072.0 
17060.0 17047.0 16898.0 17116.0 17021.0 17095.0 16945.0 
17201.0 16830.0 16779.0 16943.0 16687.0 16513.0 16600.0 
16410.0 16421.0 16215.0 16301.0 16338.0 16279.0 16129.0 
16552.0 16265.0 16229.0 16293.0 16467.0 16382.0 16362.0 
16481.0 16719.0 16600.0 16514.0 16652.0 16809.0 16597.0 
16791.0 16856.0 16572.0 16712.0 16770.0 16727.0 16667.0 
16860.0 16458.0 17022.0 16565.0 16626.0 16671.0 16502.0 
16348.0 16296.0 16259.0 16236.0 16270.0 16183.0 16317.0 
16285.0 16244.0 16267.0 16206.0 16297.0 16330.0 16124.0 
16394.0 16219.0 16096.0 16038.0 16250.0 16031.0 15948.0 
16107.0 15958.0 16018.0 15803.0 16137.0 15924.0 15809.0 
16126.0 16101.0 15854.0 16295.0 16105.0 16031.0 16201.0 
16042.0 16013.0 16325.0 15696.0 16134.0 15913.0 15871.0 
15857.0 15690.0 15905.0 15397.0 15727.0 15588.0 15263.0 
15303.0 15507.0 15286.0 15225.0 15354.0 15620.0 15079.0 
15499.0 15356.0 15304.0 15357.0 15197.0 15361.0 15164.0 
15377.0 15422.0 15421.0 15544.0 15865.0 15687.0 15968.0 
15942.0 15824.0 16022.0 15685.0 15991.0 16053.0 15895.0 
15954.0 15976.0 16002.0 15895.0 15848.0 15732.0 15878.0 
15526.0 15361.0 15563.0 15392.0 15297.0 15394.0 15633.0 
15184.0 15305.0 15429.0 15271.0 15233.0 15209.0 15251.0 
15191.0 15191.0 15279.0 15221.0 15197.0 15345.0 15309.0 
15286.0 15255.0 15361.0 15270.0 15376.0 15472.0 15368.0 
15401.0 15514.0 15367.0 15597.0 15527.0 15591.0 15574.0 
15340.0 15581.0 15617.0 15398.0 15541.0 15620.0 15785.0 
15589.0 15866.0 16077.0 15787.0 15972.0 15946.0 15956.0 
15879.0 15824.0 15748.0 15751.0 15786.0 15598.0 15815.0 
15853.0 15856.0 15919.0 16087.0 16144.0 15814.0 16420.0 
15890.0 15780.0 16038.0 15821.0 15630.0 15780.0 16042.0 
15735.0 15704.0 16195.0 15971.0 15984.0 15813.0 16186.0 
15800.0 15893.0 16131.0 15900.0 16130.0 16099.0 16248.0 
16246.0 16305.0 16436.0 16497.0 16536.0 16715.0 16708.0 
16696.0 16752.0 16789.0 16746.0 16839.0 16865.0 16897.0 
16818.0 16889.0 17016.0 16700.0 16664.0 16916.0 16576.0 
16541.0 16652.0 16586.0 16352.0 16386.0 16616.0 16522.0 
16385.0 16572.0 16487.0 16416.0 16281.0 16597.0 16304.0 
16501.0 16757.0 16254.0 16764.0 16654.0 16577.0 16755.0 
16832.0 16625.0 16604.0 16772.0 16346.0 16282.0 16468.0 
16202.0 16138.0 16191.0 16210.0 16005.0 16244.0 15937.0 
15979.0 16049.0 15938.0 15943.0 15968.0 16110.0 15779.0 
15863.0 16082.0 15662.0 15764.0 16087.0 15863.0 16085.0 
15924.0 16195.0 16007.0 16096.0 16006.0 16068.0 16134.0 
15976.0 16212.0 15980.0 16086.0 16188.0 16198.0 16430.0 
16570.0 16598.0 16529.0 16604.0 16543.0 16417.0 16566.0 
16409.0 16375.0 16265.0 16283.0 16205.0 16211.0 16279.0 
16112.0 16254.0 16031.0 15939.0 15787.0 15591.0 15690.0 
15368.0 15345.0 15263.0 15116.0 15267.0 14905.0 15058.0 
15130.0 14861.0 14819.0 15039.0 15174.0 15006.0 15197.0 
15335.0 15228.0 15282.0 15384.0 15431.0 15364.0 15501.0 
15414.0 15646.0 15578.0 15694.0 15883.0 15810.0 15937.0 
15938.0 16097.0 16020.0 16055.0 16065.0 16305.0 16129.0 
16106.0 16059.0 16185.0 15976.0 15999.0 16046.0 15894.0 
16096.0 15913.0 15965.0 16126.0 15960.0 15847.0 16094.0 
15931.0 15940.0 16000.0 15933.0 16211.0 15922.0 16020.0 
16184.0 16146.0 16323.0 16424.0 16762.0 16604.0 16763.0 
16766.0 16846.0 16936.0 16661.0 16805.0 16960.0 16851.0 
17006.0 16897.0 17182.0 17435.0 17463.0 17509.0 17724.0 
17599.0 17605.0 17794.0 17564.0 17783.0 17636.0 17743.0 
17660.0 17826.0 18009.0 18101.0 18172.0 18327.0 18362.0 
18362.0 18505.0 18440.0 18549.0 18613.0 18580.0 19003.0 
18460.0 19083.0 19094.0 18752.0 19260.0 18752.0 19293.0 
19039.0 18858.0 18857.0 18845.0 18737.0 18377.0 18765.0 
18725.0 18854.0 18477.0 18994.0 19294.0 18524.0 19190.0 
19441.0 19108.0 18904.0 19173.0 19337.0 18658.0 18852.0 
19457.0 18990.0 18997.0 19478.0 18968.0 19500.0 19337.0 
19140.0 19448.0 19153.0 19392.0 18997.0 19498.0 19257.0 
19028.0 19346.0 19382.0 19211.0 19146.0 19266.0 19107.0 
19260.0 18967.0 19043.0 19454.0 18823.0 19342.0 19302.0 
19135.0 19339.0 19277.0 19488.0 19351.0 19239.0 19689.0 
19530.0 19319.0 19635.0 19280.0 19455.0 19279.0 19218.0 
19542.0 18999.0 19197.0 19070.0 18846.0 19078.0 18845.0 
18632.0 18791.0 18763.0 18439.0 18519.0 18775.0 18643.0 
18551.0 18451.0 18663.0 18535.0 18216.0 18513.0 18469.0 
18211.0 18260.0 18075.0 17848.0 17803.0 17312.0 17638.0 
17245.0 17096.0 17096.0 16980.0 17138.0 17270.0 17274.0 
17431.0 17524.0 17494.0 17557.0 17600.0 17626.0 17695.0 
17548.0 17680.0 17661.0 17472.0 17849.0 17601.0 17534.0 
17786.0 17608.0 17643.0 17555.0 17434.0 17637.0 17487.0 
17511.0 17568.0 17282.0 17504.0 17534.0 17217.0 17280.0 
17254.0 17177.0 16965.0 17103.0 16958.0 17022.0 16996.0 
16842.0 16945.0 16921.0 16713.0 16844.0 16802.0 16704.0 
16668.0 16540.0 16596.0 16749.0 16390.0 16428.0 16323.0 
16306.0 16085.0 16032.0 16268.0 16025.0 16021.0 16086.0 
16111.0 16020.0 16261.0 16204.0 16245.0 16288.0 16177.0 
16343.0 16009.0 16262.0 16043.0 15751.0 16154.0 15729.0 
15876.0 15727.0 15724.0 15835.0 15886.0 15746.0 15716.0 
15854.0 15728.0 15650.0 15648.0 15634.0 15648.0 15465.0 
15642.0 15907.0 15555.0 15677.0 15807.0 15810.0 15433.0 
15531.0 15483.0 15340.0 15215.0 15074.0 15171.0 14749.0 
14914.0 15080.0 14893.0 14928.0 15121.0 15076.0 15065.0 
14981.0 15228.0 14966.0 14873.0 15031.0 15109.0 15102.0 
15065.0 15152.0 15554.0 15147.0 15083.0 15673.0 15341.0 
15203.0 15478.0 15556.0 15532.0 15367.0 15841.0 15780.0 
15460.0 15996.0 15985.0 15903.0 15958.0 16163.0 16148.0 
16066.0 16097.0 16168.0 16134.0 15830.0 16084.0 16136.0 
15996.0 16009.0 16069.0 16348.0 15905.0 16078.0 16023.0 
15895.0 16142.0 15902.0 15844.0 16155.0 16089.0 16002.0 
16306.0 16466.0 16239.0 16590.0 16559.0 16567.0 16452.0 
16455.0 16358.0 16167.0 16052.0 16031.0 16138.0 15888.0 
16118.0 15964.0 16174.0 16185.0 15976.0 16249.0 16198.0 
16125.0 16128.0 16276.0 16390.0 16262.0 16295.0 16455.0 
16466.0 16511.0 16498.0 16581.0 16456.0 16559.0 16501.0 
16498.0 16488.0 16393.0 16634.0 16532.0 16688.0 16632.0 
16790.0 16878.0 16822.0 16938.0 17023.0 16912.0 17008.0 
16916.0 16812.0 16894.0 16725.0 16684.0 16882.0 16589.0 
16763.0 16863.0 16661.0 16586.0 16691.0 16716.0 16555.0 
16670.0 16613.0 16815.0 16635.0 16783.0 16917.0 16998.0 
16797.0 16964.0 16947.0 16804.0 16730.0 16615.0 16550.0 
16737.0 16472.0 16592.0 16649.0 16525.0 16622.0 16634.0 
16547.0 16503.0 16448.0 16316.0 16437.0 16163.0 16494.0 
16353.0 16516.0 16600.0 16394.0 16676.0 16645.0 16502.0 
16615.0 16669.0 16786.0 16823.0 16831.0 16805.0 16912.0 
16945.0 16953.0 17034.0 17016.0 17088.0 17130.0 17249.0 
17275.0 17341.0 17505.0 17246.0 17368.0 17447.0 17425.0 
17342.0 17415.0 17439.0 17304.0 17202.0 17425.0 17060.0 
16937.0 17173.0 16709.0 16776.0 16542.0 16599.0 16684.0 
16323.0 16499.0 16612.0 16442.0 16322.0 16634.0 16416.0 
16447.0 16430.0 16545.0 16732.0 16481.0 16581.0 16630.0 
16651.0 16221.0 16360.0 16370.0 16172.0 16100.0 16017.0 
16430.0 16289.0 16250.0 16412.0 16596.0 16568.0 16479.0 
16723.0 16794.0 16604.0 16732.0 16987.0 16858.0 16767.0 
16949.0 17036.0 16764.0 16543.0 16719.0 16682.0 16413.0 
16683.0 16567.0 16643.0 16614.0 16630.0 16709.0 16737.0 
16553.0 16884.0 16805.0 16730.0 16803.0 16869.0 16598.0 
16608.0 16734.0 16433.0 16406.0 16234.0 16270.0 16257.0 
15825.0 16121.0 16099.0 16004.0 16058.0 15912.0 16208.0 
16046.0 16002.0 16238.0 16086.0 16115.0 16190.0 16297.0 
16320.0 16256.0 16468.0 16458.0 16325.0 16410.0 16398.0 
16232.0 16278.0 16135.0 16046.0 16111.0 15854.0 16158.0 
15854.0 15975.0 15990.0 15834.0 16043.0 15755.0 16010.0 
15883.0 15972.0 16011.0 15919.0 15917.0 15960.0 16191.0 
16040.0 16395.0 16349.0 16477.0 16597.0 16382.0 16546.0 
16441.0 16537.0 16406.0 16534.0 16419.0 16475.0 16463.0 
16621.0 16445.0 16506.0 16625.0 16717.0 16546.0 16616.0 
16576.0 16511.0 16601.0 16581.0 16704.0 16829.0 16864.0 
17009.0 17142.0 17094.0 17238.0 17216.0 17174.0 16920.0 
17092.0 16824.0 16788.0 16998.0 16942.0 16854.0 16857.0 
17208.0 16939.0 17040.0 16916.0 16866.0 16991.0 16733.0 
16945.0 16975.0 16918.0 17382.0 17304.0 17234.0 17646.0 
17489.0 17552.0 17702.0 17712.0 17713.0 17850.0 17826.0 
17878.0 17765.0 17940.0 18034.0 17811.0 18020.0 18082.0 
18000.0 17974.0 18004.0 17949.0 17774.0 17799.0 17784.0 
17835.0 17648.0 17782.0 17776.0 17823.0 17832.0 17942.0 
17960.0 17942.0 17958.0 18101.0 17883.0 17891.0 17974.0 
17937.0 17970.0 17786.0 17953.0 17844.0 17771.0 17949.0 
17930.0 17819.0 17885.0 17939.0 17818.0 17744.0 17954.0 
17789.0 17759.0 17985.0 17881.0 18037.0 18036.0 17872.0 
18296.0 17941.0 17994.0 18175.0 18268.0 18084.0 18001.0 
18260.0 18267.0 18085.0 18157.0 18435.0 18404.0 18174.0 
18255.0 18550.0 18466.0 18333.0 18555.0 18826.0 18432.0 
18580.0 18844.0 19113.0 18727.0 19051.0 19283.0 19031.0 
19083.0 19099.0 19281.0 19027.0 18909.0 19070.0 18981.0 
18477.0 18641.0 18679.0 18301.0 18311.0 18203.0 18461.0 
18244.0 18150.0 18452.0 18406.0 18288.0 18432.0 18602.0 
18354.0 18141.0 18373.0 18455.0 18209.0 18057.0 18386.0 
18538.0 18010.0 18325.0 18469.0 18269.0 18154.0 18190.0 
18268.0 18041.0 18086.0 18171.0 17939.0 18018.0 18005.0 
18141.0 18111.0 18280.0 18331.0 18702.0 18537.0 18746.0 
19046.0 18875.0 19005.0 19003.0 19045.0 19125.0 18932.0 
18871.0 18887.0 18647.0 18551.0 18637.0 18498.0 18386.0 
18481.0 18337.0 18319.0 18192.0 18233.0 18126.0 18127.0 
18186.0 18338.0 18450.0 18465.0 18599.0 18557.0 18483.0 
18478.0 18420.0 18214.0 18178.0 18130.0 18052.0 18113.0 
18256.0 17973.0 18370.0 18398.0 18097.0 18239.0 18151.0 
17935.0 17772.0 17821.0 17716.0 17673.0 17548.0 17680.0 
17686.0 17644.0 17529.0 17630.0 17556.0 17426.0 17459.0 
17428.0 17475.0 17604.0 17240.0 17524.0 17612.0 17273.0 
17362.0 17468.0 17182.0 17302.0 17253.0 17131.0 17121.0 
17196.0 17022.0 17121.0 17059.0 16997.0 17061.0 17042.0 
17041.0 17009.0 17141.0 16866.0 16875.0 17019.0 16953.0 
16759.0 16892.0 16903.0 16896.0 17012.0 17184.0 16991.0 
17375.0 17245.0 17016.0 17142.0 17248.0 17041.0 17167.0 
17082.0 17248.0 17042.0 16942.0 17145.0 17039.0 16843.0 
16979.0 17111.0 17013.0 17026.0 17377.0 17146.0 17109.0 
17067.0 17081.0 16997.0 16801.0 16997.0 16703.0 16668.0 
16437.0 16467.0 16649.0 16513.0 16477.0 16721.0 16687.0 
16779.0 16616.0 16866.0 16844.0 16564.0 16612.0 16403.0 
16417.0 16054.0 15882.0 16152.0 15958.0 15897.0 15890.0 
16095.0 16079.0 15871.0 16154.0 16145.0 15859.0 15942.0 
16054.0 15963.0 15905.0 16172.0 16099.0 16092.0 15994.0 
16084.0 16214.0 16157.0 16324.0 16327.0 16444.0 16277.0 
16334.0 16374.0 16435.0 16519.0 16298.0 16490.0 16409.0 
16473.0 16321.0 16510.0 16619.0 16285.0 16487.0 16271.0 
16494.0 16344.0 16000.0 16330.0 15873.0 15869.0 15677.0 
15892.0 15619.0 15290.0 15977.0 15655.0 15540.0 15332.0 
15825.0 15768.0 14954.0 15741.0 15352.0 15163.0 14800.0 
15245.0 15427.0 14537.0 15167.0 15334.0 14982.0 14835.0 
15184.0 15388.0 14652.0 15135.0 15452.0 14813.0 14779.0 
15036.0 14897.0 14448.0 14785.0 14883.0 14762.0 14724.0 
15044.0 15019.0 14904.0 15020.0 15083.0 15041.0 15011.0 
14932.0 15257.0 15121.0 14841.0 15384.0 15286.0 15124.0 
15441.0 15356.0 15386.0 15422.0 15335.0 15567.0 15238.0 
15237.0 15517.0 15087.0 15238.0 15075.0 14856.0 15032.0 
14802.0 14528.0 14658.0 14625.0 14423.0 14372.0 14448.0 
14341.0 14173.0 14509.0 14264.0 14201.0 14481.0 14445.0 
14451.0 14474.0 14782.0 14722.0 14541.0 14786.0 14725.0 
14643.0 14642.0 14769.0 14715.0 14679.0 14737.0 14842.0 
14759.0 14743.0 14898.0 14946.0 14890.0 14984.0 14910.0 
14851.0 14766.0 14850.0 14933.0 14769.0 14792.0 14971.0 
14829.0 14987.0 15032.0 15083.0 15298.0 15162.0 15128.0 
15339.0 15266.0 15358.0 15133.0 15090.0 15150.0 14735.0 
14692.0 14763.0 14863.0 14734.0 14802.0 14929.0 14931.0 
15004.0 14888.0 15171.0 15003.0 14861.0 15219.0 15068.0 
15167.0 15160.0 15334.0 15241.0 15042.0 15431.0 15336.0 
15000.0 15129.0 15145.0 15046.0 15110.0 15020.0 15277.0 
15293.0 15075.0 15403.0 15644.0 15435.0 15291.0 15863.0 
15669.0 15373.0 15712.0 15926.0 15822.0 15864.0 16147.0 
16262.0 16385.0 16273.0 16581.0 16655.0 16258.0 16471.0 
16271.0 16457.0 16260.0 16252.0 16473.0 16404.0 16293.0 
16305.0 16400.0 16137.0 16062.0 16204.0 16110.0 15827.0 
15998.0 16049.0 15736.0 15993.0 15986.0 15857.0 15695.0 
15977.0 16069.0 15577.0 15789.0 15750.0 15830.0 15789.0 
15838.0 16134.0 16023.0 16149.0 16165.0 16235.0 16110.0 
16078.0 16103.0 15989.0 16139.0 15981.0 16161.0 16185.0 
16206.0 16282.0 16414.0 16349.0 16413.0 16467.0 16383.0 
16490.0 16403.0 16413.0 16480.0 16313.0 16343.0 16326.0 
16329.0 16269.0 16228.0 16255.0 16376.0 16241.0 16133.0 
16446.0 16279.0 16122.0 16250.0 16418.0 16148.0 16341.0 
16311.0 16227.0 16355.0 16500.0 16646.0 16787.0 16819.0 
16668.0 17116.0 17094.0 16860.0 16943.0 17114.0 17154.0 
16983.0 17076.0 17055.0 17085.0 16961.0 16847.0 16829.0 
16643.0 16573.0 16479.0 16529.0 16365.0 16246.0 16234.0 
16268.0 15918.0 16053.0 16060.0 15758.0 15898.0 15732.0 
15928.0 15459.0 15585.0 15990.0 15498.0 15769.0 15455.0 
15706.0 15544.0 15391.0 15563.0 15548.0 15579.0 15391.0 
15530.0 15406.0 15513.0 15444.0 15336.0 15526.0 15388.0 
15490.0 15557.0 15476.0 15357.0 15466.0 15575.0 15537.0 
15597.0 15591.0 15660.0 15789.0 15811.0 15874.0 15922.0 
15776.0 15930.0 15936.0 15609.0 15719.0 15560.0 15415.0 
15471.0 15280.0 15109.0 15206.0 15094.0 14994.0 15241.0 
15132.0 15311.0 15196.0 15302.0 15191.0 15166.0 15265.0 
15264.0 15130.0 15085.0 15312.0 15201.0 15217.0 15322.0 
15235.0 15257.0 15298.0 15124.0 15233.0 15174.0 15071.0 
15159.0 15267.0 15134.0 15005.0 15144.0 14981.0 15196.0 
15185.0 15184.0 15137.0 15180.0 15103.0 15191.0 14950.0 
15162.0 15134.0 15057.0 15133.0 15161.0 15107.0 15060.0 
15166.0 15151.0 15152.0 15164.0 15218.0 15236.0 15166.0 
15096.0 15273.0 14978.0 14872.0 14860.0 14706.0 14807.0 
14816.0 14723.0 15063.0 15125.0 15094.0 15102.0 15356.0 
15210.0 15182.0 15185.0 15231.0 15388.0 15000.0 15215.0 
15226.0 15159.0 15080.0 15201.0 15119.0 14946.0 14838.0 
14644.0 14818.0 14668.0 14613.0 14779.0 14621.0 14714.0 
14715.0 14508.0 14533.0 14456.0 14310.0 14217.0 14293.0 
13967.0 13937.0 14052.0 13796.0 13665.0 13477.0 13585.0 
13382.0 13217.0 13363.0 13361.0 13334.0 13183.0 13314.0 
13241.0 13262.0 13204.0 13303.0 13419.0 13392.0 13479.0 
13650.0 13606.0 13399.0 13469.0 13270.0 13419.0 13208.0 
13248.0 13399.0 13258.0 13118.0 13189.0 13057.0 13346.0 
13164.0 13260.0 13374.0 13192.0 13229.0 13292.0 13136.0 
12972.0 13210.0 12990.0 13135.0 13006.0 12991.0 12860.0 
12869.0 12705.0 12642.0 12640.0 12502.0 12684.0 12415.0 
12321.0 12205.0 12104.0 12240.0 12058.0 11817.0 11957.0 
11956.0 11697.0 11780.0 11856.0 11967.0 12215.0 12296.0 
12406.0 12433.0 12762.0 12823.0 12764.0 13008.0 12949.0 
12956.0 12951.0 13115.0 12914.0 12936.0 12905.0 12920.0 
12816.0 12779.0 12700.0 12720.0 12605.0 12595.0 12720.0 
12620.0 12489.0 12659.0 12411.0 12421.0 12722.0 12445.0 
12392.0 12722.0 12555.0 12670.0 12811.0 12853.0 12887.0 
12916.0 13079.0 12940.0 12921.0 13075.0 13056.0 12933.0 
13058.0 12859.0 12741.0 12664.0 12706.0 12518.0 12588.0 
12528.0 12665.0 12599.0 12602.0 12690.0 12631.0 12550.0 
12768.0 12788.0 12385.0 12624.0 12844.0 12660.0 12739.0 
12919.0 12740.0 12804.0 12895.0 12654.0 12695.0 12621.0 
12614.0 12615.0 12620.0 12647.0 12652.0 12918.0 13011.0 
12822.0 13317.0 13228.0 13182.0 13467.0 13469.0 13309.0 
13506.0 13301.0 13176.0 13346.0 13143.0 13249.0 13101.0 
13225.0 13130.0 12934.0 12893.0 12922.0 12704.0 12686.0 
12490.0 12651.0 12435.0 12405.0 12542.0 12393.0 12180.0 
12598.0 12232.0 12366.0 12501.0 12224.0 12544.0 12322.0 
12407.0 12411.0 12438.0 12434.0 12285.0 12517.0 12538.0 
12287.0 12650.0 12501.0 12334.0 12481.0 12407.0 12471.0 
12434.0 12552.0 12495.0 12662.0 12467.0 12532.0 12628.0 
12231.0 12553.0 12356.0 12307.0 12491.0 12355.0 12270.0 
12324.0 12161.0 12077.0 12141.0 12162.0 11999.0 12138.0 
12023.0 11969.0 11998.0 11940.0 11685.0 11909.0 11890.0 
11423.0 11581.0 11535.0 11549.0 11357.0 11518.0 11581.0 
11572.0 11592.0 11715.0 11663.0 12020.0 11916.0 12033.0 
12236.0 12129.0 12118.0 12213.0 12172.0 12132.0 12239.0 
12187.0 12341.0 12331.0 12320.0 12579.0 12435.0 12394.0 
12579.0 12274.0 12283.0 12271.0 12179.0 12102.0 12044.0 
12196.0 12199.0 11975.0 12192.0 12159.0 12050.0 12029.0 
12016.0 12028.0 11731.0 11743.0 11577.0 11615.0 11508.0 
11502.0 11146.0 11598.0 11592.0 11109.0 11582.0 11602.0 
11335.0 11388.0 11486.0 11241.0 11434.0 11292.0 11447.0 
11490.0 11398.0 11510.0 11799.0 11319.0 11675.0 11768.0 
11563.0 11962.0 11800.0 11954.0 12012.0 12055.0 12171.0 
12233.0 12096.0 12088.0 12077.0 11842.0 11790.0 11637.0 
11757.0 11513.0 11478.0 11583.0 11356.0 11454.0 11553.0 
11572.0 11436.0 11213.0 11387.0 11270.0 11121.0 11188.0 
11008.0 11142.0 11172.0 10973.0 11099.0 11063.0 11412.0 
11175.0 11410.0 11501.0 11403.0 11529.0 11540.0 11570.0 
11421.0 11698.0 11666.0 11662.0 11780.0 11868.0 11869.0 
11897.0 11805.0 11756.0 11702.0 11744.0 11436.0 11736.0 
11717.0 11672.0 11730.0 11746.0 11661.0 11493.0 11422.0 
11469.0 11336.0 11312.0 11073.0 11307.0 11286.0 11077.0 
11150.0 11156.0 11150.0 10959.0 10962.0 10977.0 11007.0 
11043.0 11190.0 11235.0 11283.0 11366.0 11202.0 11462.0 
11439.0 11389.0 11634.0 11562.0 11527.0 11647.0 11560.0 
11532.0 11582.0 11631.0 11449.0 11761.0 11818.0 11684.0 
11989.0 11806.0 11945.0 11932.0 11857.0 11872.0 11871.0 
11817.0 11772.0 11859.0 11842.0 11795.0 11830.0 11842.0 
12177.0 11919.0 11874.0 11965.0 11729.0 11710.0 11820.0 
11676.0 11749.0 11637.0 11813.0 11750.0 11816.0 11858.0 
12014.0 12104.0 12003.0 12045.0 12299.0 12110.0 12184.0 
12290.0 12113.0 12169.0 12105.0 12161.0 12025.0 12029.0 
12126.0 12252.0 12150.0 12301.0 12229.0 12260.0 12208.0 
12285.0 12370.0 12527.0 12534.0 12646.0 12896.0 12751.0 
12694.0 12752.0 12911.0 12621.0 12593.0 12658.0 12607.0 
12364.0 12556.0 12462.0 12495.0 12480.0 12557.0 12575.0 
12382.0 12528.0 12523.0 12364.0 12564.0 12610.0 12604.0 
12561.0 12678.0 12573.0 12477.0 12659.0 12512.0 12537.0 
12535.0 12419.0 12203.0 12160.0 12473.0 12126.0 12021.0 
12296.0 12135.0 12069.0 12091.0 12161.0 12198.0 12211.0 
12458.0 12496.0 12530.0 12748.0 12678.0 12820.0 12863.0 
12937.0 12673.0 12809.0 12883.0 12515.0 12774.0 12757.0 
12583.0 12578.0 12467.0 12453.0 12166.0 12269.0 12057.0 
12124.0 12148.0 11873.0 11964.0 11986.0 11783.0 11986.0 
12016.0 11918.0 11822.0 11875.0 11822.0 11715.0 11766.0 
11676.0 11610.0 11527.0 11243.0 11321.0 11247.0 11163.0 
11182.0 11373.0 11304.0 11481.0 11577.0 11450.0 11762.0 
11420.0 11436.0 11491.0 11327.0 11268.0 11300.0 11211.0 
11153.0 11390.0 11260.0 11388.0 11511.0 11309.0 11297.0 
11429.0 11331.0 11158.0 11335.0 11135.0 11151.0 11126.0 
11202.0 11105.0 11179.0 11051.0 11047.0 10842.0 10907.0 
11046.0 10834.0 10901.0 10990.0 10918.0 10991.0 10840.0 
10749.0 10778.0 10753.0 10835.0 10595.0 10829.0 11047.0 
10898.0 10864.0 11108.0 11081.0 10946.0 11195.0 11231.0 
11256.0 11350.0 11124.0 11325.0 11154.0 11015.0 11124.0 
10957.0 10911.0 10941.0 10755.0 11058.0 10960.0 10749.0 
11081.0 11118.0 11003.0 11058.0 11044.0 11100.0 10720.0 
10638.0 10772.0 10684.0 10554.0 10730.0 10785.0 10608.0 
10772.0 10758.0 10932.0 10956.0 10830.0 10963.0 11007.0 
10874.0 11153.0 11142.0 11012.0 11153.0 11193.0 11161.0 
11401.0 11454.0 11445.0 11567.0 11598.0 11550.0 11266.0 
11605.0 11570.0 11412.0 11620.0 11632.0 11733.0 11682.0 
11805.0 11656.0 11713.0 11629.0 11577.0 11675.0 11671.0 
11090.0 11287.0 11203.0 11016.0 10766.0 10728.0 10807.0 
10627.0 10854.0 10722.0 10738.0 10767.0 10741.0 11109.0 
10952.0 11229.0 11607.0 11299.0 11625.0 11625.0 11484.0 
11565.0 11606.0 11435.0 11586.0 11495.0 11390.0 11337.0 
11521.0 11517.0 11600.0 11543.0 11561.0 11644.0 11598.0 
11545.0 11630.0 11544.0 11548.0 11833.0 11668.0 11740.0 
11927.0 11887.0 11909.0 11631.0 11614.0 11571.0 11432.0 
11315.0 11366.0 11267.0 11137.0 11294.0 11395.0 11298.0 
11349.0 11497.0 11275.0 11423.0 11290.0 11392.0 11345.0 
11095.0 11145.0 11109.0 11221.0 11139.0 11152.0 11216.0 
11152.0 11122.0 11208.0 11051.0 11062.0 11159.0 11109.0 
11120.0 11066.0 11162.0 11150.0 11201.0 11270.0 11140.0 
11123.0 11195.0 11086.0 11059.0 10977.0 11005.0 10796.0 
10662.0 10819.0 10575.0 10577.0 10705.0 10608.0 10642.0 
10927.0 10756.0 10998.0 10958.0 11312.0 10954.0 11064.0 
11407.0 11072.0 11201.0 11199.0 11217.0 11240.0 11185.0 
11160.0 11122.0 11204.0 10952.0 10984.0 10912.0 10627.0 
10591.0 10677.0 10469.0 10377.0 10577.0 10485.0 10379.0 
10286.0 10284.0 10116.0 9992.0 10068.0 9979.0 10049.0 
9896.0 9851.0 9998.0 9776.0 9819.0 9749.0 9935.0 
9672.0 9934.0 9695.0 10093.0 9626.0 10912.0 9720.0 
10467.0 10939.0 9790.0 11050.0 9853.0 10712.0 10970.0 
10271.0 10551.0 10955.0 10251.0 11644.0 10853.0 10059.0 
11899.0 10936.0 10844.0 11766.0 11091.0 10644.0 11273.0 
11677.0 11235.0 10799.0 10931.0 11089.0 11174.0 10629.0 
10782.0 11173.0 11062.0 10723.0 10880.0 11520.0 10618.0 
10571.0 11256.0 10739.0 10687.0 10154.0 11083.0 10540.0 
10937.0 10595.0 10803.0 11543.0 10589.0 10816.0 11487.0 
10955.0 10105.0 11561.0 11001.0 10796.0 10981.0 11672.0 
11450.0 11000.0 11216.0 12087.0 11016.0 11197.0 11398.0 
11173.0 11705.0 10966.0 12104.0 10962.0 11217.0 11367.0 
11731.0 10835.0 11265.0 11485.0 11331.0 11785.0 11128.0 
11707.0 12255.0 11236.0 11927.0 12001.0 12171.0 11704.0 
11617.0 12235.0 11485.0 12149.0 11434.0 12847.0 11912.0 
11176.0 12239.0 11895.0 11127.0 12153.0 11549.0 11965.0 
11727.0 11730.0 11674.0 12433.0 11849.0 12232.0 12172.0 
12360.0 12591.0 11934.0 12277.0 12621.0 12453.0 12131.0 
12635.0 12555.0 11953.0 12268.0 12832.0 12093.0 12521.0 
12322.0 12538.0 12278.0 12516.0 12638.0 12186.0 12726.0 
12191.0 13137.0 12211.0 12536.0 13031.0 12389.0 13230.0 
12504.0 12891.0 12793.0 12765.0 12219.0 12533.0 12380.0 
12515.0 11890.0 12716.0 12511.0 12047.0 12398.0 12614.0 
12419.0 12286.0 12582.0 12206.0 12468.0 11873.0 11944.0 
12525.0 11289.0 12031.0 11704.0 11544.0 12022.0 11144.0 
12042.0 11601.0 11832.0 11090.0 12315.0 11937.0 11835.0 
12163.0 12026.0 12280.0 12176.0 12227.0 12213.0 13259.0 
12265.0 12674.0 13267.0 12887.0 12503.0 13317.0 12512.0 
12722.0 12925.0 12695.0 12271.0 12742.0 12520.0 12423.0 
12535.0 12025.0 12552.0 11838.0 11952.0 11951.0 12234.0 
11938.0 11597.0 12016.0 12282.0 11248.0 12053.0 11664.0 
11591.0 11838.0 11293.0 11922.0 12026.0 12123.0 12096.0 
12355.0 12588.0 12332.0 12501.0 12525.0 12251.0 12412.0 
12313.0 12359.0 12577.0 12480.0 12670.0 12533.0 12431.0 
12879.0 12632.0 12451.0 12399.0 12573.0 12547.0 12244.0 
12276.0 12332.0 12098.0 12110.0 11951.0 12207.0 11726.0 
11970.0 11627.0 11462.0 11739.0 11603.0 11617.0 11866.0 
11404.0 11986.0 11404.0 11933.0 11938.0 11649.0 12443.0 
11946.0 12189.0 12294.0 12169.0 12478.0 12437.0 12257.0 
12334.0 12277.0 12244.0 12368.0 12327.0 11873.0 12050.0 
11936.0 12076.0 11929.0 11899.0 12010.0 11807.0 11596.0 
12081.0 11494.0 11441.0 11632.0 11369.0 11473.0 11426.0 
11474.0 11540.0 11041.0 11402.0 11264.0 11031.0 11401.0 
11177.0 11281.0 11446.0 11142.0 11715.0 11370.0 11310.0 
11592.0 11323.0 11610.0 11529.0 11305.0 11191.0 11450.0 
11388.0 11468.0 11392.0 11375.0 11640.0 11338.0 11235.0 
11439.0 11563.0 11207.0 11184.0 11356.0 11247.0 11315.0 
10956.0 11375.0 11440.0 10975.0 11367.0 11429.0 11208.0 
11622.0 11155.0 11533.0 11272.0 11398.0 11652.0 11427.0 
11869.0 11371.0 11681.0 11710.0 11621.0 11778.0 11602.0 
11732.0 12198.0 11595.0 11488.0 12069.0 11539.0 11564.0 
11611.0 11341.0 11687.0 11078.0 11342.0 11506.0 11182.0 
11441.0 11275.0 11333.0 11552.0 11586.0 11277.0 11479.0 
11512.0 11529.0 11256.0 11579.0 11382.0 11667.0 11288.0 
11119.0 11566.0 11364.0 11389.0 11522.0 11455.0 11179.0 
11708.0 11388.0 11317.0 11347.0 11106.0 11151.0 11215.0 
10913.0 10802.0 11033.0 10907.0 11084.0 10983.0 11037.0 
11102.0 11309.0 11054.0 11265.0 11049.0 11290.0 11193.0 
11248.0 11248.0 11049.0 11402.0 11000.0 11210.0 10995.0 
11142.0 11052.0 11219.0 11007.0 11158.0 11526.0 11118.0 
11550.0 11329.0 11301.0 11673.0 11546.0 11708.0 11951.0 
11606.0 12043.0 12054.0 11826.0 11746.0 11972.0 11769.0 
11406.0 11710.0 11250.0 11510.0 11678.0 11464.0 11457.0 
11850.0 11489.0 11782.0 11705.0 11261.0 11730.0 11676.0 
11427.0 11558.0 11706.0 11493.0 12014.0 11553.0 11680.0 
11876.0 11663.0 11815.0 11991.0 11588.0 11622.0 11778.0 
11472.0 11173.0 11479.0 11354.0 10899.0 11450.0 11161.0 
11352.0 11287.0 11616.0 11265.0 11589.0 11680.0 11478.0 
11401.0 11523.0 11859.0 11696.0 11606.0 11940.0 11912.0 
11696.0 12300.0 11749.0 11982.0 11931.0 11940.0 11732.0 
11743.0 12144.0 11506.0 11928.0 11859.0 11562.0 11979.0 
11778.0 11789.0 11918.0 11601.0 11959.0 12005.0 11607.0 
12082.0 11688.0 12151.0 11693.0 11975.0 12108.0 11985.0 
12269.0 11755.0 12197.0 11940.0 12140.0 12286.0 12065.0 
11959.0 12657.0 12116.0 12371.0 12617.0 12577.0 12213.0 
12699.0 12573.0 12318.0 12481.0 12425.0 12755.0 12450.0 
11823.0 12882.0 11990.0 12346.0 12426.0 12253.0 12274.0 
11804.0 12288.0 11820.0 12082.0 11737.0 11984.0 12124.0 
12129.0 12074.0 12461.0 12081.0 11836.0 12185.0 12349.0 
12337.0 12205.0 12452.0 12444.0 12729.0 13165.0 12809.0 
13123.0 13254.0 12784.0 12650.0 12928.0 12666.0 12665.0 
12802.0 12931.0 12978.0 13024.0 12616.0 12931.0 12688.0 
12994.0 12647.0 12783.0 12379.0 12915.0 12134.0 12425.0 
12412.0 12678.0 12822.0 12498.0 12718.0 12411.0 12432.0 
12513.0 12772.0 12398.0 12409.0 12312.0 12359.0 12965.0 
12601.0 12423.0 12121.0 13874.0 12588.0 12380.0 12367.0 
12209.0 12519.0 12511.0 13257.0 13540.0 11893.0 9711.0 
12500.0 14124.0 14409.0 12238.0 13879.0 12288.0 12327.0 
12513.0 18487.0 13919.0 7143.0 11533.0 17536.0 14204.0 
12514.0 13080.0 10427.0 14305.0 19561.0 9379.0 10057.0 
11007.0 16579.0 17297.0 7241.0 10433.0 16081.0 14475.0 
8812.0 16005.0 13415.0 11277.0 13975.0 12298.0 11154.0 
15481.0 14087.0 9441.0 10104.0 16246.0 15177.0 7468.0 
10692.0 16144.0 14001.0 8930.0 10445.0 17972.0 12490.0 
8001.0 14759.0 14962.0 11742.0 11983.0 12534.0 15357.0 
13354.0 10182.0 14067.0 14923.0 11373.0 11749.0 13160.0 
14701.0 12350.0 10547.0 14510.0 14376.0 10540.0 12204.0 
14520.0 11907.0 12126.0 12436.0 13170.0 12555.0 13257.0 
12686.0 12499.0 12912.0 13776.0 12170.0 12441.0 14896.0 
11919.0 12535.0 14614.0 14181.0 12838.0 12278.0 14582.0 
13648.0 12301.0 14402.0 13801.0 12584.0 13822.0 14523.0 
12297.0 13480.0 14300.0 11922.0 15026.0 12851.0 12051.0 
13657.0 11819.0 14387.0 13728.0 11120.0 13494.0 14224.0 
11795.0 11986.0 13029.0 14837.0 11179.0 13055.0 13096.0 
11667.0 13395.0 14078.0 11113.0 12778.0 13295.0 13454.0 
13133.0 13048.0 12136.0 12190.0 13849.0 13338.0 11828.0 
13365.0 13462.0 13219.0 13914.0 13258.0 12885.0 13172.0 
14425.0 12999.0 12269.0 13069.0 13831.0 13888.0 13384.0 
12757.0 14820.0 12383.0 13056.0 13637.0 12927.0 11884.0 
13421.0 13587.0 12324.0 13719.0 12477.0 12480.0 12369.0 
11079.0 14067.0 12890.0 11349.0 12358.0 11655.0 13212.0 
13008.0 11559.0 13034.0 12744.0 12945.0 12301.0 12675.0 
11909.0 12402.0 12545.0 11514.0 13530.0 13109.0 11673.0 
12542.0 12308.0 12876.0 12292.0 12321.0 12148.0 11393.0 
12075.0 12358.0 11893.0 12135.0 12665.0 13181.0 12066.0 
12101.0 13486.0 12847.0 12692.0 12617.0 12366.0 12655.0 
12756.0 12067.0 12878.0 12511.0 12774.0 12654.0 12086.0 
12039.0 11731.0 12964.0 11950.0 11925.0 13643.0 12339.0 
12094.0 12065.0 12876.0 11756.0 11893.0 13234.0 11147.0 
11800.0 12792.0 11694.0 12026.0 12033.0 11976.0 10682.0 
11538.0 13061.0 11522.0 12422.0 11378.0 12452.0 12004.0 
10990.0 12277.0 12511.0 10809.0 11846.0 12365.0 12125.0 
11940.0 11276.0 11763.0 12663.0 12386.0 11393.0 12128.0 
13089.0 11861.0 10697.0 11713.0 12167.0 12360.0 10988.0 
12280.0 13083.0 11688.0 11627.0 11375.0 11750.0 12080.0 
11415.0 11577.0 11843.0 12413.0 11216.0 11721.0 12006.0 
11899.0 12533.0 11073.0 12559.0 12215.0 11522.0 12536.0 
11883.0 11952.0 12604.0 11901.0 10556.0 13269.0 12817.0 
10882.0 11794.0 11685.0 12107.0 12029.0 11477.0 13040.0 
11940.0 10700.0 11749.0 12663.0 11869.0 11474.0 12219.0 
12410.0 10940.0 11908.0 12513.0 11321.0 11674.0 12133.0 
11736.0 10331.0 11814.0 11940.0 11763.0 11475.0 11213.0 
12264.0 11987.0 11399.0 12188.0 12609.0 11086.0 11317.0 
12920.0 12771.0 11831.0 12283.0 12594.0 12393.0 12838.0 
12589.0 11317.0 11979.0 12235.0 12300.0 11746.0 11752.0 
12293.0 11817.0 11397.0 11868.0 12601.0 12195.0 11476.0 
10443.0 11794.0 12251.0 10637.0 11657.0 11170.0 12391.0 
11187.0 9992.0 11491.0 11345.0 12200.0 11788.0 12114.0 
11055.0 11278.0 12480.0 12185.0 12192.0 12198.0 12295.0 
12486.0 12441.0 12702.0 12507.0 13634.0 12854.0 12289.0 
12316.0 12309.0 13287.0 12633.0 12374.0 12812.0 12519.0 
11896.0 12957.0 12600.0 12573.0 12142.0 12355.0 13013.0 
11984.0 12363.0 11663.0 12169.0 12276.0 11993.0 12646.0 
11904.0 11514.0 12024.0 12280.0 12124.0 11667.0 11670.0 
12402.0 11659.0 11954.0 11602.0 11631.0 12156.0 11075.0 
11794.0 11866.0 11336.0 12316.0 12445.0 11815.0 12937.0 
12578.0 11884.0 13320.0 12031.0 12556.0 12415.0 12054.0 
12747.0 12087.0 13537.0 12657.0 12542.0 13059.0 12777.0 
12868.0 13306.0 12335.0 13301.0 12598.0 12400.0 13187.0 
12984.0 12298.0 12753.0 12961.0 11334.0 12640.0 12800.0 
12461.0 11926.0 12144.0 12306.0 12475.0 12044.0 12237.0 
12315.0 11642.0 11972.0 12310.0 12504.0 12503.0 11997.0 
11851.0 11421.0 12253.0 12193.0 11297.0 11896.0 12196.0 
11358.0 11339.0 12436.0 11588.0 10970.0 12234.0 11631.0 
11534.0 11547.0 11721.0 12204.0 11643.0 12223.0 12287.0 
11790.0 11416.0 12778.0 12023.0 11531.0 12098.0 11679.0 
12098.0 11861.0 11932.0 11391.0 11980.0 11871.0 11753.0 
12000.0 12985.0 11960.0 12293.0 11605.0 11921.0 12048.0 
11521.0 11922.0 11859.0 11698.0 10925.0 12046.0 11418.0 
11404.0 11573.0 11630.0 11682.0 11512.0 11947.0 11265.0 
11201.0 11932.0 11219.0 11811.0 11433.0 10916.0 10830.0 
12053.0 10602.0 11444.0 11722.0 10743.0 11451.0 11184.0 
11123.0 11378.0 10932.0 11294.0 11558.0 11645.0 11358.0 
11239.0 11861.0 11421.0 11232.0 11944.0 11875.0 11066.0 
11767.0 11508.0 11693.0 11236.0 11044.0 11482.0 11061.0 
11600.0 11584.0 11686.0 11752.0 11811.0 11676.0 11563.0 
11839.0 11461.0 11400.0 12482.0 12403.0 11786.0 12043.0 
11986.0 12054.0 11774.0 11868.0 11654.0 11872.0 12026.0 
11608.0 11725.0 11766.0 11369.0 11472.0 11818.0 11428.0 
11625.0 12260.0 11731.0 11464.0 11830.0 11139.0 11765.0 
11906.0 11597.0 12031.0 11575.0 12201.0 11476.0 11764.0 
12136.0 11414.0 11422.0 12638.0 11542.0 11962.0 11986.0 
11357.0 12444.0 11630.0 11724.0 11790.0 11913.0 11627.0 
12378.0 12074.0 11400.0 12221.0 12147.0 12023.0 11932.0 
11658.0 11979.0 11633.0 11650.0 11711.0 11605.0 11392.0 
11650.0 11318.0 11479.0 11738.0 11234.0 10929.0 11868.0 
11100.0 11203.0 11227.0 11370.0 11177.0 10823.0 11067.0 
11147.0 11042.0 10610.0 11093.0 10888.0 11325.0 10923.0 
11177.0 11098.0 10995.0 11762.0 11274.0 10994.0 11707.0 
11470.0 11620.0 11903.0 11617.0 11887.0 11796.0 11857.0 
11473.0 11681.0 11847.0 11140.0 11761.0 11458.0 11165.0 
11685.0 11728.0 11258.0 11594.0 11835.0 11368.0 11634.0 
11502.0 11384.0 11530.0 11357.0 11538.0 11450.0 11601.0 
11766.0 11665.0 11402.0 11486.0 11710.0 11696.0 11568.0 
11352.0 11407.0 11671.0 11473.0 11356.0 11136.0 11405.0 
11369.0 11596.0 11672.0 11427.0 11419.0 11533.0 11517.0 
11384.0 11622.0 11494.0 11615.0 11398.0 11357.0 11396.0 
11087.0 11626.0 11194.0 11355.0 11515.0 11574.0 11134.0 
11199.0 11253.0 11162.0 11150.0 11081.0 11678.0 11116.0 
10968.0 11193.0 11468.0 11001.0 11241.0 11407.0 10909.0 
11568.0 11385.0 10982.0 11444.0 11678.0 10867.0 11797.0 
11928.0 11146.0 11616.0 11734.0 11392.0 11433.0 11882.0 
11680.0 11524.0 11825.0 12081.0 11892.0 11389.0 11224.0 
11819.0 11516.0 11449.0 11136.0 11713.0 11294.0 11280.0 
11424.0 11678.0 11761.0 11436.0 11438.0 10960.0 11189.0 
11001.0 11339.0 11217.0 10788.0 11231.0 11107.0 10954.0 
10874.0 11401.0 11018.0 11235.0 11342.0 11161.0 11050.0 
11417.0 11598.0 10984.0 11210.0 12086.0 11446.0 11252.0 
11464.0 11716.0 12093.0 11691.0 11804.0 12225.0 11762.0 
11836.0 12048.0 12025.0 12124.0 11841.0 12160.0 12206.0 
11846.0 11985.0 12086.0 11722.0 12248.0 11882.0 11848.0 
12251.0 12040.0 11989.0 11934.0 11906.0 11822.0 12126.0 
11621.0 11630.0 11856.0 11456.0 11582.0 11278.0 11559.0 
11326.0 11419.0 11265.0 11226.0 11582.0 11046.0 11077.0 
11482.0 11226.0 11148.0 11378.0 11608.0 11229.0 11423.0 
11253.0 11333.0 11727.0 11812.0 11946.0 11748.0 11781.0 
11933.0 12204.0 12192.0 11948.0 12129.0 12120.0 12209.0 
12271.0 12293.0 12479.0 11889.0 12407.0 12645.0 11975.0 
12221.0 12252.0 12499.0 11992.0 12026.0 12231.0 11669.0 
11848.0 11937.0 11460.0 11680.0 11519.0 11439.0 11821.0 
12025.0 11432.0 11807.0 11816.0 11309.0 11407.0 11727.0 
11803.0 11817.0 12009.0 11818.0 12197.0 12043.0 11762.0 
12263.0 12389.0 11747.0 11963.0 12413.0 11893.0 11895.0 
12553.0 11950.0 12177.0 12239.0 11995.0 12331.0 12404.0 
11976.0 12202.0 12358.0 12207.0 12494.0 12441.0 12159.0 
12612.0 12394.0 12068.0 12194.0 12085.0 11735.0 12164.0 
11900.0 11775.0 12061.0 11976.0 11894.0 11671.0 11856.0 
11618.0 11692.0 11766.0 11959.0 11650.0 11844.0 12045.0 
11708.0 11931.0 12320.0 12443.0 12766.0 12569.0 12918.0 
12840.0 12723.0 12806.0 13121.0 13189.0 12748.0 13399.0 
13057.0 12899.0 13014.0 12852.0 12874.0 12790.0 12726.0 
12782.0 12504.0 12516.0 12757.0 12329.0 12237.0 12454.0 
12418.0 12727.0 12144.0 12380.0 12326.0 11875.0 12480.0 
12438.0 12038.0 12431.0 12690.0 12595.0 12958.0 12834.0 
12933.0 12686.0 12829.0 12741.0 12768.0 12656.0 12729.0 
12854.0 13271.0 13052.0 12963.0 13555.0 13292.0 13327.0 
13459.0 13256.0 13214.0 13440.0 13099.0 13312.0 13353.0 
12986.0 13164.0 13474.0 12880.0 13010.0 12927.0 12902.0 
12830.0 13092.0 12645.0 12570.0 13263.0 12909.0 12809.0 
13258.0 13111.0 13146.0 13138.0 13039.0 13158.0 13074.0 
13150.0 13172.0 13096.0 13396.0 13491.0 13327.0 13509.0 
13579.0 13492.0 13435.0 13409.0 13588.0 13482.0 13468.0 
13308.0 13405.0 13298.0 13216.0 12794.0 12981.0 12985.0 
12810.0 12888.0 12910.0 12730.0 12596.0 12928.0 12745.0 
12920.0 12901.0 13082.0 12983.0 13340.0 13073.0 13425.0 
13434.0 13063.0 13293.0 13284.0 13073.0 13112.0 13065.0 
13016.0 13186.0 12885.0 12742.0 12986.0 12551.0 12723.0 
12354.0 12273.0 12548.0 12324.0 12542.0 12498.0 12559.0 
12740.0 12631.0 13069.0 12614.0 12608.0 13066.0 12676.0 
12599.0 12812.0 12588.0 12402.0 12467.0 12351.0 12239.0 
12375.0 12410.0 12226.0 12267.0 12216.0 11961.0 12133.0 
11833.0 11821.0 12037.0 11852.0 11930.0 12069.0 11931.0 
11826.0 12194.0 11782.0 12016.0 12146.0 11968.0 12008.0 
12004.0 12161.0 12299.0 12002.0 11767.0 11997.0 12049.0 
11911.0 11801.0 12120.0 11920.0 11945.0 12112.0 11825.0 
11772.0 11660.0 11722.0 11635.0 11570.0 11833.0 11866.0 
12092.0 11725.0 11639.0 11667.0 11831.0 11708.0 11663.0 
11790.0 11774.0 11700.0 11726.0 11820.0 11728.0 11923.0 
11668.0 11766.0 11991.0 12010.0 11533.0 11819.0 11969.0 
11327.0 11780.0 11603.0 11592.0 11999.0 11843.0 11541.0 
11862.0 11866.0 11746.0 11750.0 11609.0 11922.0 11688.0 
11650.0 11556.0 11545.0 11603.0 11544.0 11572.0 11381.0 
11480.0 11673.0 11177.0 11611.0 11401.0 11478.0 11505.0 
11342.0 11350.0 11227.0 11266.0 11238.0 10902.0 10961.0 
10948.0 11007.0 10869.0 10759.0 11047.0 10738.0 10821.0 
10835.0 10922.0 11076.0 10764.0 10471.0 10887.0 10780.0 
10806.0 10721.0 10877.0 10709.0 10667.0 10920.0 10711.0 
10888.0 10898.0 10732.0 10840.0 10776.0 10777.0 10617.0 
10420.0 10619.0 10545.0 10575.0 10631.0 10658.0 10829.0 
10675.0 10850.0 10878.0 10631.0 10671.0 10886.0 10754.0 
10920.0 10851.0 10705.0 10741.0 11067.0 10994.0 10860.0 
11279.0 11302.0 11036.0 11548.0 11377.0 11325.0 11363.0 
11283.0 11073.0 11137.0 11179.0 11030.0 11052.0 11021.0 
11376.0 11184.0 11293.0 11250.0 11108.0 11044.0 11255.0 
11040.0 11289.0 11060.0 11222.0 11249.0 11202.0 11221.0 
11181.0 11092.0 11244.0 11193.0 11172.0 11301.0 11269.0 
11416.0 11302.0 11506.0 11186.0 11193.0 11311.0 11280.0 
11220.0 11279.0 11274.0 11262.0 11385.0 11473.0 11521.0 
11349.0 11568.0 11740.0 11568.0 11573.0 11713.0 11707.0 
11671.0 11917.0 11813.0 11926.0 12120.0 11804.0 11933.0 
12104.0 11912.0 12044.0 12049.0 12074.0 11906.0 12212.0 
12147.0 12035.0 12179.0 11997.0 12303.0 12079.0 12056.0 
12402.0 12098.0 12200.0 12354.0 12180.0 12327.0 12205.0 
12114.0 12118.0 11919.0 11934.0 11879.0 11733.0 11662.0 
11813.0 11946.0 12063.0 12178.0 12101.0 12118.0 12246.0 
12326.0 12214.0 12207.0 12476.0 12480.0 12320.0 12471.0 
12683.0 12397.0 12503.0 12631.0 12712.0 12793.0 12431.0 
12820.0 12734.0 12654.0 12723.0 12844.0 12721.0 12510.0 
12726.0 12751.0 12884.0 12797.0 13122.0 13190.0 13006.0 
13144.0 13295.0 13259.0 13356.0 13284.0 13317.0 13564.0 
13310.0 13262.0 13649.0 13521.0 13552.0 13892.0 13908.0 
13921.0 13826.0 13689.0 14006.0 14116.0 13781.0 13834.0 
13666.0 13540.0 13495.0 13370.0 13355.0 13294.0 13213.0 
13391.0 13417.0 13256.0 13649.0 13270.0 13468.0 13566.0 
13223.0 13306.0 13432.0 13198.0 13227.0 13204.0 12756.0 
12956.0 12922.0 12475.0 12779.0 12684.0 12461.0 12685.0 
12677.0 12596.0 12523.0 12643.0 12688.0 12620.0 12992.0 
12828.0 12817.0 12863.0 12788.0 12739.0 12818.0 12893.0 
13070.0 12894.0 12979.0 13206.0 13088.0 13105.0 13079.0 
13149.0 12957.0 12990.0 12848.0 13050.0 12991.0 12765.0 
12984.0 12953.0 12965.0 13269.0 13006.0 13152.0 13159.0 
13026.0 12974.0 12973.0 12922.0 12793.0 13008.0 12880.0 
12859.0 12873.0 12665.0 12764.0 12522.0 12347.0 12556.0 
12273.0 12064.0 12235.0 12156.0 11920.0 12097.0 12191.0 
12021.0 12161.0 12323.0 12302.0 12207.0 12222.0 12308.0 
12207.0 12156.0 12094.0 11852.0 11803.0 11774.0 11731.0 
11832.0 11775.0 11970.0 12160.0 12209.0 12253.0 12513.0 
12533.0 12479.0 12646.0 12494.0 12542.0 12688.0 12595.0 
12382.0 12761.0 12841.0 12622.0 12858.0 12930.0 12831.0 
12899.0 12806.0 12666.0 12776.0 12689.0 12480.0 12309.0 
12708.0 12237.0 12101.0 12415.0 11941.0 12067.0 12253.0 
11885.0 12107.0 12327.0 12095.0 12373.0 11999.0 12185.0 
12327.0 11821.0 12124.0 11983.0 11999.0 11925.0 11918.0 
12168.0 12070.0 12235.0 12116.0 12402.0 12396.0 12299.0 
12135.0 12471.0 12036.0 11981.0 12216.0 11731.0 11918.0 
12042.0 11964.0 11740.0 12036.0 12255.0 11590.0 11725.0 
12214.0 12012.0 11944.0 12318.0 12400.0 12248.0 12441.0 
12606.0 12577.0 12630.0 12658.0 12614.0 12476.0 12507.0 
12485.0 12523.0 12451.0 12532.0 12533.0 12654.0 12716.0 
12627.0 12722.0 12625.0 12733.0 12531.0 12588.0 12424.0 
12364.0 12431.0 12316.0 12400.0 12095.0 12333.0 12444.0 
12237.0 12323.0 12604.0 12350.0 11963.0 12315.0 12200.0 
12107.0 12155.0 12377.0 12304.0 12298.0 12434.0 12464.0 
12392.0 12455.0 12473.0 12420.0 12382.0 12500.0 12626.0 
12634.0 12490.0 