-1082.0 -1080.0 -1077.0 -1076.0 -1073.0 -1070.0 -1065.0 
-1064.0 -1060.0 -1044.0 -1035.0 -1025.0 -1008.0 -995.0 
-981.0 -968.0 -954.0 -935.0 -919.0 -902.0 -883.0 
-866.0 -848.0 -830.0 -811.0 -792.0 -773.0 -752.0 
-734.0 -714.0 -694.0 -674.0 -653.0 -633.0 -611.0 
-588.0 -567.0 -543.0 -517.0 -495.0 -471.0 -446.0 
-424.0 -404.0 -385.0 -363.0 -341.0 -324.0 -305.0 
-285.0 -267.0 -250.0 -233.0 -214.0 -196.0 -188.0 
-175.0 -156.0 -136.0 -119.0 -108.0 -94.0 -80.0 
-73.0 -67.0 -58.0 -57.0 -55.0 -58.0 -69.0 
-75.0 -77.0 -80.0 -88.0 -96.0 -110.0 -127.0 
-146.0 -166.0 -184.0 -210.0 -236.0 -258.0 -285.0 
-309.0 -338.0 -367.0 -386.0 -416.0 -444.0 -470.0 
-499.0 -521.0 -554.0 -584.0 -605.0 -628.0 -652.0 
-676.0 -702.0 -727.0 -753.0 -779.0 -803.0 -834.0 
-863.0 -889.0 -912.0 -935.0 -959.0 -986.0 -1010.0 
-1024.0 -1042.0 -1057.0 -1069.0 -1087.0 -1096.0 -1101.0 
-1109.0 -1109.0 -1112.0 -1112.0 -1102.0 -1099.0 -1094.0 
-1082.0 -1074.0 -1066.0 -1060.0 -1052.0 -1043.0 -1037.0 
-1031.0 -1028.0 -1026.0 -1021.0 -1017.0 -1014.0 -1009.0 
-1006.0 -1002.0 -995.0 -988.0 -984.0 -978.0 -969.0 
-959.0 -944.0 -930.0 -915.0 -897.0 -882.0 -861.0 
-837.0 -818.0 -790.0 -765.0 -746.0 -721.0 -699.0 
-679.0 -653.0 -636.0 -616.0 -597.0 -585.0 -566.0 
-553.0 -541.0 -528.0 -518.0 -509.0 -505.0 -499.0 
-489.0 -481.0 -473.0 -466.0 -459.0 -450.0 -446.0 
-438.0 -427.0 -422.0 -419.0 -414.0 -407.0 -402.0 
-397.0 -391.0 -384.0 -374.0 -370.0 -367.0 -361.0 
-357.0 -350.0 -353.0 -350.0 -347.0 -358.0 -359.0 
-363.0 -371.0 -372.0 -382.0 -394.0 -403.0 -416.0 
-427.0 -441.0 -456.0 -470.0 -488.0 -506.0 -526.0 
-548.0 -565.0 -586.0 -605.0 -620.0 -639.0 -658.0 
-674.0 -690.0 -707.0 -721.0 -737.0 -754.0 -769.0 
-786.0 -799.0 -814.0 -832.0 -842.0 -857.0 -875.0 
-886.0 -902.0 -916.0 -928.0 -944.0 -955.0 -965.0 
-978.0 -986.0 -996.0 -1004.0 -1008.0 -1014.0 -1013.0 
-1011.0 -1013.0 -1007.0 -1001.0 -997.0 -987.0 -982.0 
-973.0 -965.0 -963.0 -960.0 -956.0 -950.0 -950.0 
-953.0 -953.0 -958.0 -962.0 -966.0 -972.0 -980.0 
-991.0 -997.0 -997.0 -996.0 -1001.0 -1003.0 -998.0 
-994.0 -988.0 -984.0 -982.0 -973.0 -961.0 -951.0 
-938.0 -924.0 -913.0 -903.0 -894.0 -884.0 -873.0 
-862.0 -851.0 -839.0 -826.0 -815.0 -800.0 -788.0 
-779.0 -766.0 -753.0 -742.0 -732.0 -721.0 -713.0 
-704.0 -690.0 -682.0 -677.0 -670.0 -661.0 -653.0 
-646.0 -636.0 -629.0 -622.0 -612.0 -603.0 -592.0 
-584.0 -576.0 -564.0 -551.0 -539.0 -528.0 -516.0 
-505.0 -496.0 -487.0 -480.0 -477.0 -473.0 -471.0 
-470.0 -471.0 -470.0 -476.0 -483.0 -487.0 -497.0 
-508.0 -519.0 -529.0 -544.0 -556.0 -569.0 -588.0 
-601.0 -617.0 -640.0 -658.0 -677.0 -698.0 -712.0 
-725.0 -742.0 -754.0 -772.0 -792.0 -806.0 -825.0 
-845.0 -859.0 -880.0 -902.0 -921.0 -947.0 -971.0 
-991.0 -1013.0 -1035.0 -1053.0 -1074.0 -1093.0 -1105.0 
-1125.0 -1138.0 -1144.0 -1155.0 -1163.0 -1169.0 -1173.0 
-1174.0 -1179.0 -1179.0 -1178.0 -1180.0 -1175.0 -1171.0 
-1168.0 -1162.0 -1157.0 -1147.0 -1137.0 -1130.0 -1119.0 
-1108.0 -1095.0 -1076.0 -1058.0 -1037.0 -1021.0 -1009.0 
-992.0 -979.0 -959.0 -934.0 -921.0 -903.0 -881.0 
-858.0 -830.0 -812.0 -794.0 -769.0 -746.0 -719.0 
-693.0 -678.0 -656.0 -626.0 -611.0 -594.0 -577.0 
-568.0 -559.0 -540.0 -520.0 -513.0 -504.0 -494.0 
-485.0 -477.0 -475.0 -469.0 -465.0 -467.0 -480.0 
-489.0 -490.0 -498.0 -500.0 -493.0 -494.0 -515.0 
-525.0 -534.0 -539.0 -535.0 -546.0 -551.0 -563.0 
-570.0 -575.0 -589.0 -594.0 -602.0 -607.0 -612.0 
-618.0 -622.0 -635.0 -642.0 -645.0 -662.0 -674.0 
-689.0 -713.0 -730.0 -758.0 -782.0 -793.0 -811.0 
-830.0 -849.0 -867.0 -893.0 -916.0 -938.0 -965.0 
-983.0 -1001.0 -1020.0 -1023.0 -1039.0 -1062.0 -1066.0 
-1075.0 -1089.0 -1102.0 -1110.0 -1114.0 -1117.0 -1110.0 
-1109.0 -1104.0 -1090.0 -1087.0 -1067.0 -1053.0 -1047.0 
-1026.0 -1025.0 -1020.0 -1001.0 -995.0 -973.0 -952.0 
-938.0 -916.0 -902.0 -881.0 -858.0 -832.0 -812.0 
-794.0 -765.0 -756.0 -732.0 -701.0 -699.0 -687.0 
-670.0 -647.0 -598.0 -582.0 -588.0 -572.0 -547.0 
-520.0 -540.0 -540.0 -504.0 -518.0 -513.0 -502.0 
-507.0 -491.0 -485.0 -467.0 -454.0 -457.0 -438.0 
-427.0 -417.0 -400.0 -396.0 -372.0 -345.0 -340.0 
-322.0 -300.0 -291.0 -279.0 -260.0 -255.0 -256.0 
-228.0 -216.0 -224.0 -193.0 -175.0 -176.0 -154.0 
-153.0 -163.0 -148.0 -142.0 -145.0 -131.0 -128.0 
-121.0 -116.0 -126.0 -123.0 -123.0 -121.0 -126.0 
-139.0 -149.0 -137.0 -112.0 -125.0 -149.0 -152.0 
-160.0 -176.0 -170.0 -153.0 -151.0 -164.0 -184.0 
-206.0 -215.0 -231.0 -243.0 -249.0 -274.0 -268.0 
-274.0 -315.0 -328.0 -341.0 -366.0 -384.0 -409.0 
-416.0 -420.0 -435.0 -442.0 -451.0 -459.0 -467.0 
-480.0 -483.0 -493.0 -503.0 -511.0 -516.0 -511.0 
-513.0 -513.0 -501.0 -497.0 -508.0 -511.0 -506.0 
-503.0 -494.0 -485.0 -491.0 -493.0 -477.0 -465.0 
-470.0 -477.0 -482.0 -484.0 -479.0 -460.0 -449.0 
-445.0 -426.0 -418.0 -425.0 -430.0 -433.0 -423.0 
-394.0 -384.0 -379.0 -370.0 -385.0 -382.0 -360.0 
-335.0 -318.0 -309.0 -288.0 -273.0 -255.0 -240.0 
-230.0 -208.0 -193.0 -169.0 -154.0 -152.0 -140.0 
-135.0 -115.0 -98.0 -96.0 -60.0 -40.0 -37.0 
-16.0 -16.0 -20.0 -19.0 -15.0 4.0 26.0 
22.0 13.0 29.0 23.0 35.0 57.0 43.0 
57.0 76.0 80.0 86.0 92.0 99.0 101.0 
103.0 113.0 134.0 153.0 152.0 154.0 170.0 
173.0 188.0 190.0 187.0 210.0 214.0 234.0 
254.0 248.0 256.0 258.0 255.0 263.0 264.0 
261.0 277.0 288.0 279.0 285.0 288.0 286.0 
298.0 305.0 305.0 308.0 315.0 312.0 304.0 
302.0 293.0 291.0 288.0 266.0 262.0 258.0 
238.0 230.0 215.0 197.0 190.0 171.0 149.0 
134.0 116.0 98.0 80.0 64.0 49.0 36.0 
25.0 21.0 15.0 2.0 -5.0 -18.0 -31.0 
-36.0 -49.0 -61.0 -73.0 -80.0 -83.0 -99.0 
-118.0 -137.0 -151.0 -159.0 -175.0 -190.0 -200.0 
-215.0 -231.0 -235.0 -240.0 -247.0 -257.0 -277.0 
-286.0 -296.0 -311.0 -317.0 -319.0 -322.0 -328.0 
-332.0 -334.0 -334.0 -335.0 -341.0 -341.0 -343.0 
-348.0 -346.0 -349.0 -348.0 -345.0 -350.0 -350.0 
-343.0 -340.0 -334.0 -325.0 -322.0 -311.0 -304.0 
-301.0 -286.0 -271.0 -253.0 -237.0 -225.0 -199.0 
-171.0 -153.0 -132.0 -106.0 -86.0 -64.0 -39.0 
-11.0 18.0 41.0 62.0 87.0 107.0 126.0 
150.0 165.0 185.0 201.0 217.0 245.0 262.0 
277.0 299.0 318.0 340.0 356.0 360.0 370.0 
378.0 373.0 375.0 371.0 373.0 388.0 379.0 
379.0 391.0 385.0 385.0 384.0 382.0 387.0 
372.0 363.0 378.0 374.0 360.0 353.0 360.0 
367.0 356.0 346.0 339.0 334.0 321.0 305.0 
297.0 287.0 269.0 253.0 243.0 220.0 193.0 
171.0 145.0 122.0 102.0 81.0 61.0 36.0 
13.0 -8.0 -32.0 -54.0 -79.0 -102.0 -129.0 
-156.0 -177.0 -207.0 -239.0 -265.0 -293.0 -319.0 
-348.0 -376.0 -402.0 -429.0 -453.0 -475.0 -495.0 
-520.0 -537.0 -554.0 -575.0 -588.0 -609.0 -626.0 
-640.0 -662.0 -674.0 -684.0 -699.0 -708.0 -718.0 
-732.0 -740.0 -747.0 -753.0 -762.0 -770.0 -774.0 
-782.0 -786.0 -788.0 -796.0 -800.0 -799.0 -797.0 
-792.0 -786.0 -775.0 -766.0 -755.0 -739.0 -722.0 
-707.0 -685.0 -657.0 -631.0 -601.0 -565.0 -533.0 
-498.0 -462.0 -427.0 -388.0 -357.0 -328.0 -292.0 
-261.0 -232.0 -201.0 -173.0 -143.0 -115.0 -89.0 
-59.0 -31.0 -6.0 22.0 50.0 70.0 94.0 
117.0 139.0 161.0 180.0 202.0 222.0 238.0 
256.0 272.0 288.0 295.0 306.0 320.0 331.0 
347.0 355.0 359.0 370.0 372.0 373.0 375.0 
373.0 371.0 367.0 360.0 351.0 340.0 326.0 
304.0 285.0 268.0 247.0 225.0 204.0 183.0 
156.0 123.0 89.0 58.0 26.0 -14.0 -49.0 
-80.0 -119.0 -150.0 -189.0 -235.0 -272.0 -307.0 
-344.0 -386.0 -426.0 -463.0 -500.0 -536.0 -572.0 
-605.0 -639.0 -670.0 -698.0 -728.0 -757.0 -784.0 
-808.0 -826.0 -847.0 -864.0 -877.0 -889.0 -898.0 
-906.0 -917.0 -921.0 -925.0 -937.0 -938.0 -940.0 
-944.0 -936.0 -941.0 -939.0 -933.0 -938.0 -926.0 
-919.0 -921.0 -913.0 -903.0 -896.0 -890.0 -882.0 
-874.0 -859.0 -842.0 -832.0 -817.0 -802.0 -788.0 
-766.0 -741.0 -722.0 -698.0 -673.0 -650.0 -621.0 
-592.0 -560.0 -529.0 -508.0 -486.0 -458.0 -434.0 
-409.0 -376.0 -351.0 -333.0 -307.0 -283.0 -266.0 
-245.0 -226.0 -210.0 -191.0 -186.0 -177.0 -158.0 
-149.0 -143.0 -126.0 -115.0 -113.0 -101.0 -87.0 
-85.0 -80.0 -70.0 -68.0 -55.0 -41.0 -31.0 
-15.0 1.0 19.0 27.0 32.0 38.0 44.0 
64.0 71.0 62.0 67.0 72.0 72.0 69.0 
63.0 54.0 39.0 25.0 20.0 4.0 -22.0 
-30.0 -44.0 -75.0 -92.0 -119.0 -144.0 -155.0 
-178.0 -209.0 -233.0 -259.0 -285.0 -308.0 -323.0 
-342.0 -371.0 -390.0 -414.0 -435.0 -453.0 -473.0 
-486.0 -512.0 -527.0 -545.0 -571.0 -574.0 -586.0 
-599.0 -600.0 -613.0 -618.0 -620.0 -634.0 -637.0 
-637.0 -650.0 -656.0 -666.0 -689.0 -696.0 -699.0 
-711.0 -718.0 -733.0 -745.0 -742.0 -755.0 -774.0 
-775.0 -775.0 -777.0 -770.0 -775.0 -783.0 -786.0 
-791.0 -786.0 -777.0 -771.0 -765.0 -768.0 -766.0 
-742.0 -738.0 -747.0 -742.0 -747.0 -745.0 -734.0 
-743.0 -745.0 -736.0 -737.0 -737.0 -742.0 -737.0 
-723.0 -724.0 -724.0 -724.0 -728.0 -725.0 -714.0 
-711.0 -709.0 -701.0 -701.0 -702.0 -692.0 -679.0 
-677.0 -665.0 -647.0 -642.0 -630.0 -617.0 -607.0 
-588.0 -567.0 -558.0 -550.0 -530.0 -515.0 -491.0 
-476.0 -472.0 -447.0 -428.0 -404.0 -382.0 -381.0 
-354.0 -331.0 -321.0 -298.0 -281.0 -262.0 -249.0 
-227.0 -197.0 -184.0 -168.0 -158.0 -139.0 -110.0 
-106.0 -89.0 -73.0 -67.0 -48.0 -42.0 -31.0 
-23.0 -23.0 -10.0 -6.0 -9.0 -3.0 -11.0 
-20.0 -27.0 -41.0 -50.0 -59.0 -74.0 -97.0 
-110.0 -127.0 -154.0 -167.0 -186.0 -208.0 -216.0 
-242.0 -272.0 -286.0 -313.0 -329.0 -337.0 -366.0 
-383.0 -395.0 -422.0 -443.0 -467.0 -495.0 -514.0 
-530.0 -554.0 -568.0 -573.0 -587.0 -602.0 -620.0 
-638.0 -655.0 -677.0 -701.0 -718.0 -729.0 -754.0 
-773.0 -785.0 -808.0 -821.0 -831.0 -854.0 -875.0 
-899.0 -925.0 -930.0 -951.0 -977.0 -981.0 -1007.0 
-1019.0 -1017.0 -1042.0 -1050.0 -1058.0 -1078.0 -1072.0 
-1073.0 -1086.0 -1063.0 -1048.0 -1060.0 -1045.0 -1042.0 
-1044.0 -1023.0 -1039.0 -1040.0 -1004.0 -997.0 -993.0 
-971.0 -941.0 -916.0 -894.0 -875.0 -865.0 -842.0 
-805.0 -770.0 -736.0 -695.0 -663.0 -647.0 -622.0 
-592.0 -560.0 -513.0 -471.0 -435.0 -398.0 -367.0 
-323.0 -284.0 -260.0 -228.0 -198.0 -178.0 -148.0 
-120.0 -105.0 -80.0 -53.0 -41.0 -24.0 -3.0 
6.0 23.0 37.0 44.0 62.0 60.0 65.0 
94.0 100.0 112.0 121.0 116.0 115.0 107.0 
104.0 96.0 81.0 81.0 75.0 66.0 61.0 
44.0 35.0 30.0 12.0 -9.0 -32.0 -65.0 
-98.0 -124.0 -157.0 -174.0 -191.0 -227.0 -252.0 
-279.0 -318.0 -350.0 -379.0 -419.0 -448.0 -475.0 
-505.0 -530.0 -567.0 -602.0 -630.0 -664.0 -699.0 
-735.0 -771.0 -803.0 -834.0 -863.0 -894.0 -929.0 
-966.0 -994.0 -1020.0 -1049.0 -1076.0 -1106.0 -1131.0 
-1154.0 -1177.0 -1193.0 -1209.0 -1222.0 -1231.0 -1236.0 
-1242.0 -1246.0 -1244.0 -1243.0 -1243.0 -1241.0 -1236.0 
-1225.0 -1207.0 -1193.0 -1180.0 -1159.0 -1142.0 -1127.0 
-1104.0 -1089.0 -1082.0 -1069.0 -1052.0 -1033.0 -1018.0 
-993.0 -968.0 -957.0 -938.0 -912.0 -893.0 -866.0 
-835.0 -811.0 -781.0 -751.0 -725.0 -691.0 -658.0 
-623.0 -580.0 -538.0 -491.0 -446.0 -409.0 -368.0 
-326.0 -286.0 -249.0 -214.0 -175.0 -141.0 -113.0 
-78.0 -52.0 -31.0 -8.0 7.0 33.0 53.0 
60.0 74.0 82.0 85.0 95.0 92.0 87.0 
92.0 83.0 74.0 73.0 55.0 38.0 22.0 
0.0 -14.0 -38.0 -63.0 -86.0 -115.0 -141.0 
-168.0 -195.0 -216.0 -243.0 -278.0 -310.0 -346.0 
-371.0 -386.0 -417.0 -448.0 -478.0 -510.0 -540.0 
-572.0 -596.0 -616.0 -643.0 -679.0 -710.0 -750.0 
-794.0 -822.0 -850.0 -884.0 -909.0 -935.0 -964.0 
-994.0 -1029.0 -1057.0 -1080.0 -1101.0 -1118.0 -1140.0 
-1154.0 -1168.0 -1188.0 -1194.0 -1192.0 -1194.0 -1204.0 
-1214.0 -1209.0 -1206.0 -1207.0 -1202.0 -1191.0 -1180.0 
-1162.0 -1145.0 -1137.0 -1125.0 -1111.0 -1094.0 -1075.0 
-1062.0 -1045.0 -1017.0 -995.0 -975.0 -951.0 -929.0 
-915.0 -896.0 -862.0 -840.0 -819.0 -793.0 -772.0 
-749.0 -734.0 -719.0 -700.0 -689.0 -678.0 -669.0 
-662.0 -653.0 -648.0 -645.0 -636.0 -628.0 -627.0 
-623.0 -618.0 -613.0 -609.0 -600.0 -587.0 -583.0 
-576.0 -565.0 -561.0 -550.0 -541.0 -535.0 -524.0 
-519.0 -506.0 -491.0 -485.0 -479.0 -469.0 -464.0 
-456.0 -440.0 -431.0 -415.0 -404.0 -408.0 -403.0 
-394.0 -389.0 -380.0 -376.0 -378.0 -365.0 -362.0 
-372.0 -370.0 -367.0 -365.0 -373.0 -386.0 -382.0 
-386.0 -395.0 -397.0 -409.0 -420.0 -414.0 -419.0 
-435.0 -450.0 -473.0 -482.0 -482.0 -511.0 -535.0 
-538.0 -557.0 -585.0 -582.0 -590.0 -623.0 -628.0 
-635.0 -652.0 -646.0 -659.0 -681.0 -691.0 -702.0 
-711.0 -711.0 -698.0 -700.0 -712.0 -704.0 -705.0 
-722.0 -718.0 -712.0 -721.0 -723.0 -727.0 -731.0 
-735.0 -749.0 -743.0 -751.0 -784.0 -776.0 -770.0 
-797.0 -807.0 -802.0 -823.0 -848.0 -841.0 -840.0 
-851.0 -855.0 -877.0 -894.0 -901.0 -930.0 -941.0 
-928.0 -943.0 -951.0 -953.0 -974.0 -975.0 -970.0 
-977.0 -973.0 -966.0 -962.0 -939.0 -926.0 -938.0 
-918.0 -907.0 -926.0 -910.0 -894.0 -893.0 -862.0 
-843.0 -838.0 -819.0 -815.0 -805.0 -778.0 -750.0 
-732.0 -713.0 -693.0 -679.0 -649.0 -636.0 -625.0 
-603.0 -592.0 -571.0 -544.0 -529.0 -511.0 -489.0 
-482.0 -474.0 -456.0 -452.0 -439.0 -420.0 -430.0 
-431.0 -414.0 -414.0 -402.0 -380.0 -360.0 -337.0 
-335.0 -333.0 -316.0 -312.0 -305.0 -284.0 -272.0 
-258.0 -231.0 -219.0 -207.0 -183.0 -173.0 -158.0 
-144.0 -138.0 -124.0 -113.0 -105.0 -98.0 -93.0 
-88.0 -87.0 -87.0 -88.0 -89.0 -88.0 -95.0 
-101.0 -105.0 -112.0 -110.0 -115.0 -133.0 -153.0 
-166.0 -178.0 -196.0 -200.0 -209.0 -217.0 -222.0 
-255.0 -277.0 -286.0 -300.0 -313.0 -334.0 -350.0 
-372.0 -387.0 -400.0 -441.0 -463.0 -487.0 -527.0 
-546.0 -580.0 -596.0 -589.0 -632.0 -664.0 -675.0 
-710.0 -734.0 -762.0 -789.0 -798.0 -810.0 -844.0 
-874.0 -896.0 -913.0 -931.0 -960.0 -968.0 -978.0 
-986.0 -988.0 -1001.0 -1006.0 -1008.0 -1005.0 -991.0 
-972.0 -971.0 -983.0 -961.0 -956.0 -970.0 -935.0 
-920.0 -915.0 -877.0 -849.0 -839.0 -816.0 -778.0 
-760.0 -744.0 -729.0 -720.0 -682.0 -654.0 -655.0 
-624.0 -595.0 -596.0 -513.0 -405.0 -385.0 -358.0 
-330.0 -307.0 -260.0 -233.0 -208.0 -171.0 -112.0 
-66.0 -62.0 -25.0 47.0 91.0 106.0 118.0 
139.0 167.0 185.0 211.0 239.0 270.0 298.0 
324.0 343.0 322.0 343.0 408.0 415.0 420.0 
458.0 488.0 513.0 533.0 540.0 523.0 560.0 
601.0 612.0 645.0 593.0 593.0 668.0 673.0 
686.0 673.0 614.0 610.0 620.0 674.0 720.0 
639.0 595.0 635.0 675.0 642.0 613.0 605.0 
557.0 576.0 586.0 545.0 536.0 507.0 477.0 
493.0 454.0 401.0 397.0 364.0 325.0 300.0 
276.0 260.0 230.0 190.0 176.0 159.0 114.0 
78.0 57.0 35.0 10.0 -19.0 -44.0 -66.0 
-97.0 -122.0 -133.0 -151.0 -155.0 -156.0 -172.0 
-178.0 -187.0 -199.0 -198.0 -197.0 -199.0 -199.0 
-188.0 -180.0 -184.0 -173.0 -157.0 -142.0 -120.0 
-107.0 -75.0 -27.0 -13.0 -6.0 28.0 65.0 
96.0 125.0 152.0 191.0 211.0 213.0 249.0 
285.0 296.0 314.0 330.0 341.0 363.0 372.0 
382.0 417.0 427.0 428.0 440.0 438.0 445.0 
456.0 449.0 450.0 457.0 457.0 457.0 466.0 
474.0 476.0 479.0 483.0 485.0 495.0 505.0 
507.0 509.0 501.0 501.0 507.0 496.0 496.0 
492.0 482.0 483.0 474.0 469.0 468.0 461.0 
449.0 439.0 429.0 414.0 405.0 395.0 383.0 
376.0 372.0 367.0 360.0 358.0 354.0 353.0 
344.0 331.0 324.0 304.0 290.0 284.0 265.0 
254.0 245.0 230.0 224.0 220.0 212.0 203.0 
187.0 176.0 163.0 149.0 144.0 134.0 121.0 
109.0 103.0 90.0 75.0 82.0 78.0 62.0 
63.0 61.0 49.0 49.0 53.0 50.0 53.0 
46.0 38.0 40.0 49.0 56.0 66.0 73.0 
66.0 81.0 91.0 84.0 92.0 102.0 106.0 
116.0 127.0 118.0 101.0 95.0 96.0 99.0 
101.0 98.0 90.0 96.0 106.0 105.0 91.0 
77.0 65.0 52.0 46.0 51.0 64.0 44.0 
22.0 47.0 35.0 -2.0 24.0 28.0 -4.0 
-7.0 -22.0 -35.0 -33.0 -52.0 -64.0 -68.0 
-83.0 -100.0 -127.0 -158.0 -176.0 -182.0 -187.0 
-195.0 -201.0 -209.0 -210.0 -219.0 -228.0 -226.0 
-224.0 -213.0 -201.0 -203.0 -209.0 -202.0 -186.0 
-185.0 -189.0 -176.0 -171.0 -168.0 -154.0 -146.0 
-133.0 -108.0 -90.0 -71.0 -64.0 -41.0 16.0 
32.0 35.0 61.0 83.0 108.0 130.0 147.0 
170.0 173.0 161.0 169.0 183.0 196.0 203.0 
200.0 231.0 261.0 235.0 220.0 238.0 218.0 
196.0 205.0 235.0 269.0 261.0 232.0 227.0 
245.0 242.0 211.0 207.0 224.0 244.0 250.0 
247.0 258.0 241.0 237.0 244.0 225.0 235.0 
258.0 253.0 243.0 244.0 253.0 273.0 274.0 
255.0 252.0 257.0 257.0 244.0 230.0 230.0 
263.0 286.0 274.0 280.0 272.0 252.0 257.0 
254.0 252.0 257.0 247.0 241.0 236.0 234.0 
233.0 217.0 205.0 198.0 175.0 165.0 159.0 
136.0 118.0 97.0 77.0 58.0 38.0 30.0 
15.0 0.0 -21.0 -49.0 -55.0 -66.0 -96.0 
-102.0 -118.0 -151.0 -157.0 -171.0 -195.0 -207.0 
-228.0 -262.0 -284.0 -293.0 -280.0 -273.0 -290.0 
-291.0 -291.0 -287.0 -280.0 -285.0 -280.0 -284.0 
-289.0 -290.0 -289.0 -278.0 -271.0 -260.0 -242.0 
-239.0 -242.0 -239.0 -232.0 -227.0 -223.0 -217.0 
-217.0 -210.0 -208.0 -207.0 -200.0 -201.0 -192.0 
-187.0 -189.0 -180.0 -170.0 -161.0 -152.0 -146.0 
-137.0 -124.0 -120.0 -118.0 -106.0 -98.0 -93.0 
-84.0 -80.0 -79.0 -76.0 -73.0 -74.0 -71.0 
-68.0 -72.0 -78.0 -79.0 -71.0 -63.0 -58.0 
-54.0 -51.0 -50.0 -47.0 -45.0 -50.0 -45.0 
-38.0 -45.0 -47.0 -47.0 -49.0 -55.0 -62.0 
-68.0 -79.0 -89.0 -97.0 -108.0 -115.0 -113.0 
-116.0 -125.0 -127.0 -137.0 -143.0 -144.0 -156.0 
-160.0 -162.0 -171.0 -174.0 -177.0 -187.0 -188.0 
-192.0 -202.0 -209.0 -222.0 -236.0 -247.0 -260.0 
-275.0 -290.0 -299.0 -312.0 -334.0 -345.0 -354.0 
-371.0 -379.0 -394.0 -417.0 -429.0 -443.0 -456.0 
-453.0 -467.0 -482.0 -485.0 -506.0 -523.0 -541.0 
-559.0 -557.0 -566.0 -575.0 -576.0 -587.0 -597.0 
-606.0 -606.0 -611.0 -622.0 -624.0 -631.0 -629.0 
-626.0 -643.0 -648.0 -647.0 -656.0 -654.0 -648.0 
-651.0 -651.0 -632.0 -624.0 -635.0 -612.0 -596.0 
-594.0 -565.0 -543.0 -538.0 -531.0 -522.0 -526.0 
-515.0 -488.0 -491.0 -480.0 -446.0 -430.0 -418.0 
-406.0 -403.0 -409.0 -399.0 -382.0 -377.0 -389.0 
-405.0 -393.0 -393.0 -402.0 -390.0 -399.0 -411.0 
-395.0 -386.0 -406.0 -417.0 -403.0 -400.0 -406.0 
-410.0 -417.0 -408.0 -408.0 -408.0 -397.0 -404.0 
-410.0 -417.0 -423.0 -422.0 -422.0 -431.0 -453.0 
-461.0 -477.0 -487.0 -482.0 -498.0 -511.0 -530.0 
-561.0 -574.0 -578.0 -580.0 -582.0 -590.0 -610.0 
-624.0 -620.0 -621.0 -626.0 -633.0 -647.0 -644.0 
-649.0 -658.0 -654.0 -663.0 -674.0 -673.0 -671.0 
-672.0 -674.0 -671.0 -664.0 -659.0 -661.0 -661.0 
-655.0 -653.0 -646.0 -637.0 -632.0 -627.0 -622.0 
-616.0 -611.0 -608.0 -600.0 -593.0 -582.0 -569.0 
-561.0 -555.0 -544.0 -532.0 -526.0 -522.0 -522.0 
-521.0 -525.0 -532.0 -525.0 -522.0 -533.0 -536.0 
-534.0 -530.0 -528.0 -542.0 -552.0 -555.0 -559.0 
-559.0 -565.0 -574.0 -576.0 -567.0 -563.0 -569.0 
-564.0 -570.0 -571.0 -558.0 -564.0 -561.0 -557.0 
-564.0 -559.0 -566.0 -568.0 -571.0 -582.0 -575.0 
-570.0 -576.0 -578.0 -583.0 -586.0 -588.0 -592.0 
-585.0 -578.0 -578.0 -584.0 -597.0 -589.0 -578.0 
-575.0 -562.0 -575.0 -601.0 -609.0 -630.0 -637.0 
-638.0 -655.0 -651.0 -658.0 -688.0 -705.0 -713.0 
-725.0 -738.0 -756.0 -782.0 -798.0 -804.0 -810.0 
-815.0 -821.0 -828.0 -838.0 -872.0 -894.0 -913.0 
-931.0 -930.0 -958.0 -970.0 -975.0 -1008.0 -1019.0 
-1024.0 -1033.0 -1041.0 -1051.0 -1051.0 -1060.0 -1073.0 
-1061.0 -1060.0 -1074.0 -1070.0 -1059.0 -1055.0 -1045.0 
-1024.0 -1009.0 -993.0 -975.0 -964.0 -952.0 -938.0 
-923.0 -908.0 -894.0 -871.0 -852.0 -834.0 -806.0 
-791.0 -785.0 -771.0 -755.0 -746.0 -741.0 -732.0 
-723.0 -712.0 -702.0 -695.0 -690.0 -684.0 -678.0 
-672.0 -660.0 -648.0 -646.0 -649.0 -647.0 -647.0 
-644.0 -644.0 -645.0 -640.0 -641.0 -641.0 -640.0 
-645.0 -650.0 -656.0 -662.0 -667.0 -675.0 -682.0 
-684.0 -693.0 -702.0 -711.0 -724.0 -734.0 -743.0 
-754.0 -768.0 -781.0 -796.0 -809.0 -819.0 -833.0 
-850.0 -866.0 -883.0 -900.0 -915.0 -934.0 -953.0 
-970.0 -987.0 -1003.0 -1022.0 -1044.0 -1063.0 -1083.0 
-1102.0 -1121.0 -1139.0 -1159.0 -1180.0 -1193.0 -1207.0 
-1220.0 -1231.0 -1244.0 -1254.0 -1263.0 -1274.0 -1281.0 
-1288.0 -1298.0 -1301.0 -1310.0 -1319.0 -1320.0 -1331.0 
-1335.0 -1332.0 -1340.0 -1341.0 -1341.0 -1346.0 -1348.0 
-1351.0 -1353.0 -1352.0 -1350.0 -1348.0 -1348.0 -1346.0 
-1347.0 -1351.0 -1347.0 -1343.0 -1340.0 -1332.0 -1331.0 
-1334.0 -1331.0 -1333.0 -1334.0 -1336.0 -1343.0 -1344.0 
-1348.0 -1352.0 -1354.0 -1359.0 -1361.0 -1363.0 -1366.0 
-1367.0 -1367.0 -1366.0 -1365.0 -1363.0 -1358.0 -1356.0 
-1349.0 -1339.0 -1332.0 -1323.0 -1311.0 -1303.0 -1295.0 
-1284.0 -1275.0 -1263.0 -1255.0 -1251.0 -1240.0 -1232.0 
-1226.0 -1218.0 -1214.0 -1208.0 -1201.0 -1197.0 -1193.0 
-1187.0 -1180.0 -1175.0 -1172.0 -1168.0 -1165.0 -1158.0 
-1153.0 -1151.0 -1151.0 -1150.0 -1150.0 -1153.0 -1155.0 
-1156.0 -1154.0 -1156.0 -1158.0 -1159.0 -1164.0 -1164.0 
-1165.0 -1166.0 -1165.0 -1165.0 -1164.0 -1164.0 -1164.0 
-1164.0 -1162.0 -1161.0 -1162.0 -1158.0 -1158.0 -1162.0 
-1162.0 -1164.0 -1166.0 -1165.0 -1169.0 -1174.0 -1175.0 
-1182.0 -1184.0 -1187.0 -1199.0 -1205.0 -1210.0 -1220.0 
-1223.0 -1224.0 -1232.0 -1241.0 -1247.0 -1256.0 -1264.0 
-1275.0 -1288.0 -1297.0 -1306.0 -1317.0 -1326.0 -1335.0 
-1349.0 -1361.0 -1371.0 -1386.0 -1400.0 -1409.0 -1422.0 
-1434.0 -1445.0 -1465.0 -1474.0 -1485.0 -1501.0 -1506.0 
-1521.0 -1536.0 -1541.0 -1553.0 -1562.0 -1567.0 -1579.0 
-1589.0 -1598.0 -1609.0 -1610.0 -1616.0 -1622.0 -1624.0 
-1633.0 -1621.0 -1606.0 -1613.0 -1621.0 -1627.0 -1628.0 
-1623.0 -1625.0 -1622.0 -1614.0 -1613.0 -1611.0 -1609.0 
-1616.0 -1616.0 -1611.0 -1604.0 -1605.0 -1611.0 -1596.0 
-1590.0 -1599.0 -1598.0 -1587.0 -1560.0 -1529.0 -1529.0 
-1538.0 -1543.0 -1533.0 -1529.0 -1543.0 -1521.0 -1532.0 
-1551.0 -1514.0 -1504.0 -1499.0 -1484.0 -1462.0 -1448.0 
-1456.0 -1458.0 -1476.0 -1463.0 -1441.0 -1449.0 -1429.0 
-1411.0 -1394.0 -1373.0 -1374.0 -1363.0 -1332.0 -1326.0 
-1317.0 -1287.0 -1267.0 -1228.0 -1191.0 -1196.0 -1181.0 
-1171.0 -1182.0 -1152.0 -1127.0 -1111.0 -1088.0 -1080.0 
-1079.0 -1065.0 -1039.0 -1029.0 -1007.0 -995.0 -1002.0 
-990.0 -987.0 -984.0 -967.0 -960.0 -963.0 -964.0 
-973.0 -971.0 -945.0 -949.0 -954.0 -949.0 -966.0 
-960.0 -936.0 -946.0 -960.0 -940.0 -940.0 -957.0 
-960.0 -960.0 -969.0 -995.0 -1012.0 -1032.0 -1052.0 
-1047.0 -1054.0 -1066.0 -1063.0 -1072.0 -1075.0 -1089.0 
-1116.0 -1119.0 -1142.0 -1167.0 -1166.0 -1183.0 -1193.0 
-1193.0 -1211.0 -1216.0 -1200.0 -1203.0 -1216.0 -1218.0 
-1219.0 -1221.0 -1226.0 -1201.0 -1197.0 -1229.0 -1231.0 
-1231.0 -1228.0 -1220.0 -1207.0 -1194.0 -1191.0 -1187.0 
-1198.0 -1195.0 -1179.0 -1181.0 -1166.0 -1149.0 -1174.0 
-1161.0 -1149.0 -1165.0 -1108.0 -1076.0 -1121.0 -1140.0 
-1128.0 -1108.0 -1072.0 -1068.0 -1040.0 -1004.0 -1011.0 
-985.0 -974.0 -982.0 -961.0 -909.0 -872.0 -856.0 
-814.0 -788.0 -781.0 -773.0 -757.0 -730.0 -689.0 
-661.0 -703.0 -698.0 -693.0 -726.0 -674.0 -690.0 
-718.0 -658.0 -645.0 -657.0 -654.0 -658.0 -668.0 
-668.0 -655.0 -646.0 -648.0 -627.0 -619.0 -619.0 
-604.0 -622.0 -612.0 -612.0 -628.0 -611.0 -606.0 
-590.0 -568.0 -569.0 -559.0 -540.0 -540.0 -535.0 
-518.0 -517.0 -514.0 -497.0 -498.0 -502.0 -493.0 
-488.0 -487.0 -484.0 -491.0 -508.0 -521.0 -514.0 
-509.0 -524.0 -524.0 -522.0 -533.0 -543.0 -546.0 
-560.0 -578.0 -576.0 -582.0 -595.0 -599.0 -603.0 
-602.0 -601.0 -608.0 -614.0 -613.0 -610.0 -602.0 
-596.0 -594.0 -592.0 -590.0 -587.0 -579.0 -572.0 
-565.0 -555.0 -553.0 -556.0 -555.0 -557.0 -553.0 
-540.0 -540.0 -541.0 -536.0 -542.0 -540.0 -541.0 
-556.0 -555.0 -551.0 -560.0 -566.0 -564.0 -562.0 
-557.0 -547.0 -541.0 -537.0 -532.0 -529.0 -520.0 
-511.0 -506.0 -502.0 -498.0 -487.0 -475.0 -456.0 
-443.0 -435.0 -419.0 -409.0 -402.0 -389.0 -380.0 
-376.0 -368.0 -356.0 -337.0 -324.0 -315.0 -299.0 
-288.0 -273.0 -256.0 -245.0 -232.0 -226.0 -219.0 
-205.0 -205.0 -218.0 -221.0 -221.0 -227.0 -232.0 
-238.0 -240.0 -252.0 -266.0 -275.0 -299.0 -321.0 
-344.0 -369.0 -381.0 -397.0 -423.0 -446.0 -470.0 
-494.0 -518.0 -552.0 -584.0 -620.0 -653.0 -677.0 
-707.0 -736.0 -769.0 -798.0 -830.0 -863.0 -888.0 
-919.0 -947.0 -976.0 -1005.0 -1026.0 -1054.0 -1078.0 
-1096.0 -1124.0 -1150.0 -1165.0 -1179.0 -1191.0 -1203.0 
-1221.0 -1230.0 -1239.0 -1248.0 -1252.0 -1259.0 -1265.0 
-1264.0 -1265.0 -1262.0 -1249.0 -1240.0 -1226.0 -1203.0 
-1183.0 -1164.0 -1144.0 -1114.0 -1076.0 -1046.0 -1019.0 
-986.0 -959.0 -931.0 -905.0 -881.0 -845.0 -810.0 
-786.0 -758.0 -727.0 -699.0 -672.0 -639.0 -611.0 
-589.0 -558.0 -529.0 -505.0 -467.0 -440.0 -428.0 
-403.0 -378.0 -356.0 -330.0 -305.0 -274.0 -245.0 
-218.0 -188.0 -160.0 -135.0 -110.0 -82.0 -58.0 
-37.0 -15.0 4.0 29.0 50.0 65.0 78.0 
91.0 102.0 107.0 112.0 114.0 115.0 118.0 
116.0 107.0 93.0 81.0 73.0 67.0 49.0 
23.0 2.0 -16.0 -46.0 -86.0 -105.0 -129.0 
-169.0 -196.0 -230.0 -268.0 -303.0 -340.0 -377.0 
-425.0 -473.0 -509.0 -541.0 -579.0 -622.0 -662.0 
-704.0 -742.0 -775.0 -823.0 -870.0 -911.0 -957.0 
-992.0 -1021.0 -1054.0 -1089.0 -1119.0 -1152.0 -1187.0 
-1224.0 -1261.0 -1293.0 -1320.0 -1342.0 -1380.0 -1403.0 
-1418.0 -1441.0 -1463.0 -1500.0 -1514.0 -1524.0 -1545.0 
-1549.0 -1558.0 -1558.0 -1556.0 -1556.0 -1546.0 -1533.0 
-1527.0 -1528.0 -1523.0 -1506.0 -1481.0 -1463.0 -1434.0 
-1403.0 -1402.0 -1388.0 -1371.0 -1338.0 -1290.0 -1253.0 
-1212.0 -1182.0 -1132.0 -1089.0 -1063.0 -1010.0 -980.0 
-955.0 -883.0 -824.0 -781.0 -711.0 -670.0 -646.0 
-598.0 -560.0 -509.0 -442.0 -395.0 -348.0 -306.0 
-262.0 -200.0 -167.0 -132.0 -78.0 -55.0 -29.0 
14.0 18.0 37.0 122.0 173.0 188.0 221.0 
228.0 234.0 271.0 285.0 297.0 323.0 325.0 
340.0 366.0 371.0 369.0 365.0 351.0 332.0 
327.0 312.0 291.0 290.0 278.0 248.0 215.0 
182.0 171.0 163.0 129.0 100.0 68.0 25.0 
0.0 -28.0 -50.0 -71.0 -112.0 -135.0 -163.0 
-203.0 -246.0 -290.0 -336.0 -371.0 -398.0 -444.0 
-471.0 -497.0 -530.0 -557.0 -593.0 -624.0 -659.0 
-694.0 -717.0 -741.0 -765.0 -789.0 -821.0 -845.0 
-870.0 -902.0 -923.0 -950.0 -982.0 -1005.0 -1031.0 
-1057.0 -1076.0 -1096.0 -1115.0 -1131.0 -1149.0 -1162.0 
-1178.0 -1189.0 -1195.0 -1207.0 -1210.0 -1208.0 -1213.0 
-1212.0 -1205.0 -1198.0 -1187.0 -1175.0 -1164.0 -1146.0 
-1125.0 -1103.0 -1074.0 -1047.0 -1019.0 -982.0 -950.0 
-919.0 -880.0 -844.0 -811.0 -774.0 -744.0 -713.0 
-677.0 -648.0 -617.0 -589.0 -566.0 -535.0 -509.0 
-484.0 -451.0 -427.0 -406.0 -380.0 -354.0 -329.0 
-308.0 -283.0 -259.0 -241.0 -220.0 -196.0 -176.0 
-155.0 -133.0 -114.0 -95.0 -77.0 -62.0 -49.0 
-33.0 -15.0 -7.0 3.0 11.0 16.0 23.0 
23.0 27.0 29.0 29.0 27.0 25.0 35.0 
19.0 3.0 0.0 -16.0 -21.0 -39.0 -62.0 
-67.0 -63.0 -62.0 -72.0 -88.0 -113.0 -132.0 
-164.0 -203.0 -216.0 -233.0 -267.0 -288.0 -316.0 
-344.0 -368.0 -398.0 -428.0 -459.0 -501.0 -555.0 
-592.0 -622.0 -645.0 -654.0 -692.0 -722.0 -743.0 
-791.0 -818.0 -844.0 -869.0 -891.0 -923.0 -953.0 
-990.0 -1024.0 -1053.0 -1070.0 -1094.0 -1120.0 -1145.0 
-1167.0 -1174.0 -1197.0 -1218.0 -1226.0 -1246.0 -1259.0 
-1258.0 -1261.0 -1267.0 -1264.0 -1265.0 -1278.0 -1259.0 
-1258.0 -1290.0 -1259.0 -1226.0 -1218.0 -1203.0 -1210.0 
-1200.0 -1191.0 -1197.0 -1178.0 -1138.0 -1092.0 -1046.0 
-1014.0 -991.0 -968.0 -951.0 -932.0 -911.0 -889.0 
-863.0 -825.0 -777.0 -741.0 -715.0 -677.0 -634.0 
-608.0 -596.0 -583.0 -556.0 -518.0 -490.0 -468.0 
-449.0 -420.0 -391.0 -364.0 -344.0 -349.0 -330.0 
-321.0 -331.0 -318.0 -313.0 -307.0 -292.0 -287.0 
-289.0 -290.0 -292.0 -290.0 -290.0 -301.0 -304.0 
-306.0 -319.0 -324.0 -332.0 -343.0 -351.0 -365.0 
-365.0 -371.0 -386.0 -391.0 -398.0 -413.0 -425.0 
-436.0 -454.0 -466.0 -472.0 -491.0 -514.0 -527.0 
-541.0 -560.0 -564.0 -574.0 -593.0 -606.0 -618.0 
-636.0 -656.0 -659.0 -672.0 -702.0 -718.0 -729.0 
-742.0 -757.0 -784.0 -799.0 -810.0 -837.0 -854.0 
-872.0 -893.0 -900.0 -895.0 -905.0 -924.0 -919.0 
-914.0 -927.0 -938.0 -952.0 -956.0 -942.0 -945.0 
-955.0 -934.0 -935.0 -947.0 -944.0 -959.0 -943.0 
-919.0 -927.0 -929.0 -917.0 -900.0 -899.0 -897.0 
-880.0 -868.0 -865.0 -860.0 -862.0 -853.0 -836.0 
-841.0 -824.0 -818.0 -831.0 -823.0 -820.0 -823.0 
-823.0 -811.0 -792.0 -788.0 -782.0 -771.0 -765.0 
-758.0 -751.0 -736.0 -716.0 -705.0 -689.0 -665.0 
-646.0 -625.0 -606.0 -597.0 -581.0 -563.0 -547.0 
-532.0 -532.0 -532.0 -529.0 -529.0 -519.0 -512.0 
-511.0 -512.0 -512.0 -504.0 -506.0 -515.0 -519.0 
-517.0 -516.0 -524.0 -519.0 -518.0 -523.0 -523.0 
-532.0 -533.0 -530.0 -540.0 -541.0 -540.0 -541.0 
-535.0 -530.0 -533.0 -538.0 -525.0 -526.0 -549.0 
-557.0 -560.0 -559.0 -555.0 -561.0 -572.0 -575.0 
-579.0 -589.0 -586.0 -596.0 -609.0 -605.0 -611.0 
-619.0 -630.0 -634.0 -635.0 -655.0 -670.0 -681.0 
-686.0 -688.0 -699.0 -705.0 -700.0 -708.0 -734.0 
-740.0 -746.0 -762.0 -766.0 -768.0 -782.0 -796.0 
-790.0 -791.0 -793.0 -797.0 -807.0 -788.0 -785.0 
-784.0 -769.0 -781.0 -777.0 -766.0 -764.0 -751.0 
-743.0 -731.0 -718.0 -708.0 -708.0 -709.0 -703.0 
-699.0 -693.0 -700.0 -706.0 -704.0 -727.0 -730.0 
-726.0 -741.0 -741.0 -746.0 -752.0 -753.0 -756.0 
-763.0 -765.0 -768.0 -771.0 -769.0 -779.0 -788.0 
-783.0 -786.0 -795.0 -798.0 -801.0 -804.0 -798.0 
-799.0 -813.0 -818.0 -828.0 -838.0 -835.0 -837.0 
-828.0 -820.0 -825.0 -824.0 -829.0 -838.0 -840.0 
-843.0 -841.0 -835.0 -836.0 -834.0 -837.0 -834.0 
-826.0 -836.0 -825.0 -818.0 -826.0 -820.0 -831.0 
-833.0 -821.0 -821.0 -816.0 -813.0 -817.0 -817.0 
-816.0 -809.0 -804.0 -801.0 -792.0 -789.0 -782.0 
-771.0 -763.0 -748.0 -737.0 -732.0 -723.0 -713.0 
-702.0 -689.0 -675.0 -670.0 -671.0 -661.0 -653.0 
-646.0 -647.0 -646.0 -640.0 -647.0 -637.0 -618.0 
-614.0 -608.0 -604.0 -614.0 -627.0 -628.0 -632.0 
-632.0 -626.0 -642.0 -645.0 -628.0 -625.0 -622.0 
-619.0 -628.0 -635.0 -638.0 -648.0 -663.0 -675.0 
-685.0 -699.0 -708.0 -714.0 -728.0 -737.0 -751.0 
-762.0 -773.0 -796.0 -802.0 -778.0 -763.0 -772.0 
-773.0 -783.0 -807.0 -803.0 -799.0 -796.0 -779.0 
-782.0 -786.0 -781.0 -779.0 -781.0 -788.0 -797.0 
-802.0 -804.0 -810.0 -814.0 -811.0 -818.0 -828.0 
-829.0 -839.0 -847.0 -854.0 -862.0 -869.0 -881.0 
-883.0 -890.0 -892.0 -889.0 -899.0 -906.0 -930.0 
-950.0 -949.0 -958.0 -964.0 -979.0 -987.0 -985.0 
-1001.0 -1024.0 -1043.0 -1049.0 -1044.0 -1037.0 -1032.0 
-1024.0 -1021.0 -1022.0 -1012.0 -1011.0 -1019.0 -1012.0 
-1008.0 -1008.0 -996.0 -985.0 -963.0 -943.0 -932.0 
-924.0 -914.0 -901.0 -888.0 -887.0 -903.0 -891.0 
-860.0 -839.0 -812.0 -790.0 -778.0 -737.0 -712.0 
-710.0 -673.0 -636.0 -613.0 -595.0 -576.0 -552.0 
-529.0 -509.0 -476.0 -446.0 -433.0 -416.0 -411.0 
-403.0 -379.0 -373.0 -368.0 -352.0 -354.0 -352.0 
-338.0 -333.0 -334.0 -334.0 -334.0 -341.0 -347.0 
-359.0 -369.0 -372.0 -380.0 -387.0 -395.0 -411.0 
-424.0 -435.0 -451.0 -463.0 -476.0 -489.0 -504.0 
-522.0 -534.0 -549.0 -570.0 -584.0 -597.0 -619.0 
-640.0 -663.0 -687.0 -705.0 -725.0 -747.0 -766.0 
-784.0 -801.0 -822.0 -844.0 -868.0 -883.0 -896.0 
-914.0 -924.0 -938.0 -953.0 -960.0 -982.0 -999.0 
-1000.0 -1008.0 -1019.0 -1029.0 -1035.0 -1038.0 -1051.0 
-1056.0 -1058.0 -1075.0 -1075.0 -1072.0 -1092.0 -1106.0 
-1099.0 -1109.0 -1118.0 -1118.0 -1144.0 -1157.0 -1154.0 
-1165.0 -1185.0 -1195.0 -1198.0 -1203.0 -1196.0 -1202.0 
-1200.0 -1191.0 -1188.0 -1169.0 -1149.0 -1135.0 -1115.0 
-1095.0 -1077.0 -1055.0 -1038.0 -1020.0 -1000.0 -983.0 
-960.0 -941.0 -918.0 -892.0 -864.0 -834.0 -819.0 
-804.0 -782.0 -749.0 -709.0 -678.0 -659.0 -634.0 
-603.0 -592.0 -568.0 -543.0 -535.0 -498.0 -477.0 
-467.0 -434.0 -424.0 -417.0 -384.0 -374.0 -369.0 
-350.0 -348.0 -343.0 -336.0 -342.0 -339.0 -341.0 
-349.0 -351.0 -365.0 -377.0 -381.0 -396.0 -410.0 
-421.0 -434.0 -446.0 -459.0 -473.0 -485.0 -495.0 
-513.0 -536.0 -559.0 -583.0 -603.0 -624.0 -646.0 
-667.0 -688.0 -707.0 -727.0 -750.0 -773.0 -796.0 
-823.0 -848.0 -866.0 -887.0 -914.0 -934.0 -951.0 
-972.0 -992.0 -1009.0 -1024.0 -1040.0 -1056.0 -1074.0 
-1088.0 -1102.0 -1115.0 -1116.0 -1124.0 -1139.0 -1153.0 
-1166.0 -1176.0 -1190.0 -1196.0 -1207.0 -1213.0 -1210.0 
-1222.0 -1230.0 -1229.0 -1226.0 -1218.0 -1209.0 -1209.0 
-1211.0 -1201.0 -1196.0 -1189.0 -1178.0 -1171.0 -1162.0 
-1155.0 -1146.0 -1131.0 -1118.0 -1104.0 -1089.0 -1076.0 
-1069.0 -1055.0 -1042.0 -1034.0 -1016.0 -1004.0 -998.0 
-982.0 -974.0 -973.0 -960.0 -947.0 -943.0 -933.0 
-922.0 -909.0 -889.0 -882.0 -875.0 -858.0 -856.0 
-855.0 -853.0 -860.0 -857.0 -853.0 -853.0 -856.0 
-857.0 -855.0 -855.0 -857.0 -858.0 -857.0 -859.0 
-864.0 -859.0 -865.0 -874.0 -876.0 -883.0 -885.0 
-897.0 -909.0 -910.0 -914.0 -918.0 -922.0 -921.0 
-922.0 -926.0 -921.0 -921.0 -919.0 -911.0 -910.0 
-903.0 -895.0 -890.0 -877.0 -873.0 -863.0 -851.0 
-849.0 -838.0 -836.0 -833.0 -824.0 -825.0 -827.0 
-828.0 -834.0 -841.0 -847.0 -859.0 -875.0 -886.0 
-896.0 -910.0 -924.0 -944.0 -958.0 -968.0 -985.0 
-1000.0 -1010.0 -1021.0 -1038.0 -1056.0 -1072.0 -1089.0 
-1103.0 -1119.0 -1133.0 -1145.0 -1158.0 -1169.0 -1182.0 
-1196.0 -1207.0 -1222.0 -1238.0 -1249.0 -1261.0 -1274.0 
-1286.0 -1298.0 -1314.0 -1325.0 -1338.0 -1357.0 -1367.0 
-1376.0 -1388.0 -1392.0 -1398.0 -1406.0 -1405.0 -1403.0 
-1402.0 -1398.0 -1393.0 -1389.0 -1388.0 -1384.0 -1373.0 
-1364.0 -1359.0 -1349.0 -1339.0 -1330.0 -1318.0 -1307.0 
-1296.0 -1285.0 -1274.0 -1264.0 -1255.0 -1244.0 -1229.0 
-1216.0 -1206.0 -1196.0 -1183.0 -1166.0 -1150.0 -1142.0 
-1126.0 -1112.0 -1104.0 -1090.0 -1079.0 -1067.0 -1053.0 
-1040.0 -1026.0 -1013.0 -1003.0 -997.0 -989.0 -982.0 
-975.0 -965.0 -959.0 -954.0 -950.0 -952.0 -956.0 
-962.0 -965.0 -958.0 -956.0 -955.0 -956.0 -964.0 
-969.0 -978.0 -987.0 -993.0 -998.0 -993.0 -1000.0 
-1007.0 -1009.0 -1023.0 -1029.0 -1038.0 -1053.0 -1066.0 
-1080.0 -1095.0 -1109.0 -1121.0 -1133.0 -1139.0 -1149.0 
-1163.0 -1169.0 -1182.0 -1195.0 -1199.0 -1207.0 -1214.0 
-1220.0 -1225.0 -1228.0 -1228.0 -1227.0 -1225.0 -1224.0 
-1227.0 -1224.0 -1225.0 -1230.0 -1230.0 -1229.0 -1231.0 
-1232.0 -1232.0 -1235.0 -1238.0 -1242.0 -1248.0 -1249.0 
-1255.0 -1263.0 -1266.0 -1275.0 -1283.0 -1285.0 -1292.0 
-1294.0 -1293.0 -1300.0 -1306.0 -1306.0 -1306.0 -1308.0 
-1310.0 -1312.0 -1313.0 -1315.0 -1319.0 -1319.0 -1312.0 
-1311.0 -1312.0 -1307.0 -1300.0 -1291.0 -1278.0 -1269.0 
-1267.0 -1267.0 -1263.0 -1255.0 -1250.0 -1244.0 -1234.0 
-1230.0 -1227.0 -1217.0 -1210.0 -1205.0 -1204.0 -1206.0 
-1201.0 -1197.0 -1196.0 -1193.0 -1192.0 -1196.0 -1200.0 
-1206.0 -1207.0 -1196.0 -1194.0 -1194.0 -1184.0 -1172.0 
-1164.0 -1153.0 -1138.0 -1137.0 -1130.0 -1114.0 -1110.0 
-1099.0 -1088.0 -1084.0 -1071.0 -1062.0 -1057.0 -1052.0 
-1050.0 -1043.0 -1048.0 -1050.0 -1049.0 -1059.0 -1055.0 
-1063.0 -1072.0 -1071.0 -1081.0 -1087.0 -1090.0 -1094.0 
-1091.0 -1092.0 -1097.0 -1102.0 -1104.0 -1112.0 -1120.0 
-1123.0 -1131.0 -1132.0 -1138.0 -1146.0 -1146.0 -1152.0 
-1157.0 -1163.0 -1168.0 -1175.0 -1192.0 -1206.0 -1219.0 
-1228.0 -1237.0 -1256.0 -1274.0 -1287.0 -1299.0 -1312.0 
-1326.0 -1342.0 -1358.0 -1365.0 -1366.0 -1386.0 -1389.0 
-1378.0 -1384.0 -1373.0 -1356.0 -1346.0 -1350.0 -1357.0 
-1356.0 -1351.0 -1348.0 -1354.0 -1344.0 -1341.0 -1341.0 
-1326.0 -1329.0 -1324.0 -1307.0 -1306.0 -1296.0 -1284.0 
-1279.0 -1266.0 -1255.0 -1245.0 -1233.0 -1221.0 -1213.0 
-1201.0 -1191.0 -1185.0 -1166.0 -1154.0 -1146.0 -1125.0 
-1117.0 -1110.0 -1090.0 -1077.0 -1068.0 -1052.0 -1036.0 
-1033.0 -1018.0 -1001.0 -999.0 -978.0 -975.0 -979.0 
-955.0 -958.0 -951.0 -935.0 -944.0 -936.0 -923.0 
-925.0 -917.0 -907.0 -916.0 -917.0 -905.0 -906.0 
-907.0 -898.0 -899.0 -901.0 -896.0 -902.0 -911.0 
-914.0 -925.0 -939.0 -944.0 -962.0 -978.0 -981.0 
-998.0 -1008.0 -1016.0 -1038.0 -1050.0 -1057.0 -1079.0 
-1098.0 -1108.0 -1118.0 -1121.0 -1124.0 -1140.0 -1150.0 
-1156.0 -1173.0 -1182.0 -1190.0 -1208.0 -1213.0 -1216.0 
-1228.0 -1227.0 -1230.0 -1241.0 -1246.0 -1254.0 -1266.0 
-1265.0 -1268.0 -1282.0 -1283.0 -1289.0 -1300.0 -1304.0 
-1313.0 -1313.0 -1319.0 -1330.0 -1324.0 -1329.0 -1338.0 
-1334.0 -1338.0 -1342.0 -1340.0 -1340.0 -1342.0 -1341.0 
-1340.0 -1337.0 -1332.0 -1327.0 -1321.0 -1316.0 -1319.0 
-1310.0 -1293.0 -1279.0 -1257.0 -1251.0 -1253.0 -1243.0 
-1234.0 -1216.0 -1201.0 -1187.0 -1167.0 -1152.0 -1138.0 
-1128.0 -1115.0 -1090.0 -1059.0 -1042.0 -1024.0 -992.0 
-974.0 -957.0 -926.0 -894.0 -867.0 -834.0 -809.0 
-799.0 -777.0 -758.0 -740.0 -718.0 -710.0 -699.0 
-683.0 -666.0 -656.0 -643.0 -627.0 -616.0 -593.0 
-581.0 -572.0 -553.0 -551.0 -545.0 -535.0 -535.0 
-533.0 -529.0 -529.0 -526.0 -525.0 -527.0 -536.0 
-542.0 -539.0 -552.0 -562.0 -561.0 -574.0 -587.0 
-600.0 -620.0 -632.0 -643.0 -665.0 -678.0 -692.0 
-715.0 -731.0 -754.0 -780.0 -797.0 -820.0 -848.0 
-871.0 -895.0 -922.0 -947.0 -968.0 -991.0 -1010.0 
-1030.0 -1055.0 -1077.0 -1102.0 -1127.0 -1145.0 -1164.0 
-1186.0 -1212.0 -1238.0 -1262.0 -1282.0 -1299.0 -1318.0 
-1341.0 -1356.0 -1371.0 -1389.0 -1396.0 -1402.0 -1407.0 
-1407.0 -1408.0 -1405.0 -1404.0 -1400.0 -1388.0 -1378.0 
-1371.0 -1361.0 -1351.0 -1341.0 -1326.0 -1310.0 -1294.0 
-1277.0 -1260.0 -1241.0 -1221.0 -1201.0 -1179.0 -1157.0 
-1136.0 -1113.0 -1092.0 -1074.0 -1055.0 -1038.0 -1021.0 
-1004.0 -991.0 -978.0 -964.0 -953.0 -942.0 -933.0 
-926.0 -916.0 -905.0 -903.0 -897.0 -886.0 -886.0 
-885.0 -880.0 -881.0 -874.0 -873.0 -876.0 -873.0 
-875.0 -876.0 -880.0 -882.0 -877.0 -875.0 -874.0 
-874.0 -880.0 -878.0 -878.0 -883.0 -883.0 -882.0 
-878.0 -880.0 -888.0 -889.0 -890.0 -894.0 -897.0 
-898.0 -895.0 -895.0 -901.0 -907.0 -908.0 -907.0 
-912.0 -911.0 -912.0 -910.0 -903.0 -901.0 -900.0 
-902.0 -901.0 -899.0 -893.0 -889.0 -883.0 -874.0 
-870.0 -862.0 -854.0 -849.0 -840.0 -832.0 -822.0 
-814.0 -809.0 -801.0 -795.0 -793.0 -790.0 -787.0 
-784.0 -783.0 -779.0 -773.0 -778.0 -778.0 -775.0 
-778.0 -779.0 -787.0 -796.0 -801.0 -811.0 -816.0 
-822.0 -833.0 -840.0 -850.0 -862.0 -871.0 -879.0 
-889.0 -901.0 -912.0 -924.0 -934.0 -945.0 -960.0 
-971.0 -979.0 -994.0 -1004.0 -1016.0 -1033.0 -1045.0 
-1057.0 -1068.0 -1076.0 -1084.0 -1088.0 -1091.0 -1096.0 
-1099.0 -1102.0 -1107.0 -1110.0 -1108.0 -1109.0 -1112.0 
-1105.0 -1102.0 -1104.0 -1098.0 -1096.0 -1094.0 -1091.0 
-1095.0 -1093.0 -1091.0 -1097.0 -1096.0 -1096.0 -1100.0 
-1099.0 -1098.0 -1100.0 -1100.0 -1101.0 -1099.0 -1094.0 
-1088.0 -1087.0 -1084.0 -1081.0 -1082.0 -1080.0 -1080.0 
-1079.0 -1075.0 -1075.0 -1073.0 -1070.0 -1072.0 -1069.0 
-1064.0 -1057.0 -1048.0 -1042.0 -1035.0 -1030.0 -1016.0 
-1003.0 -999.0 -992.0 -993.0 -988.0 -978.0 -971.0 
-963.0 -959.0 -952.0 -944.0 -934.0 -920.0 -908.0 
-892.0 -877.0 -858.0 -841.0 -832.0 -820.0 -810.0 
-795.0 -780.0 -769.0 -752.0 -738.0 -730.0 -716.0 
-706.0 -702.0 -690.0 -677.0 -663.0 -650.0 -644.0 
-639.0 -639.0 -634.0 -626.0 -625.0 -617.0 -606.0 
-611.0 -609.0 -598.0 -597.0 -596.0 -602.0 -606.0 
-599.0 -603.0 -608.0 -613.0 -620.0 -621.0 -625.0 
-629.0 -635.0 -640.0 -644.0 -662.0 -665.0 -668.0 
-693.0 -708.0 -723.0 -736.0 -739.0 -755.0 -767.0 
-768.0 -775.0 -788.0 -798.0 -812.0 -831.0 -845.0 
-865.0 -883.0 -884.0 -889.0 -897.0 -897.0 -901.0 
-910.0 -916.0 -923.0 -926.0 -924.0 -926.0 -924.0 
-927.0 -935.0 -932.0 -931.0 -940.0 -935.0 -934.0 
-940.0 -935.0 -931.0 -926.0 -915.0 -913.0 -911.0 
-901.0 -900.0 -897.0 -884.0 -876.0 -867.0 -859.0 
-856.0 -842.0 -828.0 -826.0 -817.0 -806.0 -802.0 
-798.0 -792.0 -785.0 -777.0 -766.0 -768.0 -759.0 
-748.0 -750.0 -742.0 -733.0 -730.0 -726.0 -722.0 
-730.0 -727.0 -724.0 -733.0 -729.0 -725.0 -730.0 
-726.0 -729.0 -738.0 -736.0 -739.0 -739.0 -736.0 
-743.0 -743.0 -743.0 -749.0 -752.0 -755.0 -757.0 
-756.0 -753.0 -751.0 -749.0 -745.0 -741.0 -740.0 
-737.0 -736.0 -738.0 -739.0 -742.0 -744.0 -742.0 
-744.0 -745.0 -742.0 -745.0 -744.0 -741.0 -744.0 
-740.0 -735.0 -736.0 -727.0 -720.0 -715.0 -708.0 
-705.0 -701.0 -697.0 -691.0 -684.0 -679.0 -674.0 
-667.0 -659.0 -653.0 -648.0 -640.0 -637.0 -636.0 
-633.0 -632.0 -628.0 -622.0 -618.0 -612.0 -605.0 
-599.0 -591.0 -583.0 -577.0 -572.0 -566.0 -561.0 
-558.0 -551.0 -545.0 -541.0 -535.0 -529.0 -524.0 
-522.0 -519.0 -512.0 -506.0 -501.0 -500.0 -500.0 
-496.0 -493.0 -490.0 -487.0 -483.0 -484.0 -487.0 
-488.0 -492.0 -496.0 -500.0 -508.0 -516.0 -523.0 
-533.0 -543.0 -551.0 -566.0 -579.0 -592.0 -607.0 
-620.0 -636.0 -652.0 -669.0 -687.0 -701.0 -715.0 
-730.0 -748.0 -765.0 -776.0 -785.0 -798.0 -803.0 
-813.0 -825.0 -822.0 -828.0 -832.0 -834.0 -844.0 
-841.0 -844.0 -846.0 -842.0 -842.0 -835.0 -837.0 
-839.0 -827.0 -822.0 -815.0 -804.0 -798.0 -792.0 
-788.0 -776.0 -759.0 -756.0 -749.0 -733.0 -730.0 
-710.0 -702.0 -700.0 -650.0 -625.0 -635.0 -614.0 
-594.0 -595.0 -574.0 -556.0 -545.0 -524.0 -521.0 
-524.0 -514.0 -505.0 -508.0 -501.0 -496.0 -500.0 
-492.0 -485.0 -487.0 -501.0 -492.0 -477.0 -470.0 
-475.0 -486.0 -455.0 -443.0 -450.0 -434.0 -431.0 
-429.0 -415.0 -425.0 -428.0 -406.0 -408.0 -386.0 
-365.0 -379.0 -375.0 -381.0 -408.0 -417.0 -399.0 
-394.0 -397.0 -388.0 -401.0 -399.0 -387.0 -387.0 
-381.0 -379.0 -378.0 -375.0 -366.0 -368.0 -368.0 
-341.0 -351.0 -358.0 -328.0 -326.0 -333.0 -320.0 
-315.0 -303.0 -301.0 -313.0 -300.0 -297.0 -287.0 
-260.0 -260.0 -261.0 -259.0 -260.0 -239.0 -239.0 
-226.0 -229.0 -254.0 -226.0 -231.0 -231.0 -220.0 
-254.0 -256.0 -239.0 -247.0 -269.0 -276.0 -271.0 
-285.0 -288.0 -264.0 -256.0 -270.0 -282.0 -283.0 
-279.0 -278.0 -283.0 -271.0 -250.0 -253.0 -255.0 
-244.0 -251.0 -284.0 -274.0 -236.0 -232.0 -216.0 
-210.0 -209.0 -195.0 -198.0 -193.0 -184.0 -157.0 
-136.0 -140.0 -132.0 -133.0 -118.0 -108.0 -116.0 
-110.0 -94.0 -72.0 -69.0 -55.0 -35.0 -28.0 
-9.0 -2.0 24.0 56.0 65.0 89.0 111.0 
124.0 142.0 166.0 191.0 232.0 243.0 233.0 
264.0 285.0 312.0 352.0 373.0 375.0 357.0 
383.0 408.0 414.0 416.0 405.0 425.0 428.0 
432.0 431.0 423.0 447.0 443.0 449.0 464.0 
457.0 463.0 458.0 464.0 476.0 473.0 490.0 
501.0 493.0 486.0 492.0 501.0 505.0 507.0 
489.0 478.0 479.0 479.0 478.0 468.0 474.0 
474.0 470.0 471.0 462.0 448.0 441.0 451.0 
461.0 474.0 475.0 461.0 451.0 447.0 452.0 
461.0 464.0 455.0 452.0 454.0 439.0 430.0 
429.0 412.0 399.0 380.0 362.0 363.0 330.0 
312.0 335.0 324.0 315.0 313.0 300.0 297.0 
283.0 285.0 306.0 310.0 303.0 304.0 305.0 
308.0 331.0 345.0 347.0 358.0 360.0 360.0 
377.0 392.0 406.0 428.0 423.0 414.0 413.0 
407.0 421.0 441.0 446.0 452.0 471.0 481.0 
489.0 497.0 487.0 505.0 547.0 546.0 556.0 
578.0 575.0 596.0 615.0 625.0 648.0 650.0 
644.0 669.0 680.0 679.0 714.0 745.0 775.0 
806.0 801.0 797.0 801.0 806.0 816.0 828.0 
831.0 831.0 837.0 821.0 822.0 851.0 839.0 
806.0 796.0 779.0 767.0 770.0 760.0 761.0 
768.0 769.0 776.0 773.0 762.0 755.0 749.0 
738.0 732.0 732.0 725.0 725.0 724.0 713.0 
707.0 702.0 694.0 679.0 664.0 653.0 640.0 
630.0 618.0 602.0 588.0 571.0 557.0 541.0 
519.0 508.0 501.0 487.0 476.0 466.0 453.0 
446.0 432.0 417.0 408.0 393.0 384.0 377.0 
364.0 352.0 330.0 304.0 289.0 267.0 244.0 
232.0 219.0 203.0 181.0 164.0 147.0 122.0 
109.0 102.0 87.0 68.0 52.0 41.0 31.0 
26.0 20.0 11.0 5.0 -2.0 -9.0 -15.0 
-21.0 -21.0 -25.0 -25.0 -23.0 -23.0 -18.0 
-16.0 -9.0 0.0 2.0 11.0 20.0 31.0 
47.0 57.0 71.0 84.0 94.0 112.0 119.0 
123.0 132.0 137.0 147.0 161.0 173.0 186.0 
201.0 212.0 224.0 242.0 253.0 265.0 284.0 
297.0 311.0 326.0 339.0 355.0 371.0 382.0 
394.0 408.0 418.0 435.0 451.0 469.0 489.0 
501.0 513.0 522.0 529.0 537.0 542.0 549.0 
550.0 547.0 551.0 550.0 543.0 541.0 534.0 
522.0 514.0 499.0 480.0 466.0 447.0 428.0 
408.0 389.0 371.0 348.0 327.0 308.0 285.0 
266.0 248.0 225.0 202.0 180.0 155.0 134.0 
113.0 90.0 68.0 47.0 29.0 3.0 -24.0 
-48.0 -75.0 -92.0 -116.0 -144.0 -158.0 -183.0 
-210.0 -227.0 -247.0 -268.0 -293.0 -318.0 -346.0 
-371.0 -399.0 -426.0 -446.0 -471.0 -498.0 -519.0 
-531.0 -539.0 -549.0 -562.0 -566.0 -560.0 -562.0 
-569.0 -570.0 -579.0 -590.0 -581.0 -567.0 -555.0 
-544.0 -531.0 -513.0 -505.0 -503.0 -497.0 -483.0 
-476.0 -468.0 -446.0 -431.0 -416.0 -397.0 -384.0 
-369.0 -356.0 -336.0 -309.0 -279.0 -247.0 -222.0 
-205.0 -184.0 -162.0 -146.0 -133.0 -122.0 -106.0 
-82.0 -64.0 -50.0 -33.0 -20.0 -13.0 -3.0 
-1.0 -5.0 6.0 10.0 12.0 27.0 30.0 
34.0 30.0 30.0 48.0 51.0 57.0 73.0 
85.0 99.0 99.0 93.0 99.0 104.0 103.0 
107.0 107.0 112.0 135.0 139.0 134.0 136.0 
128.0 130.0 140.0 136.0 137.0 137.0 121.0 
108.0 107.0 94.0 77.0 59.0 40.0 17.0 
-9.0 -13.0 -23.0 -47.0 -55.0 -66.0 -91.0 
-112.0 -125.0 -139.0 -151.0 -162.0 -178.0 -187.0 
-191.0 -209.0 -226.0 -230.0 -238.0 -252.0 -259.0 
-262.0 -272.0 -280.0 -284.0 -290.0 -293.0 -303.0 
-316.0 -326.0 -341.0 -352.0 -362.0 -381.0 -400.0 
-414.0 -431.0 -446.0 -457.0 -474.0 -486.0 -493.0 
-506.0 -516.0 -523.0 -533.0 -543.0 -550.0 -558.0 
-562.0 -563.0 -567.0 -571.0 -573.0 -583.0 -588.0 
-592.0 -596.0 -595.0 -600.0 -602.0 -596.0 -596.0 
-593.0 -586.0 -583.0 -578.0 -570.0 -564.0 -559.0 
-546.0 -534.0 -525.0 -509.0 -498.0 -488.0 -477.0 
-469.0 -456.0 -441.0 -432.0 -419.0 -402.0 -391.0 
-374.0 -357.0 -343.0 -324.0 -304.0 -289.0 -274.0 
-257.0 -242.0 -225.0 -203.0 -188.0 -172.0 -153.0 
-139.0 -124.0 -111.0 -100.0 -93.0 -89.0 -88.0 
-85.0 -81.0 -84.0 -81.0 -81.0 -87.0 -86.0 
-89.0 -97.0 -101.0 -111.0 -119.0 -128.0 -141.0 
-153.0 -164.0 -177.0 -192.0 -207.0 -224.0 -243.0 
-263.0 -287.0 -312.0 -339.0 -363.0 -385.0 -410.0 
-433.0 -453.0 -468.0 -488.0 -512.0 -524.0 -538.0 
-551.0 -557.0 -571.0 -582.0 -594.0 -610.0 -619.0 
-634.0 -650.0 -660.0 -673.0 -682.0 -688.0 -696.0 
-707.0 -719.0 -728.0 -743.0 -756.0 -764.0 -777.0 
-790.0 -802.0 -815.0 -824.0 -829.0 -834.0 -837.0 
-842.0 -845.0 -848.0 -853.0 -853.0 -853.0 -854.0 
-852.0 -851.0 -850.0 -848.0 -846.0 -843.0 -838.0 
-832.0 -826.0 -825.0 -822.0 -816.0 -813.0 -811.0 
-805.0 -803.0 -802.0 -800.0 -804.0 -804.0 -803.0 
-804.0 -802.0 -800.0 -798.0 -793.0 -788.0 -780.0 
-772.0 -764.0 -751.0 -737.0 -725.0 -710.0 -692.0 
-673.0 -653.0 -633.0 -616.0 -598.0 -581.0 -563.0 
-547.0 -528.0 -512.0 -501.0 -488.0 -479.0 -471.0 
-465.0 -462.0 -453.0 -448.0 -446.0 -439.0 -437.0 
-438.0 -434.0 -435.0 -436.0 -433.0 -434.0 -433.0 
-432.0 -434.0 -433.0 -435.0 -436.0 -437.0 -440.0 
-441.0 -445.0 -448.0 -448.0 -452.0 -458.0 -466.0 
-473.0 -480.0 -490.0 -501.0 -515.0 -529.0 -548.0 
-568.0 -585.0 -607.0 -627.0 -650.0 -673.0 -695.0 
-719.0 -741.0 -764.0 -789.0 -814.0 -835.0 -858.0 
-880.0 -903.0 -925.0 -943.0 -968.0 -994.0 -1010.0 
-1035.0 -1060.0 -1080.0 -1105.0 -1128.0 -1149.0 -1170.0 
-1191.0 -1207.0 -1222.0 -1239.0 -1251.0 -1263.0 -1273.0 
-1280.0 -1285.0 -1290.0 -1296.0 -1302.0 -1307.0 -1310.0 
-1312.0 -1315.0 -1314.0 -1314.0 -1316.0 -1313.0 -1308.0 
-1306.0 -1301.0 -1290.0 -1283.0 -1270.0 -1254.0 -1249.0 
-1241.0 -1232.0 -1222.0 -1200.0 -1188.0 -1180.0 -1162.0 
-1153.0 -1142.0 -1119.0 -1103.0 -1084.0 -1064.0 -1044.0 
-1024.0 -1003.0 -968.0 -931.0 -918.0 -900.0 -877.0 
-857.0 -827.0 -814.0 -790.0 -752.0 -729.0 -697.0 
-662.0 -640.0 -615.0 -592.0 -577.0 -553.0 -529.0 
-511.0 -491.0 -479.0 -467.0 -451.0 -443.0 -434.0 
-426.0 -424.0 -419.0 -419.0 -419.0 -412.0 -412.0 
-412.0 -412.0 -421.0 -435.0 -449.0 -458.0 -470.0 
-483.0 -489.0 -510.0 -530.0 -539.0 -559.0 -574.0 
-584.0 -604.0 -622.0 -638.0 -660.0 -677.0 -689.0 
-710.0 -728.0 -744.0 -769.0 -782.0 -802.0 -828.0 
-848.0 -875.0 -895.0 -909.0 -928.0 -947.0 -967.0 
-992.0 -1012.0 -1032.0 -1051.0 -1059.0 -1076.0 -1087.0 
-1094.0 -1110.0 -1123.0 -1138.0 -1147.0 -1160.0 -1170.0 
-1170.0 -1176.0 -1177.0 -1188.0 -1197.0 -1201.0 -1207.0 
-1209.0 -1215.0 -1222.0 -1229.0 -1230.0 -1225.0 -1224.0 
-1227.0 -1234.0 -1233.0 -1232.0 -1230.0 -1214.0 -1204.0 
-1202.0 -1200.0 -1188.0 -1173.0 -1159.0 -1133.0 -1119.0 
-1105.0 -1079.0 -1055.0 -1032.0 -1016.0 -991.0 -960.0 
-935.0 -907.0 -886.0 -859.0 -826.0 -797.0 -769.0 
-744.0 -715.0 -689.0 -663.0 -633.0 -608.0 -583.0 
-556.0 -526.0 -492.0 -470.0 -440.0 -415.0 -410.0 
-381.0 -347.0 -336.0 -319.0 -300.0 -298.0 -286.0 
-272.0 -283.0 -276.0 -261.0 -265.0 -269.0 -278.0 
-290.0 -289.0 -291.0 -307.0 -315.0 -329.0 -355.0 
-360.0 -376.0 -400.0 -407.0 -423.0 -449.0 -471.0 
-491.0 -511.0 -522.0 -544.0 -569.0 -582.0 -600.0 
-621.0 -636.0 -651.0 -671.0 -686.0 -704.0 -726.0 
-737.0 -759.0 -776.0 -780.0 -790.0 -791.0 -805.0 
-830.0 -834.0 -839.0 -860.0 -879.0 -895.0 -914.0 
-930.0 -943.0 -954.0 -958.0 -972.0 -985.0 -986.0 
-998.0 -1012.0 -1023.0 -1030.0 -1035.0 -1047.0 -1063.0 
-1071.0 -1056.0 -1039.0 -1035.0 -1031.0 -1035.0 -1048.0 
-1047.0 -1041.0 -1054.0 -1058.0 -1038.0 -1020.0 -1007.0 
-988.0 -968.0 -946.0 -935.0 -926.0 -904.0 -881.0 
-855.0 -833.0 -808.0 -783.0 -762.0 -737.0 -708.0 
-683.0 -667.0 -638.0 -615.0 -590.0 -550.0 -523.0 
-503.0 -481.0 -460.0 -442.0 -411.0 -378.0 -374.0 
-359.0 -330.0 -323.0 -303.0 -286.0 -284.0 -258.0 
-241.0 -230.0 -212.0 -210.0 -203.0 -188.0 -185.0 
-189.0 -181.0 -179.0 -186.0 -180.0 -181.0 -184.0 
-181.0 -185.0 -192.0 -203.0 -216.0 -229.0 -250.0 
-268.0 -285.0 -303.0 -323.0 -346.0 -372.0 -401.0 
-433.0 -462.0 -493.0 -529.0 -557.0 -583.0 -617.0 
-647.0 -676.0 -705.0 -729.0 -759.0 -789.0 -812.0 
-838.0 -861.0 -885.0 -907.0 -925.0 -950.0 -968.0 
-984.0 -1004.0 -1017.0 -1030.0 -1045.0 -1056.0 -1069.0 
-1078.0 -1082.0 -1090.0 -1094.0 -1097.0 -1102.0 -1103.0 
-1103.0 -1101.0 -1097.0 -1095.0 -1090.0 -1083.0 -1076.0 
-1061.0 -1045.0 -1030.0 -1009.0 -989.0 -968.0 -943.0 
-921.0 -896.0 -870.0 -845.0 -819.0 -795.0 -770.0 
-745.0 -723.0 -694.0 -665.0 -640.0 -615.0 -588.0 
-563.0 -535.0 -504.0 -475.0 -444.0 -414.0 -387.0 
-360.0 -332.0 -305.0 -281.0 -261.0 -240.0 -222.0 
-209.0 -197.0 -186.0 -179.0 -173.0 -169.0 -169.0 
-172.0 -175.0 -180.0 -186.0 -193.0 -202.0 -212.0 
-222.0 -233.0 -245.0 -256.0 -264.0 -275.0 -287.0 
-296.0 -309.0 -326.0 -341.0 -358.0 -379.0 -400.0 
-421.0 -444.0 -467.0 -488.0 -511.0 -534.0 -555.0 
-579.0 -599.0 -618.0 -640.0 -659.0 -683.0 -705.0 
-725.0 -750.0 -773.0 -794.0 -820.0 -843.0 -865.0 
-888.0 -907.0 -929.0 -949.0 -969.0 -991.0 -1009.0 
-1029.0 -1047.0 -1062.0 -1080.0 -1096.0 -1110.0 -1125.0 
-1136.0 -1150.0 -1162.0 -1172.0 -1184.0 -1193.0 -1199.0 
-1206.0 -1213.0 -1220.0 -1225.0 -1230.0 -1232.0 -1233.0 
-1235.0 -1235.0 -1233.0 -1233.0 -1230.0 -1230.0 -1224.0 
-1217.0 -1218.0 -1214.0 -1207.0 -1202.0 -1191.0 -1180.0 
-1168.0 -1156.0 -1143.0 -1126.0 -1110.0 -1092.0 -1071.0 
-1051.0 -1031.0 -1007.0 -985.0 -960.0 -934.0 -914.0 
-889.0 -862.0 -839.0 -809.0 -782.0 -756.0 -728.0 
-701.0 -672.0 -646.0 -619.0 -593.0 -569.0 -544.0 
-523.0 -500.0 -479.0 -460.0 -442.0 -428.0 -412.0 
-398.0 -388.0 -376.0 -367.0 -362.0 -357.0 -356.0 
-359.0 -356.0 -356.0 -360.0 -359.0 -362.0 -367.0 
-370.0 -375.0 -380.0 -384.0 -389.0 -394.0 -398.0 
-404.0 -412.0 -417.0 -424.0 -439.0 -452.0 -464.0 
-484.0 -502.0 -518.0 -540.0 -558.0 -580.0 -605.0 
-630.0 -658.0 -685.0 -714.0 -744.0 -774.0 -803.0 
-831.0 -861.0 -888.0 -914.0 -943.0 -968.0 -995.0 
-1022.0 -1046.0 -1074.0 -1096.0 -1116.0 -1141.0 -1163.0 
-1184.0 -1202.0 -1218.0 -1237.0 -1254.0 -1266.0 -1280.0 
-1292.0 -1300.0 -1310.0 -1318.0 -1326.0 -1331.0 -1334.0 
-1342.0 -1346.0 -1348.0 -1353.0 -1351.0 -1350.0 -1350.0 
-1346.0 -1341.0 -1337.0 -1329.0 -1321.0 -1311.0 -1300.0 
-1289.0 -1274.0 -1259.0 -1243.0 -1225.0 -1209.0 -1193.0 
-1176.0 -1159.0 -1142.0 -1122.0 -1105.0 -1086.0 -1065.0 
-1046.0 -1024.0 -999.0 -978.0 -955.0 -932.0 -907.0 
-884.0 -860.0 -836.0 -816.0 -796.0 -777.0 -758.0 
-737.0 -722.0 -706.0 -689.0 -678.0 -663.0 -650.0 
-639.0 -628.0 -619.0 -609.0 -600.0 -591.0 -581.0 
-575.0 -571.0 -567.0 -563.0 -557.0 -556.0 -555.0 
-551.0 -553.0 -551.0 -549.0 -553.0 -552.0 -552.0 
-554.0 -554.0 -558.0 -559.0 -557.0 -561.0 -564.0 
-564.0 -571.0 -575.0 -580.0 -585.0 -585.0 -591.0 
-599.0 -607.0 -617.0 -626.0 -636.0 -647.0 -660.0 
-674.0 -687.0 -699.0 -716.0 -733.0 -749.0 -768.0 
-790.0 -813.0 -835.0 -860.0 -885.0 -910.0 -934.0 
-959.0 -983.0 -1005.0 -1033.0 -1058.0 -1078.0 -1100.0 
-1122.0 -1146.0 -1167.0 -1186.0 -1209.0 -1229.0 -1247.0 
-1264.0 -1278.0 -1291.0 -1307.0 -1321.0 -1331.0 -1340.0 
-1350.0 -1360.0 -1363.0 -1363.0 -1362.0 -1359.0 -1353.0 
-1341.0 -1330.0 -1319.0 -1307.0 -1292.0 -1270.0 -1262.0 
-1246.0 -1210.0 -1187.0 -1148.0 -1116.0 -1087.0 -1058.0 
-1040.0 -997.0 -985.0 -976.0 -937.0 -898.0 -868.0 
-845.0 -817.0 -807.0 -762.0 -726.0 -720.0 -681.0 
-658.0 -650.0 -614.0 -574.0 -569.0 -563.0 -547.0 
-522.0 -490.0 -486.0 -482.0 -457.0 -439.0 -417.0 
-393.0 -382.0 -371.0 -372.0 -362.0 -349.0 -357.0 
-346.0 -347.0 -344.0 -334.0 -345.0 -334.0 -340.0 
-359.0 -351.0 -353.0 -371.0 -378.0 -378.0 -401.0 
-404.0 -407.0 -444.0 -437.0 -429.0 -457.0 -458.0 
-461.0 -464.0 -473.0 -470.0 -447.0 -463.0 -465.0 
-465.0 -476.0 -477.0 -481.0 -481.0 -487.0 -495.0 
-496.0 -497.0 -510.0 -520.0 -524.0 -530.0 -544.0 
-557.0 -557.0 -562.0 -570.0 -577.0 -602.0 -613.0 
-609.0 -628.0 -648.0 -655.0 -659.0 -666.0 -665.0 
-666.0 -678.0 -682.0 -685.0 -685.0 -683.0 -687.0 
-682.0 -678.0 -678.0 -668.0 -670.0 -678.0 -689.0 
-689.0 -680.0 -689.0 -686.0 -680.0 -695.0 -693.0 
-675.0 -676.0 -677.0 -671.0 -677.0 -673.0 -668.0 
-669.0 -660.0 -663.0 -663.0 -654.0 -657.0 -646.0 
-635.0 -635.0 -626.0 -618.0 -603.0 -592.0 -585.0 
-572.0 -562.0 -544.0 -531.0 -523.0 -501.0 -486.0 
-472.0 -458.0 -442.0 -428.0 -419.0 -397.0 -381.0 
-368.0 -357.0 -348.0 -330.0 -326.0 -312.0 -295.0 
-286.0 -266.0 -256.0 -244.0 -230.0 -223.0 -206.0 
-195.0 -184.0 -167.0 -155.0 -146.0 -140.0 -129.0 
-124.0 -120.0 -111.0 -107.0 -102.0 -99.0 -94.0 
-88.0 -90.0 -92.0 -86.0 -80.0 -79.0 -75.0 
-69.0 -78.0 -84.0 -77.0 -89.0 -96.0 -99.0 
-116.0 -123.0 -129.0 -145.0 -157.0 -164.0 -179.0 
-194.0 -223.0 -243.0 -250.0 -272.0 -285.0 -305.0 
-329.0 -339.0 -362.0 -389.0 -394.0 -406.0 -433.0 
-434.0 -436.0 -457.0 -470.0 -472.0 -488.0 -492.0 
-490.0 -520.0 -514.0 -523.0 -556.0 -552.0 -552.0 
-544.0 -556.0 -570.0 -577.0 -600.0 -603.0 -615.0 
-626.0 -615.0 -648.0 -649.0 -626.0 -658.0 -642.0 
-637.0 -658.0 -642.0 -647.0 -638.0 -623.0 -617.0 
-595.0 -575.0 -563.0 -552.0 -540.0 -529.0 -506.0 
-488.0 -474.0 -444.0 -430.0 -415.0 -391.0 -381.0 
-361.0 -336.0 -341.0 -327.0 -298.0 -296.0 -277.0 
-261.0 -255.0 -226.0 -217.0 -211.0 -188.0 -183.0 
-187.0 -166.0 -130.0 -124.0 -105.0 -74.0 -67.0 
-60.0 -45.0 -29.0 -8.0 5.0 12.0 25.0 
39.0 61.0 74.0 77.0 99.0 102.0 115.0 
150.0 148.0 159.0 176.0 170.0 190.0 191.0 
200.0 231.0 208.0 197.0 227.0 229.0 213.0 
217.0 228.0 241.0 254.0 253.0 261.0 260.0 
240.0 245.0 240.0 229.0 237.0 228.0 226.0 
222.0 206.0 195.0 179.0 165.0 138.0 116.0 
96.0 63.0 44.0 23.0 2.0 -27.0 -58.0 
-85.0 -125.0 -152.0 -176.0 -201.0 -215.0 -241.0 
-275.0 -289.0 -301.0 -320.0 -323.0 -337.0 -343.0 
-346.0 -361.0 -363.0 -372.0 -362.0 -356.0 -362.0 
-354.0 -358.0 -356.0 -352.0 -351.0 -344.0 -347.0 
-341.0 -331.0 -328.0 -323.0 -303.0 -281.0 -294.0 
-281.0 -249.0 -250.0 -227.0 -210.0 -190.0 -150.0 
-136.0 -105.0 -84.0 -75.0 -54.0 -62.0 -40.0 
-9.0 -15.0 1.0 29.0 26.0 40.0 62.0 
66.0 79.0 85.0 99.0 118.0 118.0 123.0 
144.0 156.0 149.0 159.0 176.0 162.0 161.0 
173.0 176.0 187.0 181.0 175.0 180.0 170.0 
172.0 165.0 153.0 161.0 144.0 136.0 140.0 
117.0 117.0 117.0 87.0 79.0 81.0 62.0 
47.0 39.0 34.0 25.0 10.0 8.0 1.0 
-18.0 -25.0 -28.0 -45.0 -54.0 -54.0 -67.0 
-70.0 -75.0 -85.0 -81.0 -85.0 -77.0 -87.0 
-108.0 -87.0 -85.0 -91.0 -86.0 -89.0 -84.0 
-90.0 -94.0 -98.0 -111.0 -94.0 -89.0 -109.0 
-104.0 -95.0 -95.0 -92.0 -94.0 -97.0 -104.0 
-116.0 -115.0 -115.0 -117.0 -111.0 -112.0 -99.0 
-78.0 -90.0 -91.0 -88.0 -91.0 -74.0 -70.0 
-70.0 -66.0 -63.0 -64.0 -64.0 -55.0 -56.0 
-49.0 -43.0 -46.0 -40.0 -45.0 -54.0 -56.0 
-59.0 -69.0 -77.0 -71.0 -61.0 -63.0 -76.0 
-66.0 -53.0 -60.0 -57.0 -50.0 -62.0 -61.0 
-51.0 -70.0 -69.0 -68.0 -65.0 -32.0 -28.0 
-19.0 -13.0 -22.0 -5.0 -1.0 -20.0 -18.0 
-14.0 -19.0 -12.0 -23.0 -30.0 -13.0 -11.0 
-11.0 -3.0 -10.0 -29.0 -26.0 -23.0 -42.0 
-42.0 -49.0 -66.0 -70.0 -87.0 -95.0 -97.0 
-101.0 -106.0 -114.0 -118.0 -131.0 -124.0 -134.0 
-159.0 -137.0 -136.0 -151.0 -138.0 -145.0 -145.0 
-131.0 -152.0 -160.0 -138.0 -152.0 -180.0 -168.0 
-173.0 -194.0 -178.0 -176.0 -181.0 -192.0 -216.0 
-216.0 -220.0 -228.0 -230.0 -229.0 -228.0 -232.0 
-234.0 -224.0 -216.0 -241.0 -246.0 -217.0 -213.0 
-216.0 -205.0 -197.0 -193.0 -185.0 -171.0 -162.0 
-161.0 -156.0 -141.0 -129.0 -118.0 -108.0 -99.0 
-81.0 -70.0 -54.0 -36.0 -39.0 -36.0 -15.0 
-1.0 3.0 10.0 25.0 39.0 46.0 52.0 
53.0 52.0 65.0 69.0 52.0 46.0 58.0 
54.0 45.0 49.0 51.0 61.0 72.0 53.0 
54.0 75.0 84.0 103.0 102.0 82.0 88.0 
108.0 115.0 124.0 132.0 141.0 145.0 133.0 
131.0 142.0 152.0 141.0 134.0 122.0 102.0 
119.0 107.0 93.0 96.0 62.0 32.0 23.0 
29.0 13.0 5.0 9.0 -6.0 4.0 7.0 
-17.0 -24.0 -16.0 -32.0 -43.0 -44.0 -59.0 
-62.0 -67.0 -75.0 -83.0 -85.0 -89.0 -99.0 
-113.0 -134.0 -118.0 -118.0 -103.0 -79.0 -96.0 
-82.0 -79.0 -91.0 -85.0 -89.0 -101.0 -89.0 
-87.0 -103.0 -84.0 -71.0 -61.0 -60.0 -71.0 
-82.0 -98.0 -90.0 -91.0 -94.0 -90.0 -95.0 
-90.0 -93.0 -101.0 -99.0 -111.0 -119.0 -123.0 
-125.0 -125.0 -135.0 -124.0 -112.0 -119.0 -126.0 
-136.0 -134.0 -124.0 -111.0 -91.0 -98.0 -117.0 
-89.0 -62.0 -71.0 -62.0 -46.0 -47.0 -33.0 
-16.0 -22.0 -18.0 -25.0 -29.0 -7.0 -6.0 
-3.0 5.0 4.0 11.0 21.0 37.0 32.0 
35.0 63.0 75.0 103.0 125.0 152.0 172.0 
182.0 215.0 211.0 228.0 257.0 266.0 293.0 
318.0 339.0 339.0 374.0 401.0 383.0 409.0 
425.0 435.0 459.0 477.0 497.0 512.0 547.0 
556.0 568.0 551.0 528.0 585.0 601.0 613.0 
633.0 621.0 642.0 625.0 606.0 632.0 640.0 
668.0 677.0 664.0 660.0 636.0 636.0 616.0 
607.0 625.0 602.0 592.0 586.0 582.0 568.0 
535.0 519.0 479.0 442.0 436.0 416.0 386.0 
360.0 338.0 321.0 275.0 218.0 206.0 192.0 
154.0 122.0 87.0 46.0 27.0 16.0 -5.0 
-29.0 -59.0 -95.0 -122.0 -132.0 -149.0 -156.0 
-152.0 -178.0 -198.0 -216.0 -244.0 -247.0 -260.0 
-276.0 -275.0 -292.0 -292.0 -286.0 -309.0 -315.0 
-318.0 -321.0 -308.0 -308.0 -303.0 -298.0 -301.0 
-304.0 -286.0 -253.0 -252.0 -250.0 -228.0 -227.0 
-218.0 -179.0 -151.0 -134.0 -94.0 -60.0 -31.0 
0.0 25.0 63.0 96.0 126.0 167.0 211.0 
254.0 282.0 309.0 353.0 398.0 439.0 471.0 
499.0 538.0 571.0 589.0 615.0 643.0 666.0 
690.0 711.0 729.0 734.0 751.0 786.0 800.0 
807.0 809.0 821.0 853.0 858.0 854.0 873.0 
891.0 883.0 876.0 881.0 869.0 862.0 869.0 
868.0 848.0 830.0 813.0 790.0 769.0 754.0 
743.0 714.0 676.0 670.0 655.0 617.0 604.0 
587.0 563.0 543.0 532.0 510.0 477.0 456.0 
436.0 430.0 422.0 395.0 363.0 345.0 333.0 
308.0 280.0 251.0 226.0 213.0 194.0 161.0 
141.0 108.0 77.0 78.0 59.0 30.0 17.0 
1.0 -11.0 -31.0 -50.0 -58.0 -65.0 -68.0 
-86.0 -108.0 -122.0 -140.0 -131.0 -142.0 -173.0 
-153.0 -165.0 -193.0 -185.0 -198.0 -214.0 -224.0 
-231.0 -228.0 -236.0 -253.0 -241.0 -226.0 -260.0 
-275.0 -268.0 -283.0 -266.0 -253.0 -252.0 -221.0 
-212.0 -209.0 -195.0 -193.0 -181.0 -146.0 -113.0 
-113.0 -87.0 -39.0 -34.0 -12.0 28.0 43.0 
66.0 87.0 125.0 180.0 199.0 219.0 247.0 
283.0 321.0 330.0 361.0 408.0 433.0 474.0 
513.0 523.0 536.0 553.0 567.0 575.0 577.0 
599.0 612.0 613.0 622.0 610.0 617.0 638.0 
624.0 608.0 608.0 604.0 604.0 608.0 584.0 
567.0 557.0 530.0 515.0 501.0 480.0 471.0 
460.0 435.0 419.0 397.0 380.0 375.0 340.0 
303.0 300.0 289.0 255.0 234.0 217.0 199.0 
186.0 167.0 149.0 136.0 119.0 104.0 91.0 
79.0 83.0 81.0 65.0 49.0 24.0 3.0 
-1.0 -21.0 -29.0 -36.0 -57.0 -67.0 -89.0 
-107.0 -108.0 -121.0 -139.0 -143.0 -158.0 -177.0 
-181.0 -190.0 -185.0 -184.0 -197.0 -196.0 -190.0 
-195.0 -204.0 -194.0 -193.0 -205.0 -209.0 -204.0 
-211.0 -215.0 -205.0 -205.0 -210.0 -218.0 -216.0 
-208.0 -212.0 -208.0 -206.0 -214.0 -215.0 -208.0 
-195.0 -182.0 -170.0 -157.0 -158.0 -156.0 -135.0 
-123.0 -125.0 -116.0 -111.0 -103.0 -77.0 -64.0 
-54.0 -40.0 -26.0 4.0 28.0 32.0 38.0 
55.0 60.0 70.0 89.0 89.0 88.0 108.0 
113.0 94.0 93.0 87.0 88.0 99.0 82.0 
74.0 60.0 38.0 30.0 23.0 23.0 11.0 
0.0 -13.0 -33.0 -34.0 -47.0 -74.0 -88.0 
-86.0 -92.0 -117.0 -132.0 -130.0 -153.0 -159.0 
-152.0 -162.0 -144.0 -144.0 -160.0 -158.0 -164.0 
-187.0 -188.0 -180.0 -219.0 -218.0 -215.0 -242.0 
-230.0 -246.0 -274.0 -258.0 -265.0 -301.0 -310.0 
-320.0 -338.0 -331.0 -327.0 -346.0 -357.0 -355.0 
-340.0 -331.0 -343.0 -333.0 -336.0 -348.0 -346.0 
-352.0 -321.0 -308.0 -316.0 -296.0 -297.0 -279.0 
-265.0 -281.0 -252.0 -234.0 -226.0 -211.0 -198.0 
-169.0 -162.0 -159.0 -147.0 -134.0 -117.0 -102.0 
-90.0 -65.0 -43.0 -40.0 -36.0 -18.0 5.0 
7.0 19.0 23.0 21.0 50.0 63.0 68.0 
72.0 62.0 73.0 75.0 55.0 66.0 69.0 
50.0 56.0 55.0 36.0 30.0 33.0 22.0 
11.0 4.0 -8.0 -23.0 -33.0 -26.0 -11.0 
-26.0 -48.0 -34.0 -46.0 -71.0 -78.0 -101.0 
-118.0 -134.0 -153.0 -164.0 -185.0 -203.0 -214.0 
-240.0 -264.0 -291.0 -300.0 -295.0 -315.0 -327.0 
-334.0 -338.0 -336.0 -338.0 -323.0 -321.0 -332.0 
-324.0 -310.0 -307.0 -309.0 -305.0 -285.0 -278.0 
-287.0 -282.0 -266.0 -263.0 -262.0 -253.0 -247.0 
-226.0 -217.0 -220.0 -223.0 -230.0 -226.0 -222.0 
-211.0 -216.0 -223.0 -223.0 -235.0 -229.0 -233.0 
-239.0 -223.0 -227.0 -231.0 -220.0 -228.0 -222.0 
-207.0 -216.0 -206.0 -185.0 -197.0 -185.0 -150.0 
-146.0 -145.0 -147.0 -142.0 -136.0 -145.0 -141.0 
-133.0 -134.0 -137.0 -138.0 -132.0 -124.0 -114.0 
-114.0 -123.0 -121.0 -116.0 -120.0 -110.0 -103.0 
-117.0 -105.0 -98.0 -115.0 -102.0 -103.0 -119.0 
-111.0 -119.0 -125.0 -110.0 -125.0 -139.0 -140.0 
-158.0 -167.0 -172.0 -192.0 -209.0 -203.0 -210.0 
-221.0 -212.0 -221.0 -230.0 -231.0 -246.0 -253.0 
-260.0 -270.0 -268.0 -286.0 -305.0 -302.0 -314.0 
-330.0 -342.0 -353.0 -358.0 -360.0 -372.0 -399.0 
-412.0 -404.0 -441.0 -457.0 -429.0 -480.0 -490.0 
-464.0 -498.0 -531.0 -564.0 -559.0 -573.0 -579.0 
-554.0 -617.0 -618.0 -601.0 -662.0 -670.0 -679.0 
-665.0 -644.0 -652.0 -645.0 -652.0 -659.0 -688.0 
-698.0 -654.0 -632.0 -628.0 -598.0 -555.0 -539.0 
-530.0 -496.0 -460.0 -449.0 -492.0 -505.0 -436.0 
-417.0 -410.0 -386.0 -337.0 -288.0 -342.0 -340.0 
-296.0 -324.0 -331.0 -311.0 -284.0 -244.0 -220.0 
-214.0 -212.0 -255.0 -289.0 -269.0 -213.0 -145.0 
-155.0 -186.0 -162.0 -198.0 -227.0 -157.0 -119.0 
-185.0 -270.0 -210.0 -143.0 -163.0 -68.0 -6.0 
-75.0 -102.0 -136.0 -179.0 -183.0 -108.0 -2.0 
-46.0 -27.0 9.0 -116.0 -124.0 -82.0 -21.0 
40.0 -37.0 1.0 48.0 12.0 4.0 -33.0 
-11.0 -28.0 -63.0 31.0 75.0 3.0 14.0 
49.0 19.0 25.0 51.0 3.0 -29.0 37.0 
24.0 18.0 50.0 9.0 -35.0 -99.0 -65.0 
-63.0 -91.0 -41.0 -129.0 -109.0 -81.0 -170.0 
-157.0 -222.0 -277.0 -319.0 -354.0 -302.0 -335.0 
-297.0 -272.0 -361.0 -358.0 -412.0 -458.0 -446.0 
-502.0 -458.0 -405.0 -454.0 -498.0 -556.0 -612.0 
-590.0 -569.0 -569.0 -548.0 -561.0 -556.0 -587.0 
-604.0 -544.0 -580.0 -591.0 -608.0 -644.0 -581.0 
-556.0 -524.0 -522.0 -537.0 -581.0 -636.0 -577.0 
-598.0 -601.0 -573.0 -603.0 -550.0 -533.0 -534.0 
-497.0 -503.0 -475.0 -456.0 -497.0 -493.0 -471.0 
-462.0 -467.0 -467.0 -389.0 -380.0 -424.0 -401.0 
-396.0 -349.0 -295.0 -275.0 -297.0 -330.0 -300.0 
-311.0 -298.0 -253.0 -259.0 -251.0 -231.0 -203.0 
-165.0 -196.0 -251.0 -218.0 -180.0 -150.0 -114.0 
-116.0 -99.0 -96.0 -121.0 -116.0 -109.0 -115.0 
-125.0 -130.0 -112.0 -89.0 -70.0 -59.0 -38.0 
-45.0 -93.0 -112.0 -125.0 -127.0 -113.0 -128.0 
-124.0 -126.0 -192.0 -194.0 -164.0 -213.0 -223.0 
-211.0 -223.0 -224.0 -233.0 -246.0 -302.0 -329.0 
-294.0 -304.0 -321.0 -328.0 -325.0 -308.0 -323.0 
-323.0 -341.0 -393.0 -388.0 -399.0 -397.0 -394.0 
-459.0 -485.0 -482.0 -460.0 -463.0 -495.0 -484.0 
-507.0 -519.0 -521.0 -569.0 -571.0 -578.0 -615.0 
-622.0 -624.0 -629.0 -629.0 -606.0 -585.0 -603.0 
-602.0 -564.0 -555.0 -569.0 -541.0 -543.0 -555.0 
-522.0 -503.0 -479.0 -461.0 -446.0 -440.0 -423.0 
-399.0 -380.0 -363.0 -380.0 -363.0 -354.0 -365.0 
-297.0 -268.0 -297.0 -266.0 -233.0 -236.0 -227.0 
-211.0 -217.0 -226.0 -218.0 -235.0 -210.0 -192.0 
-208.0 -168.0 -168.0 -184.0 -176.0 -172.0 -147.0 
-150.0 -148.0 -143.0 -162.0 -145.0 -136.0 -145.0 
-149.0 -159.0 -150.0 -151.0 -161.0 -169.0 -176.0 
-172.0 -179.0 -192.0 -206.0 -209.0 -226.0 -251.0 
-254.0 -265.0 -272.0 -292.0 -292.0 -288.0 -337.0 
-360.0 -373.0 -410.0 -404.0 -409.0 -446.0 -454.0 
-492.0 -543.0 -557.0 -582.0 -597.0 -597.0 -613.0 
-630.0 -662.0 -701.0 -707.0 -717.0 -765.0 -798.0 
-809.0 -830.0 -846.0 -857.0 -870.0 -889.0 -910.0 
-900.0 -919.0 -948.0 -938.0 -962.0 -964.0 -965.0 
-1001.0 -997.0 -1015.0 -1039.0 -1030.0 -1023.0 -1018.0 
-1002.0 -1000.0 -1019.0 -1005.0 -995.0 -1014.0 -999.0 
-974.0 -982.0 -993.0 -995.0 -1002.0 -1008.0 -996.0 
-969.0 -967.0 -940.0 -885.0 -892.0 -879.0 -846.0 
-853.0 -840.0 -840.0 -815.0 -749.0 -727.0 -693.0 
-674.0 -674.0 -608.0 -558.0 -550.0 -509.0 -466.0 
-445.0 -422.0 -413.0 -406.0 -374.0 -357.0 -349.0 
-307.0 -294.0 -268.0 -226.0 -247.0 -228.0 -194.0 
-214.0 -171.0 -134.0 -156.0 -141.0 -123.0 -165.0 
-184.0 -145.0 -157.0 -136.0 -106.0 -135.0 -127.0 
-115.0 -128.0 -152.0 -169.0 -186.0 -200.0 -217.0 
-252.0 -269.0 -275.0 -301.0 -319.0 -322.0 -352.0 
-383.0 -405.0 -440.0 -466.0 -491.0 -522.0 -557.0 
-601.0 -632.0 -662.0 -680.0 -705.0 -758.0 -794.0 
-821.0 -828.0 -852.0 -890.0 -875.0 -883.0 -927.0 
-935.0 -962.0 -981.0 -970.0 -1000.0 -1036.0 -1062.0 
-1080.0 -1082.0 -1063.0 -1023.0 -1015.0 -1014.0 -1017.0 
-1039.0 -1039.0 -1031.0 -1014.0 -1004.0 -1008.0 -992.0 
-966.0 -947.0 -941.0 -917.0 -889.0 -880.0 -863.0 
-840.0 -808.0 -784.0 -767.0 -746.0 -730.0 -718.0 
-692.0 -664.0 -644.0 -616.0 -615.0 -614.0 -588.0 
-573.0 -572.0 -556.0 -511.0 -490.0 -477.0 -444.0 
-432.0 -411.0 -387.0 -377.0 -348.0 -340.0 -320.0 
-296.0 -296.0 -267.0 -259.0 -256.0 -236.0 -224.0 
-200.0 -158.0 -133.0 -121.0 -112.0 -109.0 -96.0 
-94.0 -77.0 -51.0 -54.0 -73.0 -79.0 -83.0 
-102.0 -103.0 -116.0 -149.0 -168.0 -191.0 -213.0 
-237.0 -283.0 -306.0 -328.0 -366.0 -386.0 -422.0 
-464.0 -484.0 -514.0 -552.0 -585.0 -617.0 -654.0 
-702.0 -729.0 -757.0 -807.0 -838.0 -856.0 -895.0 
-929.0 -946.0 -981.0 -1006.0 -1022.0 -1050.0 -1060.0 
-1067.0 -1084.0 -1108.0 -1122.0 -1143.0 -1166.0 -1170.0 
-1189.0 -1193.0 -1189.0 -1190.0 -1198.0 -1218.0 -1217.0 
-1228.0 -1232.0 -1232.0 -1244.0 -1238.0 -1245.0 -1249.0 
-1253.0 -1250.0 -1241.0 -1241.0 -1211.0 -1209.0 -1212.0 
-1188.0 -1194.0 -1173.0 -1154.0 -1164.0 -1127.0 -1104.0 
-1103.0 -1083.0 -1063.0 -1038.0 -1030.0 -1009.0 -973.0 
-954.0 -931.0 -906.0 -884.0 -850.0 -816.0 -792.0 
-756.0 -731.0 -715.0 -698.0 -676.0 -649.0 -639.0 
-610.0 -589.0 -594.0 -567.0 -554.0 -564.0 -548.0 
-523.0 -496.0 -463.0 -428.0 -414.0 -440.0 -443.0 
-431.0 -455.0 -456.0 -435.0 -450.0 -457.0 -444.0 
-454.0 -470.0 -489.0 -484.0 -495.0 -525.0 -520.0 
-516.0 -532.0 -552.0 -568.0 -582.0 -593.0 -595.0 
-600.0 -626.0 -658.0 -672.0 -685.0 -703.0 -724.0 
-746.0 -765.0 -786.0 -813.0 -839.0 -862.0 -892.0 
-919.0 -931.0 -951.0 -969.0 -973.0 -993.0 -1023.0 
-1040.0 -1055.0 -1075.0 -1105.0 -1140.0 -1156.0 -1181.0 
-1210.0 -1235.0 -1277.0 -1315.0 -1332.0 -1349.0 -1376.0 
-1394.0 -1409.0 -1430.0 -1446.0 -1461.0 -1469.0 -1497.0 
-1523.0 -1512.0 -1512.0 -1518.0 -1527.0 -1537.0 -1534.0 
-1545.0 -1542.0 -1524.0 -1512.0 -1509.0 -1515.0 -1500.0 
-1484.0 -1469.0 -1448.0 -1442.0 -1418.0 -1385.0 -1360.0 
-1338.0 -1311.0 -1276.0 -1260.0 -1235.0 -1205.0 -1184.0 
-1153.0 -1134.0 -1114.0 -1084.0 -1064.0 -1035.0 -1000.0 
-967.0 -932.0 -904.0 -887.0 -868.0 -834.0 -804.0 
-788.0 -771.0 -743.0 -725.0 -710.0 -684.0 -668.0 
-647.0 -625.0 -612.0 -585.0 -566.0 -552.0 -535.0 
-527.0 -511.0 -492.0 -472.0 -455.0 -445.0 -446.0 
-452.0 -449.0 -451.0 -452.0 -450.0 -453.0 -461.0 
-479.0 -494.0 -497.0 -496.0 -499.0 -503.0 -508.0 
-521.0 -530.0 -549.0 -571.0 -575.0 -581.0 -586.0 
-603.0 -627.0 -640.0 -662.0 -681.0 -685.0 -693.0 
-708.0 -728.0 -756.0 -780.0 -798.0 -819.0 -833.0 
-852.0 -878.0 -905.0 -928.0 -950.0 -967.0 -989.0 
-1019.0 -1040.0 -1071.0 -1091.0 -1102.0 -1131.0 -1155.0 
-1171.0 -1197.0 -1228.0 -1251.0 -1275.0 -1301.0 -1331.0 
-1356.0 -1382.0 -1418.0 -1438.0 -1463.0 -1483.0 -1496.0 
-1529.0 -1550.0 -1563.0 -1578.0 -1596.0 -1606.0 -1610.0 
-1635.0 -1646.0 -1635.0 -1642.0 -1660.0 -1671.0 -1678.0 
-1670.0 -1658.0 -1658.0 -1651.0 -1644.0 -1635.0 -1620.0 
-1598.0 -1579.0 -1560.0 -1535.0 -1520.0 -1512.0 -1496.0 
-1465.0 -1443.0 -1415.0 -1390.0 -1372.0 -1337.0 -1321.0 
-1300.0 -1270.0 -1252.0 -1227.0 -1200.0 -1174.0 -1145.0 
-1104.0 -1065.0 -1050.0 -1022.0 -990.0 -971.0 -946.0 
-915.0 -879.0 -849.0 -819.0 -788.0 -767.0 -735.0 
-706.0 -686.0 -648.0 -624.0 -606.0 -580.0 -569.0 
-552.0 -534.0 -521.0 -509.0 -493.0 -473.0 -455.0 
-444.0 -442.0 -441.0 -454.0 -466.0 -466.0 -477.0 
-477.0 -479.0 -501.0 -509.0 -523.0 -548.0 -560.0 
-578.0 -586.0 -595.0 -621.0 -640.0 -659.0 -678.0 
-692.0 -705.0 -732.0 -765.0 -787.0 -810.0 -826.0 
-846.0 -864.0 -877.0 -920.0 -949.0 -962.0 -999.0 
-1027.0 -1051.0 -1087.0 -1104.0 -1104.0 -1113.0 -1146.0 
-1172.0 -1165.0 -1174.0 -1187.0 -1196.0 -1221.0 -1232.0 
-1225.0 -1223.0 -1236.0 -1263.0 -1294.0 -1299.0 -1319.0 
-1353.0 -1356.0 -1367.0 -1394.0 -1407.0 -1420.0 -1425.0 
-1433.0 -1449.0 -1442.0 -1437.0 -1442.0 -1433.0 -1445.0 
-1450.0 -1426.0 -1428.0 -1448.0 -1435.0 -1424.0 -1439.0 
-1429.0 -1410.0 -1420.0 -1418.0 -1401.0 -1383.0 -1358.0 
-1360.0 -1371.0 -1361.0 -1357.0 -1350.0 -1318.0 -1307.0 
-1302.0 -1256.0 -1244.0 -1231.0 -1195.0 -1200.0 -1178.0 
-1154.0 -1136.0 -1066.0 -1027.0 -1035.0 -1001.0 -964.0 
-927.0 -873.0 -855.0 -832.0 -784.0 -765.0 -763.0 
-713.0 -667.0 -661.0 -635.0 -609.0 -584.0 -554.0 
-528.0 -493.0 -474.0 -465.0 -457.0 -429.0 -394.0 
-392.0 -375.0 -350.0 -345.0 -327.0 -329.0 -328.0 
-312.0 -314.0 -310.0 -309.0 -316.0 -315.0 -314.0 
-325.0 -316.0 -304.0 -313.0 -306.0 -297.0 -304.0 
-322.0 -337.0 -336.0 -344.0 -360.0 -375.0 -404.0 
-427.0 -433.0 -447.0 -451.0 -468.0 -496.0 -486.0 
-496.0 -525.0 -535.0 -569.0 -588.0 -588.0 -616.0 
-627.0 -645.0 -682.0 -709.0 -751.0 -773.0 -770.0 
-785.0 -817.0 -836.0 -848.0 -853.0 -854.0 -871.0 
-880.0 -876.0 -885.0 -899.0 -911.0 -902.0 -898.0 
-913.0 -928.0 -928.0 -920.0 -940.0 -938.0 -931.0 
-937.0 -921.0 -918.0 -955.0 -962.0 -939.0 -934.0 
-931.0 -934.0 -935.0 -940.0 -922.0 -905.0 -918.0 
-910.0 -898.0 -899.0 -906.0 -913.0 -899.0 -880.0 
-873.0 -874.0 -874.0 -867.0 -852.0 -849.0 -850.0 
-825.0 -817.0 -827.0 -813.0 -792.0 -771.0 -765.0 
-761.0 -744.0 -743.0 -726.0 -705.0 -698.0 -671.0 
-657.0 -649.0 -625.0 -618.0 -619.0 -606.0 -593.0 
-582.0 -568.0 -550.0 -544.0 -539.0 -512.0 -498.0 
-490.0 -480.0 -473.0 -466.0 -452.0 -436.0 -425.0 
-411.0 -409.0 -405.0 -394.0 -383.0 -374.0 -375.0 
-358.0 -341.0 -330.0 -317.0 -324.0 -330.0 -328.0 
-326.0 -318.0 -315.0 -317.0 -317.0 -320.0 -325.0 
-322.0 -327.0 -337.0 -345.0 -362.0 -364.0 -364.0 
-378.0 -392.0 -397.0 -386.0 -389.0 -408.0 -420.0 
-431.0 -441.0 -443.0 -444.0 -447.0 -449.0 -456.0 
-464.0 -476.0 -496.0 -498.0 -487.0 -496.0 -503.0 
-506.0 -512.0 -514.0 -519.0 -531.0 -539.0 -543.0 
-556.0 -558.0 -558.0 -558.0 -552.0 -558.0 -575.0 
-580.0 -587.0 -602.0 -597.0 -599.0 -605.0 -615.0 
-630.0 -637.0 -649.0 -649.0 -644.0 -642.0 -643.0 
-651.0 -643.0 -638.0 -637.0 -634.0 -638.0 -634.0 
-635.0 -626.0 -616.0 -615.0 -606.0 -604.0 -601.0 
-603.0 -612.0 -609.0 -613.0 -615.0 -606.0 -594.0 
-585.0 -592.0 -593.0 -587.0 -583.0 -573.0 -566.0 
-563.0 -567.0 -571.0 -564.0 -563.0 -567.0 -569.0 
-573.0 -573.0 -567.0 -567.0 -573.0 -568.0 -563.0 
-563.0 -549.0 -534.0 -527.0 -511.0 -494.0 -477.0 
-470.0 -472.0 -464.0 -458.0 -454.0 -453.0 -454.0 
-452.0 -450.0 -449.0 -448.0 -434.0 -414.0 -409.0 
-408.0 -388.0 -363.0 -356.0 -347.0 -343.0 -343.0 
-321.0 -304.0 -299.0 -293.0 -284.0 -281.0 -273.0 
-265.0 -268.0 -263.0 -261.0 -263.0 -264.0 -272.0 
-270.0 -273.0 -285.0 -292.0 -292.0 -304.0 -322.0 
-332.0 -342.0 -348.0 -355.0 -365.0 -366.0 -380.0 
-394.0 -395.0 -410.0 -423.0 -419.0 -428.0 -441.0 
-448.0 -458.0 -466.0 -474.0 -480.0 -489.0 -501.0 
-506.0 -511.0 -522.0 -527.0 -526.0 -530.0 -536.0 
-539.0 -546.0 -553.0 -559.0 -563.0 -565.0 -568.0 
-572.0 -580.0 -590.0 -590.0 -596.0 -604.0 -599.0 
-607.0 -616.0 -616.0 -623.0 -628.0 -627.0 -629.0 
-630.0 -635.0 -646.0 -647.0 -660.0 -679.0 -689.0 
-704.0 -710.0 -713.0 -713.0 -716.0 -726.0 -727.0 
-725.0 -729.0 -732.0 -731.0 -733.0 -729.0 -722.0 
-726.0 -724.0 -713.0 -704.0 -702.0 -695.0 -684.0 
-684.0 -672.0 -659.0 -657.0 -643.0 -633.0 -620.0 
-600.0 -597.0 -592.0 -584.0 -573.0 -558.0 -554.0 
-546.0 -533.0 -508.0 -489.0 -500.0 -487.0 -474.0 
-474.0 -462.0 -451.0 -436.0 -432.0 -420.0 -398.0 
-400.0 -398.0 -393.0 -392.0 -380.0 -367.0 -366.0 
-376.0 -374.0 -373.0 -383.0 -382.0 -383.0 -386.0 
-385.0 -394.0 -397.0 -385.0 -383.0 -375.0 -361.0 
-372.0 -363.0 -346.0 -351.0 -340.0 -340.0 -341.0 
-317.0 -311.0 -323.0 -333.0 -324.0 -318.0 -325.0 
-313.0 -305.0 -300.0 -295.0 -301.0 -304.0 -305.0 
-310.0 -311.0 -316.0 -328.0 -314.0 -311.0 -318.0 
-307.0 -310.0 -330.0 -334.0 -337.0 -348.0 -342.0 
-348.0 -347.0 -329.0 -345.0 -355.0 -351.0 -369.0 
-383.0 -384.0 -401.0 -406.0 -384.0 -390.0 -395.0 
-397.0 -435.0 -441.0 -433.0 -448.0 -438.0 -434.0 
-448.0 -463.0 -477.0 -483.0 -501.0 -509.0 -520.0 
-536.0 -535.0 -528.0 -520.0 -528.0 -540.0 -543.0 
-546.0 -546.0 -549.0 -556.0 -559.0 -564.0 -567.0 
-573.0 -581.0 -582.0 -591.0 -585.0 -578.0 -585.0 
-581.0 -580.0 -581.0 -575.0 -575.0 -574.0 -564.0 
-563.0 -561.0 -545.0 -532.0 -527.0 -520.0 -506.0 
-499.0 -492.0 -489.0 -485.0 -468.0 -459.0 -448.0 
-431.0 -426.0 -426.0 -412.0 -408.0 -406.0 -386.0 
-376.0 -362.0 -341.0 -335.0 -323.0 -304.0 -283.0 
-268.0 -254.0 -241.0 -228.0 -209.0 -197.0 -189.0 
-174.0 -164.0 -150.0 -129.0 -115.0 -106.0 -92.0 
-71.0 -55.0 -38.0 -19.0 -6.0 7.0 15.0 
22.0 34.0 41.0 50.0 58.0 62.0 65.0 
69.0 73.0 71.0 71.0 62.0 57.0 58.0 
45.0 32.0 20.0 0.0 -11.0 -26.0 -52.0 
-79.0 -100.0 -122.0 -153.0 -177.0 -197.0 -223.0 
-252.0 -283.0 -308.0 -334.0 -367.0 -393.0 -418.0 
-449.0 -481.0 -514.0 -544.0 -570.0 -599.0 -626.0 
-651.0 -681.0 -704.0 -726.0 -755.0 -775.0 -792.0 
-814.0 -829.0 -841.0 -849.0 -859.0 -870.0 -875.0 
-883.0 -882.0 -876.0 -874.0 -868.0 -858.0 -852.0 
-841.0 -830.0 -810.0 -794.0 -792.0 -776.0 -756.0 
-744.0 -723.0 -701.0 -694.0 -680.0 -661.0 -651.0 
-635.0 -624.0 -618.0 -604.0 -592.0 -584.0 -570.0 
-554.0 -550.0 -538.0 -525.0 -514.0 -501.0 -491.0 
-470.0 -454.0 -444.0 -433.0 -430.0 -411.0 -384.0 
-373.0 -365.0 -350.0 -336.0 -318.0 -305.0 -291.0 
-268.0 -260.0 -258.0 -250.0 -248.0 -245.0 -207.0 
-166.0 -176.0 -186.0 -165.0 -154.0 -153.0 -146.0 
-133.0 -123.0 -100.0 -84.0 -85.0 -62.0 -45.0 
-25.0 -11.0 -15.0 7.0 13.0 18.0 29.0 
8.0 2.0 -3.0 -10.0 0.0 -5.0 -19.0 
-27.0 -52.0 -89.0 -103.0 -115.0 -144.0 -158.0 
-178.0 -193.0 -194.0 -226.0 -231.0 -218.0 -240.0 
-248.0 -268.0 -287.0 -288.0 -323.0 -327.0 -310.0 
-325.0 -320.0 -318.0 -322.0 -311.0 -311.0 -326.0 
-334.0 -318.0 -315.0 -319.0 -313.0 -321.0 -327.0 
-314.0 -301.0 -296.0 -304.0 -315.0 -303.0 -291.0 
-297.0 -316.0 -315.0 -294.0 -282.0 -286.0 -302.0 
-300.0 -295.0 -300.0 -304.0 -315.0 -308.0 -295.0 
-299.0 -311.0 -303.0 -289.0 -294.0 -289.0 -285.0 
-279.0 -268.0 -270.0 -264.0 -249.0 -242.0 -231.0 
-227.0 -226.0 -209.0 -197.0 -183.0 -159.0 -147.0 
-139.0 -128.0 -111.0 -94.0 -91.0 -87.0 -72.0 
-59.0 -53.0 -46.0 -42.0 -42.0 -34.0 -28.0 
-25.0 -16.0 -27.0 -32.0 -23.0 -32.0 -31.0 
-26.0 -32.0 -31.0 -33.0 -36.0 -38.0 -41.0 
-35.0 -32.0 -37.0 -36.0 -32.0 -33.0 -31.0 
-34.0 -35.0 -25.0 -29.0 -28.0 -17.0 -25.0 
-26.0 -29.0 -45.0 -44.0 -45.0 -47.0 -52.0 
-66.0 -73.0 -72.0 -74.0 -81.0 -90.0 -102.0 
-101.0 -106.0 -117.0 -118.0 -127.0 -137.0 -145.0 
-155.0 -166.0 -173.0 -183.0 -193.0 -198.0 -211.0 
-222.0 -231.0 -241.0 -254.0 -271.0 -279.0 -292.0 
-303.0 -306.0 -315.0 -315.0 -313.0 -319.0 -320.0 
-319.0 -315.0 -312.0 -307.0 -301.0 -297.0 -291.0 
-285.0 -278.0 -262.0 -254.0 -249.0 -237.0 -229.0 
-232.0 -233.0 -227.0 -223.0 -219.0 -210.0 -204.0 
-197.0 -197.0 -203.0 -199.0 -199.0 -200.0 -195.0 
-200.0 -209.0 -215.0 -219.0 -223.0 -229.0 -235.0 
-240.0 -246.0 -256.0 -264.0 -271.0 -285.0 -297.0 
-302.0 -311.0 -322.0 -329.0 -339.0 -348.0 -356.0 
-362.0 -361.0 -358.0 -357.0 -353.0 -349.0 -345.0 
-334.0 -327.0 -324.0 -311.0 -301.0 -291.0 -279.0 
-274.0 -268.0 -258.0 -248.0 -239.0 -232.0 -225.0 
-217.0 -214.0 -213.0 -210.0 -210.0 -214.0 -210.0 
-204.0 -202.0 -197.0 -200.0 -205.0 -204.0 -206.0 
-204.0 -201.0 -200.0 -195.0 -193.0 -194.0 -195.0 
-194.0 -189.0 -187.0 -183.0 -183.0 -189.0 -189.0 
-195.0 -205.0 -207.0 -211.0 -219.0 -228.0 -239.0 
-246.0 -255.0 -268.0 -279.0 -287.0 -299.0 -313.0 
-324.0 -336.0 -347.0 -360.0 -378.0 -391.0 -406.0 
-422.0 -433.0 -447.0 -463.0 -474.0 -487.0 -500.0 
-511.0 -524.0 -532.0 -541.0 -551.0 -558.0 -564.0 
-568.0 -576.0 -584.0 -589.0 -590.0 -590.0 -596.0 
-600.0 -608.0 -619.0 -625.0 -630.0 -638.0 -643.0 
-651.0 -658.0 -660.0 -665.0 -664.0 -663.0 -667.0 
-665.0 -663.0 -659.0 -658.0 -653.0 -638.0 -633.0 
-624.0 -614.0 -611.0 -598.0 -578.0 -564.0 -549.0 
-531.0 -525.0 -509.0 -495.0 -491.0 -476.0 -470.0 
-465.0 -447.0 -434.0 -430.0 -423.0 -420.0 -418.0 
-417.0 -417.0 -416.0 -407.0 -394.0 -390.0 -385.0 
-379.0 -378.0 -380.0 -384.0 -381.0 -379.0 -384.0 
-384.0 -384.0 -388.0 -389.0 -399.0 -410.0 -408.0 
-404.0 -405.0 -406.0 -393.0 -385.0 -388.0 -381.0 
-383.0 -379.0 -356.0 -336.0 -324.0 -317.0 -307.0 
-296.0 -289.0 -281.0 -267.0 -260.0 -262.0 -254.0 
-234.0 -231.0 -246.0 -232.0 -230.0 -245.0 -234.0 
-237.0 -246.0 -244.0 -253.0 -256.0 -254.0 -268.0 
-270.0 -273.0 -292.0 -296.0 -308.0 -324.0 -328.0 
-332.0 -328.0 -337.0 -354.0 -358.0 -367.0 -383.0 
-393.0 -410.0 -423.0 -429.0 -438.0 -452.0 -465.0 
-474.0 -483.0 -483.0 -495.0 -515.0 -521.0 -536.0 
-544.0 -552.0 -561.0 -556.0 -566.0 -571.0 -568.0 
-577.0 -589.0 -594.0 -593.0 -597.0 -608.0 -607.0 
-598.0 -597.0 -592.0 -581.0 -585.0 -580.0 -568.0 
-576.0 -569.0 -549.0 -537.0 -526.0 -526.0 -524.0 
-514.0 -515.0 -500.0 -476.0 -465.0 -456.0 -446.0 
-446.0 -445.0 -438.0 -435.0 -423.0 -404.0 -398.0 
-391.0 -375.0 -368.0 -364.0 -353.0 -335.0 -322.0 
-305.0 -286.0 -284.0 -270.0 -250.0 -240.0 -229.0 
-224.0 -218.0 -206.0 -193.0 -187.0 -183.0 -173.0 
-171.0 -167.0 -164.0 -157.0 -142.0 -140.0 -142.0 
-144.0 -146.0 -137.0 -130.0 -128.0 -131.0 -133.0 
-126.0 -125.0 -125.0 -124.0 -120.0 -119.0 -122.0 
-124.0 -125.0 -123.0 -127.0 -133.0 -132.0 -141.0 
-153.0 -157.0 -162.0 -170.0 -184.0 -196.0 -201.0 
-211.0 -224.0 -233.0 -240.0 -252.0 -264.0 -278.0 
-296.0 -306.0 -317.0 -327.0 -337.0 -347.0 -353.0 
-365.0 -374.0 -382.0 -398.0 -416.0 -429.0 -436.0 
-451.0 -465.0 -470.0 -479.0 -484.0 -496.0 -509.0 
-514.0 -531.0 -540.0 -547.0 -555.0 -555.0 -564.0 
-562.0 -555.0 -553.0 -549.0 -555.0 -548.0 -535.0 
-521.0 -499.0 -498.0 -484.0 -459.0 -444.0 -425.0 
-408.0 -391.0 -370.0 -353.0 -350.0 -338.0 -315.0 
-310.0 -297.0 -280.0 -284.0 -272.0 -250.0 -250.0 
-250.0 -242.0 -233.0 -211.0 -204.0 -206.0 -187.0 
-177.0 -172.0 -157.0 -148.0 -139.0 -127.0 -116.0 
-110.0 -94.0 -79.0 -77.0 -55.0 -39.0 -31.0 
-8.0 -5.0 0.0 19.0 18.0 24.0 37.0 
36.0 29.0 32.0 29.0 17.0 15.0 2.0 
-11.0 -18.0 -32.0 -41.0 -50.0 -56.0 -72.0 
-85.0 -84.0 -110.0 -130.0 -142.0 -158.0 -164.0 
-183.0 -199.0 -212.0 -232.0 -247.0 -258.0 -278.0 
-305.0 -318.0 -339.0 -377.0 -404.0 -427.0 -452.0 
-467.0 -479.0 -500.0 -521.0 -530.0 -548.0 -565.0 
-569.0 -590.0 -600.0 -605.0 -624.0 -634.0 -645.0 
-654.0 -657.0 -669.0 -685.0 -696.0 -709.0 -719.0 
-719.0 -729.0 -743.0 -744.0 -751.0 -758.0 -754.0 
-757.0 -762.0 -758.0 -764.0 -770.0 -766.0 -771.0 
-771.0 -768.0 -770.0 -766.0 -771.0 -776.0 -765.0 
-760.0 -752.0 -747.0 -737.0 -718.0 -708.0 -693.0 
-677.0 -656.0 -630.0 -611.0 -589.0 -565.0 -539.0 
-511.0 -487.0 -461.0 -433.0 -409.0 -380.0 -349.0 
-324.0 -301.0 -275.0 -249.0 -225.0 -201.0 -173.0 
-152.0 -132.0 -106.0 -88.0 -68.0 -46.0 -27.0 
-5.0 11.0 30.0 47.0 61.0 76.0 89.0 
99.0 112.0 125.0 137.0 145.0 150.0 158.0 
163.0 163.0 165.0 165.0 163.0 162.0 156.0 
148.0 139.0 127.0 113.0 99.0 83.0 66.0 
51.0 32.0 14.0 -1.0 -21.0 -42.0 -61.0 
-80.0 -100.0 -121.0 -144.0 -168.0 -192.0 -212.0 
-231.0 -254.0 -273.0 -293.0 -318.0 -335.0 -348.0 
-366.0 -389.0 -415.0 -444.0 -472.0 -497.0 -527.0 
-558.0 -580.0 -607.0 -636.0 -660.0 -689.0 -722.0 
-751.0 -783.0 -808.0 -833.0 -870.0 -897.0 -925.0 
-956.0 -977.0 -994.0 -1010.0 -1033.0 -1052.0 -1062.0 
-1072.0 -1080.0 -1093.0 -1104.0 -1103.0 -1112.0 -1125.0 
-1123.0 -1126.0 -1132.0 -1129.0 -1126.0 -1120.0 -1112.0 
-1104.0 -1092.0 -1078.0 -1063.0 -1045.0 -1028.0 -1010.0 
-986.0 -960.0 -937.0 -912.0 -884.0 -856.0 -829.0 
-805.0 -779.0 -751.0 -723.0 -697.0 -671.0 -641.0 
-614.0 -587.0 -556.0 -532.0 -504.0 -474.0 -448.0 
-419.0 -393.0 -367.0 -340.0 -315.0 -286.0 -257.0 
-231.0 -206.0 -181.0 -158.0 -134.0 -107.0 -83.0 
-61.0 -37.0 -16.0 4.0 29.0 47.0 64.0 
81.0 98.0 111.0 122.0 131.0 139.0 149.0 
150.0 155.0 166.0 163.0 162.0 163.0 159.0 
157.0 144.0 131.0 126.0 107.0 79.0 57.0 
41.0 26.0 6.0 -26.0 -66.0 -78.0 -71.0 
-88.0 -109.0 -110.0 -128.0 -168.0 -201.0 -220.0 
-253.0 -292.0 -315.0 -353.0 -411.0 -440.0 -443.0 
-476.0 -507.0 -532.0 -594.0 -645.0 -647.0 -646.0 
-677.0 -681.0 -675.0 -703.0 -725.0 -747.0 -777.0 
-767.0 -733.0 -750.0 -789.0 -776.0 -757.0 -740.0 
-714.0 -732.0 -718.0 -696.0 -736.0 -736.0 -718.0 
-718.0 -713.0 -716.0 -734.0 -741.0 -728.0 -723.0 
-678.0 -647.0 -643.0 -588.0 -617.0 -655.0 -610.0 
-603.0 -602.0 -570.0 -529.0 -500.0 -481.0 -464.0 
-453.0 -453.0 -455.0 -433.0 -385.0 -350.0 -314.0 
-291.0 -308.0 -233.0 -197.0 -212.0 -146.0 -162.0 
-175.0 -118.0 -88.0 -76.0 -56.0 -9.0 -21.0 
36.0 146.0 113.0 119.0 238.0 305.0 311.0 
345.0 353.0 406.0 473.0 432.0 480.0 512.0 
491.0 527.0 521.0 550.0 598.0 606.0 620.0 
649.0 653.0 673.0 676.0 660.0 692.0 684.0 
695.0 724.0 723.0 722.0 722.0 721.0 712.0 
718.0 711.0 698.0 687.0 683.0 685.0 680.0 
667.0 653.0 649.0 634.0 621.0 616.0 601.0 
584.0 570.0 548.0 533.0 529.0 504.0 488.0 
481.0 445.0 417.0 398.0 364.0 334.0 316.0 
302.0 284.0 263.0 237.0 212.0 194.0 174.0 
162.0 144.0 124.0 110.0 94.0 75.0 58.0 
41.0 21.0 14.0 6.0 -8.0 -17.0 -32.0 
-44.0 -44.0 -53.0 -59.0 -65.0 -77.0 -72.0 
-74.0 -79.0 -79.0 -79.0 -67.0 -70.0 -69.0 
-52.0 -49.0 -44.0 -33.0 -24.0 -12.0 -4.0 
3.0 14.0 17.0 25.0 38.0 45.0 51.0 
57.0 63.0 72.0 83.0 95.0 104.0 114.0 
125.0 137.0 155.0 168.0 181.0 193.0 207.0 
229.0 248.0 258.0 270.0 290.0 313.0 332.0 
344.0 359.0 379.0 394.0 403.0 414.0 426.0 
438.0 454.0 467.0 481.0 491.0 499.0 504.0 
509.0 519.0 521.0 517.0 520.0 524.0 524.0 
519.0 516.0 514.0 505.0 499.0 490.0 482.0 
474.0 464.0 454.0 448.0 441.0 431.0 429.0 
420.0 407.0 406.0 400.0 391.0 389.0 380.0 
374.0 372.0 369.0 367.0 359.0 347.0 331.0 
319.0 309.0 300.0 292.0 278.0 266.0 252.0 
236.0 208.0 178.0 161.0 132.0 103.0 86.0 
66.0 56.0 32.0 -8.0 -14.0 -25.0 -66.0 
-82.0 -102.0 -118.0 -105.0 -139.0 -156.0 -145.0 
-156.0 -155.0 -159.0 -152.0 -163.0 -193.0 -182.0 
-164.0 -161.0 -156.0 -167.0 -154.0 -126.0 -135.0 
-144.0 -133.0 -111.0 -103.0 -93.0 -64.0 -70.0 
-59.0 -17.0 -17.0 -8.0 16.0 36.0 53.0 
73.0 114.0 135.0 144.0 178.0 210.0 225.0 
246.0 272.0 303.0 330.0 341.0 355.0 356.0 
367.0 400.0 411.0 412.0 434.0 453.0 452.0 
465.0 480.0 483.0 493.0 498.0 494.0 501.0 
509.0 514.0 514.0 509.0 512.0 517.0 509.0 
496.0 481.0 460.0 447.0 439.0 427.0 419.0 
402.0 382.0 365.0 359.0 348.0 318.0 291.0 
270.0 255.0 232.0 208.0 201.0 196.0 195.0 
183.0 158.0 145.0 131.0 109.0 92.0 76.0 
60.0 48.0 36.0 23.0 10.0 -2.0 -12.0 
-19.0 -23.0 -22.0 -30.0 -37.0 -40.0 -43.0 
-39.0 -38.0 -29.0 -12.0 -13.0 -16.0 -21.0 
-20.0 -8.0 -16.0 -9.0 1.0 -4.0 8.0 
14.0 12.0 15.0 8.0 4.0 -1.0 -15.0 
-10.0 1.0 0.0 -12.0 -19.0 -15.0 -15.0 
-13.0 -13.0 -26.0 -26.0 -18.0 -19.0 -11.0 
-1.0 -2.0 3.0 26.0 40.0 47.0 68.0 
90.0 104.0 127.0 137.0 139.0 154.0 169.0 
193.0 212.0 224.0 241.0 250.0 266.0 291.0 
303.0 312.0 330.0 343.0 350.0 360.0 370.0 
368.0 375.0 382.0 375.0 377.0 374.0 365.0 
364.0 356.0 346.0 341.0 332.0 318.0 308.0 
299.0 279.0 267.0 250.0 232.0 220.0 205.0 
197.0 182.0 166.0 152.0 134.0 132.0 128.0 
116.0 108.0 91.0 71.0 57.0 34.0 4.0 
-21.0 -40.0 -57.0 -73.0 -87.0 -105.0 -132.0 
-159.0 -183.0 -204.0 -204.0 -207.0 -204.0 -196.0 
-216.0 -220.0 -217.0 -224.0 -231.0 -233.0 -228.0 
-224.0 -209.0 -211.0 -209.0 -184.0 -178.0 -160.0 
-141.0 -143.0 -133.0 -117.0 -103.0 -92.0 -70.0 
-46.0 -29.0 -3.0 22.0 48.0 76.0 94.0 
108.0 147.0 177.0 185.0 208.0 229.0 243.0 
258.0 273.0 287.0 301.0 307.0 317.0 318.0 
310.0 329.0 345.0 344.0 354.0 359.0 357.0 
364.0 359.0 353.0 354.0 345.0 343.0 339.0 
328.0 327.0 310.0 292.0 284.0 270.0 255.0 
236.0 220.0 211.0 186.0 175.0 175.0 151.0 
132.0 121.0 105.0 90.0 62.0 42.0 27.0 
-5.0 -28.0 -48.0 -72.0 -91.0 -118.0 -139.0 
-161.0 -189.0 -211.0 -234.0 -257.0 -278.0 -293.0 
-309.0 -333.0 -350.0 -358.0 -368.0 -383.0 -390.0 
-403.0 -418.0 -418.0 -433.0 -449.0 -450.0 -459.0 
-465.0 -465.0 -478.0 -491.0 -492.0 -503.0 -508.0 
-506.0 -526.0 -528.0 -518.0 -526.0 -523.0 -523.0 
-525.0 -525.0 -536.0 -537.0 -537.0 -549.0 -542.0 
-526.0 -532.0 -533.0 -525.0 -521.0 -518.0 -504.0 
-486.0 -471.0 -448.0 -435.0 -420.0 -400.0 -385.0 
-367.0 -342.0 -318.0 -289.0 -256.0 -234.0 -208.0 
-178.0 -153.0 -125.0 -97.0 -75.0 -51.0 -27.0 
-8.0 18.0 48.0 70.0 91.0 112.0 128.0 
148.0 170.0 183.0 196.0 209.0 219.0 238.0 
251.0 250.0 250.0 253.0 255.0 256.0 246.0 
233.0 230.0 221.0 207.0 196.0 179.0 161.0 
146.0 123.0 103.0 85.0 67.0 52.0 30.0 
9.0 -9.0 -32.0 -54.0 -75.0 -98.0 -115.0 
-130.0 -152.0 -168.0 -189.0 -211.0 -223.0 -241.0 
-260.0 -274.0 -295.0 -314.0 -331.0 -360.0 -382.0 
-404.0 -433.0 -454.0 -475.0 -500.0 -523.0 -539.0 
-547.0 -553.0 -563.0 -567.0 -580.0 -592.0 -583.0 
-584.0 -592.0 -595.0 -598.0 -600.0 -598.0 -598.0 
-601.0 -593.0 -593.0 -599.0 -591.0 -587.0 -577.0 
-561.0 -555.0 -549.0 -535.0 -527.0 -526.0 -519.0 
-516.0 -512.0 -505.0 -507.0 -501.0 -497.0 -501.0 
-494.0 -486.0 -485.0 -480.0 -472.0 -468.0 -457.0 
-440.0 -435.0 -418.0 -390.0 -379.0 -356.0 -336.0 
-329.0 -309.0 -289.0 -272.0 -253.0 -239.0 -221.0 
-204.0 -191.0 -174.0 -161.0 -153.0 -134.0 -118.0 
-109.0 -103.0 -90.0 -80.0 -83.0 -76.0 -67.0 
-63.0 -54.0 -54.0 -63.0 -63.0 -61.0 -64.0 
-68.0 -68.0 -69.0 -75.0 -78.0 -88.0 -104.0 
-113.0 -112.0 -101.0 -105.0 -113.0 -122.0 -139.0 
-146.0 -155.0 -168.0 -174.0 -181.0 -180.0 -175.0 
-188.0 -198.0 -198.0 -199.0 -191.0 -195.0 -202.0 
-207.0 -217.0 -227.0 -235.0 -239.0 -249.0 -256.0 
-260.0 -276.0 -292.0 -310.0 -326.0 -340.0 -358.0 
-370.0 -380.0 -392.0 -400.0 -410.0 -426.0 -441.0 
-447.0 -447.0 -452.0 -460.0 -471.0 -480.0 -484.0 
-492.0 -498.0 -504.0 -503.0 -498.0 -498.0 -486.0 
-483.0 -481.0 -477.0 -482.0 -469.0 -455.0 -452.0 
-443.0 -442.0 -438.0 -435.0 -439.0 -438.0 -435.0 
-439.0 -452.0 -457.0 -458.0 -468.0 -467.0 -455.0 
-455.0 -471.0 -466.0 -464.0 -462.0 -452.0 -454.0 
-432.0 -418.0 -421.0 -413.0 -398.0 -380.0 -359.0 
-338.0 -309.0 -295.0 -294.0 -268.0 -251.0 -234.0 
-199.0 -186.0 -175.0 -148.0 -138.0 -130.0 -121.0 
-125.0 -120.0 -105.0 -84.0 -74.0 -70.0 -70.0 
-77.0 -74.0 -67.0 -62.0 -65.0 -77.0 -80.0 
-84.0 -105.0 -106.0 -99.0 -119.0 -141.0 -163.0 
-184.0 -193.0 -193.0 -199.0 -216.0 -229.0 -252.0 
-267.0 -271.0 -278.0 -282.0 -295.0 -308.0 -317.0 
-310.0 -303.0 -305.0 -289.0 -297.0 -330.0 -330.0 
-318.0 -308.0 