-189.0 -172.0 -160.0 -139.0 -104.0 -75.0 -50.0 
-30.0 1.0 29.0 41.0 73.0 103.0 119.0 
142.0 170.0 198.0 223.0 244.0 267.0 287.0 
302.0 318.0 332.0 350.0 365.0 373.0 380.0 
387.0 400.0 410.0 417.0 428.0 442.0 452.0 
451.0 451.0 451.0 444.0 433.0 422.0 411.0 
398.0 378.0 360.0 344.0 323.0 299.0 282.0 
260.0 234.0 208.0 183.0 160.0 136.0 110.0 
83.0 60.0 47.0 27.0 -5.0 -28.0 -46.0 
-67.0 -89.0 -125.0 -166.0 -194.0 -215.0 -243.0 
-267.0 -289.0 -313.0 -344.0 -381.0 -407.0 -421.0 
-448.0 -471.0 -483.0 -507.0 -521.0 -530.0 -541.0 
-552.0 -563.0 -564.0 -578.0 -587.0 -584.0 -584.0 
-581.0 -589.0 -590.0 -578.0 -576.0 -575.0 -570.0 
-570.0 -559.0 -550.0 -540.0 -528.0 -527.0 -522.0 
-509.0 -497.0 -492.0 -488.0 -481.0 -462.0 -435.0 
-419.0 -407.0 -393.0 -379.0 -358.0 -330.0 -313.0 
-295.0 -274.0 -256.0 -230.0 -211.0 -191.0 -159.0 
-137.0 -124.0 -108.0 -86.0 -63.0 -51.0 -41.0 
-22.0 0.0 14.0 33.0 51.0 66.0 79.0 
86.0 103.0 123.0 133.0 142.0 154.0 166.0 
172.0 176.0 175.0 178.0 187.0 193.0 196.0 
194.0 188.0 186.0 178.0 167.0 169.0 170.0 
160.0 144.0 132.0 119.0 99.0 90.0 79.0 
65.0 56.0 47.0 43.0 33.0 13.0 2.0 
-12.0 -28.0 -48.0 -71.0 -87.0 -115.0 -132.0 
-139.0 -167.0 -190.0 -208.0 -231.0 -250.0 -264.0 
-280.0 -293.0 -301.0 -318.0 -336.0 -349.0 -365.0 
-374.0 -390.0 -403.0 -404.0 -420.0 -430.0 -436.0 
-445.0 -448.0 -458.0 -469.0 -467.0 -470.0 -470.0 
-470.0 -470.0 -466.0 -469.0 -465.0 -458.0 -452.0 
-447.0 -451.0 -450.0 -435.0 -425.0 -419.0 -413.0 
-409.0 -404.0 -399.0 -393.0 -386.0 -378.0 -373.0 
-368.0 -363.0 -358.0 -350.0 -346.0 -341.0 -340.0 
-335.0 -325.0 -316.0 -307.0 -296.0 -281.0 -268.0 
-249.0 -231.0 -217.0 -197.0 -176.0 -154.0 -130.0 
-106.0 -77.0 -46.0 -21.0 5.0 29.0 47.0 
71.0 91.0 114.0 136.0 155.0 176.0 187.0 
199.0 215.0 227.0 241.0 246.0 253.0 264.0 
271.0 279.0 285.0 294.0 304.0 309.0 318.0 
322.0 320.0 321.0 320.0 323.0 325.0 321.0 
315.0 308.0 301.0 294.0 284.0 271.0 256.0 
242.0 231.0 218.0 205.0 193.0 181.0 163.0 
141.0 125.0 110.0 92.0 75.0 56.0 42.0 
28.0 9.0 -3.0 -13.0 -18.0 -28.0 -41.0 
-47.0 -54.0 -62.0 -66.0 -73.0 -81.0 -87.0 
-96.0 -106.0 -115.0 -128.0 -144.0 -162.0 -179.0 
-196.0 -213.0 -230.0 -249.0 -264.0 -282.0 -302.0 
-318.0 -333.0 -352.0 -368.0 -378.0 -391.0 -403.0 
-410.0 -413.0 -415.0 -417.0 -419.0 -421.0 -420.0 
-413.0 -406.0 -399.0 -387.0 -378.0 -366.0 -353.0 
-342.0 -325.0 -310.0 -296.0 -273.0 -251.0 -230.0 
-200.0 -175.0 -156.0 -129.0 -103.0 -77.0 -45.0 
-17.0 6.0 32.0 59.0 88.0 114.0 139.0 
167.0 193.0 214.0 235.0 256.0 274.0 293.0 
304.0 318.0 338.0 351.0 368.0 382.0 391.0 
402.0 414.0 425.0 434.0 440.0 449.0 458.0 
463.0 466.0 468.0 466.0 461.0 456.0 449.0 
435.0 419.0 405.0 390.0 373.0 359.0 340.0 
318.0 299.0 271.0 253.0 235.0 208.0 204.0 
187.0 164.0 158.0 130.0 108.0 97.0 78.0 
67.0 54.0 39.0 16.0 -5.0 -14.0 -23.0 
-33.0 -46.0 -69.0 -89.0 -100.0 -119.0 -123.0 
-117.0 -130.0 -147.0 -157.0 -163.0 -173.0 -164.0 
-151.0 -139.0 -121.0 -138.0 -131.0 -102.0 -95.0 
-83.0 -78.0 -61.0 -41.0 -39.0 -24.0 -4.0 
12.0 20.0 25.0 38.0 42.0 52.0 61.0 
54.0 61.0 64.0 57.0 70.0 73.0 62.0 
55.0 41.0 46.0 56.0 45.0 39.0 35.0 
25.0 22.0 22.0 5.0 -10.0 -4.0 -5.0 
-12.0 -18.0 -20.0 -24.0 -36.0 -40.0 -51.0 
-60.0 -67.0 -87.0 -100.0 -100.0 -117.0 -152.0 
-174.0 -191.0 -198.0 -199.0 -209.0 -206.0 -222.0 
-257.0 -272.0 -285.0 -286.0 -268.0 -291.0 -319.0 
-324.0 -341.0 -353.0 -358.0 -379.0 -402.0 -410.0 
-423.0 -431.0 -403.0 -350.0 -328.0 -352.0 -346.0 
-332.0 -313.0 -274.0 -249.0 -206.0 -176.0 -179.0 
-160.0 -147.0 -147.0 -136.0 -132.0 -127.0 -126.0 
-133.0 -128.0 -122.0 -125.0 -130.0 -133.0 -126.0 
-132.0 -134.0 -120.0 -125.0 -138.0 -150.0 -140.0 
-132.0 -130.0 -106.0 -118.0 -111.0 -73.0 -69.0 
-54.0 -32.0 -40.0 -30.0 -6.0 -22.0 -18.0 
12.0 -6.0 1.0 49.0 51.0 29.0 40.0 
88.0 96.0 86.0 117.0 146.0 171.0 170.0 
161.0 173.0 187.0 185.0 159.0 126.0 98.0 
82.0 84.0 73.0 53.0 61.0 70.0 48.0 
7.0 13.0 25.0 -10.0 -21.0 -29.0 -43.0 
-62.0 -98.0 -109.0 -124.0 -141.0 -151.0 -179.0 
-189.0 -200.0 -230.0 -249.0 -265.0 -287.0 -306.0 
-330.0 -347.0 -366.0 -378.0 -393.0 -422.0 -417.0 
-415.0 -436.0 -447.0 -472.0 -473.0 -455.0 -479.0 
-489.0 -486.0 -496.0 -492.0 -487.0 -478.0 -496.0 
-488.0 -430.0 -442.0 -480.0 -486.0 -468.0 -440.0 
-444.0 -426.0 -415.0 -432.0 -412.0 -391.0 -388.0 
-370.0 -358.0 -345.0 -315.0 -298.0 -276.0 -256.0 
-239.0 -224.0 -208.0 -177.0 -163.0 -134.0 -112.0 
-101.0 -67.0 -46.0 -14.0 32.0 29.0 28.0 
75.0 97.0 103.0 132.0 151.0 169.0 200.0 
220.0 252.0 295.0 320.0 335.0 350.0 375.0 
411.0 433.0 430.0 419.0 427.0 445.0 453.0 
468.0 471.0 463.0 483.0 500.0 495.0 494.0 
503.0 479.0 495.0 531.0 494.0 494.0 494.0 
464.0 452.0 419.0 405.0 401.0 379.0 364.0 
347.0 316.0 284.0 265.0 246.0 217.0 180.0 
160.0 142.0 104.0 80.0 61.0 23.0 -11.0 
-40.0 -61.0 -77.0 -109.0 -131.0 -145.0 -183.0 
-210.0 -227.0 -255.0 -276.0 -299.0 -325.0 -346.0 
-371.0 -387.0 -394.0 -409.0 -424.0 -430.0 -432.0 
-440.0 -448.0 -455.0 -454.0 -460.0 -470.0 -463.0 
-469.0 -469.0 -460.0 -460.0 -453.0 -453.0 -453.0 
-439.0 -423.0 -414.0 -402.0 -384.0 -366.0 -344.0 
-324.0 -301.0 -278.0 -248.0 -218.0 -203.0 -182.0 
-148.0 -122.0 -100.0 -76.0 -55.0 -36.0 -16.0 
2.0 26.0 50.0 63.0 80.0 96.0 107.0 
125.0 137.0 153.0 172.0 180.0 188.0 202.0 
209.0 219.0 232.0 233.0 238.0 244.0 245.0 
251.0 248.0 244.0 245.0 238.0 239.0 235.0 
216.0 209.0 207.0 194.0 177.0 173.0 161.0 
140.0 116.0 92.0 80.0 64.0 40.0 23.0 
1.0 -26.0 -42.0 -64.0 -79.0 -86.0 -101.0 
-104.0 -116.0 -145.0 -165.0 -175.0 -185.0 -199.0 
-216.0 -228.0 -235.0 -240.0 -239.0 -255.0 -270.0 
-267.0 -273.0 -272.0 -274.0 -292.0 -294.0 -286.0 
-288.0 -283.0 -275.0 -264.0 -255.0 -256.0 -245.0 
-247.0 -245.0 -231.0 -227.0 -216.0 -206.0 -190.0 
-174.0 -165.0 -147.0 -118.0 -103.0 -95.0 -63.0 
-47.0 -35.0 -14.0 0.0 27.0 49.0 64.0 
87.0 104.0 123.0 145.0 172.0 200.0 218.0 
240.0 262.0 287.0 316.0 338.0 357.0 380.0 
409.0 435.0 445.0 459.0 489.0 505.0 513.0 
526.0 531.0 535.0 543.0 553.0 557.0 555.0 
552.0 552.0 553.0 547.0 542.0 538.0 528.0 
524.0 516.0 502.0 492.0 478.0 465.0 450.0 
430.0 410.0 388.0 368.0 344.0 319.0 296.0 
266.0 238.0 215.0 187.0 164.0 143.0 115.0 
93.0 77.0 58.0 41.0 29.0 13.0 -5.0 
-24.0 -43.0 -56.0 -75.0 -96.0 -109.0 -120.0 
-129.0 -143.0 -157.0 -163.0 -174.0 -184.0 -187.0 
-195.0 -196.0 -194.0 -192.0 -190.0 -197.0 -192.0 
-182.0 -184.0 -176.0 -167.0 -161.0 -150.0 -137.0 
-123.0 -107.0 -88.0 -67.0 -44.0 -31.0 -15.0 
8.0 28.0 51.0 76.0 98.0 118.0 143.0 
172.0 198.0 222.0 246.0 271.0 299.0 324.0 
341.0 359.0 375.0 381.0 392.0 414.0 432.0 
442.0 457.0 472.0 477.0 487.0 496.0 501.0 
508.0 511.0 509.0 510.0 514.0 515.0 516.0 
518.0 512.0 504.0 503.0 500.0 490.0 478.0 
461.0 443.0 430.0 413.0 392.0 368.0 346.0 
323.0 294.0 270.0 252.0 230.0 213.0 201.0 
178.0 160.0 144.0 126.0 111.0 101.0 98.0 
98.0 97.0 84.0 68.0 60.0 54.0 45.0 
34.0 25.0 23.0 23.0 12.0 7.0 1.0 
-3.0 1.0 -2.0 -6.0 -10.0 -17.0 -18.0 
-17.0 -19.0 -19.0 -17.0 -16.0 -13.0 -6.0 
2.0 6.0 1.0 1.0 10.0 18.0 18.0 
20.0 26.0 24.0 27.0 32.0 27.0 28.0 
28.0 23.0 23.0 18.0 11.0 14.0 17.0 
10.0 10.0 16.0 15.0 25.0 31.0 24.0 
24.0 31.0 38.0 40.0 44.0 53.0 54.0 
52.0 52.0 45.0 34.0 37.0 33.0 21.0 
22.0 14.0 19.0 27.0 14.0 11.0 8.0 
7.0 7.0 3.0 11.0 15.0 14.0 32.0 
43.0 36.0 46.0 54.0 49.0 56.0 48.0 
40.0 45.0 41.0 57.0 68.0 70.0 87.0 
74.0 78.0 96.0 93.0 116.0 126.0 120.0 
127.0 132.0 142.0 149.0 161.0 169.0 164.0 
170.0 172.0 170.0 182.0 192.0 197.0 203.0 
216.0 227.0 233.0 235.0 237.0 242.0 251.0 
257.0 251.0 258.0 269.0 269.0 280.0 294.0 
291.0 286.0 293.0 291.0 289.0 304.0 303.0 
312.0 311.0 297.0 333.0 348.0 324.0 329.0 
334.0 320.0 319.0 332.0 333.0 334.0 332.0 
318.0 326.0 340.0 342.0 337.0 338.0 341.0 
325.0 315.0 310.0 289.0 278.0 292.0 279.0 
267.0 279.0 267.0 263.0 265.0 248.0 237.0 
237.0 228.0 216.0 224.0 230.0 218.0 204.0 
195.0 181.0 166.0 164.0 163.0 140.0 119.0 
114.0 113.0 101.0 82.0 66.0 53.0 57.0 
58.0 31.0 18.0 21.0 16.0 4.0 -5.0 
-6.0 -10.0 -19.0 -33.0 -46.0 -50.0 -55.0 
-48.0 -47.0 -55.0 -43.0 -34.0 -41.0 -51.0 
-55.0 -53.0 -48.0 -43.0 -37.0 -48.0 -45.0 
-17.0 -14.0 -17.0 -3.0 7.0 18.0 37.0 
44.0 42.0 68.0 95.0 95.0 113.0 131.0 
137.0 166.0 169.0 183.0 216.0 217.0 250.0 
292.0 296.0 307.0 333.0 363.0 384.0 404.0 
408.0 409.0 445.0 454.0 444.0 450.0 457.0 
466.0 460.0 463.0 488.0 512.0 520.0 522.0 
529.0 527.0 525.0 518.0 503.0 511.0 526.0 
509.0 503.0 505.0 489.0 494.0 474.0 454.0 
466.0 431.0 407.0 408.0 382.0 372.0 345.0 
292.0 267.0 242.0 211.0 196.0 162.0 111.0 
87.0 68.0 59.0 64.0 37.0 18.0 22.0 
12.0 10.0 3.0 -3.0 -10.0 -33.0 -23.0 
-20.0 -25.0 -10.0 -6.0 6.0 7.0 24.0 
49.0 55.0 83.0 85.0 85.0 98.0 100.0 
105.0 102.0 101.0 106.0 114.0 119.0 116.0 
111.0 123.0 140.0 139.0 142.0 161.0 184.0 
198.0 214.0 220.0 209.0 208.0 226.0 250.0 
258.0 257.0 267.0 271.0 280.0 292.0 301.0 
313.0 307.0 314.0 325.0 330.0 337.0 338.0 
347.0 347.0 335.0 334.0 338.0 335.0 341.0 
349.0 354.0 368.0 366.0 354.0 354.0 349.0 
344.0 338.0 332.0 322.0 317.0 312.0 294.0 
291.0 282.0 263.0 261.0 256.0 252.0 251.0 
249.0 245.0 239.0 234.0 230.0 223.0 216.0 
218.0 219.0 216.0 213.0 206.0 199.0 194.0 
191.0 187.0 183.0 178.0 168.0 167.0 168.0 
161.0 155.0 145.0 145.0 152.0 150.0 151.0 
159.0 161.0 163.0 168.0 170.0 177.0 184.0 
189.0 189.0 180.0 183.0 188.0 187.0 192.0 
190.0 181.0 190.0 198.0 198.0 202.0 206.0 
203.0 208.0 209.0 202.0 212.0 211.0 209.0 
219.0 221.0 230.0 240.0 239.0 239.0 240.0 
242.0 241.0 244.0 252.0 252.0 250.0 257.0 
256.0 255.0 260.0 262.0 271.0 279.0 276.0 
281.0 288.0 291.0 300.0 301.0 297.0 298.0 
294.0 293.0 295.0 291.0 289.0 272.0 258.0 
266.0 258.0 241.0 234.0 221.0 213.0 206.0 
189.0 183.0 170.0 153.0 145.0 135.0 139.0 
129.0 118.0 140.0 138.0 113.0 97.0 101.0 
103.0 88.0 99.0 98.0 65.0 43.0 34.0 
41.0 51.0 44.0 13.0 -14.0 -32.0 -53.0 
-65.0 -81.0 -90.0 -93.0 -95.0 -106.0 -120.0 
-127.0 -142.0 -136.0 -141.0 -148.0 -142.0 -151.0 
-161.0 -153.0 -135.0 -137.0 -136.0 -126.0 -124.0 
-121.0 -123.0 -111.0 -87.0 -76.0 -65.0 -48.0 
-30.0 -22.0 -2.0 29.0 47.0 72.0 82.0 
89.0 128.0 157.0 172.0 188.0 188.0 196.0 
215.0 225.0 230.0 227.0 234.0 234.0 226.0 
236.0 232.0 223.0 232.0 226.0 213.0 213.0 
209.0 203.0 202.0 200.0 198.0 194.0 188.0 
188.0 185.0 186.0 191.0 183.0 180.0 184.0 
183.0 175.0 161.0 144.0 134.0 123.0 111.0 
102.0 86.0 78.0 68.0 53.0 48.0 38.0 
19.0 10.0 7.0 -4.0 -14.0 -30.0 -44.0 
-60.0 -75.0 -85.0 -101.0 -110.0 -127.0 -140.0 
-150.0 -157.0 -158.0 -169.0 -174.0 -183.0 -203.0 
-223.0 -238.0 -231.0 -228.0 -235.0 -219.0 -202.0 
-215.0 -205.0 -188.0 -204.0 -212.0 -217.0 -193.0 
-155.0 -174.0 -176.0 -167.0 -182.0 -176.0 -172.0 
-164.0 -151.0 -155.0 -166.0 -174.0 -178.0 -193.0 
-182.0 -134.0 -125.0 -127.0 -116.0 -123.0 -119.0 
-125.0 -136.0 -104.0 -113.0 -160.0 -142.0 -131.0 
-131.0 -112.0 -119.0 -127.0 -120.0 -113.0 -116.0 
-115.0 -108.0 -111.0 -105.0 -107.0 -119.0 -115.0 
-130.0 -134.0 -130.0 -125.0 -115.0 -136.0 -136.0 
-138.0 -153.0 -169.0 -167.0 -149.0 -168.0 -170.0 
-164.0 -188.0 -175.0 -150.0 -145.0 -111.0 -112.0 
-122.0 -107.0 -121.0 -114.0 -96.0 -97.0 -101.0 
-110.0 -107.0 -97.0 -100.0 -98.0 -93.0 -89.0 
-77.0 -76.0 -62.0 -48.0 -50.0 -47.0 -39.0 
-29.0 -27.0 -26.0 -7.0 24.0 32.0 37.0 
71.0 92.0 113.0 144.0 162.0 193.0 209.0 
219.0 249.0 269.0 285.0 308.0 326.0 331.0 
346.0 354.0 355.0 368.0 366.0 376.0 391.0 
387.0 383.0 378.0 374.0 381.0 381.0 370.0 
362.0 344.0 328.0 327.0 317.0 291.0 270.0 
248.0 225.0 212.0 204.0 179.0 160.0 151.0 
130.0 118.0 111.0 84.0 65.0 54.0 31.0 
14.0 -18.0 -62.0 -89.0 -127.0 -151.0 -173.0 
-200.0 -218.0 -259.0 -287.0 -292.0 -323.0 -342.0 
-346.0 -369.0 -370.0 -379.0 -381.0 -376.0 -417.0 
-429.0 -443.0 -466.0 -441.0 -474.0 -492.0 -438.0 
-455.0 -456.0 -435.0 -455.0 -432.0 -436.0 -445.0 
-400.0 -381.0 -379.0 -375.0 -375.0 -375.0 -369.0 
-363.0 -390.0 -401.0 -367.0 -395.0 -405.0 -338.0 
-353.0 -354.0 -309.0 -310.0 -312.0 -303.0 -270.0 
-295.0 -319.0 -264.0 -266.0 -287.0 -264.0 -235.0 
-250.0 -258.0 -176.0 -154.0 -195.0 -177.0 -180.0 
-196.0 -173.0 -159.0 -151.0 -150.0 -133.0 -92.0 
-76.0 -48.0 -42.0 -27.0 37.0 2.0 3.0 
73.0 58.0 88.0 123.0 121.0 129.0 145.0 
176.0 125.0 111.0 174.0 138.0 131.0 204.0 
231.0 214.0 218.0 236.0 182.0 195.0 236.0 
193.0 204.0 197.0 189.0 165.0 173.0 196.0 
89.0 131.0 185.0 138.0 181.0 179.0 163.0 
144.0 162.0 194.0 131.0 124.0 145.0 125.0 
115.0 94.0 59.0 38.0 44.0 19.0 -40.0 
-75.0 -83.0 -65.0 -75.0 -114.0 -122.0 -150.0 
-171.0 -178.0 -207.0 -217.0 -231.0 -251.0 -274.0 
-294.0 -301.0 -322.0 -345.0 -363.0 -378.0 -382.0 
-404.0 -421.0 -425.0 -451.0 -474.0 -501.0 -523.0 
-537.0 -575.0 -591.0 -603.0 -624.0 -632.0 -658.0 
-677.0 -699.0 -715.0 -714.0 -743.0 -775.0 -787.0 
-773.0 -753.0 -773.0 -793.0 -782.0 -783.0 -794.0 
-780.0 -774.0 -773.0 -764.0 -777.0 -769.0 -751.0 
-756.0 -750.0 -730.0 -712.0 -698.0 -686.0 -677.0 
-668.0 -664.0 -651.0 -633.0 -627.0 -622.0 -618.0 
-612.0 -601.0 -595.0 -589.0 -577.0 -566.0 -554.0 
-540.0 -533.0 -519.0 -512.0 -508.0 -493.0 -487.0 
-472.0 -453.0 -440.0 -407.0 -388.0 -386.0 -364.0 
-339.0 -324.0 -306.0 -283.0 -266.0 -254.0 -223.0 
-191.0 -177.0 -156.0 -123.0 -97.0 -77.0 -51.0 
-26.0 3.0 22.0 45.0 77.0 99.0 113.0 
127.0 150.0 160.0 173.0 192.0 195.0 209.0 
218.0 214.0 223.0 225.0 219.0 225.0 226.0 
219.0 212.0 201.0 190.0 178.0 167.0 157.0 
142.0 128.0 110.0 102.0 88.0 60.0 49.0 
38.0 29.0 24.0 17.0 9.0 -6.0 -20.0 
-35.0 -48.0 -58.0 -68.0 -85.0 -100.0 -108.0 
-110.0 -117.0 -159.0 -192.0 -203.0 -223.0 -250.0 
-270.0 -290.0 -319.0 -332.0 -343.0 -358.0 -373.0 
-395.0 -418.0 -437.0 -455.0 -478.0 -495.0 -514.0 
-536.0 -554.0 -551.0 -568.0 -605.0 -612.0 -644.0 
-659.0 -662.0 -714.0 -714.0 -692.0 -744.0 -786.0 
-791.0 -805.0 -792.0 -795.0 -822.0 -827.0 -838.0 
-833.0 -824.0 -815.0 -802.0 -804.0 -786.0 -764.0 
-756.0 -753.0 -743.0 -729.0 -728.0 -719.0 -702.0 
-694.0 -687.0 -683.0 -678.0 -655.0 -648.0 -653.0 
-636.0 -598.0 -562.0 -570.0 -562.0 -514.0 -492.0 
-466.0 -440.0 -436.0 -428.0 -418.0 -370.0 -351.0 
-377.0 -315.0 -256.0 -272.0 -255.0 -212.0 -181.0 
-153.0 -131.0 -95.0 -58.0 -58.0 -55.0 -40.0 
-22.0 17.0 21.0 -6.0 12.0 23.0 21.0 
42.0 44.0 22.0 47.0 109.0 107.0 98.0 
121.0 130.0 133.0 137.0 152.0 176.0 195.0 
203.0 197.0 191.0 205.0 223.0 225.0 225.0 
224.0 221.0 218.0 211.0 198.0 179.0 161.0 
155.0 160.0 146.0 117.0 93.0 75.0 48.0 
11.0 -7.0 -20.0 -32.0 -47.0 -72.0 -94.0 
-114.0 -139.0 -163.0 -191.0 -226.0 -255.0 -289.0 
-327.0 -353.0 -382.0 -419.0 -438.0 -467.0 -502.0 
-516.0 -529.0 -550.0 -573.0 -591.0 -608.0 -623.0 
-646.0 -672.0 -684.0 -686.0 -685.0 -696.0 -694.0 
-686.0 -688.0 -677.0 -680.0 -689.0 -692.0 -692.0 
-687.0 -678.0 -673.0 -666.0 -648.0 -652.0 -646.0 
-631.0 -632.0 -628.0 -635.0 -630.0 -618.0 -601.0 
-581.0 -573.0 -551.0 -525.0 -501.0 -472.0 -452.0 
-431.0 -400.0 -367.0 -346.0 -326.0 -303.0 -283.0 
-254.0 -233.0 -212.0 -174.0 -136.0 -99.0 -71.0 
-44.0 0.0 32.0 59.0 91.0 117.0 152.0 
191.0 216.0 230.0 253.0 289.0 316.0 336.0 
360.0 382.0 399.0 409.0 420.0 430.0 440.0 
451.0 457.0 462.0 468.0 476.0 476.0 471.0 
464.0 454.0 450.0 445.0 439.0 438.0 433.0 
426.0 413.0 401.0 398.0 394.0 392.0 386.0 
365.0 350.0 335.0 316.0 292.0 264.0 242.0 
217.0 196.0 178.0 158.0 148.0 131.0 107.0 
88.0 70.0 50.0 33.0 6.0 -19.0 -37.0 
-64.0 -84.0 -111.0 -143.0 -159.0 -181.0 -209.0 
-245.0 -278.0 -301.0 -334.0 -366.0 -390.0 -423.0 
-454.0 -485.0 -529.0 -563.0 -596.0 -630.0 -642.0 
-669.0 -693.0 -697.0 -722.0 -738.0 -739.0 -743.0 
-742.0 -745.0 -748.0 -749.0 -752.0 -754.0 -755.0 
-761.0 -765.0 -761.0 -761.0 -758.0 -741.0 -726.0 
-722.0 -705.0 -686.0 -675.0 -650.0 -627.0 -602.0 
-569.0 -544.0 -521.0 -505.0 -477.0 -431.0 -405.0 
-378.0 -345.0 -327.0 -296.0 -249.0 -228.0 -221.0 
-186.0 -166.0 -157.0 -123.0 -102.0 -85.0 -69.0 
-53.0 -39.0 -31.0 5.0 43.0 64.0 92.0 
133.0 157.0 157.0 177.0 207.0 224.0 238.0 
263.0 283.0 289.0 313.0 333.0 328.0 328.0 
343.0 346.0 338.0 335.0 330.0 318.0 301.0 
303.0 305.0 294.0 275.0 251.0 240.0 211.0 
183.0 173.0 148.0 116.0 95.0 83.0 51.0 
19.0 -1.0 -22.0 -46.0 -72.0 -92.0 -116.0 
-130.0 -158.0 -194.0 -207.0 -234.0 -251.0 -257.0 
-279.0 -298.0 -308.0 -312.0 -318.0 -329.0 -337.0 
-346.0 -363.0 -381.0 -392.0 -401.0 -410.0 -412.0 
-415.0 -420.0 -426.0 -435.0 -437.0 -432.0 -432.0 
-430.0 -424.0 -427.0 -423.0 -422.0 -423.0 -414.0 
-409.0 -396.0 -391.0 -381.0 -360.0 -358.0 -351.0 
-330.0 -315.0 -308.0 -292.0 -272.0 -268.0 -260.0 
-250.0 -244.0 -238.0 -236.0 -225.0 -206.0 -183.0 
-164.0 -147.0 -151.0 -152.0 -122.0 -109.0 -100.0 
-90.0 -90.0 -78.0 -76.0 -66.0 -49.0 -51.0 
-40.0 -33.0 -27.0 -10.0 0.0 12.0 23.0 
27.0 30.0 44.0 62.0 64.0 67.0 77.0 
85.0 81.0 79.0 82.0 82.0 83.0 75.0 
88.0 83.0 48.0 57.0 57.0 41.0 50.0 
44.0 39.0 31.0 9.0 16.0 24.0 12.0 
8.0 5.0 0.0 -2.0 -11.0 -21.0 -37.0 
-59.0 -71.0 -71.0 -53.0 -45.0 -48.0 -40.0 
-31.0 -31.0 -32.0 -19.0 -27.0 -38.0 -17.0 
-9.0 -12.0 -8.0 -3.0 3.0 8.0 30.0 
50.0 56.0 73.0 92.0 101.0 108.0 122.0 
138.0 150.0 166.0 174.0 181.0 194.0 204.0 
221.0 232.0 241.0 250.0 255.0 266.0 268.0 
268.0 271.0 271.0 263.0 256.0 256.0 252.0 
254.0 255.0 249.0 248.0 244.0 241.0 248.0 
255.0 271.0 280.0 276.0 290.0 305.0 317.0 
332.0 342.0 354.0 371.0 382.0 390.0 400.0 
400.0 396.0 398.0 398.0 394.0 392.0 386.0 
374.0 366.0 362.0 353.0 342.0 333.0 320.0 
302.0 283.0 264.0 250.0 228.0 202.0 178.0 
147.0 122.0 100.0 76.0 52.0 29.0 9.0 
-15.0 -39.0 -60.0 -79.0 -97.0 -113.0 -129.0 
-147.0 -163.0 -181.0 -201.0 -216.0 -236.0 -256.0 
-275.0 -301.0 -321.0 -341.0 -357.0 -366.0 -381.0 
-394.0 -403.0 -413.0 -418.0 -423.0 -440.0 -447.0 
-444.0 -451.0 -454.0 -453.0 -455.0 -454.0 -452.0 
-450.0 -444.0 -437.0 -432.0 -431.0 -431.0 -425.0 
-417.0 -413.0 -406.0 -401.0 -394.0 -390.0 -390.0 
-380.0 -375.0 -364.0 -350.0 -341.0 -328.0 -317.0 
-303.0 -287.0 -275.0 -263.0 -246.0 -228.0 -210.0 
-191.0 -172.0 -154.0 -143.0 -124.0 -103.0 -91.0 
-73.0 -59.0 -45.0 -29.0 -18.0 -3.0 12.0 
21.0 40.0 57.0 64.0 82.0 100.0 107.0 
124.0 139.0 148.0 157.0 163.0 173.0 178.0 
182.0 187.0 187.0 186.0 182.0 171.0 162.0 
156.0 145.0 134.0 121.0 107.0 91.0 73.0 
59.0 36.0 10.0 -8.0 -33.0 -55.0 -73.0 
-98.0 -123.0 -144.0 -172.0 -197.0 -217.0 -239.0 
-258.0 -282.0 -312.0 -335.0 -354.0 -381.0 -403.0 
-419.0 -441.0 -464.0 -484.0 -504.0 -524.0 -550.0 
-569.0 -584.0 -607.0 -631.0 -656.0 -678.0 -697.0 
-720.0 -745.0 -761.0 -778.0 -801.0 -827.0 -849.0 
-863.0 -883.0 -901.0 -913.0 -929.0 -946.0 -958.0 
-970.0 -981.0 -988.0 -994.0 -995.0 -999.0 -1001.0 
-997.0 -996.0 -988.0 -979.0 -973.0 -958.0 -945.0 
-935.0 -915.0 -896.0 -880.0 -855.0 -830.0 -806.0 
-782.0 -767.0 -735.0 -699.0 -682.0 -655.0 -626.0 
-588.0 -543.0 -515.0 -501.0 -487.0 -464.0 -453.0 
-439.0 -410.0 -381.0 -356.0 -328.0 -298.0 -277.0 
-258.0 -244.0 -223.0 -174.0 -133.0 -111.0 -78.0 
-66.0 -68.0 -49.0 -14.0 7.0 -32.0 -70.0 
-55.0 -42.0 -30.0 -61.0 -96.0 -56.0 -62.0 
-53.0 16.0 9.0 -27.0 -37.0 -41.0 -52.0 
-37.0 -32.0 -33.0 -27.0 -58.0 -45.0 -62.0 
-84.0 -75.0 -102.0 -93.0 -84.0 -82.0 -88.0 
-106.0 -116.0 -146.0 -170.0 -179.0 -182.0 -186.0 
-226.0 -260.0 -275.0 -322.0 -342.0 -357.0 -400.0 
-416.0 -436.0 -472.0 -518.0 -550.0 -568.0 -606.0 
-637.0 -649.0 -665.0 -708.0 -759.0 -789.0 -799.0 
-814.0 -843.0 -870.0 -903.0 -918.0 -921.0 -936.0 
-951.0 -944.0 -950.0 -972.0 -961.0 -961.0 -963.0 
-951.0 -956.0 -956.0 -953.0 -950.0 -948.0 -941.0 
-929.0 -926.0 -917.0 -922.0 -914.0 -892.0 -901.0 
-872.0 -842.0 -848.0 -822.0 -813.0 -798.0 -758.0 
-751.0 -734.0 -692.0 -685.0 -688.0 -657.0 -634.0 
-617.0 -603.0 -587.0 -570.0 -562.0 -557.0 -553.0 
-545.0 -546.0 -506.0 -478.0 -495.0 -474.0 -489.0 
-501.0 -472.0 -497.0 -522.0 -532.0 -537.0 -471.0 
-437.0 -492.0 -466.0 -449.0 -477.0 -437.0 -380.0 
-336.0 -350.0 -354.0 -309.0 -283.0 -299.0 -290.0 
-223.0 -155.0 -153.0 -126.0 -73.0 -105.0 -44.0 
6.0 -3.0 29.0 34.0 37.0 16.0 34.0 
8.0 -34.0 -9.0 -28.0 0.0 29.0 -26.0 
-47.0 -31.0 -68.0 -128.0 -163.0 -185.0 -212.0 
-242.0 -273.0 -329.0 -359.0 -396.0 -471.0 -484.0 
-514.0 -563.0 -552.0 -576.0 -610.0 -637.0 -677.0 
-692.0 -727.0 -770.0 -780.0 -797.0 -834.0 -864.0 
-882.0 -884.0 -890.0 -922.0 -954.0 -982.0 -984.0 
-985.0 -1002.0 -1011.0 -1020.0 -1025.0 -993.0 -966.0 
-980.0 -960.0 -931.0 -930.0 -915.0 -888.0 -860.0 
-848.0 -830.0 -802.0 -793.0 -770.0 -728.0 -697.0 
-685.0 -668.0 -643.0 -620.0 -591.0 -572.0 -562.0 
-544.0 -533.0 -523.0 -509.0 -496.0 -459.0 -433.0 
-422.0 -387.0 -363.0 -333.0 -301.0 -278.0 -249.0 
-222.0 -189.0 -176.0 -166.0 -131.0 -112.0 -93.0 
-63.0 -46.0 -35.0 -27.0 -10.0 6.0 18.0 
25.0 21.0 14.0 0.0 -4.0 -1.0 -16.0 
-34.0 -50.0 -66.0 -71.0 -88.0 -109.0 -121.0 
-141.0 -157.0 -166.0 -186.0 -200.0 -207.0 -224.0 
-230.0 -230.0 -237.0 -248.0 -258.0 -268.0 -284.0 
-293.0 -296.0 -310.0 -326.0 -334.0 -342.0 -356.0 
-362.0 -358.0 -365.0 -375.0 -375.0 -382.0 -394.0 
-392.0 -390.0 -396.0 -396.0 -400.0 -407.0 -399.0 
-402.0 -408.0 -408.0 -410.0 -404.0 -404.0 -404.0 
-393.0 -382.0 -378.0 -368.0 -351.0 -330.0 -314.0 
-311.0 -307.0 -291.0 -273.0 -264.0 -254.0 -237.0 
-227.0 -218.0 -209.0 -204.0 -197.0 -190.0 -190.0 
-194.0 -187.0 -177.0 -177.0 -174.0 -177.0 -185.0 
-184.0 -191.0 -203.0 -208.0 -221.0 -231.0 -230.0 
-240.0 -260.0 -285.0 -306.0 -326.0 -343.0 -349.0 
-370.0 -390.0 -402.0 -420.0 -437.0 -460.0 -479.0 
-489.0 -503.0 -509.0 -515.0 -526.0 -525.0 -532.0 
-548.0 -559.0 -570.0 -573.0 -578.0 -593.0 -606.0 
-612.0 -612.0 -617.0 -636.0 -647.0 -656.0 -667.0 
-663.0 -664.0 -661.0 -658.0 -657.0 -652.0 -651.0 
-640.0 -624.0 -615.0 -602.0 -585.0 -571.0 -556.0 
-538.0 -519.0 -499.0 -481.0 -466.0 -450.0 -430.0 
-410.0 -386.0 -364.0 -351.0 -333.0 -307.0 -287.0 
-275.0 -256.0 -232.0 -216.0 -195.0 -173.0 -163.0 
-138.0 -104.0 -76.0 -59.0 -34.0 -1.0 -2.0 
5.0 29.0 38.0 53.0 55.0 48.0 50.0 
54.0 63.0 63.0 35.0 23.0 20.0 -2.0 
-6.0 -9.0 -49.0 -75.0 -83.0 -103.0 -112.0 
-136.0 -166.0 -187.0 -216.0 -225.0 -243.0 -273.0 
-292.0 -295.0 -300.0 -314.0 -317.0 -336.0 -356.0 
-381.0 -411.0 -430.0 -449.0 -471.0 -501.0 -520.0 
-537.0 -555.0 -561.0 -573.0 -595.0 -609.0 -610.0 
-628.0 -642.0 -642.0 -651.0 -660.0 -673.0 -682.0 
-699.0 -701.0 -701.0 -719.0 -712.0 -699.0 -681.0 
-680.0 -683.0 -674.0 -686.0 -678.0 -678.0 -699.0 
-669.0 -658.0 -694.0 -673.0 -653.0 -661.0 -654.0 
-647.0 -618.0 -607.0 -598.0 -575.0 -559.0 -551.0 
-547.0 -541.0 -529.0 -497.0 -489.0 -499.0 -494.0 
-499.0 -477.0 -408.0 -359.0 -341.0 -343.0 -352.0 
-365.0 -360.0 -333.0 -326.0 -312.0 -317.0 -331.0 
-316.0 -324.0 -336.0 -345.0 -353.0 -336.0 -348.0 
-354.0 -351.0 -375.0 -342.0 -336.0 -353.0 -314.0 
-308.0 -298.0 -279.0 -281.0 -262.0 -237.0 -223.0 
-210.0 -195.0 -188.0 -192.0 -186.0 -176.0 -169.0 
-162.0 -161.0 -150.0 -131.0 -124.0 -137.0 -130.0 
-131.0 -156.0 -152.0 -160.0 -182.0 -185.0 -194.0 
-216.0 -232.0 -253.0 -269.0 -276.0 -300.0 -319.0 
-325.0 -333.0 -347.0 -370.0 -383.0 -398.0 -419.0 
-439.0 -461.0 -481.0 -504.0 -522.0 -542.0 -568.0 
-588.0 -602.0 -621.0 -637.0 -649.0 -667.0 -682.0 
-691.0 -700.0 -709.0 -718.0 -729.0 -737.0 -743.0 
-752.0 -760.0 -773.0 -791.0 -805.0 -824.0 -842.0 
-853.0 -867.0 -883.0 -895.0 -913.0 -926.0 -933.0 
-943.0 -949.0 -952.0 -954.0 -950.0 -949.0 -944.0 
-931.0 -925.0 -920.0 -909.0 -902.0 -893.0 -884.0 
-872.0 -854.0 -843.0 -834.0 -818.0 -795.0 -772.0 
-747.0 -725.0 -704.0 -675.0 -648.0 -632.0 -610.0 
-579.0 -545.0 -509.0 -476.0 -445.0 -415.0 -394.0 
-365.0 -337.0 -322.0 -298.0 -275.0 -255.0 -237.0 
-218.0 -203.0 -195.0 -176.0 -163.0 -157.0 -145.0 
-139.0 -137.0 -138.0 -148.0 -171.0 -182.0 -185.0 
-201.0 -193.0 -184.0 -182.0 -169.0 -175.0 -165.0 
-162.0 -178.0 -163.0 -175.0 -204.0 -195.0 -192.0 
-192.0 -197.0 -206.0 -229.0 -264.0 -269.0 -296.0 
-307.0 -296.0 -307.0 -292.0 -314.0 -361.0 -382.0 
-398.0 -404.0 -408.0 -422.0 -444.0 -468.0 -503.0 
-530.0 -550.0 -576.0 -590.0 -609.0 -639.0 -652.0 
-671.0 -692.0 -707.0 -730.0 -751.0 -772.0 -799.0 
-791.0 -739.0 -755.0 -779.0 -760.0 -776.0 -747.0 
-722.0 -746.0 -736.0 -729.0 -727.0 -705.0 -736.0 
-765.0 -736.0 -740.0 -766.0 -757.0 -755.0 -762.0 
-760.0 -757.0 -723.0 -724.0 -723.0 -674.0 -684.0 
-689.0 -668.0 -661.0 -645.0 -634.0 -630.0 -623.0 
-603.0 -585.0 -571.0 -559.0 -540.0 -521.0 -501.0 
-487.0 -467.0 -427.0 -405.0 -391.0 -379.0 -366.0 
-342.0 -319.0 -299.0 -279.0 -268.0 -258.0 -241.0 
-233.0 -220.0 -209.0 -204.0 -197.0 -199.0 -184.0 
-174.0 -177.0 -161.0 -154.0 -156.0 -152.0 -149.0 
-137.0 -142.0 -135.0 -119.0 -119.0 -116.0 -124.0 
-122.0 -122.0 -125.0 -114.0 -113.0 -114.0 -122.0 
-123.0 -112.0 -120.0 -131.0 -125.0 -128.0 -135.0 
-142.0 -163.0 -147.0 -121.0 -129.0 -113.0 -101.0 
-114.0 -125.0 -125.0 -118.0 -116.0 -113.0 -109.0 
-121.0 -140.0 -141.0 -149.0 -160.0 -167.0 -192.0 
-185.0 -179.0 -200.0 -188.0 -180.0 -179.0 -177.0 
-230.0 -254.0 -249.0 -251.0 -260.0 -306.0 -282.0 
-264.0 -302.0 -305.0 -299.0 -293.0 -300.0 -314.0 
-318.0 -307.0 -308.0 -323.0 -333.0 -334.0 -329.0 
-331.0 -332.0 -338.0 -332.0 -329.0 -328.0 -311.0 
-298.0 -293.0 -285.0 -277.0 -266.0 -245.0 -233.0 
-228.0 -217.0 -210.0 -204.0 -196.0 -181.0 -173.0 
-188.0 -185.0 -169.0 -164.0 -157.0 -160.0 -163.0 
-161.0 -146.0 -135.0 -149.0 -148.0 -153.0 -151.0 
-137.0 -148.0 -150.0 -149.0 -162.0 -166.0 -151.0 
-135.0 -141.0 -146.0 -151.0 -163.0 -167.0 -170.0 
-168.0 -173.0 -189.0 -193.0 -201.0 -209.0 -213.0 
-218.0 -218.0 -230.0 -245.0 -249.0 -248.0 -244.0 
-259.0 -274.0 -286.0 -301.0 -311.0 -324.0 -329.0 
-324.0 -334.0 -348.0 -347.0 -353.0 -360.0 -347.0 
-336.0 -344.0 -353.0 -342.0 -338.0 -345.0 -345.0 
-345.0 -340.0 -346.0 -353.0 -341.0 -340.0 -348.0 
-350.0 -340.0 -333.0 -330.0 -307.0 -294.0 -288.0 
-270.0 -266.0 -255.0 -243.0 -235.0 -209.0 -202.0 
-205.0 -191.0 -188.0 -193.0 -196.0 -185.0 -181.0 
-175.0 -164.0 -169.0 -155.0 -150.0 -149.0 -142.0 
-144.0 -127.0 -102.0 -86.0 -76.0 -65.0 -50.0 
-12.0 7.0 11.0 58.0 88.0 103.0 129.0 
136.0 162.0 186.0 202.0 231.0 241.0 256.0 
273.0 282.0 305.0 317.0 323.0 332.0 345.0 
358.0 338.0 321.0 322.0 308.0 308.0 307.0 
282.0 258.0 240.0 235.0 215.0 174.0 152.0 
128.0 104.0 93.0 68.0 48.0 25.0 2.0 
-5.0 -32.0 -61.0 -76.0 -102.0 -127.0 -149.0 
-181.0 -195.0 -198.0 -202.0 -198.0 -223.0 -244.0 
-253.0 -262.0 -267.0 -282.0 -288.0 -299.0 -320.0 
-336.0 -350.0 -371.0 -397.0 -418.0 -441.0 -458.0 
-465.0 -487.0 -499.0 -509.0 -528.0 -499.0 -495.0 
-539.0 -554.0 -554.0 -564.0 -578.0 -572.0 -567.0 
-574.0 -581.0 -575.0 -568.0 -578.0 -582.0 -580.0 
-578.0 -574.0 -567.0 -571.0 -575.0 -558.0 -533.0 
-514.0 -495.0 -466.0 -440.0 -414.0 -393.0 -370.0 
-329.0 -306.0 -292.0 -253.0 -230.0 -204.0 -164.0 
-158.0 -146.0 -95.0 -46.0 -11.0 19.0 47.0 
67.0 101.0 149.0 187.0 215.0 237.0 272.0 
306.0 324.0 354.0 377.0 386.0 395.0 398.0 
400.0 407.0 411.0 400.0 396.0 397.0 390.0 
384.0 378.0 362.0 334.0 312.0 290.0 275.0 
256.0 215.0 201.0 194.0 167.0 144.0 127.0 
130.0 110.0 78.0 65.0 27.0 0.0 -12.0 
-31.0 -59.0 -87.0 -109.0 -131.0 -139.0 -151.0 
-167.0 -189.0 -215.0 -266.0 -287.0 -296.0 -342.0 
-339.0 -352.0 -377.0 -390.0 -421.0 -408.0 -405.0 
-419.0 -408.0 -426.0 -453.0 -442.0 -448.0 -493.0 
-499.0 -498.0 -524.0 -552.0 -581.0 -576.0 -575.0 
-600.0 -602.0 -613.0 -640.0 -642.0 -634.0 -637.0 
-634.0 -640.0 -645.0 -629.0 -632.0 -628.0 -615.0 
-613.0 -596.0 -581.0 -577.0 -568.0 -560.0 -549.0 
-537.0 -529.0 -511.0 -494.0 -485.0 -473.0 -458.0 
-447.0 -439.0 -430.0 -419.0 -402.0 -387.0 -378.0 
-366.0 -348.0 -326.0 -310.0 -302.0 -285.0 -264.0 
-248.0 -229.0 -203.0 -179.0 -165.0 -148.0 -123.0 
-99.0 -86.0 -74.0 -57.0 -30.0 4.0 24.0 
43.0 67.0 91.0 117.0 136.0 149.0 163.0 
185.0 216.0 237.0 241.0 268.0 297.0 297.0 
304.0 312.0 328.0 336.0 313.0 302.0 313.0 
315.0 312.0 310.0 294.0 280.0 278.0 278.0 
256.0 237.0 238.0 232.0 218.0 198.0 192.0 
171.0 147.0 148.0 131.0 114.0 93.0 63.0 
39.0 27.0 23.0 13.0 12.0 0.0 -10.0 
-29.0 -39.0 -40.0 -72.0 -74.0 -75.0 -84.0 
-72.0 -88.0 -102.0 -110.0 -132.0 -146.0 -151.0 
-161.0 -168.0 -172.0 -178.0 -181.0 -185.0 -185.0 
-191.0 -203.0 -210.0 -215.0 -220.0 -231.0 -231.0 
-236.0 -247.0 -247.0 -251.0 -251.0 -255.0 -263.0 
-264.0 -268.0 -268.0 -263.0 -264.0 -267.0 -261.0 
-256.0 -248.0 -236.0 -226.0 -205.0 -193.0 -185.0 
-170.0 -158.0 -143.0 -128.0 -116.0 -102.0 -82.0 
-64.0 -49.0 -32.0 -15.0 -4.0 7.0 18.0 
26.0 43.0 59.0 72.0 87.0 101.0 112.0 
120.0 126.0 133.0 149.0 158.0 168.0 192.0 
205.0 209.0 220.0 227.0 229.0 221.0 205.0 
197.0 200.0 207.0 208.0 199.0 212.0 228.0 
221.0 229.0 249.0 256.0 260.0 269.0 272.0 
268.0 262.0 254.0 257.0 261.0 260.0 256.0 
256.0 261.0 247.0 229.0 222.0 226.0 220.0 
196.0 184.0 170.0 161.0 152.0 131.0 129.0 
121.0 98.0 93.0 84.0 65.0 52.0 49.0 
54.0 61.0 51.0 33.0 32.0 27.0 17.0 
18.0 11.0 7.0 11.0 16.0 23.0 17.0 
21.0 35.0 39.0 42.0 49.0 61.0 64.0 
68.0 74.0 73.0 82.0 87.0 91.0 97.0 
99.0 105.0 109.0 112.0 115.0 116.0 121.0 
122.0 116.0 120.0 128.0 129.0 129.0 131.0 
128.0 124.0 123.0 119.0 120.0 122.0 121.0 
121.0 117.0 118.0 126.0 120.0 115.0 119.0 
122.0 126.0 128.0 129.0 137.0 145.0 149.0 
154.0 162.0 164.0 164.0 169.0 170.0 174.0 
178.0 179.0 178.0 171.0 170.0 172.0 168.0 
168.0 164.0 163.0 163.0 155.0 148.0 143.0 
140.0 133.0 121.0 118.0 111.0 97.0 90.0 
80.0 71.0 65.0 59.0 54.0 52.0 49.0 
43.0 39.0 38.0 34.0 28.0 23.0 16.0 
10.0 8.0 7.0 1.0 -4.0 -4.0 -4.0 
-6.0 -7.0 -6.0 -6.0 -4.0 -1.0 -2.0 
-2.0 1.0 6.0 10.0 20.0 31.0 43.0 
49.0 54.0 62.0 73.0 90.0 101.0 110.0 
121.0 128.0 134.0 140.0 146.0 149.0 147.0 
149.0 151.0 148.0 153.0 158.0 159.0 159.0 
158.0 160.0 162.0 163.0 167.0 168.0 170.0 
177.0 179.0 175.0 171.0 167.0 172.0 176.0 
164.0 163.0 170.0 167.0 164.0 159.0 153.0 
152.0 150.0 148.0 145.0 136.0 130.0 123.0 
112.0 101.0 97.0 91.0 77.0 64.0 52.0 
44.0 34.0 22.0 16.0 11.0 2.0 -6.0 
-14.0 -24.0 -31.0 -38.0 -48.0 -53.0 -60.0 
-67.0 -74.0 -81.0 -81.0 -85.0 -87.0 -90.0 
-98.0 -107.0 -116.0 -118.0 -122.0 -126.0 -132.0 
-139.0 -138.0 -138.0 -140.0 -136.0 -132.0 -127.0 
-121.0 -118.0 -112.0 -103.0 -90.0 -75.0 -63.0 
-54.0 -41.0 -30.0 -21.0 -14.0 -6.0 0.0 
4.0 15.0 28.0 34.0 41.0 43.0 48.0 
58.0 64.0 70.0 68.0 69.0 74.0 78.0 
82.0 90.0 97.0 98.0 107.0 112.0 111.0 
123.0 128.0 129.0 144.0 149.0 148.0 161.0 
164.0 167.0 182.0 203.0 223.0 230.0 232.0 
237.0 243.0 234.0 225.0 225.0 218.0 214.0 
205.0 190.0 178.0 164.0 159.0 149.0 122.0 
111.0 93.0 72.0 70.0 50.0 33.0 13.0 
-11.0 -15.0 -38.0 -66.0 -81.0 -99.0 -110.0 
-121.0 -139.0 -164.0 -186.0 -199.0 -223.0 -253.0 
-275.0 -288.0 -303.0 -323.0 -348.0 -369.0 -394.0 
-421.0 -438.0 -457.0 -471.0 -483.0 -494.0 -503.0 
-521.0 -535.0 -542.0 -548.0 -560.0 -572.0 -584.0 
-597.0 -603.0 -606.0 -603.0 -609.0 -612.0 -604.0 
-607.0 -583.0 -567.0 -569.0 -537.0 -519.0 -508.0 
-486.0 -482.0 -468.0 -443.0 -420.0 -400.0 -376.0 
-354.0 -336.0 -311.0 -295.0 -277.0 -255.0 -239.0 
-220.0 -203.0 -188.0 -181.0 -175.0 -167.0 -157.0 
-147.0 -143.0 -133.0 -123.0 -125.0 -118.0 -115.0 
-121.0 -124.0 -129.0 -138.0 -139.0 -142.0 -160.0 
-165.0 -168.0 -185.0 -182.0 -190.0 -199.0 -187.0 
-189.0 -194.0 -188.0 -194.0 -192.0 -169.0 -162.0 
-165.0 -161.0 -168.0 -160.0 -149.0 -145.0 -142.0 
-141.0 -139.0 -148.0 -151.0 -147.0 -158.0 -171.0 
-184.0 -196.0 -209.0 -226.0 -235.0 -237.0 -249.0 
-264.0 -272.0 -291.0 -303.0 -309.0 -325.0 -327.0 
-320.0 -324.0 -332.0 -341.0 -357.0 -371.0 -371.0 
-372.0 -374.0 -376.0 -398.0 -409.0 -408.0 -421.0 
-427.0 -435.0 -444.0 -456.0 -478.0 -487.0 -499.0 
-512.0 -519.0 -529.0 -539.0 -560.0 -575.0 -580.0 
-587.0 -592.0 -600.0 -598.0 -603.0 -620.0 -618.0 
-620.0 -629.0 -624.0 -625.0 -627.0 -620.0 -618.0 
-621.0 -619.0 -614.0 -598.0 -581.0 -577.0 -562.0 
-549.0 -542.0 -513.0 -490.0 -478.0 -462.0 -439.0 
-405.0 -382.0 -367.0 -359.0 -353.0 -334.0 -323.0 
-317.0 -300.0 -278.0 -262.0 -254.0 -234.0 -213.0 
-210.0 -203.0 -190.0 -177.0 -164.0 -143.0 -130.0 
-118.0 -97.0 -94.0 -71.0 -46.0 -48.0 -33.0 
-20.0 -19.0 -14.0 -6.0 -8.0 -12.0 -6.0 
-13.0 -21.0 -28.0 -35.0 -34.0 -42.0 -51.0 
-60.0 -65.0 -67.0 -80.0 -91.0 -105.0 -116.0 
-113.0 -121.0 -135.0 -136.0 -144.0 -157.0 -161.0 
-160.0 -160.0 -164.0 -171.0 -176.0 -180.0 -189.0 
-189.0 -189.0 -204.0 -208.0 -209.0 -218.0 -223.0 
-227.0 -233.0 -239.0 -243.0 -246.0 -250.0 -256.0 
-260.0 -264.0 -271.0 -282.0 -292.0 -303.0 -325.0 
-343.0 -358.0 -377.0 -389.0 -403.0 -416.0 -426.0 
-438.0 -449.0 -464.0 -473.0 -480.0 -490.0 -493.0 
-495.0 -499.0 -512.0 -522.0 -523.0 -533.0 -538.0 
-532.0 -535.0 -533.0 -524.0 -515.0 -506.0 -497.0 
-492.0 -485.0 -472.0 -463.0 -451.0 -433.0 -423.0 
-408.0 -395.0 -390.0 -379.0 -374.0 -366.0 -349.0 
-346.0 -341.0 -329.0 -324.0 -318.0 -315.0 -309.0 
-299.0 -295.0 -290.0 -282.0 -272.0 -261.0 -260.0 
-248.0 -231.0 -221.0 -206.0 -195.0 -180.0 -166.0 
-157.0 -144.0 -131.0 -113.0 -98.0 -85.0 -66.0 
-55.0 -38.0 -20.0 -14.0 -2.0 8.0 9.0 
9.0 9.0 19.0 32.0 36.0 38.0 34.0 
38.0 44.0 43.0 54.0 65.0 66.0 65.0 
71.0 88.0 96.0 97.0 110.0 113.0 115.0 
123.0 125.0 126.0 133.0 137.0 138.0 142.0 
140.0 141.0 138.0 130.0 130.0 123.0 111.0 
99.0 84.0 74.0 55.0 24.0 3.0 -13.0 
-38.0 -62.0 -84.0 -109.0 -132.0 -153.0 -180.0 
-205.0 -231.0 -259.0 -283.0 -305.0 -322.0 -339.0 
-356.0 -372.0 -391.0 -413.0 -429.0 -442.0 -453.0 
-470.0 -486.0 -496.0 -507.0 -522.0 -539.0 -550.0 
-558.0 -568.0 -572.0 -575.0 -582.0 -591.0 -597.0 
-601.0 -605.0 -609.0 -611.0 -610.0 -602.0 -590.0 
-583.0 -580.0 -574.0 -563.0 -552.0 -540.0 -528.0 
-512.0 -497.0 -483.0 -465.0 -455.0 -442.0 -425.0 
-413.0 -395.0 -385.0 -377.0 -361.0 -353.0 -344.0 
-333.0 -324.0 -312.0 -297.0 -282.0 -268.0 -257.0 
-240.0 -218.0 -197.0 -175.0 -153.0 -130.0 -110.0 
-89.0 -70.0 -54.0 -37.0 -20.0 0.0 15.0 
30.0 49.0 58.0 69.0 83.0 91.0 94.0 
82.0 76.0 69.0 56.0 52.0 40.0 25.0 
15.0 -2.0 -19.0 -27.0 -33.0 -37.0 -44.0 
-61.0 -69.0 -78.0 -102.0 -123.0 -131.0 -135.0 
-138.0 -152.0 -168.0 -183.0 -205.0 -217.0 -222.0 
-232.0 -245.0 -260.0 -278.0 -293.0 -310.0 -327.0 
-345.0 -370.0 -387.0 -407.0 -433.0 -444.0 -459.0 
-481.0 -490.0 -503.0 -515.0 -525.0 -538.0 -544.0 
-563.0 -591.0 -598.0 -597.0 -609.0 -617.0 -616.0 
-626.0 -637.0 -630.0 -622.0 -619.0 -616.0 -629.0 
-632.0 -622.0 -614.0 -605.0 -609.0 -606.0 -598.0 
-600.0 -592.0 -585.0 -581.0 -573.0 -576.0 -568.0 
-559.0 -548.0 -526.0 -528.0 -524.0 -504.0 -505.0 
-508.0 -506.0 -501.0 -491.0 -489.0 -495.0 -486.0 
-480.0 -482.0 -480.0 -480.0 -477.0 -486.0 -491.0 
-485.0 -491.0 -487.0 -486.0 -496.0 -484.0 -481.0 
-491.0 -485.0 -482.0 -489.0 -486.0 -488.0 -496.0 
-491.0 -491.0 -496.0 -491.0 -488.0 -488.0 -486.0 
-485.0 -488.0 -479.0 -477.0 -491.0 -479.0 -461.0 
-469.0 -468.0 -452.0 -447.0 -445.0 -443.0 -442.0 
-440.0 -441.0 -442.0 -441.0 -442.0 -452.0 -459.0 
-470.0 -478.0 -478.0 -483.0 -484.0 -487.0 -490.0 
-486.0 -483.0 -481.0 -474.0 -471.0 -471.0 -464.0 
-455.0 -445.0 -436.0 -429.0 -421.0 -411.0 -400.0 
-391.0 -385.0 -378.0 -375.0 -373.0 -367.0 -366.0 
-367.0 -365.0 -368.0 -372.0 -374.0 -379.0 -385.0 
-388.0 -394.0 -401.0 -404.0 -412.0 -421.0 -425.0 
-432.0 -438.0 -442.0 -446.0 -452.0 -461.0 -472.0 
-486.0 -498.0 -512.0 -530.0 -545.0 -561.0 -578.0 
-593.0 -607.0 -624.0 -641.0 -656.0 -671.0 -684.0 
-699.0 -714.0 -728.0 -744.0 -759.0 -771.0 -782.0 
-792.0 -802.0 -812.0 -826.0 -839.0 -849.0 -862.0 
-876.0 -886.0 -899.0 -908.0 -919.0 -934.0 -942.0 
-947.0 -955.0 -961.0 -967.0 -972.0 -981.0 -983.0 
-979.0 -982.0 -980.0 -977.0 -977.0 -973.0 -971.0 
-965.0 -956.0 -952.0 -950.0 -952.0 -952.0 -949.0 
-951.0 -951.0 -949.0 -948.0 -944.0 -940.0 -940.0 
-938.0 -933.0 -922.0 -913.0 -907.0 -890.0 -874.0 
-866.0 -845.0 -833.0 -828.0 -807.0 -798.0 -783.0 
-769.0 -761.0 -742.0 -727.0 -711.0 -700.0 -690.0 
-677.0 -670.0 -654.0 -638.0 -629.0 -622.0 -623.0 
-615.0 -611.0 -601.0 -572.0 -543.0 -556.0 -593.0 
-581.0 -559.0 -547.0 -551.0 -591.0 -599.0 -575.0 
-583.0 -596.0 -583.0 -583.0 -585.0 -578.0 -571.0 
-550.0 -548.0 -567.0 -552.0 -547.0 -566.0 -561.0 
-572.0 -588.0 -586.0 -595.0 -597.0 -611.0 -644.0 
-639.0 -640.0 -662.0 -657.0 -684.0 -713.0 -720.0 
-735.0 -742.0 -756.0 -763.0 -768.0 -782.0 -803.0 
-823.0 -829.0 -839.0 -846.0 -853.0 -855.0 -840.0 
-848.0 -859.0 -858.0 -864.0 -878.0 -885.0 -883.0 
-889.0 -895.0 -900.0 -891.0 -893.0 -888.0 -869.0 
-905.0 -932.0 -916.0 -919.0 -939.0 -929.0 -920.0 
-950.0 -958.0 -968.0 -964.0 -944.0 -984.0 -982.0 
-976.0 -1004.0 -1008.0 -1010.0 -966.0 -952.0 -983.0 
-985.0 -1013.0 -1021.0 -987.0 -984.0 -977.0 -977.0 
-1006.0 -1006.0 -986.0 -965.0 -968.0 -971.0 -971.0 
-948.0 -898.0 -906.0 -888.0 -864.0 -851.0 -817.0 
-806.0 -785.0 -765.0 -726.0 -719.0 -735.0 -709.0 
-681.0 -674.0 -652.0 -616.0 -608.0 -596.0 -588.0 
-598.0 -588.0 -556.0 -533.0 -534.0 -526.0 -529.0 
-533.0 -520.0 -515.0 -513.0 -512.0 -498.0 -485.0 
-483.0 -467.0 -456.0 -453.0 -443.0 -442.0 -447.0 
-442.0 -425.0 -409.0 -428.0 -450.0 -437.0 -427.0 
-430.0 -428.0 -444.0 -456.0 -447.0 -456.0 -453.0 
-468.0 -523.0 -519.0 -496.0 -533.0 -592.0 -639.0 
-622.0 -583.0 -604.0 -641.0 -667.0 -684.0 -674.0 
-682.0 -725.0 -737.0 -737.0 -739.0 -746.0 -778.0 
-776.0 -791.0 -792.0 -768.0 -782.0 -775.0 -780.0 
-807.0 -814.0 -812.0 -812.0 -791.0 -794.0 -806.0 
-821.0 -869.0 -806.0 -782.0 -832.0 -779.0 -760.0 
-772.0 -758.0 -769.0 -774.0 -767.0 -776.0 -770.0 
-757.0 -746.0 -723.0 -710.0 -693.0 -677.0 -647.0 
-632.0 -652.0 -651.0 -647.0 -630.0 -617.0 -626.0 
-604.0 -600.0 -594.0 -580.0 -597.0 -608.0 -625.0 
-614.0 -608.0 -618.0 -599.0 -604.0 -632.0 -647.0 
-646.0 -639.0 -650.0 -667.0 -658.0 -676.0 -699.0 
-689.0 -695.0 -708.0 -725.0 -740.0 -743.0 -752.0 
-776.0 -790.0 -798.0 -838.0 -884.0 -922.0 -962.0 
-982.0 -973.0 -971.0 -1000.0 -1010.0 -977.0 -996.0 
-1056.0 -1065.0 -1053.0 -1048.0 -1072.0 -1091.0 -1095.0 
-1121.0 -1123.0 -1119.0 -1107.0 -1083.0 -1104.0 -1098.0 
-1058.0 -1055.0 -1055.0 -1038.0 -1032.0 -1034.0 -1026.0 
-1025.0 -1026.0 -1014.0 -1018.0 -1031.0 -1029.0 -1009.0 
-991.0 -985.0 -976.0 -955.0 -936.0 -933.0 -929.0 
-903.0 -878.0 -865.0 -846.0 -839.0 -834.0 -819.0 
-817.0 -811.0 -790.0 -773.0 -764.0 -753.0 -741.0 
-721.0 -707.0 -704.0 -693.0 -674.0 -669.0 -663.0 
-648.0 -642.0 -634.0 -626.0 -624.0 -619.0 -614.0 
-612.0 -617.0 -616.0 -613.0 -610.0 -603.0 -598.0 
-590.0 -586.0 -576.0 -560.0 -552.0 -539.0 -532.0 
-523.0 -510.0 -503.0 -491.0 -484.0 -477.0 -464.0 
-460.0 -458.0 -452.0 -447.0 -440.0 -438.0 -435.0 
-432.0 -432.0 -427.0 -420.0 -409.0 -411.0 -424.0 
-417.0 -416.0 -430.0 -433.0 -433.0 -438.0 -446.0 
-460.0 -474.0 -479.0 -491.0 -508.0 -523.0 -539.0 
-552.0 -567.0 -585.0 -600.0 -623.0 -641.0 -652.0 
-665.0 -677.0 -696.0 -706.0 -710.0 -721.0 -731.0 
-743.0 -745.0 -747.0 -753.0 -753.0 -757.0 -765.0 
-767.0 -767.0 -766.0 -765.0 -761.0 -759.0 -753.0 
-751.0 -757.0 -751.0 -751.0 -755.0 -749.0 -747.0 
-740.0 -732.0 -727.0 -722.0 -718.0 -713.0 -707.0 
-707.0 -707.0 -701.0 -698.0 -698.0 -696.0 -698.0 
-698.0 -696.0 -701.0 -700.0 -700.0 -702.0 -699.0 
-701.0 -700.0 -695.0 -697.0 -695.0 -691.0 -688.0 
-682.0 -679.0 -676.0 -674.0 -674.0 -668.0 -660.0 
-653.0 -648.0 -642.0 -632.0 -618.0 -609.0 -599.0 
-589.0 -589.0 -584.0 -574.0 -564.0 -555.0 -551.0 
-544.0 -532.0 -522.0 -514.0 -511.0 -510.0 -506.0 
-508.0 -512.0 -513.0 -514.0 -512.0 -516.0 -517.0 
-511.0 -506.0 -505.0 -511.0 -513.0 -517.0 -516.0 
-506.0 -506.0 -504.0 -505.0 -513.0 -507.0 -493.0 
-492.0 -498.0 -500.0 -496.0 -496.0 -499.0 -494.0 
-485.0 -493.0 -503.0 -486.0 -482.0 -486.0 -490.0 
-499.0 -491.0 -489.0 -490.0 -479.0 -463.0 -450.0 
-453.0 -461.0 -466.0 -464.0 -461.0 -456.0 -439.0 
-430.0 -430.0 -426.0 -424.0 -433.0 -442.0 -444.0 
-442.0 -440.0 -450.0 -450.0 -447.0 -450.0 -429.0 
-426.0 -430.0 -402.0 -397.0 -409.0 -395.0 -387.0 
-397.0 -392.0 -381.0 -385.0 -387.0 -389.0 -393.0 
-404.0 -419.0 -408.0 -410.0 -418.0 -405.0 -410.0 
-430.0 -437.0 -437.0 -434.0 -443.0 -472.0 -492.0 
-500.0 -505.0 -484.0 -491.0 -528.0 -524.0 -528.0 
-550.0 -545.0 -545.0 -560.0 -566.0 -571.0 -583.0 
-583.0 -602.0 -622.0 -628.0 -649.0 -651.0 -655.0 
-665.0 -664.0 -677.0 -684.0 -673.0 -673.0 -693.0 
-699.0 -696.0 -691.0 -684.0 -692.0 -686.0 -681.0 
-683.0 -681.0 -675.0 -656.0 -654.0 -651.0 -641.0 
-645.0 -642.0 -632.0 -630.0 -631.0 -635.0 -635.0 
-638.0 -637.0 -628.0 -632.0 -639.0 -643.0 -646.0 
-649.0 -656.0 -656.0 -652.0 -654.0 -652.0 -647.0 
-642.0 -636.0 -628.0 -624.0 -623.0 -616.0 -609.0 
-597.0 -582.0 -572.0 -560.0 -546.0 -533.0 -521.0 
-511.0 -499.0 -483.0 -462.0 -444.0 -427.0 -407.0 
-386.0 -365.0 -348.0 -326.0 -298.0 -270.0 -242.0 
-211.0 -183.0 -155.0 -127.0 -99.0 -71.0 -51.0 
-30.0 -4.0 14.0 32.0 52.0 66.0 78.0 
91.0 98.0 107.0 120.0 127.0 128.0 133.0 
137.0 134.0 136.0 136.0 128.0 128.0 125.0 
119.0 114.0 103.0 96.0 85.0 71.0 59.0 
46.0 35.0 18.0 -1.0 -19.0 -33.0 -50.0 
-68.0 -85.0 -109.0 -129.0 -140.0 -160.0 -184.0 
-198.0 -217.0 -241.0 -260.0 -282.0 -305.0 -327.0 
-350.0 -370.0 -389.0 -415.0 -434.0 -452.0 -478.0 
-497.0 -515.0 -533.0 -552.0 -570.0 -577.0 -584.0 
-598.0 -610.0 -618.0 -628.0 -640.0 -647.0 -655.0 
-666.0 -674.0 -684.0 -687.0 -684.0 -682.0 -679.0 
-682.0 -681.0 -674.0 -666.0 -654.0 -644.0 -634.0 
-622.0 -610.0 -594.0 -581.0 -565.0 -548.0 -535.0 
-520.0 -504.0 -490.0 -477.0 -467.0 -454.0 -435.0 
-416.0 -396.0 -378.0 -363.0 -344.0 -319.0 -297.0 
-279.0 -262.0 -243.0 -219.0 -197.0 -176.0 -151.0 
-132.0 -113.0 -93.0 -77.0 -58.0 -38.0 -25.0 
-7.0 9.0 22.0 38.0 55.0 72.0 87.0 
100.0 118.0 128.0 133.0 140.0 149.0 156.0 
159.0 163.0 163.0 162.0 158.0 157.0 155.0 
157.0 157.0 152.0 147.0 138.0 126.0 116.0 
100.0 86.0 75.0 58.0 42.0 26.0 7.0 
-11.0 -32.0 -54.0 -74.0 -94.0 -113.0 -131.0 
-151.0 -166.0 -179.0 -193.0 -205.0 -217.0 -231.0 
-249.0 -269.0 -287.0 -305.0 -326.0 -345.0 -361.0 
-378.0 -397.0 -415.0 -429.0 -448.0 -464.0 -474.0 
-483.0 -493.0 -497.0 -498.0 -501.0 -498.0 -503.0 
-503.0 -494.0 -493.0 -488.0 -481.0 -472.0 -464.0 
-455.0 -446.0 -431.0 -415.0 -407.0 -389.0 -378.0 
-368.0 -346.0 -332.0 -317.0 -294.0 -278.0 -259.0 
-243.0 -229.0 -210.0 -193.0 -179.0 -166.0 -153.0 
-145.0 -139.0 -134.0 -129.0 -124.0 -126.0 -126.0 
-128.0 -135.0 -137.0 -143.0 -148.0 -149.0 -157.0 
-170.0 -181.0 -191.0 -203.0 -213.0 -226.0 -235.0 
-235.0 -243.0 -245.0 -251.0 -260.0 -253.0 -256.0 
-263.0 -265.0 -274.0 -277.0 -282.0 -286.0 -290.0 
-294.0 -301.0 -310.0 -308.0 -306.0 -309.0 -311.0 
-306.0 -301.0 -304.0 -304.0 -311.0 -315.0 -306.0 
-307.0 -320.0 -329.0 -340.0 -344.0 -341.0 -340.0 
-337.0 -339.0 -332.0 -321.0 -321.0 -326.0 -318.0 
-309.0 -305.0 -289.0 -277.0 -267.0 -247.0 -229.0 
-214.0 -201.0 -191.0 -184.0 -173.0 -163.0 -158.0 
-144.0 -134.0 -129.0 -107.0 -97.0 -107.0 -99.0 
-94.0 -78.0 -56.0 -69.0 -69.0 -62.0 -70.0 
-72.0 -78.0 -80.0 -68.0 -71.0 -88.0 -97.0 
-99.0 -101.0 -105.0 -104.0 -109.0 -124.0 -136.0 
-147.0 -158.0 -170.0 -182.0 -186.0 -183.0 -181.0 
-195.0 -204.0 -196.0 -198.0 -209.0 -217.0 -225.0 
-241.0 -259.0 -273.0 -286.0 -309.0 -335.0 -345.0 
-340.0 -337.0 -366.0 -381.0 -379.0 -404.0 -419.0 
-407.0 -387.0 -381.0 -373.0 -370.0 -367.0 -344.0 
-340.0 -336.0 -318.0 -308.0 -300.0 -300.0 -296.0 
-285.0 -283.0 -275.0 -283.0 -285.0 -264.0 -259.0 
-262.0 -270.0 -268.0 -253.0 -254.0 -256.0 -254.0 
-263.0 -263.0 -255.0 -257.0 -262.0 -266.0 -262.0 
-259.0 -265.0 -282.0 -293.0 -296.0 -315.0 -322.0 
-316.0 -337.0 -355.0 -355.0 -364.0 -379.0 -370.0 
-378.0 -398.0 -394.0 -409.0 -426.0 -419.0 -411.0 
-410.0 -403.0 -397.0 -390.0 -378.0 -382.0 -364.0 
-345.0 -345.0 -332.0 -323.0 -313.0 -298.0 -284.0 
-270.0 -261.0 -257.0 -248.0 -230.0 -213.0 -199.0 
-190.0 -179.0 -176.0 -176.0 -166.0 -159.0 -153.0 
-160.0 -167.0 -163.0 -166.0 -156.0 -154.0 -186.0 
-201.0 -211.0 -211.0 -197.0 -196.0 -197.0 -211.0 
-205.0 -182.0 -181.0 -180.0 -191.0 -194.0 -173.0 
-187.0 -197.0 -180.0 -163.0 -126.0 -107.0 -109.0 
-93.0 -67.0 -66.0 -58.0 -46.0 -66.0 -58.0 
-69.0 -62.0 -34.0 -77.0 -52.0 -12.0 -33.0 
-30.0 -34.0 -51.0 -58.0 -69.0 -71.0 -61.0 
-79.0 -87.0 -85.0 -97.0 -109.0 -117.0 -119.0 
-142.0 -144.0 -143.0 -159.0 -145.0 -150.0 -174.0 
-178.0 -181.0 -196.0 -203.0 -198.0 -205.0 -216.0 
-208.0 -205.0 -215.0 -221.0 -224.0 -208.0 -196.0 
-207.0 -212.0 -207.0 -208.0 -202.0 -188.0 -181.0 
-165.0 -152.0 -144.0 -120.0 -109.0 -99.0 -75.0 
-75.0 -72.0 -70.0 -69.0 -59.0 -59.0 -42.0 
-35.0 -35.0 -19.0 -13.0 -3.0 19.0 29.0 
41.0 53.0 57.0 74.0 85.0 89.0 103.0 
107.0 110.0 119.0 117.0 120.0 133.0 135.0 
130.0 135.0 149.0 157.0 156.0 163.0 175.0 
183.0 192.0 197.0 199.0 207.0 207.0 207.0 
215.0 216.0 223.0 229.0 224.0 226.0 229.0 
226.0 220.0 208.0 194.0 185.0 176.0 166.0 
152.0 131.0 114.0 101.0 84.0 70.0 53.0 
33.0 17.0 1.0 -15.0 -28.0 -41.0 -50.0 
-51.0 -56.0 -58.0 -59.0 -60.0 -55.0 -54.0 
-50.0 -44.0 -40.0 -32.0 -31.0 -33.0 -31.0 
-37.0 -40.0 -40.0 -48.0 -58.0 -70.0 -86.0 
-101.0 -115.0 -129.0 -142.0 -159.0 -178.0 -199.0 
-220.0 -236.0 -251.0 -266.0 -279.0 -293.0 -304.0 
-312.0 -324.0 -334.0 -339.0 -346.0 -351.0 -352.0 
-353.0 -358.0 -353.0 -348.0 -353.0 -347.0 -335.0 
-335.0 -328.0 -315.0 -309.0 -301.0 -300.0 -297.0 
-291.0 -289.0 -289.0 -290.0 -286.0 -282.0 -282.0 
-288.0 -293.0 -296.0 -304.0 -314.0 -321.0 -332.0 
-344.0 -353.0 -365.0 -373.0 -379.0 -388.0 -391.0 
-387.0 -384.0 -383.0 -378.0 -369.0 -360.0 -346.0 
-332.0 -318.0 -302.0 -285.0 -268.0 -251.0 -234.0 
-215.0 -194.0 -175.0 -157.0 -138.0 -112.0 -93.0 
-76.0 -51.0 -35.0 -15.0 7.0 24.0 46.0 
60.0 74.0 94.0 109.0 125.0 140.0 153.0 
168.0 180.0 193.0 206.0 214.0 223.0 230.0 
235.0 244.0 249.0 254.0 262.0 262.0 263.0 
270.0 269.0 268.0 269.0 264.0 260.0 255.0 
248.0 241.0 232.0 225.0 216.0 208.0 200.0 
188.0 175.0 165.0 154.0 143.0 132.0 120.0 
107.0 95.0 81.0 65.0 49.0 29.0 6.0 
-14.0 -40.0 -72.0 -98.0 -125.0 -156.0 -188.0 
-222.0 -256.0 -289.0 -323.0 -359.0 -395.0 -429.0 
-461.0 -486.0 -508.0 -532.0 -554.0 -568.0 -584.0 
-599.0 -605.0 -615.0 -623.0 -630.0 -641.0 -646.0 
-651.0 -655.0 -660.0 -662.0 -659.0 -658.0 -654.0 
-650.0 -647.0 -643.0 -639.0 -632.0 -627.0 -623.0 
-615.0 -608.0 -598.0 -588.0 -574.0 -560.0 -545.0 
-530.0 -516.0 -504.0 -488.0 -469.0 -451.0 -436.0 
-420.0 -403.0 -389.0 -375.0 -359.0 -343.0 -328.0 
-311.0 -292.0 -273.0 -253.0 -233.0 -216.0 -198.0 
-180.0 -164.0 -145.0 -128.0 -114.0 -97.0 -83.0 
-66.0 -49.0 -37.0 -23.0 -9.0 0.0 13.0 
24.0 32.0 43.0 52.0 61.0 69.0 73.0 
78.0 86.0 87.0 88.0 92.0 92.0 92.0 
91.0 90.0 87.0 84.0 79.0 71.0 68.0 
57.0 43.0 33.0 19.0 6.0 -9.0 -23.0 
-35.0 -49.0 -61.0 -73.0 -85.0 -96.0 -108.0 
-121.0 -131.0 -142.0 -154.0 -165.0 -177.0 -190.0 
-204.0 -215.0 -228.0 -245.0 -256.0 -268.0 -283.0 
-294.0 -310.0 -325.0 -333.0 -346.0 -358.0 -367.0 
-376.0 -381.0 -386.0 -395.0 -398.0 -405.0 -417.0 
-422.0 -430.0 -433.0 -434.0 -442.0 -446.0 -451.0 
-454.0 -459.0 -467.0 -474.0 -480.0 -487.0 -498.0 
-508.0 -516.0 -525.0 -534.0 -544.0 -552.0 -559.0 
-565.0 -568.0 -574.0 -576.0 -580.0 -586.0 -588.0 
-590.0 -589.0 -586.0 -584.0 -583.0 -583.0 -580.0 
-575.0 -570.0 -563.0 -555.0 -547.0 -542.0 -530.0 
-520.0 -510.0 -496.0 -488.0 -480.0 -467.0 -453.0 
-441.0 -430.0 -419.0 -410.0 -391.0 -373.0 -363.0 
-350.0 -347.0 -346.0 -339.0 -338.0 -351.0 -372.0 
-349.0 -331.0 -339.0 -319.0 -333.0 -353.0 -339.0 
-338.0 -328.0 -324.0 -334.0 -307.0 -273.0 -288.0 
-317.0 -279.0 -234.0 -248.0 -218.0 -194.0 -220.0 
-207.0 -169.0 -173.0 -168.0 -137.0 -155.0 -153.0 
-131.0 -143.0 -145.0 -141.0 -124.0 -123.0 -131.0 
-120.0 -114.0 -110.0 -119.0 -106.0 -108.0 -113.0 
-82.0 -91.0 -97.0 -88.0 -92.0 -88.0 -95.0 
-113.0 -129.0 -125.0 -111.0 -86.0 -77.0 -119.0 
-141.0 -129.0 -114.0 -113.0 -139.0 -146.0 -146.0 
-150.0 -131.0 -146.0 -155.0 -129.0 -130.0 -148.0 
-160.0 -177.0 -197.0 -206.0 -220.0 -219.0 -224.0 
-246.0 -268.0 -296.0 -310.0 -329.0 -343.0 -361.0 
-389.0 -402.0 -409.0 -409.0 -417.0 -428.0 -431.0 
-443.0 -454.0 -462.0 -479.0 -486.0 -489.0 -493.0 
-499.0 -514.0 -520.0 -524.0 -528.0 -537.0 -547.0 
-538.0 -543.0 -545.0 -539.0 -557.0 -552.0 -546.0 
-560.0 -562.0 -563.0 -566.0 -559.0 -541.0 -543.0 
-537.0 -522.0 -523.0 -507.0 -498.0 -488.0 -474.0 
-478.0 -465.0 -450.0 -432.0 -404.0 -399.0 -389.0 
-371.0 -353.0 -334.0 -316.0 -294.0 -281.0 -257.0 
-229.0 -219.0 -201.0 -188.0 -176.0 -163.0 -149.0 
-120.0 -106.0 -90.0 -72.0 -64.0 -42.0 -29.0 
-18.0 0.0 5.0 15.0 21.0 25.0 36.0 
37.0 45.0 56.0 48.0 41.0 40.0 44.0 
48.0 47.0 46.0 43.0 43.0 45.0 45.0 
40.0 27.0 17.0 14.0 5.0 -10.0 -7.0 
-20.0 -46.0 -43.0 -59.0 -72.0 -78.0 -100.0 
-110.0 -131.0 -156.0 -167.0 -180.0 -208.0 -232.0 
-247.0 -271.0 -289.0 -318.0 -349.0 -366.0 -406.0 
-442.0 -473.0 -509.0 -532.0 -564.0 -604.0 -622.0 
-626.0 -643.0 -662.0 -675.0 -692.0 -705.0 -710.0 
-731.0 -747.0 -731.0 -739.0 -758.0 -771.0 -768.0 
-748.0 -717.0 -683.0 -698.0 -698.0 -690.0 -679.0 
-636.0 -625.0 -622.0 -623.0 -604.0 -588.0 -559.0 
-492.0 -510.0 -496.0 -444.0 -471.0 -445.0 -416.0 
-428.0 -386.0 -364.0 -363.0 -332.0 -320.0 -316.0 
-291.0 -291.0 -276.0 -247.0 -261.0 -243.0 -215.0 
-214.0 -186.0 -162.0 -160.0 -158.0 -140.0 -130.0 
-120.0 -100.0 -104.0 -95.0 -90.0 -95.0 -92.0 
-84.0 -48.0 -52.0 -93.0 -95.0 -93.0 -105.0 
-103.0 -84.0 -93.0 -100.0 -87.0 -104.0 -103.0 
-102.0 -126.0 -145.0 -174.0 -158.0 -156.0 -216.0 
-212.0 -213.0 -246.0 -229.0 -243.0 -260.0 -257.0 
-289.0 -277.0 -260.0 -299.0 -307.0 -316.0 -331.0 
-317.0 -343.0 -354.0 -343.0 -359.0 -385.0 -386.0 
-368.0 -391.0 -386.0 -379.0 -408.0 -396.0 -418.0 
-433.0 -389.0 -397.0 -427.0 -415.0 -405.0 -423.0 
-416.0 -403.0 -405.0 -388.0 -384.0 -378.0 -374.0 
-372.0 -345.0 -342.0 -363.0 -339.0 -309.0 -329.0 
-323.0 -301.0 -291.0 -273.0 -276.0 -260.0 -232.0 
-244.0 -244.0 -222.0 -223.0 -218.0 -198.0 -208.0 
-211.0 -210.0 -228.0 -235.0 -236.0 -231.0 -246.0 
-260.0 -273.0 -289.0 -274.0 -271.0 -261.0 -262.0 
-315.0 -330.0 -319.0 -350.0 -389.0 -417.0 -446.0 
-471.0 -502.0 -525.0 -519.0 -541.0 -560.0 -522.0 
-528.0 -560.0 -568.0 -589.0 -598.0 -596.0 -617.0 
-643.0 -639.0 -640.0 -654.0 -667.0 -692.0 -702.0 
-707.0 -705.0 -718.0 -732.0 -711.0 -721.0 -729.0 
-723.0 -734.0 -726.0 -724.0 -715.0 -707.0 -726.0 
-716.0 -705.0 -719.0 -706.0 -670.0 -670.0 -665.0 
-629.0 -632.0 -621.0 -596.0 -609.0 -605.0 -601.0 
-599.0 -588.0 -584.0 -587.0 -597.0 -579.0 -571.0 
-575.0 -553.0 -566.0 -558.0 -521.0 -537.0 -529.0 
-512.0 -525.0 -501.0 -479.0 -475.0 -451.0 -426.0 
-433.0 -451.0 -428.0 -402.0 -420.0 -425.0 -409.0 
-410.0 -399.0 -391.0 -394.0 -383.0 -392.0 -409.0 
-411.0 -407.0 -406.0 -425.0 -439.0 -439.0 -440.0 
-450.0 -459.0 -458.0 -471.0 -496.0 -506.0 -513.0 
-518.0 -518.0 -522.0 -530.0 -555.0 -579.0 -599.0 
-613.0 -616.0 -631.0 -640.0 -650.0 -655.0 -649.0 
-653.0 -662.0 -680.0 -692.0 -711.0 -734.0 -747.0 
-774.0 -785.0 -782.0 -781.0 -767.0 -754.0 -764.0 
-781.0 -778.0 -784.0 -799.0 -794.0 -792.0 -807.0 
-816.0 -827.0 -845.0 -832.0 -798.0 -778.0 -757.0 
-763.0 -787.0 -794.0 -795.0 -803.0 -822.0 -818.0 
-810.0 -826.0 -789.0 -745.0 -751.0 -761.0 -759.0 
-749.0 -773.0 -842.0 -873.0 -861.0 -867.0 -873.0 
-880.0 -901.0 -890.0 -877.0 -905.0 -893.0 -882.0 
-870.0 -836.0 -843.0 -811.0 -790.0 -802.0 -799.0 
-816.0 -820.0 -825.0 -819.0 -793.0 -770.0 -752.0 
-739.0 -699.0 -673.0 -677.0 -683.0 -666.0 -622.0 
-618.0 -613.0 -562.0 -536.0 -553.0 -550.0 -500.0 
-469.0 -443.0 -411.0 -387.0 -358.0 -346.0 -319.0 
-289.0 -276.0 -271.0 -263.0 -224.0 -206.0 -199.0 
-183.0 -193.0 -177.0 -149.0 -149.0 -139.0 -141.0 
-146.0 -138.0 -136.0 -131.0 -131.0 -129.0 -118.0 
-115.0 -111.0 -108.0 -129.0 -143.0 -148.0 -178.0 
-189.0 -186.0 -205.0 -227.0 -262.0 -299.0 -321.0 
-340.0 -349.0 -363.0 -400.0 -428.0 -445.0 -475.0 
-499.0 -520.0 -545.0 -556.0 -571.0 -608.0 -630.0 
-643.0 -661.0 -669.0 -702.0 -710.0 -697.0 -742.0 
-753.0 -740.0 -752.0 -782.0 -799.0 -787.0 -836.0 
-874.0 -894.0 -893.0 -873.0 -899.0 -915.0 -944.0 
-959.0 -956.0 -947.0 -931.0 -955.0 -953.0 -940.0 
-975.0 -995.0 -956.0 -950.0 -956.0 -933.0 -950.0 
-935.0 -896.0 -896.0 -904.0 -898.0 -858.0 -822.0 
-836.0 -823.0 -779.0 -734.0 -689.0 -705.0 -682.0 
-606.0 -573.0 -557.0 -541.0 -516.0 -477.0 -490.0 
-506.0 -462.0 -435.0 -401.0 -393.0 -384.0 -347.0 
-355.0 -362.0 -371.0 -358.0 -318.0 -309.0 -307.0 
-305.0 -293.0 -280.0 -293.0 -289.0 -281.0 -289.0 
-292.0 -300.0 -310.0 -319.0 -324.0 -334.0 -340.0 
-344.0 -363.0 -379.0 -375.0 -387.0 -408.0 -395.0 
-399.0 -409.0 -406.0 -404.0 -407.0 -431.0 -418.0 
-406.0 -428.0 -437.0 -440.0 -432.0 -432.0 -448.0 
-475.0 -490.0 -488.0 -496.0 -479.0 -465.0 -473.0 
-485.0 -496.0 -488.0 -497.0 -498.0 -495.0 -504.0 
-495.0 -512.0 -495.0 -468.0 -471.0 -451.0 -474.0 
-489.0 -485.0 -501.0 -508.0 -526.0 -546.0 -536.0 
-508.0 -524.0 -533.0 -530.0 -576.0 -567.0 -548.0 
-582.0 -583.0 -601.0 -630.0 -622.0 -603.0 -573.0 
-590.0 -630.0 -608.0 -586.0 -582.0 -567.0 -601.0 
-583.0 -543.0 -572.0 -555.0 -556.0 -562.0 -490.0 
-460.0 -473.0 -433.0 -409.0 -424.0 -419.0 -401.0 
-395.0 -384.0 -371.0 -397.0 -358.0 -325.0 -351.0 
-309.0 -294.0 -300.0 -296.0 -306.0 -271.0 -237.0 
-229.0 -205.0 -188.0 -189.0 -193.0 -176.0 -151.0 
-143.0 -130.0 -130.0 -112.0 -86.0 -92.0 -89.0 
-76.0 -60.0 -61.0 -39.0 -8.0 -24.0 -29.0 
-5.0 20.0 25.0 28.0 52.0 72.0 64.0 
74.0 105.0 82.0 78.0 89.0 66.0 79.0 
94.0 94.0 90.0 77.0 88.0 85.0 58.0 
71.0 84.0 54.0 54.0 59.0 39.0 39.0 
31.0 37.0 28.0 0.0 12.0 -3.0 -16.0 
-2.0 -6.0 -5.0 -13.0 -6.0 1.0 -9.0 
-1.0 -12.0 -18.0 -20.0 -36.0 -16.0 -31.0 
-54.0 -36.0 -60.0 -78.0 -59.0 -64.0 -84.0 
-67.0 -69.0 -113.0 -123.0 -126.0 -146.0 -149.0 
-159.0 -181.0 -200.0 -216.0 -222.0 -226.0 -237.0 
-259.0 -272.0 -270.0 -273.0 -273.0 -263.0 -263.0 
-266.0 -254.0 -232.0 -205.0 -200.0 -212.0 -193.0 
-176.0 -197.0 -192.0 -163.0 -161.0 -160.0 -156.0 
-151.0 -151.0 -150.0 -134.0 -127.0 -120.0 -112.0 
-109.0 -116.0 -138.0 -167.0 -194.0 -196.0 -198.0 
-227.0 -243.0 -270.0 -304.0 -267.0 -250.0 -269.0 
-259.0 -278.0 -294.0 -286.0 -286.0 -292.0 -288.0 
-281.0 -267.0 -235.0 -217.0 -198.0 -184.0 -178.0 
-175.0 -153.0 -105.0 -83.0 -53.0 -38.0 -35.0 
-15.0 -12.0 -13.0 -3.0 20.0 30.0 28.0 
42.0 42.0 25.0 24.0 34.0 25.0 21.0 
25.0 15.0 19.0 6.0 -18.0 -15.0 -33.0 
-57.0 -64.0 -80.0 -75.0 -74.0 -99.0 -105.0 
-91.0 -85.0 -114.0 -134.0 -131.0 -147.0 -149.0 
-176.0 -205.0 -188.0 -167.0 -141.0 -138.0 -132.0 
-105.0 -89.0 -82.0 -90.0 -90.0 -95.0 -109.0 
-111.0 -122.0 -138.0 -144.0 -138.0 -140.0 -139.0 
-139.0 -140.0 -95.0 -84.0 -76.0 -53.0 -80.0 
-80.0 -66.0 -39.0 -12.0 -28.0 -27.0 -24.0 
-36.0 -17.0 13.0 12.0 13.0 26.0 25.0 
35.0 43.0 17.0 24.0 39.0 9.0 -1.0 
-11.0 -18.0 -15.0 -22.0 -18.0 -19.0 -39.0 
-37.0 -40.0 -62.0 -61.0 -74.0 -74.0 -82.0 
-98.0 -97.0 -117.0 -129.0 -145.0 -148.0 -170.0 
-187.0 -173.0 -189.0 -205.0 -216.0 -232.0 -261.0 
-272.0 -274.0 -306.0 -324.0 -326.0 -341.0 -356.0 
-350.0 -368.0 -395.0 -400.0 -403.0 -393.0 -395.0 
-417.0 -421.0 -424.0 -444.0 -451.0 -456.0 -482.0 
-502.0 -507.0 -517.0 -540.0 -548.0 -547.0 -563.0 
-574.0 -582.0 -593.0 -589.0 -588.0 -581.0 -566.0 
-553.0 -541.0 -539.0 -521.0 -491.0 -472.0 -459.0 
-442.0 -404.0 -375.0 -355.0 -317.0 -283.0 -264.0 
-241.0 -212.0 -185.0 -160.0 -137.0 -116.0 -94.0 
-72.0 -66.0 -50.0 -31.0 -35.0 -26.0 -26.0 
-25.0 -15.0 -26.0 -32.0 -29.0 -44.0 -62.0 
-82.0 -105.0 -110.0 -127.0 -145.0 -153.0 -173.0 
-189.0 -206.0 -217.0 -221.0 -229.0 -233.0 -257.0 
-311.0 -352.0 -367.0 -355.0 -334.0 -341.0 -356.0 
-383.0 -402.0 -391.0 -375.0 -364.0 -373.0 -395.0 
-396.0 -398.0 -421.0 -420.0 -423.0 -445.0 -439.0 
-439.0 -451.0 -437.0 -432.0 -439.0 -435.0 -447.0 
-426.0 -387.0 -404.0 -408.0 -405.0 -404.0 -403.0 
-408.0 -400.0 -429.0 -444.0 -438.0 -450.0 -463.0 
-461.0 -455.0 -512.0 -546.0 -497.0 -489.0 -520.0 
-528.0 -531.0 -542.0 -557.0 -560.0 -564.0 -584.0 
-607.0 -636.0 -652.0 -658.0 -662.0 -651.0 -656.0 
-673.0 -677.0 -688.0 -682.0 -677.0 -693.0 -701.0 
-715.0 -699.0 -683.0 -677.0 -660.0 -675.0 -667.0 
-663.0 -661.0 -637.0 -627.0 -601.0 -576.0 -560.0 
-543.0 -523.0 -494.0 -476.0 -451.0 -386.0 -336.0 
-303.0 -257.0 -226.0 -200.0 -172.0 -162.0 -127.0 
-70.0 -57.0 -33.0 3.0 21.0 36.0 54.0 
73.0 85.0 113.0 125.0 128.0 143.0 157.0 
163.0 150.0 152.0 161.0 147.0 126.0 122.0 
132.0 125.0 112.0 105.0 98.0 78.0 73.0 
78.0 50.0 52.0 43.0 13.0 22.0 0.0 
-18.0 -23.0 -56.0 -60.0 -81.0 -113.0 -128.0 
-157.0 -177.0 -196.0 -215.0 -225.0 -237.0 -257.0 
-266.0 -260.0 -283.0 -309.0 -310.0 -304.0 -305.0 
-304.0 -307.0 -320.0 -310.0 -303.0 -313.0 -296.0 
-288.0 -299.0 -277.0 -276.0 -304.0 -306.0 -305.0 
-285.0 -268.0 -295.0 -295.0 -277.0 -289.0 -287.0 
-276.0 -292.0 -292.0 -280.0 -286.0 -272.0 -270.0 
-279.0 -267.0 -271.0 -287.0 -285.0 -282.0 -300.0 
-292.0 -276.0 -292.0 -297.0 -305.0 -328.0 -324.0 
-321.0 -338.0 -352.0 -372.0 -388.0 -393.0 -390.0 
-391.0 -401.0 -407.0 -405.0 -389.0 -378.0 -373.0 
-364.0 -362.0 -348.0 -332.0 -323.0 -298.0 -293.0 
-280.0 -248.0 -247.0 -230.0 -217.0 -210.0 -201.0 
-195.0 -164.0 -165.0 -191.0 -196.0 -182.0 -189.0 
-206.0 -159.0 -173.0 -192.0 -163.0 -186.0 -170.0 
-221.0 -259.0 -203.0 -210.0 -213.0 -222.0 -231.0 
-236.0 -233.0 -203.0 -189.0 -173.0 -184.0 -180.0 
-135.0 -150.0 -142.0 -75.0 -50.0 -43.0 -28.0 
8.0 28.0 -4.0 -34.0 -40.0 -40.0 -53.0 
-51.0 -61.0 -77.0 -106.0 -112.0 -89.0 -108.0 
-84.0 -138.0 -211.0 -205.0 -253.0 -210.0 -161.0 
-212.0 -222.0 -193.0 -225.0 -281.0 -269.0 -280.0 
-296.0 -264.0 -247.0 -249.0 -278.0 -353.0 -401.0 
-415.0 -443.0 -428.0 -400.0 -405.0 -439.0 -478.0 
-521.0 -542.0 -493.0 -488.0 -520.0 -557.0 -573.0 
-590.0 -624.0 -572.0 -555.0 -598.0 -608.0 -634.0 
-655.0 -636.0 -682.0 -698.0 -638.0 -683.0 -707.0 
-738.0 -739.0 -657.0 -690.0 -663.0 -666.0 -726.0 
-661.0 -659.0 -657.0 -611.0 -637.0 -639.0 -630.0 
-621.0 -564.0 -564.0 -576.0 -516.0 -476.0 -476.0 
-491.0 -514.0 -520.0 -489.0 -445.0 -399.0 -368.0 
-377.0 -384.0 -405.0 -384.0 -304.0 -323.0 -357.0 
-333.0 -330.0 -321.0 -307.0 -290.0 -268.0 -254.0 
-261.0 -309.0 -301.0 -300.0 -344.0 -302.0 -292.0 
-244.0 -172.0 -253.0 -229.0 -176.0 -219.0 -176.0 
-187.0 -237.0 -197.0 -149.0 -107.0 -115.0 -137.0 
-127.0 -175.0 -193.0 -137.0 -129.0 -180.0 -190.0 
-170.0 -213.0 -212.0 -192.0 -242.0 -243.0 -264.0 
-310.0 -282.0 -309.0 -347.0 -341.0 -356.0 -345.0 
-389.0 -437.0 -417.0 -433.0 -484.0 -514.0 -516.0 
-510.0 -502.0 -505.0 -524.0 -550.0 -550.0 -552.0 
-558.0 -557.0 -551.0 -524.0 -544.0 -566.0 -566.0 
-545.0 -579.0 -606.0 -526.0 -515.0 -539.0 -551.0 
-535.0 -506.0 -506.0 -464.0 -458.0 -486.0 -491.0 
-506.0 -518.0 -506.0 -488.0 -478.0 -465.0 -454.0 
-493.0 -494.0 -484.0 -499.0 -471.0 -446.0 -421.0 
-431.0 -450.0 -435.0 -419.0 -398.0 -380.0 -351.0 
-343.0 -354.0 -328.0 -309.0 -350.0 -360.0 -343.0 
-334.0 -319.0 -331.0 -329.0 -336.0 -330.0 -313.0 
-340.0 -343.0 -310.0 -309.0 -330.0 -340.0 -363.0 
-354.0 -349.0 -362.0 -361.0 -381.0 -366.0 -335.0 
-329.0 -318.0 -301.0 -302.0 -349.0 -352.0 -311.0 
-340.0 -341.0 -298.0 -293.0 -292.0 -307.0 -292.0 
-304.0 -332.0 -291.0 -306.0 -329.0 -315.0 -348.0 
-356.0 -320.0 -362.0 -406.0 -385.0 -389.0 -386.0 
-380.0 -422.0 -421.0 -402.0 -416.0 -418.0 -431.0 
-442.0 -477.0 -515.0 -496.0 -502.0 -500.0 -469.0 
-464.0 -470.0 -465.0 -459.0 -482.0 -470.0 -455.0 
-491.0 -489.0 -473.0 -486.0 -474.0 -477.0 -509.0 
-534.0 -542.0 -529.0 -565.0 -591.0 -550.0 -568.0 
-612.0 -591.0 -577.0 -590.0 -571.0 -553.0 -534.0 
-498.0 -502.0 -486.0 -447.0 -441.0 -430.0 -411.0 
-396.0 -385.0 -372.0 -357.0 -348.0 -314.0 -283.0 
-285.0 -270.0 -256.0 -263.0 -237.0 -214.0 -225.0 
-219.0 -225.0 -236.0 -217.0 -215.0 -217.0 -214.0 
-224.0 -231.0 -223.0 -215.0 -241.0 -249.0 -239.0 
-264.0 -291.0 -295.0 -302.0 -332.0 -333.0 -317.0 
-349.0 -367.0 -379.0 -412.0 -423.0 -424.0 -435.0 
-449.0 -455.0 -479.0 -504.0 -532.0 -546.0 -531.0 
-551.0 -566.0 -550.0 -554.0 -586.0 -623.0 -649.0 
-671.0 -723.0 -748.0 -723.0 -769.0 -797.0 -797.0 
-836.0 -832.0 -852.0 -876.0 -880.0 -913.0 -914.0 
-912.0 -938.0 -953.0 -953.0 -945.0 -946.0 -954.0 
-961.0 -952.0 -926.0 -924.0 -916.0 -859.0 -834.0 
-850.0 -832.0 -830.0 -843.0 -793.0 -770.0 -767.0 
-765.0 -819.0 -790.0 -715.0 -706.0 -717.0 -728.0 
-706.0 -630.0 -590.0 -594.0 -575.0 -561.0 -554.0 
-511.0 -486.0 -499.0 -457.0 -399.0 -400.0 -387.0 
-348.0 -365.0 -353.0 -309.0 -344.0 -363.0 -339.0 
-348.0 -351.0 -336.0 -314.0 -295.0 -287.0 -287.0 
-289.0 -286.0 -288.0 -297.0 -296.0 -282.0 -281.0 
-281.0 -280.0 -296.0 -312.0 -321.0 -306.0 -298.0 
-311.0 -305.0 -298.0 -322.0 -337.0 -328.0 -331.0 
-340.0 -354.0 -370.0 -360.0 -355.0 -382.0 -404.0 
-387.0 -400.0 -426.0 -403.0 -419.0 -430.0 -416.0 
-439.0 -457.0 -487.0 -499.0 -502.0 -562.0 -597.0 
-597.0 -612.0 -632.0 -652.0 -667.0 -682.0 -687.0 
-686.0 -704.0 -716.0 -710.0 -725.0 -725.0 -723.0 
-751.0 -753.0 -759.0 -773.0 -757.0 -762.0 -777.0 
-785.0 -794.0 -773.0 -759.0 -772.0 -762.0 -747.0 
-730.0 -697.0 -702.0 -687.0 -637.0 -626.0 -621.0 
-617.0 -579.0 -546.0 -550.0 -508.0 -486.0 -484.0 
-451.0 -436.0 -420.0 -391.0 -375.0 -355.0 -322.0 
-306.0 -305.0 -319.0 -318.0 -305.0 -299.0 -297.0 
-315.0 -314.0 -319.0 -342.0 -342.0 -343.0 -369.0 
-375.0 -349.0 -350.0 -337.0 -316.0 -310.0 -302.0 
-311.0 -307.0 -296.0 -298.0 -297.0 -301.0 -311.0 
-321.0 -328.0 -330.0 -335.0 -347.0 -348.0 -356.0 
-359.0 -349.0 -350.0 -359.0 -358.0 -360.0 -372.0 
-366.0 -367.0 -371.0 -366.0 -375.0 -358.0 -351.0 
-376.0 -365.0 -364.0 -368.0 -337.0 -332.0 -336.0 
-328.0 -320.0 -308.0 -306.0 -305.0 -287.0 -275.0 
-275.0 -270.0 -264.0 -256.0 -252.0 -244.0 -237.0 
-242.0 -239.0 -232.0 -232.0 -240.0 -246.0 -248.0 
-254.0 -250.0 -247.0 -251.0 -243.0 -237.0 -249.0 
-247.0 -232.0 -237.0 -238.0 -228.0 -213.0 -196.0 
-198.0 -198.0 -212.0 -234.0 -218.0 -223.0 -230.0 
-213.0 -242.0 -245.0 -217.0 -239.0 -221.0 -203.0 
-227.0 -212.0 -233.0 -245.0 -240.0 -257.0 -239.0 
-252.0 -249.0 -239.0 -269.0 -264.0 -278.0 -277.0 
-256.0 -267.0 -250.0 -248.0 -224.0 -173.0 -177.0 
-160.0 -136.0 -127.0 -112.0 -102.0 -81.0 -58.0 
-43.0 -21.0 -8.0 -21.0 -16.0 9.0 39.0 
62.0 54.0 57.0 67.0 70.0 85.0 78.0 
65.0 75.0 81.0 79.0 84.0 97.0 106.0 
114.0 117.0 127.0 136.0 142.0 157.0 152.0 
151.0 158.0 144.0 146.0 157.0 150.0 153.0 
164.0 171.0 164.0 160.0 174.0 178.0 176.0 
180.0 191.0 197.0 187.0 201.0 221.0 207.0 
210.0 225.0 222.0 232.0 220.0 210.0 221.0 
197.0 199.0 215.0 196.0 191.0 180.0 165.0 
165.0 143.0 119.0 121.0 131.0 128.0 120.0 
125.0 129.0 118.0 118.0 126.0 120.0 124.0 
129.0 128.0 132.0 124.0 120.0 117.0 114.0 
121.0 124.0 116.0 121.0 121.0 108.0 111.0 
101.0 94.0 99.0 89.0 82.0 72.0 75.0 
68.0 59.0 77.0 71.0 58.0 54.0 47.0 
38.0 21.0 10.0 3.0 6.0 -1.0 -9.0 
-11.0 -25.0 -29.0 -29.0 -37.0 -35.0 -54.0 
-73.0 -74.0 -92.0 -97.0 -97.0 -105.0 -115.0 
-125.0 -125.0 -135.0 -157.0 -166.0 -169.0 -186.0 
-199.0 -204.0 -213.0 -229.0 -239.0 -250.0 -278.0 
-298.0 -296.0 -311.0 -336.0 -338.0 -357.0 -383.0 
-387.0 -400.0 -411.0 -433.0 -446.0 -437.0 -448.0 
-452.0 -455.0 -456.0 -452.0 -468.0 -466.0 -453.0 
-448.0 -431.0 -427.0 -428.0 -424.0 -421.0 -403.0 
-392.0 -371.0 -345.0 -328.0 -306.0 -295.0 -274.0 
-256.0 -245.0 -216.0 -203.0 -195.0 -175.0 -163.0 
-150.0 -129.0 -117.0 -110.0 -93.0 -75.0 -67.0 
-62.0 -52.0 -46.0 -33.0 -21.0 -10.0 6.0 
6.0 20.0 38.0 37.0 47.0 62.0 78.0 
94.0 99.0 101.0 124.0 135.0 128.0 132.0 
127.0 133.0 134.0 136.0 139.0 124.0 129.0 
120.0 107.0 99.0 93.0 93.0 78.0 65.0 
61.0 49.0 33.0 30.0 23.0 -6.0 -32.0 
-49.0 -74.0 -99.0 -116.0 -135.0 -163.0 -174.0 
-194.0 -236.0 -266.0 -296.0 -318.0 -342.0 -369.0 
-390.0 -424.0 -444.0 -459.0 -478.0 -493.0 -517.0 
-526.0 -528.0 -544.0 -561.0 -574.0 -591.0 -609.0 
-620.0 -628.0 -641.0 -643.0 -653.0 -675.0 -669.0 
-671.0 -685.0 -679.0 -688.0 -694.0 -677.0 -675.0 
-671.0 -654.0 -651.0 -635.0 -617.0 -605.0 -582.0 
-581.0 -558.0 -518.0 -503.0 -484.0 -487.0 -478.0 
-482.0 -525.0 -493.0 -458.0 -488.0 -440.0 -384.0 
-413.0 -385.0 -315.0 -303.0 -267.0 -218.0 -225.0 
-213.0 -184.0 -179.0 -165.0 -134.0 -114.0 -133.0 
-142.0 -108.0 -88.0 -72.0 -55.0 -57.0 -53.0 
-35.0 -22.0 -31.0 -21.0 3.0 38.0 85.0 
97.0 95.0 120.0 138.0 144.0 170.0 190.0 
197.0 201.0 213.0 221.0 228.0 242.0 220.0 
202.0 158.0 115.0 135.0 107.0 94.0 117.0 
82.0 57.0 73.0 52.0 -1.0 -31.0 -47.0 
-70.0 -136.0 -152.0 -155.0 -223.0 -237.0 -264.0 
-297.0 -308.0 -353.0 -365.0 -392.0 -447.0 -483.0 
-524.0 -563.0 -596.0 -619.0 -654.0 -700.0 -737.0 
-772.0 -802.0 -843.0 -870.0 -885.0 -914.0 -935.0 
-969.0 -994.0 -1000.0 -1046.0 -1072.0 -1066.0 -1095.0 
-1111.0 -1117.0 -1135.0 -1142.0 -1152.0 -1141.0 -1129.0 
-1139.0 -1136.0 -1131.0 -1136.0 -1133.0 -1115.0 -1089.0 
-1078.0 -1076.0 -1046.0 -1034.0 -1045.0 -1004.0 -990.0 
-1009.0 -987.0 -962.0 -931.0 -901.0 -908.0 -910.0 
-878.0 -843.0 -819.0 -798.0 -768.0 -738.0 -711.0 
-676.0 -660.0 -662.0 -623.0 -579.0 -559.0 -518.0 
-508.0 -517.0 -488.0 -475.0 -461.0 -438.0 -424.0 
-418.0 -406.0 -401.0 -416.0 -389.0 -354.0 -362.0 
-349.0 -338.0 -377.0 -357.0 -327.0 -358.0 -362.0 
-373.0 -376.0 -376.0 -389.0 -368.0 -352.0 -342.0 
-352.0 -389.0 -400.0 -385.0 -370.0 -374.0 -397.0 
-414.0 -401.0 -421.0 -473.0 -477.0 -480.0 -506.0 
-552.0 -575.0 -577.0 -601.0 -609.0 -653.0 -670.0 
-649.0 -683.0 -693.0 -706.0 -742.0 -734.0 -740.0 
-766.0 -774.0 -804.0 -815.0 -804.0 -825.0 -832.0 
-839.0 -844.0 -839.0 -847.0 -840.0 -840.0 -861.0 
-861.0 -854.0 -847.0 -817.0 -814.0 -815.0 -785.0 
-782.0 -777.0 -748.0 -734.0 -724.0 -717.0 -706.0 
-696.0 -702.0 -701.0 -710.0 -722.0 -718.0 -718.0 
-720.0 -719.0 -719.0 -740.0 -749.0 -724.0 -727.0 
-733.0 -713.0 -706.0 -707.0 -693.0 -672.0 -669.0 
-662.0 -641.0 -615.0 -597.0 -592.0 -568.0 -546.0 
-523.0 -504.0 -486.0 -457.0 -450.0 -434.0 -414.0 
-393.0 -379.0 -375.0 -354.0 -343.0 -324.0 -313.0 
-325.0 -321.0 -319.0 -330.0 -341.0 -333.0 -321.0 
-340.0 -351.0 -345.0 -363.0 -372.0 -371.0 -366.0 
-365.0 -396.0 -391.0 -373.0 -382.0 -378.0 -380.0 
-379.0 -388.0 -385.0 -379.0 -410.0 -424.0 -426.0 
-418.0 -418.0 -442.0 -448.0 -456.0 -456.0 -457.0 
-479.0 -494.0 -507.0 -526.0 -537.0 -543.0 -556.0 
-569.0 -574.0 -579.0 -598.0 -614.0 -616.0 -635.0 
-665.0 -675.0 -673.0 -678.0 -680.0 -684.0 -706.0 
-726.0 -733.0 -742.0 -741.0 -730.0 -733.0 -740.0 
-734.0 -723.0 -728.0 -741.0 -735.0 -721.0 -720.0 
-720.0 -708.0 -704.0 -710.0 -712.0 -715.0 -724.0 
-745.0 -752.0 -749.0 -748.0 -752.0 -766.0 -762.0 
-765.0 -755.0 -735.0 -742.0 -733.0 -730.0 -741.0 
-735.0 -739.0 -748.0 -742.0 -744.0 -744.0 -733.0 
-727.0 -717.0 -714.0 -723.0 -715.0 -698.0 -691.0 
-674.0 -649.0 -642.0 -638.0 -629.0 -625.0 -609.0 
-594.0 -579.0 -566.0 -564.0 -542.0 -525.0 -515.0 
-497.0 -492.0 -486.0 -465.0 -448.0 -438.0 -422.0 
-399.0 -380.0 -363.0 -343.0 -329.0 -320.0 -304.0 
-286.0 -265.0 -251.0 -242.0 -234.0 -227.0 -215.0 
-210.0 -206.0 -206.0 -215.0 -216.0 -217.0 -229.0 
-235.0 -246.0 -262.0 -274.0 -287.0 -303.0 -321.0 
-334.0 -346.0 -364.0 -383.0 -401.0 -424.0 -436.0 
-450.0 -481.0 -503.0 -520.0 -547.0 -566.0 -588.0 
-615.0 -636.0 -661.0 -676.0 -688.0 -710.0 -728.0 
-744.0 -763.0 -770.0 -775.0 -794.0 -814.0 -828.0 
-837.0 -833.0 -829.0 -843.0 -851.0 -843.0 -840.0 
-833.0 -825.0 -826.0 -827.0 -824.0 -818.0 -801.0 
-789.0 -785.0 -772.0 -766.0 -758.0 -737.0 -725.0 
-725.0 -719.0 -705.0 -696.0 -680.0 -666.0 -649.0 
-640.0 -622.0 -603.0 -604.0 -580.0 -559.0 -536.0 
-495.0 -481.0 -473.0 -458.0 -438.0 -415.0 -415.0 
-420.0 -416.0 -406.0 -403.0 -396.0 -390.0 -404.0 
-396.0 -391.0 -401.0 -402.0 -412.0 -398.0 -395.0 
-420.0 -428.0 -430.0 -414.0 -399.0 -393.0 -406.0 
-433.0 -425.0 -426.0 -435.0 -444.0 -468.0 -471.0 
-471.0 -486.0 -506.0 -519.0 -527.0 -537.0 -545.0 
-563.0 -575.0 -572.0 -584.0 -618.0 -636.0 -637.0 
-652.0 -649.0 -651.0 -664.0 -665.0 -685.0 -686.0 
-677.0 -697.0 -704.0 -709.0 -722.0 -720.0 -731.0 
-753.0 -754.0 -775.0 -806.0 -811.0 -844.0 -863.0 
-853.0 -883.0 -911.0 -907.0 -912.0 -925.0 -941.0 
-967.0 -967.0 -948.0 -973.0 -991.0 -987.0 -988.0 
-976.0 -962.0 -928.0 -920.0 -920.0 -884.0 -861.0 
-853.0 -849.0 -838.0 -817.0 -817.0 -811.0 -792.0 
-797.0 -802.0 -803.0 -825.0 -827.0 -812.0 -833.0 
-853.0 -863.0 -874.0 -875.0 -880.0 -880.0 -874.0 
-880.0 -880.0 -870.0 -858.0 -855.0 -850.0 -841.0 
-835.0 -818.0 -807.0 -808.0 -789.0 -774.0 -765.0 
-740.0 -724.0 -712.0 -699.0 -692.0 -678.0 -655.0 
-647.0 -638.0 -611.0 -597.0 -584.0 -571.0 -568.0 
-563.0 -559.0 -551.0 -543.0 -541.0 -535.0 -532.0 
-533.0 -532.0 -533.0 -529.0 -522.0 -522.0 -528.0 
-534.0 -539.0 -552.0 -565.0 -574.0 -582.0 -598.0 
-620.0 -629.0 -639.0 -656.0 -663.0 -668.0 -684.0 
-688.0 -687.0 -696.0 -698.0 -707.0 -714.0 -716.0 
-729.0 -737.0 -735.0 -738.0 -745.0 -747.0 -758.0 
-765.0 -762.0 -769.0 -771.0 -764.0 -771.0 -771.0 
-764.0 -769.0 -778.0 -782.0 -777.0 -778.0 -784.0 
-788.0 -784.0 -785.0 -794.0 -793.0 -789.0 -788.0 
-784.0 -786.0 -782.0 -778.0 -780.0 -774.0 -775.0 
-773.0 -762.0 -758.0 -751.0 -740.0 -722.0 -708.0 
-704.0 -695.0 -681.0 -671.0 -659.0 -646.0 -639.0 
-634.0 -623.0 -613.0 -608.0 -597.0 -588.0 -583.0 
-575.0 -569.0 -564.0 -565.0 -560.0 -544.0 -538.0 
-529.0 -529.0 -527.0 -513.0 -512.0 -503.0 -504.0 
-515.0 -510.0 -509.0 -511.0 -511.0 -516.0 -527.0 
-529.0 -517.0 -513.0 -516.0 -519.0 -519.0 -526.0 
-532.0 -532.0 -527.0 -526.0 -517.0 -514.0 -533.0 
-546.0 -552.0 -551.0 -550.0 -524.0 -517.0 -563.0 
-588.0 -599.0 -613.0 -625.0 -637.0 -633.0 -606.0 
-623.0 -652.0 -622.0 -607.0 -647.0 -680.0 -659.0 
-658.0 -669.0 -660.0 -678.0 -693.0 -697.0 -689.0 
-699.0 -711.0 -695.0 -709.0 -728.0 -696.0 -694.0 
-730.0 -713.0 -708.0 -726.0 -739.0 -774.0 -763.0 
-754.0 -760.0 -747.0 -754.0 -750.0 -739.0 -743.0 
-746.0 -754.0 -756.0 -741.0 -728.0 -729.0 -705.0 
-681.0 -677.0 -665.0 -657.0 -646.0 -628.0 -628.0 
-614.0 -579.0 -581.0 -555.0 -510.0 -538.0 -535.0 
-475.0 -450.0 -450.0 -439.0 -407.0 -379.0 -357.0 
-342.0 -339.0 -328.0 -311.0 -284.0 -259.0 -265.0 
-255.0 -235.0 -231.0 -236.0 -237.0 -213.0 -192.0 
-176.0 -189.0 -193.0 -169.0 -155.0 -135.0 -145.0 
-153.0 -125.0 -100.0 -100.0 -98.0 -75.0 -83.0 
-78.0 -52.0 -55.0 -55.0 -51.0 -68.0 -79.0 
-83.0 -88.0 -76.0 -89.0 -109.0 -123.0 -143.0 
-149.0 -175.0 -193.0 -199.0 -228.0 -241.0 -253.0 
-269.0 -274.0 -286.0 -297.0 -300.0 -305.0 -324.0 
-346.0 -373.0 -397.0 -385.0 -391.0 -405.0 -394.0 
-410.0 -418.0 -410.0 -421.0 -424.0 -424.0 -424.0 
-428.0 -448.0 -454.0 -461.0 -473.0 -472.0 -480.0 
-483.0 -476.0 -486.0 -506.0 -505.0 -503.0 -507.0 
-507.0 -518.0 -516.0 -508.0 -524.0 -525.0 -526.0 
-534.0 -528.0 -534.0 -543.0 -561.0 -569.0 -551.0 
-546.0 -549.0 -561.0 -572.0 -574.0 -572.0 -563.0 
-555.0 -543.0 -540.0 -537.0 -527.0 -520.0 -507.0 
-492.0 -479.0 -461.0 -454.0 -442.0 -410.0 -390.0 
-376.0 -356.0 -343.0 -338.0 -331.0 -326.0 -318.0 
-301.0 -287.0 -273.0 -256.0 -245.0 -235.0 -226.0 
-213.0 -195.0 -185.0 -178.0 -167.0 -153.0 -145.0 
-137.0 -120.0 -109.0 -103.0 -100.0 -89.0 -76.0 
-71.0 -64.0 -57.0 -46.0 -42.0 -40.0 -30.0 
-30.0 -36.0 -36.0 -27.0 -20.0 -25.0 -22.0 
-20.0 -24.0 -22.0 -22.0 -27.0 -25.0 -17.0 
-15.0 -16.0 -13.0 -14.0 -11.0 -2.0 -2.0 
-2.0 -1.0 -4.0 -5.0 -5.0 -5.0 -10.0 
-14.0 -18.0 -20.0 -21.0 -29.0 -34.0 -44.0 
-60.0 -67.0 -78.0 -92.0 -103.0 -119.0 -140.0 
-156.0 -175.0 -196.0 -213.0 -234.0 -253.0 -269.0 
-291.0 -308.0 -325.0 -351.0 -364.0 -376.0 -397.0 
-413.0 -431.0 -444.0 -451.0 -468.0 -482.0 -488.0 
-490.0 -496.0 -511.0 -519.0 -528.0 -538.0 -545.0 
-551.0 -544.0 -545.0 -546.0 -545.0 -545.0 -540.0 
-542.0 -547.0 -557.0 -570.0 -576.0 -577.0 -579.0 
-581.0 -581.0 -583.0 -583.0 -586.0 -584.0 -576.0 
-570.0 -567.0 -567.0 -558.0 -549.0 -544.0 -535.0 
-526.0 -516.0 -503.0 -493.0 -479.0 -463.0 -451.0 
-440.0 -427.0 -413.0 -402.0 -390.0 -379.0 -371.0 
-361.0 -349.0 -335.0 -324.0 -313.0 -298.0 -288.0 
-279.0 -266.0 -255.0 -243.0 -226.0 -215.0 -206.0 
-197.0 -192.0 -185.0 -172.0 -160.0 -151.0 -143.0 
-137.0 -119.0 -98.0 -94.0 -94.0 -90.0 -80.0 
-73.0 -69.0 -54.0 -55.0 -57.0 -41.0 -33.0 
-19.0 0.0 12.0 25.0 34.0 46.0 63.0 
75.0 84.0 100.0 112.0 104.0 101.0 109.0 
101.0 93.0 95.0 97.0 97.0 93.0 86.0 
83.0 77.0 78.0 77.0 60.0 60.0 59.0 
44.0 31.0 17.0 5.0 -3.0 -13.0 -39.0 
-68.0 -84.0 -100.0 -118.0 -138.0 -164.0 -190.0 
-204.0 -223.0 -256.0 -264.0 -262.0 -289.0 -312.0 
-320.0 -351.0 -390.0 -410.0 -432.0 -451.0 -470.0 
-507.0 -531.0 -528.0 -529.0 -550.0 -570.0 -576.0 
-590.0 -609.0 -607.0 -611.0 -628.0 -637.0 -654.0 
-666.0 -680.0 -690.0 -671.0 -674.0 -683.0 -678.0 
-679.0 -671.0 -664.0 -661.0 -649.0 -631.0 -620.0 
-604.0 -584.0 -585.0 -568.0 -530.0 -509.0 -487.0 
-467.0 -449.0 -419.0 -399.0 -385.0 -365.0 -354.0 
-338.0 -315.0 -301.0 -283.0 -268.0 -257.0 -229.0 
-221.0 -219.0 -207.0 -198.0 -165.0 -158.0 -169.0 
-154.0 -125.0 -87.0 -78.0 -64.0 -42.0 -39.0 
-20.0 -8.0 -6.0 0.0 -2.0 6.0 13.0 
16.0 45.0 70.0 75.0 75.0 64.0 62.0 
67.0 62.0 67.0 72.0 83.0 86.0 76.0 
78.0 73.0 66.0 69.0 65.0 45.0 34.0 
28.0 13.0 3.0 -10.0 -37.0 -47.0 -48.0 
-70.0 -83.0 -92.0 -109.0 -123.0 -135.0 -145.0 
-156.0 -161.0 -164.0 -184.0 -200.0 -202.0 -213.0 
-222.0 -219.0 -226.0 -233.0 -234.0 -244.0 -259.0 
-267.0 -268.0 -273.0 -279.0 -282.0 -284.0 -287.0 
-294.0 -302.0 -305.0 -313.0 -312.0 -303.0 -308.0 
-314.0 -310.0 -300.0 -300.0 -300.0 -299.0 -303.0 
-306.0 -305.0 -294.0 -288.0 -280.0 -275.0 -278.0 
-270.0 -266.0 -264.0 -258.0 -264.0 -264.0 -265.0 
-272.0 -258.0 -247.0 -250.0 -250.0 -244.0 -232.0 
-225.0 -223.0 -228.0 -228.0 -213.0 -215.0 -222.0 
-215.0 -213.0 -206.0 -209.0 -211.0 -211.0 -211.0 
-207.0 -228.0 -231.0 -220.0 -220.0 -214.0 -235.0 
-248.0 -249.0 -262.0 -271.0 -285.0 -287.0 -299.0 
-313.0 -306.0 -327.0 -331.0 -316.0 -328.0 -336.0 
-340.0 -340.0 -340.0 -346.0 -347.0 -338.0 -327.0 
-326.0 -321.0 -318.0 -319.0 -322.0 -316.0 -311.0 
-312.0 -311.0 -312.0 -288.0 -269.0 -258.0 -238.0 
-246.0 -245.0 -223.0 -219.0 -214.0 -209.0 -199.0 
-177.0 -160.0 -141.0 -144.0 -140.0 -115.0 -108.0 
-97.0 -84.0 -70.0 -59.0 -63.0 -64.0 -65.0 
-55.0 -58.0 -75.0 -68.0 -62.0 -83.0 -101.0 
-108.0 -120.0 -112.0 -121.0 -157.0 -171.0 -180.0 
-189.0 -201.0 -218.0 -218.0 -223.0 -236.0 -242.0 
-227.0 -211.0 -229.0 -245.0 -248.0 -253.0 -256.0 
-258.0 -248.0 -245.0 -261.0 -276.0 -290.0 -291.0 
-289.0 -303.0 -315.0 -315.0 -320.0 -326.0 -325.0 
-336.0 -349.0 -343.0 -342.0 -354.0 -357.0 -358.0 
-369.0 -374.0 -375.0 -378.0 -378.0 -380.0 -385.0 
-388.0 -395.0 -392.0 -395.0 -413.0 -420.0 -424.0 
-426.0 -428.0 -441.0 -450.0 -458.0 -464.0 -460.0 
-459.0 -457.0 -458.0 -465.0 -469.0 -471.0 -465.0 
-465.0 -466.0 -459.0 -454.0 -445.0 -434.0 -426.0 
-415.0 -403.0 -393.0 -378.0 -365.0 -352.0 -340.0 
-330.0 -318.0 -306.0 -297.0 -284.0 -271.0 -261.0 
-251.0 -245.0 -238.0 -230.0 -222.0 -214.0 -206.0 
-203.0 -204.0 -200.0 -200.0 -204.0 -207.0 -207.0 
-210.0 -211.0 -210.0 -213.0 -218.0 -222.0 -228.0 
-233.0 -235.0 -231.0 -224.0 -224.0 -228.0 -225.0 
-222.0 -224.0 -219.0 -214.0 -218.0 -220.0 -221.0 
-223.0 -225.0 -227.0 -233.0 -244.0 -253.0 -261.0 
-267.0 -274.0 -292.0 -313.0 -322.0 -329.0 -332.0 
-342.0 -361.0 -363.0 -376.0 -393.0 -396.0 -404.0 
-415.0 -426.0 -441.0 -452.0 -469.0 -488.0 -500.0 
-513.0 -524.0 -534.0 -549.0 -560.0 -572.0 -586.0 
-592.0 -594.0 -600.0 -609.0 -616.0 -620.0 -619.0 
-618.0 -632.0 -644.0 -648.0 -657.0 -669.0 -676.0 
-670.0 -669.0 -672.0 -674.0 -674.0 -671.0 -670.0 
-664.0 -660.0 -656.0 -645.0 -641.0 -635.0 -617.0 
-601.0 -591.0 -578.0 -565.0 -550.0 -531.0 -518.0 
-504.0 -493.0 -486.0 -473.0 -463.0 -454.0 -448.0 
-448.0 -441.0 -435.0 -428.0 -420.0 -420.0 -416.0 
-409.0 -403.0 -398.0 -393.0 -385.0 -378.0 -377.0 
-379.0 -375.0 -370.0 -370.0 -368.0 -363.0 -364.0 
-367.0 -361.0 -355.0 -351.0 -348.0 -351.0 -351.0 
-355.0 -364.0 -359.0 -353.0 -356.0 -355.0 -354.0 
-348.0 -339.0 -342.0 -336.0 -330.0 -329.0 -324.0 
-333.0 -333.0 -324.0 -320.0 -317.0 -323.0 -330.0 
-332.0 -338.0 -349.0 -354.0 -362.0 -377.0 -389.0 
-398.0 -396.0 -399.0 -432.0 -461.0 -448.0 -463.0 
-497.0 -491.0 -498.0 -518.0 -504.0 -504.0 -515.0 
-537.0 -567.0 -566.0 -621.0 -656.0 -659.0 -708.0 
-695.0 -701.0 -772.0 -788.0 -806.0 -855.0 -812.0 
-810.0 -886.0 -884.0 -881.0 -897.0 -884.0 -853.0 
-890.0 -889.0 -844.0 -891.0 -860.0 -795.0 -780.0 
-776.0 -788.0 -757.0 -724.0 -747.0 -770.0 -744.0 
-751.0 -779.0 -761.0 -775.0 -777.0 -734.0 -728.0 
-744.0 -731.0 -715.0 -728.0 -750.0 -766.0 -759.0 
-776.0 -785.0 -763.0 -771.0 -776.0 -777.0 -774.0 
-767.0 -750.0 -751.0 -758.0 -720.0 -720.0 -724.0 
-654.0 -608.0 -591.0 -577.0 -568.0 -568.0 -547.0 
-483.0 -533.0 -558.0 -506.0 -551.0 -567.0 -525.0 
-499.0 -460.0 -480.0 -491.0 -424.0 -379.0 -372.0 
-404.0 -390.0 -371.0 -356.0 -328.0 -338.0 -350.0 
-358.0 -302.0 -284.0 -312.0 -278.0 -260.0 -274.0 
-266.0 -265.0 -272.0 -229.0 -201.0 -198.0 -190.0 
-194.0 -195.0 -203.0 -200.0 -179.0 -195.0 -204.0 
-202.0 -233.0 -232.0 -241.0 -257.0 -263.0 -290.0 
-299.0 -309.0 -335.0 -352.0 -369.0 -391.0 -395.0 
-412.0 -431.0 -440.0 -457.0 -467.0 -475.0 -493.0 
-520.0 -534.0 -545.0 -557.0 -566.0 -579.0 -590.0 
-599.0 -611.0 -618.0 -624.0 -629.0 -629.0 -648.0 
-662.0 -650.0 -649.0 -653.0 -662.0 -670.0 -661.0 
-651.0 -644.0 -639.0 -649.0 -646.0 -629.0 -628.0 
-621.0 -601.0 -600.0 -591.0 -567.0 -562.0 -550.0 
-537.0 -533.0 -515.0 -494.0 -479.0 -464.0 -450.0 
-442.0 -427.0 -408.0 -388.0 -367.0 -348.0 -336.0 
-321.0 -302.0 -285.0 -269.0 -257.0 -236.0 -216.0 
-207.0 -191.0 -165.0 -142.0 -132.0 -121.0 -100.0 
-84.0 -79.0 -69.0 -62.0 -57.0 -46.0 -43.0 
-40.0 -35.0 -36.0 -39.0 -38.0 -45.0 -55.0 
-67.0 -80.0 -88.0 -100.0 -116.0 -124.0 -134.0 
-146.0 -154.0 -175.0 -184.0 -187.0 -202.0 -211.0 
-224.0 -231.0 -234.0 -249.0 -259.0 -271.0 -280.0 
-281.0 -294.0 -306.0 -311.0 -322.0 -323.0 -326.0 
-338.0 -342.0 -346.0 -357.0 -368.0 -382.0 -394.0 
-404.0 -421.0 -435.0 -441.0 -452.0 -472.0 -490.0 
-486.0 -474.0 -484.0 -499.0 -513.0 -535.0 -547.0 
-565.0 -585.0 -596.0 -614.0 -617.0 -612.0 -625.0 
-644.0 -644.0 -631.0 -611.0 -600.0 -626.0 -631.0 
-612.0 -625.0 -639.0 -652.0 -671.0 -640.0 -622.0 
-627.0 -608.0 -645.0 -658.0 -631.0 -614.0 -602.0 
-624.0 -613.0 -565.0 -533.0 -534.0 -538.0 -515.0 
-492.0 -480.0 -456.0 -443.0 -447.0 -446.0 -424.0 
-373.0 -351.0 -350.0 -341.0 -319.0 -297.0 -313.0 
-290.0 -258.0 -285.0 -297.0 -265.0 -258.0 -237.0 
-183.0 -192.0 -202.0 -198.0 -206.0 -185.0 -174.0 
-179.0 -182.0 -187.0 -189.0 -209.0 -224.0 -204.0 
-207.0 -211.0 -206.0 -225.0 -225.0 -220.0 -217.0 
-217.0 -222.0 -215.0 -220.0 -245.0 -241.0 -220.0 
-223.0 -211.0 -203.0 -193.0 -173.0 -186.0 -183.0 
-178.0 -183.0 -187.0 -180.0 -177.0 -196.0 -199.0 
-204.0 -210.0 -214.0 -211.0 -209.0 -223.0 -228.0 
-238.0 -241.0 -240.0 -252.0 -258.0 -266.0 -273.0 
-279.0 -291.0 -294.0 -292.0 -298.0 -303.0 -298.0 
-300.0 -309.0 -315.0 -321.0 -326.0 -337.0 -337.0 
-330.0 -340.0 -345.0 -356.0 -369.0 -369.0 -376.0 
-377.0 -380.0 -393.0 -405.0 -410.0 -408.0 -414.0 
-422.0 -438.0 -434.0 -435.0 -445.0 -441.0 -461.0 
-461.0 -467.0 -474.0 -453.0 -476.0 -464.0 -433.0 
-444.0 -448.0 -447.0 -427.0 -406.0 -404.0 -399.0 
-400.0 -389.0 -368.0 -358.0 -358.0 -349.0 -332.0 
-340.0 -327.0 -328.0 -359.0 -336.0 -329.0 -327.0 
-308.0 -321.0 -323.0 -316.0 -322.0 -322.0 -315.0 
-322.0 -317.0 -301.0 -305.0 -302.0 -301.0 -302.0 
-290.0 -284.0 -281.0 -271.0 -262.0 -251.0 -237.0 
-232.0 -225.0 -214.0 -212.0 -205.0 -196.0 -190.0 
-187.0 -188.0 -191.0 -196.0 -196.0 -209.0 -215.0 
-215.0 -225.0 -237.0 -244.0 -251.0 -272.0 -282.0 
-294.0 -333.0 -364.0 -384.0 -404.0 -424.0 -438.0 
-438.0 -443.0 -446.0 -458.0 -476.0 -480.0 -499.0 
-516.0 -533.0 -532.0 -523.0 -536.0 -517.0 -535.0 
-566.0 -560.0 -571.0 -573.0 -574.0 -573.0 -575.0 
-583.0 -590.0 -594.0 -569.0 -564.0 -557.0 -548.0 
-553.0 -545.0 -542.0 -529.0 -530.0 -534.0 -523.0 
-523.0 -511.0 -502.0 -518.0 -511.0 -490.0 -485.0 
-454.0 -442.0 -460.0 -443.0 -422.0 -400.0 -374.0 
-372.0 -348.0 -316.0 -294.0 -253.0 -242.0 -235.0 
-199.0 -176.0 -155.0 -146.0 -145.0 -120.0 -92.0 
-82.0 -76.0 -74.0 -81.0 -83.0 -86.0 -99.0 
-106.0 -113.0 -124.0 -133.0 -140.0 -135.0 -132.0 
-130.0 -116.0 -111.0 -116.0 -119.0 -135.0 -140.0 
-146.0 -170.0 -181.0 -190.0 -202.0 -206.0 -222.0 
-241.0 -252.0 -267.0 -272.0 -279.0 -299.0 -319.0 
-340.0 -351.0 -360.0 -361.0 -369.0 -396.0 -401.0 
-400.0 -397.0 -395.0 -413.0 -423.0 -428.0 -442.0 
-453.0 -453.0 -453.0 -462.0 -459.0 -462.0 -480.0 
-483.0 -487.0 -495.0 -488.0 -491.0 -499.0 -488.0 
-487.0 -488.0 -479.0 -486.0 -488.0 -488.0 -498.0 
-499.0 -500.0 -488.0 -490.0 -515.0 -495.0 -473.0 
-484.0 -489.0 -472.0 -450.0 -426.0 -399.0 -375.0 
-339.0 -316.0 -292.0 -262.0 -245.0 -218.0 -195.0 
-177.0 -155.0 -135.0 -113.0 -95.0 -85.0 -76.0 
-73.0 -69.0 -63.0 -66.0 -61.0 -51.0 -49.0 
-45.0 -35.0 -37.0 -34.0 -22.0 -20.0 -14.0 
-7.0 0.0 10.0 18.0 28.0 34.0 37.0 
36.0 46.0 65.0 68.0 72.0 72.0 79.0 
91.0 87.0 81.0 77.0 73.0 63.0 54.0 
44.0 33.0 26.0 14.0 5.0 -4.0 -11.0 
-16.0 -38.0 -55.0 -62.0 -76.0 -82.0 -90.0 
-109.0 -120.0 -138.0 -163.0 -178.0 -200.0 -221.0 
-233.0 -253.0 -270.0 -279.0 -294.0 -311.0 -322.0 
-335.0 -343.0 -345.0 -354.0 -358.0 -355.0 -363.0 
-369.0 -383.0 -400.0 -403.0 -418.0 -421.0 -425.0 
-436.0 -433.0 -447.0 -454.0 -448.0 -454.0 -457.0 
-459.0 -460.0 -451.0 -444.0 -456.0 -468.0 -460.0 
-448.0 -451.0 -450.0 -447.0 -454.0 -453.0 -454.0 
-453.0 -458.0 -476.0 -466.0 -448.0 -460.0 -459.0 
-450.0 -458.0 -457.0 -454.0 -453.0 -441.0 -430.0 
-424.0 -413.0 -399.0 -397.0 -390.0 -372.0 -375.0 
-376.0 -370.0 -370.0 -361.0 -355.0 -352.0 -340.0 
-324.0 -302.0 -297.0 -285.0 -258.0 -245.0 -236.0 
-219.0 -201.0 -186.0 -172.0 -165.0 -140.0 -120.0 
-122.0 -124.0 -119.0 -105.0 -103.0 -106.0 -116.0 
-121.0 -117.0 -114.0 -108.0 -120.0 -133.0 -131.0 
-136.0 -145.0 -161.0 -177.0 -179.0 -194.0 -216.0 
-228.0 -252.0 -266.0 -266.0 -277.0 -291.0 -307.0 
-318.0 -320.0 -327.0 -330.0 -336.0 -346.0 -365.0 
-384.0 -377.0 -378.0 -384.0 -391.0 -406.0 -408.0 
-425.0 -436.0 -434.0 -434.0 -436.0 -435.0 -426.0 
-420.0 -413.0 -407.0 -404.0 -406.0 -394.0 -372.0 
-359.0 -353.0 -343.0 -331.0 -327.0 -321.0 -311.0 
-296.0 -288.0 -281.0 -267.0 -268.0 -268.0 -265.0 
-265.0 -259.0 -262.0 -267.0 -268.0 -269.0 -246.0 
-246.0 -256.0 -245.0 -259.0 -261.0 -243.0 -228.0 
-224.0 -234.0 -229.0 -215.0 -215.0 -232.0 -240.0 
-248.0 -261.0 -284.0 -291.0 -293.0 -326.0 -328.0 
-332.0 -377.0 -383.0 -365.0 -385.0 -407.0 -413.0 
-415.0 -423.0 -449.0 -464.0 -464.0 -478.0 -490.0 
-490.0 -507.0 -519.0 -506.0 -487.0 -472.0 -482.0 
-478.0 -466.0 -461.0 -449.0 -439.0 -419.0 -413.0 
-430.0 -429.0 -420.0 -430.0 -440.0 -467.0 -459.0 
-424.0 -433.0 -411.0 -394.0 -399.0 -392.0 -393.0 
-383.0 -385.0 -386.0 -381.0 -390.0 -387.0 -378.0 
-371.0 -363.0 -360.0 -363.0 -363.0 -340.0 -323.0 
-333.0 -344.0 -347.0 -338.0 -344.0 -356.0 -366.0 
-383.0 -371.0 