-86.0 -87.0 -86.0 -87.0 -84.0 -81.0 -73.0 
-66.0 -55.0 -44.0 -26.0 -9.0 8.0 32.0 
56.0 84.0 109.0 139.0 169.0 199.0 230.0 
260.0 295.0 322.0 356.0 386.0 417.0 450.0 
477.0 511.0 539.0 567.0 598.0 626.0 657.0 
683.0 712.0 740.0 766.0 794.0 822.0 848.0 
875.0 903.0 929.0 960.0 988.0 1011.0 1038.0 
1063.0 1085.0 1106.0 1126.0 1145.0 1161.0 1172.0 
1183.0 1190.0 1194.0 1201.0 1198.0 1198.0 1193.0 
1186.0 1177.0 1164.0 1151.0 1130.0 1109.0 1086.0 
1063.0 1035.0 1008.0 982.0 949.0 920.0 888.0 
855.0 820.0 785.0 750.0 711.0 675.0 635.0 
596.0 560.0 521.0 485.0 446.0 412.0 381.0 
346.0 316.0 288.0 259.0 233.0 210.0 188.0 
166.0 146.0 127.0 107.0 90.0 73.0 58.0 
39.0 26.0 16.0 1.0 -6.0 -19.0 -30.0 
-35.0 -44.0 -52.0 -58.0 -61.0 -63.0 -64.0 
-63.0 -63.0 -62.0 -54.0 -48.0 -41.0 -31.0 
-19.0 -5.0 8.0 26.0 42.0 63.0 82.0 
98.0 119.0 142.0 164.0 185.0 212.0 239.0 
272.0 300.0 327.0 362.0 393.0 425.0 459.0 
496.0 529.0 564.0 598.0 629.0 664.0 693.0 
728.0 758.0 788.0 821.0 845.0 876.0 903.0 
929.0 952.0 976.0 998.0 1015.0 1037.0 1053.0 
1066.0 1082.0 1096.0 1109.0 1120.0 1130.0 1137.0 
1142.0 1146.0 1148.0 1148.0 1147.0 1146.0 1143.0 
1139.0 1135.0 1130.0 1123.0 1117.0 1111.0 1100.0 
1091.0 1083.0 1070.0 1061.0 1048.0 1037.0 1026.0 
1009.0 998.0 982.0 967.0 949.0 929.0 914.0 
892.0 875.0 852.0 829.0 806.0 775.0 749.0 
719.0 689.0 655.0 617.0 583.0 544.0 506.0 
465.0 422.0 380.0 338.0 298.0 258.0 221.0 
181.0 144.0 114.0 80.0 52.0 25.0 -2.0 
-25.0 -45.0 -67.0 -85.0 -104.0 -122.0 -138.0 
-152.0 -159.0 -169.0 -174.0 -179.0 -182.0 -182.0 
-185.0 -181.0 -178.0 -172.0 -163.0 -152.0 -143.0 
-132.0 -122.0 -106.0 -85.0 -72.0 -52.0 -36.0 
-17.0 9.0 29.0 53.0 81.0 109.0 136.0 
167.0 199.0 228.0 260.0 293.0 321.0 351.0 
380.0 404.0 435.0 463.0 488.0 516.0 542.0 
568.0 592.0 618.0 645.0 668.0 693.0 717.0 
742.0 768.0 791.0 814.0 835.0 858.0 878.0 
897.0 917.0 935.0 952.0 964.0 975.0 987.0 
993.0 1001.0 1002.0 1001.0 1000.0 999.0 999.0 
994.0 988.0 981.0 975.0 967.0 952.0 941.0 
922.0 903.0 884.0 858.0 837.0 809.0 782.0 
753.0 723.0 696.0 666.0 643.0 621.0 593.0 
570.0 549.0 528.0 509.0 489.0 476.0 459.0 
445.0 434.0 419.0 413.0 405.0 396.0 388.0 
381.0 374.0 363.0 362.0 357.0 349.0 343.0 
340.0 335.0 331.0 329.0 326.0 324.0 319.0 
320.0 320.0 320.0 319.0 315.0 317.0 315.0 
315.0 312.0 312.0 313.0 310.0 312.0 311.0 
317.0 315.0 319.0 324.0 324.0 334.0 338.0 
347.0 353.0 360.0 367.0 375.0 387.0 397.0 
412.0 421.0 437.0 450.0 465.0 486.0 498.0 
519.0 538.0 552.0 568.0 584.0 600.0 610.0 
627.0 639.0 649.0 660.0 667.0 674.0 677.0 
682.0 686.0 687.0 691.0 692.0 694.0 698.0 
695.0 697.0 696.0 690.0 690.0 685.0 687.0 
686.0 680.0 680.0 674.0 672.0 668.0 664.0 
660.0 652.0 646.0 638.0 631.0 618.0 610.0 
598.0 583.0 572.0 556.0 544.0 529.0 516.0 
504.0 489.0 477.0 464.0 452.0 438.0 432.0 
419.0 408.0 406.0 397.0 396.0 391.0 387.0 
387.0 386.0 386.0 383.0 385.0 384.0 385.0 
388.0 388.0 393.0 395.0 402.0 407.0 412.0 
419.0 426.0 434.0 440.0 449.0 456.0 468.0 
478.0 487.0 495.0 505.0 516.0 522.0 535.0 
547.0 558.0 569.0 582.0 596.0 604.0 623.0 
639.0 653.0 670.0 684.0 701.0 715.0 732.0 
746.0 756.0 773.0 788.0 800.0 811.0 818.0 
828.0 833.0 839.0 844.0 844.0 849.0 849.0 
849.0 846.0 847.0 847.0 845.0 845.0 839.0 
836.0 831.0 825.0 819.0 813.0 808.0 801.0 
795.0 790.0 785.0 778.0 771.0 764.0 757.0 
749.0 739.0 726.0 712.0 696.0 677.0 655.0 
639.0 615.0 588.0 565.0 539.0 518.0 490.0 
467.0 442.0 412.0 388.0 360.0 335.0 305.0 
279.0 253.0 225.0 200.0 176.0 156.0 130.0 
112.0 91.0 73.0 58.0 45.0 32.0 18.0 
12.0 -1.0 -7.0 -14.0 -24.0 -28.0 -37.0 
-39.0 -42.0 -42.0 -42.0 -41.0 -34.0 -30.0 
-23.0 -16.0 -5.0 5.0 20.0 38.0 57.0 
75.0 94.0 119.0 139.0 163.0 188.0 212.0 
236.0 256.0 282.0 306.0 333.0 358.0 382.0 
410.0 433.0 460.0 485.0 509.0 534.0 558.0 
579.0 602.0 623.0 642.0 660.0 675.0 692.0 
706.0 720.0 732.0 743.0 751.0 756.0 764.0 
769.0 775.0 776.0 780.0 790.0 791.0 801.0 
808.0 816.0 826.0 833.0 846.0 856.0 868.0 
881.0 894.0 910.0 923.0 937.0 950.0 964.0 
974.0 983.0 992.0 1004.0 1011.0 1018.0 1026.0 
1027.0 1033.0 1035.0 1038.0 1035.0 1031.0 1028.0 
1021.0 1016.0 1003.0 992.0 980.0 966.0 949.0 
928.0 909.0 886.0 862.0 836.0 813.0 783.0 
751.0 719.0 685.0 651.0 612.0 573.0 530.0 
489.0 450.0 407.0 367.0 326.0 287.0 247.0 
206.0 173.0 138.0 106.0 75.0 46.0 22.0 
-5.0 -25.0 -47.0 -65.0 -79.0 -95.0 -102.0 
-114.0 -118.0 -123.0 -125.0 -121.0 -123.0 -116.0 
-110.0 -104.0 -92.0 -80.0 -68.0 -51.0 -35.0 
-17.0 3.0 20.0 46.0 69.0 94.0 118.0 
143.0 174.0 201.0 230.0 258.0 291.0 318.0 
350.0 382.0 410.0 443.0 468.0 501.0 524.0 
549.0 573.0 592.0 613.0 629.0 647.0 658.0 
674.0 685.0 696.0 707.0 717.0 726.0 730.0 
740.0 746.0 753.0 756.0 761.0 769.0 771.0 
779.0 785.0 793.0 803.0 811.0 822.0 835.0 
847.0 864.0 879.0 895.0 912.0 925.0 945.0 
960.0 975.0 992.0 1004.0 1018.0 1028.0 1038.0 
1049.0 1054.0 1059.0 1066.0 1066.0 1068.0 1065.0 
1060.0 1054.0 1042.0 1037.0 1022.0 1007.0 994.0 
971.0 953.0 929.0 908.0 884.0 856.0 832.0 
802.0 776.0 745.0 716.0 689.0 655.0 625.0 
592.0 561.0 529.0 495.0 461.0 427.0 397.0 
366.0 333.0 304.0 278.0 248.0 222.0 197.0 
172.0 153.0 132.0 113.0 98.0 82.0 70.0 
61.0 52.0 44.0 38.0 33.0 33.0 33.0 
32.0 36.0 40.0 43.0 50.0 57.0 68.0 
78.0 89.0 106.0 121.0 140.0 160.0 181.0 
204.0 229.0 257.0 284.0 314.0 342.0 369.0 
396.0 422.0 451.0 475.0 500.0 525.0 547.0 
567.0 584.0 602.0 615.0 628.0 640.0 649.0 
658.0 664.0 669.0 675.0 681.0 682.0 686.0 
689.0 689.0 693.0 694.0 696.0 699.0 700.0 
706.0 711.0 718.0 721.0 727.0 735.0 741.0 
751.0 759.0 767.0 772.0 779.0 785.0 791.0 
793.0 789.0 790.0 783.0 777.0 769.0 760.0 
749.0 732.0 717.0 701.0 686.0 668.0 652.0 
637.0 621.0 606.0 592.0 579.0 566.0 555.0 
543.0 534.0 524.0 515.0 508.0 497.0 487.0 
478.0 468.0 458.0 448.0 437.0 427.0 416.0 
406.0 395.0 385.0 372.0 361.0 348.0 339.0 
328.0 317.0 308.0 298.0 291.0 282.0 271.0 
262.0 255.0 249.0 241.0 236.0 231.0 229.0 
224.0 218.0 213.0 205.0 201.0 194.0 189.0 
183.0 174.0 171.0 163.0 161.0 157.0 156.0 
158.0 160.0 165.0 167.0 181.0 188.0 197.0 
212.0 222.0 239.0 249.0 265.0 279.0 294.0 
314.0 331.0 354.0 376.0 401.0 423.0 449.0 
475.0 499.0 529.0 556.0 583.0 612.0 641.0 
670.0 695.0 723.0 752.0 773.0 798.0 821.0 
841.0 865.0 884.0 903.0 922.0 938.0 951.0 
964.0 977.0 987.0 996.0 1003.0 1010.0 1014.0 
1017.0 1021.0 1021.0 1022.0 1022.0 1018.0 1015.0 
1011.0 1003.0 996.0 986.0 978.0 967.0 950.0 
940.0 924.0 907.0 891.0 871.0 851.0 828.0 
804.0 776.0 750.0 724.0 694.0 663.0 631.0 
601.0 570.0 542.0 509.0 478.0 447.0 417.0 
388.0 355.0 329.0 298.0 269.0 240.0 210.0 
185.0 156.0 133.0 109.0 89.0 70.0 51.0 
35.0 20.0 10.0 0.0 -7.0 -13.0 -15.0 
-15.0 -18.0 -16.0 -12.0 -5.0 4.0 11.0 
22.0 36.0 48.0 66.0 84.0 105.0 126.0 
147.0 172.0 197.0 224.0 254.0 285.0 315.0 
349.0 381.0 411.0 446.0 473.0 506.0 535.0 
561.0 591.0 615.0 639.0 657.0 683.0 703.0 
720.0 737.0 747.0 761.0 768.0 776.0 780.0 
783.0 786.0 785.0 782.0 778.0 772.0 763.0 
759.0 750.0 743.0 739.0 731.0 726.0 718.0 
716.0 711.0 709.0 708.0 706.0 707.0 705.0 
707.0 706.0 706.0 708.0 709.0 710.0 711.0 
715.0 714.0 718.0 716.0 717.0 718.0 717.0 
719.0 719.0 723.0 722.0 724.0 723.0 724.0 
725.0 720.0 721.0 717.0 716.0 715.0 709.0 
708.0 703.0 700.0 695.0 688.0 682.0 675.0 
670.0 664.0 657.0 649.0 640.0 631.0 622.0 
612.0 602.0 589.0 577.0 566.0 552.0 538.0 
525.0 511.0 498.0 484.0 472.0 459.0 449.0 
439.0 426.0 416.0 406.0 395.0 385.0 375.0 
366.0 352.0 341.0 332.0 321.0 312.0 301.0 
287.0 276.0 266.0 253.0 240.0 228.0 217.0 
204.0 192.0 178.0 164.0 149.0 137.0 125.0 
114.0 105.0 98.0 91.0 85.0 88.0 85.0 
88.0 94.0 97.0 106.0 113.0 126.0 141.0 
153.0 169.0 183.0 201.0 214.0 229.0 248.0 
260.0 274.0 288.0 299.0 313.0 326.0 338.0 
349.0 363.0 378.0 393.0 408.0 425.0 444.0 
463.0 485.0 503.0 525.0 545.0 568.0 591.0 
610.0 630.0 649.0 672.0 691.0 712.0 733.0 
752.0 771.0 788.0 807.0 824.0 840.0 853.0 
862.0 873.0 881.0 887.0 891.0 896.0 897.0 
897.0 897.0 893.0 890.0 885.0 880.0 876.0 
866.0 859.0 850.0 838.0 830.0 816.0 806.0 
796.0 783.0 771.0 755.0 746.0 733.0 722.0 
711.0 699.0 689.0 675.0 670.0 662.0 654.0 
649.0 642.0 636.0 629.0 623.0 612.0 604.0 
591.0 577.0 563.0 546.0 530.0 512.0 494.0 
475.0 456.0 437.0 421.0 404.0 385.0 370.0 
357.0 340.0 329.0 318.0 306.0 299.0 291.0 
284.0 275.0 273.0 270.0 263.0 266.0 263.0 
263.0 262.0 260.0 262.0 260.0 260.0 261.0 
263.0 264.0 264.0 265.0 268.0 273.0 277.0 
282.0 287.0 293.0 299.0 305.0 315.0 322.0 
332.0 339.0 348.0 357.0 363.0 376.0 383.0 
392.0 403.0 411.0 422.0 430.0 441.0 450.0 
460.0 469.0 477.0 489.0 497.0 504.0 511.0 
516.0 525.0 534.0 538.0 547.0 554.0 558.0 
566.0 569.0 576.0 577.0 581.0 587.0 592.0 
599.0 601.0 608.0 613.0 618.0 624.0 631.0 
637.0 640.0 649.0 653.0 656.0 661.0 663.0 
666.0 665.0 662.0 662.0 661.0 662.0 661.0 
656.0 654.0 653.0 650.0 646.0 644.0 641.0 
636.0 632.0 632.0 626.0 624.0 619.0 619.0 
618.0 613.0 612.0 605.0 603.0 598.0 592.0 
588.0 584.0 580.0 573.0 573.0 566.0 560.0 
558.0 557.0 558.0 555.0 556.0 555.0 556.0 
555.0 556.0 558.0 558.0 560.0 561.0 561.0 
562.0 564.0 564.0 564.0 563.0 561.0 561.0 
560.0 558.0 557.0 553.0 548.0 545.0 538.0 
532.0 524.0 518.0 514.0 508.0 504.0 497.0 
490.0 485.0 479.0 472.0 467.0 460.0 455.0 
453.0 448.0 443.0 440.0 435.0 430.0 425.0 
417.0 410.0 404.0 396.0 386.0 379.0 368.0 
358.0 352.0 341.0 333.0 326.0 319.0 314.0 
314.0 314.0 312.0 315.0 316.0 319.0 321.0 
328.0 333.0 340.0 349.0 354.0 365.0 370.0 
382.0 391.0 399.0 411.0 421.0 434.0 443.0 
454.0 463.0 472.0 480.0 489.0 499.0 505.0 
515.0 520.0 526.0 538.0 545.0 553.0 560.0 
568.0 575.0 583.0 591.0 591.0 597.0 596.0 
594.0 597.0 590.0 589.0 582.0 578.0 573.0 
561.0 555.0 544.0 538.0 527.0 517.0 507.0 
494.0 485.0 472.0 460.0 444.0 429.0 416.0 
400.0 388.0 375.0 361.0 348.0 337.0 326.0 
318.0 308.0 300.0 295.0 290.0 286.0 282.0 
283.0 285.0 286.0 290.0 294.0 301.0 310.0 
317.0 329.0 342.0 358.0 374.0 387.0 407.0 
422.0 437.0 452.0 467.0 487.0 503.0 524.0 
541.0 562.0 583.0 601.0 623.0 642.0 664.0 
684.0 701.0 725.0 741.0 757.0 773.0 784.0 
797.0 808.0 818.0 826.0 832.0 837.0 842.0 
843.0 842.0 844.0 840.0 835.0 830.0 824.0 
818.0 807.0 800.0 790.0 778.0 767.0 751.0 
741.0 727.0 715.0 700.0 686.0 675.0 659.0 
648.0 630.0 619.0 608.0 594.0 584.0 571.0 
563.0 550.0 537.0 527.0 515.0 509.0 496.0 
483.0 474.0 462.0 455.0 442.0 434.0 425.0 
416.0 410.0 399.0 395.0 386.0 379.0 373.0 
368.0 362.0 353.0 349.0 343.0 339.0 332.0 
328.0 323.0 317.0 314.0 310.0 305.0 298.0 
296.0 290.0 283.0 279.0 271.0 267.0 263.0 
258.0 255.0 249.0 245.0 241.0 237.0 239.0 
233.0 232.0 236.0 232.0 233.0 231.0 234.0 
237.0 240.0 245.0 246.0 255.0 261.0 269.0 
276.0 287.0 297.0 305.0 316.0 329.0 344.0 
353.0 369.0 381.0 395.0 409.0 421.0 435.0 
442.0 457.0 468.0 484.0 499.0 514.0 532.0 
546.0 566.0 580.0 600.0 616.0 633.0 654.0 
672.0 692.0 708.0 730.0 749.0 769.0 789.0 
809.0 829.0 849.0 868.0 883.0 905.0 919.0 
935.0 948.0 959.0 970.0 971.0 979.0 983.0 
983.0 982.0 977.0 973.0 961.0 951.0 937.0 
918.0 902.0 883.0 860.0 842.0 818.0 792.0 
767.0 741.0 714.0 683.0 655.0 626.0 594.0 
562.0 532.0 502.0 470.0 438.0 407.0 371.0 
339.0 310.0 276.0 247.0 216.0 188.0 160.0 
134.0 116.0 89.0 68.0 54.0 36.0 24.0 
12.0 5.0 -1.0 -6.0 -7.0 -9.0 -6.0 
0.0 6.0 12.0 22.0 32.0 43.0 57.0 
71.0 82.0 94.0 112.0 128.0 146.0 162.0 
181.0 198.0 216.0 237.0 250.0 271.0 290.0 
305.0 324.0 341.0 359.0 375.0 395.0 411.0 
427.0 446.0 465.0 484.0 502.0 520.0 540.0 
558.0 576.0 594.0 610.0 625.0 642.0 655.0 
667.0 680.0 686.0 694.0 700.0 703.0 703.0 
701.0 700.0 696.0 690.0 683.0 674.0 663.0 
651.0 636.0 621.0 609.0 594.0 575.0 561.0 
546.0 528.0 515.0 498.0 487.0 475.0 464.0 
456.0 448.0 446.0 439.0 440.0 437.0 434.0 
436.0 432.0 437.0 438.0 437.0 439.0 443.0 
445.0 449.0 453.0 455.0 457.0 458.0 465.0 
469.0 476.0 479.0 484.0 489.0 492.0 502.0 
503.0 510.0 519.0 520.0 527.0 537.0 547.0 
554.0 565.0 574.0 583.0 595.0 605.0 613.0 
620.0 627.0 633.0 638.0 640.0 644.0 644.0 
644.0 647.0 647.0 648.0 648.0 651.0 652.0 
650.0 655.0 656.0 659.0 666.0 666.0 671.0 
676.0 678.0 680.0 677.0 674.0 672.0 669.0 
664.0 656.0 648.0 640.0 634.0 623.0 613.0 
604.0 589.0 576.0 565.0 552.0 537.0 524.0 
508.0 493.0 479.0 468.0 454.0 442.0 435.0 
422.0 418.0 410.0 404.0 404.0 402.0 402.0 
400.0 402.0 406.0 410.0 414.0 419.0 425.0 
431.0 436.0 440.0 445.0 448.0 453.0 455.0 
455.0 457.0 454.0 454.0 452.0 448.0 442.0 
436.0 434.0 427.0 424.0 418.0 413.0 412.0 
403.0 401.0 395.0 391.0 388.0 382.0 383.0 
379.0 379.0 377.0 380.0 381.0 379.0 380.0 
380.0 385.0 386.0 389.0 393.0 396.0 399.0 
400.0 403.0 403.0 404.0 404.0 405.0 406.0 
408.0 410.0 408.0 411.0 409.0 408.0 413.0 
415.0 418.0 420.0 424.0 428.0 435.0 442.0 
448.0 456.0 463.0 471.0 477.0 486.0 490.0 
494.0 501.0 506.0 509.0 510.0 518.0 520.0 
524.0 524.0 525.0 529.0 526.0 531.0 527.0 
527.0 530.0 528.0 530.0 529.0 537.0 537.0 
539.0 540.0 545.0 553.0 555.0 566.0 570.0 
580.0 589.0 596.0 610.0 616.0 627.0 636.0 
646.0 654.0 660.0 667.0 669.0 677.0 681.0 
685.0 686.0 683.0 684.0 680.0 678.0 671.0 
662.0 656.0 645.0 633.0 623.0 613.0 599.0 
585.0 572.0 556.0 545.0 530.0 516.0 502.0 
485.0 473.0 460.0 448.0 436.0 422.0 411.0 
398.0 387.0 379.0 368.0 358.0 350.0 343.0 
338.0 332.0 327.0 321.0 319.0 317.0 312.0 
309.0 310.0 306.0 303.0 303.0 299.0 297.0 
293.0 286.0 281.0 277.0 271.0 265.0 262.0 
257.0 250.0 243.0 238.0 232.0 231.0 228.0 
227.0 226.0 224.0 224.0 226.0 226.0 225.0 
227.0 229.0 233.0 237.0 242.0 251.0 257.0 
266.0 276.0 292.0 305.0 319.0 334.0 351.0 
372.0 390.0 412.0 431.0 454.0 477.0 497.0 
519.0 538.0 567.0 583.0 606.0 627.0 643.0 
665.0 679.0 697.0 707.0 720.0 732.0 737.0 
747.0 748.0 752.0 753.0 750.0 748.0 739.0 
732.0 723.0 711.0 697.0 684.0 666.0 649.0 
635.0 622.0 606.0 591.0 579.0 569.0 557.0 
548.0 539.0 529.0 522.0 517.0 510.0 506.0 
502.0 501.0 499.0 497.0 497.0 494.0 498.0 
503.0 503.0 508.0 514.0 519.0 527.0 534.0 
537.0 544.0 549.0 554.0 558.0 561.0 566.0 
570.0 574.0 577.0 579.0 582.0 582.0 587.0 
585.0 583.0 584.0 579.0 580.0 577.0 573.0 
570.0 562.0 558.0 551.0 543.0 537.0 528.0 
518.0 506.0 497.0 485.0 470.0 457.0 443.0 
431.0 420.0 406.0 394.0 386.0 375.0 367.0 
356.0 347.0 340.0 333.0 327.0 321.0 315.0 
311.0 308.0 304.0 307.0 310.0 308.0 309.0 
311.0 312.0 312.0 311.0 312.0 313.0 313.0 
312.0 311.0 313.0 314.0 312.0 315.0 317.0 
321.0 325.0 327.0 335.0 341.0 347.0 355.0 
364.0 376.0 383.0 391.0 401.0 409.0 418.0 
426.0 435.0 443.0 451.0 458.0 467.0 477.0 
483.0 493.0 500.0 505.0 510.0 517.0 524.0 
527.0 531.0 535.0 540.0 545.0 549.0 553.0 
558.0 563.0 569.0 574.0 581.0 587.0 592.0 
599.0 604.0 608.0 612.0 617.0 620.0 622.0 
624.0 626.0 626.0 625.0 629.0 630.0 632.0 
635.0 632.0 634.0 631.0 627.0 624.0 625.0 
629.0 623.0 623.0 625.0 623.0 623.0 623.0 
624.0 626.0 629.0 630.0 628.0 629.0 631.0 
631.0 630.0 627.0 631.0 631.0 630.0 635.0 
632.0 632.0 632.0 627.0 624.0 617.0 611.0 
602.0 591.0 583.0 573.0 562.0 548.0 534.0 
519.0 503.0 490.0 473.0 458.0 440.0 425.0 
411.0 395.0 382.0 366.0 353.0 339.0 325.0 
314.0 301.0 294.0 285.0 276.0 269.0 264.0 
258.0 251.0 246.0 239.0 236.0 229.0 226.0 
225.0 223.0 220.0 221.0 220.0 215.0 215.0 
211.0 208.0 202.0 194.0 187.0 178.0 172.0 
162.0 154.0 147.0 141.0 131.0 124.0 119.0 
112.0 110.0 106.0 109.0 107.0 106.0 107.0 
104.0 108.0 108.0 111.0 114.0 116.0 120.0 
122.0 128.0 135.0 142.0 151.0 162.0 175.0 
192.0 209.0 231.0 256.0 280.0 311.0 340.0 
373.0 409.0 444.0 482.0 521.0 562.0 599.0 
642.0 683.0 720.0 760.0 795.0 835.0 869.0 
898.0 925.0 948.0 971.0 989.0 1006.0 1023.0 
1037.0 1049.0 1064.0 1072.0 1078.0 1086.0 1088.0 
1092.0 1090.0 1087.0 1089.0 1082.0 1079.0 1071.0 
1062.0 1054.0 1041.0 1028.0 1012.0 996.0 977.0 
959.0 940.0 922.0 901.0 877.0 856.0 830.0 
803.0 775.0 748.0 720.0 691.0 662.0 631.0 
603.0 571.0 540.0 507.0 474.0 440.0 403.0 
372.0 338.0 309.0 277.0 244.0 218.0 185.0 
155.0 126.0 97.0 72.0 48.0 29.0 9.0 
-7.0 -20.0 -31.0 -39.0 -46.0 -51.0 -52.0 
-53.0 -51.0 -46.0 -42.0 -32.0 -26.0 -16.0 
-3.0 7.0 20.0 32.0 49.0 61.0 75.0 
92.0 107.0 122.0 137.0 156.0 170.0 187.0 
201.0 217.0 235.0 251.0 265.0 281.0 298.0 
310.0 330.0 342.0 359.0 374.0 384.0 401.0 
411.0 425.0 436.0 447.0 458.0 465.0 477.0 
482.0 494.0 504.0 510.0 519.0 524.0 533.0 
541.0 546.0 554.0 561.0 566.0 574.0 582.0 
591.0 599.0 607.0 616.0 625.0 638.0 650.0 
660.0 674.0 686.0 698.0 708.0 719.0 730.0 
738.0 747.0 755.0 760.0 767.0 769.0 773.0 
778.0 779.0 780.0 781.0 781.0 777.0 778.0 
776.0 776.0 778.0 778.0 781.0 781.0 783.0 
785.0 785.0 783.0 782.0 780.0 776.0 777.0 
769.0 770.0 762.0 752.0 748.0 736.0 727.0 
707.0 693.0 677.0 657.0 643.0 621.0 604.0 
580.0 553.0 525.0 498.0 477.0 452.0 425.0 
396.0 371.0 342.0 313.0 290.0 264.0 241.0 
219.0 194.0 170.0 146.0 125.0 103.0 87.0 
71.0 52.0 35.0 18.0 5.0 -8.0 -18.0 
-22.0 -30.0 -35.0 -41.0 -44.0 -47.0 -49.0 
-45.0 -44.0 -37.0 -32.0 -26.0 -15.0 -7.0 
9.0 23.0 40.0 62.0 82.0 107.0 130.0 
156.0 185.0 216.0 250.0 281.0 315.0 349.0 
383.0 418.0 455.0 492.0 529.0 565.0 598.0 
630.0 658.0 689.0 716.0 737.0 763.0 782.0 
801.0 817.0 831.0 845.0 857.0 868.0 875.0 
884.0 888.0 892.0 897.0 898.0 900.0 892.0 
885.0 876.0 858.0 850.0 836.0 819.0 805.0 
787.0 769.0 747.0 730.0 708.0 685.0 666.0 
637.0 615.0 591.0 565.0 542.0 514.0 495.0 
472.0 452.0 434.0 413.0 395.0 374.0 361.0 
346.0 337.0 334.0 329.0 325.0 322.0 324.0 
324.0 326.0 332.0 337.0 338.0 344.0 348.0 
348.0 357.0 361.0 368.0 373.0 377.0 385.0 
389.0 398.0 405.0 413.0 419.0 425.0 433.0 
438.0 444.0 447.0 446.0 448.0 449.0 448.0 
449.0 449.0 450.0 448.0 445.0 439.0 435.0 
430.0 427.0 422.0 414.0 407.0 398.0 394.0 
385.0 376.0 369.0 361.0 356.0 347.0 345.0 
340.0 335.0 328.0 321.0 317.0 308.0 308.0 
305.0 304.0 303.0 302.0 307.0 307.0 313.0 
319.0 324.0 332.0 340.0 347.0 357.0 369.0 
381.0 396.0 410.0 428.0 440.0 457.0 476.0 
492.0 515.0 530.0 550.0 565.0 577.0 593.0 
606.0 623.0 636.0 651.0 662.0 673.0 682.0 
689.0 697.0 699.0 697.0 693.0 694.0 690.0 
688.0 682.0 676.0 670.0 660.0 654.0 640.0 
630.0 617.0 603.0 593.0 582.0 570.0 554.0 
540.0 528.0 516.0 504.0 496.0 490.0 481.0 
476.0 471.0 463.0 454.0 450.0 443.0 438.0 
434.0 424.0 422.0 416.0 409.0 402.0 393.0 
387.0 379.0 377.0 374.0 370.0 367.0 366.0 
367.0 363.0 363.0 362.0 359.0 358.0 357.0 
353.0 354.0 353.0 353.0 354.0 354.0 357.0 
360.0 364.0 367.0 372.0 379.0 382.0 391.0 
398.0 408.0 414.0 419.0 428.0 437.0 446.0 
455.0 464.0 470.0 479.0 485.0 489.0 491.0 
494.0 506.0 513.0 519.0 525.0 531.0 536.0 
538.0 542.0 544.0 548.0 549.0 552.0 554.0 
555.0 557.0 557.0 561.0 560.0 561.0 561.0 
563.0 563.0 563.0 566.0 561.0 560.0 560.0 
557.0 554.0 551.0 547.0 542.0 538.0 528.0 
520.0 510.0 502.0 491.0 473.0 463.0 451.0 
441.0 428.0 413.0 398.0 382.0 369.0 355.0 
342.0 329.0 320.0 308.0 298.0 293.0 284.0 
275.0 269.0 266.0 261.0 256.0 251.0 246.0 
243.0 244.0 246.0 246.0 249.0 252.0 250.0 
253.0 255.0 257.0 266.0 267.0 274.0 279.0 
284.0 290.0 291.0 300.0 306.0 316.0 329.0 
345.0 363.0 379.0 398.0 416.0 437.0 457.0 
478.0 497.0 518.0 541.0 563.0 586.0 610.0 
634.0 652.0 674.0 692.0 711.0 733.0 752.0 
769.0 783.0 794.0 807.0 813.0 821.0 831.0 
831.0 837.0 834.0 835.0 833.0 829.0 828.0 
815.0 809.0 795.0 779.0 764.0 745.0 725.0 
700.0 677.0 648.0 623.0 594.0 564.0 534.0 
506.0 478.0 448.0 423.0 395.0 372.0 344.0 
322.0 301.0 277.0 258.0 235.0 223.0 207.0 
195.0 186.0 175.0 169.0 165.0 164.0 163.0 
164.0 162.0 168.0 170.0 174.0 179.0 184.0 
195.0 200.0 211.0 217.0 230.0 243.0 253.0 
267.0 274.0 290.0 304.0 315.0 332.0 343.0 
354.0 363.0 374.0 387.0 395.0 404.0 411.0 
416.0 417.0 420.0 423.0 426.0 428.0 427.0 
429.0 430.0 431.0 427.0 426.0 423.0 422.0 
423.0 425.0 430.0 430.0 438.0 445.0 450.0 
453.0 456.0 465.0 469.0 477.0 483.0 491.0 
502.0 511.0 525.0 533.0 545.0 558.0 569.0 
583.0 595.0 608.0 618.0 628.0 638.0 645.0 
655.0 661.0 670.0 677.0 682.0 689.0 692.0 
703.0 708.0 712.0 717.0 720.0 724.0 725.0 
730.0 732.0 734.0 736.0 734.0 733.0 732.0 
727.0 722.0 719.0 717.0 711.0 703.0 699.0 
689.0 684.0 679.0 672.0 666.0 655.0 652.0 
639.0 633.0 629.0 618.0 615.0 609.0 604.0 
601.0 597.0 594.0 585.0 579.0 574.0 567.0 
560.0 553.0 542.0 531.0 520.0 508.0 495.0 
482.0 469.0 455.0 439.0 422.0 404.0 382.0 
364.0 344.0 323.0 304.0 286.0 265.0 251.0 
240.0 226.0 217.0 205.0 199.0 188.0 182.0 
179.0 171.0 175.0 168.0 171.0 169.0 168.0 
171.0 169.0 179.0 184.0 189.0 193.0 200.0 
207.0 213.0 221.0 228.0 238.0 243.0 252.0 
258.0 267.0 276.0 284.0 293.0 298.0 310.0 
315.0 322.0 326.0 332.0 339.0 344.0 353.0 
356.0 363.0 372.0 379.0 387.0 397.0 404.0 
411.0 418.0 423.0 431.0 434.0 441.0 447.0 
453.0 463.0 471.0 482.0 492.0 505.0 521.0 
535.0 553.0 569.0 589.0 611.0 632.0 654.0 
673.0 698.0 719.0 736.0 756.0 773.0 788.0 
805.0 818.0 831.0 843.0 849.0 857.0 863.0 
870.0 872.0 873.0 874.0 871.0 868.0 863.0 
858.0 849.0 835.0 823.0 810.0 795.0 777.0 
757.0 736.0 715.0 692.0 668.0 647.0 619.0 
593.0 570.0 547.0 523.0 497.0 472.0 446.0 
420.0 393.0 367.0 344.0 319.0 298.0 274.0 
254.0 236.0 218.0 204.0 186.0 171.0 154.0 
141.0 128.0 113.0 103.0 92.0 83.0 75.0 
71.0 69.0 63.0 62.0 65.0 69.0 77.0 
80.0 87.0 99.0 110.0 123.0 131.0 148.0 
168.0 182.0 200.0 214.0 235.0 249.0 269.0 
288.0 304.0 322.0 334.0 356.0 370.0 389.0 
405.0 416.0 435.0 446.0 464.0 477.0 495.0 
511.0 524.0 539.0 550.0 563.0 572.0 586.0 
597.0 606.0 620.0 629.0 637.0 645.0 646.0 
648.0 652.0 650.0 651.0 648.0 644.0 642.0 
637.0 632.0 627.0 617.0 609.0 604.0 593.0 
586.0 577.0 568.0 558.0 547.0 540.0 530.0 
522.0 514.0 501.0 491.0 482.0 471.0 465.0 
457.0 447.0 439.0 428.0 425.0 416.0 411.0 
407.0 402.0 405.0 400.0 403.0 406.0 410.0 
420.0 425.0 437.0 449.0 462.0 476.0 492.0 
506.0 522.0 540.0 557.0 579.0 595.0 618.0 
635.0 652.0 669.0 684.0 704.0 716.0 734.0 
742.0 754.0 767.0 769.0 776.0 773.0 774.0 
768.0 762.0 754.0 738.0 727.0 708.0 693.0 
674.0 655.0 636.0 610.0 591.0 568.0 546.0 
520.0 500.0 478.0 454.0 434.0 410.0 389.0 
366.0 350.0 333.0 314.0 300.0 285.0 273.0 
264.0 257.0 250.0 244.0 238.0 234.0 227.0 
221.0 216.0 217.0 220.0 220.0 222.0 224.0 
226.0 230.0 235.0 240.0 246.0 251.0 258.0 
263.0 268.0 275.0 277.0 284.0 289.0 299.0 
305.0 311.0 322.0 327.0 334.0 339.0 350.0 
358.0 369.0 379.0 386.0 395.0 404.0 416.0 
419.0 427.0 433.0 434.0 441.0 447.0 450.0 
450.0 458.0 462.0 464.0 467.0 469.0 471.0 
475.0 478.0 480.0 484.0 484.0 484.0 484.0 
485.0 491.0 491.0 492.0 496.0 499.0 502.0 
509.0 516.0 520.0 530.0 539.0 541.0 547.0 
554.0 562.0 571.0 579.0 588.0 594.0 598.0 
608.0 613.0 621.0 630.0 635.0 642.0 649.0 
656.0 660.0 664.0 668.0 669.0 671.0 670.0 
672.0 672.0 667.0 664.0 659.0 654.0 650.0 
640.0 631.0 625.0 614.0 605.0 592.0 579.0 
567.0 555.0 543.0 530.0 519.0 511.0 497.0 
485.0 474.0 463.0 451.0 438.0 427.0 416.0 
408.0 398.0 389.0 383.0 373.0 367.0 358.0 
349.0 340.0 330.0 320.0 311.0 303.0 295.0 
294.0 285.0 283.0 280.0 280.0 279.0 276.0 
282.0 282.0 289.0 294.0 301.0 311.0 318.0 
334.0 342.0 357.0 367.0 379.0 390.0 398.0 
414.0 419.0 429.0 437.0 446.0 456.0 466.0 
476.0 480.0 491.0 497.0 505.0 515.0 523.0 
529.0 535.0 542.0 546.0 554.0 555.0 557.0 
558.0 553.0 555.0 550.0 545.0 541.0 533.0 
528.0 519.0 512.0 503.0 494.0 485.0 473.0 
464.0 454.0 445.0 433.0 427.0 418.0 410.0 
405.0 398.0 391.0 384.0 382.0 378.0 374.0 
373.0 372.0 370.0 365.0 366.0 362.0 359.0 
359.0 356.0 358.0 359.0 356.0 356.0 356.0 
357.0 355.0 355.0 360.0 361.0 364.0 370.0 
375.0 380.0 381.0 385.0 388.0 395.0 399.0 
403.0 411.0 415.0 421.0 425.0 432.0 442.0 
447.0 456.0 467.0 474.0 483.0 493.0 504.0 
516.0 527.0 538.0 548.0 560.0 574.0 584.0 
595.0 608.0 619.0 635.0 651.0 665.0 677.0 
690.0 706.0 717.0 727.0 739.0 751.0 758.0 
765.0 772.0 774.0 777.0 777.0 778.0 780.0 
781.0 782.0 783.0 784.0 781.0 782.0 784.0 
783.0 779.0 777.0 776.0 776.0 773.0 769.0 
766.0 759.0 756.0 747.0 732.0 718.0 702.0 
686.0 665.0 649.0 628.0 606.0 579.0 553.0 
527.0 497.0 469.0 437.0 404.0 371.0 336.0 
297.0 260.0 227.0 190.0 154.0 115.0 79.0 
44.0 10.0 -23.0 -59.0 -90.0 -115.0 -143.0 
-169.0 -189.0 -211.0 -230.0 -248.0 -262.0 -272.0 
-279.0 -279.0 -280.0 -274.0 -264.0 -254.0 -243.0 
-227.0 -205.0 -180.0 -152.0 -118.0 -86.0 -50.0 
-13.0 24.0 65.0 107.0 149.0 187.0 226.0 
269.0 308.0 348.0 386.0 420.0 458.0 492.0 
528.0 559.0 593.0 625.0 654.0 685.0 710.0 
738.0 763.0 788.0 811.0 831.0 853.0 873.0 
890.0 905.0 921.0 930.0 943.0 955.0 968.0 
977.0 982.0 990.0 990.0 992.0 995.0 997.0 
999.0 995.0 991.0 985.0 983.0 979.0 970.0 
965.0 954.0 944.0 936.0 925.0 918.0 910.0 
903.0 898.0 890.0 881.0 872.0 863.0 850.0 
836.0 827.0 815.0 798.0 784.0 765.0 745.0 
729.0 709.0 685.0 660.0 634.0 606.0 578.0 
549.0 520.0 490.0 460.0 435.0 404.0 374.0 
347.0 319.0 293.0 270.0 246.0 225.0 205.0 
189.0 174.0 160.0 149.0 133.0 122.0 112.0 
100.0 86.0 71.0 58.0 38.0 22.0 3.0 
-17.0 -29.0 -45.0 -58.0 -71.0 -82.0 -90.0 
-97.0 -103.0 -106.0 -108.0 -109.0 -103.0 -101.0 
-94.0 -85.0 -74.0 -60.0 -49.0 -31.0 -20.0 
0.0 19.0 37.0 59.0 74.0 98.0 116.0 
138.0 161.0 179.0 200.0 219.0 246.0 268.0 
293.0 320.0 348.0 380.0 406.0 440.0 468.0 
500.0 530.0 561.0 600.0 633.0 669.0 703.0 
740.0 770.0 801.0 837.0 869.0 905.0 934.0 
968.0 995.0 1018.0 1044.0 1065.0 1083.0 1096.0 
1112.0 1122.0 1132.0 1137.0 1137.0 1137.0 1132.0 
1125.0 1111.0 1101.0 1087.0 1069.0 1051.0 1031.0 
1008.0 979.0 955.0 927.0 900.0 871.0 843.0 
815.0 783.0 756.0 724.0 696.0 668.0 638.0 
608.0 576.0 548.0 516.0 486.0 456.0 425.0 
395.0 365.0 338.0 312.0 285.0 258.0 232.0 
207.0 182.0 157.0 136.0 115.0 97.0 78.0 
61.0 45.0 28.0 17.0 8.0 2.0 -5.0 
-10.0 -9.0 -10.0 -8.0 -6.0 -1.0 5.0 
8.0 13.0 21.0 32.0 38.0 48.0 61.0 
72.0 89.0 102.0 119.0 133.0 146.0 161.0 
171.0 190.0 207.0 224.0 244.0 261.0 280.0 
299.0 319.0 338.0 354.0 370.0 386.0 401.0 
420.0 440.0 463.0 488.0 511.0 534.0 553.0 
572.0 591.0 611.0 633.0 653.0 676.0 697.0 
719.0 738.0 750.0 768.0 786.0 802.0 817.0 
831.0 842.0 854.0 864.0 871.0 871.0 871.0 
874.0 877.0 881.0 880.0 877.0 872.0 862.0 
852.0 835.0 821.0 809.0 791.0 774.0 754.0 
735.0 717.0 698.0 677.0 654.0 632.0 611.0 
593.0 575.0 558.0 540.0 520.0 503.0 488.0 
474.0 461.0 451.0 441.0 426.0 410.0 395.0 
380.0 364.0 354.0 338.0 329.0 321.0 310.0 
298.0 282.0 268.0 256.0 251.0 241.0 237.0 
236.0 231.0 229.0 224.0 223.0 223.0 223.0 
225.0 228.0 233.0 238.0 248.0 254.0 261.0 
270.0 273.0 276.0 283.0 293.0 307.0 321.0 
338.0 360.0 380.0 398.0 415.0 428.0 441.0 
454.0 466.0 480.0 490.0 505.0 520.0 527.0 
535.0 542.0 547.0 552.0 560.0 563.0 565.0 
570.0 566.0 568.0 567.0 570.0 572.0 567.0 
560.0 547.0 538.0 526.0 515.0 500.0 486.0 
473.0 459.0 454.0 448.0 446.0 443.0 437.0 
430.0 422.0 419.0 411.0 406.0 406.0 404.0 
411.0 420.0 428.0 432.0 433.0 435.0 437.0 
441.0 445.0 452.0 457.0 467.0 476.0 478.0 
487.0 492.0 501.0 508.0 514.0 522.0 522.0 
528.0 533.0 537.0 542.0 548.0 553.0 561.0 
570.0 576.0 581.0 582.0 581.0 580.0 579.0 
574.0 567.0 559.0 552.0 548.0 543.0 541.0 
535.0 532.0 530.0 529.0 527.0 520.0 514.0 
505.0 498.0 494.0 490.0 484.0 478.0 476.0 
475.0 477.0 480.0 481.0 484.0 492.0 496.0 
503.0 509.0 514.0 516.0 516.0 516.0 516.0 
517.0 520.0 522.0 517.0 512.0 510.0 509.0 
508.0 504.0 500.0 494.0 487.0 477.0 462.0 
450.0 434.0 419.0 403.0 387.0 373.0 355.0 
337.0 317.0 296.0 279.0 263.0 257.0 246.0 
236.0 223.0 209.0 202.0 192.0 191.0 190.0 
193.0 196.0 198.0 204.0 207.0 213.0 227.0 
241.0 251.0 266.0 276.0 292.0 307.0 326.0 
346.0 360.0 380.0 397.0 424.0 447.0 469.0 
494.0 516.0 536.0 552.0 570.0 590.0 615.0 
641.0 666.0 684.0 700.0 712.0 721.0 731.0 
730.0 732.0 735.0 737.0 735.0 732.0 728.0 
720.0 716.0 707.0 698.0 689.0 678.0 661.0 
647.0 631.0 610.0 593.0 570.0 548.0 525.0 
503.0 480.0 457.0 438.0 413.0 394.0 369.0 
348.0 330.0 313.0 304.0 291.0 285.0 283.0 
279.0 276.0 272.0 272.0 276.0 283.0 294.0 
307.0 321.0 334.0 342.0 353.0 356.0 359.0 
363.0 370.0 381.0 388.0 402.0 414.0 426.0 
439.0 449.0 459.0 469.0 488.0 500.0 513.0 
529.0 540.0 558.0 568.0 579.0 592.0 595.0 
600.0 606.0 610.0 614.0 616.0 618.0 620.0 
619.0 618.0 619.0 621.0 620.0 619.0 615.0 
614.0 613.0 607.0 603.0 597.0 591.0 581.0 
575.0 568.0 557.0 549.0 538.0 529.0 519.0 
512.0 504.0 493.0 485.0 470.0 459.0 444.0 
436.0 426.0 417.0 410.0 396.0 390.0 381.0 
376.0 367.0 350.0 341.0 324.0 312.0 299.0 
284.0 274.0 259.0 246.0 234.0 223.0 214.0 
208.0 204.0 201.0 199.0 197.0 200.0 203.0 
208.0 211.0 218.0 230.0 239.0 254.0 266.0 
280.0 295.0 308.0 328.0 340.0 358.0 372.0 
386.0 405.0 418.0 439.0 457.0 476.0 496.0 
513.0 537.0 555.0 576.0 593.0 607.0 626.0 
639.0 657.0 675.0 691.0 707.0 721.0 737.0 
754.0 765.0 777.0 784.0 790.0 797.0 798.0 
805.0 804.0 798.0 793.0 783.0 771.0 754.0 
742.0 728.0 713.0 693.0 670.0 647.0 621.0 
593.0 562.0 537.0 505.0 473.0 444.0 415.0 
390.0 360.0 337.0 315.0 294.0 274.0 251.0 
235.0 220.0 208.0 201.0 193.0 184.0 177.0 
171.0 170.0 172.0 176.0 180.0 185.0 189.0 
191.0 200.0 207.0 217.0 228.0 238.0 250.0 
258.0 272.0 283.0 295.0 311.0 323.0 336.0 
352.0 367.0 378.0 388.0 399.0 412.0 424.0 
434.0 444.0 454.0 464.0 471.0 476.0 477.0 
482.0 482.0 486.0 495.0 501.0 512.0 521.0 
528.0 534.0 539.0 547.0 551.0 556.0 560.0 
564.0 570.0 577.0 580.0 586.0 592.0 593.0 
596.0 595.0 594.0 589.0 583.0 585.0 579.0 
573.0 566.0 560.0 555.0 554.0 556.0 553.0 
554.0 556.0 558.0 566.0 569.0 572.0 579.0 
584.0 592.0 598.0 609.0 621.0 630.0 644.0 
652.0 660.0 665.0 666.0 672.0 672.0 671.0 
667.0 656.0 645.0 636.0 627.0 616.0 602.0 
584.0 567.0 548.0 532.0 516.0 498.0 479.0 
462.0 450.0 436.0 424.0 410.0 392.0 377.0 
357.0 340.0 323.0 306.0 291.0 276.0 266.0 
249.0 237.0 227.0 211.0 198.0 184.0 174.0 
162.0 153.0 146.0 142.0 142.0 137.0 137.0 
137.0 143.0 149.0 152.0 154.0 156.0 159.0 
157.0 161.0 163.0 164.0 169.0 171.0 178.0 
180.0 179.0 177.0 174.0 176.0 174.0 177.0 
181.0 184.0 190.0 195.0 200.0 209.0 217.0 
230.0 242.0 256.0 273.0 290.0 306.0 321.0 
343.0 363.0 386.0 409.0 430.0 456.0 479.0 
498.0 518.0 545.0 573.0 600.0 626.0 656.0 
688.0 717.0 743.0 765.0 787.0 805.0 824.0 
839.0 852.0 866.0 874.0 880.0 883.0 886.0 
885.0 884.0 881.0 871.0 865.0 857.0 845.0 
834.0 823.0 811.0 801.0 794.0 784.0 774.0 
758.0 742.0 729.0 720.0 711.0 697.0 682.0 
668.0 655.0 640.0 625.0 610.0 595.0 577.0 
555.0 537.0 509.0 486.0 466.0 446.0 430.0 
408.0 388.0 365.0 345.0 328.0 312.0 297.0 
280.0 259.0 236.0 220.0 202.0 186.0 174.0 
166.0 162.0 151.0 143.0 134.0 124.0 118.0 
111.0 105.0 102.0 102.0 103.0 103.0 110.0 
115.0 119.0 131.0 142.0 151.0 158.0 162.0 
167.0 178.0 188.0 196.0 203.0 213.0 225.0 
236.0 245.0 253.0 260.0 264.0 269.0 274.0 
281.0 285.0 291.0 294.0 293.0 299.0 300.0 
298.0 299.0 297.0 293.0 289.0 288.0 284.0 
285.0 286.0 286.0 288.0 287.0 286.0 286.0 
295.0 300.0 305.0 313.0 314.0 319.0 326.0 
337.0 349.0 364.0 378.0 390.0 408.0 422.0 
440.0 460.0 477.0 497.0 515.0 534.0 555.0 
575.0 593.0 611.0 629.0 646.0 663.0 681.0 
699.0 717.0 732.0 748.0 762.0 778.0 793.0 
806.0 819.0 831.0 845.0 858.0 874.0 884.0 
892.0 896.0 899.0 905.0 906.0 908.0 904.0 
900.0 897.0 892.0 886.0 876.0 866.0 854.0 
845.0 832.0 818.0 801.0 787.0 771.0 749.0 
734.0 716.0 694.0 667.0 641.0 611.0 580.0 
551.0 514.0 481.0 450.0 417.0 383.0 349.0 
315.0 276.0 240.0 203.0 169.0 138.0 106.0 
77.0 49.0 26.0 3.0 -19.0 -37.0 -56.0 
-71.0 -84.0 -92.0 -100.0 -108.0 -109.0 -110.0 
-111.0 -105.0 -95.0 -86.0 -73.0 -62.0 -43.0 
-23.0 1.0 25.0 47.0 76.0 101.0 131.0 
164.0 196.0 230.0 261.0 296.0 328.0 354.0 
388.0 419.0 447.0 473.0 496.0 517.0 537.0 
558.0 572.0 588.0 596.0 608.0 615.0 621.0 
631.0 633.0 640.0 639.0 641.0 638.0 633.0 
634.0 627.0 621.0 613.0 603.0 595.0 588.0 
580.0 570.0 562.0 557.0 550.0 543.0 537.0 
529.0 520.0 508.0 499.0 491.0 481.0 477.0 
467.0 462.0 458.0 449.0 447.0 434.0 426.0 
416.0 409.0 409.0 401.0 400.0 393.0 391.0 
386.0 386.0 390.0 389.0 392.0 393.0 401.0 
402.0 406.0 409.0 414.0 420.0 419.0 425.0 
423.0 426.0 427.0 429.0 435.0 439.0 449.0 
450.0 456.0 459.0 461.0 463.0 465.0 470.0 
466.0 467.0 467.0 464.0 462.0 462.0 460.0 
459.0 459.0 453.0 454.0 453.0 454.0 457.0 
457.0 460.0 460.0 464.0 469.0 469.0 470.0 
472.0 476.0 476.0 479.0 478.0 477.0 476.0 
471.0 470.0 464.0 461.0 455.0 448.0 443.0 
434.0 429.0 422.0 416.0 408.0 398.0 388.0 
375.0 364.0 349.0 336.0 323.0 312.0 299.0 
283.0 269.0 250.0 235.0 223.0 210.0 196.0 
185.0 177.0 165.0 156.0 149.0 140.0 136.0 
131.0 127.0 124.0 115.0 112.0 106.0 102.0 
100.0 96.0 94.0 93.0 94.0 95.0 97.0 
101.0 108.0 114.0 121.0 130.0 138.0 151.0 
160.0 172.0 185.0 203.0 222.0 235.0 255.0 
272.0 290.0 311.0 332.0 354.0 372.0 393.0 
415.0 433.0 454.0 475.0 495.0 513.0 533.0 
553.0 569.0 590.0 611.0 630.0 654.0 677.0 
700.0 723.0 747.0 769.0 793.0 821.0 843.0 
867.0 889.0 910.0 929.0 945.0 960.0 968.0 
975.0 981.0 982.0 979.0 975.0 966.0 959.0 
951.0 940.0 927.0 912.0 900.0 880.0 863.0 
844.0 823.0 802.0 777.0 754.0 726.0 698.0 
672.0 643.0 611.0 583.0 550.0 516.0 486.0 
451.0 420.0 381.0 345.0 310.0 271.0 242.0 
209.0 181.0 154.0 130.0 104.0 78.0 58.0 
34.0 15.0 -5.0 -24.0 -40.0 -55.0 -67.0 
-82.0 -91.0 -99.0 -104.0 -106.0 -111.0 -113.0 
-114.0 -111.0 -108.0 -104.0 -98.0 -89.0 -78.0 
-66.0 -50.0 -33.0 -16.0 2.0 23.0 42.0 
62.0 87.0 110.0 136.0 162.0 188.0 216.0 
242.0 269.0 296.0 319.0 343.0 369.0 396.0 
422.0 446.0 472.0 496.0 522.0 545.0 570.0 
597.0 619.0 642.0 658.0 676.0 694.0 705.0 
720.0 730.0 739.0 749.0 756.0 761.0 765.0 
763.0 763.0 759.0 753.0 751.0 745.0 741.0 
734.0 727.0 720.0 712.0 704.0 693.0 681.0 
667.0 655.0 643.0 630.0 616.0 601.0 586.0 
570.0 556.0 541.0 525.0 508.0 493.0 480.0 
460.0 446.0 432.0 416.0 404.0 390.0 383.0 
372.0 362.0 354.0 339.0 331.0 321.0 313.0 
306.0 298.0 290.0 277.0 271.0 263.0 250.0 
242.0 229.0 220.0 211.0 201.0 192.0 180.0 
171.0 159.0 151.0 144.0 132.0 125.0 118.0 
113.0 105.0 99.0 98.0 92.0 92.0 90.0 
89.0 95.0 98.0 104.0 109.0 114.0 121.0 
128.0 137.0 148.0 158.0 166.0 181.0 189.0 
199.0 213.0 222.0 237.0 249.0 264.0 282.0 
296.0 311.0 327.0 342.0 356.0 374.0 389.0 
405.0 421.0 434.0 451.0 465.0 483.0 494.0 
511.0 526.0 534.0 552.0 566.0 580.0 592.0 
605.0 616.0 625.0 638.0 647.0 660.0 668.0 
676.0 686.0 694.0 703.0 706.0 713.0 718.0 
723.0 726.0 727.0 729.0 728.0 725.0 718.0 
714.0 704.0 694.0 683.0 668.0 655.0 637.0 
620.0 599.0 580.0 561.0 534.0 514.0 490.0 
464.0 443.0 417.0 391.0 365.0 342.0 321.0 
296.0 276.0 257.0 239.0 219.0 197.0 181.0 
162.0 146.0 128.0 108.0 93.0 79.0 67.0 
51.0 38.0 25.0 12.0 2.0 -8.0 -14.0 
-21.0 -23.0 -25.0 -28.0 -24.0 -20.0 -15.0 
-7.0 9.0 24.0 42.0 68.0 90.0 118.0 
144.0 173.0 205.0 234.0 269.0 296.0 330.0 
365.0 400.0 437.0 466.0 501.0 531.0 562.0 
590.0 615.0 641.0 663.0 685.0 701.0 719.0 
729.0 739.0 750.0 753.0 757.0 754.0 753.0 
745.0 736.0 727.0 710.0 698.0 681.0 663.0 
643.0 623.0 605.0 589.0 573.0 554.0 534.0 
515.0 497.0 476.0 460.0 441.0 422.0 404.0 
383.0 368.0 352.0 338.0 327.0 313.0 304.0 
292.0 285.0 280.0 272.0 267.0 261.0 257.0 
253.0 252.0 249.0 246.0 244.0 240.0 239.0 
237.0 236.0 231.0 228.0 225.0 217.0 216.0 
212.0 210.0 206.0 204.0 203.0 198.0 198.0 
195.0 192.0 191.0 188.0 188.0 187.0 189.0 
190.0 192.0 193.0 195.0 197.0 197.0 203.0 
205.0 205.0 210.0 213.0 216.0 220.0 223.0 
228.0 232.0 237.0 242.0 247.0 255.0 260.0 
267.0 278.0 288.0 298.0 307.0 319.0 331.0 
343.0 356.0 370.0 382.0 393.0 408.0 420.0 
431.0 444.0 457.0 467.0 481.0 493.0 505.0 
517.0 529.0 543.0 548.0 558.0 563.0 570.0 
575.0 577.0 580.0 576.0 578.0 571.0 570.0 
569.0 562.0 559.0 548.0 543.0 532.0 523.0 
513.0 499.0 491.0 480.0 469.0 455.0 441.0 
429.0 422.0 411.0 406.0 398.0 386.0 378.0 
366.0 357.0 347.0 338.0 328.0 318.0 311.0 
299.0 290.0 280.0 270.0 263.0 253.0 242.0 
236.0 230.0 224.0 219.0 211.0 210.0 204.0 
199.0 200.0 195.0 194.0 194.0 195.0 195.0 
194.0 196.0 198.0 199.0 201.0 204.0 206.0 
207.0 210.0 213.0 218.0 225.0 231.0 239.0 
246.0 254.0 261.0 271.0 283.0 293.0 305.0 
314.0 329.0 336.0 347.0 360.0 368.0 381.0 
390.0 400.0 411.0 420.0 426.0 434.0 440.0 
442.0 446.0 446.0 449.0 449.0 449.0 449.0 
446.0 449.0 445.0 442.0 440.0 433.0 434.0 
429.0 424.0 420.0 413.0 409.0 402.0 396.0 
390.0 384.0 376.0 366.0 358.0 353.0 349.0 
337.0 331.0 324.0 319.0 313.0 307.0 304.0 
298.0 298.0 292.0 290.0 291.0 288.0 294.0 
295.0 300.0 303.0 307.0 315.0 318.0 325.0 
328.0 333.0 338.0 345.0 352.0 355.0 361.0 
365.0 372.0 378.0 382.0 388.0 391.0 397.0 
401.0 404.0 407.0 409.0 414.0 414.0 414.0 
414.0 415.0 418.0 415.0 412.0 412.0 411.0 
412.0 414.0 417.0 417.0 418.0 422.0 425.0 
427.0 430.0 436.0 441.0 444.0 448.0 458.0 
462.0 465.0 473.0 472.0 476.0 477.0 477.0 
481.0 479.0 478.0 474.0 470.0 467.0 460.0 
453.0 447.0 439.0 429.0 420.0 406.0 394.0 
381.0 368.0 354.0 340.0 329.0 312.0 300.0 
289.0 279.0 268.0 257.0 249.0 239.0 227.0 
221.0 212.0 206.0 202.0 193.0 192.0 185.0 
180.0 176.0 170.0 168.0 163.0 160.0 155.0 
153.0 150.0 147.0 148.0 146.0 148.0 150.0 
153.0 156.0 158.0 160.0 168.0 173.0 179.0 
186.0 192.0 200.0 210.0 219.0 229.0 239.0 
247.0 258.0 268.0 274.0 284.0 291.0 301.0 
307.0 313.0 319.0 321.0 328.0 332.0 334.0 
334.0 337.0 336.0 337.0 338.0 336.0 340.0 
339.0 341.0 340.0 340.0 342.0 343.0 344.0 
346.0 352.0 352.0 358.0 361.0 367.0 373.0 
376.0 384.0 387.0 396.0 399.0 404.0 408.0 
410.0 416.0 416.0 420.0 423.0 426.0 429.0 
436.0 440.0 444.0 452.0 457.0 464.0 469.0 
476.0 478.0 482.0 486.0 487.0 489.0 487.0 
486.0 482.0 479.0 475.0 471.0 464.0 457.0 
448.0 437.0 427.0 416.0 404.0 389.0 376.0 
362.0 351.0 336.0 320.0 307.0 295.0 284.0 
270.0 262.0 250.0 238.0 227.0 212.0 203.0 
188.0 176.0 162.0 149.0 138.0 123.0 112.0 
96.0 82.0 70.0 57.0 47.0 34.0 21.0 
13.0 3.0 -6.0 -12.0 -19.0 -23.0 -27.0 
-30.0 -31.0 -30.0 -25.0 -20.0 -12.0 -2.0 
10.0 23.0 42.0 59.0 78.0 99.0 119.0 
144.0 165.0 188.0 211.0 234.0 260.0 284.0 
310.0 329.0 355.0 379.0 400.0 424.0 444.0 
467.0 486.0 506.0 520.0 535.0 554.0 567.0 
585.0 597.0 613.0 622.0 633.0 646.0 652.0 
663.0 665.0 672.0 675.0 676.0 682.0 680.0 
683.0 684.0 684.0 684.0 685.0 684.0 682.0 
680.0 676.0 671.0 662.0 656.0 643.0 628.0 
615.0 596.0 580.0 560.0 539.0 521.0 499.0 
475.0 448.0 421.0 398.0 370.0 343.0 317.0 
287.0 257.0 226.0 198.0 168.0 139.0 110.0 
82.0 56.0 30.0 8.0 -14.0 -34.0 -49.0 
-63.0 -76.0 -86.0 -98.0 -105.0 -110.0 -115.0 
-115.0 -121.0 -116.0 -114.0 -112.0 -103.0 -98.0 
-88.0 -81.0 -69.0 -57.0 -44.0 -31.0 -15.0 
0.0 15.0 34.0 50.0 67.0 82.0 100.0 
113.0 132.0 151.0 164.0 183.0 197.0 213.0 
228.0 246.0 259.0 275.0 295.0 306.0 323.0 
337.0 354.0 370.0 384.0 398.0 413.0 428.0 
439.0 453.0 465.0 480.0 492.0 505.0 519.0 
529.0 545.0 555.0 568.0 575.0 584.0 598.0 
604.0 612.0 616.0 622.0 628.0 632.0 641.0 
643.0 647.0 651.0 651.0 655.0 657.0 655.0 
655.0 658.0 658.0 653.0 649.0 648.0 645.0 
637.0 634.0 627.0 620.0 610.0 599.0 589.0 
574.0 564.0 546.0 526.0 508.0 488.0 469.0 
445.0 428.0 403.0 378.0 357.0 332.0 312.0 
287.0 265.0 243.0 223.0 206.0 184.0 166.0 
149.0 133.0 116.0 101.0 87.0 76.0 67.0 
56.0 48.0 36.0 30.0 23.0 13.0 5.0 
-5.0 -11.0 -24.0 -29.0 -38.0 -47.0 -51.0 
-60.0 -65.0 -71.0 -76.0 -81.0 -85.0 -85.0 
-89.0 -90.0 -93.0 -95.0 -96.0 -95.0 -96.0 
-97.0 -95.0 -96.0 -89.0 -87.0 -81.0 -74.0 
-69.0 -57.0 -48.0 -35.0 -24.0 -11.0 0.0 
15.0 30.0 41.0 59.0 70.0 88.0 100.0 
114.0 128.0 139.0 162.0 177.0 196.0 213.0 
230.0 250.0 268.0 287.0 306.0 326.0 344.0 
366.0 386.0 408.0 426.0 444.0 463.0 479.0 
498.0 512.0 529.0 545.0 560.0 579.0 592.0 
609.0 623.0 637.0 653.0 664.0 677.0 690.0 
701.0 713.0 723.0 733.0 740.0 747.0 756.0 
759.0 758.0 760.0 758.0 754.0 747.0 737.0 
729.0 714.0 698.0 682.0 661.0 643.0 624.0 
605.0 583.0 563.0 538.0 510.0 486.0 458.0 
431.0 401.0 369.0 339.0 308.0 278.0 245.0 
215.0 183.0 149.0 121.0 91.0 63.0 36.0 
8.0 -16.0 -39.0 -63.0 -82.0 -96.0 -115.0 
-129.0 -143.0 -155.0 -163.0 -172.0 -176.0 -180.0 
-182.0 -180.0 -181.0 -174.0 -169.0 -161.0 -151.0 
-140.0 -124.0 -110.0 -90.0 -71.0 -51.0 -30.0 
-7.0 16.0 38.0 64.0 87.0 114.0 137.0 
160.0 184.0 206.0 228.0 245.0 264.0 283.0 
299.0 313.0 326.0 340.0 348.0 359.0 368.0 
379.0 386.0 392.0 402.0 406.0 413.0 418.0 
419.0 425.0 431.0 431.0 435.0 438.0 436.0 
438.0 437.0 434.0 433.0 433.0 432.0 429.0 
427.0 425.0 424.0 423.0 421.0 417.0 412.0 
412.0 410.0 405.0 402.0 398.0 395.0 389.0 
388.0 385.0 377.0 376.0 370.0 368.0 366.0 
362.0 360.0 355.0 354.0 351.0 349.0 349.0 
348.0 350.0 348.0 349.0 351.0 349.0 354.0 
357.0 356.0 358.0 358.0 359.0 360.0 356.0 
355.0 351.0 350.0 344.0 336.0 331.0 321.0 
314.0 304.0 293.0 281.0 266.0 255.0 241.0 
227.0 214.0 200.0 187.0 173.0 161.0 149.0 
137.0 127.0 118.0 107.0 101.0 94.0 88.0 
84.0 79.0 76.0 72.0 67.0 68.0 69.0 
69.0 73.0 74.0 80.0 84.0 88.0 96.0 
104.0 114.0 121.0 131.0 144.0 157.0 169.0 
185.0 201.0 215.0 229.0 243.0 261.0 279.0 
294.0 312.0 329.0 346.0 361.0 378.0 391.0 
404.0 417.0 429.0 443.0 451.0 461.0 465.0 
471.0 475.0 477.0 479.0 475.0 475.0 469.0 
465.0 460.0 450.0 444.0 434.0 425.0 412.0 
399.0 389.0 380.0 365.0 348.0 335.0 320.0 
302.0 283.0 267.0 251.0 234.0 217.0 200.0 
185.0 165.0 151.0 136.0 123.0 109.0 97.0 
94.0 87.0 84.0 79.0 76.0 75.0 75.0 
78.0 78.0 83.0 87.0 96.0 105.0 113.0 
123.0 132.0 141.0 150.0 159.0 163.0 170.0 
177.0 177.0 182.0 183.0 181.0 182.0 177.0 
177.0 171.0 165.0 163.0 156.0 151.0 148.0 
145.0 140.0 135.0 133.0 130.0 130.0 130.0 
132.0 132.0 133.0 137.0 139.0 139.0 138.0 
140.0 142.0 143.0 145.0 146.0 149.0 153.0 
155.0 160.0 166.0 169.0 178.0 185.0 194.0 
206.0 218.0 228.0 241.0 258.0 271.0 287.0 
303.0 320.0 336.0 355.0 372.0 389.0 407.0 
420.0 438.0 451.0 469.0 486.0 497.0 513.0 
524.0 536.0 540.0 549.0 556.0 556.0 558.0 
551.0 545.0 538.0 528.0 516.0 503.0 491.0 
474.0 457.0 446.0 430.0 414.0 396.0 380.0 
363.0 347.0 333.0 312.0 294.0 272.0 251.0 
231.0 208.0 186.0 160.0 143.0 118.0 99.0 
77.0 57.0 41.0 14.0 -3.0 -18.0 -29.0 
-45.0 -58.0 -67.0 -79.0 -85.0 -94.0 -96.0 
-102.0 -106.0 -103.0 -103.0 -92.0 -86.0 -78.0 
-66.0 -53.0 -36.0 -21.0 -4.0 15.0 36.0 
56.0 73.0 96.0 117.0 141.0 163.0 184.0 
206.0 226.0 249.0 267.0 288.0 304.0 321.0 
342.0 355.0 374.0 385.0 397.0 411.0 420.0 
433.0 437.0 450.0 461.0 466.0 475.0 480.0 
488.0 495.0 504.0 508.0 510.0 519.0 518.0 
520.0 519.0 516.0 513.0 505.0 499.0 489.0 
479.0 471.0 459.0 451.0 444.0 435.0 422.0 
416.0 408.0 397.0 391.0 383.0 378.0 372.0 
367.0 360.0 355.0 349.0 339.0 332.0 327.0 
320.0 311.0 305.0 299.0 294.0 289.0 286.0 
287.0 282.0 280.0 282.0 280.0 281.0 283.0 
284.0 288.0 289.0 291.0 294.0 298.0 302.0 
305.0 309.0 311.0 312.0 312.0 313.0 312.0 
312.0 308.0 308.0 304.0 298.0 293.0 285.0 
279.0 270.0 260.0 252.0 239.0 225.0 213.0 
200.0 187.0 175.0 161.0 150.0 136.0 122.0 
110.0 100.0 94.0 84.0 78.0 70.0 66.0 
60.0 58.0 56.0 52.0 51.0 47.0 48.0 
46.0 44.0 40.0 37.0 36.0 32.0 34.0 
32.0 33.0 34.0 34.0 38.0 38.0 40.0 
43.0 45.0 44.0 46.0 51.0 55.0 62.0 
67.0 74.0 86.0 97.0 108.0 119.0 135.0 
149.0 163.0 179.0 194.0 209.0 222.0 237.0 
251.0 263.0 275.0 286.0 299.0 305.0 314.0 
323.0 330.0 338.0 339.0 345.0 349.0 351.0 
357.0 357.0 363.0 364.0 364.0 367.0 368.0 
375.0 380.0 386.0 392.0 396.0 403.0 409.0 
416.0 422.0 425.0 428.0 433.0 438.0 442.0 
446.0 448.0 451.0 452.0 452.0 451.0 449.0 
451.0 447.0 442.0 438.0 433.0 430.0 420.0 
411.0 401.0 386.0 377.0 363.0 351.0 338.0 
321.0 307.0 289.0 272.0 257.0 241.0 224.0 
209.0 194.0 177.0 161.0 148.0 136.0 122.0 
110.0 95.0 85.0 75.0 62.0 54.0 40.0 
34.0 25.0 13.0 4.0 -10.0 -17.0 -30.0 
-38.0 -48.0 -58.0 -64.0 -79.0 -83.0 -94.0 
-103.0 -102.0 -111.0 -112.0 -115.0 -113.0 -109.0 
-109.0 -101.0 -95.0 -84.0 -73.0 -64.0 -50.0 
-39.0 -29.0 -14.0 7.0 34.0 60.0 84.0 
112.0 136.0 161.0 191.0 215.0 243.0 274.0 
306.0 331.0 352.0 370.0 387.0 413.0 433.0 
451.0 473.0 487.0 500.0 504.0 515.0 532.0 
538.0 544.0 550.0 560.0 567.0 566.0 568.0 
574.0 576.0 579.0 583.0 578.0 576.0 570.0 
566.0 561.0 553.0 547.0 537.0 528.0 514.0 
504.0 497.0 488.0 482.0 472.0 468.0 459.0 
451.0 440.0 423.0 411.0 394.0 380.0 362.0 
343.0 328.0 317.0 303.0 285.0 268.0 244.0 
228.0 214.0 202.0 192.0 185.0 175.0 155.0 
143.0 124.0 114.0 103.0 91.0 83.0 66.0 
61.0 44.0 33.0 21.0 8.0 2.0 -7.0 
-7.0 -16.0 -26.0 -44.0 -51.0 -44.0 -44.0 
-43.0 -48.0 -42.0 -41.0 -36.0 -30.0 -25.0 
-9.0 0.0 9.0 9.0 11.0 22.0 40.0 
52.0 63.0 79.0 92.0 122.0 145.0 165.0 
190.0 207.0 228.0 250.0 273.0 304.0 336.0 
370.0 404.0 430.0 456.0 489.0 518.0 534.0 
556.0 583.0 598.0 615.0 632.0 634.0 632.0 
631.0 633.0 645.0 653.0 650.0 639.0 626.0 
617.0 603.0 593.0 592.0 585.0 570.0 547.0 
521.0 496.0 476.0 466.0 451.0 445.0 437.0 
413.0 389.0 358.0 338.0 317.0 297.0 283.0 
253.0 221.0 190.0 174.0 154.0 117.0 78.0 
51.0 31.0 4.0 -15.0 -39.0 -60.0 -81.0 
-107.0 -128.0 -151.0 -178.0 -201.0 -209.0 -210.0 
-215.0 -222.0 -224.0 -232.0 -235.0 -240.0 -242.0 
-234.0 -231.0 -221.0 -219.0 -209.0 -197.0 -188.0 
-174.0 -170.0 -155.0 -144.0 -130.0 -108.0 -76.0 
-36.0 -9.0 13.0 27.0 38.0 49.0 71.0 
94.0 112.0 136.0 156.0 178.0 200.0 222.0 
243.0 262.0 281.0 303.0 323.0 338.0 358.0 
379.0 401.0 426.0 442.0 456.0 475.0 491.0 
507.0 523.0 545.0 570.0 586.0 609.0 620.0 
615.0 614.0 612.0 617.0 621.0 619.0 631.0 
639.0 638.0 633.0 627.0 616.0 601.0 592.0 
592.0 601.0 601.0 595.0 586.0 577.0 569.0 
556.0 556.0 552.0 539.0 530.0 524.0 518.0 
504.0 483.0 460.0 439.0 427.0 412.0 398.0 
385.0 359.0 331.0 305.0 279.0 260.0 248.0 
238.0 226.0 204.0 178.0 150.0 128.0 112.0 
91.0 73.0 50.0 33.0 17.0 -12.0 -38.0 
-55.0 -62.0 -70.0 -80.0 -99.0 -113.0 -119.0 
-128.0 -130.0 -135.0 -135.0 -142.0 -152.0 -155.0 
-159.0 -156.0 -154.0 -150.0 -145.0 -137.0 -133.0 
-132.0 -131.0 -122.0 -115.0 -121.0 -118.0 -105.0 
-91.0 -79.0 -67.0 -59.0 -55.0 -38.0 -14.0 
7.0 23.0 38.0 57.0 76.0 95.0 121.0 
141.0 148.0 144.0 146.0 171.0 204.0 234.0 
249.0 253.0 262.0 275.0 296.0 308.0 319.0 
331.0 338.0 346.0 349.0 355.0 363.0 373.0 
393.0 406.0 402.0 402.0 400.0 397.0 402.0 
407.0 408.0 414.0 423.0 424.0 421.0 423.0 
423.0 420.0 417.0 411.0 404.0 410.0 413.0 
415.0 425.0 433.0 435.0 436.0 441.0 438.0 
445.0 450.0 448.0 452.0 453.0 460.0 458.0 
459.0 466.0 470.0 477.0 480.0 481.0 470.0 
474.0 477.0 463.0 466.0 464.0 472.0 475.0 
466.0 461.0 454.0 459.0 458.0 463.0 455.0 
446.0 443.0 435.0 434.0 425.0 415.0 413.0 
422.0 418.0 403.0 389.0 370.0 362.0 353.0 
348.0 339.0 334.0 332.0 317.0 304.0 289.0 
271.0 251.0 232.0 216.0 196.0 175.0 156.0 
139.0 122.0 101.0 78.0 55.0 32.0 6.0 
-15.0 -35.0 -64.0 -88.0 -106.0 -125.0 -142.0 
-160.0 -181.0 -198.0 -217.0 -235.0 -241.0 -249.0 
-267.0 -280.0 -291.0 -297.0 -288.0 -285.0 -286.0 
-284.0 -280.0 -279.0 -278.0 -269.0 -263.0 -253.0 
-230.0 -203.0 -182.0 -164.0 -143.0 -128.0 -104.0 
-82.0 -65.0 -45.0 -31.0 -9.0 13.0 34.0 
58.0 85.0 113.0 146.0 178.0 197.0 214.0 
236.0 256.0 278.0 301.0 318.0 337.0 355.0 
377.0 405.0 426.0 445.0 454.0 469.0 493.0 
516.0 544.0 567.0 588.0 607.0 623.0 637.0 
649.0 654.0 656.0 663.0 673.0 682.0 685.0 
683.0 686.0 688.0 689.0 691.0 693.0 694.0 
689.0 683.0 672.0 652.0 640.0 630.0 618.0 
607.0 593.0 575.0 559.0 544.0 525.0 511.0 
498.0 483.0 467.0 450.0 432.0 409.0 396.0 
379.0 364.0 357.0 339.0 317.0 291.0 270.0 
249.0 228.0 216.0 201.0 190.0 173.0 154.0 
140.0 119.0 98.0 78.0 57.0 30.0 -2.0 
-34.0 -63.0 -86.0 -103.0 -126.0 -153.0 -171.0 
-199.0 -229.0 -244.0 -259.0 -275.0 -295.0 -311.0 
-332.0 -358.0 -372.0 -386.0 -392.0 -395.0 -401.0 
-397.0 -397.0 -393.0 -380.0 -368.0 -353.0 -350.0 
-347.0 -340.0 -333.0 -317.0 -296.0 -277.0 -264.0 
-252.0 -220.0 -187.0 -165.0 -133.0 -98.0 -68.0 
-34.0 0.0 29.0 65.0 103.0 141.0 179.0 
215.0 257.0 295.0 329.0 364.0 395.0 431.0 
466.0 500.0 533.0 559.0 580.0 610.0 643.0 
675.0 708.0 730.0 754.0 778.0 798.0 817.0 
828.0 843.0 851.0 863.0 870.0 873.0 882.0 
882.0 881.0 874.0 869.0 867.0 867.0 868.0 
858.0 850.0 844.0 832.0 819.0 800.0 781.0 
765.0 748.0 729.0 704.0 676.0 649.0 628.0 
606.0 576.0 549.0 525.0 501.0 475.0 450.0 
421.0 394.0 369.0 345.0 332.0 311.0 292.0 
270.0 243.0 224.0 204.0 190.0 172.0 158.0 
144.0 124.0 112.0 94.0 83.0 71.0 61.0 
59.0 48.0 37.0 22.0 14.0 0.0 -8.0 
-11.0 -23.0 -22.0 -33.0 -44.0 -52.0 -67.0 
-75.0 -87.0 -90.0 -91.0 -96.0 -103.0 -104.0 
-112.0 -121.0 -123.0 -129.0 -131.0 -142.0 -148.0 
-154.0 -162.0 -161.0 -165.0 -167.0 -167.0 -163.0 
-160.0 -159.0 -157.0 -163.0 -167.0 -169.0 -164.0 
-158.0 -156.0 -154.0 -150.0 -139.0 -134.0 -126.0 
-117.0 -109.0 -92.0 -85.0 -74.0 -61.0 -46.0 
-30.0 -18.0 2.0 17.0 45.0 69.0 87.0 
117.0 145.0 176.0 207.0 239.0 271.0 301.0 
335.0 374.0 407.0 435.0 463.0 492.0 522.0 
550.0 581.0 606.0 638.0 674.0 707.0 737.0 
759.0 782.0 804.0 830.0 848.0 858.0 875.0 
892.0 908.0 918.0 921.0 925.0 927.0 929.0 
924.0 916.0 908.0 888.0 868.0 846.0 822.0 
794.0 762.0 729.0 696.0 661.0 617.0 576.0 
527.0 478.0 429.0 378.0 333.0 280.0 235.0 
187.0 139.0 100.0 56.0 21.0 -19.0 -53.0 
-87.0 -118.0 -143.0 -181.0 -206.0 -229.0 -251.0 
-267.0 -292.0 -309.0 -327.0 -345.0 -359.0 -372.0 
-379.0 -385.0 -387.0 -390.0 -382.0 -379.0 -381.0 
-374.0 -373.0 -370.0 -359.0 -347.0 -330.0 -312.0 
-296.0 -278.0 -256.0 -235.0 -220.0 -199.0 -172.0 
-146.0 -117.0 -90.0 -57.0 -26.0 8.0 47.0 
84.0 120.0 151.0 188.0 218.0 249.0 280.0 
304.0 336.0 364.0 389.0 412.0 436.0 464.0 
485.0 504.0 525.0 538.0 552.0 570.0 580.0 
586.0 592.0 596.0 599.0 600.0 600.0 603.0 
598.0 592.0 590.0 582.0 571.0 564.0 556.0 
547.0 534.0 521.0 508.0 492.0 481.0 469.0 
453.0 440.0 433.0 420.0 402.0 387.0 376.0 
361.0 342.0 325.0 308.0 297.0 285.0 273.0 
266.0 258.0 244.0 236.0 236.0 223.0 216.0 
214.0 203.0 200.0 196.0 193.0 189.0 192.0 
199.0 191.0 192.0 192.0 194.0 200.0 204.0 
210.0 214.0 218.0 217.0 211.0 209.0 210.0 
207.0 205.0 200.0 195.0 201.0 199.0 191.0 
184.0 184.0 187.0 180.0 180.0 177.0 179.0 
184.0 186.0 186.0 187.0 198.0 206.0 213.0 
226.0 242.0 253.0 260.0 273.0 281.0 292.0 
303.0 315.0 330.0 346.0 359.0 369.0 382.0 
388.0 398.0 409.0 417.0 428.0 432.0 439.0 
445.0 451.0 458.0 461.0 465.0 470.0 477.0 
481.0 486.0 490.0 497.0 503.0 503.0 502.0 
498.0 495.0 489.0 481.0 474.0 473.0 467.0 
455.0 447.0 436.0 422.0 401.0 388.0 371.0 
351.0 335.0 312.0 293.0 270.0 251.0 237.0 
215.0 197.0 185.0 169.0 147.0 125.0 105.0 
81.0 63.0 40.0 16.0 -2.0 -27.0 -53.0 
-78.0 -101.0 -121.0 -139.0 -153.0 -169.0 -187.0 
-199.0 -207.0 -217.0 -224.0 -235.0 -244.0 -246.0 
-244.0 -241.0 -238.0 -229.0 -218.0 -206.0 -190.0 
-177.0 -166.0 -149.0 -129.0 -109.0 -82.0 -57.0 
-31.0 -8.0 15.0 47.0 72.0 98.0 123.0 
150.0 183.0 210.0 237.0 266.0 291.0 314.0 
338.0 361.0 385.0 406.0 426.0 445.0 462.0 
483.0 495.0 510.0 528.0 547.0 569.0 582.0 
583.0 587.0 598.0 615.0 632.0 649.0 661.0 
669.0 676.0 677.0 679.0 690.0 705.0 716.0 
731.0 738.0 740.0 742.0 738.0 733.0 721.0 
710.0 710.0 709.0 692.0 668.0 649.0 628.0 
597.0 568.0 543.0 515.0 493.0 459.0 419.0 
388.0 350.0 301.0 257.0 229.0 205.0 169.0 
132.0 108.0 76.0 44.0 26.0 -6.0 -40.0 
-62.0 -90.0 -109.0 -122.0 -143.0 -166.0 -188.0 
-199.0 -219.0 -235.0 -242.0 -252.0 -263.0 -272.0 
-267.0 -283.0 -312.0 -313.0 -306.0 -309.0 -304.0 
-288.0 -286.0 -290.0 -277.0 -269.0 -264.0 -242.0 
-225.0 -213.0 -201.0 -180.0 -147.0 -134.0 -110.0 
-68.0 -30.0 1.0 22.0 46.0 68.0 101.0 
143.0 178.0 214.0 265.0 308.0 332.0 372.0 
423.0 454.0 482.0 523.0 552.0 583.0 625.0 
643.0 670.0 688.0 706.0 736.0 751.0 778.0 
796.0 794.0 800.0 812.0 822.0 829.0 818.0 
813.0 822.0 817.0 822.0 821.0 796.0 782.0 
769.0 755.0 736.0 702.0 673.0 654.0 618.0 
582.0 570.0 549.0 511.0 478.0 452.0 417.0 
375.0 337.0 309.0 270.0 231.0 218.0 187.0 
143.0 118.0 87.0 69.0 74.0 59.0 40.0 
27.0 -3.0 -11.0 -13.0 -30.0 -31.0 -40.0 
-44.0 -48.0 -67.0 -71.0 -74.0 -72.0 -70.0 
-78.0 -79.0 -80.0 -80.0 -88.0 -96.0 -99.0 
-106.0 -100.0 -91.0 -89.0 -99.0 -95.0 -72.0 
-64.0 -67.0 -71.0 -67.0 -63.0 -40.0 -23.0 
-12.0 7.0 14.0 40.0 57.0 64.0 93.0 
124.0 139.0 148.0 164.0 196.0 229.0 235.0 
261.0 294.0 319.0 346.0 362.0 402.0 420.0 
431.0 466.0 480.0 510.0 537.0 544.0 570.0 
591.0 605.0 644.0 661.0 656.0 668.0 686.0 
701.0 720.0 734.0 735.0 756.0 772.0 767.0 
768.0 777.0 774.0 750.0 747.0 743.0 735.0 
735.0 713.0 696.0 688.0 683.0 670.0 646.0 
625.0 605.0 591.0 572.0 552.0 533.0 521.0 
499.0 455.0 428.0 409.0 375.0 351.0 331.0 
307.0 288.0 267.0 248.0 226.0 187.0 166.0 
150.0 126.0 101.0 65.0 44.0 33.0 23.0 
2.0 -23.0 -36.0 -43.0 -47.0 -68.0 -82.0 
-87.0 -104.0 -111.0 -103.0 -100.0 -123.0 -128.0 
-126.0 -121.0 -103.0 -115.0 -122.0 -111.0 -99.0 
-98.0 -102.0 -92.0 -87.0 -80.0 -83.0 -87.0 
-83.0 -82.0 -71.0 -61.0 -55.0 -49.0 -47.0 
-40.0 -32.0 -30.0 -28.0 -14.0 0.0 9.0 
30.0 45.0 48.0 61.0 74.0 77.0 90.0 
112.0 130.0 156.0 184.0 199.0 218.0 244.0 
270.0 281.0 303.0 338.0 366.0 393.0 420.0 
448.0 466.0 488.0 512.0 538.0 567.0 587.0 
608.0 627.0 639.0 659.0 675.0 678.0 691.0 
703.0 721.0 739.0 737.0 747.0 747.0 744.0 
749.0 741.0 733.0 725.0 715.0 716.0 720.0 
710.0 701.0 690.0 680.0 672.0 657.0 641.0 
626.0 607.0 593.0 582.0 563.0 548.0 529.0 
508.0 486.0 462.0 436.0 399.0 373.0 358.0 
330.0 302.0 277.0 246.0 221.0 194.0 167.0 
144.0 113.0 91.0 62.0 34.0 17.0 -2.0 
-28.0 -61.0 -82.0 -108.0 -131.0 -147.0 -165.0 
-183.0 -208.0 -224.0 -236.0 -247.0 -254.0 -260.0 
-267.0 -280.0 -284.0 -279.0 -274.0 -270.0 -266.0 
-257.0 -240.0 -227.0 -220.0 -208.0 -193.0 -175.0 
-154.0 -129.0 -100.0 -81.0 -52.0 -22.0 -4.0 
22.0 42.0 72.0 99.0 122.0 146.0 160.0 
185.0 208.0 238.0 261.0 276.0 289.0 289.0 
307.0 322.0 328.0 341.0 348.0 360.0 367.0 
375.0 392.0 403.0 413.0 429.0 438.0 436.0 
440.0 454.0 462.0 468.0 467.0 472.0 486.0 
492.0 498.0 509.0 518.0 519.0 531.0 548.0 
549.0 554.0 557.0 565.0 573.0 580.0 590.0 
599.0 603.0 595.0 584.0 579.0 586.0 589.0 
583.0 575.0 567.0 564.0 560.0 548.0 536.0 
535.0 532.0 528.0 522.0 522.0 520.0 512.0 
513.0 504.0 502.0 489.0 480.0 477.0 471.0 
476.0 463.0 462.0 456.0 443.0 442.0 425.0 
429.0 420.0 401.0 402.0 388.0 384.0 373.0 
349.0 327.0 312.0 297.0 269.0 241.0 208.0 
187.0 161.0 126.0 100.0 74.0 55.0 28.0 
-10.0 -35.0 -57.0 -88.0 -113.0 -134.0 -148.0 
-161.0 -181.0 -202.0 -219.0 -221.0 -219.0 -220.0 
-224.0 -226.0 -220.0 -205.0 -184.0 -175.0 -165.0 
-143.0 -124.0 -106.0 -84.0 -63.0 -28.0 4.0 
24.0 49.0 78.0 108.0 138.0 172.0 204.0 
239.0 273.0 305.0 344.0 385.0 416.0 439.0 
461.0 488.0 525.0 543.0 565.0 592.0 609.0 
628.0 637.0 647.0 660.0 673.0 678.0 676.0 
676.0 676.0 678.0 675.0 677.0 674.0 666.0 
654.0 651.0 642.0 639.0 643.0 624.0 624.0 
615.0 604.0 594.0 573.0 568.0 552.0 531.0 
514.0 499.0 486.0 471.0 453.0 440.0 430.0 
406.0 384.0 362.0 344.0 321.0 292.0 277.0 
260.0 243.0 225.0 208.0 192.0 171.0 152.0 
133.0 123.0 116.0 94.0 80.0 68.0 50.0 
43.0 36.0 29.0 27.0 26.0 24.0 27.0 
29.0 25.0 26.0 36.0 43.0 45.0 55.0 
62.0 68.0 81.0 89.0 87.0 85.0 92.0 
104.0 112.0 116.0 124.0 131.0 137.0 146.0 
150.0 150.0 150.0 153.0 155.0 156.0 159.0 
165.0 169.0 173.0 180.0 181.0 187.0 199.0 
210.0 211.0 219.0 225.0 220.0 231.0 244.0 
257.0 261.0 266.0 277.0 282.0 295.0 303.0 
313.0 326.0 335.0 338.0 347.0 361.0 365.0 
380.0 398.0 404.0 411.0 416.0 421.0 433.0 
444.0 445.0 453.0 459.0 459.0 463.0 466.0 
470.0 477.0 480.0 479.0 479.0 475.0 471.0 
473.0 472.0 463.0 454.0 449.0 442.0 439.0 
437.0 421.0 410.0 409.0 403.0 386.0 369.0 
365.0 356.0 338.0 319.0 306.0 296.0 280.0 
261.0 243.0 227.0 209.0 197.0 185.0 163.0 
138.0 121.0 111.0 97.0 82.0 70.0 54.0 
42.0 33.0 21.0 13.0 5.0 3.0 2.0 
-3.0 -8.0 -10.0 -8.0 -11.0 -5.0 4.0 
10.0 24.0 33.0 45.0 58.0 72.0 87.0 
104.0 117.0 131.0 157.0 176.0 187.0 196.0 
212.0 237.0 257.0 276.0 289.0 309.0 326.0 
329.0 341.0 351.0 363.0 372.0 380.0 388.0 
398.0 406.0 405.0 416.0 417.0 423.0 431.0 
429.0 436.0 436.0 440.0 443.0 450.0 459.0 
461.0 465.0 471.0 476.0 489.0 498.0 503.0 
511.0 511.0 523.0 529.0 534.0 539.0 542.0 
558.0 559.0 567.0 576.0 580.0 584.0 580.0 
578.0 571.0 569.0 563.0 553.0 541.0 530.0 
523.0 507.0 489.0 460.0 440.0 420.0 394.0 
377.0 353.0 334.0 309.0 283.0 272.0 252.0 
232.0 206.0 186.0 165.0 143.0 136.0 118.0 
102.0 82.0 69.0 61.0 42.0 31.0 15.0 
6.0 -2.0 -14.0 -19.0 -31.0 -45.0 -56.0 
-65.0 -79.0 -90.0 -88.0 -93.0 -101.0 -103.0 
-108.0 -110.0 -110.0 -116.0 -112.0 -106.0 -99.0 
-93.0 -86.0 -75.0 -69.0 -57.0 -48.0 -32.0 
-7.0 10.0 39.0 63.0 83.0 112.0 131.0 
152.0 169.0 189.0 216.0 234.0 258.0 284.0 
301.0 316.0 336.0 351.0 362.0 381.0 402.0 
411.0 415.0 426.0 440.0 455.0 464.0 466.0 
476.0 481.0 487.0 501.0 505.0 512.0 526.0 
537.0 544.0 551.0 557.0 558.0 564.0 573.0 
573.0 578.0 584.0 589.0 589.0 590.0 590.0 
579.0 574.0 571.0 567.0 561.0 554.0 554.0 
544.0 531.0 523.0 508.0 498.0 490.0 481.0 
475.0 458.0 440.0 416.0 390.0 371.0 356.0 
345.0 325.0 306.0 289.0 274.0 263.0 253.0 
233.0 215.0 202.0 187.0 178.0 168.0 158.0 
143.0 130.0 123.0 113.0 102.0 93.0 89.0 
84.0 77.0 67.0 55.0 48.0 41.0 31.0 
25.0 16.0 2.0 -3.0 -15.0 -24.0 -33.0 
-42.0 -43.0 -53.0 -62.0 -64.0 -64.0 -69.0 
-72.0 -69.0 -65.0 -55.0 -53.0 -46.0 -32.0 
-16.0 1.0 16.0 30.0 44.0 60.0 76.0 
92.0 100.0 113.0 132.0 153.0 171.0 184.0 
200.0 212.0 230.0 251.0 264.0 278.0 295.0 
309.0 324.0 339.0 350.0 365.0 379.0 391.0 
401.0 413.0 423.0 429.0 441.0 449.0 456.0 
461.0 468.0 473.0 478.0 486.0 491.0 493.0 
499.0 508.0 510.0 512.0 515.0 521.0 520.0 
519.0 520.0 524.0 536.0 528.0 528.0 528.0 
527.0 531.0 520.0 523.0 520.0 521.0 522.0 
514.0 514.0 503.0 498.0 493.0 486.0 474.0 
461.0 447.0 431.0 420.0 408.0 394.0 375.0 
361.0 347.0 334.0 322.0 306.0 293.0 276.0 
264.0 246.0 228.0 213.0 196.0 180.0 165.0 
156.0 142.0 125.0 107.0 91.0 84.0 78.0 
66.0 52.0 42.0 36.0 33.0 29.0 22.0 
17.0 19.0 25.0 24.0 21.0 22.0 21.0 
30.0 35.0 34.0 44.0 52.0 59.0 64.0 
75.0 79.0 90.0 104.0 104.0 117.0 125.0 
136.0 146.0 149.0 158.0 162.0 175.0 183.0 
191.0 200.0 210.0 226.0 239.0 248.0 251.0 
262.0 276.0 282.0 288.0 295.0 301.0 305.0 
310.0 317.0 323.0 321.0 322.0 325.0 329.0 
339.0 346.0 352.0 359.0 363.0 374.0 385.0 
391.0 400.0 407.0 405.0 411.0 423.0 427.0 
433.0 440.0 446.0 450.0 453.0 455.0 454.0 
458.0 461.0 460.0 463.0 472.0 471.0 471.0 
475.0 471.0 473.0 466.0 460.0 462.0 451.0 
452.0 448.0 438.0 434.0 428.0 421.0 415.0 
408.0 392.0 380.0 376.0 371.0 365.0 355.0 
348.0 339.0 332.0 326.0 318.0 309.0 300.0 
293.0 283.0 273.0 264.0 256.0 246.0 239.0 
230.0 216.0 209.0 192.0 175.0 164.0 147.0 
131.0 109.0 86.0 66.0 48.0 30.0 10.0 
-7.0 -26.0 -48.0 -67.0 -82.0 -95.0 -115.0 
-134.0 -144.0 -156.0 -163.0 -167.0 -176.0 -182.0 
-184.0 -176.0 -171.0 -171.0 -164.0 -157.0 -147.0 
-135.0 -121.0 -103.0 -87.0 -69.0 -49.0 -36.0 
-17.0 8.0 26.0 48.0 69.0 93.0 118.0 
138.0 161.0 186.0 205.0 222.0 247.0 273.0 
292.0 316.0 338.0 361.0 384.0 407.0 435.0 
460.0 486.0 506.0 527.0 552.0 569.0 588.0 
610.0 626.0 639.0 653.0 665.0 672.0 674.0 
677.0 678.0 675.0 673.0 666.0 658.0 643.0 
627.0 613.0 596.0 573.0 548.0 532.0 511.0 
485.0 459.0 431.0 402.0 370.0 339.0 308.0 
286.0 259.0 229.0 203.0 177.0 155.0 132.0 
112.0 93.0 71.0 56.0 43.0 28.0 14.0 
2.0 -8.0 -16.0 -22.0 -27.0 -28.0 -30.0 
-36.0 -42.0 -44.0 -38.0 -34.0 -30.0 -21.0 
-8.0 2.0 10.0 24.0 37.0 50.0 71.0 
90.0 109.0 136.0 159.0 181.0 208.0 239.0 
269.0 294.0 322.0 348.0 377.0 406.0 435.0 
466.0 493.0 515.0 537.0 555.0 570.0 586.0 
603.0 615.0 623.0 629.0 631.0 633.0 630.0 
621.0 612.0 598.0 583.0 570.0 557.0 541.0 
520.0 497.0 473.0 447.0 425.0 399.0 374.0 
357.0 335.0 317.0 292.0 267.0 245.0 217.0 
197.0 177.0 163.0 148.0 133.0 123.0 103.0 
89.0 74.0 56.0 40.0 26.0 16.0 4.0 
-4.0 -14.0 -23.0 -27.0 -37.0 -46.0 -51.0 
-61.0 -66.0 -69.0 -76.0 -81.0 -87.0 -88.0 
-89.0 -97.0 -95.0 -92.0 -86.0 -82.0 -78.0 
-65.0 -53.0 -37.0 -26.0 -15.0 1.0 21.0 
46.0 72.0 99.0 126.0 150.0 172.0 205.0 
232.0 257.0 283.0 310.0 339.0 365.0 394.0 
418.0 443.0 469.0 492.0 514.0 538.0 557.0 
575.0 594.0 607.0 625.0 641.0 649.0 655.0 
665.0 676.0 682.0 690.0 696.0 698.0 698.0 
700.0 702.0 706.0 707.0 706.0 707.0 701.0 
699.0 699.0 689.0 684.0 677.0 660.0 650.0 
632.0 615.0 599.0 579.0 558.0 530.0 504.0 
477.0 453.0 426.0 392.0 364.0 333.0 302.0 
267.0 229.0 191.0 156.0 124.0 89.0 55.0 
15.0 -25.0 -61.0 -97.0 -136.0 -172.0 -209.0 
-248.0 -277.0 -308.0 -336.0 -361.0 -387.0 -412.0 
-436.0 -453.0 -468.0 -482.0 -492.0 -499.0 -503.0 
-499.0 -497.0 -489.0 -483.0 -479.0 -467.0 -463.0 
-449.0 -431.0 -414.0 -397.0 -380.0 -360.0 -341.0 
-313.0 -288.0 -263.0 -228.0 -192.0 -151.0 -111.0 
-74.0 -31.0 15.0 57.0 98.0 143.0 194.0 
234.0 274.0 315.0 353.0 395.0 436.0 473.0 
509.0 543.0 578.0 609.0 640.0 668.0 688.0 
714.0 732.0 743.0 756.0 766.0 777.0 782.0 
780.0 780.0 780.0 773.0 766.0 753.0 737.0 
726.0 711.0 698.0 682.0 666.0 645.0 625.0 
604.0 579.0 560.0 537.0 516.0 492.0 470.0 
451.0 426.0 406.0 385.0 369.0 351.0 336.0 
321.0 302.0 289.0 271.0 257.0 248.0 236.0 
222.0 208.0 191.0 181.0 174.0 159.0 152.0 
144.0 134.0 128.0 119.0 111.0 99.0 97.0 
90.0 82.0 78.0 72.0 67.0 64.0 63.0 
57.0 58.0 56.0 53.0 57.0 56.0 59.0 
60.0 64.0 69.0 73.0 78.0 82.0 87.0 
94.0 100.0 108.0 117.0 126.0 135.0 138.0 
139.0 146.0 153.0 160.0 168.0 174.0 178.0 
183.0 185.0 189.0 191.0 185.0 184.0 185.0 
184.0 188.0 185.0 181.0 178.0 172.0 170.0 
172.0 172.0 169.0 170.0 169.0 169.0 173.0 
173.0 171.0 169.0 173.0 177.0 182.0 186.0 
186.0 188.0 194.0 200.0 204.0 208.0 216.0 
223.0 230.0 237.0 244.0 253.0 259.0 270.0 
279.0 285.0 297.0 301.0 310.0 312.0 317.0 
330.0 338.0 345.0 345.0 349.0 354.0 359.0 
368.0 376.0 377.0 378.0 378.0 379.0 384.0 
387.0 390.0 391.0 390.0 390.0 388.0 385.0 
378.0 373.0 369.0 361.0 354.0 343.0 326.0 
316.0 306.0 294.0 285.0 274.0 269.0 261.0 
252.0 245.0 234.0 229.0 222.0 215.0 209.0 
204.0 201.0 194.0 192.0 188.0 188.0 193.0 
196.0 194.0 190.0 193.0 196.0 197.0 197.0 
199.0 199.0 200.0 199.0 195.0 190.0 184.0 
185.0 184.0 183.0 181.0 174.0 172.0 166.0 
162.0 154.0 149.0 143.0 131.0 127.0 120.0 
115.0 109.0 101.0 96.0 89.0 82.0 75.0 
73.0 69.0 66.0 65.0 62.0 61.0 61.0 
62.0 60.0 56.0 56.0 59.0 56.0 55.0 
59.0 61.0 64.0 64.0 68.0 71.0 71.0 
73.0 75.0 76.0 80.0 85.0 85.0 89.0 
93.0 94.0 100.0 106.0 107.0 111.0 118.0 
124.0 130.0 137.0 146.0 149.0 157.0 163.0 
166.0 176.0 185.0 197.0 201.0 207.0 214.0 
219.0 228.0 232.0 235.0 238.0 243.0 246.0 
250.0 253.0 252.0 258.0 258.0 263.0 267.0 
268.0 271.0 273.0 280.0 279.0 281.0 281.0 
276.0 277.0 271.0 271.0 267.0 259.0 259.0 
253.0 251.0 247.0 240.0 239.0 234.0 229.0 
227.0 226.0 224.0 218.0 217.0 211.0 207.0 
205.0 204.0 206.0 207.0 211.0 213.0 216.0 
221.0 226.0 228.0 231.0 239.0 242.0 247.0 
248.0 249.0 249.0 245.0 242.0 239.0 235.0 
229.0 221.0 212.0 207.0 199.0 194.0 189.0 
183.0 177.0 170.0 163.0 154.0 147.0 138.0 
132.0 128.0 123.0 115.0 104.0 99.0 96.0 
94.0 92.0 92.0 90.0 86.0 87.0 90.0 
89.0 90.0 99.0 102.0 107.0 108.0 111.0 
116.0 118.0 125.0 128.0 133.0 132.0 131.0 
133.0 134.0 140.0 142.0 144.0 145.0 143.0 
146.0 147.0 150.0 152.0 155.0 162.0 166.0 
170.0 175.0 179.0 182.0 186.0 191.0 195.0 
199.0 201.0 201.0 203.0 205.0 208.0 213.0 
215.0 220.0 224.0 226.0 231.0 235.0 236.0 
238.0 238.0 242.0 249.0 249.0 250.0 250.0 
250.0 253.0 255.0 255.0 253.0 254.0 252.0 
250.0 251.0 252.0 256.0 255.0 261.0 265.0 
264.0 270.0 273.0 278.0 279.0 283.0 285.0 
288.0 292.0 293.0 295.0 295.0 296.0 294.0 
294.0 295.0 296.0 294.0 295.0 295.0 288.0 
286.0 285.0 283.0 279.0 279.0 282.0 283.0 
285.0 286.0 283.0 287.0 290.0 290.0 294.0 
292.0 292.0 290.0 288.0 284.0 279.0 278.0 
270.0 268.0 260.0 255.0 248.0 234.0 227.0 
211.0 204.0 194.0 181.0 170.0 155.0 147.0 
132.0 121.0 107.0 91.0 79.0 61.0 49.0 
34.0 21.0 6.0 -9.0 -19.0 -33.0 -47.0 
-64.0 -73.0 -88.0 -102.0 -111.0 -121.0 -124.0 
-137.0 -142.0 -149.0 -155.0 -159.0 -164.0 -160.0 
-161.0 -154.0 -154.0 -149.0 -144.0 -142.0 -132.0 
-122.0 -104.0 -93.0 -78.0 -61.0 -48.0 -29.0 
-15.0 7.0 23.0 44.0 69.0 88.0 111.0 
134.0 158.0 179.0 200.0 222.0 236.0 261.0 
288.0 305.0 326.0 347.0 366.0 386.0 399.0 
413.0 423.0 431.0 440.0 453.0 458.0 462.0 
470.0 471.0 478.0 477.0 473.0 476.0 475.0 
473.0 466.0 461.0 456.0 452.0 450.0 444.0 
433.0 423.0 419.0 412.0 407.0 398.0 389.0 
384.0 380.0 374.0 362.0 358.0 352.0 342.0 
337.0 323.0 311.0 293.0 275.0 260.0 239.0 
219.0 196.0 168.0 141.0 112.0 86.0 59.0 
29.0 1.0 -25.0 -50.0 -75.0 -98.0 -120.0 
-139.0 -158.0 -174.0 -188.0 -204.0 -216.0 -228.0 
-236.0 -242.0 -248.0 -253.0 -258.0 -259.0 -257.0 
-258.0 -261.0 -258.0 -252.0 -245.0 -239.0 -232.0 
-218.0 -205.0 -190.0 -175.0 -163.0 -145.0 -129.0 
-113.0 -96.0 -78.0 -56.0 -37.0 -17.0 4.0 
21.0 40.0 62.0 79.0 99.0 116.0 133.0 
151.0 171.0 187.0 203.0 227.0 246.0 268.0 
286.0 305.0 325.0 345.0 365.0 379.0 397.0 
412.0 427.0 435.0 441.0 451.0 450.0 452.0 
453.0 452.0 449.0 445.0 439.0 430.0 423.0 
409.0 402.0 392.0 377.0 362.0 344.0 331.0 
316.0 301.0 282.0 267.0 250.0 228.0 213.0 
193.0 176.0 156.0 138.0 124.0 107.0 91.0 
75.0 64.0 50.0 36.0 22.0 13.0 3.0 
-6.0 -11.0 -20.0 -24.0 -31.0 -33.0 -35.0 
-36.0 -34.0 -32.0 -26.0 -21.0 -13.0 -6.0 
7.0 20.0 31.0 46.0 58.0 73.0 86.0 
99.0 112.0 124.0 136.0 149.0 165.0 177.0 
192.0 206.0 217.0 228.0 238.0 251.0 262.0 
274.0 285.0 295.0 308.0 315.0 322.0 329.0 
336.0 342.0 346.0 350.0 351.0 350.0 350.0 
353.0 353.0 355.0 353.0 351.0 351.0 348.0 
350.0 345.0 344.0 348.0 341.0 336.0 333.0 
330.0 323.0 319.0 316.0 309.0 307.0 303.0 
298.0 297.0 292.0 291.0 292.0 287.0 282.0 
274.0 263.0 255.0 249.0 237.0 229.0 221.0 
205.0 194.0 183.0 171.0 159.0 145.0 136.0 
122.0 111.0 101.0 87.0 80.0 68.0 53.0 
43.0 33.0 23.0 14.0 3.0 -5.0 -15.0 
-25.0 -32.0 -43.0 -47.0 -59.0 -70.0 -75.0 
-84.0 -90.0 -98.0 -108.0 -115.0 -126.0 -136.0 
-144.0 -154.0 -161.0 -170.0 -178.0 -183.0 -190.0 
-196.0 -202.0 -205.0 -203.0 -203.0 -199.0 -195.0 
-188.0 -182.0 -172.0 -161.0 -153.0 -139.0 -124.0 
-111.0 -94.0 -79.0 -62.0 -40.0 -24.0 -3.0 
19.0 40.0 62.0 83.0 109.0 131.0 155.0 
177.0 200.0 224.0 244.0 267.0 288.0 309.0 
323.0 340.0 353.0 367.0 383.0 392.0 408.0 
423.0 438.0 453.0 466.0 476.0 486.0 496.0 
502.0 510.0 511.0 517.0 518.0 519.0 519.0 
515.0 516.0 507.0 505.0 498.0 488.0 481.0 
470.0 462.0 449.0 439.0 426.0 414.0 404.0 
389.0 374.0 360.0 349.0 334.0 316.0 301.0 
284.0 265.0 248.0 230.0 205.0 182.0 160.0 
133.0 105.0 80.0 56.0 30.0 7.0 -16.0 
-43.0 -65.0 -84.0 -107.0 -125.0 -142.0 -159.0 
-177.0 -197.0 -209.0 -229.0 -243.0 -256.0 -272.0 
-286.0 -302.0 -313.0 -327.0 -335.0 -346.0 -357.0 
-363.0 -370.0 -375.0 -383.0 -386.0 -392.0 -395.0 
-398.0 -398.0 -396.0 -399.0 -401.0 -400.0 -395.0 
-391.0 -384.0 -379.0 -372.0 -360.0 -352.0 -341.0 
-328.0 -314.0 -300.0 -286.0 -271.0 -252.0 -233.0 
-215.0 -194.0 -174.0 -154.0 -129.0 -103.0 -80.0 
-59.0 -35.0 -4.0 29.0 59.0 95.0 129.0 
167.0 205.0 246.0 290.0 329.0 375.0 418.0 
461.0 505.0 548.0 591.0 630.0 670.0 708.0 
742.0 775.0 804.0 828.0 852.0 872.0 886.0 
901.0 909.0 917.0 920.0 919.0 917.0 904.0 
897.0 886.0 868.0 849.0 827.0 805.0 777.0 
748.0 717.0 681.0 647.0 611.0 573.0 533.0 
493.0 451.0 408.0 365.0 317.0 269.0 220.0 
174.0 125.0 77.0 34.0 -15.0 -58.0 -104.0 
-144.0 -187.0 -227.0 -257.0 -299.0 -330.0 -363.0 
-395.0 -420.0 -445.0 -463.0 -484.0 -497.0 -511.0 
-525.0 -529.0 -536.0 -537.0 -535.0 -531.0 -528.0 
-519.0 -508.0 -495.0 -479.0 -467.0 -453.0 -437.0 
-421.0 -404.0 -388.0 -372.0 -357.0 -336.0 -318.0 
-301.0 -280.0 -260.0 -240.0 -221.0 -197.0 -177.0 
-152.0 -122.0 -97.0 -66.0 -38.0 -10.0 19.0 
52.0 82.0 111.0 141.0 170.0 198.0 222.0 
248.0 272.0 300.0 323.0 345.0 369.0 387.0 
408.0 429.0 450.0 466.0 482.0 493.0 506.0 
521.0 528.0 540.0 549.0 553.0 554.0 558.0 
559.0 558.0 557.0 552.0 545.0 537.0 529.0 
517.0 505.0 491.0 474.0 460.0 443.0 424.0 
404.0 384.0 365.0 346.0 330.0 310.0 293.0 
277.0 257.0 241.0 221.0 206.0 190.0 169.0 
151.0 131.0 112.0 93.0 75.0 58.0 40.0 
20.0 0.0 -15.0 -30.0 -44.0 -59.0 -69.0 
-79.0 -91.0 -99.0 -102.0 -104.0 -111.0 -114.0 
-115.0 -114.0 -114.0 -113.0 -109.0 -109.0 -105.0 
-100.0 -95.0 -87.0 -81.0 -72.0 -62.0 -51.0 
-41.0 -32.0 -18.0 -10.0 -3.0 4.0 10.0 
18.0 22.0 24.0 24.0 24.0 25.0 21.0 
18.0 11.0 7.0 0.0 -4.0 -10.0 -22.0 
-29.0 -37.0 -43.0 -54.0 -64.0 -71.0 -81.0 
-86.0 -92.0 -97.0 -98.0 -101.0 -98.0 -95.0 
-90.0 -84.0 -80.0 -66.0 -55.0 -44.0 -30.0 
-18.0 -2.0 9.0 26.0 43.0 54.0 67.0 
81.0 95.0 105.0 115.0 126.0 135.0 142.0 
148.0 153.0 155.0 161.0 162.0 164.0 163.0 
163.0 159.0 151.0 147.0 139.0 136.0 128.0 
119.0 112.0 101.0 94.0 84.0 79.0 69.0 
63.0 60.0 54.0 55.0 48.0 50.0 49.0 
49.0 51.0 52.0 58.0 56.0 64.0 65.0 
67.0 73.0 73.0 81.0 84.0 88.0 93.0 
97.0 102.0 100.0 100.0 101.0 101.0 103.0 
103.0 102.0 102.0 98.0 96.0 94.0 91.0 
90.0 87.0 88.0 88.0 87.0 86.0 84.0 
87.0 86.0 86.0 85.0 87.0 91.0 90.0 
93.0 91.0 93.0 95.0 94.0 94.0 94.0 
95.0 94.0 99.0 99.0 102.0 104.0 106.0 
110.0 107.0 109.0 113.0 116.0 118.0 122.0 
123.0 127.0 132.0 133.0 137.0 138.0 140.0 
141.0 141.0 137.0 137.0 135.0 132.0 129.0 
122.0 123.0 117.0 113.0 107.0 101.0 96.0 
90.0 90.0 85.0 87.0 87.0 86.0 86.0 
87.0 91.0 95.0 101.0 105.0 109.0 109.0 
113.0 119.0 120.0 121.0 124.0 123.0 124.0 
125.0 123.0 121.0 116.0 116.0 114.0 111.0 
109.0 105.0 104.0 102.0 103.0 99.0 100.0 
99.0 96.0 98.0 95.0 94.0 91.0 87.0 
82.0 74.0 68.0 61.0 51.0 44.0 35.0 
19.0 10.0 -2.0 -14.0 -25.0 -38.0 -45.0 
-53.0 -60.0 -68.0 -74.0 -78.0 -82.0 -85.0 
-88.0 -86.0 -85.0 -84.0 -79.0 -76.0 -72.0 
-65.0 -57.0 -47.0 -46.0 -36.0 -25.0 -21.0 
-6.0 5.0 15.0 25.0 36.0 47.0 56.0 
69.0 79.0 90.0 100.0 113.0 127.0 135.0 
148.0 158.0 167.0 180.0 190.0 199.0 203.0 
210.0 214.0 216.0 221.0 214.0 214.0 215.0 
207.0 202.0 195.0 188.0 176.0 166.0 158.0 
147.0 137.0 126.0 117.0 107.0 99.0 91.0 
80.0 71.0 64.0 57.0 49.0 44.0 37.0 
32.0 29.0 19.0 14.0 8.0 8.0 9.0 
5.0 5.0 1.0 5.0 7.0 8.0 11.0 
8.0 13.0 13.0 15.0 23.0 27.0 35.0 
40.0 46.0 52.0 58.0 64.0 67.0 71.0 
77.0 78.0 82.0 86.0 84.0 85.0 83.0 
80.0 75.0 68.0 64.0 57.0 51.0 43.0 
36.0 28.0 18.0 11.0 1.0 -9.0 -17.0 
-24.0 -37.0 -47.0 -56.0 -67.0 -73.0 -84.0 
-89.0 -96.0 -101.0 -105.0 -110.0 -112.0 -116.0 
-118.0 -121.0 -123.0 -125.0 -125.0 -120.0 -119.0 
-116.0 -114.0 -111.0 -109.0 -107.0 -103.0 -101.0 
-96.0 -92.0 -90.0 -86.0 -80.0 -76.0 -69.0 
-64.0 -58.0 -48.0 -43.0 -34.0 -27.0 -21.0 
-12.0 -4.0 0.0 6.0 14.0 17.0 20.0 
26.0 29.0 34.0 38.0 41.0 48.0 53.0 
62.0 71.0 78.0 91.0 104.0 123.0 137.0 
154.0 175.0 192.0 216.0 237.0 261.0 285.0 
308.0 333.0 356.0 379.0 398.0 421.0 441.0 
460.0 476.0 490.0 503.0 513.0 523.0 527.0 
534.0 535.0 533.0 530.0 524.0 515.0 500.0 
487.0 468.0 448.0 427.0 404.0 383.0 356.0 
330.0 305.0 279.0 248.0 220.0 193.0 163.0 
136.0 106.0 77.0 47.0 20.0 -10.0 -40.0 
-66.0 -91.0 -116.0 -141.0 -164.0 -188.0 -211.0 
-232.0 -247.0 -265.0 -283.0 -294.0 -308.0 -320.0 
-332.0 -339.0 -346.0 -353.0 -354.0 -362.0 -363.0 
-366.0 -367.0 -369.0 -370.0 -367.0 -370.0 -361.0 
-356.0 -346.0 -337.0 -329.0 -313.0 -305.0 -283.0 
-271.0 -258.0 -237.0 -220.0 -200.0 -181.0 -154.0 
-136.0 -110.0 -87.0 -66.0 -37.0 -13.0 19.0 
42.0 73.0 100.0 125.0 156.0 180.0 214.0 
239.0 273.0 308.0 337.0 371.0 399.0 432.0 
460.0 495.0 525.0 550.0 580.0 603.0 630.0 
649.0 669.0 685.0 696.0 710.0 718.0 724.0 
727.0 729.0 724.0 722.0 712.0 698.0 685.0 
666.0 648.0 621.0 597.0 567.0 534.0 501.0 
463.0 429.0 390.0 355.0 316.0 278.0 240.0 
200.0 164.0 126.0 89.0 51.0 15.0 -22.0 
-58.0 -95.0 -127.0 -157.0 -191.0 -218.0 -252.0 
-281.0 -311.0 -340.0 -364.0 -394.0 -419.0 -446.0 
-468.0 -487.0 -508.0 -526.0 -544.0 -558.0 -571.0 
-580.0 -589.0 -592.0 -596.0 -600.0 -600.0 -601.0 
-596.0 -591.0 -583.0 -574.0 -564.0 -550.0 -535.0 
-514.0 -493.0 -468.0 -440.0 -408.0 -376.0 -345.0 
-306.0 -269.0 -233.0 -196.0 -156.0 -118.0 -84.0 
-46.0 -12.0 25.0 60.0 95.0 128.0 159.0 
192.0 219.0 248.0 273.0 296.0 320.0 343.0 
363.0 382.0 399.0 412.0 427.0 437.0 447.0 
457.0 461.0 466.0 470.0 473.0 473.0 468.0 
463.0 457.0 451.0 441.0 430.0 418.0 408.0 
396.0 380.0 367.0 350.0 332.0 313.0 295.0 
277.0 260.0 243.0 223.0 205.0 181.0 162.0 
145.0 125.0 107.0 84.0 66.0 48.0 30.0 
11.0 -8.0 -24.0 -43.0 -58.0 -75.0 -96.0 
-112.0 -129.0 -146.0 -161.0 -178.0 -193.0 -206.0 
-216.0 -230.0 -242.0 -248.0 -256.0 -259.0 -264.0 
-266.0 -266.0 -266.0 -262.0 -258.0 -252.0 -242.0 
-233.0 -223.0 -210.0 -196.0 -183.0 -168.0 -153.0 
-137.0 -123.0 -108.0 -90.0 -72.0 -51.0 -30.0 
-9.0 13.0 33.0 54.0 72.0 89.0 105.0 
122.0 137.0 147.0 159.0 169.0 181.0 191.0 
194.0 205.0 210.0 213.0 217.0 218.0 220.0 
218.0 218.0 215.0 211.0 208.0 201.0 196.0 
187.0 181.0 175.0 163.0 156.0 144.0 133.0 
125.0 121.0 110.0 102.0 96.0 84.0 80.0 
69.0 61.0 53.0 45.0 42.0 35.0 30.0 
24.0 19.0 15.0 11.0 10.0 5.0 3.0 
3.0 -1.0 -1.0 -1.0 0.0 2.0 4.0 
7.0 10.0 12.0 15.0 19.0 23.0 28.0 
31.0 38.0 45.0 53.0 62.0 70.0 83.0 
94.0 108.0 123.0 138.0 154.0 167.0 187.0 
200.0 218.0 235.0 246.0 259.0 268.0 279.0 
289.0 300.0 307.0 311.0 315.0 318.0 317.0 
313.0 310.0 301.0 292.0 280.0 265.0 249.0 
235.0 219.0 198.0 182.0 161.0 140.0 118.0 
96.0 75.0 51.0 34.0 10.0 -12.0 -34.0 
-53.0 -74.0 -97.0 -112.0 -132.0 -148.0 -168.0 
-182.0 -196.0 -208.0 -219.0 -233.0 -240.0 -245.0 
-252.0 -258.0 -258.0 -260.0 -262.0 -260.0 -260.0 
-253.0 -250.0 -243.0 -237.0 -231.0 -218.0 -209.0 
-196.0 -184.0 -169.0 -156.0 -143.0 -125.0 -110.0 
-89.0 -72.0 -53.0 -35.0 -20.0 -1.0 16.0 
35.0 52.0 72.0 90.0 107.0 123.0 138.0 
155.0 166.0 179.0 193.0 206.0 218.0 226.0 
235.0 243.0 252.0 256.0 260.0 261.0 261.0 
261.0 257.0 254.0 250.0 246.0 240.0 234.0 
225.0 213.0 205.0 196.0 187.0 177.0 170.0 
161.0 149.0 138.0 128.0 120.0 110.0 102.0 
90.0 78.0 69.0 60.0 51.0 39.0 28.0 
14.0 3.0 -9.0 -22.0 -30.0 -41.0 -48.0 
-57.0 -65.0 -66.0 -72.0 -74.0 -76.0 -78.0 
-76.0 -76.0 -70.0 -69.0 -65.0 -59.0 -55.0 
-52.0 -48.0 -39.0 -41.0 -36.0 -30.0 -30.0 
-26.0 -24.0 -24.0 -29.0 -30.0 -36.0 -43.0 
-48.0 -54.0 -59.0 -62.0 -69.0 -75.0 -79.0 
-85.0 -89.0 -97.0 -98.0 -99.0 -103.0 -103.0 
-103.0 -102.0 -103.0 -102.0 -102.0 -101.0 -97.0 
-95.0 -91.0 -88.0 -84.0 -78.0 -76.0 -74.0 
-70.0 -67.0 -64.0 -61.0 -60.0 -57.0 -53.0 
-50.0 -47.0 -41.0 -37.0 -35.0 -29.0 -21.0 
-13.0 -5.0 5.0 13.0 25.0 39.0 52.0 
64.0 80.0 101.0 116.0 133.0 150.0 165.0 
185.0 200.0 218.0 232.0 244.0 257.0 263.0 
272.0 279.0 287.0 291.0 292.0 293.0 289.0 
288.0 283.0 274.0 268.0 262.0 252.0 241.0 
230.0 218.0 204.0 194.0 184.0 171.0 161.0 
150.0 140.0 130.0 121.0 110.0 96.0 90.0 
79.0 68.0 58.0 43.0 33.0 21.0 13.0 
-2.0 -16.0 -24.0 