0.0 19.0 33.0 43.0 57.0 69.0 71.0 
75.0 75.0 62.0 43.0 17.0 3.0 3.0 
4.0 12.0 5.0 10.0 25.0 32.0 41.0 
34.0 35.0 26.0 20.0 26.0 29.0 60.0 
84.0 102.0 126.0 138.0 162.0 189.0 213.0 
228.0 229.0 229.0 213.0 204.0 200.0 182.0 
177.0 170.0 153.0 156.0 155.0 135.0 138.0 
128.0 117.0 122.0 111.0 105.0 99.0 85.0 
63.0 51.0 37.0 14.0 2.0 -13.0 -12.0 
-11.0 -8.0 5.0 6.0 10.0 23.0 39.0 
60.0 85.0 106.0 122.0 126.0 126.0 128.0 
120.0 101.0 76.0 56.0 44.0 19.0 -16.0 
-35.0 -58.0 -89.0 -100.0 -97.0 -82.0 -80.0 
-71.0 -40.0 -30.0 -2.0 28.0 59.0 96.0 
115.0 161.0 188.0 204.0 231.0 238.0 238.0 
245.0 249.0 240.0 211.0 195.0 186.0 151.0 
122.0 108.0 82.0 56.0 38.0 10.0 -6.0 
-23.0 -34.0 -38.0 -52.0 -42.0 -44.0 -36.0 
-27.0 -34.0 -13.0 -4.0 1.0 14.0 19.0 
29.0 56.0 91.0 109.0 133.0 160.0 153.0 
163.0 174.0 163.0 167.0 157.0 151.0 146.0 
129.0 125.0 108.0 88.0 74.0 62.0 49.0 
40.0 50.0 61.0 65.0 66.0 77.0 98.0 
106.0 115.0 115.0 107.0 118.0 117.0 134.0 
153.0 157.0 177.0 189.0 218.0 224.0 237.0 
258.0 241.0 239.0 236.0 216.0 191.0 174.0 
157.0 115.0 85.0 57.0 16.0 2.0 -31.0 
-60.0 -70.0 -96.0 -110.0 -125.0 -121.0 -117.0 
-123.0 -104.0 -94.0 -74.0 -39.0 -33.0 -12.0 
19.0 28.0 44.0 47.0 40.0 54.0 49.0 
38.0 29.0 7.0 -8.0 -35.0 -54.0 -51.0 
-55.0 -56.0 -53.0 -47.0 -41.0 -32.0 -17.0 
2.0 7.0 16.0 28.0 37.0 53.0 57.0 
78.0 102.0 99.0 122.0 135.0 134.0 167.0 
159.0 159.0 178.0 165.0 168.0 153.0 149.0 
166.0 157.0 179.0 190.0 192.0 218.0 225.0 
236.0 250.0 258.0 263.0 272.0 276.0 270.0 
262.0 252.0 248.0 249.0 244.0 232.0 240.0 
239.0 233.0 244.0 243.0 239.0 221.0 204.0 
197.0 178.0 167.0 163.0 156.0 157.0 149.0 
143.0 139.0 123.0 125.0 126.0 120.0 113.0 
103.0 92.0 72.0 40.0 17.0 -8.0 -49.0 
-58.0 -72.0 -94.0 -100.0 -107.0 -91.0 -86.0 
-72.0 -54.0 -47.0 -36.0 -38.0 -23.0 -5.0 
6.0 15.0 27.0 44.0 46.0 46.0 49.0 
51.0 58.0 61.0 66.0 83.0 89.0 94.0 
96.0 91.0 82.0 66.0 54.0 39.0 31.0 
20.0 6.0 -9.0 -26.0 -29.0 -23.0 -27.0 
-19.0 -3.0 8.0 41.0 58.0 80.0 107.0 
122.0 157.0 180.0 209.0 222.0 233.0 268.0 
269.0 298.0 341.0 344.0 363.0 375.0 392.0 
407.0 397.0 401.0 392.0 375.0 354.0 333.0 
319.0 295.0 258.0 244.0 229.0 190.0 195.0 
170.0 159.0 170.0 143.0 149.0 149.0 144.0 
158.0 161.0 163.0 173.0 169.0 178.0 181.0 
166.0 171.0 145.0 135.0 118.0 81.0 78.0 
45.0 31.0 33.0 5.0 6.0 9.0 1.0 
20.0 18.0 24.0 37.0 34.0 61.0 67.0 
79.0 87.0 77.0 85.0 64.0 49.0 46.0 
19.0 1.0 -12.0 -34.0 -50.0 -69.0 -72.0 
-68.0 -63.0 -39.0 -20.0 1.0 33.0 58.0 
107.0 147.0 181.0 228.0 260.0 304.0 323.0 
330.0 336.0 325.0 324.0 301.0 285.0 280.0 
256.0 255.0 242.0 225.0 232.0 227.0 227.0 
223.0 218.0 223.0 225.0 216.0 206.0 205.0 
207.0 217.0 234.0 254.0 258.0 253.0 255.0 
242.0 227.0 207.0 182.0 166.0 140.0 114.0 
105.0 87.0 61.0 43.0 28.0 20.0 5.0 
-2.0 6.0 -3.0 -5.0 8.0 17.0 32.0 
38.0 43.0 48.0 38.0 58.0 65.0 60.0 
76.0 88.0 113.0 117.0 131.0 164.0 177.0 
197.0 199.0 195.0 196.0 177.0 158.0 150.0 
123.0 87.0 73.0 49.0 33.0 20.0 12.0 
18.0 8.0 23.0 30.0 35.0 58.0 52.0 
65.0 82.0 86.0 114.0 127.0 140.0 160.0 
178.0 204.0 208.0 222.0 234.0 231.0 241.0 
247.0 256.0 266.0 256.0 250.0 240.0 220.0 
208.0 185.0 158.0 145.0 134.0 134.0 140.0 
134.0 142.0 155.0 151.0 147.0 137.0 133.0 
137.0 128.0 125.0 122.0 126.0 129.0 131.0 
142.0 139.0 134.0 135.0 133.0 141.0 137.0 
130.0 136.0 128.0 130.0 130.0 116.0 120.0 
117.0 106.0 103.0 103.0 108.0 121.0 128.0 
140.0 147.0 146.0 158.0 158.0 153.0 150.0 
143.0 136.0 133.0 139.0 132.0 133.0 136.0 
137.0 140.0 133.0 139.0 140.0 138.0 142.0 
139.0 144.0 149.0 145.0 148.0 143.0 128.0 
127.0 125.0 129.0 153.0 165.0 172.0 176.0 
196.0 206.0 194.0 216.0 224.0 227.0 238.0 
243.0 241.0 224.0 233.0 239.0 235.0 236.0 
234.0 233.0 236.0 243.0 259.0 277.0 277.0 
291.0 298.0 299.0 303.0 296.0 305.0 306.0 
298.0 296.0 289.0 272.0 260.0 250.0 234.0 
213.0 187.0 168.0 135.0 111.0 98.0 97.0 
103.0 92.0 93.0 96.0 93.0 93.0 93.0 
96.0 101.0 102.0 109.0 118.0 130.0 146.0 
169.0 192.0 196.0 210.0 219.0 214.0 216.0 
213.0 207.0 193.0 187.0 180.0 184.0 194.0 
187.0 189.0 192.0 189.0 183.0 175.0 180.0 
178.0 171.0 178.0 181.0 185.0 203.0 221.0 
249.0 269.0 275.0 296.0 307.0 321.0 317.0 
312.0 331.0 311.0 315.0 318.0 282.0 269.0 
248.0 223.0 205.0 196.0 183.0 162.0 143.0 
133.0 123.0 106.0 107.0 95.0 105.0 118.0 
114.0 157.0 179.0 207.0 260.0 279.0 301.0 
318.0 322.0 317.0 291.0 269.0 248.0 222.0 
213.0 187.0 161.0 150.0 123.0 115.0 102.0 
86.0 84.0 72.0 66.0 66.0 57.0 55.0 
58.0 62.0 77.0 83.0 115.0 130.0 135.0 
163.0 172.0 201.0 217.0 227.0 250.0 255.0 
253.0 256.0 263.0 260.0 258.0 256.0 247.0 
237.0 228.0 208.0 190.0 191.0 176.0 170.0 
172.0 166.0 164.0 160.0 147.0 120.0 94.0 
56.0 16.0 -7.0 -42.0 -55.0 -51.0 -49.0 
-37.0 -18.0 9.0 39.0 75.0 108.0 137.0 
172.0 208.0 227.0 251.0 273.0 271.0 278.0 
281.0 290.0 296.0 286.0 295.0 302.0 298.0 
308.0 310.0 308.0 305.0 292.0 291.0 274.0 
253.0 250.0 234.0 223.0 209.0 201.0 204.0 
194.0 194.0 194.0 186.0 191.0 186.0 190.0 
204.0 188.0 194.0 198.0 194.0 211.0 198.0 
182.0 168.0 145.0 127.0 98.0 72.0 48.0 
39.0 41.0 34.0 28.0 34.0 27.0 24.0 
27.0 19.0 23.0 32.0 35.0 38.0 47.0 
45.0 42.0 50.0 54.0 51.0 44.0 43.0 
36.0 32.0 27.0 30.0 61.0 82.0 102.0 
124.0 134.0 164.0 177.0 165.0 157.0 163.0 
169.0 144.0 141.0 156.0 145.0 147.0 163.0 
155.0 156.0 179.0 165.0 157.0 172.0 150.0 
143.0 164.0 153.0 125.0 123.0 147.0 150.0 
172.0 183.0 147.0 194.0 207.0 176.0 212.0 
195.0 189.0 198.0 172.0 173.0 188.0 213.0 
216.0 203.0 226.0 234.0 249.0 270.0 301.0 
329.0 309.0 320.0 290.0 266.0 250.0 204.0 
184.0 172.0 154.0 117.0 118.0 101.0 97.0 
104.0 80.0 84.0 103.0 101.0 94.0 109.0 
111.0 129.0 118.0 115.0 125.0 102.0 102.0 
83.0 87.0 85.0 64.0 65.0 59.0 58.0 
48.0 68.0 78.0 61.0 68.0 67.0 49.0 
42.0 27.0 4.0 0.0 -3.0 -4.0 -5.0 
-6.0 7.0 18.0 19.0 35.0 69.0 64.0 
60.0 70.0 38.0 36.0 20.0 7.0 22.0 
-2.0 0.0 -3.0 1.0 12.0 20.0 54.0 
64.0 84.0 90.0 82.0 88.0 79.0 79.0 
71.0 73.0 87.0 88.0 99.0 103.0 115.0 
132.0 154.0 179.0 204.0 232.0 233.0 246.0 
261.0 279.0 288.0 294.0 319.0 311.0 314.0 
322.0 317.0 312.0 299.0 288.0 279.0 282.0 
265.0 246.0 245.0 225.0 212.0 200.0 172.0 
146.0 134.0 119.0 93.0 80.0 74.0 69.0 
66.0 58.0 63.0 62.0 61.0 77.0 72.0 
78.0 96.0 90.0 95.0 94.0 83.0 73.0 
60.0 52.0 32.0 17.0 0.0 -6.0 -4.0 
-8.0 -4.0 -5.0 -2.0 -9.0 -3.0 13.0 
14.0 22.0 28.0 34.0 44.0 55.0 65.0 
82.0 96.0 105.0 121.0 124.0 130.0 140.0 
133.0 125.0 126.0 119.0 99.0 83.0 72.0 
65.0 45.0 30.0 35.0 37.0 46.0 52.0 
66.0 84.0 94.0 118.0 138.0 146.0 165.0 
185.0 188.0 205.0 220.0 226.0 227.0 224.0 
228.0 226.0 234.0 240.0 229.0 225.0 209.0 
176.0 143.0 114.0 88.0 68.0 61.0 37.0 
22.0 21.0 18.0 32.0 33.0 40.0 59.0 
72.0 86.0 101.0 118.0 128.0 142.0 163.0 
175.0 188.0 199.0 197.0 196.0 203.0 199.0 
180.0 167.0 145.0 111.0 94.0 74.0 44.0 
35.0 20.0 -9.0 -17.0 -29.0 -41.0 -48.0 
-65.0 -70.0 -79.0 -87.0 -80.0 -65.0 -43.0 
-7.0 32.0 75.0 111.0 146.0 190.0 208.0 
238.0 258.0 261.0 271.0 257.0 242.0 230.0 
208.0 194.0 190.0 176.0 173.0 173.0 166.0 
164.0 158.0 144.0 126.0 111.0 90.0 60.0 
40.0 34.0 26.0 31.0 33.0 31.0 53.0 
59.0 72.0 85.0 86.0 92.0 88.0 91.0 
93.0 86.0 74.0 66.0 65.0 56.0 42.0 
36.0 29.0 24.0 25.0 27.0 29.0 30.0 
36.0 50.0 61.0 70.0 92.0 108.0 118.0 
135.0 149.0 171.0 170.0 170.0 184.0 181.0 
170.0 150.0 144.0 130.0 108.0 93.0 73.0 
56.0 33.0 9.0 -6.0 -21.0 -27.0 -34.0 
-39.0 -31.0 -21.0 -6.0 13.0 26.0 44.0 
62.0 76.0 97.0 113.0 127.0 142.0 160.0 
172.0 187.0 201.0 192.0 202.0 195.0 176.0 
176.0 148.0 135.0 115.0 98.0 81.0 59.0 
55.0 37.0 27.0 17.0 -2.0 -27.0 -39.0 
-51.0 -62.0 -74.0 -93.0 -106.0 -121.0 -120.0 
-116.0 -116.0 -108.0 -95.0 -78.0 -54.0 -35.0 
-13.0 12.0 34.0 60.0 75.0 81.0 85.0 
83.0 87.0 93.0 80.0 73.0 72.0 61.0 
56.0 56.0 51.0 39.0 35.0 27.0 15.0 
3.0 -5.0 -2.0 8.0 18.0 31.0 50.0 
64.0 82.0 111.0 128.0 139.0 157.0 177.0 
191.0 203.0 213.0 225.0 233.0 234.0 238.0 
219.0 207.0 199.0 179.0 181.0 160.0 140.0 
128.0 104.0 83.0 63.0 50.0 38.0 33.0 
25.0 21.0 18.0 0.0 0.0 -6.0 -7.0 
-4.0 -16.0 -5.0 6.0 19.0 31.0 36.0 
48.0 55.0 71.0 75.0 79.0 86.0 74.0 
76.0 73.0 63.0 57.0 43.0 25.0 30.0 
17.0 -4.0 -3.0 -21.0 -29.0 -44.0 -51.0 
-43.0 -40.0 -28.0 -25.0 -9.0 -3.0 10.0 
39.0 46.0 71.0 87.0 97.0 111.0 110.0 
132.0 137.0 136.0 152.0 146.0 143.0 144.0 
130.0 122.0 111.0 96.0 87.0 90.0 101.0 
95.0 98.0 106.0 98.0 103.0 104.0 98.0 
107.0 113.0 121.0 127.0 142.0 153.0 149.0 
147.0 126.0 123.0 122.0 106.0 100.0 89.0 
87.0 87.0 81.0 81.0 78.0 79.0 75.0 
60.0 52.0 35.0 27.0 12.0 0.0 1.0 
-11.0 -6.0 -12.0 -4.0 12.0 3.0 14.0 
26.0 35.0 53.0 60.0 67.0 69.0 70.0 
73.0 64.0 78.0 86.0 89.0 95.0 103.0 
117.0 121.0 138.0 148.0 166.0 177.0 173.0 
180.0 179.0 181.0 183.0 186.0 199.0 203.0 
214.0 226.0 227.0 229.0 221.0 217.0 199.0 
186.0 172.0 132.0 112.0 88.0 63.0 49.0 
27.0 17.0 4.0 -14.0 -20.0 -27.0 -38.0 
-46.0 -46.0 -50.0 -53.0 -51.0 -47.0 -43.0 
-40.0 -44.0 -47.0 -36.0 -29.0 -13.0 4.0 
19.0 44.0 77.0 98.0 119.0 144.0 158.0 
172.0 181.0 183.0 193.0 184.0 175.0 170.0 
150.0 147.0 139.0 136.0 137.0 130.0 122.0 
105.0 104.0 85.0 75.0 79.0 70.0 77.0 
85.0 95.0 113.0 136.0 160.0 175.0 187.0 
207.0 227.0 236.0 253.0 268.0 278.0 301.0 
319.0 337.0 351.0 371.0 374.0 370.0 377.0 
363.0 356.0 343.0 318.0 304.0 283.0 263.0 
234.0 195.0 158.0 121.0 79.0 36.0 13.0 
-7.0 -33.0 -33.0 -27.0 -32.0 -26.0 -9.0 
-3.0 13.0 35.0 42.0 56.0 82.0 95.0 
106.0 118.0 124.0 128.0 121.0 122.0 116.0 
112.0 112.0 99.0 90.0 85.0 71.0 59.0 
57.0 40.0 19.0 -1.0 -12.0 -28.0 -36.0 
-40.0 -50.0 -40.0 -23.0 -10.0 8.0 37.0 
59.0 78.0 99.0 116.0 138.0 157.0 169.0 
186.0 199.0 205.0 225.0 238.0 248.0 269.0 
284.0 294.0 308.0 329.0 339.0 344.0 343.0 
335.0 328.0 319.0 298.0 276.0 265.0 245.0 
232.0 223.0 213.0 215.0 224.0 225.0 222.0 
219.0 215.0 208.0 208.0 209.0 203.0 207.0 
202.0 218.0 229.0 231.0 252.0 256.0 243.0 
240.0 236.0 215.0 214.0 191.0 160.0 161.0 
157.0 156.0 166.0 180.0 189.0 205.0 200.0 
183.0 182.0 162.0 150.0 139.0 114.0 102.0 
84.0 66.0 56.0 46.0 33.0 21.0 30.0 
37.0 45.0 57.0 64.0 75.0 76.0 70.0 
70.0 61.0 48.0 44.0 28.0 17.0 13.0 
0.0 -6.0 -5.0 8.0 30.0 56.0 74.0 
88.0 99.0 119.0 137.0 148.0 166.0 160.0 
147.0 131.0 119.0 117.0 100.0 97.0 99.0 
89.0 95.0 98.0 113.0 133.0 137.0 147.0 
145.0 134.0 124.0 111.0 104.0 85.0 82.0 
86.0 72.0 73.0 73.0 85.0 99.0 103.0 
128.0 153.0 178.0 204.0 228.0 250.0 270.0 
290.0 302.0 318.0 326.0 340.0 364.0 371.0 
381.0 384.0 382.0 375.0 356.0 339.0 319.0 
289.0 255.0 218.0 178.0 144.0 113.0 95.0 
81.0 71.0 72.0 75.0 88.0 98.0 103.0 
116.0 124.0 138.0 156.0 167.0 176.0 181.0 
191.0 182.0 178.0 191.0 195.0 211.0 223.0 
235.0 250.0 248.0 242.0 237.0 233.0 232.0 
219.0 214.0 206.0 188.0 166.0 145.0 128.0 
107.0 100.0 87.0 74.0 67.0 64.0 67.0 
62.0 66.0 66.0 72.0 79.0 74.0 75.0 
79.0 83.0 81.0 80.0 85.0 104.0 118.0 
129.0 148.0 153.0 169.0 183.0 195.0 199.0 
196.0 192.0 165.0 148.0 115.0 91.0 92.0 
79.0 80.0 85.0 81.0 85.0 87.0 70.0 
68.0 72.0 55.0 48.0 49.0 48.0 63.0 
75.0 82.0 97.0 101.0 103.0 105.0 104.0 
113.0 125.0 127.0 127.0 129.0 130.0 135.0 
134.0 133.0 140.0 154.0 165.0 169.0 172.0 
172.0 182.0 182.0 191.0 199.0 197.0 218.0 
221.0 214.0 215.0 223.0 231.0 234.0 250.0 
250.0 253.0 263.0 252.0 255.0 258.0 248.0 
233.0 215.0 205.0 193.0 178.0 156.0 135.0 
118.0 98.0 82.0 82.0 85.0 76.0 87.0 
89.0 89.0 96.0 90.0 94.0 102.0 102.0 
99.0 110.0 116.0 116.0 115.0 113.0 111.0 
108.0 113.0 115.0 119.0 117.0 111.0 105.0 
99.0 99.0 89.0 94.0 109.0 121.0 136.0 
153.0 160.0 174.0 189.0 184.0 177.0 171.0 
161.0 143.0 122.0 84.0 56.0 30.0 -15.0 
-31.0 -56.0 -76.0 -71.0 -79.0 -58.0 -33.0 
-22.0 19.0 31.0 40.0 75.0 84.0 99.0 
130.0 153.0 176.0 214.0 233.0 241.0 246.0 
228.0 227.0 213.0 191.0 184.0 162.0 139.0 
113.0 73.0 46.0 28.0 3.0 -13.0 -14.0 
-16.0 -8.0 -1.0 14.0 27.0 33.0 42.0 
38.0 27.0 29.0 20.0 2.0 3.0 4.0 
-1.0 7.0 17.0 23.0 50.0 60.0 65.0 
95.0 111.0 125.0 141.0 159.0 180.0 204.0 
221.0 228.0 235.0 226.0 212.0 191.0 178.0 
169.0 159.0 172.0 186.0 196.0 202.0 205.0 
214.0 225.0 237.0 254.0 269.0 273.0 272.0 
272.0 268.0 258.0 261.0 244.0 233.0 212.0 
184.0 175.0 148.0 131.0 125.0 119.0 110.0 
100.0 87.0 87.0 79.0 72.0 90.0 87.0 
102.0 122.0 131.0 166.0 183.0 199.0 216.0 
226.0 223.0 212.0 205.0 200.0 200.0 178.0 
167.0 156.0 131.0 99.0 73.0 53.0 20.0 
-2.0 -18.0 -32.0 -55.0 -64.0 -69.0 -73.0 
-52.0 -54.0 -36.0 -17.0 -12.0 16.0 27.0 
45.0 65.0 79.0 111.0 135.0 160.0 195.0 
220.0 241.0 251.0 253.0 255.0 252.0 247.0 
242.0 239.0 230.0 211.0 215.0 208.0 183.0 
172.0 143.0 116.0 83.0 53.0 27.0 -4.0 
-31.0 -68.0 -70.0 -71.0 -70.0 -53.0 -45.0 
-23.0 -12.0 11.0 28.0 29.0 43.0 57.0 
69.0 78.0 100.0 120.0 139.0 151.0 155.0 
170.0 181.0 184.0 195.0 214.0 221.0 235.0 
243.0 251.0 259.0 257.0 250.0 230.0 227.0 
212.0 194.0 195.0 180.0 171.0 159.0 137.0 
124.0 118.0 111.0 103.0 107.0 118.0 137.0 
148.0 147.0 159.0 168.0 174.0 187.0 181.0 
182.0 190.0 173.0 170.0 174.0 167.0 156.0 
138.0 126.0 115.0 102.0 87.0 75.0 54.0 
38.0 46.0 43.0 36.0 29.0 22.0 11.0 
-2.0 -4.0 -17.0 -16.0 -19.0 -33.0 -18.0 
-10.0 3.0 24.0 26.0 46.0 60.0 64.0 
88.0 88.0 91.0 115.0 125.0 153.0 170.0 
178.0 202.0 213.0 220.0 215.0 210.0 193.0 
164.0 159.0 147.0 129.0 122.0 110.0 105.0 
119.0 113.0 121.0 139.0 133.0 141.0 136.0 
138.0 148.0 152.0 158.0 165.0 171.0 170.0 
166.0 154.0 148.0 140.0 135.0 122.0 117.0 
114.0 121.0 131.0 129.0 142.0 136.0 143.0 
133.0 113.0 116.0 98.0 81.0 73.0 58.0 
40.0 41.0 31.0 28.0 35.0 23.0 32.0 
38.0 34.0 33.0 33.0 36.0 49.0 63.0 
74.0 89.0 99.0 121.0 138.0 144.0 172.0 
186.0 183.0 193.0 191.0 180.0 174.0 153.0 
141.0 128.0 106.0 93.0 72.0 35.0 2.0 
-16.0 -45.0 -52.0 -53.0 -65.0 -68.0 -72.0 
-58.0 -48.0 -36.0 -15.0 -2.0 15.0 43.0 
56.0 68.0 87.0 97.0 122.0 137.0 136.0 
132.0 126.0 130.0 118.0 101.0 93.0 87.0 
82.0 68.0 54.0 51.0 40.0 36.0 31.0 
16.0 14.0 20.0 28.0 29.0 42.0 62.0 
69.0 81.0 97.0 101.0 101.0 99.0 93.0 
89.0 83.0 85.0 79.0 80.0 85.0 79.0 
79.0 74.0 83.0 89.0 96.0 100.0 99.0 
97.0 88.0 80.0 63.0 45.0 34.0 23.0 
13.0 17.0 16.0 22.0 30.0 37.0 54.0 
61.0 63.0 44.0 38.0 30.0 22.0 22.0 
17.0 34.0 36.0 46.0 52.0 42.0 38.0 
41.0 47.0 53.0 60.0 63.0 70.0 73.0 
82.0 91.0 94.0 97.0 101.0 101.0 88.0 
70.0 47.0 33.0 23.0 8.0 -2.0 -14.0 
-14.0 -15.0 -18.0 -6.0 -7.0 -12.0 -11.0 
-29.0 -33.0 -33.0 -40.0 -34.0 -40.0 -33.0 
-30.0 -46.0 -46.0 -67.0 -77.0 -85.0 -107.0 
-122.0 -130.0 -129.0 -121.0 -104.0 -80.0 -51.0 
-30.0 -6.0 18.0 41.0 58.0 66.0 80.0 
92.0 94.0 99.0 98.0 94.0 99.0 102.0 
102.0 96.0 101.0 100.0 102.0 107.0 98.0 
95.0 80.0 68.0 57.0 30.0 22.0 26.0 
24.0 18.0 24.0 42.0 41.0 46.0 64.0 
81.0 91.0 99.0 115.0 120.0 136.0 154.0 
164.0 173.0 176.0 178.0 178.0 183.0 183.0 
183.0 176.0 158.0 152.0 133.0 116.0 97.0 
71.0 65.0 50.0 32.0 11.0 -7.0 -22.0 
-52.0 -76.0 -93.0 -104.0 -113.0 -107.0 -95.0 
-93.0 -74.0 -60.0 -57.0 -52.0 -51.0 -42.0 
-28.0 -11.0 16.0 44.0 83.0 111.0 124.0 
130.0 128.0 125.0 117.0 104.0 86.0 72.0 
69.0 59.0 37.0 20.0 21.0 24.0 20.0 
15.0 4.0 -1.0 -14.0 -39.0 -53.0 -68.0 
-81.0 -91.0 -94.0 -98.0 -104.0 -102.0 -99.0 
-91.0 -86.0 -82.0 -69.0 -73.0 -75.0 -66.0 
-50.0 -28.0 -13.0 12.0 31.0 37.0 49.0 
59.0 64.0 75.0 87.0 92.0 118.0 140.0 
149.0 164.0 163.0 174.0 174.0 153.0 154.0 
132.0 129.0 121.0 93.0 93.0 66.0 41.0 
21.0 -14.0 -33.0 -50.0 -68.0 -82.0 -89.0 
-83.0 -86.0 -83.0 -77.0 -81.0 -76.0 -78.0 
-64.0 -48.0 -36.0 -12.0 3.0 23.0 47.0 
65.0 81.0 86.0 90.0 100.0 95.0 90.0 
82.0 77.0 80.0 62.0 48.0 32.0 8.0 
-16.0 -34.0 -45.0 -61.0 -74.0 -88.0 -98.0 
-91.0 -86.0 -92.0 -87.0 -67.0 -52.0 -36.0 
-16.0 4.0 18.0 27.0 37.0 32.0 29.0 
25.0 15.0 10.0 -7.0 -8.0 -11.0 -24.0 
-20.0 -31.0 -42.0 -45.0 -63.0 -77.0 -93.0 
-105.0 -103.0 -112.0 -103.0 -79.0 -66.0 -49.0 
-30.0 -17.0 -16.0 -9.0 -2.0 17.0 30.0 
33.0 52.0 45.0 35.0 23.0 10.0 -2.0 
-29.0 -50.0 -74.0 -77.0 -82.0 -104.0 -110.0 
-102.0 -97.0 -81.0 -67.0 -64.0 -35.0 -22.0 
-11.0 11.0 19.0 24.0 21.0 15.0 10.0 
14.0 18.0 29.0 36.0 34.0 42.0 44.0 
42.0 33.0 21.0 5.0 -4.0 -10.0 -21.0 
-25.0 -35.0 -52.0 -71.0 -89.0 -105.0 -114.0 
-121.0 -135.0 -140.0 -136.0 -132.0 -118.0 -109.0 
-110.0 -101.0 -99.0 -87.0 -78.0 -70.0 -56.0 
-47.0 -37.0 -45.0 -47.0 -35.0 -31.0 -28.0 
-21.0 -20.0 -30.0 -48.0 -66.0 -85.0 -113.0 
-137.0 -160.0 -181.0 -201.0 -216.0 -224.0 -227.0 
-218.0 -202.0 -185.0 -169.0 -150.0 -136.0 -117.0 
-109.0 -85.0 -63.0 -67.0 -56.0 -50.0 -47.0 
-45.0 -35.0 -28.0 -28.0 -20.0 -32.0 -41.0 
-45.0 -59.0 -70.0 -84.0 -104.0 -128.0 -140.0 
-149.0 -162.0 -170.0 -175.0 -169.0 -170.0 -160.0 
-137.0 -121.0 -91.0 -70.0 -43.0 -4.0 25.0 
45.0 64.0 84.0 92.0 92.0 80.0 61.0 
41.0 15.0 -7.0 -22.0 -31.0 -39.0 -52.0 
-52.0 -57.0 -72.0 -77.0 -93.0 -97.0 -87.0 
-90.0 -85.0 -75.0 -73.0 -61.0 -64.0 -76.0 
-83.0 -101.0 -115.0 -133.0 -149.0 -148.0 -157.0 
-162.0 -155.0 -150.0 -141.0 -131.0 -126.0 -121.0 
-120.0 -118.0 -115.0 -125.0 -132.0 -141.0 -158.0 
-176.0 -201.0 -223.0 -250.0 -277.0 -291.0 -316.0 
-325.0 -325.0 -341.0 -345.0 -335.0 -320.0 -296.0 
-276.0 -248.0 -211.0 -184.0 -161.0 -127.0 -104.0 
-91.0 -77.0 -84.0 -86.0 -82.0 -90.0 -98.0 
-106.0 -115.0 -119.0 -130.0 -143.0 -144.0 -148.0 
-151.0 -143.0 -148.0 -159.0 -158.0 -158.0 -161.0 
-163.0 -152.0 -142.0 -129.0 -110.0 -107.0 -95.0 
-74.0 -64.0 -61.0 -53.0 -51.0 -50.0 -40.0 
-39.0 -34.0 -45.0 -60.0 -61.0 -76.0 -99.0 
-124.0 -140.0 -156.0 -172.0 -182.0 -193.0 -203.0 
-208.0 -201.0 -200.0 -194.0 -180.0 -174.0 -164.0 
-149.0 -128.0 -114.0 -113.0 -106.0 -106.0 -96.0 
-87.0 -84.0 -73.0 -74.0 -68.0 -68.0 -73.0 
-83.0 -103.0 -109.0 -124.0 -137.0 -147.0 -159.0 
-156.0 -161.0 -161.0 -160.0 -166.0 -164.0 -165.0 
-170.0 -176.0 -176.0 -182.0 -195.0 -200.0 -213.0 
-217.0 -213.0 -216.0 -213.0 -215.0 -214.0 -225.0 
-234.0 -244.0 -257.0 -262.0 -283.0 -292.0 -293.0 
-297.0 -296.0 -305.0 -307.0 -312.0 -320.0 -319.0 
-328.0 -344.0 -360.0 -367.0 -359.0 -348.0 -334.0 
-314.0 -304.0 -284.0 -254.0 -240.0 -216.0 -197.0 
-180.0 -164.0 -164.0 -149.0 -148.0 -163.0 -169.0 
-178.0 -176.0 -169.0 -167.0 -170.0 -162.0 -157.0 
-162.0 -163.0 -165.0 -171.0 -185.0 -188.0 -192.0 
-198.0 -201.0 -199.0 -197.0 -188.0 -172.0 -178.0 
-169.0 -169.0 -169.0 -160.0 -160.0 -151.0 -157.0 
-149.0 -144.0 -150.0 -147.0 -150.0 -145.0 -136.0 
-128.0 -124.0 -119.0 -117.0 -120.0 -124.0 -137.0 
-159.0 -182.0 -198.0 -215.0 -225.0 -237.0 -261.0 
-286.0 -322.0 -363.0 -400.0 -439.0 -460.0 -479.0 
-495.0 -498.0 -499.0 -476.0 -455.0 -434.0 -397.0 
-367.0 -342.0 -318.0 -289.0 -273.0 -263.0 -257.0 
-264.0 -279.0 -298.0 -313.0 -343.0 -366.0 -379.0 
-395.0 -402.0 -409.0 -410.0 -410.0 -418.0 -422.0 
-422.0 -424.0 -421.0 -413.0 -404.0 -387.0 -374.0 
-357.0 -334.0 -312.0 -292.0 -269.0 -232.0 -204.0 
-182.0 -174.0 -159.0 -148.0 -155.0 -158.0 -159.0 
-149.0 -153.0 -149.0 -138.0 -130.0 -115.0 -105.0 
-89.0 -85.0 -90.0 -100.0 -113.0 -114.0 -135.0 
-167.0 -182.0 -207.0 -223.0 -239.0 -261.0 -271.0 
-295.0 -310.0 -322.0 -333.0 -324.0 -329.0 -340.0 
-337.0 -338.0 -339.0 -337.0 -338.0 -329.0 -328.0 
-324.0 -315.0 -319.0 -314.0 -314.0 -312.0 -308.0 
-308.0 -296.0 -294.0 -291.0 -298.0 -301.0 -297.0 
-311.0 -315.0 -316.0 -328.0 -346.0 -357.0 -374.0 
-396.0 -406.0 -431.0 -449.0 -465.0 -485.0 -493.0 
-508.0 -521.0 -527.0 -541.0 -540.0 -532.0 -528.0 
-499.0 -477.0 -440.0 -394.0 -358.0 -305.0 -262.0 
-224.0 -184.0 -144.0 -122.0 -112.0 -92.0 -85.0 
-84.0 -98.0 -120.0 -140.0 -162.0 -168.0 -186.0 
-215.0 -232.0 -254.0 -272.0 -301.0 -334.0 -355.0 
-388.0 -402.0 -414.0 -439.0 -440.0 -436.0 -434.0 
-432.0 -422.0 -407.0 -388.0 -362.0 -337.0 -307.0 
-284.0 -258.0 -238.0 -224.0 -205.0 -207.0 -207.0 
-205.0 -224.0 -249.0 -276.0 -304.0 -332.0 -365.0 
-391.0 -408.0 -430.0 -437.0 -448.0 -466.0 -475.0 
-490.0 -500.0 -494.0 -490.0 -488.0 -491.0 -496.0 
-494.0 -499.0 -490.0 -476.0 -477.0 -464.0 -454.0 
-442.0 -436.0 -432.0 -414.0 -403.0 -385.0 -382.0 
-378.0 -370.0 -381.0 -379.0 -373.0 -379.0 -386.0 
-393.0 -395.0 -400.0 -407.0 -415.0 -408.0 -391.0 
-395.0 -389.0 -389.0 -390.0 -379.0 -371.0 -357.0 
-339.0 -332.0 -333.0 -323.0 -322.0 -328.0 -330.0 
-330.0 -327.0 -326.0 -321.0 -310.0 -298.0 -294.0 
-287.0 -283.0 -285.0 -290.0 -303.0 -317.0 -336.0 
-356.0 -374.0 -390.0 -389.0 -395.0 -401.0 -393.0 
-398.0 -392.0 -391.0 -397.0 -390.0 -381.0 -377.0 
-371.0 -363.0 -373.0 -376.0 -385.0 -386.0 -380.0 
-391.0 -389.0 -393.0 -396.0 -394.0 -394.0 -392.0 
-395.0 -396.0 -407.0 -418.0 -429.0 -439.0 -446.0 
-457.0 -461.0 -469.0 -473.0 -463.0 -465.0 -458.0 
-453.0 -456.0 -445.0 -456.0 -464.0 -467.0 -473.0 
-466.0 -472.0 -475.0 -476.0 -490.0 -498.0 -493.0 
-490.0 -482.0 -461.0 -441.0 -408.0 -389.0 -371.0 
-350.0 -356.0 -351.0 -344.0 -341.0 -332.0 -324.0 
-308.0 -296.0 -298.0 -300.0 -301.0 -309.0 -314.0 
-321.0 -329.0 -336.0 -357.0 -389.0 -408.0 -422.0 
-444.0 -470.0 -494.0 -515.0 -536.0 -549.0 -553.0 
-542.0 -522.0 -492.0 -453.0 -418.0 -376.0 -345.0 
-316.0 -288.0 -265.0 -252.0 -255.0 -248.0 -251.0 
-261.0 -259.0 -258.0 -266.0 -267.0 -266.0 -281.0 
-292.0 -308.0 -326.0 -351.0 -379.0 -396.0 -424.0 
-442.0 -447.0 -461.0 -462.0 -454.0 -448.0 -438.0 
-424.0 -412.0 -394.0 -376.0 -355.0 -331.0 -332.0 
-327.0 -325.0 -336.0 -354.0 -379.0 -389.0 -410.0 
-434.0 -444.0 -450.0 -453.0 -455.0 -450.0 -451.0 
-449.0 -437.0 -431.0 -423.0 -412.0 -406.0 -413.0 
-425.0 -432.0 -456.0 -475.0 -491.0 -523.0 -537.0 
-554.0 -576.0 -586.0 -590.0 -584.0 -576.0 -555.0 
-537.0 -519.0 -495.0 -473.0 -454.0 -442.0 -429.0 
-424.0 -415.0 -402.0 -387.0 -381.0 -368.0 -353.0 
-346.0 -325.0 -319.0 -308.0 -297.0 -299.0 -287.0 
-291.0 -288.0 -272.0 -278.0 -277.0 -286.0 -308.0 
-320.0 -346.0 -357.0 -374.0 -394.0 -393.0 -408.0 
-411.0 -425.0 -436.0 -427.0 -425.0 -387.0 -351.0 
-321.0 -292.0 -273.0 -252.0 -245.0 -237.0 -223.0 
-221.0 -224.0 -208.0 -213.0 -228.0 -237.0 -250.0 
-260.0 -288.0 -307.0 -331.0 -355.0 -381.0 -410.0 
-429.0 -454.0 -469.0 -484.0 -486.0 -476.0 -486.0 
-477.0 -474.0 -482.0 -475.0 -476.0 -464.0 -456.0 
-452.0 -437.0 -428.0 -418.0 -408.0 -397.0 -395.0 
-391.0 -386.0 -380.0 -368.0 -370.0 -364.0 -345.0 
-340.0 -341.0 -340.0 -345.0 -359.0 -365.0 -370.0 
-382.0 -388.0 -403.0 -414.0 -409.0 -405.0 -399.0 
-387.0 -376.0 -371.0 -368.0 -372.0 -368.0 -375.0 
-395.0 -405.0 -418.0 -426.0 -437.0 -443.0 -452.0 
-466.0 -485.0 -520.0 -556.0 -591.0 -622.0 -632.0 
-639.0 -653.0 -629.0 -612.0 -606.0 -571.0 -548.0 
-525.0 -504.0 -498.0 -493.0 -491.0 -482.0 -476.0 
-467.0 -456.0 -455.0 -448.0 -444.0 -438.0 -432.0 
-415.0 -395.0 -385.0 -378.0 -365.0 -362.0 -354.0 
-328.0 -319.0 -294.0 -275.0 -262.0 -240.0 -222.0 
-208.0 -187.0 -183.0 -181.0 -168.0 -178.0 -171.0 
-180.0 -202.0 -223.0 -239.0 -262.0 -278.0 -311.0 
-340.0 -341.0 -366.0 -374.0 -371.0 -382.0 -377.0 
-376.0 -378.0 -368.0 -364.0 -369.0 -367.0 -354.0 
-350.0 -335.0 -333.0 -325.0 -319.0 -316.0 -314.0 
-315.0 -335.0 -350.0 -362.0 -388.0 -405.0 -441.0 
-450.0 -489.0 -506.0 -518.0 -530.0 -530.0 -527.0 
-504.0 -512.0 -501.0 -504.0 -492.0 -465.0 -464.0 
-433.0 -415.0 -407.0 -391.0 -374.0 -346.0 -331.0 
-308.0 -291.0 -277.0 -261.0 -246.0 -238.0 -248.0 
-247.0 -250.0 -254.0 -254.0 -265.0 -276.0 -292.0 
-314.0 -323.0 -315.0 -320.0 -322.0 -315.0 -319.0 
-308.0 -314.0 -307.0 -298.0 -303.0 -279.0 -268.0 
-240.0 -220.0 -205.0 -188.0 -187.0 -177.0 -174.0 
-165.0 -169.0 -165.0 -164.0 -173.0 -184.0 -214.0 
-233.0 -260.0 -291.0 -316.0 -342.0 -367.0 -390.0 
-395.0 -406.0 -421.0 -421.0 -435.0 -468.0 -488.0 
-509.0 -514.0 -530.0 -544.0 -542.0 -558.0 -553.0 
-559.0 -561.0 -557.0 -563.0 -547.0 -531.0 -519.0 
-500.0 -482.0 -471.0 -454.0 -440.0 -431.0 -416.0 
-402.0 -386.0 -364.0 -360.0 -351.0 -337.0 -330.0 
-332.0 -357.0 -363.0 -384.0 -412.0 -425.0 -427.0 
-422.0 -422.0 -411.0 -409.0 -384.0 -372.0 -371.0 
-339.0 -336.0 -315.0 -296.0 -281.0 -249.0 -239.0 
-217.0 -192.0 -165.0 -151.0 -140.0 -131.0 -135.0 
-142.0 -170.0 -189.0 -215.0 -246.0 -263.0 -293.0 
-318.0 -325.0 -333.0 -340.0 -340.0 -339.0 -339.0 
-336.0 -327.0 -330.0 -333.0 -317.0 -317.0 -320.0 
-316.0 -327.0 -327.0 -318.0 -311.0 -307.0 -306.0 
-303.0 -315.0 -320.0 -325.0 -335.0 -346.0 -366.0 
-376.0 -386.0 -405.0 -422.0 -442.0 -463.0 -478.0 
-498.0 -504.0 -501.0 -506.0 -490.0 -483.0 -470.0 
-448.0 -438.0 -413.0 -386.0 -352.0 -330.0 -317.0 
-283.0 -265.0 -249.0 -227.0 -214.0 -200.0 -191.0 
-186.0 -173.0 -169.0 -166.0 -151.0 -156.0 -172.0 
-180.0 -192.0 -205.0 -226.0 -232.0 -230.0 -250.0 
-253.0 -255.0 -258.0 -255.0 -252.0 -252.0 -244.0 
-227.0 -241.0 -241.0 -236.0 -239.0 -239.0 -252.0 
-258.0 -265.0 -273.0 -296.0 -303.0 -315.0 -327.0 
-338.0 -358.0 -365.0 -391.0 -399.0 -397.0 -400.0 
-402.0 -390.0 -378.0 -365.0 -337.0 -314.0 -292.0 
-270.0 -238.0 -214.0 -202.0 -193.0 -192.0 -188.0 
-178.0 -183.0 -194.0 -197.0 -199.0 -198.0 -202.0 
-212.0 -219.0 -237.0 -256.0 -270.0 -285.0 -286.0 
-290.0 -297.0 -301.0 -310.0 -301.0 -288.0 -278.0 
-264.0 -263.0 -256.0 -247.0 -244.0 -237.0 -221.0 
-199.0 -182.0 -160.0 -153.0 -132.0 -120.0 -117.0 
-98.0 -102.0 -91.0 -85.0 -68.0 -49.0 -32.0 
-10.0 -3.0 10.0 3.0 1.0 0.0 -4.0 
-22.0 -49.0 -68.0 -99.0 -121.0 -142.0 -157.0 
-160.0 -166.0 -170.0 -175.0 -180.0 -175.0 -182.0 
-194.0 -200.0 -200.0 -198.0 -203.0 -197.0 -192.0 
-200.0 -204.0 -211.0 -218.0 -237.0 -241.0 -242.0 
-250.0 -236.0 -228.0 -235.0 -226.0 -208.0 -220.0 
-225.0 -218.0 -224.0 -231.0 -209.0 -200.0 -195.0 
-176.0 -178.0 -172.0 -173.0 -166.0 -162.0 -162.0 
-149.0 -144.0 -132.0 -131.0 -128.0 -123.0 -121.0 
-104.0 -104.0 -85.0 -71.0 -74.0 -53.0 -57.0 
-49.0 -60.0 -71.0 -56.0 -64.0 -57.0 -55.0 
-48.0 -47.0 -48.0 -34.0 -31.0 -26.0 -32.0 
-31.0 -25.0 -31.0 -24.0 -22.0 -7.0 -4.0 
-13.0 -5.0 -16.0 -20.0 -34.0 -46.0 -44.0 
-39.0 -36.0 -35.0 -22.0 -20.0 -13.0 -3.0 
-9.0 -23.0 -27.0 -38.0 -50.0 -54.0 -63.0 
-60.0 -46.0 -30.0 -16.0 -1.0 9.0 24.0 
37.0 48.0 61.0 68.0 88.0 84.0 88.0 
93.0 74.0 62.0 43.0 23.0 -2.0 -15.0 
-37.0 -54.0 -58.0 -69.0 -79.0 -86.0 -92.0 
-106.0 -108.0 -113.0 -108.0 -95.0 -99.0 -90.0 
-67.0 -48.0 -22.0 -2.0 9.0 33.0 55.0 
80.0 87.0 92.0 96.0 89.0 96.0 79.0 
75.0 66.0 48.0 39.0 18.0 -2.0 -29.0 
-51.0 -67.0 -87.0 -102.0 -113.0 -119.0 -123.0 
-118.0 -116.0 -116.0 -92.0 -66.0 -42.0 -23.0 
-7.0 5.0 15.0 28.0 38.0 43.0 65.0 
81.0 89.0 98.0 105.0 107.0 102.0 96.0 
80.0 68.0 49.0 38.0 10.0 -6.0 -4.0 
-12.0 -6.0 -15.0 -14.0 -10.0 -6.0 4.0 
9.0 21.0 34.0 43.0 49.0 67.0 82.0 
97.0 120.0 139.0 163.0 167.0 176.0 184.0 
178.0 182.0 178.0 173.0 159.0 152.0 156.0 
149.0 147.0 143.0 143.0 149.0 145.0 146.0 
147.0 145.0 148.0 150.0 164.0 181.0 188.0 
184.0 181.0 180.0 172.0 159.0 140.0 142.0 
118.0 80.0 53.0 10.0 -26.0 -65.0 -98.0 
-121.0 -145.0 -160.0 -167.0 -165.0 -161.0 -146.0 
-127.0 -103.0 -81.0 -60.0 -38.0 -18.0 15.0 
44.0 68.0 81.0 88.0 93.0 93.0 86.0 
76.0 59.0 35.0 27.0 9.0 -5.0 -24.0 
-42.0 -50.0 -79.0 -97.0 -113.0 -119.0 -121.0 
-126.0 -105.0 -91.0 -66.0 -46.0 -15.0 17.0 
31.0 58.0 72.0 90.0 110.0 137.0 150.0 
162.0 181.0 193.0 217.0 231.0 256.0 275.0 
285.0 287.0 273.0 262.0 251.0 232.0 208.0 
194.0 169.0 134.0 116.0 95.0 85.0 77.0 
72.0 64.0 51.0 58.0 53.0 58.0 60.0 
58.0 67.0 70.0 84.0 93.0 111.0 123.0 
137.0 158.0 172.0 185.0 178.0 185.0 186.0 
175.0 176.0 157.0 138.0 130.0 124.0 127.0 
113.0 99.0 90.0 73.0 55.0 28.0 11.0 
-5.0 -27.0 -41.0 -61.0 -84.0 -93.0 -99.0 
-102.0 -96.0 -94.0 -82.0 -62.0 -36.0 -10.0 
20.0 53.0 73.0 100.0 126.0 148.0 166.0 
174.0 167.0 160.0 134.0 112.0 106.0 84.0 
85.0 81.0 74.0 72.0 60.0 58.0 51.0 
53.0 54.0 60.0 58.0 52.0 56.0 49.0 
36.0 33.0 38.0 39.0 38.0 41.0 47.0 
52.0 61.0 77.0 89.0 96.0 100.0 96.0 
88.0 81.0 69.0 63.0 64.0 72.0 78.0 
71.0 79.0 99.0 108.0 119.0 127.0 133.0 
150.0 160.0 168.0 172.0 185.0 187.0 188.0 
206.0 206.0 208.0 211.0 206.0 205.0 208.0 
202.0 175.0 165.0 149.0 130.0 124.0 107.0 
99.0 77.0 62.0 53.0 38.0 33.0 26.0 
24.0 22.0 31.0 40.0 36.0 40.0 42.0 
38.0 38.0 27.0 14.0 11.0 7.0 -5.0 
-8.0 -5.0 -23.0 -37.0 -43.0 -53.0 -53.0 
-58.0 -72.0 -76.0 -88.0 -98.0 -102.0 -105.0 
-97.0 -93.0 -90.0 -82.0 -68.0 -57.0 -43.0 
-22.0 -15.0 4.0 25.0 49.0 83.0 106.0 
134.0 152.0 163.0 176.0 189.0 198.0 197.0 
209.0 217.0 219.0 222.0 216.0 205.0 200.0 
204.0 212.0 219.0 223.0 233.0 240.0 246.0 
252.0 245.0 243.0 233.0 220.0 212.0 186.0 
163.0 143.0 130.0 116.0 92.0 90.0 81.0 
57.0 50.0 26.0 4.0 -6.0 -28.0 -39.0 
-63.0 -83.0 -96.0 -107.0 -111.0 -107.0 -103.0 
-99.0 -84.0 -81.0 -68.0 -50.0 -45.0 -43.0 
-26.0 -10.0 -16.0 -13.0 -3.0 1.0 -2.0 
0.0 7.0 13.0 12.0 6.0 -6.0 -11.0 
-19.0 -33.0 -42.0 -50.0 -50.0 -49.0 -47.0 
-54.0 -57.0 -46.0 -41.0 -28.0 -21.0 -9.0 
9.0 23.0 50.0 77.0 96.0 118.0 143.0 
162.0 178.0 193.0 207.0 210.0 209.0 206.0 
188.0 168.0 155.0 140.0 118.0 97.0 79.0 
64.0 55.0 47.0 44.0 31.0 27.0 27.0 
27.0 47.0 59.0 75.0 88.0 94.0 113.0 
116.0 120.0 126.0 116.0 101.0 74.0 55.0 
44.0 26.0 18.0 12.0 4.0 6.0 -3.0 
-6.0 1.0 -6.0 -12.0 -31.0 -52.0 -74.0 
-95.0 -112.0 -139.0 -161.0 -180.0 -189.0 -191.0 
-178.0 -158.0 -142.0 -130.0 -113.0 -94.0 -84.0 
-74.0 -69.0 -58.0 -49.0 -42.0 -37.0 -31.0 
-33.0 -37.0 -42.0 -57.0 -63.0 -74.0 -88.0 
-108.0 -127.0 -142.0 -158.0 -167.0 -163.0 -149.0 
-141.0 -125.0 -105.0 -92.0 -78.0 -65.0 -60.0 
-39.0 -21.0 -8.0 22.0 43.0 58.0 73.0 
98.0 124.0 133.0 143.0 151.0 151.0 145.0 
129.0 103.0 79.0 66.0 45.0 26.0 9.0 
-1.0 -6.0 -14.0 -13.0 -20.0 -19.0 -18.0 
-16.0 -7.0 -12.0 -8.0 0.0 14.0 21.0 
26.0 41.0 44.0 42.0 26.0 11.0 -1.0 
-14.0 -18.0 -28.0 -32.0 -38.0 -49.0 -45.0 
-40.0 -44.0 -38.0 -32.0 -40.0 -41.0 -39.0 
-50.0 -62.0 -67.0 -79.0 -92.0 -95.0 -92.0 
-81.0 -74.0 -70.0 -53.0 -38.0 -21.0 2.0 
19.0 39.0 51.0 56.0 71.0 72.0 61.0 
57.0 36.0 30.0 26.0 6.0 -2.0 -12.0 
-16.0 -27.0 -35.0 -35.0 -42.0 -40.0 -33.0 
-24.0 -27.0 -14.0 -1.0 2.0 19.0 26.0 
32.0 33.0 26.0 20.0 13.0 7.0 1.0 
-14.0 -35.0 -38.0 -60.0 -90.0 -91.0 -92.0 
-104.0 -103.0 -95.0 -101.0 -99.0 -100.0 -105.0 
-97.0 -103.0 -100.0 -92.0 -95.0 -95.0 -97.0 
-94.0 -101.0 -101.0 -99.0 -100.0 -87.0 -83.0 
-73.0 -66.0 -65.0 -64.0 -70.0 -69.0 -80.0 
-98.0 -91.0 -84.0 -91.0 -87.0 -74.0 -63.0 
-63.0 -57.0 -38.0 -35.0 -28.0 -26.0 -35.0 
-29.0 -27.0 -26.0 -18.0 -13.0 -8.0 0.0 
13.0 28.0 33.0 45.0 47.0 53.0 70.0 
75.0 81.0 81.0 84.0 72.0 60.0 47.0 
19.0 15.0 11.0 0.0 3.0 -5.0 -24.0 
-28.0 -30.0 -38.0 -47.0 -63.0 -80.0 -93.0 
-106.0 -116.0 -127.0 -138.0 -147.0 -146.0 -136.0 
-136.0 -134.0 -124.0 -112.0 -111.0 -113.0 -106.0 
-108.0 -109.0 -114.0 -118.0 -128.0 -138.0 -139.0 
-144.0 -141.0 -139.0 -137.0 -129.0 -128.0 -132.0 
-135.0 -153.0 -165.0 -163.0 -166.0 -170.0 -166.0 
-166.0 -156.0 -151.0 -151.0 -143.0 -137.0 -126.0 
-110.0 -98.0 -81.0 -60.0 -46.0 -33.0 -28.0 
-28.0 -20.0 -24.0 -34.0 -43.0 -58.0 -68.0 
-86.0 -99.0 -96.0 -99.0 -109.0 -117.0 -116.0 
-118.0 -117.0 -121.0 -124.0 -125.0 -139.0 -144.0 
-144.0 -153.0 -154.0 -148.0 -137.0 -121.0 -116.0 
-106.0 -90.0 -74.0 -55.0 -51.0 -53.0 -49.0 
-52.0 -57.0 -48.0 -42.0 -36.0 -27.0 -19.0 
-12.0 -10.0 -5.0 -16.0 -22.0 -26.0 -36.0 
-41.0 -57.0 -68.0 -76.0 -81.0 -93.0 -112.0 
-120.0 -125.0 -127.0 -134.0 -130.0 -122.0 -109.0 
-85.0 -83.0 -68.0 -55.0 -41.0 -11.0 0.0 
16.0 33.0 47.0 58.0 51.0 49.0 42.0 
31.0 16.0 -8.0 -26.0 -56.0 -92.0 -114.0 
-136.0 -159.0 -175.0 -189.0 -204.0 -219.0 -219.0 
-217.0 -219.0 -208.0 -180.0 -160.0 -143.0 -121.0 
-106.0 -85.0 -86.0 -85.0 -81.0 -97.0 -110.0 
-123.0 -143.0 -161.0 -170.0 -192.0 -210.0 -223.0 
-232.0 -254.0 -291.0 -311.0 -339.0 -355.0 -376.0 
-397.0 -390.0 -395.0 -390.0 -376.0 -344.0 -310.0 
-292.0 -256.0 -228.0 -202.0 -169.0 -138.0 -116.0 
-102.0 -84.0 -66.0 -47.0 -34.0 -25.0 -16.0 
-3.0 2.0 10.0 26.0 44.0 64.0 83.0 
108.0 121.0 121.0 120.0 110.0 84.0 53.0 
28.0 -3.0 -19.0 -35.0 -57.0 -59.0 -51.0 
-37.0 -44.0 -50.0 -36.0 -39.0 -41.0 -34.0 
-27.0 -13.0 -1.0 11.0 23.0 31.0 28.0 
23.0 17.0 -1.0 -27.0 -62.0 -98.0 -137.0 
-181.0 -222.0 -258.0 -291.0 -319.0 -341.0 -366.0 
-380.0 -385.0 -402.0 -409.0 -405.0 -407.0 -396.0 
-396.0 -387.0 -365.0 -357.0 -338.0 -326.0 -317.0 
-292.0 -275.0 -259.0 -239.0 -220.0 -207.0 -189.0 
-167.0 -156.0 -157.0 -155.0 -149.0 -169.0 -180.0 
-191.0 -226.0 -250.0 -283.0 -306.0 -321.0 -337.0 
-344.0 -352.0 -352.0 -349.0 -336.0 -327.0 -312.0 
-301.0 -290.0 -265.0 -250.0 -217.0 -185.0 -160.0 
-131.0 -115.0 -81.0 -47.0 -30.0 -14.0 -1.0 
0.0 -10.0 -14.0 -23.0 -35.0 -39.0 -49.0 
-61.0 -54.0 -56.0 -58.0 -52.0 -64.0 -75.0 
-87.0 -101.0 -123.0 -148.0 -172.0 -191.0 -193.0 
-199.0 -189.0 -172.0 -169.0 -159.0 -141.0 -121.0 
-108.0 -112.0 -115.0 -120.0 -128.0 -149.0 -173.0 
-182.0 -208.0 -236.0 -262.0 -296.0 -315.0 -325.0 
-339.0 -351.0 -343.0 -339.0 -340.0 -330.0 -317.0 
-299.0 -287.0 -268.0 -260.0 -263.0 -258.0 -264.0 
-267.0 -262.0 -259.0 -277.0 -287.0 -291.0 -306.0 
-306.0 -313.0 -327.0 -335.0 -336.0 -337.0 -335.0 
-328.0 -326.0 -319.0 -305.0 -293.0 -287.0 -269.0 
-258.0 -258.0 -257.0 -253.0 -248.0 -255.0 -250.0 
-239.0 -228.0 -210.0 -193.0 -180.0 -170.0 -162.0 
-161.0 -159.0 -175.0 -197.0 -207.0 -220.0 -220.0 
-229.0 -227.0 -215.0 -204.0 -190.0 -189.0 -177.0 
-170.0 -170.0 -167.0 -163.0 -169.0 -177.0 -177.0 
-189.0 -203.0 -217.0 -221.0 -226.0 -226.0 -217.0 
-212.0 -199.0 -200.0 -195.0 -190.0 -191.0 -177.0 
-180.0 -172.0 -160.0 -154.0 -144.0 -131.0 -111.0 
-113.0 -113.0 -116.0 -125.0 -129.0 -155.0 -179.0 
-204.0 -221.0 -237.0 -265.0 -282.0 -299.0 -308.0 
-310.0 -312.0 -296.0 -287.0 -277.0 -261.0 -255.0 
-245.0 -244.0 -247.0 -256.0 -267.0 -282.0 -304.0 
-311.0 -322.0 -347.0 -357.0 -360.0 -369.0 -369.0 
-374.0 -373.0 -375.0 -377.0 -363.0 -370.0 -367.0 
-349.0 -341.0 -330.0 -315.0 -304.0 -291.0 -268.0 
-248.0 -236.0 -218.0 -200.0 -187.0 -178.0 -167.0 
-163.0 -175.0 -181.0 -185.0 -214.0 -241.0 -262.0 
-303.0 -342.0 -374.0 -408.0 -432.0 -450.0 -457.0 
-449.0 -436.0 -419.0 -402.0 -378.0 -353.0 -324.0 
-306.0 -287.0 -263.0 -260.0 -248.0 -237.0 -238.0 
-227.0 -226.0 -231.0 -223.0 -224.0 -224.0 -217.0 
-221.0 -220.0 -221.0 -234.0 -254.0 -282.0 -302.0 
-325.0 -350.0 -368.0 -384.0 -393.0 -401.0 -399.0 
-400.0 -406.0 -399.0 -392.0 -377.0 -360.0 -349.0 
-341.0 -330.0 -325.0 -326.0 -310.0 -310.0 -310.0 
-306.0 -296.0 -276.0 -277.0 -262.0 -255.0 -260.0 
-244.0 -251.0 -259.0 -263.0 -272.0 -269.0 -273.0 
-276.0 -286.0 -295.0 -286.0 -285.0 -280.0 -265.0 
-256.0 -237.0 -208.0 -188.0 -166.0 -142.0 -127.0 
-114.0 -108.0 -107.0 -103.0 -105.0 -119.0 -132.0 
-147.0 -176.0 -203.0 -224.0 -238.0 -250.0 -275.0 
-302.0 -328.0 -348.0 -359.0 -377.0 -385.0 -390.0 
-396.0 -394.0 -394.0 -393.0 -394.0 -396.0 -393.0 
-391.0 -388.0 -386.0 -383.0 -396.0 -401.0 -389.0 
-392.0 -388.0 -392.0 -394.0 -388.0 -394.0 -400.0 
-397.0 -383.0 -387.0 -384.0 -378.0 -379.0 -361.0 
-361.0 -359.0 -348.0 -349.0 -337.0 -337.0 -328.0 
-319.0 -311.0 -298.0 -303.0 -287.0 -268.0 -270.0 
-261.0 -259.0 -258.0 -246.0 -234.0 -220.0 -220.0 
-211.0 -206.0 -219.0 -210.0 -209.0 -222.0 -223.0 
-221.0 -233.0 -245.0 -247.0 -257.0 -254.0 -260.0 
-262.0 -250.0 -243.0 -228.0 -227.0 -223.0 -218.0 
-225.0 -224.0 -218.0 -213.0 -208.0 -191.0 -177.0 
-180.0 -162.0 -144.0 -142.0 -141.0 -151.0 -152.0 
-163.0 -163.0 -146.0 -139.0 -124.0 -125.0 -128.0 
-131.0 -137.0 -147.0 -159.0 -174.0 -200.0 -223.0 
-252.0 -282.0 -310.0 -346.0 -369.0 -378.0 -396.0 
-404.0 -415.0 -433.0 -440.0 -454.0 -468.0 -475.0 
-482.0 -485.0 -475.0 -470.0 -475.0 -468.0 -471.0 
-465.0 -447.0 -437.0 -414.0 -401.0 -377.0 -346.0 
-327.0 -303.0 -290.0 -273.0 -272.0 -280.0 -277.0 
-289.0 -295.0 -300.0 -306.0 -311.0 -331.0 -347.0 
-360.0 -367.0 -371.0 -373.0 -370.0 -362.0 -355.0 
-346.0 -325.0 -313.0 -300.0 -277.0 -259.0 -229.0 
-216.0 -209.0 -182.0 -180.0 -165.0 -154.0 -151.0 
-135.0 -146.0 -147.0 -145.0 -145.0 -141.0 -130.0 
-112.0 -111.0 -94.0 -80.0 -66.0 -53.0 -54.0 
-47.0 -51.0 -62.0 -69.0 -75.0 -90.0 -88.0 
-87.0 -102.0 -113.0 -122.0 -117.0 -121.0 -114.0 
-122.0 -137.0 -137.0 -148.0 -151.0 -162.0 -183.0 
-200.0 -221.0 -239.0 -257.0 -267.0 -275.0 -283.0 
-277.0 -278.0 -275.0 -263.0 -253.0 -243.0 -237.0 
-236.0 -238.0 -232.0 -251.0 -267.0 -273.0 -289.0 
-290.0 -293.0 -295.0 -297.0 -297.0 -294.0 -291.0 
-281.0 -267.0 -259.0 -245.0 -226.0 -220.0 -206.0 
-192.0 -188.0 -177.0 -169.0 -171.0 -168.0 -174.0 
-181.0 -171.0 -181.0 -198.0 -203.0 -219.0 -238.0 
-249.0 -259.0 -269.0 -278.0 -287.0 -278.0 -274.0 
-270.0 -249.0 -241.0 -216.0 -199.0 -196.0 -171.0 
-156.0 -130.0 -105.0 -84.0 -58.0 -43.0 -28.0 
-11.0 15.0 20.0 24.0 27.0 18.0 24.0 
13.0 1.0 -7.0 -22.0 -29.0 -38.0 -45.0 
-53.0 -58.0 -63.0 -76.0 -81.0 -86.0 -94.0 
-95.0 -94.0 -98.0 -96.0 -85.0 -81.0 -71.0 
-59.0 -53.0 -41.0 -27.0 -31.0 -43.0 -45.0 
-47.0 -48.0 -52.0 -57.0 -71.0 -77.0 -79.0 
-98.0 -105.0 -109.0 -115.0 -115.0 -122.0 -115.0 
-111.0 -120.0 -117.0 -111.0 -119.0 -125.0 -120.0 
-127.0 -143.0 -146.0 -152.0 -166.0 -163.0 -168.0 
-175.0 -174.0 -189.0 -189.0 -182.0 -178.0 -165.0 
-148.0 -133.0 -124.0 -105.0 -84.0 -77.0 -62.0 
-47.0 -32.0 -22.0 -30.0 -32.0 -22.0 -15.0 
-28.0 -32.0 -40.0 -56.0 -63.0 -75.0 -77.0 
-77.0 -81.0 -84.0 -78.0 -72.0 -89.0 -84.0 
-63.0 -58.0 -49.0 -35.0 -22.0 -16.0 -16.0 
-9.0 12.0 18.0 23.0 36.0 40.0 54.0 
43.0 52.0 62.0 52.0 61.0 49.0 60.0 
80.0 72.0 81.0 91.0 86.0 80.0 74.0 
61.0 48.0 31.0 18.0 5.0 -8.0 -19.0 
-43.0 -54.0 -59.0 -64.0 -68.0 -69.0 -64.0 
-66.0 -57.0 -39.0 -23.0 -5.0 -2.0 -15.0 
-9.0 -9.0 -20.0 -10.0 -2.0 9.0 16.0 
17.0 29.0 25.0 20.0 29.0 30.0 28.0 
20.0 1.0 -17.0 -44.0 -64.0 -85.0 -108.0 
-117.0 -143.0 -161.0 -165.0 -184.0 -190.0 -184.0 
-178.0 -163.0 -139.0 -109.0 -80.0 -48.0 -11.0 
20.0 43.0 70.0 102.0 125.0 143.0 160.0 
170.0 180.0 181.0 171.0 164.0 148.0 126.0 
116.0 89.0 66.0 58.0 33.0 19.0 -5.0 
-36.0 -37.0 -56.0 -72.0 -81.0 -106.0 -110.0 
-133.0 -141.0 -133.0 -147.0 -145.0 -149.0 -150.0 
-144.0 -146.0 -153.0 -136.0 -121.0 -110.0 -89.0 
-93.0 -77.0 -72.0 -64.0 -51.0 -65.0 -69.0 
-80.0 -82.0 -94.0 -109.0 -118.0 -121.0 -111.0 
-125.0 -124.0 -116.0 -109.0 -101.0 -102.0 -91.0 
-99.0 -107.0 -108.0 -108.0 -101.0 -107.0 -98.0 
-74.0 -47.0 -30.0 -14.0 23.0 43.0 49.0 
61.0 71.0 74.0 60.0 42.0 20.0 -11.0 
-26.0 -55.0 -75.0 -81.0 -104.0 -110.0 -126.0 
-136.0 -140.0 -157.0 -157.0 -168.0 -172.0 -178.0 
-200.0 -189.0 -197.0 -202.0 -192.0 -209.0 -199.0 
-207.0 -213.0 -198.0 -218.0 -214.0 -215.0 -228.0 
-222.0 -225.0 -227.0 -237.0 -230.0 -206.0 -193.0 
-173.0 -148.0 -135.0 -121.0 -107.0 -92.0 -73.0 
-62.0 -57.0 -67.0 -74.0 -93.0 -120.0 -149.0 
-180.0 -215.0 -244.0 -261.0 -281.0 -289.0 -302.0 
-308.0 -315.0 -317.0 -303.0 -310.0 -306.0 -297.0 
-278.0 -249.0 -223.0 -176.0 -144.0 -119.0 -87.0 
-71.0 -43.0 -29.0 -24.0 -5.0 -15.0 -13.0 
-13.0 -36.0 -36.0 -50.0 -58.0 -68.0 -92.0 
-103.0 -126.0 -134.0 -148.0 -175.0 -186.0 -207.0 
-217.0 -219.0 -226.0 -206.0 -175.0 -150.0 -119.0 
-93.0 -50.0 -19.0 -14.0 18.0 25.0 15.0 
24.0 15.0 5.0 -7.0 -24.0 -33.0 -40.0 
-42.0 -42.0 -46.0 -47.0 -65.0 -87.0 -107.0 
-144.0 -169.0 -206.0 -261.0 -304.0 -350.0 -388.0 
-418.0 -436.0 -444.0 -456.0 -451.0 -449.0 -448.0 
-430.0 -412.0 -408.0 -400.0 -392.0 -389.0 -390.0 
-379.0 -362.0 -365.0 -352.0 -332.0 -326.0 -308.0 
-291.0 -289.0 -282.0 -286.0 -289.0 -291.0 -306.0 
-313.0 -324.0 -328.0 -325.0 -330.0 -333.0 -337.0 
-351.0 -367.0 -380.0 -396.0 -407.0 -422.0 -432.0 
-436.0 -439.0 -447.0 -449.0 -444.0 -445.0 -427.0 
-396.0 -369.0 -334.0 -298.0 -262.0 -218.0 -181.0 
-138.0 -92.0 -64.0 -43.0 -20.0 3.0 10.0 
19.0 32.0 38.0 43.0 35.0 29.0 12.0 
-17.0 -50.0 -90.0 -115.0 -156.0 -193.0 -224.0 
-250.0 -272.0 -296.0 -307.0 -322.0 -317.0 -317.0 
-310.0 -291.0 -288.0 -279.0 -265.0 -247.0 -245.0 
-236.0 -222.0 -211.0 -192.0 -178.0 -169.0 -165.0 
-155.0 -144.0 -141.0 -146.0 -153.0 -161.0 -179.0 
-208.0 -242.0 -277.0 -313.0 -347.0 -374.0 -402.0 
-419.0 -431.0 -432.0 -427.0 -431.0 -432.0 -440.0 
-458.0 -455.0 -457.0 -467.0 -463.0 -461.0 -458.0 
-451.0 -427.0 -399.0 -372.0 -330.0 -299.0 -266.0 
-237.0 -234.0 -230.0 -229.0 -235.0 -244.0 -258.0 
-273.0 -288.0 -301.0 -317.0 -337.0 -348.0 -355.0 
-380.0 -393.0 -403.0 -423.0 -439.0 -460.0 -480.0 
-496.0 -510.0 -520.0 -519.0 -520.0 -509.0 -497.0 
-487.0 -475.0 -469.0 -452.0 -445.0 -436.0 -430.0 
-437.0 -431.0 -417.0 -421.0 -413.0 -401.0 -404.0 
-387.0 -378.0 -358.0 -336.0 -326.0 -306.0 -299.0 
-291.0 -276.0 -258.0 -254.0 -255.0 -256.0 -264.0 
-260.0 -266.0 -269.0 -277.0 -289.0 -292.0 -312.0 
-315.0 -319.0 -329.0 -329.0 -331.0 -318.0 -312.0 
-308.0 -310.0 -316.0 -312.0 -317.0 -321.0 -316.0 
-312.0 -298.0 -286.0 -272.0 -251.0 -234.0 -217.0 
-214.0 -208.0 -219.0 -219.0 -222.0 -247.0 -249.0 
-269.0 -293.0 -303.0 -316.0 -321.0 -321.0 -325.0 
-305.0 -293.0 -295.0 -270.0 -271.0 -273.0 -270.0 
-287.0 -295.0 -315.0 -330.0 -330.0 -335.0 -331.0 
-322.0 -310.0 -295.0 -284.0 -282.0 -275.0 -286.0 
-289.0 -287.0 -302.0 -308.0 -333.0 -348.0 -366.0 
-388.0 -396.0 -421.0 -430.0 -424.0 -420.0 -413.0 
-394.0 -373.0 -342.0 -311.0 -288.0 -256.0 -236.0 
-212.0 -192.0 -186.0 -185.0 -188.0 -195.0 -219.0 
-240.0 -264.0 -271.0 -264.0 -284.0 -289.0 -289.0 
-296.0 -292.0 -290.0 -283.0 -273.0 -271.0 -264.0 
-259.0 -265.0 -269.0 -264.0 -261.0 -266.0 -273.0 
-280.0 -285.0 -302.0 -321.0 -334.0 -338.0 -343.0 
-343.0 -345.0 -339.0 -323.0 -315.0 -305.0 -285.0 
-259.0 -244.0 -216.0 -200.0 -181.0 -162.0 -165.0 
-146.0 -150.0 -165.0 -176.0 -197.0 -210.0 -227.0 
-244.0 -260.0 -285.0 -305.0 -310.0 -316.0 -333.0 
-351.0 -355.0 -356.0 -362.0 -356.0 -353.0 -347.0 
-335.0 -319.0 -282.0 -264.0 -245.0 -222.0 -208.0 
-181.0 -169.0 -150.0 -124.0 -122.0 -116.0 -99.0 
-86.0 -72.0 -75.0 -91.0 -85.0 -100.0 -123.0 
-136.0 -160.0 -183.0 -209.0 -235.0 -267.0 -285.0 
-296.0 -302.0 -304.0 -316.0 -313.0 -314.0 -316.0 
-302.0 -295.0 -286.0 -268.0 -256.0 -232.0 -207.0 
-192.0 -159.0 -137.0 -126.0 -118.0 -120.0 -107.0 
-116.0 -117.0 -113.0 -128.0 -125.0 -143.0 -141.0 
-148.0 -177.0 -167.0 -166.0 -167.0 -156.0 -155.0 
-156.0 -154.0 -160.0 -157.0 -153.0 -156.0 -147.0 
-145.0 -148.0 -155.0 -160.0 -167.0 -179.0 -183.0 
-179.0 -185.0 -200.0 -190.0 -187.0 -185.0 -188.0 
-206.0 -196.0 -208.0 -213.0 -218.0 -235.0 -243.0 
-260.0 -268.0 -285.0 -310.0 -319.0 -324.0 -336.0 
-339.0 -335.0 -339.0 -342.0 -335.0 -327.0 -328.0 
-326.0 -328.0 -338.0 -340.0 -350.0 -352.0 -350.0 
-355.0 -339.0 -336.0 -329.0 -316.0 -309.0 -283.0 
-264.0 -245.0 -224.0 -206.0 -187.0 -178.0 -173.0 
-167.0 -157.0 -151.0 -146.0 -143.0 -143.0 -131.0 
-131.0 -136.0 -124.0 -116.0 -116.0 -107.0 -99.0 
-99.0 -103.0 -99.0 -88.0 -102.0 -123.0 -129.0 
-152.0 -166.0 -178.0 -190.0 -193.0 -212.0 -220.0 
-223.0 -220.0 -216.0 -215.0 -221.0 -225.0 -227.0 
-244.0 -254.0 -265.0 -271.0 -268.0 -275.0 -274.0 
-266.0 -261.0 -254.0 -252.0 -250.0 -260.0 -265.0 
-267.0 -287.0 -302.0 -321.0 -340.0 -353.0 -364.0 
-383.0 -400.0 -382.0 -379.0 -377.0 -367.0 -372.0 
-363.0 -361.0 -365.0 -369.0 -382.0 -394.0 -393.0 
-394.0 -401.0 -398.0 -400.0 -400.0 -396.0 -393.0 
-384.0 -383.0 -383.0 -372.0 -362.0 -352.0 -352.0 
-364.0 -359.0 -367.0 -376.0 -367.0 -370.0 -358.0 
-357.0 -357.0 -329.0 -326.0 -316.0 -287.0 -267.0 
-244.0 -218.0 -206.0 -186.0 -162.0 -171.0 -177.0 
-185.0 -207.0 -221.0 -250.0 -278.0 -306.0 -337.0 
-342.0 -355.0 -370.0 -374.0 -381.0 -373.0 -370.0 
-363.0 -353.0 -346.0 -337.0 -341.0 -342.0 -346.0 
-352.0 -353.0 -357.0 -366.0 -364.0 -359.0 -360.0 
-362.0 -369.0 -362.0 -360.0 -365.0 -358.0 -350.0 
-344.0 -346.0 -337.0 -334.0 -344.0 -344.0 -353.0 
-355.0 -357.0 -371.0 -378.0 -386.0 -398.0 -402.0 
-416.0 -422.0 -418.0 -419.0 -417.0 -421.0 -415.0 
-410.0 -418.0 -417.0 -435.0 -454.0 -464.0 -492.0 
-491.0 -500.0 -519.0 -511.0 -505.0 -499.0 -501.0 
-486.0 -460.0 -442.0 -429.0 -426.0 -408.0 -389.0 
-377.0 -368.0 -353.0 -334.0 -326.0 -310.0 -295.0 
-283.0 -274.0 -262.0 -259.0 -264.0 -257.0 -265.0 
-293.0 -329.0 -353.0 -379.0 -407.0 -444.0 -485.0 
-500.0 -513.0 -527.0 -531.0 -528.0 -528.0 -527.0 
-519.0 -504.0 -496.0 -500.0 -489.0 -473.0 -458.0 
-451.0 -437.0 -429.0 -430.0 -425.0 -437.0 -452.0 
-462.0 -480.0 -504.0 -528.0 -534.0 -540.0 -554.0 
-559.0 -555.0 -547.0 -544.0 -544.0 -556.0 -558.0 
-564.0 -582.0 -593.0 -606.0 -594.0 -590.0 -596.0 
-590.0 -585.0 -580.0 -573.0 -572.0 -576.0 -560.0 
-538.0 -528.0 -531.0 -530.0 -525.0 -525.0 -523.0 
-516.0 -504.0 -496.0 -481.0 -479.0 -476.0 -452.0 
-442.0 -425.0 -393.0 -383.0 -377.0 -366.0 -364.0 
-369.0 -377.0 -384.0 -392.0 -404.0 -418.0 -433.0 
-448.0 -460.0 -470.0 -474.0 -481.0 -485.0 -486.0 
-494.0 -492.0 -489.0 -492.0 -493.0 -502.0 -513.0 
-520.0 -521.0 -528.0 -539.0 -536.0 -538.0 -539.0 
-542.0 -543.0 -529.0 -528.0 -521.0 -513.0 -513.0 
-502.0 -506.0 -511.0 -509.0 -510.0 -513.0 -529.0 
-535.0 -526.0 -532.0 -541.0 -541.0 -543.0 -560.0 
-578.0 -600.0 -617.0 -616.0 -633.0 -645.0 -645.0 
-654.0 -648.0 -645.0 -623.0 -594.0 -583.0 -563.0 
-547.0 -521.0 -514.0 -509.0 -498.0 -504.0 -505.0 
-520.0 -524.0 -531.0 -536.0 -538.0 -543.0 -533.0 
-546.0 -559.0 -553.0 -543.0 -540.0 -536.0 -540.0 
-548.0 -536.0 -524.0 -518.0 -505.0 -497.0 -503.0 
-502.0 -513.0 -508.0 -508.0 -520.0 -520.0 -523.0 
-509.0 -515.0 -513.0 -498.0 -498.0 -501.0 -511.0 
-511.0 -504.0 -502.0 -513.0 -524.0 -538.0 -567.0 
-586.0 -607.0 -639.0 -660.0 -686.0 -702.0 -700.0 
-707.0 -713.0 -722.0 -723.0 -712.0 -711.0 -704.0 
-684.0 -658.0 -636.0 -628.0 -621.0 -608.0 -585.0 
-574.0 -569.0 -562.0 -562.0 -554.0 -573.0 -589.0 
-611.0 -635.0 -644.0 -666.0 -669.0 -684.0 -698.0 
-705.0 -707.0 -711.0 -722.0 -723.0 -717.0 -700.0 
-698.0 -681.0 -670.0 -675.0 -665.0 -668.0 -668.0 
-666.0 -666.0 -657.0 -646.0 -626.0 -609.0 -593.0 
-580.0 -582.0 -592.0 -603.0 -618.0 -616.0 -602.0 
-591.0 -557.0 -516.0 -501.0 -500.0 -514.0 -521.0 
-517.0 -521.0 -517.0 -527.0 -542.0 -549.0 -572.0 
-589.0 -586.0 -587.0 -572.0 -551.0 -562.0 -581.0 
-613.0 -630.0 -603.0 -558.0 -515.0 -512.0 -530.0 
-560.0 -599.0 -622.0 -652.0 -664.0 -661.0 -664.0 
-663.0 -684.0 -706.0 -723.0 -701.0 -659.0 -646.0 
-639.0 -651.0 -651.0 -632.0 -593.0 -547.0 -510.0 
-500.0 -549.0 -600.0 -642.0 -696.0 -775.0 -853.0 
-891.0 -902.0 -904.0 -899.0 -897.0 -873.0 -812.0 
-763.0 -734.0 -721.0 -729.0 -753.0 -738.0 -684.0 
-618.0 -573.0 -561.0 -530.0 -538.0 -580.0 -621.0 
-673.0 -708.0 -723.0 -716.0 -665.0 -586.0 -542.0 
-502.0 -500.0 -534.0 -551.0 -620.0 -702.0 -726.0 
-702.0 -669.0 -661.0 -655.0 -658.0 -681.0 -711.0 
-759.0 -806.0 -821.0 -781.0 -700.0 -605.0 -504.0 
-452.0 -426.0 -410.0 -421.0 -435.0 -469.0 -490.0 
-527.0 -571.0 -614.0 -682.0 -721.0 -762.0 -777.0 
-742.0 -730.0 -731.0 -710.0 -708.0 -722.0 -717.0 
-702.0 -675.0 -643.0 -623.0 -631.0 -648.0 -673.0 
-710.0 -728.0 -747.0 -764.0 -794.0 -833.0 -848.0 
-841.0 -815.0 -781.0 -722.0 -677.0 -657.0 -619.0 
-610.0 -620.0 -596.0 -588.0 -575.0 -554.0 -554.0 
-547.0 -597.0 -658.0 -675.0 -690.0 -692.0 -695.0 
-686.0 -654.0 -628.0 -600.0 -569.0 -578.0 -601.0 
-612.0 -598.0 -559.0 -514.0 -462.0 -433.0 -433.0 
-456.0 -485.0 -527.0 -586.0 -638.0 -657.0 -630.0 
-602.0 -605.0 -625.0 -643.0 -641.0 -632.0 -627.0 
-607.0 -600.0 -609.0 -622.0 -627.0 -606.0 -604.0 
-610.0 -611.0 -595.0 -562.0 -538.0 -518.0 -531.0 
-585.0 -647.0 -701.0 -736.0 -763.0 -764.0 -734.0 
-716.0 -717.0 -709.0 -691.0 -676.0 -666.0 -673.0 
-682.0 -675.0 -659.0 -650.0 -664.0 -672.0 -659.0 
-638.0 -625.0 -629.0 -628.0 -644.0 -679.0 -704.0 
-719.0 -693.0 -638.0 -607.0 -581.0 -555.0 -552.0 
-547.0 -540.0 -542.0 -542.0 -540.0 -534.0 -537.0 
-546.0 -560.0 -591.0 -613.0 -624.0 -617.0 -600.0 
-589.0 -582.0 -595.0 -609.0 -620.0 -641.0 -658.0 
-679.0 -683.0 -666.0 -638.0 -603.0 -593.0 -603.0 
-616.0 -634.0 -662.0 -696.0 -718.0 -757.0 -784.0 
-768.0 -746.0 -714.0 -678.0 -663.0 -651.0 -643.0 
-651.0 -661.0 -672.0 -698.0 -741.0 -789.0 -840.0 
-873.0 -880.0 -893.0 -887.0 -873.0 -878.0 -888.0 
-908.0 -916.0 -894.0 -861.0 -804.0 -736.0 -692.0 
-649.0 -595.0 -561.0 -539.0 -524.0 -525.0 -544.0 
-565.0 -583.0 -603.0 -599.0 -575.0 -536.0 -501.0 
-499.0 -514.0 -534.0 -560.0 -582.0 -596.0 -603.0 
-579.0 -559.0 -554.0 -543.0 -557.0 -574.0 -563.0 
-541.0 -522.0 -510.0 -496.0 -475.0 -462.0 -469.0 
-493.0 -523.0 -543.0 -536.0 -498.0 -442.0 -382.0 
-360.0 -387.0 -441.0 -507.0 -558.0 -624.0 -689.0 
-716.0 -734.0 -741.0 -746.0 -736.0 -720.0 -710.0 
-702.0 -715.0 -726.0 -741.0 -733.0 -710.0 -677.0 
-625.0 -601.0 -595.0 -609.0 -642.0 -681.0 -715.0 
-732.0 -735.0 -732.0 -715.0 -678.0 -668.0 -689.0 
-699.0 -727.0 -732.0 -723.0 -713.0 -697.0 -700.0 
-724.0 -764.0 -777.0 -799.0 -793.0 -789.0 -809.0 
-805.0 -814.0 -820.0 -817.0 -776.0 -724.0 -674.0 
-619.0 -597.0 -580.0 -574.0 -570.0 -565.0 -572.0 
-579.0 -574.0 -564.0 -550.0 -524.0 -530.0 -561.0 
-603.0 -651.0 -690.0 -717.0 -724.0 -711.0 -680.0 
-665.0 -666.0 -664.0 -655.0 -640.0 -618.0 -603.0 
-595.0 -586.0 -586.0 -577.0 -570.0 -588.0 -599.0 
-585.0 -567.0 -548.0 -527.0 -517.0 -504.0 -500.0 
-500.0 -482.0 -488.0 -518.0 -568.0 -624.0 -658.0 
-681.0 -688.0 -676.0 -667.0 -684.0 -706.0 -727.0 
-743.0 -741.0 -760.0 -770.0 -764.0 -759.0 -728.0 
-694.0 -668.0 -647.0 -646.0 -654.0 -659.0 -655.0 
-635.0 -620.0 -597.0 -589.0 -597.0 -582.0 -579.0 
-559.0 -554.0 -568.0 -560.0 -582.0 -606.0 -612.0 
-614.0 -627.0 -635.0 -668.0 -710.0 -696.0 -704.0 
-700.0 -653.0 -626.0 -618.0 -612.0 -616.0 -646.0 
-668.0 -694.0 -732.0 -744.0 -755.0 -783.0 -820.0 
-822.0 -813.0 -795.0 -739.0 -720.0 -700.0 -690.0 
-686.0 -643.0 -604.0 -575.0 -569.0 -565.0 -592.0 
-600.0 -576.0 -574.0 -552.0 -558.0 -554.0 -565.0 
-603.0 -613.0 -639.0 -625.0 -614.0 -631.0 -661.0 
-705.0 -741.0 -768.0 -755.0 -758.0 -760.0 -769.0 
-798.0 -812.0 -812.0 -778.0 -754.0 -716.0 -686.0 
-660.0 -615.0 -589.0 -570.0 -555.0 -520.0 -511.0 
-504.0 -487.0 -496.0 -494.0 -503.0 -504.0 -512.0 
-524.0 -538.0 -578.0 -614.0 -673.0 -708.0 -718.0 
-730.0 -708.0 -674.0 -614.0 -559.0 -510.0 -473.0 
-462.0 -443.0 -435.0 -437.0 -473.0 -517.0 -554.0 
-587.0 -591.0 -596.0 -605.0 -612.0 -644.0 -679.0 
-698.0 -716.0 -725.0 -731.0 -719.0 -693.0 -679.0 
-663.0 -642.0 -625.0 -614.0 -606.0 -620.0 -656.0 
-681.0 -693.0 -684.0 -660.0 -625.0 -598.0 -592.0 
-588.0 -608.0 -633.0 -674.0 -721.0 -746.0 -778.0 
-805.0 -826.0 -847.0 -853.0 -842.0 -839.0 -838.0 
-835.0 -835.0 -815.0 -766.0 -709.0 -663.0 -594.0 
-536.0 -493.0 -444.0 -419.0 -394.0 -382.0 -384.0 
-394.0 -400.0 -415.0 -442.0 -434.0 -441.0 -463.0 
-495.0 -548.0 -602.0 -666.0 -725.0 -769.0 -830.0 
-873.0 -879.0 -901.0 -897.0 -864.0 -823.0 -789.0 
-740.0 -682.0 -632.0 -579.0 -544.0 -507.0 -476.0 
-445.0 -408.0 -379.0 -354.0 -335.0 -328.0 -325.0 
-339.0 -376.0 -403.0 -430.0 -458.0 -502.0 -557.0 
-604.0 -657.0 -694.0 -724.0 -743.0 -748.0 -767.0 
-778.0 -772.0 -749.0 -730.0 -711.0 -689.0 -678.0 
-658.0 -628.0 -598.0 -556.0 -521.0 -501.0 -485.0 
-491.0 -501.0 -523.0 -553.0 -573.0 -596.0 -617.0 
-630.0 -642.0 -655.0 -672.0 -699.0 -723.0 -744.0 
-770.0 -795.0 -806.0 -815.0 -834.0 -846.0 -855.0 
-860.0 -856.0 -862.0 -868.0 -865.0 -868.0 -863.0 
-847.0 -819.0 -787.0 -758.0 -724.0 -695.0 -673.0 
-659.0 -651.0 -658.0 -663.0 -662.0 -675.0 -684.0 
-697.0 -689.0 -693.0 -708.0 -712.0 -729.0 -723.0 
-698.0 -677.0 -660.0 -653.0 -636.0 -596.0 -553.0 
-502.0 -459.0 -442.0 -438.0 -440.0 -439.0 -438.0 
-432.0 -449.0 -461.0 -470.0 -493.0 -527.0 -563.0 
-592.0 -632.0 -656.0 -671.0 -674.0 -673.0 -673.0 
-670.0 -662.0 -644.0 -628.0 -609.0 -603.0 -593.0 
-591.0 -587.0 -565.0 -556.0 -551.0 -550.0 -539.0 
-530.0 -515.0 -503.0 -516.0 -529.0 -551.0 -553.0 
-547.0 -534.0 -511.0 -516.0 -528.0 -541.0 -550.0 
-552.0 -552.0 -540.0 -532.0 -539.0 -551.0 -575.0 
-593.0 -601.0 -613.0 -625.0 -644.0 -666.0 -694.0 
-704.0 -700.0 -696.0 -690.0 -713.0 -731.0 -725.0 
-707.0 -680.0 -659.0 -625.0 -581.0 -546.0 -532.0 
-540.0 -553.0 -581.0 -594.0 -597.0 -601.0 -602.0 
-613.0 -621.0 -642.0 -667.0 -673.0 -667.0 -653.0 
-632.0 -615.0 -612.0 -611.0 -610.0 -618.0 -615.0 
-600.0 -601.0 -616.0 -648.0 -686.0 -696.0 -685.0 
-676.0 -652.0 -638.0 -630.0 -616.0 -598.0 -557.0 
-532.0 -513.0 -488.0 -483.0 -469.0 -455.0 -436.0 
-419.0 -415.0 -410.0 -429.0 -476.0 -526.0 -567.0 
-603.0 -625.0 -631.0 -633.0 -636.0 -644.0 -649.0 
-658.0 -673.0 -691.0 -695.0 -686.0 -662.0 -633.0 
-611.0 -584.0 -565.0 -556.0 -565.0 -568.0 -569.0 
-572.0 -554.0 -542.0 -541.0 -559.0 -595.0 -641.0 
-690.0 -737.0 -782.0 -816.0 -843.0 -855.0 -858.0 
-864.0 -868.0 -882.0 -865.0 -826.0 -800.0 -762.0 
-736.0 -709.0 -657.0 -597.0 -539.0 -505.0 -499.0 
-531.0 -581.0 -622.0 -663.0 -671.0 -660.0 -650.0 
-640.0 -664.0 -709.0 -758.0 -809.0 -844.0 -851.0 
-854.0 -849.0 -816.0 -801.0 -805.0 -798.0 -790.0 
-766.0 -744.0 -747.0 -740.0 -732.0 -715.0 -671.0 
-634.0 -600.0 -576.0 -565.0 -564.0 -575.0 -560.0 
-536.0 -501.0 -483.0 -502.0 -523.0 -554.0 -569.0 
-593.0 -600.0 -586.0 -580.0 -562.0 -561.0 -572.0 
-586.0 -612.0 -634.0 -665.0 -686.0 -673.0 -642.0 
-572.0 -492.0 -434.0 -421.0 -444.0 -486.0 -568.0 
-643.0 -709.0 -773.0 -818.0 -837.0 -817.0 -771.0 
-717.0 -702.0 -695.0 -669.0 -618.0 -539.0 -458.0 
-385.0 -329.0 -275.0 -226.0 -203.0 -199.0 -208.0 
-247.0 -321.0 -396.0 -464.0 -527.0 -599.0 -668.0 
-718.0 -748.0 -747.0 -728.0 -707.0 -714.0 -737.0 
-779.0 -835.0 -880.0 -928.0 -960.0 -977.0 -999.0 
-1013.0 -1025.0 -1009.0 -971.0 -918.0 -837.0 -776.0 
-733.0 -701.0 -688.0 -680.0 -693.0 -707.0 -706.0 
-715.0 -691.0 -623.0 -558.0 -497.0 -473.0 -464.0 
-445.0 -445.0 -414.0 -325.0 -227.0 -152.0 -135.0 
-178.0 -248.0 -356.0 -467.0 -571.0 -658.0 -712.0 
-726.0 -692.0 -660.0 -625.0 -607.0 -616.0 -625.0 
-628.0 -628.0 -622.0 -605.0 -595.0 -575.0 -534.0 
-476.0 -409.0 -356.0 -352.0 -389.0 -445.0 -513.0 
-586.0 -622.0 -612.0 -616.0 -629.0 -648.0 -669.0 
-682.0 -714.0 -734.0 -747.0 -755.0 -727.0 -679.0 
-601.0 -511.0 -437.0 -384.0 -365.0 -374.0 -408.0 
-452.0 -493.0 -526.0 -559.0 -593.0 -626.0 -681.0 
-744.0 -800.0 -841.0 -847.0 -825.0 -777.0 -728.0 
-694.0 -667.0 -644.0 -625.0 -604.0 -584.0 -571.0 
-556.0 -547.0 -529.0 -512.0 -501.0 -489.0 -482.0 
-455.0 -438.0 -424.0 -379.0 -357.0 -353.0 -355.0 
-387.0 -429.0 -491.0 -568.0 -657.0 -744.0 -818.0 
-891.0 -947.0 -975.0 -969.0 -953.0 -923.0 -866.0 
-801.0 -727.0 -649.0 -590.0 -538.0 -488.0 -451.0 
-409.0 -369.0 -356.0 -361.0 -383.0 -419.0 -451.0 
-476.0 -516.0 -554.0 -576.0 -601.0 -607.0 -585.0 
-550.0 -492.0 -416.0 -348.0 -308.0 -293.0 -301.0 
-336.0 -367.0 -395.0 -433.0 -483.0 -569.0 -655.0 
-734.0 -815.0 -860.0 -882.0 -897.0 -900.0 -892.0 
-862.0 -815.0 -764.0 -725.0 -704.0 -689.0 -670.0 
-648.0 -625.0 -591.0 -537.0 -490.0 -437.0 -380.0 
-336.0 -283.0 -229.0 -198.0 -168.0 -152.0 -169.0 
-187.0 -221.0 -290.0 -384.0 -497.0 -610.0 -709.0 
-772.0 -809.0 -848.0 -860.0 -858.0 -860.0 -828.0 
-803.0 -785.0 -752.0 -732.0 -693.0 -666.0 -651.0 
-626.0 -614.0 -586.0 -577.0 -580.0 -554.0 -539.0 
-523.0 -496.0 -473.0 -429.0 -374.0 -311.0 -242.0 
-205.0 -181.0 -179.0 -202.0 -220.0 -253.0 -276.0 
-300.0 -350.0 -392.0 -439.0 -489.0 -533.0 -578.0 
-608.0 -630.0 -674.0 -711.0 -732.0 -765.0 -795.0 
-814.0 -808.0 -788.0 -767.0 -722.0 -673.0 -608.0 
-542.0 -505.0 -481.0 -479.0 -489.0 -502.0 -531.0 
-569.0 -599.0 -611.0 -597.0 -567.0 -537.0 -515.0 
-519.0 -527.0 -541.0 -571.0 -595.0 -627.0 -649.0 
-651.0 -636.0 -601.0 -577.0 -550.0 -527.0 -531.0 
-536.0 -554.0 -580.0 -594.0 -621.0 -651.0 -671.0 
-683.0 -660.0 -636.0 -605.0 -552.0 -533.0 -517.0 
-500.0 -492.0 -472.0 -467.0 -445.0 -423.0 -410.0 
-383.0 -376.0 -377.0 -401.0 -422.0 -428.0 -431.0 
-404.0 -385.0 -366.0 -333.0 -319.0 -329.0 -345.0 
-372.0 -401.0 -409.0 -394.0 -364.0 -341.0 -306.0 
-282.0 -279.0 -255.0 -250.0 -267.0 -271.0 -292.0 
-325.0 -356.0 -400.0 -436.0 -482.0 -538.0 -586.0 
-632.0 -669.0 -706.0 -725.0 -725.0 -717.0 -694.0 
-664.0 -651.0 -638.0 -633.0 -659.0 -684.0 -716.0 
-748.0 -752.0 -749.0 -728.0 -697.0 -681.0 -658.0 
-632.0 -619.0 -596.0 -571.0 -547.0 -516.0 -489.0 
-462.0 -448.0 -447.0 -456.0 -479.0 -502.0 -545.0 
-586.0 -589.0 -591.0 -593.0 -575.0 -551.0 -524.0 
-500.0 -482.0 -478.0 -501.0 -536.0 -582.0 -630.0 
-664.0 -704.0 -719.0 -724.0 -712.0 -665.0 -623.0 
-563.0 -509.0 -464.0 -422.0 -391.0 -361.0 -361.0 
-363.0 -364.0 -370.0 -369.0 -378.0 -386.0 -376.0 
-365.0 -354.0 -344.0 -339.0 -337.0 -344.0 -345.0 
-356.0 -372.0 -383.0 -395.0 -414.0 -449.0 -481.0 
-506.0 -527.0 -532.0 -544.0 -561.0 -565.0 -574.0 
-581.0 -599.0 -625.0 -658.0 -693.0 -706.0 -711.0 
-702.0 -677.0 -639.0 -585.0 -517.0 -451.0 -401.0 
-364.0 -337.0 -324.0 -325.0 -359.0 -406.0 -474.0 
-546.0 -610.0 -675.0 -749.0 -813.0 -841.0 -884.0 
-903.0 -904.0 -898.0 -867.0 -820.0 -758.0 -699.0 
-632.0 -562.0 -488.0 -431.0 -378.0 -344.0 -329.0 
-310.0 -314.0 -317.0 -333.0 -344.0 -350.0 -380.0 
-411.0 -431.0 -443.0 -443.0 -443.0 -431.0 -405.0 
-396.0 -386.0 -375.0 -358.0 -344.0 -341.0 -347.0 
-356.0 -368.0 -398.0 -438.0 -499.0 -551.0 -604.0 
-658.0 -699.0 -745.0 -761.0 -762.0 -759.0 -744.0 
-722.0 -687.0 -655.0 -620.0 -579.0 -557.0 -551.0 
-544.0 -532.0 -511.0 -489.0 -461.0 -423.0 -378.0 
-345.0 -322.0 -295.0 -275.0 -265.0 -272.0 -286.0 
-311.0 -346.0 -374.0 -413.0 -455.0 -495.0 -537.0 
-560.0 -570.0 -582.0 -580.0 -579.0 -584.0 -580.0 
-580.0 -577.0 -578.0 -584.0 -588.0 -595.0 -603.0 
-602.0 -588.0 -560.0 -529.0 -492.0 -461.0 -427.0 
-380.0 -366.0 -357.0 -348.0 -365.0 -383.0 -402.0 
-418.0 -431.0 -427.0 -421.0 -419.0 -401.0 -399.0 
-397.0 -391.0 -394.0 -392.0 -407.0 -418.0 -439.0 
-465.0 -474.0 -490.0 -486.0 -480.0 -491.0 -479.0 
-474.0 -479.0 -478.0 -490.0 -505.0 -523.0 -546.0 
-574.0 -619.0 -666.0 -712.0 -747.0 -770.0 -803.0 
-820.0 -824.0 -820.0 -804.0 -784.0 -745.0 -675.0 
-613.0 -548.0 -484.0 -454.0 -425.0 -401.0 -391.0 
-401.0 -424.0 -437.0 -449.0 -459.0 -472.0 -478.0 
-478.0 -486.0 -498.0 -508.0 -514.0 -515.0 -524.0 
-529.0 -520.0 -509.0 -488.0 -453.0 -403.0 -340.0 
-283.0 -234.0 -208.0 -188.0 -162.0 -153.0 -161.0 
-197.0 -239.0 -281.0 -333.0 -394.0 -458.0 -524.0 
-582.0 -619.0 -657.0 -694.0 -707.0 -705.0 -692.0 
-671.0 -646.0 -612.0 -590.0 -574.0 -535.0 -499.0 
-468.0 -433.0 -400.0 -352.0 -322.0 -289.0 -252.0 
-243.0 -220.0 -213.0 -228.0 -236.0 -250.0 -275.0 
-316.0 -356.0 -390.0 -416.0 -446.0 -477.0 -504.0 
-521.0 -537.0 -549.0 -552.0 -567.0 -586.0 -608.0 
-629.0 -657.0 -680.0 -677.0 -679.0 -679.0 -662.0 
-648.0 -634.0 -618.0 -612.0 -613.0 -614.0 -615.0 
-601.0 -596.0 -577.0 -544.0 -524.0 -485.0 -483.0 
-465.0 -454.0 -474.0 -477.0 -491.0 -490.0 -493.0 
-487.0 -476.0 -475.0 -471.0 -475.0 -479.0 -481.0 
-485.0 -482.0 -469.0 -457.0 -463.0 -466.0 -469.0 
-476.0 -467.0 -460.0 -449.0 -444.0 -436.0 -431.0 
-435.0 -442.0 -448.0 -456.0 -455.0 -457.0 -475.0 
-473.0 -471.0 -466.0 -464.0 -477.0 -476.0 -486.0 
-493.0 -496.0 -501.0 -490.0 -491.0 -491.0 -483.0 
-480.0 -469.0 -464.0 -454.0 -436.0 -419.0 -407.0 
-405.0 -408.0 -403.0 -400.0 -391.0 -400.0 -406.0 
-392.0 -400.0 -400.0 -393.0 -376.0 -355.0 -348.0 
-335.0 -337.0 -354.0 -372.0 -402.0 -426.0 -450.0 
-496.0 -528.0 -544.0 -557.0 -550.0 -529.0 -507.0 
-488.0 -465.0 -442.0 -420.0 -404.0 -385.0 -371.0 
-366.0 -372.0 -389.0 -394.0 -400.0 -403.0 -414.0 
-431.0 -437.0 -442.0 -436.0 -430.0 -443.0 -454.0 
-469.0 -510.0 -545.0 -574.0 -591.0 -606.0 -617.0 
-605.0 -611.0 -595.0 -572.0 -561.0 -544.0 -542.0 
-536.0 -538.0 -539.0 -541.0 -549.0 -554.0 -553.0 
-561.0 -565.0 -543.0 -538.0 -522.0 -518.0 -498.0 
-471.0 -485.0 -479.0 -472.0 -475.0 -471.0 -472.0 
-470.0 -482.0 -476.0 -455.0 -443.0 -435.0 -446.0 
-437.0 -438.0 -448.0 -459.0 -498.0 -516.0 -521.0 
-524.0 -528.0 -520.0 -497.0 -474.0 -446.0 -424.0 
-404.0 -381.0 -375.0 -376.0 -384.0 -390.0 -389.0 
-404.0 -409.0 -412.0 -427.0 -424.0 -424.0 -434.0 
-434.0 -442.0 -449.0 -440.0 -433.0 -426.0 -426.0 
-426.0 -426.0 -437.0 -452.0 -461.0 -462.0 -468.0 
-469.0 -466.0 -465.0 -476.0 -477.0 -487.0 -506.0 
-497.0 -508.0 -505.0 -495.0 -503.0 -493.0 -493.0 
-498.0 -505.0 -501.0 -487.0 -463.0 -416.0 -405.0 
-382.0 -346.0 -338.0 -316.0 -311.0 -301.0 -282.0 
-286.0 -290.0 -324.0 -346.0 -361.0 -397.0 -407.0 
-427.0 -444.0 -456.0 -476.0 -478.0 -488.0 -495.0 
-494.0 -497.0 -497.0 -488.0 -480.0 -482.0 -494.0 
-496.0 -500.0 -506.0 -483.0 -462.0 -435.0 -406.0 
-382.0 -352.0 -329.0 -313.0 -293.0 -272.0 -274.0 
-268.0 -253.0 -248.0 -248.0 -236.0 -237.0 -248.0 
-258.0 -281.0 -296.0 -314.0 -337.0 -361.0 -381.0 
-406.0 -423.0 -441.0 -470.0 -486.0 -506.0 -514.0 
-505.0 -498.0 -484.0 -466.0 -453.0 -445.0 -431.0 
-438.0 -460.0 -475.0 -495.0 -521.0 -549.0 -564.0 
-559.0 -560.0 -562.0 -540.0 -521.0 -505.0 -477.0 
-449.0 -416.0 -390.0 -366.0 -331.0 -305.0 -291.0 
-272.0 -238.0 -216.0 -215.0 -208.0 -202.0 -197.0 
-203.0 -212.0 -230.0 -257.0 -267.0 -294.0 -324.0 
-358.0 -387.0 -405.0 -430.0 -454.0 -479.0 -494.0 
-505.0 -505.0 -489.0 -460.0 -430.0 -404.0 -395.0 
-389.0 -371.0 -363.0 -360.0 -362.0 -370.0 -389.0 
-410.0 -419.0 -436.0 -447.0 -445.0 -437.0 -428.0 
-418.0 -405.0 -399.0 -386.0 -382.0 -383.0 -389.0 
-388.0 -376.0 -381.0 -381.0 -373.0 -369.0 -365.0 
-366.0 -357.0 -336.0 -319.0 -298.0 -282.0 -260.0 
-235.0 -211.0 -187.0 -162.0 -136.0 -124.0 -106.0 
-92.0 -97.0 -100.0 -98.0 -101.0 -103.0 -121.0 
-126.0 -127.0 -144.0 -138.0 -142.0 -142.0 -133.0 
-138.0 -147.0 -162.0 -173.0 -200.0 -230.0 -252.0 
-285.0 -312.0 -333.0 -362.0 -377.0 -382.0 -393.0 
-386.0 -399.0 -403.0 -400.0 -421.0 -426.0 -444.0 
-457.0 -468.0 -483.0 -477.0 -484.0 -496.0 -484.0 
-469.0 -450.0 -428.0 -421.0 -396.0 -365.0 -345.0 
-320.0 -300.0 -293.0 -288.0 -291.0 -295.0 -318.0 
-344.0 -369.0 -398.0 -402.0 -420.0 -438.0 -448.0 
-445.0 -437.0 -435.0 -415.0 -398.0 -385.0 -352.0 
-319.0 -279.0 -238.0 -204.0 -164.0 -149.0 -124.0 
-128.0 -148.0 -156.0 -189.0 -210.0 -224.0 -244.0 
-272.0 -281.0 -304.0 -315.0 -315.0 -334.0 -322.0 
-309.0 -303.0 -304.0 -273.0 -257.0 -256.0 -236.0 
-245.0 -237.0 -240.0 -238.0 -238.0 -233.0 -225.0 
-242.0 -238.0 -248.0 -264.0 -274.0 -288.0 -307.0 
-315.0 -314.0 -313.0 -315.0 -333.0 -334.0 -335.0 
-326.0 -328.0 -311.0 -314.0 -313.0 -288.0 -299.0 
-285.0 -292.0 -310.0 -315.0 -311.0 -327.0 -330.0 
-331.0 -347.0 -339.0 -340.0 -336.0 -344.0 -330.0 
-335.0 -320.0 -295.0 -302.0 -270.0 -255.0 -249.0 
-221.0 -202.0 -176.0 -144.0 -128.0 -83.0 -49.0 
-7.0 28.0 43.0 68.0 58.0 42.0 15.0 
-17.0 -42.0 -77.0 -106.0 -121.0 -145.0 -146.0 
-141.0 -141.0 -123.0 -112.0 -102.0 -94.0 -84.0 
-80.0 -77.0 -65.0 -66.0 -60.0 -62.0 -90.0 
-106.0 -137.0 -182.0 -212.0 -235.0 -259.0 -265.0 
-269.0 -280.0 -281.0 -299.0 -304.0 -304.0 -305.0 
-303.0 -314.0 -319.0 -324.0 -313.0 -312.0 -317.0 
-303.0 -306.0 -287.0 -266.0 -256.0 -224.0 -214.0 
-190.0 -160.0 -139.0 -115.0 -102.0 -80.0 -69.0 
-59.0 -55.0 -65.0 -62.0 -66.0 -81.0 -91.0 
-109.0 -119.0 -127.0 -130.0 -134.0 -144.0 -148.0 
-160.0 -165.0 -186.0 -197.0 -198.0 -210.0 -211.0 
-221.0 -225.0 -215.0 -209.0 -206.0 -191.0 -167.0 
-143.0 -120.0 -81.0 -55.0 -40.0 -10.0 3.0 
14.0 19.0 23.0 27.0 13.0 9.0 5.0 
-5.0 -9.0 -18.0 -17.0 -29.0 -46.0 -59.0 
-95.0 -119.0 -146.0 -173.0 -198.0 -237.0 -270.0 
-299.0 -324.0 -340.0 -355.0 -383.0 -391.0 -399.0 
-405.0 -390.0 -377.0 -348.0 -321.0 -290.0 -250.0 
-216.0 -181.0 -159.0 -132.0 -107.0 -96.0 -78.0 
-62.0 -58.0 -63.0 -76.0 -106.0 -122.0 -144.0 
-182.0 -208.0 -242.0 -259.0 -270.0 -277.0 -283.0 
-289.0 -277.0 -270.0 -254.0 -241.0 -229.0 -210.0 
-193.0 -179.0 -170.0 -157.0 -143.0 -131.0 -113.0 
-85.0 -52.0 -18.0 17.0 47.0 69.0 76.0 
81.0 86.0 81.0 85.0 77.0 65.0 67.0 
47.0 38.0 30.0 13.0 3.0 -26.0 -35.0 
-57.0 -73.0 -64.0 -79.0 -66.0 -59.0 -60.0 
-38.0 -35.0 -21.0 0.0 9.0 31.0 40.0 
34.0 44.0 34.0 32.0 36.0 17.0 18.0 
-3.0 -33.0 -46.0 -69.0 -84.0 -114.0 -139.0 
-154.0 -184.0 -192.0 -206.0 -231.0 -231.0 -239.0 
-251.0 -250.0 -255.0 -254.0 -256.0 -262.0 -261.0 
-265.0 -253.0 -245.0 -249.0 -235.0 -225.0 -215.0 
-211.0 -217.0 -224.0 -229.0 -224.0 -219.0 -219.0 
-213.0 -192.0 -185.0 -182.0 -189.0 -197.0 -194.0 
-204.0 -206.0 -220.0 -230.0 -223.0 -227.0 -228.0 
-221.0 -222.0 -221.0 -211.0 -201.0 -193.0 -184.0 
-179.0 -175.0 -172.0 -183.0 -185.0 -187.0 -187.0 
-164.0 -150.0 -137.0 -125.0 -122.0 -120.0 -120.0 
-117.0 -127.0 -127.0 -136.0 -156.0 -159.0 -169.0 
-163.0 -169.0 -175.0 -160.0 -145.0 -116.0 -86.0 
-59.0 -31.0 -6.0 15.0 33.0 25.0 17.0 
29.0 24.0 19.0 20.0 2.0 3.0 -6.0 
-21.0 -19.0 -26.0 -22.0 -37.0 -38.0 -50.0 
-74.0 -84.0 -120.0 -135.0 -161.0 -182.0 -193.0 
-228.0 -251.0 -273.0 -300.0 -324.0 -331.0 -346.0 
-351.0 -347.0 -329.0 -304.0 -295.0 -268.0 -237.0 
-210.0 -187.0 -159.0 -134.0 -114.0 -98.0 -85.0 
-75.0 -71.0 -71.0 -64.0 -65.0 -76.0 -78.0 
-100.0 -119.0 -136.0 -160.0 -185.0 -209.0 -233.0 
-260.0 -261.0 -270.0 -281.0 -279.0 -279.0 -265.0 
-247.0 -222.0 -202.0 -184.0 -148.0 -114.0 -84.0 
-53.0 -29.0 0.0 25.0 53.0 76.0 77.0 
76.0 73.0 75.0 78.0 78.0 72.0 75.0 
73.0 73.0 83.0 82.0 86.0 89.0 100.0 
108.0 91.0 86.0 71.0 44.0 31.0 6.0 
-27.0 -49.0 -64.0 -82.0 -93.0 -94.0 -95.0 
-99.0 -107.0 -98.0 -91.0 -90.0 -93.0 -100.0 
-103.0 -111.0 -109.0 -114.0 -112.0 -112.0 -112.0 
-89.0 -83.0 -68.0 -54.0 -44.0 -24.0 -20.0 
-14.0 -10.0 -6.0 -8.0 -17.0 -27.0 -35.0 
-39.0 -53.0 -65.0 -77.0 -88.0 -92.0 -85.0 
-90.0 -91.0 -78.0 -86.0 -88.0 -95.0 -115.0 
-125.0 -132.0 -151.0 -158.0 -156.0 -146.0 -128.0 
-108.0 -82.0 -63.0 -31.0 -11.0 0.0 4.0 
7.0 17.0 1.0 -18.0 -41.0 -50.0 -47.0 
-49.0 -45.0 -44.0 -30.0 -18.0 -20.0 -14.0 
-9.0 -27.0 -59.0 -95.0 -130.0 -150.0 -171.0 
-187.0 -187.0 -180.0 -168.0 -154.0 -125.0 -99.0 
-86.0 -63.0 -50.0 -35.0 -15.0 -10.0 9.0 
30.0 35.0 47.0 57.0 76.0 102.0 104.0 
118.0 122.0 104.0 106.0 102.0 91.0 77.0 
65.0 53.0 35.0 29.0 13.0 -4.0 -12.0 
-28.0 -53.0 -66.0 -71.0 -87.0 -95.0 -97.0 
-96.0 -90.0 -78.0 -71.0 -61.0 -39.0 -20.0 
-7.0 3.0 19.0 31.0 40.0 54.0 65.0 
76.0 86.0 85.0 76.0 63.0 40.0 19.0 
-2.0 -27.0 -59.0 -85.0 -113.0 -131.0 -144.0 
-169.0 -170.0 -173.0 -182.0 -184.0 -192.0 -188.0 
-185.0 -183.0 -163.0 -138.0 -120.0 -102.0 -83.0 
-79.0 -65.0 -45.0 -28.0 0.0 21.0 42.0 
54.0 66.0 84.0 91.0 91.0 92.0 87.0 
78.0 56.0 28.0 9.0 -13.0 -30.0 -33.0 
-47.0 -46.0 -33.0 -36.0 -15.0 -1.0 3.0 
8.0 -3.0 -2.0 -11.0 -24.0 -23.0 -18.0 
-11.0 -13.0 -15.0 -27.0 -33.0 -42.0 -48.0 
-46.0 -58.0 -63.0 -73.0 -77.0 -72.0 -67.0 
-63.0 -54.0 -40.0 -34.0 -26.0 -27.0 -25.0 
-30.0 -40.0 -51.0 -67.0 -76.0 -92.0 -102.0 
-112.0 -121.0 -120.0 -116.0 -115.0 -107.0 -89.0 
-80.0 -73.0 -63.0 -64.0 -65.0 -66.0 -76.0 
-81.0 -78.0 -82.0 -84.0 -84.0 -72.0 -62.0 
-46.0 -22.0 -14.0 12.0 32.0 35.0 57.0 
68.0 78.0 89.0 75.0 72.0 47.0 23.0 
3.0 -31.0 -44.0 -64.0 -78.0 -96.0 -106.0 
-110.0 -121.0 -131.0 -136.0 -132.0 -130.0 -121.0 
-100.0 -74.0 -55.0 -36.0 -20.0 2.0 24.0 
34.0 50.0 64.0 74.0 81.0 88.0 103.0 
101.0 106.0 120.0 115.0 111.0 98.0 85.0 
69.0 53.0 48.0 40.0 28.0 9.0 -6.0 
-13.0 -21.0 -18.0 -13.0 -8.0 -3.0 -4.0 
5.0 17.0 27.0 40.0 57.0 78.0 87.0 
100.0 113.0 116.0 116.0 119.0 126.0 126.0 
132.0 140.0 145.0 153.0 151.0 151.0 149.0 
144.0 147.0 136.0 125.0 117.0 95.0 80.0 
67.0 56.0 46.0 37.0 39.0 33.0 43.0 
55.0 55.0 76.0 88.0 97.0 111.0 121.0 
134.0 141.0 151.0 146.0 139.0 130.0 116.0 
118.0 103.0 93.0 92.0 81.0 65.0 50.0 
41.0 30.0 36.0 38.0 38.0 48.0 50.0 
50.0 54.0 64.0 66.0 64.0 65.0 60.0 
60.0 53.0 40.0 28.0 21.0 16.0 12.0 
11.0 8.0 9.0 12.0 12.0 2.0 -6.0 
-11.0 -30.0 -37.0 -53.0 -70.0 -61.0 -76.0 
-80.0 -62.0 -57.0 -47.0 -21.0 -2.0 14.0 
40.0 50.0 59.0 55.0 64.0 81.0 79.0 
94.0 101.0 117.0 141.0 147.0 170.0 188.0 
201.0 239.0 249.0 255.0 273.0 269.0 273.0 
267.0 253.0 254.0 235.0 217.0 198.0 166.0 
148.0 126.0 109.0 108.0 88.0 83.0 76.0 
49.0 55.0 28.0 6.0 6.0 -23.0 -14.0 
-19.0 -10.0 14.0 10.0 35.0 46.0 68.0 
102.0 122.0 147.0 165.0 190.0 202.0 192.0 
198.0 200.0 184.0 166.0 138.0 113.0 89.0 
61.0 42.0 24.0 6.0 -1.0 -3.0 -13.0 
-24.0 -18.0 -18.0 -13.0 -7.0 -26.0 -29.0 
-39.0 -38.0 -41.0 -56.0 -33.0 -29.0 -12.0 
13.0 21.0 53.0 74.0 96.0 116.0 128.0 
141.0 138.0 138.0 134.0 121.0 112.0 105.0 
102.0 102.0 101.0 111.0 114.0 101.0 99.0 
93.0 88.0 87.0 90.0 104.0 107.0 125.0 
142.0 142.0 150.0 157.0 166.0 165.0 172.0 
177.0 174.0 172.0 175.0 179.0 174.0 192.0 
213.0 238.0 266.0 291.0 318.0 336.0 356.0 
354.0 342.0 348.0 339.0 331.0 327.0 316.0 
320.0 302.0 279.0 257.0 230.0 212.0 190.0 
168.0 142.0 123.0 105.0 83.0 64.0 35.0 
18.0 3.0 -23.0 -31.0 -20.0 -7.0 4.0 
30.0 53.0 72.0 81.0 89.0 121.0 136.0 
141.0 160.0 174.0 180.0 177.0 174.0 169.0 
162.0 154.0 142.0 125.0 112.0 97.0 68.0 
54.0 44.0 33.0 33.0 28.0 34.0 43.0 
60.0 86.0 114.0 143.0 167.0 203.0 241.0 
266.0 298.0 326.0 338.0 350.0 356.0 368.0 
384.0 388.0 390.0 406.0 409.0 410.0 417.0 
406.0 395.0 376.0 357.0 337.0 317.0 291.0 
251.0 229.0 212.0 189.0 166.0 162.0 161.0 
153.0 157.0 156.0 162.0 176.0 182.0 187.0 
190.0 196.0 193.0 188.0 191.0 188.0 180.0 
172.0 161.0 145.0 125.0 109.0 99.0 87.0 
88.0 79.0 73.0 75.0 80.0 96.0 106.0 
114.0 125.0 138.0 143.0 153.0 152.0 157.0 
176.0 187.0 195.0 202.0 214.0 222.0 231.0 
235.0 236.0 242.0 258.0 274.0 280.0 294.0 
302.0 305.0 328.0 339.0 342.0 354.0 366.0 
368.0 373.0 386.0 383.0 381.0 378.0 376.0 
378.0 375.0 370.0 365.0 365.0 366.0 367.0 
374.0 375.0 361.0 348.0 341.0 331.0 324.0 
322.0 325.0 336.0 345.0 349.0 363.0 377.0 
395.0 406.0 417.0 423.0 408.0 411.0 405.0 
386.0 378.0 360.0 346.0 338.0 321.0 295.0 
283.0 279.0 264.0 258.0 256.0 247.0 237.0 
230.0 218.0 211.0 206.0 184.0 169.0 168.0 
164.0 176.0 194.0 203.0 214.0 228.0 246.0 
253.0 265.0 274.0 291.0 323.0 332.0 353.0 
374.0 378.0 394.0 392.0 392.0 392.0 383.0 
376.0 366.0 369.0 366.0 366.0 369.0 363.0 
358.0 357.0 352.0 353.0 354.0 359.0 370.0 
381.0 386.0 386.0 398.0 400.0 406.0 409.0 
408.0 410.0 403.0 405.0 392.0 382.0 388.0 
375.0 362.0 362.0 357.0 358.0 359.0 349.0 
349.0 345.0 337.0 330.0 321.0 319.0 304.0 
291.0 280.0 270.0 263.0 241.0 225.0 219.0 
209.0 202.0 197.0 205.0 211.0 213.0 227.0 
243.0 270.0 297.0 328.0 357.0 371.0 397.0 
404.0 407.0 419.0 412.0 393.0 376.0 355.0 
337.0 337.0 328.0 315.0 313.0 317.0 322.0 
309.0 294.0 285.0 277.0 277.0 266.0 260.0 
269.0 288.0 309.0 324.0 351.0 379.0 406.0 
428.0 447.0 473.0 493.0 500.0 506.0 532.0 
536.0 535.0 550.0 550.0 555.0 556.0 557.0 
558.0 555.0 534.0 519.0 507.0 484.0 478.0 
450.0 438.0 451.0 435.0 427.0 422.0 417.0 
417.0 391.0 377.0 376.0 375.0 381.0 387.0 
408.0 420.0 432.0 442.0 438.0 450.0 447.0 
444.0 448.0 449.0 459.0 453.0 449.0 458.0 
457.0 447.0 445.0 442.0 447.0 440.0 418.0 
421.0 422.0 417.0 416.0 403.0 388.0 378.0 
364.0 351.0 341.0 343.0 338.0 323.0 327.0 
325.0 317.0 323.0 329.0 337.0 364.0 383.0 
392.0 407.0 419.0 433.0 436.0 434.0 426.0 
406.0 387.0 370.0 341.0 315.0 288.0 260.0 
261.0 254.0 256.0 261.0 258.0 276.0 277.0 
272.0 266.0 264.0 275.0 279.0 286.0 299.0 
310.0 318.0 328.0 347.0 360.0 369.0 382.0 
391.0 399.0 400.0 401.0 410.0 408.0 407.0 
417.0 428.0 438.0 441.0 449.0 453.0 458.0 
479.0 495.0 505.0 527.0 557.0 585.0 607.0 
611.0 611.0 610.0 599.0 597.0 592.0 591.0 
597.0 591.0 598.0 608.0 611.0 607.0 598.0 
609.0 606.0 593.0 586.0 569.0 557.0 541.0 
519.0 509.0 502.0 481.0 469.0 475.0 471.0 
476.0 488.0 496.0 514.0 524.0 510.0 497.0 
492.0 474.0 468.0 458.0 436.0 425.0 411.0 
408.0 411.0 411.0 423.0 428.0 446.0 457.0 
451.0 455.0 445.0 439.0 433.0 420.0 412.0 
397.0 389.0 375.0 367.0 363.0 352.0 343.0 
332.0 335.0 348.0 362.0 382.0 400.0 424.0 
450.0 469.0 492.0 512.0 529.0 546.0 552.0 
557.0 567.0 572.0 570.0 569.0 569.0 567.0 
561.0 563.0 566.0 560.0 559.0 556.0 542.0 
523.0 494.0 459.0 436.0 413.0 381.0 359.0 
343.0 336.0 336.0 342.0 351.0 361.0 383.0 
396.0 422.0 442.0 447.0 460.0 485.0 505.0 
509.0 519.0 523.0 536.0 542.0 541.0 545.0 
541.0 538.0 531.0 518.0 500.0 482.0 469.0 
460.0 463.0 462.0 453.0 458.0 459.0 452.0 
457.0 456.0 459.0 463.0 465.0 472.0 474.0 
479.0 489.0 490.0 489.0 492.0 487.0 481.0 
474.0 470.0 466.0 459.0 460.0 459.0 459.0 
463.0 471.0 503.0 533.0 553.0 587.0 613.0 
631.0 653.0 651.0 642.0 634.0 603.0 570.0 
531.0 490.0 456.0 410.0 368.0 339.0 323.0 
306.0 290.0 288.0 287.0 297.0 308.0 327.0 
351.0 365.0 380.0 388.0 401.0 421.0 424.0 
437.0 452.0 460.0 466.0 455.0 452.0 448.0 
442.0 453.0 444.0 447.0 459.0 450.0 463.0 
478.0 488.0 484.0 489.0 509.0 515.0 532.0 
542.0 564.0 579.0 573.0 561.0 556.0 550.0 
523.0 521.0 524.0 520.0 517.0 512.0 523.0 
534.0 537.0 555.0 582.0 597.0 613.0 625.0 
635.0 652.0 666.0 665.0 651.0 640.0 615.0 
593.0 570.0 539.0 527.0 505.0 496.0 497.0 
486.0 491.0 488.0 474.0 471.0 466.0 452.0 
437.0 415.0 410.0 410.0 396.0 386.0 381.0 
383.0 375.0 369.0 383.0 380.0 378.0 378.0 
372.0 384.0 389.0 390.0 406.0 418.0 433.0 
437.0 447.0 466.0 471.0 481.0 479.0 474.0 
478.0 473.0 459.0 449.0 457.0 464.0 466.0 
468.0 475.0 492.0 503.0 509.0 516.0 531.0 
541.0 545.0 562.0 566.0 579.0 595.0 588.0 
602.0 605.0 598.0 596.0 583.0 573.0 553.0 
547.0 541.0 534.0 533.0 522.0 520.0 514.0 
515.0 520.0 517.0 534.0 552.0 553.0 557.0 
570.0 574.0 569.0 573.0 576.0 575.0 568.0 
572.0 575.0 559.0 549.0 533.0 527.0 513.0 
482.0 464.0 432.0 411.0 393.0 365.0 358.0 
342.0 334.0 339.0 343.0 344.0 338.0 342.0 
344.0 346.0 365.0 382.0 403.0 429.0 451.0 
477.0 490.0 514.0 531.0 543.0 551.0 545.0 
552.0 543.0 525.0 517.0 508.0 495.0 483.0 
466.0 443.0 422.0 398.0 380.0 368.0 368.0 
367.0 362.0 385.0 418.0 444.0 468.0 493.0 
515.0 534.0 549.0 560.0 574.0 585.0 600.0 
615.0 622.0 624.0 628.0 627.0 618.0 606.0 
585.0 575.0 569.0 560.0 559.0 557.0 560.0 
560.0 564.0 570.0 568.0 574.0 574.0 570.0 
575.0 582.0 600.0 600.0 587.0 587.0 583.0 
575.0 568.0 553.0 552.0 546.0 527.0 527.0 
523.0 525.0 510.0 487.0 471.0 434.0 398.0 
356.0 333.0 316.0 305.0 303.0 285.0 285.0 
302.0 317.0 337.0 354.0 376.0 394.0 398.0 
405.0 422.0 443.0 448.0 460.0 477.0 484.0 
488.0 477.0 479.0 476.0 471.0 477.0 477.0 
484.0 495.0 506.0 522.0 516.0 501.0 502.0 
487.0 475.0 464.0 446.0 455.0 448.0 453.0 
465.0 465.0 489.0 493.0 500.0 521.0 541.0 
556.0 564.0 574.0 578.0 581.0 585.0 589.0 
595.0 600.0 603.0 617.0 628.0 634.0 646.0 
649.0 651.0 646.0 628.0 607.0 579.0 546.0 
507.0 479.0 448.0 424.0 408.0 392.0 394.0 
380.0 372.0 374.0 361.0 355.0 355.0 354.0 
355.0 370.0 390.0 415.0 431.0 451.0 488.0 
506.0 535.0 561.0 571.0 594.0 601.0 602.0 
609.0 607.0 602.0 581.0 564.0 553.0 534.0 
524.0 502.0 495.0 492.0 479.0 489.0 479.0 
470.0 468.0 454.0 448.0 444.0 453.0 460.0 
468.0 477.0 480.0 490.0 501.0 521.0 540.0 
551.0 565.0 577.0 584.0 581.0 579.0 586.0 
584.0 577.0 582.0 585.0 591.0 598.0 597.0 
592.0 576.0 583.0 586.0 574.0 582.0 589.0 
585.0 576.0 574.0 573.0 554.0 541.0 531.0 
519.0 509.0 513.0 528.0 532.0 543.0 546.0 
552.0 573.0 571.0 598.0 641.0 650.0 679.0 
689.0 684.0 692.0 675.0 674.0 678.0 659.0 
653.0 653.0 644.0 636.0 608.0 585.0 564.0 
532.0 511.0 474.0 444.0 412.0 376.0 360.0 
333.0 317.0 312.0 303.0 312.0 313.0 308.0 
301.0 300.0 305.0 299.0 308.0 304.0 301.0 
312.0 303.0 296.0 300.0 310.0 320.0 314.0 
308.0 306.0 299.0 291.0 292.0 289.0 292.0 
303.0 294.0 301.0 315.0 311.0 331.0 351.0 
368.0 398.0 415.0 438.0 458.0 477.0 510.0 
531.0 555.0 571.0 585.0 598.0 598.0 604.0 
604.0 598.0 608.0 608.0 590.0 597.0 592.0 
594.0 608.0 600.0 611.0 617.0 611.0 615.0 
628.0 626.0 640.0 669.0 683.0 711.0 720.0 
720.0 722.0 718.0 703.0 680.0 673.0 656.0 
633.0 603.0 578.0 553.0 526.0 499.0 472.0 
456.0 440.0 437.0 442.0 448.0 450.0 451.0 
466.0 482.0 487.0 500.0 515.0 522.0 527.0 
531.0 529.0 504.0 495.0 477.0 456.0 463.0 
446.0 446.0 437.0 417.0 408.0 374.0 353.0 
332.0 304.0 268.0 236.0 218.0 180.0 157.0 
143.0 138.0 134.0 133.0 153.0 165.0 180.0 
187.0 202.0 225.0 235.0 252.0 271.0 287.0 
307.0 314.0 324.0 354.0 367.0 386.0 410.0 
445.0 476.0 489.0 526.0 546.0 561.0 573.0 
593.0 612.0 616.0 638.0 650.0 649.0 647.0 
652.0 652.0 637.0 638.0 617.0 604.0 601.0 
594.0 609.0 603.0 609.0 627.0 633.0 658.0 
659.0 655.0 671.0 660.0 657.0 653.0 625.0 
612.0 605.0 595.0 597.0 595.0 592.0 579.0 
569.0 580.0 560.0 542.0 533.0 513.0 515.0 
505.0 490.0 482.0 470.0 470.0 451.0 432.0 
431.0 406.0 392.0 392.0 369.0 365.0 359.0 
347.0 341.0 323.0 299.0 268.0 253.0 244.0 
224.0 210.0 210.0 197.0 186.0 182.0 168.0 
164.0 148.0 160.0 167.0 159.0 183.0 183.0 
200.0 223.0 232.0 261.0 283.0 304.0 333.0 
357.0 379.0 402.0 425.0 451.0 458.0 477.0 
509.0 531.0 566.0 593.0 615.0 626.0 620.0 
619.0 609.0 597.0 593.0 594.0 586.0 579.0 
581.0 574.0 586.0 604.0 620.0 651.0 656.0 
670.0 681.0 691.0 702.0 704.0 722.0 717.0 
717.0 722.0 702.0 698.0 686.0 662.0 650.0 
634.0 609.0 585.0 557.0 529.0 511.0 500.0 
488.0 461.0 453.0 437.0 412.0 404.0 370.0 
367.0 360.0 335.0 327.0 306.0 290.0 266.0 
250.0 234.0 214.0 200.0 189.0 185.0 184.0 
185.0 184.0 185.0 176.0 186.0 204.0 204.0 
207.0 214.0 233.0 242.0 244.0 253.0 254.0 
265.0 279.0 278.0 280.0 286.0 286.0 291.0 
294.0 290.0 283.0 273.0 265.0 257.0 259.0 
255.0 246.0 245.0 253.0 282.0 312.0 337.0 
386.0 442.0 477.0 519.0 567.0 595.0 622.0 
644.0 657.0 666.0 658.0 645.0 631.0 608.0 
583.0 565.0 557.0 550.0 542.0 541.0 543.0 
536.0 538.0 526.0 507.0 506.0 494.0 487.0 
473.0 480.0 494.0 492.0 523.0 526.0 526.0 
535.0 519.0 516.0 497.0 483.0 482.0 461.0 
441.0 422.0 386.0 349.0 312.0 281.0 264.0 
229.0 218.0 214.0 213.0 225.0 222.0 243.0 
253.0 252.0 283.0 293.0 297.0 316.0 321.0 
323.0 336.0 339.0 342.0 353.0 349.0 368.0 
386.0 377.0 394.0 404.0 401.0 397.0 392.0 
396.0 381.0 363.0 364.0 347.0 330.0 333.0 
314.0 304.0 288.0 267.0 268.0 248.0 260.0 
272.0 277.0 308.0 319.0 347.0 379.0 392.0 
418.0 454.0 470.0 479.0 507.0 524.0 544.0 
551.0 548.0 550.0 528.0 526.0 501.0 465.0 
451.0 417.0 390.0 351.0 324.0 293.0 260.0 
245.0 220.0 215.0 194.0 171.0 157.0 133.0 
129.0 115.0 114.0 121.0 118.0 135.0 142.0 
156.0 171.0 178.0 205.0 229.0 253.0 274.0 
302.0 332.0 344.0 363.0 373.0 390.0 408.0 
403.0 414.0 416.0 411.0 424.0 416.0 415.0 
425.0 419.0 428.0 429.0 416.0 425.0 428.0 
420.0 416.0 412.0 394.0 388.0 394.0 378.0 
375.0 378.0 370.0 365.0 359.0 362.0 364.0 
356.0 348.0 356.0 365.0 367.0 384.0 407.0 
423.0 447.0 468.0 476.0 490.0 486.0 470.0 
465.0 450.0 430.0 419.0 418.0 407.0 397.0 
397.0 400.0 380.0 362.0 356.0 344.0 328.0 
295.0 283.0 267.0 235.0 228.0 215.0 182.0 
179.0 187.0 171.0 174.0 194.0 229.0 261.0 
289.0 326.0 373.0 419.0 435.0 463.0 510.0 
533.0 539.0 563.0 564.0 559.0 566.0 551.0 
546.0 531.0 514.0 505.0 487.0 463.0 447.0 
438.0 421.0 404.0 387.0 370.0 349.0 316.0 
301.0 287.0 267.0 253.0 240.0 249.0 258.0 
259.0 280.0 302.0 311.0 335.0 363.0 382.0 
385.0 389.0 401.0 389.0 385.0 390.0 384.0 
374.0 377.0 384.0 388.0 398.0 393.0 398.0 
404.0 403.0 393.0 381.0 368.0 343.0 322.0 
298.0 271.0 243.0 216.0 212.0 195.0 187.0 
201.0 205.0 225.0 239.0 250.0 272.0 271.0 
263.0 260.0 260.0 255.0 253.0 254.0 261.0 
272.0 282.0 286.0 285.0 295.0 293.0 299.0 
304.0 294.0 306.0 317.0 319.0 329.0 337.0 
334.0 335.0 341.0 329.0 326.0 334.0 338.0 
363.0 367.0 378.0 403.0 419.0 438.0 442.0 
458.0 457.0 460.0 476.0 468.0 461.0 462.0 
455.0 447.0 