-26346.0 -27008.0 -27012.0 -26770.0 -27135.0 -26920.0 -26907.0 
-26868.0 -27352.0 -26725.0 -27177.0 -26974.0 -27054.0 -27132.0 
-27218.0 -27209.0 -26744.0 -27266.0 -26857.0 -27254.0 -27368.0 
-26888.0 -27254.0 -26869.0 -27434.0 -27244.0 -27405.0 -27159.0 
-27341.0 -27500.0 -27300.0 -27491.0 -27280.0 -27421.0 -27350.0 
-27452.0 -27365.0 -27484.0 -27394.0 -27388.0 -27250.0 -27220.0 
-27473.0 -27327.0 -27062.0 -27641.0 -27014.0 -27266.0 -27296.0 
-27395.0 -27150.0 -27072.0 -27394.0 -26821.0 -27333.0 -27004.0 
-27012.0 -27031.0 -26827.0 -27122.0 -27266.0 -27055.0 -27028.0 
-27534.0 -26728.0 -27060.0 -27516.0 -26643.0 -27043.0 -27312.0 
-26986.0 -27055.0 -27376.0 -27087.0 -27316.0 -26965.0 -26985.0 
-27193.0 -27106.0 -27003.0 -27338.0 -26922.0 -27226.0 -27437.0 
-27201.0 -27396.0 -27312.0 -27434.0 -27002.0 -27542.0 -27225.0 
-27126.0 -27219.0 -27160.0 -27110.0 -26832.0 -27305.0 -26595.0 
-26711.0 -26468.0 -26900.0 -26595.0 -26455.0 -27103.0 -26434.0 
-26837.0 -26803.0 -26841.0 -26761.0 -26839.0 -26544.0 -26984.0 
-26617.0 -27010.0 -27046.0 -26930.0 -26866.0 -27274.0 -27134.0 
-26867.0 -27304.0 -26962.0 -27280.0 -27046.0 -27156.0 -26950.0 
-26948.0 -27119.0 -26710.0 -26916.0 -27182.0 -26636.0 -26850.0 
-26706.0 -26281.0 -26507.0 -26106.0 -26138.0 -26179.0 -25791.0 
-26213.0 -26185.0 -25875.0 -26127.0 -26387.0 -25979.0 -26280.0 
-26399.0 -26268.0 -26160.0 -26491.0 -26277.0 -25842.0 -26071.0 
-26435.0 -25681.0 -25884.0 -26052.0 -26067.0 -25956.0 -25819.0 
-26141.0 -25887.0 -25879.0 -25855.0 -25943.0 -25675.0 -25844.0 
-26032.0 -25791.0 -25722.0 -26137.0 -25908.0 -25811.0 -26005.0 
-26084.0 -25885.0 -25982.0 -26150.0 -26229.0 -25967.0 -26231.0 
-26016.0 -26152.0 -26287.0 -25986.0 -26462.0 -26238.0 -26149.0 
-26352.0 -25963.0 -25973.0 -26324.0 -25915.0 -26134.0 -26032.0 
-26205.0 -26238.0 -26209.0 -26492.0 -26225.0 -26524.0 -26320.0 
-26424.0 -26349.0 -26656.0 -26398.0 -26436.0 -26355.0 -26194.0 
-26340.0 -26286.0 -26294.0 -26204.0 -26701.0 -26103.0 -26634.0 
-26612.0 -26393.0 -26648.0 -26588.0 -26598.0 -26527.0 -26568.0 
-26795.0 -26580.0 -26553.0 -26826.0 -26516.0 -26703.0 -26698.0 
-26660.0 -26631.0 -26704.0 -26618.0 -26651.0 -26541.0 -26413.0 
-26348.0 -26185.0 -26475.0 -25870.0 -25999.0 -25800.0 -25889.0 
-25878.0 -25780.0 -25828.0 -25958.0 -26099.0 -25849.0 -26220.0 
-25883.0 -26101.0 -25991.0 -25880.0 -25922.0 -25982.0 -26048.0 
-26256.0 -26048.0 -26242.0 -26205.0 -26216.0 -26324.0 -26341.0 
-26383.0 -26619.0 -26655.0 -26701.0 -26656.0 -26906.0 -26749.0 
-26597.0 -26862.0 -26742.0 -26818.0 -26875.0 -26743.0 -27052.0 
-26679.0 -27066.0 -26914.0 -26717.0 -27149.0 -26692.0 -27000.0 
-27245.0 -26702.0 -26963.0 -27012.0 -27282.0 -27116.0 -26992.0 
-27559.0 -26899.0 -27294.0 -27253.0 -27168.0 -27396.0 -27336.0 
-27541.0 -27584.0 -27584.0 -27896.0 -27775.0 -27938.0 -27844.0 
-28059.0 -27955.0 -28177.0 -27975.0 -28085.0 -27986.0 -28053.0 
-28130.0 -27898.0 -28257.0 -28069.0 -28262.0 -28212.0 -28307.0 
-28505.0 -28187.0 -28442.0 -28214.0 -27968.0 -28096.0 -27982.0 
-27875.0 -27833.0 -27919.0 -27771.0 -27729.0 -27860.0 -27507.0 
-28025.0 -27497.0 -27824.0 -27833.0 -27262.0 -27921.0 -27353.0 
-27502.0 -27479.0 -27790.0 -27289.0 -27712.0 -27361.0 -27572.0 
-27464.0 -27406.0 -27225.0 -27336.0 -27145.0 -27062.0 -27118.0 
-26677.0 -27173.0 -26949.0 -27035.0 -27152.0 -26925.0 -26979.0 
-27044.0 -26851.0 -27139.0 -27029.0 -26947.0 -27162.0 -26968.0 
-27241.0 -27047.0 -26791.0 -27202.0 -26962.0 -27075.0 -26992.0 
-27036.0 -27043.0 -27163.0 -27177.0 -27154.0 -26918.0 -27437.0 
-27177.0 -27044.0 -27332.0 -27084.0 -27212.0 -27113.0 -27043.0 
-27157.0 -26909.0 -27224.0 -26624.0 -26841.0 -26856.0 -26611.0 
-26819.0 -26571.0 -26604.0 -26612.0 -26650.0 -26664.0 -26849.0 
-26537.0 -26673.0 -26402.0 -26585.0 -26213.0 -26400.0 -26236.0 
-26054.0 -26330.0 -26181.0 -26031.0 -26115.0 -26168.0 -26142.0 
-26234.0 -25762.0 -26088.0 -26316.0 -25781.0 -26130.0 -26111.0 
-26143.0 -26584.0 -26231.0 -27108.0 -26619.0 -26778.0 -27166.0 
-27023.0 -27230.0 -26977.0 -27269.0 -27324.0 -26920.0 -27034.0 
-27221.0 -26892.0 -27112.0 -27047.0 -26907.0 -26876.0 -26916.0 
-26838.0 -26765.0 -26687.0 -26640.0 -26671.0 -26603.0 -26636.0 
-26617.0 -26247.0 -26481.0 -26163.0 -26049.0 -26008.0 -25747.0 
-26123.0 -25544.0 -25914.0 -26018.0 -26170.0 -26210.0 -26359.0 
-26497.0 -26738.0 -26686.0 -27086.0 -26502.0 -26779.0 -26943.0 
-26837.0 -26798.0 -26442.0 -26786.0 -26605.0 -26659.0 -26607.0 
-26751.0 -26909.0 -26889.0 -26865.0 -26922.0 -26607.0 -27157.0 
-26881.0 -27193.0 -26862.0 -27214.0 -27290.0 -27060.0 -27099.0 
-27172.0 -26670.0 -27204.0 -26984.0 -26500.0 -26913.0 -26763.0 
-26704.0 -26721.0 -26456.0 -26490.0 -26619.0 -26510.0 -26357.0 
-26531.0 -26720.0 -26434.0 -26601.0 -26612.0 -26663.0 -26394.0 
-26754.0 -26353.0 -26680.0 -26422.0 -26320.0 -26776.0 -25939.0 
-26537.0 -26266.0 -25992.0 -26773.0 -25997.0 -26539.0 -26436.0 
-26027.0 -26653.0 -25945.0 -26215.0 -26023.0 -26168.0 -26075.0 
-26059.0 -25835.0 -26030.0 -26142.0 -25664.0 -26496.0 -25730.0 
-26256.0 -25911.0 -26107.0 -26213.0 -25996.0 -26446.0 -26216.0 
-25881.0 -26206.0 -26258.0 -26469.0 -25744.0 -26107.0 -26088.0 
-25872.0 -25825.0 -25633.0 -25731.0 -25371.0 -25986.0 -25853.0 
-25790.0 -26058.0 -25802.0 -26013.0 -25705.0 -25814.0 -26100.0 
-25206.0 -25701.0 -25186.0 -25521.0 -25242.0 -25468.0 -25722.0 
-25295.0 -25732.0 -25829.0 -25517.0 -25850.0 -25885.0 -25585.0 
-25656.0 -25490.0 -25605.0 -25488.0 -25324.0 -25747.0 -25362.0 
-25241.0 -25797.0 -25437.0 -25630.0 -25279.0 -25895.0 -25320.0 
-25606.0 -25695.0 -25580.0 -25737.0 -25728.0 -25884.0 -26009.0 
-25645.0 -26115.0 -25828.0 -25858.0 -25859.0 -25815.0 -25767.0 
-25805.0 -25718.0 -25830.0 -26193.0 -25510.0 -26163.0 -25653.0 
-26331.0 -26131.0 -26397.0 -26168.0 -26089.0 -26477.0 -25959.0 
-26237.0 -25771.0 -25870.0 -25902.0 -25482.0 -25869.0 -25767.0 
-25466.0 -25870.0 -25663.0 -25995.0 -26022.0 -25645.0 -26247.0 
-25607.0 -25934.0 -26211.0 -25877.0 -25836.0 -26252.0 -25756.0 
-26355.0 -25683.0 -26075.0 -26063.0 -25962.0 -26220.0 -26133.0 
-26238.0 -26211.0 -26474.0 -26663.0 -26467.0 -26387.0 -26607.0 
-26801.0 -26088.0 -26624.0 -26396.0 -26076.0 -26437.0 -26279.0 
-25949.0 -26025.0 -26103.0 -25889.0 -26183.0 -25698.0 -25848.0 
-26122.0 -25450.0 -25983.0 -25935.0 -25362.0 -25667.0 -25666.0 
-25414.0 -25676.0 -26043.0 -25469.0 -25778.0 -25695.0 -25675.0 
-25693.0 -25516.0 -25502.0 -25969.0 -25280.0 -25934.0 -25924.0 
-25699.0 -26007.0 -25645.0 -26070.0 -25979.0 -25756.0 -26021.0 
-25986.0 -26225.0 -26154.0 -26438.0 -26470.0 -26608.0 -26346.0 
-26445.0 -26557.0 -26379.0 -26532.0 -26219.0 -26135.0 -26313.0 
-26473.0 -25986.0 -26373.0 -26400.0 -26162.0 -26636.0 -25800.0 
-26694.0 -26719.0 -26091.0 -26793.0 -26495.0 -26693.0 -26396.0 
-26780.0 -26700.0 -26309.0 -26704.0 -27048.0 -26585.0 -26574.0 
-27180.0 -26732.0 -26955.0 -27034.0 -26919.0 -26782.0 -26904.0 
-27229.0 -27169.0 -26680.0 -27205.0 -27237.0 -27067.0 -27509.0 
-27123.0 -27515.0 -27082.0 -27322.0 -27766.0 -27117.0 -27247.0 
-27508.0 -27473.0 -27444.0 -27449.0 -27619.0 -27379.0 -27346.0 
-27823.0 -27597.0 -27444.0 -27719.0 -27582.0 -27509.0 -27611.0 
-27646.0 -27213.0 -27637.0 -27370.0 -27128.0 -27398.0 -27203.0 
-27466.0 -26937.0 -27356.0 -27432.0 -27185.0 -26801.0 -27491.0 
-27017.0 -27006.0 -27271.0 -27043.0 -27096.0 -26755.0 -27348.0 
-27007.0 -27122.0 -27304.0 -27673.0 -27276.0 -27455.0 -27979.0 
-27724.0 -27891.0 -28052.0 -28028.0 -27954.0 -28057.0 -28294.0 
-28443.0 -27932.0 -28110.0 -28233.0 -27967.0 -28059.0 -28458.0 
-27877.0 -28050.0 -27873.0 -27962.0 -27883.0 -27931.0 -27764.0 
-27685.0 -27691.0 -27727.0 -27816.0 -27621.0 -27853.0 -27559.0 
-27891.0 -27701.0 -27853.0 -27825.0 -27647.0 -27473.0 -27347.0 
-27423.0 -27374.0 -27029.0 -27249.0 -27297.0 -26985.0 -27356.0 
-27404.0 -27156.0 -27377.0 -27230.0 -26912.0 -27247.0 -27084.0 
-27195.0 -27113.0 -27051.0 -27194.0 -26985.0 -27107.0 -27139.0 
-26845.0 -26766.0 -26738.0 -26856.0 -26748.0 -26825.0 -26869.0 
-26820.0 -26572.0 -26979.0 -26835.0 -26802.0 -27039.0 -26828.0 
-26742.0 -26571.0 -26719.0 -26766.0 -26528.0 -26532.0 -26624.0 
-26511.0 -26798.0 -26541.0 -26850.0 -26422.0 -27101.0 -26748.0 
-27145.0 -27028.0 -26966.0 -26858.0 -26709.0 -26821.0 -26842.0 
-26552.0 -26515.0 -26428.0 -26315.0 -26587.0 -26332.0 -26475.0 
-26449.0 -26472.0 -26325.0 -26394.0 -26427.0 -26578.0 -26290.0 
-26415.0 -26405.0 -26431.0 -26640.0 -26839.0 -26457.0 -26950.0 
-26619.0 -26939.0 -27070.0 -26713.0 -26878.0 -27193.0 -27238.0 
-26978.0 -27147.0 -26819.0 -27047.0 -26890.0 -26870.0 -26942.0 
-26553.0 -26789.0 -26802.0 -26726.0 -27028.0 -26792.0 -26795.0 
-26854.0 -26811.0 -26999.0 -26754.0 -26671.0 -26471.0 -26488.0 
-26546.0 -26335.0 -26349.0 -25965.0 -26137.0 -26259.0 -25901.0 
-26316.0 -26125.0 -26112.0 -26236.0 -25718.0 -26493.0 -26144.0 
-26220.0 -26587.0 -26141.0 -26425.0 -26470.0 -26549.0 -26505.0 
-26318.0 -26343.0 -26319.0 -26380.0 -26522.0 -26403.0 -26278.0 
-26583.0 -26325.0 -26342.0 -26430.0 -26491.0 -26105.0 -25998.0 
-26191.0 -25687.0 -25656.0 -25225.0 -25619.0 -25146.0 -25160.0 
-25208.0 -25180.0 -25050.0 -24915.0 -25288.0 -25231.0 -24835.0 
-24987.0 -25329.0 -25061.0 -25123.0 -25127.0 -25060.0 -24854.0 
-24785.0 -24941.0 -24655.0 -24927.0 -24918.0 -25102.0 -24794.0 
-25022.0 -25040.0 -25121.0 -25130.0 -25072.0 -25117.0 -24755.0 
-24860.0 -24752.0 -24621.0 -24514.0 -24726.0 -24620.0 -24652.0 
-24461.0 -24761.0 -24661.0 -24684.0 -24900.0 -24715.0 -24639.0 
-24642.0 -24721.0 -24464.0 -24492.0 -24646.0 -24435.0 -24450.0 
-24527.0 -24653.0 -24732.0 -24762.0 -24553.0 -25005.0 -24562.0 
-24873.0 -24965.0 -24854.0 -24827.0 -24831.0 -25189.0 -25136.0 
-25064.0 -25186.0 -25195.0 -25166.0 -25074.0 -24952.0 -25183.0 
-25030.0 -24898.0 -24995.0 -25107.0 -24890.0 -25408.0 -25125.0 
-25274.0 -25233.0 -25471.0 -25425.0 -24950.0 -25393.0 -25045.0 
-25165.0 -24846.0 -25222.0 -24906.0 -24893.0 -25079.0 -24810.0 
-24688.0 -24814.0 -24942.0 -24709.0 -24866.0 -24794.0 -24900.0 
-24741.0 -24892.0 -24853.0 -24649.0 -24726.0 -24500.0 -24553.0 
-24645.0 -24361.0 -24488.0 -24467.0 -24605.0 -24604.0 -24897.0 
-24793.0 -25054.0 -24643.0 -25216.0 -25058.0 -25090.0 -25270.0 
-24879.0 -25124.0 -24921.0 -24948.0 -24874.0 -24837.0 -24694.0 
-24801.0 -24581.0 -24542.0 -24655.0 -24672.0 -24511.0 -24367.0 
-24663.0 -24720.0 -24697.0 -24818.0 -24956.0 -25167.0 -24871.0 
-25268.0 -25344.0 -25371.0 -25311.0 -25470.0 -25420.0 -25321.0 
-25499.0 -25585.0 -25746.0 -25357.0 -25911.0 -25766.0 -25919.0 
-25687.0 -25916.0 -26015.0 -25640.0 -26040.0 -25593.0 -26075.0 
-26059.0 -25615.0 -26294.0 -25797.0 -26056.0 -26380.0 -26103.0 
-26505.0 -26422.0 -26341.0 -26830.0 -26472.0 -26669.0 -26816.0 
-26522.0 -26905.0 -26613.0 -26938.0 -26747.0 -26776.0 -26690.0 
-26468.0 -26987.0 -26601.0 -26727.0 -26881.0 -26654.0 -27018.0 
-26749.0 -26837.0 -26848.0 -26959.0 -26749.0 -26704.0 -27073.0 
-26505.0 -26882.0 -27039.0 -26580.0 -26914.0 -26667.0 -26673.0 
-26997.0 -26300.0 -26817.0 -26713.0 -26551.0 -26868.0 -26405.0 
-26782.0 -26547.0 -26792.0 -26768.0 -26718.0 -26706.0 -26842.0 
-26714.0 -26926.0 -26731.0 -27055.0 -26579.0 -26776.0 -26897.0 
-26584.0 -26813.0 -26679.0 -26653.0 -26406.0 -26525.0 -26846.0 
-26603.0 -26731.0 -27181.0 -26862.0 -27055.0 -27074.0 -26969.0 
-27113.0 -27133.0 -26956.0 -27297.0 -26985.0 -27219.0 -27660.0 
-27190.0 -27519.0 -27538.0 -27582.0 -27375.0 -27719.0 -27319.0 
-27167.0 -27561.0 -26997.0 -27198.0 -27110.0 -27018.0 -26915.0 
-26941.0 -26739.0 -26895.0 -26760.0 -26496.0 -26605.0 -26371.0 
-26271.0 -26260.0 -26428.0 -26097.0 -25973.0 -26519.0 -25953.0 
-26365.0 -26552.0 -26456.0 -26379.0 -26340.0 -26747.0 -26624.0 
-26325.0 -26814.0 -26647.0 -26801.0 -26532.0 -26838.0 -26881.0 
-26693.0 -27070.0 -26774.0 -27298.0 -27265.0 -27325.0 -27557.0 
-27308.0 -27796.0 -27620.0 -27853.0 -27838.0 -27733.0 -28117.0 
-27846.0 -27828.0 -27977.0 -27827.0 -27873.0 -28478.0 -27950.0 
-28161.0 -28363.0 -28170.0 -28388.0 -28196.0 -28163.0 -28260.0 
-27922.0 -28171.0 -27852.0 -28006.0 -27871.0 -27713.0 -27637.0 
-27561.0 -27650.0 -27526.0 -27500.0 -27599.0 -27375.0 -27377.0 
-27382.0 -27455.0 -27725.0 -27158.0 -27621.0 -27657.0 -27346.0 
-27919.0 -27906.0 -27574.0 -28021.0 -27792.0 -28024.0 -27907.0 
-28196.0 -27924.0 -27951.0 -28328.0 -27422.0 -28092.0 -27805.0 
-27398.0 -28079.0 -27475.0 -27412.0 -27909.0 -27284.0 -27885.0 
-27604.0 -27699.0 -28208.0 -27795.0 -27975.0 -28232.0 -28018.0 
-27819.0 -28259.0 -27829.0 -27963.0 -28016.0 -27829.0 -28120.0 
-27940.0 -28149.0 -28464.0 -27900.0 -28271.0 -28498.0 -27869.0 
-28142.0 -27897.0 -27973.0 -27739.0 -27640.0 -28062.0 -27656.0 
-27746.0 -28001.0 -27965.0 -27988.0 -27874.0 -28211.0 -27766.0 
-27795.0 -27945.0 -27667.0 -27616.0 -27370.0 -27673.0 -27162.0 
-27125.0 -27226.0 -27336.0 -26894.0 -27255.0 -27052.0 -27094.0 
-26980.0 -26939.0 -27352.0 -26691.0 -27089.0 -27316.0 -26707.0 
-26965.0 -27265.0 -27245.0 -27213.0 -26968.0 -27432.0 -27263.0 
-27296.0 -27388.0 -27506.0 -27208.0 -27438.0 -27791.0 -27320.0 
-27644.0 -27772.0 -27620.0 -27462.0 -27730.0 -27827.0 -27322.0 
-27647.0 -27639.0 -27273.0 -27301.0 -27467.0 -27130.0 -27414.0 
-27400.0 -26870.0 -27430.0 -27017.0 -27226.0 -27012.0 -26955.0 
-26815.0 -26719.0 -27007.0 -26359.0 -26902.0 -26404.0 -26727.0 
-26697.0 -26353.0 -26917.0 -26597.0 -26643.0 -26668.0 -26639.0 
-26921.0 -26626.0 -26763.0 -26607.0 -26528.0 -26467.0 -26601.0 
-26366.0 -26433.0 -26372.0 -26309.0 -25966.0 -26452.0 -26252.0 
-25991.0 -26167.0 -25830.0 -26196.0 -26142.0 -25851.0 -26004.0 
-25883.0 -25600.0 -26020.0 -25585.0 -26058.0 -25454.0 -25694.0 
-25523.0 -25539.0 -25752.0 -25658.0 -25643.0 -25545.0 -25610.0 
-25541.0 -25425.0 -25603.0 -25528.0 -25362.0 -25322.0 -25631.0 
-25564.0 -25388.0 -25782.0 -25511.0 -25700.0 -25727.0 -25566.0 
-25941.0 -25505.0 -25833.0 -25773.0 -25644.0 -25912.0 -25908.0 
-25739.0 -25530.0 -26120.0 -25427.0 -25528.0 -25596.0 -25418.0 
-25343.0 -25301.0 -25406.0 -25125.0 -25175.0 -25550.0 -25082.0 
-25251.0 -25214.0 -25012.0 -25441.0 -25207.0 -25410.0 -25237.0 
-25591.0 -25046.0 -25579.0 -25496.0 -25129.0 -25245.0 -25228.0 
-25112.0 -25474.0 -24768.0 -25516.0 -25157.0 -25008.0 -25801.0 
-25016.0 -25609.0 -25309.0 -25603.0 -25486.0 -25749.0 -25501.0 
-25780.0 -25993.0 -25424.0 -25743.0 -26042.0 -25546.0 -26215.0 
-25761.0 -26284.0 -25692.0 -25898.0 -25913.0 -25697.0 -25842.0 
-25311.0 -25844.0 -25099.0 -25270.0 -25620.0 -25486.0 -25056.0 
-25407.0 -25164.0 -25425.0 -25001.0 -25070.0 -25623.0 -24411.0 
-25050.0 -25522.0 -24645.0 -24993.0 -24916.0 -24980.0 -24743.0 
-24926.0 -25094.0 -24829.0 -25357.0 -24671.0 -25335.0 -25571.0 
-24871.0 -25612.0 -25656.0 -25295.0 -25814.0 -25958.0 -25633.0 
-26123.0 -25708.0 -25906.0 -25946.0 -25955.0 -26085.0 -25748.0 
-25742.0 -25613.0 -25750.0 -25411.0 -25344.0 -25131.0 -25172.0 
-24909.0 -25185.0 -25016.0 -25011.0 -25154.0 -24942.0 -25121.0 
-24997.0 -25264.0 -25210.0 -24865.0 -25134.0 -24977.0 -25195.0 
-24829.0 -25106.0 -24844.0 -24790.0 -25292.0 -25166.0 -24832.0 
-25449.0 -25273.0 -25386.0 -25588.0 -25470.0 -25814.0 -25805.0 
-25850.0 -25953.0 -26164.0 -25970.0 -26396.0 -25878.0 -26384.0 
-26046.0 -26034.0 -26453.0 -26035.0 -26269.0 -26651.0 -26209.0 
-26182.0 -26581.0 -26237.0 -26052.0 -26636.0 -26345.0 -26283.0 
-26299.0 -26326.0 -26223.0 -25991.0 -26090.0 -26049.0 -25879.0 
-25768.0 -25970.0 -26350.0 -25942.0 -26000.0 -26853.0 -26186.0 
-26545.0 -26913.0 -26340.0 -26844.0 -26450.0 -26935.0 -26760.0 
-26445.0 -27247.0 -26805.0 -26702.0 -27306.0 -26969.0 -26766.0 
-27109.0 -27370.0 -26944.0 -27259.0 -27468.0 -27441.0 -27410.0 
-27660.0 -27686.0 -27750.0 -27533.0 -27789.0 -27657.0 -27359.0 
-27484.0 -27697.0 -27496.0 -27379.0 -27690.0 -27499.0 -27590.0 
-27284.0 -27668.0 -27694.0 -27035.0 -27166.0 -27357.0 -26743.0 
-26847.0 -27103.0 -26695.0 -26856.0 -27300.0 -26914.0 -26898.0 
-27314.0 -27144.0 -27403.0 -27276.0 -27098.0 -27508.0 -26963.0 
-27330.0 -27326.0 -27051.0 -27190.0 -27364.0 -27152.0 -27358.0 
-27510.0 -27517.0 -27505.0 -27688.0 -27435.0 -27759.0 -27410.0 
-27684.0 -27880.0 -27704.0 -27720.0 -27574.0 -27655.0 -27365.0 
-27503.0 -27325.0 -27212.0 -27336.0 -27478.0 -27424.0 -27621.0 
-27027.0 -27565.0 -27166.0 -27230.0 -27214.0 -26865.0 -26683.0 
-26602.0 -26435.0 -26256.0 -26302.0 -26054.0 -26409.0 -25968.0 
-26088.0 -26375.0 -26003.0 -26291.0 -26316.0 -26246.0 -26339.0 
-26458.0 -26346.0 -26575.0 -26284.0 -26551.0 -26377.0 -26034.0 
-26313.0 -26143.0 -25848.0 -25765.0 -26013.0 -25574.0 -25805.0 
-25470.0 -25805.0 -25433.0 -25678.0 -25885.0 -25653.0 -25980.0 
-25978.0 -25812.0 -26112.0 -26083.0 -25902.0 -25982.0 -25801.0 
-25821.0 -26276.0 -25687.0 -25892.0 -26049.0 -25416.0 -25895.0 
-25566.0 -25626.0 -25766.0 -25541.0 -25782.0 -25697.0 -25280.0 
-25927.0 -25487.0 -25253.0 -25944.0 -25324.0 -25655.0 -25450.0 
-25318.0 -25473.0 -25163.0 -25422.0 -25327.0 -25414.0 -25162.0 
-25308.0 -25482.0 -24891.0 -25316.0 -24804.0 -25109.0 -24674.0 
-25208.0 -24527.0 -24944.0 -25010.0 -24787.0 -24876.0 -24843.0 
-25144.0 -25072.0 -25040.0 -25169.0 -25326.0 -25019.0 -25509.0 
-25489.0 -25347.0 -25922.0 -25383.0 -25566.0 -25788.0 -25683.0 
-25644.0 -25636.0 -25769.0 -25631.0 -25661.0 -25719.0 -25860.0 
-25436.0 -25787.0 -25652.0 -25793.0 -25744.0 -25702.0 -25832.0 
-25390.0 -25932.0 -25695.0 -25652.0 -25640.0 -25497.0 -25861.0 
-25385.0 -25776.0 -25665.0 -25823.0 -25217.0 -26000.0 -25542.0 
-25801.0 -25983.0 -26022.0 -26069.0 -26268.0 -26175.0 -26438.0 
-26322.0 -26432.0 -26659.0 -26447.0 -26751.0 -27211.0 -26818.0 
-27148.0 -27091.0 -26991.0 -27297.0 -27202.0 -27539.0 -26948.0 
-27112.0 -27321.0 -27167.0 -27017.0 -27309.0 -26942.0 -26846.0 
-27234.0 -26900.0 -26716.0 -26978.0 -27019.0 -26587.0 -26618.0 
-26683.0 -26520.0 -26099.0 -26041.0 -26469.0 -25728.0 -25856.0 
-26353.0 -25575.0 -26127.0 -26086.0 -26113.0 -26360.0 -26113.0 
-26649.0 -26222.0 -26690.0 -26910.0 -26848.0 -26961.0 -26923.0 
-26932.0 -27284.0 -27207.0 -27064.0 -27523.0 -27229.0 -27154.0 
-27411.0 -27586.0 -27359.0 -27412.0 -27387.0 -27507.0 -27319.0 
-27326.0 -27264.0 -27297.0 -27054.0 -27228.0 -27367.0 -27037.0 
-27205.0 -26945.0 -27460.0 -26769.0 -27488.0 -27262.0 -27087.0 
-27373.0 -27280.0 -27228.0 -27247.0 -27293.0 -27256.0 -27507.0 
-27239.0 -27605.0 -27563.0 -27336.0 -27917.0 -27664.0 -27619.0 
-27920.0 -27719.0 -27749.0 -27487.0 -27787.0 -27282.0 -27514.0 
-27608.0 -27514.0 -27664.0 -27582.0 -27887.0 -27879.0 -27931.0 
-27968.0 -27928.0 -28264.0 -28091.0 -28122.0 -28055.0 -27791.0 
-27910.0 -27581.0 -27811.0 -27422.0 -27330.0 -27276.0 -27057.0 
-26984.0 -27011.0 -26907.0 -26704.0 -26984.0 -26783.0 -27191.0 
-27093.0 -27154.0 -26972.0 -27186.0 -27217.0 -27279.0 -27333.0 
-27302.0 -27503.0 -27300.0 -27199.0 -27524.0 -27137.0 -27277.0 
-27481.0 -27086.0 -27466.0 -27463.0 -27584.0 -27292.0 -27426.0 
-27523.0 -27427.0 -27480.0 -27499.0 -27446.0 -27455.0 -27367.0 
-27375.0 -27595.0 -27117.0 -27399.0 -27260.0 -27309.0 -27275.0 
-27499.0 -27389.0 -27379.0 -27484.0 -27343.0 -27968.0 -27482.0 
-27435.0 -27449.0 -27198.0 -27230.0 -27265.0 -26821.0 -26850.0 
-26858.0 -26712.0 -26711.0 -26766.0 -26446.0 -26676.0 -26281.0 
-26487.0 -26663.0 -26474.0 -26704.0 -26528.0 -26877.0 -26568.0 
-26765.0 -26872.0 -26394.0 -26679.0 -26643.0 -26360.0 -26776.0 
-26445.0 -26404.0 -26190.0 -26733.0 -26377.0 -26513.0 -26827.0 
-26401.0 -26992.0 -26446.0 -26709.0 -26822.0 -26766.0 -26521.0 
-26937.0 -26541.0 -26373.0 -26731.0 -26330.0 -25856.0 -26134.0 
-25656.0 -25909.0 -25406.0 -25577.0 -25531.0 -25324.0 -25746.0 
-25498.0 -25776.0 -25578.0 -25528.0 -25575.0 -25648.0 -25245.0 
-25166.0 -25190.0 -24802.0 -25094.0 -24948.0 -24458.0 -24994.0 
-24700.0 -24541.0 -24780.0 -24579.0 -24442.0 -25062.0 -24327.0 
-24675.0 -24715.0 -24561.0 -24736.0 -24690.0 -24547.0 -24906.0 
-24823.0 -24872.0 -24975.0 -25025.0 -24759.0 -25114.0 -24676.0 
-24626.0 -24971.0 -24502.0 -24857.0 -24444.0 -24824.0 -24264.0 
-24851.0 -24529.0 -24473.0 -24497.0 -24518.0 -24534.0 -24329.0 
-24688.0 -24842.0 -24670.0 -25003.0 -24682.0 -24994.0 -24933.0 
-24704.0 -25269.0 -24267.0 -24719.0 -24709.0 -24469.0 -24520.0 
-24546.0 -25048.0 -24654.0 -24684.0 -25028.0 -24946.0 -25008.0 
-25090.0 -25153.0 -24886.0 -25341.0 -25315.0 -25038.0 -25414.0 
-25066.0 -25123.0 -25301.0 -25094.0 -24980.0 -25630.0 -25240.0 
-25608.0 -25547.0 -25320.0 -25774.0 -25812.0 -25880.0 -26029.0 
-25638.0 -26150.0 -26020.0 -26034.0 -25879.0 -26271.0 -25846.0 
-25918.0 -26061.0 -25918.0 -26043.0 -26056.0 -26184.0 -26064.0 
-26382.0 -26006.0 -26329.0 -26092.0 -26092.0 -25979.0 -26111.0 
-26237.0 -26202.0 -26391.0 -26214.0 -26292.0 -26594.0 -26599.0 
-26823.0 -26332.0 -26935.0 -26857.0 -26373.0 -26871.0 -26798.0 
-26661.0 -26549.0 -26693.0 -26639.0 -26508.0 -26609.0 -26772.0 
-26519.0 -26674.0 -26800.0 -26678.0 -26889.0 -26598.0 -27099.0 
-26702.0 -26798.0 -27049.0 -26895.0 -26701.0 -27181.0 -26849.0 
-26818.0 -27054.0 -27032.0 -26830.0 -27029.0 -26801.0 -26924.0 
-26889.0 -26685.0 -26966.0 -27104.0 -26850.0 -27132.0 -27122.0 
-27062.0 -27449.0 -27300.0 -27278.0 -27381.0 -27837.0 -27325.0 
-27665.0 -27559.0 -27455.0 -27678.0 -27717.0 -27800.0 -27929.0 
-27602.0 -27946.0 -27641.0 -27611.0 -27600.0 -27309.0 -27395.0 
-27111.0 -27177.0 -27177.0 -26867.0 -27277.0 -26949.0 -27040.0 
-27028.0 -27316.0 -27147.0 -26901.0 -27089.0 -27092.0 -27431.0 
-27103.0 -27317.0 -26995.0 -27259.0 -27402.0 -27409.0 -27750.0 
-27237.0 -27449.0 -27675.0 -27453.0 -27601.0 -27539.0 -27854.0 
-27289.0 -27645.0 -27750.0 -27761.0 -27817.0 -27715.0 -27738.0 
-27807.0 -28003.0 -27862.0 -27936.0 -27914.0 -28299.0 -27622.0 
-28407.0 -28187.0 -28035.0 -28099.0 -27887.0 -28063.0 -28162.0 
-27714.0 -27961.0 -27478.0 -27993.0 -27620.0 -27418.0 -27599.0 
-27177.0 -27466.0 -27401.0 -27572.0 -27707.0 -27069.0 -27399.0 
-27973.0 -27386.0 -27545.0 -27694.0 -27767.0 -27421.0 -27771.0 
-27933.0 -27501.0 -27640.0 -27776.0 -27330.0 -27594.0 -27247.0 
-27665.0 -27635.0 -26946.0 -27672.0 -27068.0 -27049.0 -27441.0 
-27140.0 -27082.0 -27150.0 -27169.0 -27144.0 -26636.0 -27142.0 
-26678.0 -26481.0 -26835.0 -26670.0 -26710.0 -26518.0 -26964.0 
-26934.0 -26688.0 -26923.0 -26959.0 -26826.0 -27250.0 -26847.0 
-27646.0 -27082.0 -27675.0 -27505.0 -27306.0 -27821.0 -27661.0 
-27510.0 -27961.0 -27350.0 -27640.0 -27689.0 -27473.0 -27586.0 
-27542.0 -27696.0 -27278.0 -27378.0 -27638.0 -27498.0 -27264.0 
-27416.0 -27523.0 -26856.0 -27428.0 -27061.0 -26885.0 -27156.0 
-26597.0 -26864.0 -26376.0 -26601.0 -26665.0 -26196.0 -26236.0 
-26456.0 -26303.0 -26328.0 -26241.0 -26465.0 -26227.0 -26409.0 
-26636.0 -26321.0 -26213.0 -26437.0 -26148.0 -26597.0 -26146.0 
-26000.0 -26302.0 -26164.0 -26055.0 -26437.0 -26089.0 -25983.0 
-26636.0 -25911.0 -26114.0 -26197.0 -26263.0 -26068.0 -25897.0 
-26127.0 -25840.0 -26035.0 -25828.0 -25766.0 -26053.0 -25695.0 
-26148.0 -25679.0 -26055.0 -26396.0 -25895.0 -26222.0 -26309.0 
-26495.0 -26264.0 -26195.0 -26614.0 -26192.0 -26375.0 -26154.0 
-26511.0 -26168.0 -26034.0 -26412.0 -26016.0 -26052.0 -26090.0 
-25934.0 -26005.0 -25976.0 -25945.0 -25786.0 -25771.0 -26082.0 
-25824.0 -25605.0 -25570.0 -25771.0 -25079.0 -25675.0 -25332.0 
-24948.0 -24931.0 -24865.0 -24902.0 -24493.0 -24638.0 -24689.0 
-24606.0 -24506.0 -24343.0 -24892.0 -24541.0 -24502.0 -25091.0 
-24596.0 -25045.0 -24687.0 -24906.0 -24613.0 -24844.0 -24764.0 
-24557.0 -24668.0 -24785.0 -24710.0 -24657.0 -24669.0 -24622.0 
-24972.0 -24334.0 -24921.0 -24588.0 -24182.0 -24478.0 -24431.0 
-24279.0 -24230.0 -24507.0 -24128.0 -24207.0 -24428.0 -24003.0 
-24347.0 -24280.0 -24404.0 -24627.0 -24203.0 -24531.0 -24463.0 
-24151.0 -24402.0 -24281.0 -24143.0 -24154.0 -24541.0 -24170.0 
-24582.0 -24660.0 -24279.0 -24935.0 -24509.0 -24608.0 -24757.0 
-24586.0 -24817.0 -24653.0 -25097.0 -24885.0 -24850.0 -25222.0 
-25018.0 -25272.0 -25324.0 -25295.0 -25499.0 -25535.0 -25593.0 
-25852.0 -25593.0 -25943.0 -25909.0 -25757.0 -26124.0 -25641.0 
-25620.0 -26165.0 -25637.0 -25535.0 -25638.0 -25480.0 -25551.0 
-25468.0 -25613.0 -25449.0 -25347.0 -25491.0 -25480.0 -25641.0 
-25452.0 -25479.0 -25553.0 -25532.0 -25788.0 -25256.0 -25837.0 
-25699.0 -25942.0 -25734.0 -25835.0 -26302.0 -25890.0 -26122.0 
-26450.0 -25978.0 -26352.0 -26214.0 -26406.0 -26288.0 -26143.0 
-26830.0 -25856.0 -26765.0 -26211.0 -26365.0 -26666.0 -26222.0 
-26589.0 -26646.0 -26656.0 -26851.0 -26704.0 -26920.0 -26696.0 
-26613.0 -26855.0 -26643.0 -27034.0 -26565.0 -26730.0 -26810.0 
-26548.0 -26755.0 -26651.0 -26337.0 -26678.0 -26272.0 -26334.0 
-26089.0 -26275.0 -26256.0 -26285.0 -26703.0 -26166.0 -26487.0 
-26641.0 -26434.0 -26729.0 -27018.0 -26774.0 -26870.0 -26910.0 
-27004.0 -27182.0 -27128.0 -27170.0 -27008.0 -27147.0 -27323.0 
-26997.0 -27359.0 -26815.0 -27070.0 -27113.0 -27101.0 -27217.0 
-27094.0 -27157.0 -27165.0 -27108.0 -27179.0 -26950.0 -26604.0 
-26965.0 -26511.0 -26666.0 -26826.0 -26385.0 -26573.0 -26622.0 
-26660.0 -26776.0 -26743.0 -26946.0 -26864.0 -27153.0 -27221.0 
-27086.0 -27306.0 -27334.0 -27236.0 -27340.0 -27305.0 -27288.0 
-27590.0 -27275.0 -27288.0 -27618.0 -27247.0 -27151.0 -27458.0 
-27528.0 -27169.0 -27360.0 -27422.0 -27698.0 -27308.0 -27510.0 
-27270.0 -27470.0 -27619.0 -26899.0 -27451.0 -27041.0 -26856.0 
-26962.0 -26889.0 -26728.0 -26873.0 -26585.0 -27038.0 -26784.0 
-26914.0 -27088.0 -26251.0 -27381.0 -26853.0 -27007.0 -27288.0 
-27138.0 -27317.0 -27035.0 -27438.0 -27214.0 -27221.0 -27565.0 
-27207.0 -27226.0 -27388.0 -27625.0 -27490.0 -27259.0 -27693.0 
-27639.0 -27131.0 -27581.0 -27685.0 -27117.0 -27330.0 -27477.0 
-27198.0 -27214.0 -27277.0 -26648.0 -26979.0 -26721.0 -26517.0 
-26482.0 -26311.0 -26448.0 -26114.0 -26169.0 -26191.0 -26362.0 
-26191.0 -26285.0 -26545.0 -26486.0 -26344.0 -26447.0 -26369.0 
-26507.0 -26321.0 -26640.0 -26723.0 -26444.0 -27065.0 -26825.0 
-26818.0 -27131.0 -26740.0 -27023.0 -27124.0 -26992.0 -27244.0 
-26772.0 -27191.0 -27238.0 -27097.0 -26699.0 -26920.0 -26966.0 
-26432.0 -26865.0 -26749.0 -26450.0 -26490.0 -26733.0 -26532.0 
-26570.0 -26390.0 -26455.0 -26471.0 -26391.0 -26234.0 -26561.0 
-26104.0 -26281.0 -26322.0 -25967.0 -26509.0 -26018.0 -26188.0 
-26207.0 -26574.0 -26611.0 -26220.0 -26617.0 -26831.0 -26790.0 
-26765.0 -26822.0 -27166.0 -26928.0 -26996.0 -27413.0 -27106.0 
-27297.0 -27230.0 -27288.0 -27169.0 -27082.0 -27336.0 -27050.0 
-27084.0 -27072.0 -27140.0 -26859.0 -27111.0 -27013.0 -26867.0 
-26926.0 -26894.0 -26708.0 -26773.0 -26687.0 -26390.0 -26909.0 
-26465.0 -26398.0 -26705.0 -26356.0 -26352.0 -26617.0 -26196.0 
-26402.0 -26437.0 -26179.0 -25916.0 -26070.0 -26133.0 -25704.0 
-26198.0 -25934.0 -26026.0 -26461.0 -25963.0 -26636.0 -26291.0 
-26067.0 -26737.0 -26509.0 -26603.0 -26633.0 -27005.0 -26238.0 
-26895.0 -26692.0 -26452.0 -26368.0 -26107.0 -26411.0 -26365.0 
-26202.0 -25981.0 -25968.0 -26192.0 -25809.0 -25982.0 -26037.0 
-25677.0 -26204.0 -25746.0 -26056.0 -25796.0 -25718.0 -25914.0 
-25960.0 -25912.0 -25540.0 -26142.0 -25987.0 -25392.0 -26506.0 
-25846.0 -26160.0 -26079.0 -26262.0 -26696.0 -25987.0 -26668.0 
-26522.0 -26154.0 -26621.0 -26366.0 -26670.0 -26817.0 -26683.0 
-27104.0 -26897.0 -26834.0 -26956.0 -27079.0 -26792.0 -26701.0 
-26822.0 -26367.0 -26665.0 -26120.0 -26534.0 -26407.0 -25700.0 
-26531.0 -26067.0 -25991.0 -26005.0 -25984.0 -25887.0 -25918.0 
-25978.0 -26158.0 -25695.0 -26432.0 -26118.0 -26290.0 -26897.0 
-26080.0 -26633.0 -26309.0 -26269.0 -26416.0 -26101.0 -26094.0 
-26108.0 -26003.0 -25993.0 -26449.0 -25930.0 -25813.0 -26496.0 
-26351.0 -25895.0 -26545.0 -26265.0 -26243.0 -26552.0 -26479.0 
-26524.0 -26853.0 -26405.0 -27104.0 -26424.0 -26600.0 -27079.0 
-26476.0 -26618.0 -26606.0 -26658.0 -26488.0 -26276.0 -26188.0 
-26401.0 -26219.0 -26209.0 -26268.0 -26207.0 -26387.0 -26173.0 
-26131.0 -26609.0 -26110.0 -26162.0 -26411.0 -26169.0 -26156.0 
-26499.0 -26197.0 -26417.0 -26519.0 -26368.0 -26684.0 -26553.0 
-26406.0 -26584.0 -26484.0 -26293.0 -26346.0 -26269.0 -26224.0 
-26231.0 -25914.0 -26197.0 -26007.0 -26116.0 -25811.0 -25915.0 
-25818.0 -25707.0 -26127.0 -25844.0 -25719.0 -26182.0 -26180.0 
-26075.0 -26201.0 -26289.0 -26102.0 -26307.0 -26121.0 -26033.0 
-26180.0 -25819.0 -26374.0 -25519.0 -26232.0 -26022.0 -25960.0 
-26362.0 -25801.0 -26127.0 -26063.0 -26016.0 -26263.0 -26189.0 
-26076.0 -26177.0 -26150.0 -26002.0 -26140.0 -26070.0 -25981.0 
-26206.0 -25717.0 -26942.0 -25708.0 -26557.0 -26765.0 -26239.0 
-26828.0 -26658.0 -26671.0 -26529.0 -26431.0 -26386.0 -26540.0 
-26195.0 -26376.0 -26354.0 -26104.0 -26339.0 -26688.0 -26129.0 
-26378.0 -26338.0 -26533.0 -26513.0 -25835.0 -26825.0 -26101.0 
-26409.0 -26560.0 -26060.0 -26487.0 -26396.0 -26287.0 -25984.0 
-26226.0 -26484.0 -26204.0 -26282.0 -25977.0 -26078.0 -26262.0 
-25694.0 -25996.0 -25882.0 -25960.0 -25871.0 -26110.0 -25770.0 
-25921.0 -26247.0 -25918.0 -26126.0 -26146.0 -26508.0 -26321.0 
-26573.0 -26691.0 -26279.0 -27111.0 -26684.0 -26529.0 -26869.0 
-26909.0 -26843.0 -26853.0 -27077.0 -26305.0 -27323.0 -26725.0 
-26753.0 -27064.0 -26933.0 -27079.0 -26938.0 -27019.0 -26942.0 
-27119.0 -26675.0 -27062.0 -26516.0 -27000.0 -26467.0 -26794.0 
-26495.0 -26471.0 -26434.0 -26291.0 -26447.0 -26645.0 -26459.0 
-26404.0 -26394.0 -26520.0 -26369.0 -26471.0 -26409.0 -26359.0 
-26585.0 -26192.0 -26746.0 -26060.0 -26754.0 -26360.0 -26722.0 
-26275.0 -26758.0 -26499.0 -26156.0 -26602.0 -26509.0 -26002.0 
-26520.0 -26654.0 -26025.0 -26655.0 -26086.0 -26427.0 -26249.0 
-26424.0 -26434.0 -26258.0 -26460.0 -26342.0 -26138.0 -26407.0 
-26462.0 -26020.0 -26502.0 -26003.0 -26298.0 -26639.0 -25810.0 
-26648.0 -26156.0 -26523.0 -26549.0 -26437.0 -26781.0 -26657.0 
-26650.0 -26742.0 -26857.0 -26963.0 -26724.0 -27098.0 -27115.0 
-26919.0 -27188.0 -27249.0 -26948.0 -27447.0 -27255.0 -27176.0 
-27147.0 -27120.0 -27143.0 -27035.0 -27185.0 -27155.0 -27385.0 
-27343.0 -27175.0 -26977.0 -27333.0 -26861.0 -27276.0 -26949.0 
-26978.0 -27145.0 -26872.0 -27046.0 -27158.0 -26785.0 -26781.0 
-27341.0 -26862.0 -27246.0 -26692.0 -27319.0 -27093.0 -27037.0 
-27628.0 -26997.0 -27317.0 -27750.0 -26996.0 -27683.0 -27508.0 
-27368.0 -27812.0 -27183.0 -27659.0 -27088.0 -27511.0 -27190.0 
-27426.0 -27015.0 -27312.0 -27326.0 -26920.0 -27083.0 -27128.0 
-26818.0 -27284.0 -27026.0 -26619.0 -27065.0 -26929.0 -26789.0 
-27050.0 -27000.0 -26891.0 -27189.0 -27188.0 -27112.0 -27418.0 
-27140.0 -27191.0 -27280.0 -27170.0 -26919.0 -26875.0 -26767.0 
-26783.0 -27027.0 -26434.0 -26783.0 -26526.0 -26513.0 -26795.0 
-26394.0 -26897.0 -26376.0 -26477.0 -26885.0 -26603.0 -26462.0 
-26582.0 -26485.0 -26413.0 -26315.0 -26364.0 -26223.0 -26340.0 
-25989.0 -25885.0 -25976.0 -25512.0 -25840.0 -25293.0 -25292.0 
-25553.0 -25349.0 -25643.0 -25538.0 -25393.0 -25803.0 -25406.0 
-25713.0 -25447.0 -25365.0 -25352.0 -25721.0 -25148.0 -25677.0 
-25644.0 -25306.0 -25929.0 -25621.0 -25684.0 -25958.0 -25668.0 
-25604.0 -26108.0 -25553.0 -25637.0 -25808.0 -25459.0 -25896.0 
-25259.0 -25677.0 -25516.0 -25423.0 -25545.0 -25482.0 -25471.0 
-25384.0 -25604.0 -25292.0 -25727.0 -25030.0 -25483.0 -24620.0 
-25493.0 -24865.0 -25150.0 -25057.0 -25192.0 -25005.0 -25015.0 
-25190.0 -24946.0 -25061.0 -24922.0 -24865.0 -25004.0 -24694.0 
-24844.0 -25080.0 -24777.0 -24978.0 -25081.0 -24881.0 -25153.0 
-25218.0 -24956.0 -25378.0 -24960.0 -25498.0 -25199.0 -25444.0 
-25198.0 -25256.0 -25222.0 -25222.0 -25022.0 -25010.0 -24609.0 
-25308.0 -24660.0 -24777.0 -25190.0 -24869.0 -25092.0 -25264.0 
-25299.0 -25424.0 -25207.0 -25668.0 -25084.0 -25585.0 -25494.0 
-25183.0 -25377.0 -25415.0 -25043.0 -25474.0 -25112.0 -25153.0 
-25530.0 -25296.0 -25694.0 -25732.0 -25841.0 -26063.0 -26370.0 
-26357.0 -26297.0 -26085.0 -26364.0 -25891.0 -26466.0 -25751.0 
-26173.0 -25973.0 -25984.0 -26037.0 -26084.0 -25994.0 -26355.0 
-26345.0 -26395.0 -26524.0 -26746.0 -26641.0 -26845.0 -26799.0 
-26500.0 -26962.0 -26460.0 -26672.0 -26183.0 -26639.0 -26187.0 
-26510.0 -26170.0 -26323.0 -26351.0 -26096.0 -26059.0 -25807.0 
-26097.0 -25532.0 -25934.0 -25881.0 -25631.0 -26045.0 -25714.0 
-25925.0 -25943.0 -25890.0 -26087.0 -25959.0 -26334.0 -26034.0 
-26584.0 -26442.0 -26300.0 -26404.0 -26688.0 -26107.0 -26711.0 
-26322.0 -26326.0 -26808.0 -26277.0 -26631.0 -26430.0 -26581.0 
-26450.0 -26441.0 -26256.0 -26455.0 -26328.0 -26541.0 -26428.0 
-26447.0 -26663.0 -26647.0 -26736.0 -26614.0 -26799.0 -26736.0 
-26827.0 -26707.0 -26557.0 -26890.0 -26425.0 -26903.0 -26558.0 
-26382.0 -26934.0 -26645.0 -26476.0 -26607.0 -26430.0 -26379.0 
-26469.0 -26332.0 -26294.0 -26212.0 -26640.0 -26339.0 -26636.0 
-26475.0 -27044.0 -26606.0 -26846.0 -27017.0 -26865.0 -27094.0 
-27050.0 -26766.0 -27069.0 -26763.0 -26639.0 -26931.0 -26402.0 
-26668.0 -26492.0 -26516.0 -26265.0 -26342.0 -26374.0 -26237.0 
-26414.0 -26429.0 -26123.0 -26351.0 -26374.0 -26357.0 -26345.0 
-26302.0 -26349.0 -26266.0 -26254.0 -26324.0 -26149.0 -26478.0 
-26021.0 -26240.0 -26331.0 -26066.0 -26158.0 -26370.0 -26298.0 
-26077.0 -26666.0 -26152.0 -26085.0 -26468.0 -26225.0 -26425.0 
-26365.0 -26293.0 -26250.0 -26167.0 -26089.0 -26157.0 -25982.0 
-26063.0 -26029.0 -25907.0 -25833.0 -25706.0 -25984.0 -25821.0 
-25850.0 -25805.0 -25527.0 -25686.0 -25678.0 -25336.0 -25418.0 
-25419.0 -25097.0 -25190.0 -24917.0 -25168.0 -25000.0 -25219.0 
-25162.0 -25452.0 -25395.0 -25437.0 -25702.0 -25491.0 -25776.0 
-25755.0 -25900.0 -25837.0 -26014.0 -25855.0 -25969.0 -26240.0 
-25911.0 -26027.0 -25827.0 -26111.0 -25925.0 -26071.0 -25984.0 
-25979.0 -26237.0 -25977.0 -26622.0 -26213.0 -26495.0 -26574.0 
-26426.0 -26532.0 -26407.0 -26349.0 -26514.0 -26192.0 -26321.0 
-26051.0 -26345.0 -26310.0 -26307.0 -26542.0 -26166.0 -26045.0 
-26284.0 -25987.0 -26157.0 -26026.0 -25751.0 -26156.0 -25559.0 
-25924.0 -26135.0 -25843.0 -25997.0 -26169.0 -26153.0 -26177.0 
-26188.0 -26546.0 -26010.0 -26770.0 -26370.0 -26215.0 -26690.0 
-26206.0 -26689.0 -26411.0 -26220.0 -26828.0 -26504.0 -26390.0 
-26809.0 -26216.0 -26437.0 -26356.0 -26478.0 -26361.0 -26465.0 
-26466.0 -26518.0 -26579.0 -26501.0 -26672.0 -26631.0 -26771.0 
-26498.0 -26571.0 -26286.0 -26509.0 -26096.0 -26325.0 -26116.0 
-26266.0 -26064.0 -26333.0 -26451.0 -26175.0 -26406.0 -26416.0 
-26184.0 -26180.0 -26489.0 -26299.0 -26266.0 -26402.0 -26324.0 
-26308.0 -26655.0 -26536.0 -26951.0 -26362.0 -27005.0 -26923.0 
-26697.0 -27005.0 -26996.0 -27029.0 -26845.0 -26984.0 -26815.0 
-26724.0 -26895.0 -26611.0 -26907.0 -26756.0 -26856.0 -26837.0 
-26720.0 -26912.0 -26965.0 -26738.0 -26844.0 -26896.0 -26891.0 
-27154.0 -26746.0 -27027.0 -27119.0 -26674.0 -27111.0 -26755.0 
-26722.0 -26764.0 -26967.0 -26735.0 -26699.0 -26941.0 -27074.0 
-27162.0 -27177.0 -27507.0 -27253.0 -27223.0 -27485.0 -27548.0 
-27271.0 -27657.0 -27490.0 -27449.0 -27422.0 -27431.0 -27362.0 
-27327.0 -27191.0 -27570.0 -27434.0 -27224.0 -27566.0 -27600.0 
-27404.0 -27699.0 -27582.0 -27431.0 -27898.0 -27587.0 -27462.0 
-27562.0 -27467.0 -27499.0 -27195.0 -27629.0 -27243.0 -27415.0 
-27337.0 -27181.0 -27536.0 -27236.0 -27257.0 -27362.0 -27437.0 
-27098.0 -27446.0 -27221.0 -27363.0 -27464.0 -27553.0 -27495.0 
-27446.0 -27926.0 -27729.0 -27840.0 -27858.0 -27766.0 -27609.0 
-27760.0 -27726.0 -27624.0 -27669.0 -27614.0 -27646.0 -27513.0 
-27750.0 -27355.0 -27700.0 -27397.0 -27289.0 -27270.0 -27287.0 
-27092.0 -27237.0 -27052.0 -27145.0 -27162.0 -27058.0 -27060.0 
-27065.0 -26999.0 -26925.0 -27051.0 -26724.0 -26982.0 -26902.0 
-26648.0 -26769.0 -26915.0 -26457.0 -26758.0 -26554.0 -26696.0 
-26460.0 -26509.0 -26653.0 -26499.0 -26681.0 -26564.0 -26538.0 
-26536.0 -26693.0 -26518.0 -26214.0 -26529.0 -26082.0 -25990.0 
-26408.0 -25833.0 -26320.0 -26106.0 -26507.0 -26172.0 -26515.0 
-26403.0 -26584.0 -26775.0 -26506.0 -26850.0 -26802.0 -26635.0 
-26984.0 -26822.0 -26427.0 -27141.0 -26520.0 -26736.0 -26615.0 
-26318.0 -26445.0 -26087.0 -26380.0 -26050.0 -26068.0 -26266.0 
-26125.0 -26213.0 -26028.0 -26259.0 -25958.0 -26088.0 -26261.0 
-25992.0 -26327.0 -25905.0 -26095.0 -25983.0 -25812.0 -25824.0 
-25735.0 -25437.0 -25573.0 -25551.0 -25551.0 -25225.0 -25586.0 
-25741.0 -25331.0 -25736.0 -25531.0 -25698.0 -25436.0 -25758.0 
-25400.0 -25782.0 -25409.0 -25513.0 -25605.0 -25396.0 -25670.0 
-25686.0 -25929.0 -25823.0 -26141.0 -26367.0 -26140.0 -26357.0 
-26369.0 -26358.0 -26328.0 -26010.0 -26451.0 -26003.0 -26191.0 
-26532.0 -26286.0 -26338.0 -26446.0 -26656.0 -26602.0 -26617.0 
-26885.0 -26998.0 -26888.0 -27082.0 -26942.0 -27131.0 -27104.0 
-27067.0 -26990.0 -27284.0 -27195.0 -27210.0 -27183.0 -27378.0 
-27453.0 -27521.0 -26931.0 -27633.0 -27127.0 -26837.0 -27164.0 
-27357.0 -27064.0 -27232.0 -27288.0 -27171.0 -27149.0 -27234.0 
-27038.0 -26839.0 -27042.0 -26755.0 -26780.0 -26723.0 -26736.0 
-26667.0 -26604.0 -26920.0 -26755.0 -26526.0 -26873.0 -26391.0 
-26884.0 -26433.0 -26517.0 -26426.0 -26445.0 -26286.0 -26105.0 
-26306.0 -25756.0 -26098.0 -25866.0 -25649.0 -25834.0 -25854.0 
-25552.0 -25670.0 -25686.0 -25586.0 -25818.0 -25614.0 -25948.0 
-25422.0 -25836.0 -25659.0 -25545.0 -25775.0 -25353.0 -25847.0 
-25379.0 -25602.0 -25728.0 -25477.0 -25517.0 -25564.0 -25473.0 
-25481.0 -25732.0 -25618.0 -25622.0 -25574.0 -25632.0 -25730.0 
-25897.0 -25589.0 -25756.0 -25599.0 -25600.0 -25395.0 -25567.0 
-25078.0 -25488.0 -25294.0 -25335.0 -25136.0 -25205.0 -25355.0 
-25136.0 -25418.0 -25274.0 -25615.0 -25521.0 -25705.0 -25480.0 
-25547.0 -25608.0 -25608.0 -25424.0 -25527.0 -25476.0 -25650.0 
-25470.0 -25675.0 -25523.0 -25593.0 -25623.0 -25738.0 -25866.0 
-25693.0 -25943.0 -26301.0 -25928.0 -26334.0 -26140.0 -26203.0 
-26320.0 -26118.0 -26236.0 -25903.0 -26121.0 -26348.0 -26197.0 
-26070.0 -26238.0 -26322.0 -26236.0 -26092.0 -26477.0 -26089.0 
-26174.0 -26197.0 -26308.0 -26019.0 -26110.0 -26087.0 -25910.0 
-26112.0 -26041.0 -26124.0 -26321.0 -26160.0 -26364.0 -26457.0 
-26253.0 -26392.0 -26279.0 -25972.0 -26262.0 -26173.0 -25870.0 
-25877.0 -25908.0 -25526.0 -25735.0 -25555.0 -25776.0 -26236.0 
-25668.0 -25589.0 -26018.0 -25053.0 -25649.0 -25719.0 -25281.0 
-25947.0 -25847.0 -25953.0 -25692.0 -26141.0 -26054.0 -26277.0 
-25983.0 -25337.0 -26177.0 -25880.0 -25999.0 -26251.0 -25955.0 
-26484.0 -26121.0 -25893.0 -26617.0 -26420.0 -26562.0 -26932.0 
-26330.0 -26675.0 -26256.0 -26549.0 -26171.0 -26241.0 -26379.0 
-26089.0 -26915.0 -26228.0 -26492.0 -25767.0 -25662.0 -26153.0 
-25575.0 -26270.0 -25696.0 -25508.0 -25593.0 -25853.0 -26183.0 
-25659.0 -25683.0 -26070.0 -25663.0 -25848.0 -25449.0 -26518.0 
-25756.0 -25436.0 -25843.0 -25287.0 -25686.0 -25589.0 -26247.0 
-26095.0 -26284.0 -26480.0 -26280.0 -25812.0 -26646.0 -26653.0 
-26498.0 -26624.0 -26229.0 -26707.0 -26188.0 -26528.0 -26911.0 
-26519.0 -27005.0 -27010.0 -26426.0 -26778.0 -27063.0 -27279.0 
-26817.0 -26871.0 -26498.0 -26725.0 -26380.0 -26007.0 -26914.0 
-26312.0 -26167.0 -26278.0 -26083.0 -25724.0 -26296.0 -25640.0 
-25564.0 -25729.0 -25974.0 -25503.0 -25957.0 -26157.0 -26020.0 
-26249.0 -26372.0 -25995.0 -26153.0 -26123.0 -26025.0 -26458.0 
-26153.0 -26134.0 -26231.0 -25828.0 -25700.0 -25954.0 -25537.0 
-25989.0 -25775.0 -25941.0 -25806.0 -25020.0 -25793.0 -25473.0 
-25604.0 -25827.0 -25587.0 -25490.0 -25553.0 -25729.0 -25411.0 
-25742.0 -25774.0 -25291.0 -25594.0 -25959.0 -25924.0 -25671.0 
-25230.0 -25500.0 -25117.0 -25443.0 -25228.0 -26045.0 -25617.0 
-25300.0 -25915.0 -26311.0 -25984.0 -25951.0 -25908.0 -25945.0 
-26095.0 -25966.0 -25682.0 -26681.0 -26021.0 -26038.0 -26212.0 
-26078.0 -25842.0 -25908.0 -26319.0 -26173.0 -26253.0 -26111.0 
-26660.0 -26367.0 -26484.0 -26959.0 -26701.0 -27117.0 -26482.0 
-26746.0 -27077.0 -26491.0 -27495.0 -27413.0 -26428.0 -27351.0 
-27340.0 -27036.0 -27558.0 -27434.0 -28114.0 -27350.0 -27220.0 
-27847.0 -27975.0 -27561.0 -27534.0 -27817.0 -27902.0 -27799.0 
-28091.0 -27915.0 -28007.0 -27606.0 -28094.0 -27981.0 -27658.0 
-28319.0 -28485.0 -27365.0 -28096.0 -28183.0 -27589.0 -27785.0 
-27495.0 -28213.0 -27628.0 -27604.0 -27878.0 -27399.0 -27691.0 
-27824.0 -27589.0 -27797.0 -27309.0 -27396.0 -27980.0 -27518.0 
-28062.0 -27602.0 -27500.0 -27800.0 -27633.0 -27539.0 -27225.0 
-27530.0 -27341.0 -28023.0 -27337.0 -27718.0 -27776.0 -27657.0 
-27940.0 -28348.0 -27895.0 -27719.0 -28188.0 -27806.0 -28359.0 
-27465.0 -27834.0 -27935.0 -27586.0 -27178.0 -27209.0 -27846.0 
-26932.0 -27085.0 -27702.0 -27504.0 -27158.0 -27254.0 -27777.0 
-27404.0 -27743.0 -27637.0 -27061.0 -27250.0 -27197.0 -27302.0 
-27106.0 -26910.0 -26799.0 -26944.0 -26402.0 -26529.0 -26698.0 
-26602.0 -26207.0 -26100.0 -25883.0 -26012.0 -25506.0 -25842.0 
-25361.0 -25459.0 -26476.0 -25447.0 -25695.0 -26022.0 -26191.0 
-26145.0 -25975.0 -26599.0 -25900.0 -25767.0 -26803.0 -26413.0 
-26171.0 -26664.0 -26356.0 -25679.0 -26155.0 -26313.0 -26225.0 
-26027.0 -25560.0 -26302.0 -26437.0 -25954.0 -26485.0 -26539.0 
-26155.0 -25934.0 -26941.0 -26226.0 -25701.0 -27182.0 -26638.0 
-25938.0 -26276.0 -26438.0 -26514.0 -26039.0 -25788.0 -25945.0 
-25302.0 -25376.0 -26288.0 -25815.0 -25296.0 -25844.0 -25755.0 
-25787.0 -25721.0 -25844.0 -26270.0 -25351.0 -25718.0 -25607.0 
-25654.0 -25845.0 -26315.0 -26309.0 -26721.0 -27107.0 -26665.0 
-26107.0 -26715.0 -26710.0 -26213.0 -26528.0 -26426.0 -26567.0 
-26586.0 -26547.0 -26883.0 -26365.0 -26171.0 -26406.0 -26039.0 
-26552.0 -26429.0 -25190.0 -26334.0 -26500.0 -26203.0 -26369.0 
-25860.0 -25956.0 -25901.0 -26225.0 -25918.0 -26637.0 -26784.0 
-26509.0 -27277.0 -26636.0 -26122.0 -25935.0 -26365.0 -26619.0 
-26046.0 -26057.0 -26542.0 -26595.0 -27520.0 -26438.0 -26116.0 
-25950.0 -25375.0 -26497.0 -26994.0 -26188.0 -26956.0 -26760.0 
-26286.0 -27213.0 -26116.0 -26699.0 -26350.0 -26189.0 -26720.0 
-26317.0 -27104.0 -26931.0 -26200.0 -26341.0 -26572.0 -26908.0 
-25677.0 -26787.0 -26892.0 -25292.0 -26233.0 -26454.0 -26371.0 
-26228.0 -25736.0 -25444.0 -25761.0 -26308.0 -25847.0 -26700.0 
-26375.0 -27191.0 -26769.0 -26090.0 -26681.0 -27240.0 -26016.0 
-26883.0 -27203.0 -25629.0 -26658.0 -27322.0 -26718.0 -26737.0 
-27374.0 -26433.0 -25912.0 -26834.0 -25887.0 -25254.0 -26668.0 
-26724.0 -26749.0 -26572.0 -26571.0 -26015.0 -26404.0 -26071.0 
-26333.0 -25765.0 -25870.0 -25772.0 -25663.0 -26412.0 -26059.0 
-25625.0 -25067.0 -25866.0 -25991.0 -25042.0 -25387.0 -25061.0 
-25091.0 -25834.0 -25555.0 -25710.0 -25921.0 -25434.0 -25542.0 
-25647.0 -25476.0 -25691.0 -26011.0 -25602.0 -25592.0 -25960.0 
-25713.0 -26079.0 -26035.0 -25997.0 -26003.0 -25834.0 -25728.0 
-25769.0 -25890.0 -25490.0 -25664.0 -25779.0 -25459.0 -26257.0 
-25658.0 -25400.0 -25582.0 -25528.0 -25781.0 -24857.0 -25397.0 
-25353.0 -25902.0 -25426.0 -24928.0 -25696.0 -25234.0 -25272.0 
-25621.0 -25419.0 -25184.0 -25082.0 -25509.0 -25576.0 -25139.0 
-25615.0 -25400.0 -25523.0 -25804.0 -25465.0 -25468.0 -25137.0 
-24938.0 -25749.0 -25146.0 -25118.0 -25779.0 -25028.0 -25099.0 
-25568.0 -25369.0 -25573.0 -25491.0 -25545.0 -25804.0 -24901.0 
-25551.0 -26270.0 -25260.0 -25396.0 -25729.0 -25407.0 -25116.0 
-26010.0 -25795.0 -25265.0 -25857.0 -25079.0 -25273.0 -25125.0 
-25055.0 -25258.0 -25344.0 -25687.0 -25564.0 -25699.0 -25687.0 
-25289.0 -25587.0 -25745.0 -25709.0 -25524.0 -25611.0 -25579.0 
-25425.0 -25859.0 -25748.0 -25659.0 -25699.0 -25806.0 -26061.0 
-25972.0 -26003.0 -25767.0 -26042.0 -26359.0 -26154.0 -26779.0 
-26205.0 -26170.0 -26008.0 -26073.0 -26514.0 -26315.0 -26492.0 
-26481.0 -26387.0 -26712.0 -26625.0 -26570.0 -26791.0 -27118.0 
-26785.0 -26345.0 -26931.0 -26978.0 -26782.0 -27628.0 -27097.0 
-26777.0 -26604.0 -27253.0 -26554.0 -26820.0 -26856.0 -26865.0 
-27263.0 -26859.0 -27170.0 -27202.0 -27672.0 -27715.0 -27686.0 
-27798.0 -27673.0 -28009.0 -27832.0 -28155.0 -27772.0 -27091.0 
-28093.0 -27975.0 -27918.0 -28087.0 -27705.0 -28125.0 -27825.0 
-27674.0 -27893.0 -27912.0 -27877.0 -27639.0 -28058.0 -27334.0 
-27137.0 -27669.0 -27154.0 -26948.0 -27408.0 -27133.0 -27332.0 
-26923.0 -26955.0 -27343.0 -26542.0 -27200.0 -27108.0 -26943.0 
-27312.0 -27095.0 -27438.0 -27120.0 -27193.0 -27455.0 -26595.0 
-26967.0 -27075.0 -26828.0 -27114.0 -26919.0 -27203.0 -26861.0 
-27194.0 -27012.0 -26919.0 -26442.0 -26738.0 -27175.0 -26303.0 
-26463.0 -26861.0 -26799.0 -26683.0 -26822.0 -26689.0 -26581.0 
-26279.0 -26395.0 -26648.0 -25987.0 -26635.0 -26473.0 -25774.0 
-26302.0 -26289.0 -26285.0 -26509.0 -26355.0 -26393.0 -26179.0 
-26680.0 -25986.0 -26108.0 -26505.0 -26468.0 -26115.0 -26004.0 
-25969.0 -26076.0 -25838.0 -25946.0 -25899.0 -26061.0 -25593.0 
-25864.0 -25806.0 -25790.0 -26398.0 -25854.0 -25692.0 -25937.0 
-25825.0 -25775.0 -26294.0 -25543.0 -25906.0 -25817.0 -25369.0 
-25837.0 -25089.0 -25113.0 -25876.0 -25372.0 -25584.0 -25724.0 
-25922.0 -25299.0 -25563.0 -25791.0 -25335.0 -25269.0 -25372.0 
-25162.0 -24873.0 -24983.0 -25243.0 -25250.0 -24810.0 -24776.0 
-25592.0 -24353.0 -25104.0 -25264.0 -25244.0 -25127.0 -24921.0 
-24699.0 -24861.0 -25066.0 -24599.0 -24907.0 -24458.0 -24307.0 
-24775.0 -24314.0 -23833.0 -24578.0 -24498.0 -24360.0 -24119.0 
-24485.0 -24311.0 -24696.0 -24280.0 -24363.0 -24926.0 -24488.0 
-24700.0 -24504.0 -24496.0 -24634.0 -24621.0 -24756.0 -24533.0 
-24598.0 -24484.0 -24979.0 -24690.0 -24969.0 -24961.0 -24658.0 
-24686.0 -24917.0 -24837.0 -24773.0 -24913.0 -24583.0 -24448.0 
-24980.0 -24462.0 -25040.0 -25110.0 -24974.0 -24882.0 -24582.0 
-24977.0 -25169.0 -24681.0 -24819.0 -25225.0 -24970.0 -25156.0 
-25217.0 -25519.0 -25133.0 -25727.0 -25384.0 -25115.0 -24991.0 
-25500.0 -25710.0 -25284.0 -25641.0 -25979.0 -25405.0 -26313.0 
-25829.0 -25655.0 -26127.0 -25488.0 -26184.0 -25885.0 -25917.0 
-26008.0 -26229.0 -26096.0 -25917.0 -26477.0 -26133.0 -26466.0 
-26984.0 -26474.0 -26543.0 -26721.0 -26237.0 -26475.0 -26663.0 
-26468.0 -25837.0 -26222.0 -26294.0 -26008.0 -26178.0 -26225.0 
-26130.0 -26506.0 -26169.0 -26399.0 -26896.0 -26904.0 -27173.0 
-27011.0 -27402.0 -27326.0 -27145.0 -26981.0 -27401.0 -27087.0 
-27151.0 -27689.0 -27157.0 -27376.0 -27719.0 -27433.0 -27649.0 
-27238.0 -27368.0 -27037.0 -27979.0 -27865.0 -27076.0 -27536.0 
-27347.0 -27401.0 -27628.0 -27315.0 -27334.0 -27418.0 -27079.0 
-27604.0 -27022.0 -26790.0 -27095.0 -26683.0 -27013.0 -27246.0 
-26889.0 -27057.0 -27100.0 -27584.0 -27280.0 -27097.0 -27229.0 
-27770.0 -27246.0 -27265.0 -27245.0 -27303.0 -27331.0 -27276.0 
-27531.0 -27380.0 -27780.0 -27758.0 -27553.0 -27416.0 -28050.0 
-27845.0 -27473.0 -27786.0 -27642.0 -27679.0 -26817.0 -27201.0 
-27075.0 -26828.0 -26925.0 -26970.0 -27021.0 -26335.0 -27043.0 
-27123.0 -26904.0 -26499.0 -26584.0 -26543.0 -26700.0 -26450.0 
-26564.0 -26698.0 -26647.0 -26686.0 -26434.0 -26653.0 -26947.0 
-25513.0 -25774.0 -27240.0 -26548.0 -26269.0 -26259.0 -26649.0 
-26604.0 -26365.0 -25956.0 -26150.0 -26447.0 -27071.0 -26331.0 
-26362.0 -27302.0 -26750.0 -26272.0 -26462.0 -26722.0 -26757.0 
-26639.0 -26068.0 -26780.0 -27254.0 -26141.0 -26152.0 -27065.0 
-26222.0 -26098.0 -26110.0 -25934.0 -26477.0 -26918.0 -26332.0 
-26193.0 -25903.0 -26291.0 -26228.0 -25830.0 -26857.0 -27091.0 
-25977.0 -25652.0 -25860.0 -26312.0 -26488.0 -26330.0 -26082.0 
-26479.0 -26020.0 -26122.0 -26236.0 -25918.0 -27166.0 -26121.0 
-26028.0 -27004.0 -25637.0 -25928.0 -27337.0 -26739.0 -25522.0 
-26163.0 -26361.0 -25941.0 -26207.0 -25531.0 -26337.0 -27035.0 
-26321.0 -26091.0 -26198.0 -26435.0 -25901.0 -25944.0 -26588.0 
-26197.0 -26117.0 -25953.0 -26509.0 -25828.0 -26153.0 -26781.0 
-25354.0 -25672.0 -26981.0 -25600.0 -25966.0 -26395.0 -25793.0 
-26561.0 -26075.0 -26146.0 -26252.0 -26337.0 -26175.0 -26534.0 
-27214.0 -26070.0 -26431.0 -26237.0 -25644.0 -26697.0 -26229.0 
-26355.0 -25870.0 -25678.0 -26359.0 -26806.0 -26443.0 -26101.0 
-26216.0 -26505.0 -26307.0 -26007.0 -26151.0 -26662.0 -27017.0 
-26521.0 -26547.0 -26667.0 -26768.0 -26171.0 -26411.0 -25858.0 
-26143.0 -27180.0 -26488.0 -26636.0 -26910.0 -26872.0 -26893.0 
-26713.0 -26807.0 -26889.0 -27148.0 -26527.0 -26130.0 -26717.0 
-26634.0 -26947.0 -26830.0 -26786.0 -26398.0 -25381.0 -25648.0 
-26758.0 -27019.0 -27349.0 -27154.0 -26420.0 -26095.0 -26340.0 
-26413.0 -27094.0 -25527.0 -25656.0 -27235.0 -26007.0 -26064.0 
-26985.0 -26724.0 -26010.0 -26477.0 -26358.0 -26245.0 -27151.0 
-26700.0 -26418.0 -26966.0 -26610.0 -26472.0 -26141.0 -26141.0 
-26563.0 -27046.0 -26083.0 -25857.0 -26796.0 -26569.0 -25769.0 
-25704.0 -26459.0 -26836.0 -26421.0 -25812.0 -26156.0 -25889.0 
-26360.0 -25486.0 -27027.0 -26272.0 -25588.0 -26530.0 -26277.0 
-25119.0 -25883.0 -26178.0 -25071.0 -25514.0 -26365.0 -26488.0 
-25287.0 -26090.0 -25738.0 -25891.0 -24943.0 -26042.0 -25931.0 
-25697.0 -25448.0 -25957.0 -25612.0 -26624.0 -25716.0 -25654.0 
-26014.0 -25665.0 -25736.0 -24979.0 -25423.0 -26264.0 -25841.0 
-24898.0 -25929.0 -26177.0 -25183.0 -25247.0 -24704.0 -24761.0 
-25763.0 -25891.0 -25606.0 -25419.0 -25882.0 -25957.0 -24893.0 
-25753.0 -25918.0 -24936.0 -25708.0 -25668.0 -25435.0 -25945.0 
-26122.0 -25682.0 -26436.0 -25733.0 -26595.0 -26355.0 -26882.0 
-26247.0 -26335.0 -26559.0 -26658.0 -26608.0 -26922.0 -26637.0 
-26352.0 -26985.0 -26397.0 -26483.0 -26424.0 -25917.0 -26091.0 
-26271.0 -26652.0 -26551.0 -26558.0 -26546.0 -25774.0 -26776.0 
-26992.0 -26476.0 -25576.0 -26115.0 -26807.0 -26151.0 -25907.0 
-26313.0 -26180.0 -25996.0 -26098.0 -26945.0 -26603.0 -26272.0 
-25926.0 -26393.0 -26186.0 -25746.0 -26006.0 -26329.0 -26480.0 
-26170.0 -26646.0 -26070.0 -26586.0 -26817.0 -26028.0 -26679.0 
-27145.0 -26094.0 -26518.0 -26676.0 -27159.0 -26680.0 -26942.0 
-27433.0 -25995.0 -26917.0 -27512.0 -26906.0 -27531.0 -26673.0 
-26651.0 -26859.0 -27272.0 -26867.0 -26549.0 -27926.0 -26490.0 
-26635.0 -27216.0 -26763.0 -26789.0 -27063.0 -27430.0 -27083.0 
-27391.0 -26888.0 -27074.0 -26867.0 -26361.0 -26889.0 -27149.0 
-27318.0 -27141.0 -26757.0 -27238.0 -27205.0 -26880.0 -26670.0 
-26581.0 -26130.0 -26640.0 -26526.0 -26191.0 -26044.0 -26430.0 
-26571.0 -26133.0 -26474.0 -26755.0 -26260.0 -26282.0 -27250.0 
-25981.0 -26318.0 -26629.0 -25995.0 -26326.0 -26299.0 -26260.0 
-26641.0 -26373.0 -26421.0 -25988.0 -26307.0 -26383.0 -26215.0 
-26256.0 -26408.0 -26207.0 -26688.0 -26692.0 -25946.0 -26339.0 
-26397.0 -26639.0 -25988.0 -26207.0 -26662.0 -26569.0 -26397.0 
-26632.0 -26948.0 -26024.0 -26010.0 -26081.0 -26374.0 -25962.0 
-25989.0 -26431.0 -26663.0 -26430.0 -26314.0 -26492.0 -26007.0 
-26079.0 -26099.0 -25925.0 -26288.0 -26192.0 -26375.0 -26449.0 
-26080.0 -26157.0 -26471.0 -25909.0 -25831.0 -25996.0 -25722.0 
-25517.0 -25666.0 -25556.0 -25542.0 -26105.0 -25144.0 -25511.0 
-25680.0 -25683.0 -25846.0 -26085.0 -26136.0 -25451.0 -25298.0 
-25671.0 -26242.0 -25926.0 -25653.0 -25664.0 -25816.0 -25885.0 
-25932.0 -26078.0 -26081.0 -25843.0 -26112.0 -25463.0 -25484.0 
-26022.0 -25221.0 -25363.0 -25940.0 -26281.0 -25787.0 -25858.0 
-26100.0 -25807.0 -26257.0 -25903.0 -25767.0 -26553.0 -26620.0 
-27000.0 -26637.0 -26899.0 -26869.0 -26692.0 -26248.0 -25322.0 
-25335.0 -26551.0 -26805.0 -27338.0 -26615.0 -26574.0 -27083.0 
-26495.0 -25911.0 -26029.0 -27344.0 -26342.0 -26486.0 -26540.0 
-27030.0 -27560.0 -25963.0 -26803.0 -27182.0 -26615.0 -27340.0 
-26446.0 -26113.0 -26608.0 -26536.0 -27220.0 -26131.0 -26102.0 
-27561.0 -26999.0 -26421.0 -27759.0 -27019.0 -26035.0 -26370.0 
-26851.0 -27170.0 -25507.0 -25812.0 -26546.0 -25345.0 -24903.0 
-26523.0 -26017.0 -25698.0 -27010.0 -25660.0 -24590.0 -26715.0 
-27700.0 -26960.0 -26811.0 -27133.0 -27681.0 -26771.0 -25565.0 
-26308.0 -26686.0 -24704.0 -24631.0 -25454.0 -24583.0 -24920.0 
-25306.0 -25906.0 -25677.0 -26301.0 -26748.0 -25140.0 -26397.0 
-26012.0 -23726.0 -24954.0 -25903.0 -25739.0 -25276.0 -26282.0 
-25750.0 -25747.0 -26978.0 -26053.0 -27368.0 -27847.0 -25822.0 
-25982.0 -25738.0 -25130.0 -25204.0 -23763.0 -24329.0 -24589.0 
-25289.0 -25584.0 -26248.0 -27017.0 -27252.0 -27550.0 -27756.0 
-27494.0 -27019.0 -26222.0 -25023.0 -25049.0 -26154.0 -25821.0 
-25361.0 -26314.0 -26972.0 -26129.0 -26387.0 -27683.0 -27543.0 
-26968.0 -28052.0 -25510.0 -25534.0 -26553.0 -27222.0 -26241.0 
-25889.0 -27512.0 -26331.0 -27196.0 -25812.0 -27504.0 -28234.0 
-26796.0 -26408.0 -25462.0 -25981.0 -26364.0 -26863.0 -26729.0 
-26730.0 -27493.0 -26697.0 -27701.0 -28684.0 -27117.0 -26564.0 
-27601.0 -28051.0 -27354.0 -26930.0 -25773.0 -25504.0 -26478.0 
-26025.0 -25892.0 -26665.0 -26932.0 -26907.0 -28180.0 -28982.0 
-28118.0 -28141.0 -28335.0 -27641.0 -26686.0 -25602.0 -26060.0 
-26537.0 -26126.0 -26589.0 -26819.0 -26495.0 -26418.0 -26319.0 
-27027.0 -27017.0 -26346.0 -26464.0 -25732.0 -25676.0 -26466.0 
-25971.0 -25395.0 -26338.0 -26150.0 -26140.0 -26391.0 -26193.0 
-26582.0 -25514.0 -25502.0 -26977.0 -26268.0 -24976.0 -25198.0 
-26313.0 -25199.0 -25436.0 -25536.0 -24749.0 -25997.0 -26476.0 
-25283.0 -25881.0 -26524.0 -25328.0 -25460.0 -25657.0 -25561.0 
-25086.0 -25572.0 -24753.0 -24931.0 -25259.0 -24617.0 -24362.0 
-25374.0 -25382.0 -24387.0 -25556.0 -25263.0 -24702.0 -25444.0 
-24487.0 -24984.0 -24988.0 -24744.0 -25201.0 -24867.0 -25522.0 
-25199.0 -24669.0 -25503.0 -25251.0 -24425.0 -24248.0 -23666.0 
-23913.0 -24604.0 -25448.0 -26117.0 -24945.0 -24892.0 -25009.0 
-26103.0 -26086.0 -24946.0 -25878.0 -25426.0 -25578.0 -25310.0 
-25313.0 -24315.0 -22664.0 -24213.0 -24834.0 -24065.0 -24750.0 
-24844.0 -25502.0 -24622.0 -24685.0 -25010.0 -24867.0 -24543.0 
-24973.0 -25309.0 -25091.0 -24405.0 -24666.0 -24003.0 -23956.0 
-24642.0 -24103.0 -24218.0 -24184.0 -24730.0 -25361.0 -25341.0 
-25421.0 -25458.0 -25627.0 -25355.0 -25306.0 -25993.0 -25669.0 
-25209.0 -24461.0 -24582.0 -24185.0 -24191.0 -24728.0 -24950.0 
-24568.0 -24365.0 -24440.0 -24731.0 -24871.0 -25658.0 -24740.0 
-25359.0 -26012.0 -25274.0 -25524.0 -25418.0 -25436.0 -25621.0 
-26209.0 -25690.0 -25568.0 -26587.0 -24825.0 -24910.0 -25597.0 
-25122.0 -25335.0 -25585.0 -24898.0 -25414.0 -24600.0 -24859.0 
-25080.0 -24421.0 -24633.0 -24772.0 -25398.0 -24848.0 -24703.0 
-24678.0 -23811.0 -24468.0 -24745.0 -24704.0 -25404.0 -25122.0 
-24562.0 -23742.0 -23743.0 -24847.0 -24591.0 -24495.0 -25284.0 
-25419.0 -24893.0 -25346.0 -25758.0 -25639.0 -25519.0 -25724.0 
-25679.0 -24912.0 -25382.0 -23975.0 -23388.0 -23512.0 -23547.0 
-24525.0 -23809.0 -23328.0 -24370.0 -24379.0 -24052.0 -25069.0 
-24947.0 -24456.0 -24717.0 -24835.0 -24697.0 -24327.0 -24750.0 
-24958.0 -24315.0 -24077.0 -24762.0 -24289.0 -24064.0 -24960.0 
-24988.0 -24091.0 -24310.0 -24693.0 -24676.0 -24665.0 -25269.0 
-24839.0 -24864.0 -24796.0 -24875.0 -25021.0 -24174.0 -24214.0 
-24780.0 -24259.0 -25152.0 -25267.0 -25345.0 -25513.0 -24767.0 
-24170.0 -24188.0 -24189.0 -24323.0 -24406.0 -24413.0 -23821.0 
-24425.0 -24850.0 -24297.0 -24477.0 -24918.0 -24433.0 -24369.0 
-24430.0 -24086.0 -24550.0 -24700.0 -25369.0 -25430.0 -25466.0 
-25300.0 -24851.0 -25179.0 -25174.0 -24237.0 -24403.0 -24449.0 
-24768.0 -24706.0 -25251.0 -25323.0 -24960.0 -25454.0 -26034.0 
-25392.0 -25263.0 -25292.0 -24935.0 -25405.0 -25065.0 -24328.0 
-24472.0 -24887.0 -24519.0 -24406.0 -24974.0 -24655.0 -24844.0 
-24566.0 -23747.0 -24338.0 -23683.0 -24081.0 -24260.0 -23432.0 
-24105.0 -24228.0 -23750.0 -23588.0 -23872.0 -23618.0 -23480.0 
-23247.0 -23668.0 -23334.0 -23397.0 -23727.0 -23444.0 -24057.0 
-24560.0 -24233.0 -24610.0 -25033.0 -24890.0 -24992.0 -25163.0 
-24715.0 -24431.0 -24324.0 -24172.0 -24706.0 -24513.0 -24314.0 
-24785.0 -24888.0 -24330.0 -24060.0 -24817.0 -24779.0 -24662.0 
-24739.0 -24667.0 -23930.0 -24420.0 -24446.0 -23979.0 -24115.0 
-23639.0 -23559.0 -23336.0 -23985.0 -23593.0 -23794.0 -23775.0 
-23914.0 -24097.0 