280.0 -755.0 -1487.0 -813.0 1.0 -103.0 -717.0 
-1054.0 -1297.0 -1231.0 -853.0 -860.0 -1077.0 -899.0 
-708.0 -338.0 -58.0 -680.0 -1154.0 -1108.0 -1135.0 
-1499.0 -1685.0 -671.0 419.0 200.0 -373.0 -198.0 
-166.0 -723.0 -617.0 136.0 108.0 -272.0 -220.0 
-126.0 -158.0 -50.0 -211.0 -519.0 -722.0 -718.0 
-738.0 -1072.0 -1406.0 -1013.0 -9.0 381.0 -471.0 
-1057.0 -848.0 -461.0 340.0 1102.0 881.0 336.0 
135.0 181.0 659.0 703.0 845.0 1546.0 777.0 
-798.0 -493.0 605.0 295.0 -320.0 -139.0 -36.0 
207.0 51.0 -532.0 -295.0 -171.0 -518.0 -368.0 
188.0 336.0 22.0 -188.0 61.0 16.0 87.0 
782.0 648.0 72.0 -410.0 -315.0 363.0 523.0 
371.0 507.0 561.0 133.0 -268.0 -257.0 116.0 
476.0 676.0 653.0 481.0 602.0 623.0 549.0 
372.0 406.0 681.0 144.0 -1221.0 -782.0 730.0 
415.0 148.0 539.0 -56.0 53.0 1281.0 1277.0 
426.0 595.0 859.0 520.0 -330.0 -1096.0 -729.0 
-469.0 -396.0 320.0 315.0 -145.0 -376.0 -192.0 
145.0 161.0 -224.0 -71.0 566.0 1163.0 748.0 
-28.0 702.0 1246.0 1008.0 877.0 765.0 605.0 
185.0 383.0 609.0 61.0 -158.0 -123.0 -555.0 
-181.0 654.0 110.0 -448.0 567.0 1356.0 890.0 
332.0 99.0 -110.0 -37.0 5.0 -145.0 524.0 
1919.0 1562.0 -62.0 -215.0 401.0 259.0 380.0 
1335.0 945.0 -471.0 -340.0 103.0 157.0 209.0 
73.0 184.0 661.0 437.0 -97.0 116.0 -488.0 
-1739.0 -1454.0 -851.0 -524.0 -94.0 -118.0 -132.0 
342.0 346.0 -304.0 -410.0 -160.0 65.0 841.0 
936.0 -497.0 -1153.0 98.0 890.0 -138.0 -597.0 
525.0 367.0 -492.0 71.0 884.0 900.0 -125.0 
-795.0 170.0 289.0 -788.0 -768.0 -305.0 -520.0 
-249.0 568.0 848.0 680.0 851.0 668.0 610.0 
1180.0 1359.0 981.0 475.0 446.0 825.0 776.0 
59.0 -380.0 283.0 972.0 1336.0 785.0 77.0 
1038.0 1745.0 430.0 -821.0 78.0 1683.0 1487.0 
665.0 1262.0 1971.0 1139.0 168.0 136.0 -272.0 
-410.0 -142.0 -92.0 9.0 -83.0 -584.0 -478.0 
362.0 703.0 201.0 -204.0 -459.0 -401.0 279.0 
472.0 108.0 2.0 448.0 632.0 209.0 194.0 
655.0 604.0 814.0 1196.0 596.0 164.0 822.0 
1103.0 696.0 524.0 259.0 378.0 646.0 -382.0 
-1081.0 -102.0 200.0 -1170.0 -1109.0 105.0 -190.0 
-455.0 529.0 611.0 -600.0 -839.0 -1227.0 -1992.0 
-1310.0 -556.0 -548.0 140.0 846.0 191.0 -344.0 
279.0 962.0 690.0 627.0 994.0 901.0 540.0 
100.0 -100.0 72.0 520.0 1337.0 1421.0 48.0 
-933.0 -231.0 305.0 -125.0 -168.0 383.0 176.0 
-431.0 -67.0 398.0 204.0 -113.0 -630.0 -544.0 
515.0 886.0 341.0 162.0 -311.0 -970.0 -275.0 
953.0 1126.0 368.0 -684.0 -1006.0 -443.0 -205.0 
-197.0 207.0 -270.0 -998.0 -642.0 -420.0 -702.0 
-586.0 -592.0 -677.0 -401.0 148.0 546.0 902.0 
1038.0 278.0 -551.0 -144.0 33.0 -430.0 -814.0 
-602.0 576.0 893.0 -439.0 -969.0 -335.0 -168.0 
173.0 606.0 163.0 -329.0 -461.0 -683.0 96.0 
886.0 296.0 -187.0 227.0 331.0 -398.0 -821.0 
-268.0 -52.0 73.0 1035.0 1641.0 735.0 328.0 
336.0 -990.0 -1838.0 -1156.0 -189.0 455.0 736.0 
149.0 -858.0 -508.0 383.0 120.0 -340.0 -282.0 
-634.0 -1116.0 -1069.0 -1078.0 -967.0 463.0 1150.0 
55.0 -299.0 447.0 28.0 -1066.0 -938.0 -328.0 
-591.0 -1176.0 -686.0 443.0 771.0 768.0 502.0 
276.0 475.0 218.0 -656.0 -855.0 -13.0 381.0 
-166.0 -592.0 -208.0 39.0 -287.0 -580.0 -629.0 
-59.0 -470.0 -1345.0 -700.0 443.0 731.0 -43.0 
-765.0 -187.0 159.0 -1003.0 -1332.0 -409.0 -814.0 
-1511.0 -974.0 -833.0 -1202.0 -1258.0 -845.0 -124.0 
35.0 -488.0 -475.0 -613.0 -1450.0 -939.0 362.0 
54.0 -806.0 -809.0 -202.0 525.0 -109.0 -1599.0 
-975.0 741.0 538.0 -939.0 -780.0 165.0 133.0 
-431.0 -973.0 -315.0 345.0 -502.0 -1191.0 -649.0 
-326.0 -1290.0 -1552.0 -887.0 -1331.0 -1375.0 -262.0 
44.0 -665.0 -466.0 140.0 407.0 507.0 144.0 
22.0 157.0 -105.0 -264.0 -532.0 -984.0 -913.0 
-952.0 -934.0 -406.0 -502.0 -720.0 -101.0 -364.0 
-1444.0 -1194.0 -319.0 -264.0 -70.0 392.0 80.0 
-137.0 -180.0 -915.0 -858.0 286.0 141.0 -1094.0 
-880.0 315.0 335.0 132.0 383.0 275.0 111.0 
132.0 57.0 237.0 -401.0 -1875.0 -1828.0 -871.0 
-1171.0 -2048.0 -1362.0 -80.0 -101.0 -859.0 -1262.0 
-1197.0 -1474.0 -1781.0 -1685.0 -1669.0 -1902.0 -2324.0 
-1644.0 -781.0 -991.0 -937.0 -556.0 14.0 745.0 
265.0 -535.0 170.0 504.0 -728.0 -976.0 -108.0 
437.0 493.0 -168.0 -467.0 24.0 -248.0 -672.0 
-801.0 -783.0 -321.0 -272.0 -643.0 -312.0 -665.0 
-1455.0 -543.0 453.0 -244.0 -1012.0 -944.0 -947.0 
-1341.0 -1511.0 -1155.0 -704.0 -776.0 -807.0 -403.0 
-719.0 -901.0 19.0 -129.0 -1289.0 -1327.0 -449.0 
-370.0 -1055.0 -1078.0 -531.0 -107.0 -297.0 -888.0 
-1344.0 -1285.0 -925.0 -967.0 -1513.0 -1391.0 -405.0 
504.0 370.0 -440.0 -337.0 351.0 686.0 284.0 
-718.0 -810.0 379.0 830.0 47.0 322.0 927.0 
-67.0 -532.0 -23.0 14.0 -10.0 -105.0 -688.0 
-952.0 -647.0 -82.0 103.0 335.0 735.0 479.0 
1.0 -23.0 359.0 401.0 451.0 410.0 -256.0 
-687.0 -584.0 -525.0 -567.0 -952.0 -972.0 -206.0 
457.0 590.0 238.0 -190.0 -220.0 183.0 146.0 
78.0 -35.0 -1172.0 -1616.0 451.0 2385.0 2021.0 
906.0 714.0 1064.0 604.0 -268.0 -325.0 98.0 
187.0 688.0 1778.0 1445.0 270.0 430.0 1649.0 
1364.0 -280.0 -732.0 110.0 200.0 -21.0 495.0 
517.0 -395.0 -962.0 -472.0 -67.0 -396.0 -381.0 
427.0 730.0 -79.0 -850.0 -116.0 1601.0 1634.0 
869.0 956.0 749.0 126.0 -322.0 -426.0 106.0 
980.0 763.0 -118.0 -124.0 -47.0 -474.0 -697.0 
-376.0 -47.0 -14.0 -291.0 -252.0 622.0 1576.0 
806.0 -716.0 -698.0 -212.0 -276.0 56.0 485.0 
176.0 224.0 103.0 -473.0 133.0 1066.0 515.0 
25.0 952.0 1083.0 -91.0 -218.0 291.0 251.0 
207.0 323.0 534.0 237.0 -169.0 638.0 1059.0 
250.0 644.0 1468.0 335.0 -367.0 781.0 838.0 
-344.0 -624.0 -620.0 -901.0 -532.0 -98.0 -356.0 
-473.0 -119.0 218.0 278.0 -152.0 -352.0 -133.0 
-730.0 -1084.0 -186.0 378.0 -24.0 -345.0 -795.0 
-1534.0 -1245.0 -47.0 170.0 76.0 629.0 320.0 
-533.0 -189.0 313.0 -149.0 -47.0 1329.0 1689.0 
-43.0 -2087.0 -1930.0 -290.0 1141.0 1502.0 297.0 
-439.0 284.0 335.0 104.0 873.0 1227.0 612.0 
349.0 583.0 310.0 -317.0 -167.0 144.0 428.0 
559.0 -40.0 24.0 525.0 366.0 -523.0 -599.0 
982.0 1062.0 -653.0 -559.0 393.0 -278.0 -1018.0 
-351.0 337.0 277.0 -130.0 -574.0 -319.0 -420.0 
-599.0 -137.0 -116.0 -461.0 -446.0 -367.0 -406.0 
-901.0 -1447.0 -1078.0 -181.0 -113.0 -710.0 -682.0 
-12.0 179.0 -198.0 -169.0 516.0 777.0 67.0 
-340.0 -60.0 449.0 372.0 656.0 1013.0 507.0 
-319.0 -648.0 -219.0 217.0 453.0 883.0 513.0 
-592.0 -928.0 -483.0 146.0 228.0 -100.0 -540.0 
-1124.0 -954.0 138.0 137.0 -565.0 -8.0 576.0 
-355.0 -1203.0 -1004.0 -370.0 -42.0 -245.0 -1077.0 
-1303.0 -338.0 358.0 81.0 21.0 671.0 -196.0 
-1575.0 -750.0 243.0 -6.0 -209.0 -451.0 -831.0 
-809.0 -544.0 -3.0 776.0 1211.0 186.0 -802.0 
-253.0 -65.0 -843.0 -581.0 451.0 738.0 272.0 
-472.0 -541.0 371.0 84.0 -1259.0 -1108.0 193.0 
1050.0 861.0 -203.0 -922.0 -590.0 385.0 658.0 
37.0 -386.0 -622.0 -792.0 -166.0 469.0 -357.0 
-1735.0 -1453.0 -485.0 -267.0 -51.0 20.0 -246.0 
222.0 207.0 -766.0 -923.0 -727.0 -716.0 -754.0 
-718.0 40.0 470.0 117.0 -104.0 -364.0 -668.0 
-269.0 372.0 558.0 -267.0 -1434.0 -1121.0 73.0 
450.0 339.0 124.0 -237.0 -20.0 659.0 556.0 
-249.0 181.0 1387.0 1210.0 130.0 -418.0 -54.0 
272.0 -64.0 -335.0 -116.0 -163.0 -176.0 545.0 
644.0 -165.0 -264.0 463.0 1046.0 516.0 121.0 
1161.0 896.0 -682.0 -403.0 149.0 -806.0 -1012.0 
-283.0 -107.0 41.0 145.0 -646.0 -1281.0 -863.0 
-381.0 -676.0 -687.0 852.0 1699.0 705.0 -60.0 
261.0 853.0 930.0 232.0 -836.0 -1364.0 -1019.0 
-509.0 -238.0 359.0 235.0 -450.0 -148.0 362.0 
-4.0 -459.0 -47.0 127.0 -725.0 -787.0 -28.0 
-202.0 -985.0 -742.0 -148.0 -430.0 -523.0 -521.0 
-548.0 664.0 1684.0 1365.0 612.0 82.0 215.0 
319.0 -186.0 -366.0 -105.0 100.0 85.0 -7.0 
-24.0 -13.0 -432.0 -1031.0 -673.0 244.0 -57.0 
-1356.0 -1341.0 -120.0 -71.0 -1049.0 -1613.0 -1745.0 
-1106.0 189.0 854.0 292.0 -70.0 655.0 1059.0 
300.0 -828.0 -1384.0 -771.0 -588.0 -1191.0 -583.0 
516.0 144.0 -512.0 34.0 82.0 -895.0 -284.0 
1018.0 254.0 -817.0 -535.0 -884.0 -1363.0 -493.0 
-13.0 -193.0 -604.0 -1009.0 -848.0 -780.0 -608.0 
193.0 239.0 -777.0 -1505.0 -919.0 -28.0 339.0 
-14.0 -845.0 -572.0 616.0 787.0 518.0 861.0 
928.0 490.0 106.0 -345.0 -613.0 -319.0 61.0 
-236.0 -247.0 562.0 433.0 -351.0 -263.0 445.0 
372.0 -41.0 105.0 194.0 -142.0 -422.0 -562.0 
-722.0 -1112.0 -431.0 1038.0 1311.0 697.0 319.0 
-225.0 -425.0 326.0 443.0 -502.0 -1079.0 -415.0 
84.0 -396.0 -585.0 288.0 1095.0 1052.0 656.0 
-152.0 -902.0 -580.0 -507.0 -592.0 -251.0 -167.0 
-329.0 -425.0 -287.0 -166.0 -493.0 -931.0 -978.0 
-379.0 1.0 -605.0 -692.0 -334.0 -88.0 339.0 
-19.0 -791.0 -350.0 -205.0 -713.0 -343.0 -304.0 
-580.0 -332.0 -724.0 -700.0 656.0 533.0 -1042.0 
-999.0 131.0 132.0 -31.0 463.0 605.0 575.0 
447.0 -47.0 -389.0 -578.0 -455.0 -208.0 -868.0 
-1422.0 -714.0 354.0 379.0 -647.0 -968.0 -1026.0 
-1703.0 -1088.0 185.0 -614.0 -1285.0 -394.0 -230.0 
-733.0 -719.0 -668.0 -109.0 709.0 -6.0 -962.0 
-849.0 -404.0 20.0 -261.0 -844.0 -1017.0 -1746.0 
-2056.0 -922.0 -287.0 -1007.0 -1216.0 23.0 432.0 
-700.0 -1081.0 -514.0 -555.0 -929.0 -1082.0 -1703.0 
-1113.0 -150.0 -329.0 -471.0 -208.0 275.0 49.0 
-972.0 -1328.0 -873.0 -524.0 -354.0 -183.0 -534.0 
-495.0 -26.0 -405.0 -660.0 -933.0 -1717.0 -995.0 
-106.0 -963.0 -837.0 220.0 122.0 -264.0 -437.0 
-859.0 -997.0 -1141.0 -1104.0 -540.0 -422.0 -1072.0 
-1446.0 -453.0 96.0 -580.0 -448.0 -178.0 -635.0 
-290.0 166.0 -394.0 -597.0 96.0 -98.0 -1323.0 
-1592.0 -680.0 -195.0 -241.0 -415.0 -463.0 -457.0 
-787.0 -1177.0 -1097.0 -783.0 -304.0 -312.0 -935.0 
-684.0 333.0 438.0 44.0 334.0 -49.0 -361.0 
396.0 -129.0 -1268.0 -74.0 1245.0 321.0 -415.0 
187.0 -239.0 -1055.0 -512.0 -357.0 -724.0 -393.0 
-380.0 -688.0 -483.0 -141.0 311.0 187.0 -787.0 
-1077.0 -447.0 -334.0 -882.0 -434.0 361.0 -296.0 
-910.0 -583.0 -711.0 -665.0 -116.0 -727.0 -1418.0 
-400.0 652.0 -472.0 -1887.0 -1152.0 479.0 628.0 
-105.0 -214.0 -544.0 -1121.0 -1216.0 -1251.0 -1201.0 
-689.0 -328.0 -369.0 -775.0 -1401.0 -845.0 332.0 
-35.0 -1022.0 -843.0 -603.0 -791.0 -566.0 -165.0 
136.0 -6.0 -499.0 -1017.0 -1064.0 -550.0 -85.0 
-43.0 -646.0 -974.0 92.0 1268.0 612.0 -319.0 
-18.0 330.0 22.0 -686.0 -906.0 -604.0 -800.0 
-1164.0 -1063.0 -1133.0 -1062.0 -774.0 -886.0 -999.0 
-256.0 206.0 -366.0 -957.0 -800.0 -156.0 98.0 
34.0 297.0 348.0 -298.0 -370.0 279.0 361.0 
-732.0 -1596.0 -784.0 795.0 526.0 -542.0 -367.0 
59.0 178.0 273.0 -118.0 -676.0 -959.0 -1302.0 
-1198.0 -569.0 -265.0 -357.0 -90.0 106.0 -329.0 
-809.0 -628.0 69.0 126.0 -964.0 -994.0 -62.0 
-39.0 122.0 399.0 357.0 222.0 28.0 -256.0 
-864.0 -1174.0 -678.0 -6.0 -493.0 -1042.0 -183.0 
501.0 -443.0 -1379.0 -1132.0 -1049.0 -1526.0 -943.0 
79.0 -410.0 -612.0 177.0 230.0 -147.0 -315.0 
-403.0 -449.0 -680.0 -1540.0 -1663.0 -1253.0 -1380.0 
-1176.0 -801.0 -1041.0 -1292.0 -974.0 -683.0 -545.0 
-582.0 -733.0 -448.0 -291.0 -993.0 -971.0 217.0 
116.0 -1242.0 -1236.0 -143.0 0.0 -352.0 -891.0 
-1217.0 -326.0 816.0 1130.0 442.0 -394.0 -114.0 
567.0 507.0 -32.0 114.0 200.0 -410.0 -406.0 
16.0 -177.0 -899.0 -993.0 -208.0 112.0 -426.0 
-927.0 -643.0 21.0 202.0 -259.0 -496.0 191.0 
781.0 96.0 -649.0 -341.0 -253.0 -622.0 -709.0 
-1093.0 -1275.0 -491.0 -199.0 0.0 742.0 140.0 
-991.0 -897.0 -365.0 -87.0 315.0 267.0 -536.0 
-458.0 599.0 515.0 -515.0 -998.0 -1429.0 -1955.0 
-1589.0 -868.0 -984.0 -762.0 703.0 385.0 -1433.0 
-1319.0 145.0 131.0 -1310.0 -1467.0 -307.0 -90.0 
-300.0 -215.0 -740.0 -1115.0 -174.0 687.0 135.0 
-654.0 -550.0 -150.0 -168.0 -608.0 -182.0 462.0 
-165.0 -1072.0 -419.0 631.0 -189.0 -1190.0 -308.0 
146.0 -720.0 -774.0 -377.0 -1094.0 -1485.0 -242.0 
841.0 -508.0 -2413.0 -1588.0 312.0 356.0 -334.0 
-455.0 -725.0 -841.0 -416.0 -232.0 -575.0 -624.0 
-67.0 -162.0 -672.0 -957.0 -938.0 -143.0 504.0 
117.0 52.0 488.0 147.0 -871.0 -923.0 -95.0 
-130.0 -730.0 -867.0 -585.0 -258.0 117.0 27.0 
-518.0 -498.0 -567.0 -832.0 -196.0 292.0 -603.0 
-1500.0 -1206.0 -860.0 -1026.0 -688.0 48.0 278.0 
102.0 -669.0 -1677.0 -1225.0 -494.0 -703.0 -783.0 
-380.0 -42.0 -567.0 -815.0 -53.0 109.0 -497.0 
-207.0 -89.0 -1045.0 -1168.0 -179.0 -149.0 -723.0 
-1183.0 -1817.0 -2013.0 -934.0 -187.0 -105.0 -375.0 
-1035.0 -919.0 -9.0 145.0 -268.0 -975.0 -1430.0 
-585.0 -106.0 -686.0 -762.0 -780.0 -1166.0 -1208.0 
-844.0 -797.0 -930.0 -704.0 28.0 24.0 -965.0 
-888.0 -243.0 -654.0 -835.0 330.0 443.0 -1038.0 
-904.0 473.0 279.0 -565.0 -550.0 -337.0 -287.0 
295.0 612.0 470.0 256.0 113.0 -120.0 -502.0 
-587.0 165.0 1825.0 2864.0 1126.0 -1293.0 -903.0 
516.0 250.0 -763.0 -1090.0 -227.0 533.0 35.0 
-460.0 -80.0 549.0 383.0 -277.0 89.0 762.0 
515.0 51.0 239.0 338.0 -336.0 -1039.0 -1067.0 
-382.0 468.0 240.0 -488.0 -310.0 300.0 416.0 
256.0 368.0 -167.0 -901.0 -451.0 -315.0 -877.0 
-583.0 617.0 1000.0 489.0 2.0 129.0 641.0 
205.0 -525.0 -175.0 185.0 -255.0 -796.0 -835.0 
-521.0 -204.0 7.0 346.0 641.0 457.0 218.0 
-1.0 -590.0 -624.0 441.0 545.0 -222.0 -283.0 
76.0 373.0 300.0 -5.0 -148.0 -110.0 122.0 
22.0 -363.0 -188.0 21.0 -50.0 159.0 648.0 
457.0 -275.0 -124.0 804.0 606.0 -225.0 -216.0 
-565.0 -1259.0 -494.0 191.0 -344.0 -656.0 -26.0 
773.0 527.0 -47.0 497.0 665.0 -685.0 -1268.0 
-419.0 -121.0 -384.0 -383.0 -23.0 -100.0 -872.0 
-859.0 -286.0 -1030.0 -1324.0 24.0 383.0 -909.0 
-1765.0 -1095.0 -157.0 -447.0 -1259.0 -1143.0 -61.0 
785.0 671.0 95.0 -241.0 149.0 1075.0 889.0 
-365.0 -519.0 239.0 342.0 -319.0 -386.0 373.0 
-10.0 -820.0 -506.0 25.0 471.0 848.0 495.0 
-34.0 -98.0 33.0 -19.0 43.0 553.0 992.0 
450.0 -310.0 -83.0 207.0 -113.0 -247.0 55.0 
733.0 1177.0 239.0 -802.0 310.0 1317.0 88.0 
-843.0 -859.0 -1119.0 -1253.0 -499.0 -205.0 -906.0 
-737.0 -237.0 -111.0 42.0 -374.0 -577.0 -34.0 
435.0 -49.0 -475.0 457.0 704.0 -576.0 -619.0 
159.0 -442.0 -1135.0 -24.0 1093.0 686.0 -78.0 
46.0 1017.0 1160.0 179.0 -232.0 -88.0 -641.0 
-560.0 642.0 810.0 -82.0 -289.0 -307.0 -568.0 
-89.0 406.0 134.0 -382.0 -204.0 266.0 -84.0 
14.0 556.0 -57.0 -724.0 -876.0 -1106.0 -853.0 
-271.0 -71.0 8.0 -18.0 -385.0 -616.0 -172.0 
565.0 725.0 47.0 -341.0 64.0 229.0 -74.0 
-126.0 323.0 683.0 452.0 380.0 705.0 718.0 
354.0 435.0 118.0 -894.0 -822.0 -273.0 -443.0 
-350.0 16.0 -271.0 -280.0 234.0 171.0 -136.0 
83.0 -130.0 -367.0 130.0 128.0 -904.0 -716.0 
511.0 4.0 -982.0 -121.0 834.0 383.0 -595.0 
-1440.0 -1124.0 65.0 147.0 -575.0 -592.0 -589.0 
-1185.0 -719.0 337.0 95.0 -775.0 -618.0 217.0 
129.0 -1028.0 -1387.0 -448.0 -57.0 -373.0 -85.0 
935.0 1164.0 51.0 -221.0 793.0 987.0 -121.0 
-1044.0 -633.0 -43.0 71.0 266.0 424.0 -406.0 
-1353.0 -597.0 466.0 304.0 -86.0 -165.0 -120.0 
548.0 758.0 -116.0 -474.0 -309.0 -40.0 413.0 
773.0 392.0 173.0 583.0 513.0 200.0 29.0 
-575.0 -822.0 57.0 442.0 -379.0 -908.0 -447.0 
-55.0 -339.0 -324.0 -4.0 25.0 -278.0 -374.0 
35.0 -491.0 -1309.0 -1025.0 -591.0 -500.0 -390.0 
85.0 416.0 -26.0 -545.0 -846.0 -575.0 200.0 
-50.0 -994.0 -1039.0 -854.0 -784.0 -257.0 203.0 
479.0 890.0 355.0 -228.0 485.0 823.0 128.0 
-268.0 -166.0 67.0 -49.0 -4.0 443.0 829.0 
663.0 79.0 414.0 1061.0 402.0 -118.0 235.0 
169.0 -364.0 -767.0 -444.0 469.0 933.0 -109.0 
-939.0 -602.0 -482.0 -318.0 549.0 531.0 -230.0 
704.0 2200.0 1271.0 117.0 531.0 577.0 550.0 
890.0 27.0 -937.0 4.0 659.0 -188.0 -206.0 
78.0 -928.0 -1460.0 -140.0 520.0 -288.0 -108.0 
480.0 -324.0 -622.0 17.0 78.0 555.0 1233.0 
374.0 -467.0 567.0 1014.0 111.0 122.0 1207.0 
1119.0 329.0 456.0 566.0 -543.0 -1132.0 -397.0 
455.0 258.0 -54.0 315.0 244.0 -557.0 -644.0 
66.0 289.0 -44.0 -169.0 553.0 1184.0 618.0 
-94.0 551.0 1507.0 688.0 -520.0 -78.0 388.0 
-142.0 -646.0 -243.0 472.0 424.0 -80.0 -288.0 
-696.0 -945.0 -683.0 -466.0 -89.0 -511.0 -1346.0 
-1206.0 -661.0 -528.0 -215.0 419.0 815.0 620.0 
319.0 118.0 -674.0 -1307.0 -353.0 1040.0 1328.0 
637.0 -252.0 -325.0 -215.0 -222.0 177.0 524.0 
97.0 -502.0 -292.0 457.0 309.0 -348.0 -475.0 
73.0 57.0 -249.0 241.0 161.0 -658.0 -13.0 
1049.0 546.0 -189.0 -512.0 55.0 997.0 840.0 
686.0 1061.0 914.0 408.0 134.0 278.0 889.0 
585.0 -170.0 637.0 1110.0 120.0 488.0 1858.0 
2152.0 1324.0 447.0 180.0 658.0 818.0 630.0 
818.0 1049.0 846.0 249.0 252.0 1262.0 1145.0 
-242.0 -600.0 447.0 1027.0 369.0 135.0 386.0 
16.0 -509.0 -440.0 -10.0 362.0 320.0 219.0 
604.0 1049.0 1328.0 1556.0 1052.0 513.0 870.0 
1210.0 788.0 698.0 918.0 371.0 -459.0 -225.0 
597.0 1278.0 1512.0 407.0 -1250.0 -352.0 1555.0 
507.0 -799.0 294.0 751.0 -299.0 -600.0 110.0 
-85.0 -1101.0 -929.0 -635.0 -1338.0 -1493.0 -849.0 
-308.0 -10.0 415.0 525.0 -222.0 -760.0 -37.0 
420.0 -255.0 -227.0 837.0 803.0 -67.0 104.0 
649.0 375.0 4.0 271.0 659.0 793.0 749.0 
524.0 -166.0 -80.0 841.0 1107.0 261.0 -740.0 
-640.0 480.0 956.0 -267.0 -1220.0 -336.0 760.0 
426.0 -685.0 -998.0 -930.0 -1032.0 -1359.0 -912.0 
-75.0 -447.0 -679.0 178.0 562.0 121.0 -721.0 
-1867.0 -2032.0 -483.0 648.0 -103.0 -1308.0 -1177.0 
-187.0 -264.0 -941.0 -283.0 -47.0 -1093.0 -1003.0 
-639.0 -786.0 -615.0 371.0 417.0 -822.0 -543.0 
1116.0 1268.0 343.0 322.0 18.0 -1023.0 -565.0 
620.0 537.0 232.0 245.0 430.0 660.0 761.0 
847.0 310.0 -117.0 373.0 379.0 -287.0 132.0 
666.0 235.0 228.0 735.0 697.0 133.0 444.0 
1045.0 586.0 -37.0 124.0 474.0 292.0 -87.0 
-233.0 114.0 331.0 -678.0 -602.0 671.0 56.0 
-1051.0 -763.0 -713.0 -851.0 -529.0 -14.0 -194.0 
-732.0 -529.0 456.0 714.0 -187.0 -440.0 275.0 
502.0 127.0 -38.0 -285.0 -406.0 -431.0 -364.0 
461.0 1251.0 841.0 -311.0 -626.0 362.0 1099.0 
577.0 -24.0 -182.0 -448.0 -223.0 550.0 158.0 
-443.0 -2.0 734.0 784.0 577.0 472.0 625.0 
229.0 -1028.0 -851.0 195.0 -8.0 -509.0 135.0 
924.0 -143.0 -1390.0 -440.0 723.0 434.0 307.0 
944.0 766.0 20.0 56.0 434.0 694.0 342.0 
-230.0 194.0 690.0 351.0 6.0 -269.0 -186.0 
251.0 39.0 -571.0 -119.0 991.0 835.0 -155.0 
123.0 1132.0 1210.0 807.0 165.0 -114.0 235.0 
602.0 935.0 589.0 24.0 93.0 412.0 293.0 
216.0 1025.0 1327.0 389.0 -165.0 80.0 124.0 
656.0 790.0 -85.0 -701.0 -806.0 -259.0 648.0 
960.0 287.0 -323.0 499.0 1597.0 1053.0 373.0 
869.0 1463.0 1332.0 671.0 83.0 -472.0 -531.0 
9.0 210.0 135.0 445.0 890.0 618.0 190.0 
325.0 576.0 236.0 -578.0 -1072.0 -860.0 -38.0 
269.0 -258.0 -1058.0 -1138.0 -894.0 -773.0 -402.0 
-101.0 162.0 255.0 -176.0 -157.0 582.0 657.0 
93.0 -294.0 -476.0 -284.0 164.0 457.0 332.0 
379.0 1228.0 1281.0 618.0 438.0 561.0 244.0 
-468.0 -314.0 565.0 311.0 -151.0 1037.0 1871.0 
1213.0 452.0 436.0 1053.0 1270.0 583.0 -78.0 
280.0 296.0 -818.0 -1095.0 -398.0 -207.0 -96.0 
247.0 400.0 77.0 -435.0 -206.0 359.0 121.0 
-465.0 -346.0 -202.0 -682.0 -450.0 427.0 221.0 
-127.0 491.0 665.0 -236.0 -424.0 631.0 1000.0 
687.0 626.0 521.0 116.0 -98.0 355.0 440.0 
464.0 1472.0 2257.0 1557.0 856.0 922.0 855.0 
675.0 570.0 284.0 176.0 655.0 265.0 -491.0 
-526.0 -441.0 -340.0 -241.0 -321.0 -524.0 -378.0 
-34.0 -49.0 -485.0 -729.0 -662.0 -560.0 -806.0 
-319.0 1132.0 1850.0 1162.0 639.0 625.0 489.0 
546.0 381.0 77.0 323.0 336.0 137.0 491.0 
1069.0 843.0 498.0 813.0 999.0 1410.0 1375.0 
870.0 794.0 554.0 492.0 1142.0 1214.0 314.0 
-285.0 218.0 1057.0 609.0 149.0 1014.0 932.0 
416.0 944.0 1123.0 24.0 -666.0 -138.0 -36.0 
-274.0 502.0 1084.0 468.0 -33.0 27.0 -260.0 
-174.0 395.0 51.0 -308.0 -13.0 -26.0 -306.0 
-555.0 -807.0 -697.0 -150.0 558.0 639.0 219.0 
439.0 1013.0 389.0 78.0 686.0 553.0 -213.0 
-442.0 -783.0 -1203.0 95.0 1378.0 113.0 -1296.0 
-1156.0 -867.0 -637.0 318.0 1204.0 1356.0 503.0 
-534.0 -384.0 589.0 1045.0 462.0 -253.0 -388.0 
26.0 335.0 222.0 -256.0 -886.0 170.0 2382.0 
1818.0 -613.0 -746.0 618.0 98.0 -1506.0 -1526.0 
-610.0 -270.0 -757.0 -641.0 -226.0 -226.0 -18.0 
579.0 456.0 -303.0 -157.0 658.0 380.0 -21.0 
496.0 878.0 970.0 960.0 81.0 -640.0 -96.0 
288.0 -244.0 -823.0 -211.0 837.0 676.0 25.0 
-417.0 -518.0 -285.0 374.0 693.0 135.0 -77.0 
555.0 537.0 97.0 496.0 596.0 0.0 -507.0 
-596.0 -181.0 349.0 -9.0 -607.0 -32.0 415.0 
7.0 219.0 983.0 801.0 74.0 -64.0 607.0 
909.0 -178.0 -567.0 616.0 660.0 -991.0 -1733.0 
-924.0 -219.0 213.0 605.0 119.0 17.0 846.0 
761.0 -46.0 -30.0 316.0 -379.0 -548.0 -20.0 
-342.0 -413.0 151.0 64.0 -544.0 -517.0 508.0 
366.0 -1159.0 -502.0 778.0 133.0 -675.0 -601.0 
-241.0 578.0 1268.0 1001.0 831.0 883.0 217.0 
-728.0 -853.0 -443.0 96.0 521.0 270.0 -460.0 
-80.0 678.0 -319.0 -823.0 164.0 791.0 136.0 
-819.0 -472.0 -61.0 -612.0 -731.0 258.0 560.0 
15.0 71.0 268.0 389.0 481.0 169.0 -184.0 
-21.0 145.0 -54.0 -476.0 -740.0 131.0 808.0 
12.0 -270.0 220.0 609.0 529.0 -46.0 -431.0 
389.0 1087.0 -17.0 -707.0 -267.0 -128.0 -571.0 
-908.0 -950.0 -1002.0 -399.0 247.0 -113.0 -120.0 
445.0 199.0 -509.0 -36.0 620.0 240.0 -208.0 
-360.0 -39.0 434.0 13.0 -524.0 208.0 567.0 
-400.0 -306.0 386.0 -104.0 -288.0 210.0 91.0 
39.0 251.0 -76.0 -714.0 -611.0 69.0 31.0 
-542.0 -622.0 59.0 1247.0 1123.0 -123.0 -244.0 
-543.0 -557.0 1169.0 1552.0 -310.0 -943.0 -186.0 
192.0 -395.0 -912.0 223.0 1027.0 241.0 -67.0 
158.0 160.0 206.0 -45.0 -212.0 217.0 32.0 
-848.0 -817.0 -213.0 49.0 285.0 116.0 -363.0 
-240.0 -172.0 -274.0 30.0 11.0 516.0 1644.0 
1228.0 -353.0 -815.0 -282.0 -153.0 -393.0 -54.0 
682.0 245.0 -828.0 -1074.0 -989.0 -799.0 -375.0 
-414.0 -865.0 -980.0 -998.0 -854.0 -315.0 322.0 
296.0 -301.0 -846.0 -868.0 -545.0 -229.0 244.0 
197.0 -653.0 -714.0 -296.0 2.0 560.0 634.0 
-14.0 -34.0 134.0 0.0 -365.0 -45.0 352.0 
-422.0 -653.0 -40.0 -13.0 147.0 589.0 592.0 
-31.0 -161.0 159.0 56.0 -2.0 173.0 -88.0 
-291.0 404.0 814.0 450.0 154.0 -332.0 -592.0 
285.0 498.0 -214.0 160.0 280.0 -317.0 164.0 
1354.0 1183.0 187.0 287.0 344.0 -464.0 -1261.0 
-1595.0 -1064.0 -578.0 -1103.0 -903.0 148.0 274.0 
-536.0 -675.0 -273.0 -236.0 -166.0 239.0 5.0 
-460.0 -68.0 365.0 -21.0 -187.0 -13.0 129.0 
92.0 -754.0 -1109.0 -61.0 252.0 -812.0 -1107.0 
-22.0 -259.0 -1168.0 -952.0 -894.0 -941.0 -405.0 
-98.0 -641.0 -686.0 -390.0 -960.0 -1290.0 -892.0 
-1001.0 -1725.0 -1166.0 457.0 598.0 -249.0 -366.0 
305.0 379.0 -328.0 117.0 443.0 -24.0 459.0 
550.0 -292.0 -792.0 -884.0 -924.0 -1158.0 -990.0 
-266.0 131.0 -465.0 -627.0 -484.0 -1393.0 -1631.0 
-384.0 45.0 -322.0 -109.0 651.0 967.0 -266.0 
-1247.0 -422.0 583.0 723.0 462.0 -120.0 -460.0 
-779.0 -1275.0 -1104.0 -617.0 -616.0 -283.0 534.0 
552.0 228.0 303.0 560.0 464.0 50.0 29.0 
359.0 478.0 -24.0 -603.0 -306.0 -171.0 -324.0 
-50.0 -582.0 -1503.0 -798.0 81.0 -312.0 -403.0 
-266.0 -717.0 -586.0 -41.0 -192.0 -471.0 147.0 
808.0 728.0 346.0 44.0 31.0 111.0 34.0 
-85.0 536.0 810.0 -152.0 -324.0 -443.0 -942.0 
-619.0 179.0 508.0 63.0 -298.0 106.0 108.0 
-211.0 -788.0 -987.0 -61.0 623.0 420.0 -36.0 
354.0 205.0 -1059.0 -887.0 -8.0 -898.0 -1474.0 
-80.0 612.0 -587.0 -1227.0 -929.0 -129.0 927.0 
342.0 -1120.0 -949.0 -687.0 -1121.0 -795.0 -610.0 
-1098.0 -931.0 80.0 250.0 -16.0 291.0 437.0 
5.0 -297.0 -254.0 -130.0 -39.0 -177.0 -355.0 
-288.0 -647.0 -718.0 173.0 -30.0 -829.0 -193.0 
-59.0 -876.0 -556.0 -184.0 -722.0 -527.0 117.0 
-485.0 -984.0 274.0 1557.0 1242.0 406.0 -372.0 
-748.0 -157.0 286.0 -188.0 -417.0 -250.0 -356.0 
-612.0 -838.0 -219.0 504.0 159.0 -13.0 604.0 
375.0 -193.0 593.0 1200.0 144.0 -236.0 934.0 
844.0 -552.0 -334.0 995.0 1148.0 701.0 572.0 
131.0 43.0 15.0 -208.0 212.0 197.0 -468.0 
-61.0 567.0 -167.0 -88.0 982.0 981.0 559.0 
626.0 190.0 -241.0 599.0 824.0 -86.0 -148.0 
-146.0 -1132.0 -1297.0 -84.0 92.0 -1067.0 -1208.0 
-99.0 290.0 -199.0 258.0 441.0 -423.0 365.0 
1564.0 1046.0 514.0 899.0 799.0 -584.0 -963.0 
410.0 689.0 -282.0 -314.0 356.0 438.0 138.0 
540.0 1332.0 991.0 121.0 54.0 336.0 -1.0 
-399.0 -229.0 -70.0 -322.0 -808.0 -951.0 -664.0 
-67.0 254.0 -569.0 -988.0 -99.0 -37.0 -737.0 
-752.0 -340.0 -7.0 164.0 -2.0 -498.0 -603.0 
222.0 572.0 -940.0 -1960.0 -476.0 820.0 439.0 
-236.0 -594.0 -769.0 -552.0 -465.0 -383.0 -86.0 
96.0 -200.0 -746.0 -1049.0 -1295.0 -1250.0 -540.0 
-5.0 -293.0 -80.0 -228.0 -1435.0 -1141.0 331.0 
-284.0 -1106.0 -30.0 585.0 -285.0 -1204.0 -962.0 
-776.0 -1286.0 -976.0 -83.0 -312.0 -1077.0 -1154.0 
-717.0 -279.0 104.0 -427.0 -1175.0 -1113.0 -1003.0 
-1076.0 -929.0 -407.0 247.0 348.0 -423.0 -737.0 
296.0 664.0 -32.0 208.0 780.0 372.0 -280.0 
-945.0 -1019.0 -194.0 384.0 -34.0 -323.0 402.0 
911.0 441.0 27.0 -62.0 -341.0 -120.0 -250.0 
-967.0 -714.0 -84.0 -271.0 -240.0 303.0 362.0 
555.0 1005.0 531.0 -268.0 -148.0 718.0 651.0 
-494.0 -446.0 70.0 -244.0 -198.0 660.0 815.0 
-119.0 -171.0 375.0 224.0 -261.0 -338.0 525.0 
1410.0 922.0 101.0 22.0 -525.0 -1355.0 -523.0 
869.0 537.0 95.0 679.0 1117.0 924.0 951.0 
1298.0 1363.0 937.0 -64.0 -947.0 -497.0 619.0 
1037.0 214.0 -798.0 -357.0 580.0 844.0 283.0 
-757.0 -1217.0 -623.0 -45.0 -192.0 -277.0 -412.0 
-1035.0 -1216.0 -577.0 -419.0 -846.0 -593.0 -361.0 
-1147.0 -1347.0 -92.0 610.0 13.0 218.0 852.0 
260.0 -343.0 -5.0 810.0 835.0 -153.0 -503.0 
133.0 173.0 -511.0 -539.0 -109.0 -118.0 188.0 
371.0 -305.0 6.0 650.0 -267.0 -982.0 -440.0 
-188.0 -427.0 -410.0 -145.0 207.0 279.0 -445.0 
-1255.0 -984.0 -87.0 548.0 84.0 -465.0 220.0 
286.0 -365.0 -689.0 -987.0 -1173.0 -751.0 161.0 
189.0 38.0 300.0 -65.0 100.0 1128.0 1282.0 
638.0 318.0 130.0 162.0 713.0 1013.0 357.0 
207.0 366.0 -16.0 236.0 500.0 127.0 16.0 
-457.0 -765.0 -226.0 18.0 -389.0 -809.0 -694.0 
-855.0 -908.0 -370.0 -271.0 -431.0 -490.0 -728.0 
-1092.0 -478.0 150.0 -847.0 -1415.0 -483.0 217.0 
258.0 52.0 -686.0 -805.0 -42.0 128.0 -456.0 
-6.0 1086.0 577.0 -461.0 -72.0 550.0 99.0 
-111.0 -54.0 -362.0 -9.0 727.0 348.0 -801.0 
-1281.0 -375.0 918.0 692.0 -798.0 -923.0 185.0 
339.0 -601.0 -1117.0 -376.0 61.0 -83.0 -450.0 
-732.0 -630.0 -1288.0 -1809.0 -455.0 696.0 -22.0 
-601.0 -796.0 -1121.0 -637.0 -138.0 -340.0 -449.0 
219.0 694.0 244.0 -4.0 -21.0 -462.0 -785.0 
-448.0 111.0 689.0 1082.0 695.0 201.0 1028.0 
1385.0 369.0 473.0 788.0 287.0 434.0 967.0 
720.0 439.0 422.0 412.0 540.0 411.0 267.0 
60.0 -201.0 -410.0 -212.0 -473.0 -758.0 743.0 
1241.0 -732.0 -1350.0 -61.0 -159.0 -1482.0 -1460.0 
-545.0 -201.0 -206.0 266.0 536.0 -56.0 -685.0 
-467.0 -137.0 -457.0 -254.0 531.0 411.0 281.0 
1089.0 593.0 -112.0 556.0 769.0 446.0 1039.0 
1352.0 715.0 -7.0 -489.0 -96.0 769.0 1216.0 
795.0 353.0 714.0 1467.0 1517.0 737.0 949.0 
1347.0 600.0 22.0 480.0 609.0 -371.0 -521.0 
-100.0 127.0 836.0 778.0 -263.0 -568.0 -252.0 
-44.0 -180.0 -629.0 -851.0 -869.0 -1186.0 -1451.0 
-1191.0 -543.0 -83.0 -285.0 -543.0 -642.0 -641.0 
-292.0 37.0 -23.0 82.0 603.0 238.0 -833.0 
-1252.0 -1089.0 -329.0 415.0 258.0 -227.0 -837.0 
-557.0 -198.0 -729.0 -650.0 -71.0 -65.0 -324.0 
-387.0 -146.0 741.0 1475.0 662.0 -81.0 206.0 
192.0 -656.0 -908.0 509.0 948.0 -551.0 -452.0 
1070.0 1330.0 439.0 -438.0 -712.0 -202.0 617.0 
1019.0 632.0 406.0 1117.0 1120.0 -412.0 -1500.0 
-618.0 1087.0 843.0 -214.0 103.0 761.0 1330.0 
1114.0 238.0 335.0 601.0 2.0 -235.0 369.0 
813.0 741.0 514.0 -24.0 -668.0 -193.0 747.0 
916.0 852.0 975.0 805.0 247.0 -434.0 -552.0 
-533.0 -721.0 -30.0 1389.0 1554.0 461.0 -240.0 
-258.0 -660.0 -882.0 -207.0 -159.0 -22.0 947.0 
1071.0 612.0 807.0 687.0 45.0 -53.0 -84.0 
-242.0 -429.0 -532.0 -272.0 214.0 353.0 147.0 
-333.0 -1325.0 -1866.0 -923.0 567.0 1147.0 1003.0 
670.0 56.0 -630.0 -204.0 653.0 -30.0 -417.0 
135.0 -526.0 -1196.0 -394.0 419.0 -61.0 -470.0 
-64.0 -328.0 -895.0 -34.0 928.0 363.0 -320.0 
96.0 252.0 -342.0 653.0 1594.0 253.0 -427.0 
563.0 848.0 279.0 -253.0 -620.0 -261.0 586.0 
811.0 -59.0 -222.0 1089.0 1973.0 1489.0 171.0 
-623.0 -522.0 50.0 559.0 609.0 107.0 -347.0 
-63.0 444.0 407.0 361.0 558.0 551.0 314.0 
-193.0 -825.0 -451.0 262.0 -36.0 -503.0 56.0 
673.0 594.0 162.0 62.0 -177.0 -403.0 124.0 
237.0 53.0 360.0 388.0 -141.0 -228.0 754.0 
1530.0 582.0 -256.0 33.0 27.0 -160.0 -42.0 
-135.0 -249.0 257.0 184.0 -545.0 -340.0 737.0 
695.0 -196.0 -217.0 -342.0 -1236.0 -1509.0 -1150.0 
-749.0 -81.0 440.0 138.0 -346.0 -677.0 -1321.0 
-1013.0 115.0 181.0 -381.0 704.0 1753.0 599.0 
-338.0 648.0 1752.0 1218.0 231.0 449.0 569.0 
382.0 860.0 890.0 122.0 -72.0 254.0 718.0 
836.0 -284.0 -869.0 437.0 1102.0 -1.0 -353.0 
718.0 284.0 -1030.0 -556.0 346.0 166.0 291.0 
653.0 245.0 356.0 225.0 -989.0 -1284.0 -1162.0 
-1573.0 -1023.0 185.0 393.0 -228.0 -538.0 -340.0 
174.0 92.0 -136.0 374.0 750.0 513.0 483.0 
431.0 -284.0 -447.0 -52.0 27.0 -3.0 262.0 
108.0 -733.0 -713.0 37.0 139.0 251.0 778.0 
611.0 -203.0 -302.0 24.0 -69.0 91.0 650.0 
548.0 -316.0 -367.0 71.0 471.0 881.0 340.0 
-63.0 239.0 602.0 968.0 1084.0 1111.0 1252.0 
995.0 380.0 243.0 974.0 1098.0 -7.0 -364.0 
471.0 382.0 475.0 839.0 163.0 174.0 835.0 
502.0 -85.0 361.0 778.0 405.0 624.0 847.0 
-15.0 -758.0 -568.0 -233.0 -300.0 -404.0 -401.0 
-719.0 -446.0 748.0 1027.0 548.0 720.0 713.0 
-207.0 -964.0 -869.0 -793.0 -1226.0 -1068.0 -119.0 
191.0 -1154.0 -2154.0 -1219.0 -67.0 107.0 -761.0 
-1367.0 -692.0 -80.0 -161.0 -339.0 -337.0 -656.0 
-1054.0 -1147.0 -1326.0 -908.0 -580.0 -497.0 190.0 
415.0 -259.0 -374.0 422.0 897.0 572.0 418.0 
-19.0 -660.0 -132.0 367.0 -682.0 -1265.0 150.0 
1454.0 1055.0 499.0 1.0 -819.0 -837.0 79.0 
754.0 203.0 -326.0 -49.0 182.0 930.0 1375.0 
473.0 144.0 -46.0 -441.0 -156.0 -624.0 -1145.0 
-267.0 263.0 -481.0 -1041.0 -582.0 160.0 283.0 
406.0 807.0 164.0 -210.0 809.0 389.0 -1124.0 
-1189.0 -615.0 -450.0 -794.0 -1328.0 -377.0 910.0 
299.0 -460.0 -171.0 -337.0 -1090.0 -759.0 195.0 
267.0 49.0 213.0 2.0 -423.0 -300.0 -91.0 
13.0 447.0 985.0 566.0 -120.0 -582.0 -642.0 
-184.0 -399.0 -725.0 -555.0 -275.0 114.0 346.0 
-364.0 -862.0 -326.0 163.0 -212.0 -669.0 -266.0 
-78.0 -54.0 895.0 677.0 -859.0 -404.0 969.0 
481.0 -567.0 17.0 557.0 41.0 354.0 580.0 
-806.0 -1300.0 -304.0 -15.0 -550.0 -35.0 662.0 
110.0 -788.0 -624.0 417.0 33.0 -1067.0 -292.0 
636.0 -19.0 3.0 1205.0 1294.0 -144.0 -950.0 
-255.0 425.0 -70.0 -782.0 -366.0 -355.0 -781.0 
271.0 1231.0 278.0 -414.0 257.0 526.0 44.0 
51.0 843.0 982.0 297.0 583.0 726.0 -489.0 
-1076.0 -40.0 1017.0 1298.0 964.0 685.0 626.0 
581.0 74.0 -449.0 -635.0 -749.0 -71.0 783.0 
538.0 149.0 1027.0 1959.0 1152.0 -9.0 -29.0 
786.0 1791.0 1773.0 797.0 570.0 711.0 276.0 
-141.0 -113.0 -185.0 35.0 800.0 832.0 238.0 
68.0 210.0 646.0 491.0 -111.0 -365.0 -95.0 
852.0 1600.0 1349.0 581.0 249.0 699.0 846.0 
181.0 -235.0 -329.0 -784.0 -682.0 -67.0 449.0 
812.0 946.0 974.0 1330.0 675.0 -348.0 -23.0 
347.0 -212.0 -758.0 20.0 1347.0 972.0 -165.0 
-153.0 472.0 636.0 113.0 -416.0 -265.0 435.0 
509.0 -268.0 -482.0 133.0 299.0 512.0 900.0 
-45.0 -857.0 -7.0 311.0 -1076.0 -1757.0 -775.0 
257.0 -60.0 -1180.0 -1246.0 -828.0 -1024.0 -917.0 
-484.0 -379.0 7.0 548.0 840.0 660.0 212.0 
257.0 -146.0 -323.0 735.0 829.0 15.0 108.0 
579.0 783.0 1036.0 601.0 -740.0 -731.0 170.0 
-967.0 -2159.0 -1062.0 542.0 908.0 801.0 818.0 
434.0 -609.0 -1505.0 -997.0 -63.0 107.0 229.0 
-122.0 -550.0 -343.0 -350.0 -728.0 -839.0 -660.0 
-510.0 -65.0 72.0 -214.0 -447.0 -666.0 -232.0 
553.0 376.0 -645.0 -177.0 1336.0 1302.0 110.0 
-449.0 -300.0 -117.0 -170.0 -368.0 -189.0 752.0 
1062.0 172.0 -262.0 -4.0 -306.0 -193.0 532.0 
572.0 451.0 479.0 337.0 307.0 76.0 -494.0 
-641.0 -33.0 -81.0 -441.0 -123.0 202.0 -259.0 
-947.0 -1256.0 -1057.0 -1204.0 -1010.0 182.0 346.0 
-904.0 -753.0 751.0 351.0 -569.0 435.0 1224.0 
393.0 -277.0 -267.0 -212.0 176.0 107.0 -762.0 
-925.0 6.0 373.0 -133.0 -508.0 -300.0 81.0 
369.0 321.0 -584.0 -1046.0 -278.0 768.0 488.0 
-486.0 -541.0 182.0 312.0 469.0 1175.0 770.0 
-189.0 -332.0 31.0 398.0 394.0 266.0 -88.0 
-423.0 -541.0 -305.0 502.0 982.0 531.0 -552.0 
-900.0 -294.0 167.0 -30.0 -414.0 -503.0 -565.0 
-555.0 -145.0 -501.0 -1136.0 -635.0 292.0 588.0 
384.0 -2.0 13.0 -80.0 -304.0 -118.0 117.0 
326.0 479.0 665.0 435.0 -408.0 -881.0 -587.0 
-346.0 -437.0 -344.0 81.0 338.0 560.0 1083.0 
1013.0 213.0 391.0 942.0 820.0 504.0 187.0 
-315.0 -1016.0 -782.0 396.0 1043.0 642.0 -97.0 
-382.0 51.0 -323.0 -1725.0 -1038.0 266.0 -285.0 
-944.0 -706.0 -140.0 103.0 -99.0 -92.0 -340.0 
-494.0 118.0 -120.0 -668.0 -348.0 -144.0 231.0 
802.0 561.0 82.0 623.0 1304.0 1137.0 306.0 
-82.0 106.0 243.0 265.0 79.0 -257.0 -334.0 
195.0 785.0 553.0 129.0 -153.0 -355.0 326.0 
957.0 587.0 263.0 209.0 -108.0 235.0 1262.0 
1215.0 960.0 1604.0 1290.0 154.0 148.0 1083.0 
1610.0 1503.0 886.0 215.0 166.0 470.0 496.0 
169.0 117.0 161.0 -393.0 -1187.0 -933.0 -178.0 
145.0 561.0 578.0 -355.0 -355.0 299.0 61.0 
-55.0 -666.0 -1610.0 -962.0 54.0 413.0 514.0 
693.0 815.0 415.0 395.0 1200.0 557.0 -960.0 
-1004.0 -222.0 289.0 127.0 -302.0 21.0 864.0 
993.0 63.0 -14.0 456.0 -278.0 -765.0 -80.0 
444.0 270.0 38.0 190.0 24.0 -122.0 445.0 
317.0 -337.0 86.0 836.0 603.0 835.0 1205.0 
282.0 -738.0 -643.0 -133.0 -83.0 -459.0 -490.0 
-430.0 -298.0 512.0 824.0 170.0 85.0 176.0 
-480.0 -419.0 437.0 266.0 -295.0 -141.0 445.0 
533.0 -398.0 -699.0 -56.0 -75.0 -249.0 218.0 
11.0 -941.0 -941.0 -285.0 0.0 -120.0 -100.0 
-95.0 -922.0 -966.0 384.0 866.0 171.0 179.0 
705.0 487.0 444.0 187.0 -294.0 -138.0 -434.0 
-659.0 883.0 1724.0 502.0 -275.0 -271.0 -515.0 
-230.0 475.0 564.0 412.0 486.0 225.0 -207.0 
255.0 926.0 362.0 -668.0 -741.0 101.0 712.0 
509.0 565.0 674.0 -335.0 -847.0 245.0 197.0 
-934.0 -22.0 1088.0 340.0 441.0 1232.0 241.0 
-364.0 674.0 782.0 8.0 -196.0 51.0 125.0 
360.0 376.0 -969.0 -1698.0 -730.0 -305.0 -533.0 
-252.0 -65.0 159.0 682.0 222.0 -742.0 -537.0 
79.0 377.0 -67.0 -1151.0 -947.0 608.0 1310.0 
717.0 152.0 -274.0 -452.0 -327.0 119.0 986.0 
560.0 -526.0 -188.0 105.0 -486.0 -705.0 -567.0 
-996.0 -821.0 -262.0 -601.0 -516.0 -411.0 -1251.0 
-1445.0 -338.0 834.0 937.0 460.0 1180.0 2128.0 
1489.0 690.0 490.0 -39.0 -262.0 -382.0 -896.0 
-388.0 901.0 1024.0 -95.0 -451.0 250.0 318.0 
-224.0 -210.0 212.0 288.0 -115.0 502.0 1070.0 
183.0 -281.0 259.0 289.0 -513.0 -698.0 -275.0 
209.0 399.0 23.0 -3.0 539.0 557.0 304.0 
584.0 745.0 642.0 1210.0 1335.0 42.0 -591.0 
135.0 702.0 945.0 757.0 329.0 40.0 -56.0 
291.0 464.0 53.0 -386.0 -76.0 620.0 1033.0 
693.0 -352.0 -815.0 -9.0 605.0 174.0 106.0 
1282.0 1415.0 49.0 -561.0 343.0 1543.0 1248.0 
513.0 374.0 -133.0 -85.0 501.0 496.0 701.0 
455.0 -195.0 -341.0 -176.0 29.0 -2.0 -253.0 
142.0 687.0 124.0 -277.0 222.0 -238.0 -846.0 
-392.0 211.0 153.0 52.0 30.0 1.0 653.0 
497.0 -942.0 -1132.0 248.0 758.0 -94.0 -633.0 
26.0 214.0 -1208.0 -1880.0 -820.0 432.0 652.0 
625.0 838.0 31.0 -449.0 211.0 -30.0 -366.0 
450.0 669.0 2.0 -120.0 444.0 956.0 973.0 
485.0 58.0 -158.0 -521.0 -199.0 378.0 172.0 
57.0 -179.0 -444.0 283.0 865.0 853.0 549.0 
151.0 -204.0 -217.0 -297.0 -1026.0 -907.0 185.0 
211.0 -616.0 -387.0 215.0 50.0 -720.0 -1023.0 
-440.0 -293.0 -821.0 -1064.0 -1113.0 -925.0 -60.0 
390.0 -103.0 -367.0 -690.0 -948.0 -568.0 -822.0 
-1239.0 -196.0 692.0 31.0 -485.0 -40.0 675.0 
748.0 377.0 -480.0 -767.0 -478.0 -909.0 -1383.0 
-960.0 162.0 205.0 -449.0 -663.0 -1187.0 -771.0 
432.0 6.0 -1335.0 -1412.0 -412.0 199.0 142.0 
-352.0 -574.0 -188.0 -345.0 -693.0 -769.0 -526.0 
247.0 639.0 309.0 185.0 263.0 -220.0 -366.0 
973.0 1850.0 937.0 258.0 1188.0 1490.0 631.0 
310.0 685.0 641.0 -366.0 -957.0 -734.0 -290.0 
13.0 -208.0 -289.0 24.0 -173.0 -65.0 625.0 
501.0 -213.0 -533.0 -295.0 155.0 270.0 165.0 
-461.0 -1002.0 -849.0 -887.0 -1117.0 -776.0 -33.0 
-5.0 -1011.0 -857.0 778.0 795.0 -430.0 -448.0 
285.0 562.0 568.0 704.0 426.0 -188.0 38.0 
480.0 384.0 961.0 938.0 -86.0 148.0 809.0 
151.0 -341.0 -32.0 -358.0 -268.0 564.0 717.0 
237.0 -396.0 -561.0 -34.0 -338.0 -1286.0 -970.0 
14.0 447.0 275.0 471.0 1038.0 983.0 260.0 
-636.0 -862.0 -483.0 37.0 307.0 437.0 308.0 
92.0 672.0 1181.0 573.0 -272.0 -510.0 -536.0 
-1022.0 -1541.0 -1157.0 -130.0 1040.0 1286.0 304.0 
137.0 477.0 -273.0 -705.0 -495.0 -515.0 -846.0 
-795.0 169.0 90.0 -612.0 -35.0 611.0 24.0 
-374.0 -158.0 -148.0 -377.0 -699.0 -436.0 -129.0 
-622.0 -553.0 278.0 -1.0 -759.0 -661.0 -433.0 
-388.0 37.0 690.0 683.0 -135.0 -736.0 -702.0 
-618.0 -83.0 622.0 605.0 40.0 -388.0 -484.0 
55.0 372.0 47.0 199.0 396.0 60.0 -640.0 
-987.0 -435.0 -363.0 -918.0 -1108.0 -505.0 485.0 
695.0 -340.0 -654.0 797.0 1299.0 222.0 -560.0 
-512.0 -306.0 -790.0 -1122.0 -452.0 -337.0 -1124.0 
-1059.0 -325.0 -322.0 -677.0 -395.0 165.0 -559.0 
-1327.0 -866.0 -527.0 -231.0 413.0 -96.0 -801.0 
83.0 812.0 639.0 267.0 -195.0 -542.0 -405.0 
80.0 294.0 33.0 284.0 834.0 406.0 137.0 
944.0 629.0 -374.0 37.0 876.0 681.0 465.0 
668.0 130.0 -1049.0 -549.0 527.0 -50.0 -724.0 
-297.0 -332.0 -628.0 -158.0 486.0 1105.0 1595.0 
1609.0 795.0 103.0 546.0 620.0 -541.0 -1380.0 
-752.0 283.0 484.0 160.0 143.0 -602.0 -1176.0 
-8.0 612.0 -829.0 -1360.0 127.0 398.0 -496.0 
-334.0 268.0 584.0 565.0 -94.0 -1143.0 -1566.0 
-623.0 330.0 -145.0 -453.0 -79.0 -188.0 -447.0 
-392.0 -739.0 -1249.0 -643.0 125.0 43.0 -285.0 
-1006.0 -1263.0 -926.0 -865.0 -736.0 -573.0 -262.0 
274.0 585.0 759.0 958.0 578.0 -291.0 -384.0 
-99.0 -175.0 203.0 992.0 1736.0 1292.0 10.0 
358.0 1018.0 -72.0 -792.0 -265.0 238.0 576.0 
93.0 -553.0 78.0 775.0 487.0 204.0 185.0 
99.0 113.0 449.0 858.0 463.0 -273.0 -278.0 
-288.0 -374.0 -39.0 -3.0 -444.0 87.0 1257.0 
952.0 220.0 329.0 84.0 -179.0 548.0 175.0 
-1233.0 -991.0 172.0 163.0 -630.0 -890.0 -1016.0 
-1476.0 -806.0 273.0 -498.0 -1480.0 -923.0 -694.0 
-1085.0 -761.0 -333.0 -237.0 -275.0 -469.0 -417.0 
392.0 1178.0 303.0 -952.0 -908.0 -467.0 -413.0 
-677.0 -1069.0 -442.0 574.0 1096.0 303.0 -333.0 
475.0 933.0 751.0 437.0 -179.0 -246.0 -449.0 
-874.0 -456.0 398.0 531.0 139.0 -180.0 160.0 
903.0 980.0 629.0 -248.0 -1089.0 -268.0 428.0 
-23.0 -43.0 -114.0 -830.0 -1228.0 -760.0 -371.0 
-609.0 -600.0 -216.0 -183.0 -369.0 -285.0 248.0 
-8.0 -393.0 25.0 93.0 -196.0 -242.0 -137.0 
-26.0 130.0 248.0 692.0 1118.0 739.0 169.0 
104.0 176.0 -135.0 -885.0 -1311.0 -984.0 -392.0 
-382.0 -945.0 -756.0 309.0 691.0 11.0 -722.0 
-809.0 -329.0 282.0 340.0 -6.0 86.0 243.0 
-464.0 -449.0 772.0 672.0 -460.0 -323.0 672.0 
172.0 -1144.0 -819.0 260.0 1.0 -677.0 -306.0 
62.0 -482.0 -947.0 -674.0 -360.0 -340.0 -644.0 
-609.0 -11.0 -7.0 -632.0 -447.0 -663.0 -1570.0 
-1058.0 148.0 -117.0 -1088.0 -1013.0 -361.0 -512.0 
-367.0 63.0 -307.0 -146.0 635.0 517.0 -135.0 
-156.0 -198.0 -297.0 304.0 195.0 -291.0 -55.0 
4.0 -86.0 -268.0 -198.0 371.0 441.0 94.0 
-88.0 -398.0 -896.0 -1118.0 -461.0 330.0 206.0 
-405.0 -461.0 -89.0 481.0 944.0 1106.0 1010.0 
17.0 -860.0 -174.0 527.0 211.0 123.0 259.0 
-244.0 -853.0 -860.0 -360.0 -357.0 -1106.0 -1034.0 
-190.0 281.0 -169.0 -759.0 -249.0 140.0 -348.0 
-480.0 226.0 382.0 -251.0 -343.0 560.0 1033.0 
-251.0 -699.0 214.0 113.0 -577.0 -4.0 653.0 
277.0 -147.0 -4.0 8.0 -301.0 -109.0 61.0 
-341.0 320.0 1404.0 676.0 -550.0 -408.0 -562.0 
-950.0 -269.0 473.0 262.0 234.0 814.0 557.0 
-198.0 -393.0 36.0 278.0 215.0 726.0 1167.0 
863.0 316.0 460.0 1041.0 538.0 -522.0 -49.0 
949.0 106.0 -1350.0 -1255.0 -723.0 -492.0 48.0 
368.0 -129.0 -676.0 -1.0 740.0 -265.0 -1207.0 
-116.0 867.0 538.0 187.0 24.0 49.0 340.0 
73.0 -468.0 -652.0 -148.0 799.0 466.0 -609.0 
-561.0 -351.0 -475.0 -126.0 -42.0 -389.0 -467.0 
-548.0 -539.0 -251.0 -277.0 -703.0 -454.0 131.0 
-64.0 -894.0 -1245.0 -781.0 -446.0 -492.0 -904.0 
-732.0 -211.0 -241.0 -168.0 -38.0 -39.0 429.0 
615.0 457.0 601.0 382.0 272.0 606.0 564.0 
-64.0 82.0 738.0 676.0 319.0 131.0 585.0 
1382.0 983.0 147.0 2.0 -435.0 -307.0 516.0 
652.0 585.0 742.0 292.0 -223.0 31.0 237.0 
-215.0 -20.0 605.0 -87.0 -987.0 -1192.0 -932.0 
222.0 1109.0 76.0 -1028.0 -697.0 -244.0 -755.0 
-1916.0 -1658.0 -53.0 -29.0 -439.0 319.0 405.0 
-540.0 -321.0 718.0 560.0 -287.0 -137.0 789.0 
605.0 -181.0 -166.0 -101.0 -6.0 473.0 985.0 
1764.0 1275.0 -190.0 -137.0 679.0 707.0 -392.0 
-1153.0 -658.0 -406.0 -236.0 374.0 185.0 -410.0 
102.0 949.0 866.0 818.0 634.0 -14.0 -252.0 
-763.0 -1018.0 -610.0 -289.0 -392.0 -528.0 -242.0 
-168.0 -473.0 -229.0 347.0 424.0 69.0 -894.0 
-1430.0 -906.0 -356.0 -735.0 -1592.0 -1346.0 33.0 
676.0 -424.0 -1275.0 -687.0 -211.0 -136.0 348.0 
159.0 -826.0 -431.0 717.0 530.0 441.0 1053.0 
765.0 -3.0 -30.0 110.0 -338.0 -673.0 -506.0 
82.0 1086.0 1572.0 872.0 2.0 99.0 838.0 
1009.0 767.0 916.0 1447.0 1561.0 820.0 24.0 
76.0 957.0 1057.0 80.0 474.0 1364.0 476.0 
-128.0 974.0 787.0 -763.0 -647.0 137.0 45.0 
222.0 903.0 737.0 239.0 439.0 356.0 283.0 
602.0 396.0 83.0 -141.0 -238.0 203.0 139.0 
-555.0 -233.0 170.0 -718.0 -1396.0 -599.0 21.0 
-142.0 591.0 1029.0 34.0 -1191.0 -1345.0 -715.0 
-616.0 -940.0 -504.0 170.0 599.0 648.0 608.0 
688.0 190.0 -620.0 -563.0 -200.0 -153.0 185.0 
491.0 -234.0 -766.0 151.0 1034.0 994.0 667.0 
88.0 -441.0 -322.0 682.0 1067.0 193.0 -563.0 
-576.0 -143.0 442.0 665.0 246.0 -302.0 -225.0 
448.0 834.0 507.0 205.0 221.0 242.0 334.0 
803.0 1235.0 1282.0 589.0 300.0 666.0 409.0 
-36.0 -78.0 10.0 234.0 537.0 681.0 80.0 
-129.0 301.0 -156.0 -152.0 737.0 861.0 490.0 
676.0 599.0 42.0 -85.0 104.0 -158.0 -591.0 
-172.0 486.0 260.0 -85.0 -338.0 -622.0 -161.0 
382.0 171.0 -264.0 -178.0 128.0 -241.0 -387.0 
218.0 571.0 705.0 1152.0 1380.0 955.0 -256.0 
-639.0 90.0 -259.0 -898.0 -455.0 104.0 92.0 
-93.0 338.0 1017.0 382.0 -502.0 14.0 474.0 
670.0 1287.0 1171.0 808.0 815.0 753.0 904.0 
676.0 227.0 502.0 399.0 -49.0 -343.0 -49.0 
231.0 -516.0 -628.0 283.0 -158.0 -1286.0 -967.0 
24.0 941.0 607.0 -351.0 315.0 1166.0 794.0 
493.0 827.0 781.0 449.0 884.0 1256.0 870.0 
595.0 261.0 76.0 56.0 -515.0 -742.0 -272.0 
394.0 87.0 -1058.0 -917.0 -470.0 -1017.0 -1502.0 
-1030.0 -431.0 -581.0 -809.0 -699.0 -3.0 913.0 
962.0 95.0 -379.0 -281.0 -422.0 -381.0 -60.0 
-109.0 -248.0 -91.0 84.0 99.0 295.0 410.0 
112.0 -318.0 140.0 519.0 11.0 -128.0 -52.0 
377.0 1239.0 1093.0 372.0 313.0 298.0 89.0 
383.0 133.0 -1178.0 -1244.0 -133.0 25.0 -561.0 
-476.0 -38.0 -68.0 -227.0 -5.0 690.0 1025.0 
170.0 -779.0 -673.0 226.0 863.0 970.0 862.0 
905.0 542.0 -240.0 -30.0 257.0 64.0 210.0 
-17.0 14.0 1221.0 1314.0 567.0 655.0 974.0 
1109.0 1261.0 764.0 7.0 4.0 -189.0 -339.0 
197.0 516.0 151.0 -15.0 193.0 7.0 274.0 
874.0 341.0 -967.0 -994.0 -93.0 452.0 468.0 
-290.0 -1143.0 -888.0 -4.0 -132.0 -617.0 80.0 
183.0 -481.0 -191.0 -308.0 -1041.0 -959.0 -897.0 
-916.0 -349.0 -126.0 -485.0 -829.0 -513.0 122.0 
480.0 700.0 937.0 925.0 450.0 310.0 352.0 
614.0 1436.0 1692.0 841.0 -276.0 -991.0 -648.0 
32.0 -250.0 -135.0 560.0 476.0 24.0 535.0 
634.0 -161.0 -176.0 376.0 729.0 778.0 479.0 
75.0 -77.0 46.0 -168.0 -489.0 -131.0 589.0 
527.0 -348.0 -428.0 14.0 -27.0 -311.0 -44.0 
-249.0 -649.0 300.0 424.0 -976.0 -1220.0 -541.0 
-157.0 -309.0 -713.0 -606.0 -133.0 105.0 6.0 
357.0 1088.0 483.0 -1144.0 -1584.0 -1240.0 -861.0 
-201.0 557.0 690.0 338.0 365.0 657.0 457.0 
34.0 -414.0 -775.0 -312.0 287.0 345.0 806.0 
1069.0 417.0 184.0 710.0 392.0 -501.0 -464.0 
-166.0 -166.0 -226.0 -571.0 -562.0 -392.0 -222.0 
411.0 520.0 -565.0 -702.0 287.0 64.0 -629.0 
-346.0 80.0 -39.0 577.0 508.0 -925.0 -1295.0 
-674.0 -384.0 -412.0 -104.0 120.0 162.0 785.0 
1161.0 262.0 -562.0 11.0 311.0 -321.0 -82.0 
251.0 -791.0 -1068.0 -21.0 8.0 -885.0 -923.0 
-515.0 -466.0 -338.0 -198.0 -20.0 -162.0 -795.0 
-927.0 -439.0 -307.0 -814.0 -562.0 -180.0 -352.0 
-166.0 -62.0 -32.0 916.0 1073.0 191.0 567.0 
1074.0 112.0 -420.0 44.0 -160.0 -869.0 -785.0 
-19.0 261.0 99.0 -559.0 -1008.0 -302.0 -134.0 
-810.0 -610.0 -179.0 78.0 189.0 -244.0 -423.0 
67.0 314.0 47.0 187.0 235.0 -446.0 -707.0 
-198.0 -123.0 -137.0 253.0 2.0 -374.0 -236.0 
495.0 530.0 -382.0 -145.0 810.0 1079.0 547.0 
377.0 1262.0 1863.0 1625.0 1247.0 909.0 204.0 
-345.0 -239.0 127.0 232.0 71.0 -146.0 -259.0 
-165.0 -92.0 136.0 -33.0 -834.0 -1029.0 290.0 
1230.0 343.0 -426.0 381.0 940.0 504.0 293.0 
100.0 -489.0 -714.0 -235.0 412.0 733.0 815.0 
436.0 -138.0 -610.0 -297.0 764.0 701.0 -174.0 
200.0 1280.0 1044.0 47.0 49.0 72.0 -98.0 
666.0 1076.0 588.0 387.0 701.0 503.0 -128.0 
-279.0 76.0 611.0 895.0 127.0 -1015.0 -841.0 
53.0 83.0 -363.0 -256.0 -40.0 118.0 319.0 
2.0 -141.0 129.0 224.0 455.0 1325.0 803.0 
-654.0 -275.0 288.0 -167.0 -177.0 468.0 816.0 
651.0 -69.0 -1024.0 -859.0 82.0 13.0 -571.0 
-498.0 -451.0 -884.0 -443.0 475.0 116.0 -775.0 
-513.0 452.0 660.0 -335.0 -1084.0 -687.0 -378.0 
-529.0 -277.0 209.0 521.0 346.0 -124.0 -46.0 
572.0 744.0 11.0 -202.0 609.0 111.0 -1194.0 
-732.0 330.0 113.0 -176.0 -42.0 -89.0 89.0 
304.0 186.0 201.0 346.0 304.0 -86.0 -596.0 
-459.0 -195.0 -577.0 -544.0 255.0 459.0 287.0 
376.0 758.0 986.0 746.0 572.0 -49.0 -559.0 
354.0 1079.0 767.0 -3.0 -593.0 -731.0 -673.0 
-424.0 -695.0 -1612.0 -1857.0 -1383.0 -868.0 -500.0 
-272.0 41.0 261.0 135.0 -148.0 171.0 915.0 
839.0 78.0 -76.0 450.0 292.0 -55.0 363.0 
-244.0 -1420.0 -760.0 -124.0 -1341.0 -2084.0 -952.0 
-6.0 49.0 287.0 434.0 -360.0 -716.0 44.0 
912.0 1227.0 609.0 -439.0 -904.0 -394.0 356.0 
564.0 394.0 17.0 16.0 146.0 30.0 214.0 
643.0 588.0 75.0 -430.0 -359.0 -368.0 -827.0 
-174.0 855.0 687.0 413.0 514.0 -146.0 -1122.0 
-405.0 984.0 454.0 -544.0 -154.0 438.0 216.0 
-266.0 -415.0 -376.0 -294.0 -355.0 -402.0 -150.0 
-552.0 -350.0 1193.0 1225.0 -662.0 -1446.0 -477.0 
-6.0 67.0 943.0 1130.0 347.0 -139.0 -364.0 
-708.0 -931.0 -1169.0 -1292.0 -804.0 -308.0 -820.0 
-1051.0 -65.0 621.0 249.0 -319.0 -491.0 -263.0 
-320.0 -365.0 -192.0 -663.0 -1550.0 -1543.0 -955.0 
-605.0 -258.0 -172.0 -608.0 -430.0 136.0 230.0 
-215.0 -672.0 -447.0 236.0 334.0 -171.0 -553.0 
-574.0 -130.0 234.0 -189.0 -1208.0 -1743.0 -1563.0 
-784.0 -90.0 -497.0 -439.0 672.0 174.0 -852.0 
-774.0 -569.0 -663.0 -342.0 368.0 548.0 547.0 
618.0 97.0 -460.0 29.0 526.0 305.0 294.0 
58.0 -437.0 63.0 763.0 4.0 -926.0 -779.0 
-481.0 -286.0 -286.0 -528.0 -922.0 -933.0 -49.0 
501.0 375.0 -2.0 -784.0 -969.0 -439.0 -648.0 
-461.0 1006.0 1335.0 -177.0 -1034.0 30.0 739.0 
-238.0 -712.0 456.0 691.0 -293.0 -355.0 36.0 
-39.0 255.0 640.0 554.0 627.0 567.0 297.0 
519.0 375.0 166.0 450.0 1067.0 1664.0 459.0 
-1108.0 11.0 1241.0 512.0 88.0 -14.0 -388.0 
257.0 355.0 -954.0 -1307.0 221.0 1377.0 426.0 
-440.0 -146.0 -74.0 -705.0 -1318.0 -1014.0 -214.0 
-457.0 -1246.0 -1278.0 -1160.0 -1470.0 -969.0 1.0 
-97.0 -334.0 737.0 1595.0 1131.0 524.0 -211.0 
-645.0 152.0 482.0 -1041.0 -1664.0 66.0 679.0 
-446.0 -720.0 127.0 460.0 95.0 -52.0 -164.0 
251.0 550.0 389.0 253.0 240.0 824.0 1060.0 
33.0 -870.0 -783.0 -223.0 -23.0 -307.0 85.0 
883.0 543.0 71.0 596.0 854.0 259.0 70.0 
689.0 657.0 -504.0 -1278.0 -800.0 -144.0 -243.0 
-854.0 -689.0 -484.0 -355.0 720.0 1583.0 841.0 
-106.0 86.0 157.0 -397.0 -194.0 193.0 -105.0 
-719.0 -1408.0 -866.0 706.0 895.0 -168.0 -758.0 
-146.0 515.0 282.0 -450.0 -543.0 -369.0 -825.0 
-1053.0 -921.0 -647.0 -221.0 398.0 219.0 -412.0 
-65.0 321.0 168.0 553.0 366.0 -467.0 -283.0 
-103.0 -529.0 -742.0 -795.0 -70.0 1136.0 790.0 
-640.0 -749.0 -358.0 -807.0 -862.0 -497.0 -1058.0 
-1174.0 290.0 893.0 -379.0 -1253.0 -350.0 763.0 
445.0 -63.0 224.0 18.0 -684.0 -666.0 -367.0 
-340.0 -164.0 929.0 1754.0 914.0 234.0 784.0 
841.0 -255.0 -552.0 173.0 151.0 -183.0 527.0 
1441.0 757.0 -256.0 -199.0 599.0 840.0 -31.0 
-493.0 -221.0 56.0 600.0 904.0 917.0 898.0 
70.0 -1204.0 -1192.0 -428.0 -516.0 -671.0 -195.0 
-156.0 -12.0 1196.0 1391.0 188.0 111.0 596.0 
628.0 1025.0 521.0 -841.0 -735.0 29.0 -570.0 
-1099.0 62.0 1050.0 892.0 482.0 -307.0 -359.0 
318.0 -47.0 -367.0 363.0 1031.0 814.0 261.0 
-204.0 63.0 347.0 -258.0 -598.0 -666.0 -586.0 
138.0 406.0 -574.0 -807.0 -44.0 114.0 -926.0 
-1831.0 -582.0 998.0 334.0 -1033.0 -110.0 823.0 
33.0 -232.0 -30.0 -47.0 181.0 203.0 -101.0 
-221.0 -6.0 224.0 521.0 583.0 138.0 237.0 
519.0 153.0 44.0 331.0 59.0 -376.0 -333.0 
-383.0 -318.0 185.0 206.0 -662.0 -762.0 60.0 
397.0 -6.0 -219.0 52.0 425.0 484.0 988.0 
881.0 118.0 974.0 1954.0 1070.0 290.0 912.0 
1204.0 547.0 403.0 381.0 -183.0 -17.0 750.0 
236.0 -729.0 -63.0 1039.0 1239.0 946.0 746.0 
770.0 524.0 -46.0 -90.0 465.0 820.0 549.0 
154.0 -79.0 -436.0 -1002.0 -1223.0 -642.0 -436.0 
-989.0 -730.0 369.0 297.0 -584.0 -336.0 212.0 
66.0 -388.0 -929.0 -826.0 -50.0 752.0 649.0 
-112.0 -465.0 -500.0 -381.0 -740.0 -1464.0 -1147.0 
-298.0 9.0 47.0 -82.0 369.0 736.0 128.0 
-28.0 174.0 386.0 698.0 613.0 -224.0 -629.0 
281.0 676.0 111.0 -169.0 79.0 -19.0 -295.0 
142.0 804.0 264.0 15.0 682.0 402.0 -536.0 
-271.0 448.0 361.0 -66.0 135.0 14.0 -1207.0 
-1247.0 286.0 394.0 -476.0 -90.0 452.0 -34.0 
-292.0 -116.0 -348.0 -345.0 193.0 515.0 27.0 
-159.0 392.0 434.0 77.0 -144.0 -238.0 159.0 
800.0 162.0 -879.0 -220.0 991.0 428.0 -587.0 
170.0 968.0 678.0 674.0 449.0 132.0 493.0 
554.0 -64.0 -747.0 -910.0 -105.0 723.0 121.0 
-415.0 499.0 553.0 -432.0 -439.0 163.0 654.0 
1040.0 300.0 -708.0 -440.0 34.0 347.0 752.0 
608.0 -78.0 -415.0 -451.0 -548.0 -332.0 17.0 
29.0 -277.0 -751.0 -543.0 9.0 106.0 -56.0 
-375.0 -271.0 251.0 302.0 -13.0 -172.0 -161.0 
8.0 -246.0 -654.0 -333.0 244.0 630.0 557.0 
32.0 -976.0 -1554.0 -855.0 530.0 899.0 -85.0 
-158.0 529.0 -4.0 -895.0 -853.0 -197.0 320.0 
335.0 365.0 -265.0 -524.0 354.0 -53.0 -996.0 
-810.0 -903.0 -1619.0 -1316.0 -140.0 -36.0 -694.0 
-986.0 -692.0 173.0 88.0 -1030.0 -1339.0 -180.0 
279.0 -899.0 -1237.0 -652.0 -825.0 -703.0 207.0 
312.0 -59.0 -262.0 -468.0 30.0 338.0 -122.0 
-587.0 -822.0 -897.0 -491.0 -328.0 -809.0 -671.0 
303.0 407.0 55.0 495.0 819.0 -668.0 -1372.0 
291.0 757.0 -162.0 -134.0 -244.0 -1105.0 -1487.0 
-1030.0 -61.0 178.0 -197.0 -116.0 -79.0 -982.0 
-1417.0 -409.0 357.0 -182.0 -720.0 -441.0 -475.0 
-1042.0 -1421.0 -1141.0 -939.0 -1125.0 -817.0 -628.0 
-1398.0 -1166.0 588.0 720.0 -296.0 349.0 572.0 
-442.0 36.0 818.0 157.0 -411.0 153.0 328.0 
-392.0 -1156.0 -1431.0 -744.0 157.0 483.0 648.0 
752.0 147.0 -542.0 -248.0 355.0 437.0 85.0 
-121.0 -144.0 -9.0 105.0 -417.0 -711.0 34.0 
531.0 -112.0 -809.0 -248.0 318.0 58.0 61.0 
269.0 73.0 -719.0 -1181.0 -438.0 408.0 156.0 
-485.0 -348.0 -235.0 -619.0 -382.0 428.0 578.0 
76.0 -253.0 -139.0 -46.0 137.0 601.0 533.0 
94.0 107.0 671.0 704.0 262.0 558.0 526.0 
-93.0 209.0 1165.0 809.0 -125.0 28.0 111.0 
-130.0 97.0 -168.0 -907.0 -891.0 318.0 843.0 
-263.0 -787.0 -135.0 303.0 384.0 405.0 246.0 
357.0 582.0 -3.0 -652.0 -575.0 -241.0 -6.0 
-281.0 -616.0 -290.0 199.0 434.0 739.0 989.0 
184.0 -674.0 -480.0 -331.0 -888.0 -824.0 -74.0 
-416.0 -951.0 -422.0 -203.0 -147.0 839.0 1464.0 
396.0 -527.0 33.0 643.0 6.0 -869.0 -1068.0 
-321.0 629.0 -17.0 -1309.0 -1495.0 -584.0 97.0 
-666.0 -1118.0 -171.0 122.0 -93.0 281.0 -81.0 
-923.0 -783.0 -22.0 277.0 376.0 237.0 5.0 
-57.0 137.0 343.0 299.0 -185.0 -648.0 -230.0 
474.0 424.0 -111.0 -431.0 -380.0 520.0 949.0 
-515.0 -1327.0 168.0 1114.0 169.0 -300.0 -757.0 
-1070.0 595.0 1901.0 572.0 -812.0 -587.0 -534.0 
-422.0 -80.0 -407.0 -215.0 612.0 841.0 586.0 
749.0 670.0 131.0 100.0 326.0 271.0 -452.0 
-730.0 229.0 685.0 -15.0 -718.0 -681.0 -124.0 
-457.0 -1355.0 -698.0 734.0 729.0 -61.0 -93.0 
43.0 -365.0 -515.0 -43.0 115.0 -135.0 99.0 
1125.0 1516.0 387.0 -6.0 1127.0 1240.0 573.0 
691.0 608.0 245.0 519.0 639.0 507.0 1142.0 
1080.0 151.0 -260.0 -493.0 -921.0 -836.0 -592.0 
-235.0 128.0 -193.0 -178.0 174.0 -971.0 -1993.0 
-880.0 299.0 117.0 -140.0 -310.0 -887.0 -240.0 
666.0 -188.0 -928.0 -765.0 -1074.0 -1737.0 -1717.0 
-959.0 -729.0 -865.0 -260.0 -43.0 -575.0 -152.0 
21.0 -1145.0 -1251.0 -367.0 -232.0 -496.0 -461.0 
-245.0 85.0 674.0 909.0 -60.0 -451.0 630.0 
1036.0 383.0 -323.0 1.0 356.0 -29.0 3.0 
390.0 359.0 116.0 -73.0 -21.0 105.0 -524.0 
-1022.0 -355.0 85.0 169.0 456.0 875.0 691.0 
-505.0 -694.0 292.0 330.0 131.0 1069.0 1018.0 
-678.0 -906.0 -7.0 -308.0 -558.0 -57.0 150.0 
170.0 224.0 -101.0 -386.0 71.0 694.0 819.0 
67.0 -320.0 270.0 56.0 -465.0 87.0 243.0 
-284.0 534.0 1511.0 1046.0 -1.0 -363.0 -50.0 
-71.0 -211.0 131.0 625.0 595.0 -537.0 -1323.0 
-202.0 726.0 -333.0 -605.0 542.0 585.0 -204.0 
-300.0 -72.0 484.0 752.0 -77.0 -1184.0 -1091.0 
-371.0 -42.0 95.0 -500.0 -957.0 -880.0 -1413.0 
-1330.0 -326.0 56.0 -678.0 -1137.0 -578.0 12.0 
126.0 -432.0 -849.0 -773.0 -661.0 -424.0 -328.0 
-252.0 -600.0 -1264.0 -1172.0 -410.0 -423.0 -1154.0 
-1209.0 -1077.0 -1210.0 -1004.0 -771.0 -576.0 262.0 
872.0 297.0 -561.0 -360.0 379.0 43.0 -439.0 
232.0 938.0 815.0 191.0 -332.0 86.0 621.0 
221.0 -388.0 -760.0 -1081.0 -1261.0 -61.0 1272.0 
685.0 -243.0 -295.0 -568.0 -1009.0 -959.0 -1084.0 
-893.0 -306.0 193.0 829.0 644.0 -245.0 -243.0 
-47.0 -803.0 -1137.0 -703.0 -471.0 -490.0 -345.0 
-71.0 66.0 281.0 195.0 -190.0 -398.0 -545.0 
43.0 911.0 701.0 289.0 619.0 875.0 886.0 
598.0 139.0 442.0 499.0 -506.0 -762.0 585.0 
1380.0 91.0 -1485.0 -1258.0 7.0 111.0 -429.0 
-170.0 166.0 -375.0 -193.0 610.0 204.0 -482.0 
-549.0 -500.0 -600.0 -68.0 192.0 -473.0 -606.0 
326.0 131.0 -569.0 -265.0 -140.0 -434.0 -538.0 
-660.0 -570.0 -183.0 46.0 318.0 570.0 -148.0 
-749.0 429.0 1102.0 192.0 -477.0 -558.0 -91.0 
118.0 -745.0 -996.0 115.0 714.0 -89.0 -282.0 
824.0 1224.0 858.0 781.0 666.0 536.0 561.0 
762.0 627.0 443.0 957.0 1468.0 298.0 -401.0 
819.0 515.0 -1324.0 -1007.0 802.0 1433.0 680.0 
122.0 -89.0 -372.0 -499.0 -491.0 -531.0 -105.0 
639.0 728.0 521.0 643.0 970.0 699.0 127.0 
393.0 578.0 -74.0 -479.0 -7.0 470.0 771.0 
496.0 -225.0 -559.0 -50.0 692.0 17.0 -881.0 
294.0 1358.0 525.0 264.0 1088.0 788.0 -208.0 
78.0 796.0 99.0 -332.0 967.0 1505.0 33.0 
-417.0 642.0 1391.0 916.0 -371.0 -758.0 -692.0 
-370.0 235.0 42.0 -558.0 -672.0 -93.0 539.0 
167.0 -177.0 -437.0 -884.0 -373.0 106.0 -465.0 
-655.0 -145.0 -399.0 -1406.0 -1237.0 240.0 109.0 
-897.0 -586.0 -458.0 -1142.0 -1164.0 -714.0 -279.0 
-128.0 -628.0 -925.0 -682.0 -352.0 3.0 -192.0 
-755.0 -147.0 258.0 -827.0 -994.0 35.0 310.0 
-19.0 -116.0 -33.0 123.0 523.0 771.0 170.0 
-540.0 -518.0 -455.0 -877.0 -1108.0 -230.0 517.0 
-252.0 -20.0 1029.0 339.0 -106.0 377.0 3.0 
-596.0 1.0 594.0 119.0 -579.0 -617.0 186.0 
482.0 -445.0 -1020.0 -129.0 798.0 202.0 -320.0 
150.0 451.0 435.0 516.0 722.0 575.0 -361.0 
-1161.0 -633.0 -463.0 -1724.0 -1981.0 -820.0 7.0 
-644.0 -1366.0 -493.0 550.0 168.0 -987.0 -757.0 
431.0 786.0 300.0 -56.0 -303.0 -574.0 -562.0 
-150.0 273.0 626.0 930.0 196.0 -664.0 -42.0 
960.0 859.0 164.0 446.0 808.0 52.0 -331.0 
55.0 -38.0 52.0 592.0 -17.0 -867.0 -298.0 
675.0 710.0 787.0 1112.0 840.0 214.0 77.0 
394.0 -143.0 -481.0 -171.0 -300.0 -510.0 333.0 
826.0 -371.0 -1116.0 -240.0 861.0 905.0 3.0 
-535.0 -559.0 -451.0 -187.0 276.0 667.0 587.0 
-163.0 -997.0 -526.0 922.0 1136.0 672.0 680.0 
532.0 291.0 127.0 -309.0 -762.0 -440.0 -161.0 
-437.0 -159.0 540.0 403.0 17.0 289.0 659.0 
302.0 203.0 1026.0 711.0 -303.0 -701.0 -941.0 
-374.0 107.0 -800.0 -749.0 -1.0 -124.0 -328.0 
-87.0 288.0 -388.0 -1580.0 -1300.0 458.0 1294.0 
530.0 175.0 988.0 1474.0 951.0 710.0 675.0 
444.0 188.0 86.0 418.0 974.0 1077.0 936.0 
396.0 -158.0 0.0 -88.0 -208.0 -113.0 -96.0 
152.0 208.0 -61.0 -116.0 97.0 492.0 1263.0 
1137.0 -22.0 -137.0 186.0 -216.0 -274.0 -18.0 
-121.0 -588.0 -714.0 45.0 603.0 328.0 284.0 
110.0 -269.0 353.0 471.0 67.0 209.0 -63.0 
-361.0 -248.0 -130.0 -258.0 -703.0 -590.0 258.0 
401.0 -299.0 -191.0 306.0 -79.0 -50.0 610.0 
318.0 -354.0 -198.0 -646.0 -1241.0 -85.0 779.0 
20.0 -66.0 700.0 465.0 -342.0 -568.0 -355.0 
-94.0 117.0 196.0 634.0 944.0 201.0 -139.0 
529.0 598.0 -32.0 -606.0 -371.0 735.0 703.0 
140.0 1139.0 1661.0 598.0 223.0 441.0 1.0 
-106.0 605.0 491.0 -225.0 -85.0 540.0 651.0 
127.0 -288.0 -384.0 -280.0 67.0 756.0 1258.0 
1042.0 803.0 738.0 337.0 -173.0 -308.0 -603.0 
-693.0 -240.0 885.0 1207.0 141.0 -243.0 450.0 
695.0 228.0 39.0 371.0 407.0 233.0 797.0 
950.0 -7.0 4.0 626.0 -235.0 -915.0 99.0 
619.0 134.0 487.0 1281.0 337.0 -839.0 -89.0 
505.0 -227.0 -126.0 317.0 -479.0 -981.0 -400.0 
14.0 -56.0 30.0 320.0 624.0 478.0 55.0 
-316.0 -455.0 -422.0 36.0 238.0 21.0 284.0 
744.0 952.0 1225.0 1045.0 -34.0 -61.0 1685.0 
2103.0 549.0 -82.0 331.0 382.0 258.0 260.0 
362.0 371.0 240.0 499.0 974.0 643.0 396.0 
78.0 -1055.0 -852.0 426.0 131.0 -845.0 -426.0 
516.0 725.0 692.0 667.0 527.0 674.0 815.0 
288.0 -446.0 -428.0 59.0 162.0 -232.0 -45.0 
863.0 1138.0 219.0 -144.0 542.0 167.0 -536.0 
148.0 310.0 -613.0 -558.0 210.0 624.0 301.0 
-43.0 678.0 1539.0 1255.0 680.0 686.0 1102.0 
1174.0 320.0 -309.0 265.0 477.0 -436.0 -570.0 
162.0 670.0 253.0 -710.0 -218.0 726.0 63.0 
-171.0 809.0 364.0 84.0 941.0 481.0 15.0 
166.0 -338.0 -327.0 185.0 -577.0 -740.0 528.0 
517.0 -403.0 168.0 456.0 -758.0 -776.0 -189.0 
-264.0 -239.0 115.0 356.0 313.0 -155.0 -499.0 
-351.0 -781.0 -1164.0 -598.0 -213.0 -626.0 -913.0 
-192.0 245.0 -556.0 -1168.0 -231.0 321.0 -430.0 
-799.0 -666.0 -328.0 434.0 1194.0 1071.0 410.0 
-51.0 -275.0 -368.0 -344.0 250.0 683.0 581.0 
770.0 770.0 307.0 -58.0 168.0 154.0 -36.0 
485.0 518.0 199.0 -61.0 -570.0 -630.0 218.0 
739.0 -23.0 -1059.0 -1125.0 -293.0 553.0 8.0 
-1046.0 -497.0 622.0 494.0 313.0 580.0 515.0 
-108.0 -763.0 -176.0 513.0 -103.0 -68.0 685.0 
391.0 -75.0 394.0 853.0 888.0 465.0 -322.0 
-766.0 -1025.0 -739.0 -548.0 -648.0 -410.0 -43.0 
-59.0 -435.0 -402.0 -568.0 -1037.0 -1117.0 -909.0 
-130.0 196.0 -501.0 -423.0 422.0 604.0 658.0 
882.0 177.0 -883.0 -1014.0 -487.0 -210.0 -420.0 
-990.0 -1362.0 -645.0 -106.0 -111.0 -329.0 -1241.0 
-1320.0 -332.0 -116.0 -115.0 -179.0 -223.0 -114.0 
-568.0 -844.0 -576.0 32.0 343.0 163.0 138.0 
-241.0 -722.0 -527.0 -41.0 -685.0 -1525.0 -950.0 
-88.0 258.0 807.0 845.0 61.0 -43.0 76.0 
121.0 146.0 -4.0 -127.0 91.0 13.0 -44.0 
722.0 1116.0 554.0 -29.0 -619.0 -986.0 35.0 
277.0 -745.0 -289.0 685.0 509.0 -6.0 -187.0 
177.0 256.0 89.0 329.0 357.0 -64.0 -57.0 
812.0 1066.0 -176.0 -823.0 331.0 1456.0 1114.0 
169.0 -169.0 216.0 30.0 -410.0 59.0 225.0 
-373.0 -300.0 494.0 683.0 311.0 342.0 723.0 
1069.0 1272.0 1023.0 -51.0 -997.0 -731.0 340.0 
618.0 -306.0 -860.0 -593.0 -200.0 116.0 -245.0 
-708.0 368.0 1477.0 230.0 -1134.0 -150.0 862.0 
392.0 -7.0 124.0 -89.0 -127.0 531.0 859.0 
-65.0 -1241.0 -975.0 89.0 176.0 -478.0 -298.0 
342.0 399.0 173.0 -38.0 66.0 653.0 996.0 
603.0 339.0 338.0 77.0 303.0 479.0 -934.0 
-1568.0 -184.0 825.0 581.0 -46.0 -451.0 -31.0 
464.0 -338.0 -1112.0 -783.0 -300.0 -122.0 -195.0 
-344.0 -211.0 -142.0 -182.0 338.0 725.0 226.0 
48.0 433.0 -55.0 -756.0 -205.0 463.0 -272.0 
-1491.0 -1584.0 -676.0 443.0 372.0 -763.0 -870.0 
342.0 959.0 132.0 -790.0 -812.0 -265.0 -643.0 
-1149.0 -339.0 -60.0 -532.0 -182.0 459.0 -88.0 
-758.0 -314.0 186.0 268.0 -10.0 -287.0 -74.0 
146.0 -431.0 -782.0 -607.0 -680.0 -724.0 -470.0 
-660.0 -1304.0 -812.0 678.0 639.0 -446.0 15.0 
1281.0 1195.0 865.0 1669.0 1767.0 324.0 348.0 
2003.0 1959.0 480.0 520.0 1538.0 1275.0 560.0 
599.0 242.0 -474.0 -138.0 346.0 100.0 536.0 
1151.0 266.0 -809.0 -333.0 450.0 285.0 28.0 
-68.0 250.0 1089.0 702.0 -921.0 -1289.0 -19.0 
344.0 -342.0 -6.0 382.0 -559.0 -694.0 245.0 
-330.0 -1558.0 -1575.0 -1183.0 -978.0 -473.0 -368.0 
-711.0 -162.0 647.0 496.0 51.0 -139.0 -225.0 
-220.0 -629.0 -1156.0 -852.0 140.0 41.0 -649.0 
-323.0 -105.0 -145.0 -8.0 126.0 613.0 1456.0 
774.0 -271.0 329.0 927.0 236.0 -354.0 184.0 
516.0 -54.0 -334.0 -203.0 6.0 253.0 387.0 
596.0 773.0 730.0 209.0 -354.0 -427.0 -568.0 
-601.0 -480.0 -816.0 -746.0 211.0 790.0 220.0 
-84.0 509.0 587.0 -38.0 -40.0 362.0 75.0 
-479.0 -464.0 -138.0 146.0 153.0 -66.0 -234.0 
-556.0 -432.0 211.0 238.0 -196.0 377.0 931.0 
254.0 -448.0 -298.0 -146.0 -980.0 -1100.0 1212.0 
2165.0 -3.0 -1048.0 135.0 324.0 -614.0 -349.0 
376.0 44.0 152.0 509.0 429.0 485.0 9.0 
-674.0 -74.0 561.0 244.0 202.0 759.0 849.0 
569.0 702.0 326.0 -278.0 170.0 899.0 1216.0 
616.0 -399.0 -616.0 -169.0 96.0 -4.0 42.0 
362.0 372.0 564.0 839.0 507.0 246.0 -16.0 
-480.0 -923.0 -1199.0 -846.0 -246.0 -277.0 -540.0 
-542.0 -783.0 -1012.0 -287.0 -43.0 -545.0 65.0 
1076.0 519.0 -321.0 -525.0 -506.0 -195.0 166.0 
291.0 -156.0 -811.0 -447.0 381.0 -43.0 -715.0 
-515.0 -193.0 -220.0 -676.0 -578.0 -167.0 -317.0 
-439.0 -691.0 -1285.0 -1175.0 -499.0 -854.0 -1396.0 
-431.0 110.0 -783.0 -1387.0 -1433.0 -1099.0 -428.0 
-581.0 -1337.0 -686.0 313.0 80.0 479.0 785.0 
324.0 595.0 1115.0 906.0 100.0 -29.0 350.0 
-269.0 -730.0 -214.0 -66.0 -138.0 -14.0 155.0 
310.0 -149.0 -661.0 -632.0 -561.0 -161.0 494.0 
175.0 -470.0 174.0 457.0 -708.0 -1030.0 -34.0 
536.0 607.0 445.0 -190.0 -348.0 108.0 -340.0 
-1059.0 -936.0 -415.0 -14.0 -128.0 -366.0 80.0 
550.0 142.0 87.0 238.0 -295.0 -763.0 -1204.0 
-1210.0 -517.0 -449.0 -778.0 -913.0 -946.0 -469.0 
231.0 172.0 -280.0 301.0 661.0 256.0 687.0 
880.0 70.0 -36.0 155.0 -548.0 -567.0 330.0 
66.0 -502.0 488.0 1001.0 -510.0 -1066.0 302.0 
757.0 -10.0 -233.0 -371.0 -296.0 603.0 563.0 
-510.0 -544.0 237.0 269.0 -358.0 -318.0 668.0 
720.0 42.0 263.0 814.0 850.0 251.0 -159.0 
244.0 81.0 -531.0 -170.0 471.0 524.0 95.0 
216.0 756.0 -230.0 -1562.0 -846.0 482.0 445.0 
-321.0 -305.0 38.0 -249.0 -340.0 -280.0 -571.0 
-521.0 225.0 465.0 455.0 506.0 234.0 324.0 
325.0 -664.0 -1356.0 -750.0 -256.0 -516.0 -691.0 
-812.0 -457.0 325.0 -66.0 -1056.0 -1118.0 -764.0 
-622.0 -440.0 -29.0 286.0 14.0 -124.0 146.0 
21.0 169.0 441.0 -180.0 -470.0 -435.0 -864.0 
-834.0 -96.0 -119.0 -890.0 -1250.0 -865.0 -699.0 
-535.0 423.0 877.0 49.0 -550.0 -219.0 -10.0 
202.0 274.0 52.0 -7.0 -19.0 -77.0 -199.0 
-448.0 -227.0 231.0 556.0 583.0 217.0 -300.0 
-341.0 24.0 192.0 -110.0 -238.0 174.0 337.0 
119.0 9.0 126.0 -171.0 -217.0 -255.0 -543.0 
38.0 204.0 -152.0 -47.0 -592.0 -1348.0 -1053.0 
-298.0 -28.0 112.0 36.0 -613.0 -798.0 -180.0 
-188.0 -676.0 -370.0 455.0 893.0 772.0 700.0 
587.0 149.0 208.0 511.0 118.0 -267.0 -215.0 
-186.0 -49.0 370.0 824.0 962.0 637.0 318.0 
429.0 407.0 285.0 331.0 501.0 204.0 348.0 
1456.0 911.0 -11.0 480.0 131.0 -817.0 -640.0 
130.0 -652.0 -1842.0 -1024.0 153.0 336.0 -203.0 
-845.0 -399.0 3.0 -111.0 -70.0 -60.0 -111.0 
-85.0 -200.0 -315.0 74.0 331.0 -520.0 -1183.0 
-168.0 495.0 18.0 450.0 1175.0 945.0 223.0 
-335.0 -305.0 278.0 -273.0 -1554.0 -965.0 645.0 
858.0 0.0 -544.0 -273.0 -263.0 -649.0 150.0 
623.0 -364.0 -589.0 -915.0 -1651.0 -1161.0 -172.0 
-35.0 -417.0 -775.0 -772.0 -715.0 -1086.0 -1020.0 
357.0 1214.0 923.0 1057.0 409.0 -862.0 -499.0 
347.0 524.0 1085.0 1248.0 270.0 -818.0 -786.0 
445.0 579.0 285.0 1004.0 1178.0 516.0 476.0 
210.0 -823.0 -393.0 911.0 443.0 -828.0 -779.0 
209.0 799.0 89.0 -198.0 683.0 1217.0 803.0 
450.0 534.0 791.0 969.0 676.0 718.0 1525.0 
1121.0 -333.0 -550.0 162.0 375.0 -2.0 -365.0 
-227.0 652.0 564.0 -95.0 -9.0 -69.0 -24.0 
642.0 803.0 348.0 -506.0 -1026.0 -208.0 521.0 
94.0 -58.0 492.0 403.0 -119.0 -308.0 162.0 
611.0 -251.0 -1215.0 -823.0 414.0 922.0 -542.0 
-1256.0 -236.0 -222.0 -490.0 184.0 450.0 65.0 
-423.0 -897.0 -321.0 477.0 67.0 -354.0 -43.0 
-557.0 -1583.0 -1300.0 -571.0 -507.0 -220.0 -81.0 
-628.0 -611.0 -477.0 -1282.0 -1137.0 165.0 196.0 
-524.0 -564.0 -380.0 186.0 371.0 -480.0 -726.0 
77.0 416.0 -57.0 -489.0 -947.0 -1203.0 -725.0 
-9.0 -222.0 -1349.0 -1320.0 -21.0 357.0 -485.0 
-1036.0 -609.0 6.0 283.0 640.0 517.0 58.0 
224.0 -249.0 -1219.0 -359.0 1080.0 736.0 -349.0 
-411.0 486.0 1025.0 378.0 -430.0 -416.0 -46.0 
133.0 220.0 624.0 753.0 185.0 -251.0 -83.0 
102.0 -35.0 -632.0 -681.0 113.0 -122.0 -428.0 
-44.0 -150.0 -446.0 -257.0 -181.0 -247.0 -491.0 
-1034.0 -1089.0 -929.0 -362.0 4.0 -685.0 -804.0 
-75.0 -14.0 52.0 635.0 125.0 -898.0 4.0 
1409.0 819.0 -208.0 -71.0 64.0 -102.0 230.0 
247.0 -354.0 -403.0 218.0 541.0 207.0 -393.0 
-477.0 -432.0 -770.0 -786.0 -384.0 -540.0 -766.0 
-587.0 -349.0 -286.0 -391.0 -594.0 -83.0 -10.0 
-896.0 -1142.0 -630.0 60.0 469.0 -313.0 -841.0 
54.0 301.0 -242.0 -5.0 -76.0 -495.0 -278.0 
-102.0 -198.0 -217.0 -182.0 -180.0 -453.0 -76.0 
445.0 -259.0 -528.0 404.0 404.0 -438.0 -381.0 
-34.0 -405.0 -658.0 -219.0 163.0 -241.0 -568.0 
-37.0 -330.0 -1531.0 -1490.0 -1133.0 -1278.0 -575.0 
402.0 32.0 -475.0 -363.0 -651.0 -670.0 -246.0 
385.0 452.0 -664.0 -1319.0 -336.0 510.0 -164.0 
-505.0 244.0 -59.0 -482.0 -461.0 -765.0 -695.0 
-232.0 -104.0 217.0 559.0 89.0 -175.0 475.0 
263.0 -1193.0 -1300.0 -132.0 166.0 -11.0 -138.0 
-741.0 -742.0 26.0 154.0 6.0 624.0 1247.0 
461.0 -533.0 177.0 1150.0 1032.0 358.0 -59.0 
25.0 303.0 218.0 151.0 301.0 660.0 653.0 
149.0 -66.0 299.0 245.0 -20.0 600.0 473.0 
-379.0 -467.0 -339.0 -53.0 287.0 -16.0 181.0 
834.0 672.0 -471.0 -1012.0 -26.0 318.0 -242.0 
123.0 709.0 251.0 -517.0 -762.0 -702.0 -423.0 
488.0 863.0 321.0 64.0 284.0 573.0 928.0 
346.0 -413.0 67.0 304.0 -301.0 -204.0 -112.0 
-829.0 -980.0 -579.0 -589.0 103.0 898.0 134.0 
-975.0 -1128.0 -835.0 -663.0 -639.0 -540.0 -515.0 
-1133.0 -1268.0 -526.0 -581.0 -1109.0 -910.0 -345.0 
-168.0 367.0 807.0 39.0 -502.0 -395.0 53.0 
611.0 581.0 87.0 -404.0 -339.0 36.0 -175.0 
-948.0 -1058.0 -934.0 -1054.0 -234.0 706.0 294.0 
-304.0 -33.0 -192.0 -695.0 -352.0 139.0 41.0 
-298.0 -678.0 -483.0 -1.0 161.0 583.0 168.0 
-606.0 -242.0 155.0 -188.0 -819.0 -964.0 66.0 
708.0 151.0 -36.0 626.0 318.0 -56.0 341.0 
32.0 -413.0 53.0 519.0 -106.0 -1241.0 -1349.0 
-529.0 45.0 178.0 138.0 553.0 798.0 -118.0 
-278.0 712.0 741.0 -11.0 177.0 1084.0 899.0 
-64.0 -139.0 217.0 378.0 450.0 449.0 423.0 
496.0 864.0 784.0 204.0 -359.0 -367.0 -125.0 
-830.0 -1337.0 -40.0 1128.0 733.0 199.0 430.0 
505.0 -70.0 231.0 1447.0 964.0 -533.0 -518.0 
-288.0 -245.0 678.0 646.0 -348.0 -137.0 667.0 
806.0 544.0 439.0 524.0 190.0 94.0 247.0 
150.0 347.0 1069.0 1231.0 594.0 282.0 284.0 
549.0 951.0 625.0 119.0 489.0 1439.0 1280.0 
606.0 404.0 5.0 -506.0 -681.0 -184.0 481.0 
640.0 110.0 -390.0 41.0 934.0 771.0 -293.0 
-335.0 457.0 747.0 234.0 -736.0 -997.0 -55.0 
390.0 238.0 503.0 340.0 -263.0 214.0 930.0 
372.0 195.0 1232.0 1469.0 577.0 415.0 1442.0 
1847.0 1275.0 843.0 699.0 261.0 -370.0 -493.0 
-131.0 520.0 690.0 29.0 -297.0 -62.0 247.0 
438.0 191.0 173.0 127.0 135.0 625.0 648.0 
723.0 1175.0 869.0 -194.0 -721.0 -104.0 427.0 
-187.0 -907.0 -877.0 -452.0 -445.0 -821.0 -960.0 
-540.0 -341.0 -1146.0 -1816.0 -1512.0 -1106.0 -1156.0 
-1740.0 -1623.0 -618.0 -146.0 -250.0 -605.0 -708.0 
36.0 527.0 39.0 54.0 984.0 1356.0 400.0 
-777.0 -768.0 -18.0 -350.0 -964.0 -358.0 301.0 
-578.0 -733.0 112.0 -180.0 -326.0 742.0 1461.0 
1438.0 1111.0 528.0 15.0 -151.0 -362.0 -511.0 
289.0 1035.0 456.0 -894.0 -849.0 492.0 570.0 
-310.0 -605.0 -543.0 -638.0 -861.0 -732.0 -209.0 
359.0 117.0 -428.0 387.0 832.0 -220.0 -492.0 
447.0 522.0 176.0 434.0 -70.0 -701.0 328.0 
1568.0 1013.0 387.0 1272.0 1256.0 72.0 -11.0 
-272.0 -1035.0 -704.0 1.0 7.0 7.0 764.0 
880.0 54.0 -203.0 143.0 602.0 724.0 137.0 
-27.0 603.0 279.0 -892.0 -790.0 184.0 65.0 
-465.0 -148.0 -52.0 -316.0 -141.0 12.0 -339.0 
-697.0 -921.0 -946.0 -429.0 -268.0 -444.0 -57.0 
291.0 350.0 185.0 -418.0 -993.0 -1187.0 -816.0 
-301.0 -872.0 -1522.0 -859.0 354.0 810.0 379.0 
-280.0 -402.0 -10.0 -165.0 -883.0 -932.0 -485.0 
-536.0 -898.0 -609.0 14.0 69.0 0.0 -289.0 
-491.0 161.0 743.0 380.0 -891.0 -1020.0 144.0 
252.0 -432.0 477.0 1009.0 30.0 238.0 1159.0 
245.0 -964.0 18.0 1309.0 249.0 -871.0 -284.0 
371.0 770.0 677.0 -203.0 -587.0 70.0 498.0 
310.0 -40.0 -654.0 -1219.0 -380.0 461.0 -299.0 
-478.0 253.0 54.0 -736.0 -620.0 542.0 809.0 
218.0 679.0 1280.0 734.0 -111.0 -34.0 238.0 
55.0 30.0 212.0 555.0 752.0 -159.0 -1012.0 
-380.0 802.0 981.0 158.0 -475.0 -326.0 -298.0 
-469.0 -171.0 443.0 556.0 -290.0 -981.0 -461.0 
555.0 1041.0 763.0 -135.0 -452.0 40.0 328.0 
589.0 524.0 51.0 697.0 1619.0 542.0 -657.0 
-272.0 37.0 -50.0 457.0 1317.0 1277.0 441.0 
-64.0 -645.0 -1357.0 -1299.0 -349.0 416.0 -262.0 
-1214.0 -679.0 240.0 755.0 510.0 -758.0 -1083.0 
-509.0 -500.0 -503.0 470.0 1090.0 735.0 486.0 
516.0 536.0 843.0 509.0 -352.0 -377.0 -89.0 
-191.0 -188.0 -142.0 105.0 297.0 -2.0 -302.0 
-457.0 -657.0 -381.0 555.0 565.0 -455.0 -541.0 
-43.0 69.0 -35.0 -11.0 -14.0 196.0 903.0 
786.0 -240.0 -276.0 225.0 -259.0 -711.0 -229.0 
610.0 730.0 194.0 156.0 -56.0 -742.0 -793.0 
-458.0 -311.0 -869.0 -1383.0 -416.0 387.0 -404.0 
-1344.0 -1176.0 -782.0 -619.0 -470.0 -293.0 -297.0 
-811.0 -1146.0 -783.0 -342.0 303.0 780.0 222.0 
-435.0 -679.0 -684.0 81.0 656.0 748.0 649.0 
198.0 185.0 525.0 -160.0 -903.0 -227.0 435.0 
23.0 -397.0 -413.0 32.0 765.0 571.0 -321.0 
-1200.0 -1384.0 -866.0 -313.0 234.0 460.0 -790.0 
-1773.0 -711.0 121.0 -741.0 -880.0 106.0 317.0 
-70.0 -23.0 295.0 452.0 444.0 439.0 724.0 
1015.0 644.0 -43.0 -6.0 368.0 425.0 443.0 
327.0 672.0 1090.0 525.0 152.0 -140.0 -599.0 
-718.0 -727.0 466.0 1412.0 355.0 -573.0 301.0 
584.0 -62.0 543.0 931.0 131.0 60.0 479.0 
464.0 728.0 771.0 182.0 -560.0 -510.0 -188.0 
-219.0 -571.0 -521.0 67.0 70.0 -378.0 -387.0 
-38.0 409.0 332.0 3.0 -86.0 -326.0 -647.0 
-231.0 196.0 793.0 926.0 -187.0 -638.0 247.0 
586.0 242.0 -164.0 -209.0 708.0 1078.0 690.0 
624.0 411.0 -178.0 247.0 756.0 129.0 -659.0 
-567.0 580.0 1041.0 569.0 -6.0 -373.0 307.0 
682.0 -283.0 -510.0 580.0 821.0 -297.0 -703.0 
-145.0 -511.0 -860.0 -115.0 496.0 402.0 602.0 
233.0 -936.0 -855.0 -116.0 -309.0 -479.0 84.0 
211.0 -94.0 122.0 129.0 -559.0 -329.0 641.0 
795.0 123.0 -259.0 -463.0 -1446.0 -1693.0 -91.0 
961.0 277.0 -190.0 405.0 84.0 -1174.0 -889.0 
409.0 165.0 -874.0 26.0 970.0 56.0 -454.0 
-258.0 -303.0 -228.0 -258.0 -595.0 -963.0 -1263.0 
-728.0 -221.0 -436.0 -187.0 350.0 -99.0 -926.0 
-965.0 -334.0 -445.0 -1283.0 -1285.0 -559.0 -195.0 
-183.0 241.0 358.0 -195.0 -254.0 76.0 -227.0 
-882.0 -910.0 -212.0 900.0 683.0 -328.0 444.0 
1028.0 -287.0 -680.0 631.0 1053.0 256.0 -348.0 
-291.0 -375.0 -614.0 -43.0 298.0 -513.0 -1129.0 
-439.0 260.0 -74.0 -126.0 -49.0 -146.0 -65.0 
45.0 580.0 868.0 -42.0 -564.0 -457.0 -1016.0 
-1091.0 240.0 1059.0 703.0 3.0 -705.0 -654.0 
-393.0 -883.0 -809.0 60.0 683.0 880.0 275.0 
-758.0 -381.0 620.0 481.0 -39.0 -17.0 109.0 
-27.0 246.0 350.0 -91.0 -451.0 -543.0 26.0 
583.0 268.0 -147.0 -85.0 -434.0 -1083.0 -1093.0 
-171.0 301.0 9.0 424.0 935.0 341.0 -52.0 
403.0 140.0 -729.0 -685.0 -162.0 183.0 44.0 
-615.0 -919.0 -600.0 -134.0 28.0 -592.0 -904.0 
-516.0 -187.0 409.0 174.0 -1143.0 -1327.0 -488.0 
161.0 749.0 460.0 -371.0 -686.0 -1161.0 -987.0 
305.0 788.0 -51.0 -67.0 741.0 571.0 384.0 
189.0 -617.0 -1193.0 -621.0 328.0 202.0 348.0 
895.0 410.0 -104.0 -334.0 -1014.0 -1259.0 -162.0 
1253.0 951.0 -124.0 -50.0 648.0 866.0 345.0 
65.0 933.0 2317.0 1980.0 -66.0 -796.0 77.0 
-80.0 -1108.0 -982.0 441.0 949.0 367.0 400.0 
561.0 39.0 204.0 820.0 343.0 17.0 756.0 
967.0 348.0 -133.0 -293.0 41.0 679.0 317.0 
-506.0 -637.0 -761.0 -1276.0 -1270.0 -580.0 -241.0 
-190.0 -73.0 -39.0 118.0 391.0 442.0 729.0 
845.0 -144.0 -413.0 347.0 254.0 282.0 726.0 
306.0 -325.0 -628.0 -389.0 83.0 495.0 625.0 
161.0 541.0 930.0 -51.0 -446.0 187.0 307.0 
602.0 617.0 -129.0 -351.0 -213.0 6.0 -30.0 
52.0 735.0 1040.0 1029.0 780.0 241.0 238.0 
-273.0 -1789.0 -1359.0 341.0 244.0 -570.0 -321.0 
132.0 723.0 1245.0 918.0 622.0 835.0 646.0 
299.0 340.0 -21.0 -119.0 734.0 682.0 -295.0 
-343.0 656.0 773.0 224.0 631.0 980.0 784.0 
955.0 788.0 252.0 313.0 106.0 -411.0 -311.0 
242.0 341.0 301.0 681.0 2.0 -1199.0 -152.0 
1372.0 -121.0 -1690.0 -777.0 43.0 4.0 -29.0 
386.0 743.0 884.0 934.0 434.0 -434.0 -775.0 
-279.0 612.0 527.0 -89.0 -268.0 -861.0 -1038.0 
-822.0 -351.0 744.0 596.0 -109.0 687.0 1156.0 
498.0 -144.0 -272.0 258.0 895.0 803.0 -56.0 
-593.0 -157.0 -206.0 -618.0 134.0 944.0 118.0 
-930.0 -476.0 -65.0 -273.0 -267.0 -325.0 -742.0 
-357.0 500.0 336.0 89.0 357.0 268.0 189.0 
195.0 -275.0 165.0 883.0 -125.0 -1104.0 -477.0 
383.0 242.0 -320.0 -510.0 -174.0 -77.0 -399.0 
-340.0 -169.0 -393.0 -520.0 -255.0 37.0 -767.0 
-1313.0 176.0 1027.0 144.0 149.0 683.0 -87.0 
-650.0 -253.0 -346.0 -448.0 -48.0 203.0 317.0 
96.0 -288.0 -422.0 -699.0 -583.0 138.0 754.0 
478.0 -126.0 -659.0 -927.0 -315.0 207.0 -435.0 
-774.0 -146.0 -568.0 -1104.0 199.0 1421.0 482.0 
-527.0 98.0 562.0 286.0 238.0 201.0 148.0 
166.0 -72.0 -461.0 -215.0 254.0 328.0 369.0 
-8.0 -484.0 -224.0 18.0 175.0 301.0 79.0 
-220.0 93.0 79.0 -460.0 -244.0 -90.0 -762.0 
-644.0 480.0 569.0 20.0 -238.0 -822.0 -1039.0 
-312.0 42.0 -187.0 368.0 1067.0 336.0 -653.0 
-811.0 -601.0 -118.0 210.0 -113.0 -387.0 -88.0 
64.0 21.0 561.0 1590.0 1192.0 -303.0 319.0 
1462.0 424.0 391.0 1575.0 1131.0 230.0 610.0 
1182.0 938.0 661.0 586.0 -8.0 -383.0 -213.0 
-140.0 214.0 461.0 319.0 150.0 731.0 1501.0 
746.0 -121.0 381.0 1114.0 736.0 -371.0 -463.0 
134.0 -33.0 -889.0 -1558.0 -1328.0 -112.0 669.0 
524.0 487.0 865.0 1476.0 1531.0 1489.0 1491.0 
732.0 741.0 1936.0 1455.0 -301.0 -156.0 636.0 
211.0 279.0 679.0 101.0 -35.0 42.0 -5.0 
570.0 774.0 141.0 238.0 724.0 446.0 193.0 
259.0 82.0 127.0 308.0 -327.0 -491.0 432.0 
862.0 586.0 1080.0 1611.0 575.0 89.0 879.0 
761.0 383.0 231.0 -384.0 -295.0 525.0 542.0 
-316.0 -530.0 146.0 1322.0 1765.0 52.0 -1627.0 
-1005.0 -140.0 -54.0 885.0 1718.0 705.0 -335.0 
-303.0 -142.0 -256.0 -66.0 499.0 282.0 -59.0 
229.0 535.0 602.0 345.0 -288.0 -1035.0 -1079.0 
-392.0 146.0 315.0 346.0 157.0 -349.0 -426.0 
-318.0 -520.0 -341.0 427.0 889.0 892.0 540.0 
-139.0 -137.0 846.0 1080.0 315.0 -151.0 -475.0 
-754.0 223.0 802.0 -125.0 -334.0 494.0 705.0 
25.0 -308.0 315.0 779.0 95.0 -1007.0 -933.0 
221.0 350.0 -246.0 -211.0 97.0 -71.0 -867.0 
-1187.0 -469.0 189.0 23.0 625.0 1258.0 83.0 
-968.0 138.0 1037.0 269.0 198.0 1156.0 1374.0 
750.0 703.0 1206.0 1019.0 666.0 475.0 151.0 
154.0 275.0 631.0 999.0 702.0 -32.0 -295.0 
-603.0 -868.0 -24.0 675.0 723.0 714.0 841.0 
401.0 -17.0 138.0 225.0 315.0 98.0 -448.0 
125.0 1221.0 1659.0 583.0 -1016.0 -513.0 279.0 
-236.0 -41.0 808.0 226.0 -588.0 -183.0 -520.0 
-1189.0 -193.0 1120.0 999.0 444.0 245.0 -303.0 
-935.0 -687.0 -19.0 315.0 872.0 911.0 87.0 
-158.0 655.0 983.0 240.0 217.0 1130.0 1335.0 
659.0 482.0 899.0 1260.0 1388.0 1340.0 1570.0 
1654.0 789.0 235.0 634.0 578.0 733.0 1164.0 
898.0 58.0 -162.0 233.0 -244.0 -172.0 763.0 
634.0 -216.0 -346.0 496.0 946.0 609.0 571.0 
1101.0 656.0 28.0 84.0 349.0 234.0 -199.0 
298.0 1071.0 753.0 37.0 267.0 1628.0 2217.0 
1258.0 358.0 522.0 138.0 -613.0 43.0 418.0 
103.0 495.0 383.0 -311.0 -267.0 -227.0 -253.0 
-76.0 -520.0 -311.0 661.0 196.0 -582.0 322.0 
1246.0 64.0 -1308.0 -1377.0 -1272.0 -709.0 -40.0 
134.0 405.0 252.0 -172.0 -204.0 -328.0 -649.0 
398.0 1598.0 -425.0 -2026.0 203.0 1967.0 547.0 
-492.0 190.0 323.0 -159.0 -1.0 359.0 30.0 
46.0 714.0 429.0 -667.0 -642.0 168.0 97.0 
-778.0 -617.0 87.0 -295.0 -682.0 -236.0 180.0 
449.0 432.0 250.0 236.0 -204.0 -525.0 -363.0 
-263.0 -161.0 -124.0 -203.0 -667.0 -786.0 93.0 
340.0 -33.0 -401.0 -538.0 -445.0 -324.0 599.0 
1387.0 878.0 471.0 763.0 318.0 -588.0 -715.0 
-620.0 -506.0 348.0 1349.0 1224.0 371.0 -78.0 
25.0 196.0 126.0 20.0 212.0 538.0 580.0 
243.0 -288.0 -200.0 709.0 846.0 462.0 161.0 
-205.0 440.0 1500.0 660.0 -667.0 -358.0 164.0 
1.0 -670.0 -729.0 220.0 193.0 -793.0 -1293.0 
-1020.0 25.0 1066.0 733.0 -330.0 -312.0 8.0 
-177.0 -341.0 -423.0 -288.0 145.0 -204.0 -1095.0 
-809.0 221.0 79.0 -1156.0 -1213.0 203.0 421.0 
-481.0 -96.0 503.0 433.0 112.0 -555.0 -966.0 
-502.0 133.0 64.0 -81.0 -261.0 -448.0 75.0 
1392.0 1316.0 -550.0 -265.0 1675.0 712.0 -1205.0 
-649.0 465.0 431.0 345.0 196.0 -510.0 -873.0 
-338.0 39.0 -600.0 -1476.0 -1330.0 -252.0 203.0 
-436.0 -973.0 -658.0 -578.0 -752.0 15.0 751.0 
311.0 -344.0 -322.0 -474.0 -600.0 -227.0 411.0 
373.0 -353.0 -973.0 -1161.0 -546.0 810.0 1059.0 
-189.0 -133.0 1172.0 1084.0 131.0 -262.0 -289.0 
-81.0 416.0 390.0 -670.0 -1203.0 101.0 1092.0 
179.0 -405.0 -30.0 -3.0 -217.0 -83.0 259.0 
500.0 381.0 -100.0 -245.0 -48.0 -68.0 76.0 
-199.0 -606.0 -58.0 568.0 -361.0 -1550.0 -1067.0 
39.0 222.0 -379.0 -903.0 -1108.0 -855.0 -196.0 
626.0 430.0 -746.0 -903.0 194.0 666.0 -99.0 
-290.0 -105.0 -307.0 282.0 1085.0 647.0 238.0 
103.0 -717.0 -531.0 688.0 880.0 62.0 -185.0 
413.0 2.0 -756.0 -132.0 399.0 -177.0 160.0 
1308.0 1481.0 251.0 -862.0 -272.0 186.0 -419.0 
-432.0 129.0 259.0 -188.0 -587.0 -578.0 -724.0 
-1259.0 -1096.0 -549.0 -299.0 -274.0 -180.0 324.0 
676.0 543.0 421.0 167.0 -353.0 -813.0 -836.0 
-466.0 269.0 950.0 666.0 -242.0 116.0 617.0 
-317.0 -679.0 -231.0 14.0 205.0 1.0 282.0 
62.0 -1518.0 -1952.0 -555.0 404.0 188.0 -126.0 
190.0 879.0 880.0 630.0 831.0 500.0 -224.0 
43.0 712.0 468.0 533.0 578.0 -122.0 -1052.0 
-1201.0 -4.0 625.0 -166.0 -1353.0 -754.0 709.0 
418.0 -528.0 -483.0 21.0 -149.0 -347.0 235.0 
895.0 1005.0 337.0 -476.0 -628.0 -363.0 -307.0 
-259.0 -114.0 -300.0 -718.0 -690.0 -5.0 348.0 
471.0 407.0 387.0 393.0 -18.0 -297.0 260.0 
128.0 -798.0 -649.0 -299.0 22.0 980.0 810.0 
-245.0 -28.0 442.0 27.0 120.0 279.0 -227.0 
-320.0 188.0 23.0 -47.0 704.0 307.0 -93.0 
751.0 776.0 0.0 479.0 1118.0 318.0 -178.0 
523.0 1010.0 1048.0 432.0 -71.0 602.0 1184.0 
519.0 239.0 596.0 268.0 -22.0 546.0 1083.0 
1093.0 1032.0 489.0 -3.0 381.0 137.0 -599.0 
-225.0 879.0 1624.0 1122.0 4.0 -432.0 126.0 
944.0 739.0 -247.0 54.0 962.0 345.0 -233.0 
368.0 309.0 -354.0 -957.0 -1337.0 -919.0 -366.0 
-37.0 102.0 44.0 -41.0 -52.0 408.0 401.0 
-371.0 -439.0 -160.0 -206.0 424.0 1026.0 759.0 
469.0 489.0 653.0 810.0 -149.0 -698.0 1151.0 
2370.0 677.0 -906.0 -451.0 221.0 118.0 -266.0 
-428.0 707.0 1768.0 530.0 -935.0 -231.0 838.0 
636.0 166.0 55.0 -386.0 -834.0 -856.0 -388.0 
-153.0 -269.0 -337.0 -409.0 363.0 1287.0 444.0 
-749.0 -784.0 -795.0 -690.0 -124.0 357.0 800.0 
947.0 873.0 978.0 258.0 -391.0 58.0 272.0 
-109.0 -179.0 -103.0 -208.0 57.0 72.0 -459.0 
-759.0 -195.0 713.0 384.0 -289.0 8.0 619.0 
602.0 -321.0 -604.0 14.0 -37.0 -163.0 869.0 
1197.0 18.0 -419.0 324.0 18.0 -221.0 777.0 
459.0 -1434.0 -1599.0 -16.0 465.0 16.0 66.0 
-232.0 -463.0 -47.0 354.0 211.0 214.0 403.0 
245.0 339.0 517.0 760.0 622.0 -477.0 -409.0 
871.0 520.0 -843.0 -841.0 -257.0 -335.0 47.0 
758.0 276.0 -101.0 475.0 63.0 -563.0 -405.0 
-33.0 62.0 662.0 1556.0 1163.0 470.0 568.0 
613.0 35.0 -482.0 -653.0 -338.0 222.0 273.0 
333.0 1011.0 986.0 268.0 -226.0 -208.0 358.0 
701.0 511.0 97.0 163.0 -135.0 -673.0 73.0 
602.0 -222.0 -397.0 -129.0 -222.0 -125.0 -145.0 
-398.0 -814.0 -623.0 164.0 375.0 -75.0 -420.0 
-818.0 -827.0 42.0 686.0 409.0 -43.0 87.0 
-221.0 -313.0 330.0 628.0 358.0 -12.0 149.0 
329.0 69.0 -286.0 -600.0 -956.0 -1064.0 -761.0 
-427.0 -226.0 93.0 119.0 -338.0 -346.0 419.0 
905.0 632.0 -154.0 -336.0 -62.0 -387.0 -190.0 
345.0 452.0 262.0 -505.0 -991.0 -825.0 -700.0 
-442.0 -505.0 -530.0 -379.0 -585.0 -448.0 -190.0 
-851.0 -433.0 1178.0 1160.0 -313.0 -599.0 0.0 
3.0 76.0 341.0 88.0 -505.0 -1105.0 -1083.0 
-878.0 -697.0 -396.0 160.0 166.0 -741.0 -871.0 
-40.0 183.0 -350.0 -879.0 -613.0 340.0 495.0 
-361.0 -785.0 -198.0 -9.0 -624.0 -807.0 -566.0 
37.0 622.0 237.0 -239.0 954.0 1823.0 920.0 
-3.0 -136.0 48.0 193.0 158.0 -7.0 152.0 
431.0 434.0 448.0 541.0 391.0 279.0 154.0 
-63.0 -91.0 325.0 1105.0 1080.0 234.0 -168.0 
27.0 540.0 698.0 805.0 748.0 -120.0 -443.0 
248.0 311.0 -39.0 -374.0 -419.0 -204.0 -755.0 
-956.0 214.0 1036.0 227.0 -1040.0 -1096.0 -749.0 
-1109.0 -1107.0 -239.0 -24.0 -574.0 -312.0 831.0 
636.0 -1036.0 -988.0 808.0 972.0 -166.0 -171.0 
311.0 -203.0 -269.0 433.0 220.0 -750.0 -607.0 
476.0 637.0 257.0 41.0 -522.0 -996.0 -105.0 
711.0 427.0 122.0 423.0 194.0 -727.0 -619.0 
538.0 486.0 -474.0 -435.0 -332.0 -751.0 -370.0 
158.0 -78.0 148.0 620.0 574.0 864.0 944.0 
17.0 -563.0 -348.0 -438.0 -1006.0 -213.0 537.0 
-74.0 -287.0 -636.0 -759.0 178.0 85.0 -1114.0 
-1203.0 -797.0 -506.0 -164.0 -620.0 -1090.0 -783.0 
-330.0 -246.0 -375.0 -233.0 -344.0 -1175.0 -1168.0 
-340.0 -58.0 -5.0 557.0 345.0 -946.0 -1041.0 
545.0 1002.0 -599.0 -1236.0 -662.0 -692.0 -1036.0 
-1248.0 -934.0 -115.0 151.0 -256.0 -166.0 264.0 
100.0 48.0 24.0 -300.0 201.0 695.0 -52.0 
-67.0 1067.0 519.0 -368.0 219.0 174.0 -199.0 
12.0 283.0 424.0 311.0 480.0 140.0 -842.0 
-789.0 145.0 198.0 -274.0 -27.0 197.0 283.0 
378.0 149.0 -163.0 -282.0 -678.0 -1121.0 -638.0 
300.0 -20.0 -812.0 -282.0 569.0 71.0 -494.0 
-58.0 87.0 -237.0 154.0 736.0 923.0 189.0 
-371.0 -224.0 -550.0 -533.0 507.0 1098.0 579.0 
240.0 466.0 41.0 -400.0 392.0 657.0 43.0 
-62.0 -36.0 268.0 951.0 622.0 -544.0 -734.0 
-218.0 40.0 -48.0 -566.0 -1020.0 -784.0 -645.0 
-991.0 -1008.0 -515.0 -541.0 -209.0 314.0 -561.0 
-980.0 402.0 660.0 -226.0 -118.0 167.0 -315.0 
-83.0 789.0 338.0 -375.0 128.0 930.0 1271.0 
983.0 325.0 76.0 267.0 140.0 -45.0 216.0 
262.0 3.0 374.0 867.0 421.0 -72.0 419.0 
678.0 263.0 43.0 -114.0 -307.0 149.0 305.0 
118.0 342.0 149.0 -414.0 -419.0 -765.0 -1177.0 
-334.0 947.0 1278.0 1048.0 733.0 224.0 -103.0 
232.0 595.0 15.0 -636.0 -831.0 -954.0 -311.0 
480.0 88.0 -213.0 507.0 458.0 -303.0 -206.0 
8.0 -317.0 -117.0 896.0 930.0 -311.0 -233.0 
611.0 374.0 -253.0 -471.0 -241.0 876.0 1637.0 
571.0 -424.0 -577.0 -1038.0 -1323.0 -161.0 1264.0 
1204.0 267.0 40.0 -34.0 -198.0 370.0 553.0 
-2.0 72.0 322.0 495.0 859.0 933.0 263.0 
-379.0 -145.0 654.0 836.0 272.0 142.0 385.0 
522.0 687.0 374.0 485.0 979.0 13.0 -463.0 
435.0 429.0 -754.0 -1119.0 -204.0 -45.0 -903.0 
-990.0 -181.0 109.0 383.0 729.0 20.0 -953.0 
-319.0 529.0 -378.0 -1398.0 -819.0 -439.0 -790.0 
-791.0 -957.0 -1493.0 -1060.0 -166.0 -134.0 120.0 
843.0 447.0 -172.0 -230.0 -202.0 116.0 503.0 
963.0 1334.0 996.0 126.0 -457.0 -714.0 -762.0 
-227.0 180.0 6.0 88.0 408.0 59.0 89.0 
789.0 665.0 95.0 377.0 81.0 -871.0 -333.0 
85.0 -891.0 -1138.0 -468.0 -90.0 1077.0 1269.0 
-275.0 -739.0 -85.0 30.0 72.0 -87.0 -652.0 
-174.0 138.0 -749.0 -1088.0 -793.0 -823.0 -747.0 
-352.0 178.0 659.0 684.0 536.0 764.0 929.0 
545.0 365.0 1000.0 1285.0 412.0 -87.0 664.0 
1051.0 1.0 -438.0 96.0 37.0 -472.0 -382.0 
420.0 725.0 309.0 225.0 357.0 494.0 937.0 
766.0 -56.0 -590.0 -232.0 641.0 317.0 -897.0 
-1185.0 -528.0 168.0 495.0 398.0 377.0 262.0 
363.0 565.0 114.0 42.0 234.0 329.0 389.0 
180.0 144.0 124.0 199.0 807.0 1166.0 284.0 
60.0 1307.0 1640.0 1037.0 1010.0 676.0 -241.0 
-460.0 158.0 563.0 371.0 293.0 584.0 254.0 
-823.0 -1438.0 -601.0 57.0 -120.0 286.0 820.0 
867.0 279.0 -247.0 709.0 1601.0 344.0 -935.0 
-161.0 852.0 960.0 548.0 -235.0 -565.0 -210.0 
246.0 400.0 95.0 110.0 593.0 865.0 501.0 
225.0 449.0 714.0 903.0 932.0 1059.0 1219.0 
427.0 -1050.0 -649.0 861.0 446.0 -440.0 313.0 
544.0 -389.0 217.0 1157.0 414.0 -326.0 -306.0 
-400.0 -401.0 -102.0 215.0 378.0 319.0 374.0 
321.0 -834.0 -2286.0 -1777.0 55.0 508.0 4.0 
3.0 -154.0 -822.0 -929.0 -351.0 59.0 -345.0 
-1210.0 -1228.0 -241.0 406.0 357.0 206.0 798.0 
1653.0 721.0 -883.0 -667.0 138.0 -117.0 -356.0 
152.0 645.0 354.0 -619.0 -1137.0 -205.0 652.0 
624.0 397.0 -8.0 -576.0 -485.0 -56.0 -410.0 
-1022.0 -256.0 697.0 274.0 -286.0 202.0 481.0 
41.0 -267.0 -483.0 -898.0 -1408.0 -1459.0 -947.0 
-295.0 363.0 382.0 171.0 73.0 -258.0 -128.0 
180.0 21.0 323.0 687.0 180.0 -450.0 -840.0 
-634.0 -13.0 -445.0 -849.0 747.0 1538.0 -30.0 
-441.0 486.0 113.0 -104.0 965.0 924.0 -740.0 
-1332.0 -44.0 778.0 202.0 -58.0 174.0 164.0 
751.0 1326.0 388.0 -59.0 352.0 -42.0 -698.0 
-978.0 -928.0 -422.0 -105.0 -588.0 -1189.0 -590.0 
699.0 829.0 418.0 657.0 821.0 277.0 -116.0 
866.0 1210.0 -297.0 -1178.0 -689.0 -421.0 -1159.0 
-1512.0 -793.0 180.0 372.0 -284.0 -327.0 209.0 
323.0 -373.0 -1156.0 -924.0 -591.0 -596.0 -223.0 
20.0 -32.0 -448.0 -1342.0 -1576.0 -258.0 1096.0 
1484.0 1536.0 792.0 212.0 614.0 813.0 -53.0 
-571.0 298.0 479.0 -278.0 -313.0 -38.0 226.0 
1058.0 1744.0 1453.0 936.0 440.0 -199.0 321.0 
1373.0 1033.0 24.0 -589.0 -808.0 -174.0 433.0 
28.0 -463.0 -652.0 -797.0 -333.0 128.0 -364.0 
-1141.0 -1053.0 -411.0 -722.0 -1089.0 36.0 562.0 
-713.0 -369.0 1343.0 663.0 -1032.0 -466.0 596.0 
142.0 74.0 768.0 -91.0 -1244.0 -48.0 901.0 
350.0 231.0 -31.0 -277.0 365.0 369.0 -500.0 
-340.0 498.0 691.0 456.0 -38.0 33.0 782.0 
860.0 469.0 626.0 982.0 429.0 -262.0 -260.0 
-415.0 50.0 578.0 -282.0 -732.0 316.0 744.0 
534.0 -88.0 -649.0 -211.0 398.0 649.0 467.0 
-505.0 -895.0 -42.0 770.0 -97.0 -1352.0 -767.0 
485.0 97.0 -872.0 -362.0 296.0 204.0 496.0 
396.0 -463.0 -104.0 1098.0 1185.0 78.0 -320.0 
546.0 640.0 439.0 692.0 -240.0 -788.0 631.0 
1394.0 646.0 900.0 1296.0 239.0 -475.0 -64.0 
477.0 678.0 86.0 -154.0 271.0 3.0 -51.0 
261.0 -190.0 -532.0 -334.0 -665.0 -476.0 228.0 
291.0 243.0 301.0 250.0 123.0 -18.0 156.0 
20.0 -601.0 -654.0 -10.0 166.0 -462.0 -901.0 
-956.0 -934.0 -629.0 -918.0 -1216.0 -405.0 -145.0 
-725.0 -621.0 -424.0 -724.0 -597.0 255.0 383.0 
-629.0 -1292.0 -854.0 -343.0 -66.0 606.0 889.0 
937.0 1215.0 886.0 84.0 -152.0 498.0 772.0 
100.0 394.0 1335.0 970.0 -23.0 -111.0 -205.0 
-793.0 -364.0 1065.0 1374.0 -390.0 -981.0 91.0 
-90.0 -760.0 -379.0 145.0 12.0 -315.0 52.0 
944.0 892.0 177.0 -118.0 99.0 788.0 972.0 
141.0 -430.0 -88.0 9.0 -67.0 -113.0 -157.0 
397.0 474.0 -231.0 -520.0 -163.0 468.0 357.0 
-1007.0 -1404.0 316.0 1532.0 620.0 -852.0 -1182.0 
-303.0 276.0 -60.0 -543.0 -775.0 -473.0 -593.0 
-1065.0 -437.0 -422.0 -1697.0 -1519.0 128.0 419.0 
-5.0 457.0 937.0 491.0 338.0 526.0 28.0 
-296.0 -211.0 -268.0 -451.0 -115.0 664.0 746.0 
305.0 86.0 189.0 90.0 -262.0 -168.0 683.0 
1297.0 700.0 227.0 110.0 -560.0 -486.0 652.0 
823.0 191.0 -462.0 -1005.0 -768.0 278.0 343.0 
-708.0 -1393.0 -1076.0 -658.0 12.0 890.0 816.0 
185.0 -347.0 85.0 1188.0 1208.0 331.0 -196.0 
-331.0 -451.0 -198.0 358.0 429.0 -321.0 -595.0 
-253.0 -268.0 -311.0 159.0 203.0 -7.0 751.0 
1242.0 736.0 684.0 1463.0 1300.0 269.0 -112.0 
-218.0 -162.0 440.0 510.0 -33.0 -173.0 -72.0 
-245.0 -354.0 -234.0 -120.0 103.0 413.0 111.0 
76.0 1046.0 873.0 -201.0 -271.0 2.0 307.0 
816.0 720.0 407.0 517.0 440.0 562.0 897.0 
792.0 421.0 -277.0 -516.0 128.0 418.0 -83.0 
-719.0 -373.0 -70.0 -489.0 -469.0 -20.0 -15.0 
-148.0 61.0 420.0 825.0 368.0 -358.0 -501.0 
-475.0 -175.0 -36.0 -617.0 -707.0 47.0 39.0 
1.0 532.0 514.0 63.0 -48.0 -112.0 -330.0 
-727.0 -584.0 -191.0 -131.0 -32.0 307.0 313.0 
64.0 434.0 1124.0 542.0 -688.0 -728.0 -530.0 
-647.0 -42.0 149.0 -578.0 -400.0 483.0 23.0 
-982.0 -552.0 -162.0 -392.0 233.0 573.0 -291.0 
-676.0 -235.0 113.0 543.0 559.0 -464.0 -655.0 
-162.0 252.0 539.0 -115.0 -494.0 -137.0 -105.0 
28.0 112.0 -662.0 -731.0 256.0 -24.0 -1426.0 
-786.0 979.0 278.0 -687.0 116.0 282.0 -415.0 
-168.0 518.0 194.0 -210.0 -154.0 -182.0 215.0 
765.0 986.0 876.0 693.0 478.0 -297.0 -649.0 
171.0 940.0 743.0 191.0 430.0 1055.0 771.0 
-511.0 -582.0 801.0 1105.0 903.0 1602.0 1353.0 
-667.0 -1301.0 -8.0 697.0 728.0 728.0 68.0 
-850.0 -780.0 -87.0 224.0 255.0 213.0 -295.0 
-747.0 -703.0 -51.0 629.0 577.0 337.0 310.0 
318.0 544.0 682.0 305.0 -37.0 41.0 110.0 
-52.0 -170.0 -296.0 -246.0 -283.0 -461.0 234.0 
1110.0 903.0 524.0 608.0 -32.0 -628.0 -393.0 
-389.0 -225.0 730.0 459.0 -799.0 -763.0 443.0 
721.0 -327.0 -1317.0 -1137.0 -789.0 -1128.0 -817.0 
479.0 502.0 -213.0 413.0 723.0 -196.0 -645.0 
-589.0 -615.0 -279.0 291.0 -126.0 -427.0 743.0 
1036.0 -16.0 -236.0 -152.0 -1068.0 -1355.0 -434.0 
-139.0 -607.0 -341.0 10.0 -570.0 -1021.0 -26.0 
1573.0 1506.0 -384.0 -1122.0 7.0 678.0 124.0 
-326.0 -435.0 -512.0 -185.0 -114.0 -913.0 -890.0 
159.0 615.0 161.0 -556.0 -685.0 -204.0 -240.0 
-736.0 -531.0 -9.0 170.0 170.0 126.0 -198.0 
-108.0 440.0 -140.0 -762.0 515.0 1386.0 760.0 
45.0 -803.0 -934.0 130.0 238.0 -599.0 -242.0 
761.0 686.0 259.0 -299.0 -903.0 128.0 1375.0 
817.0 -506.0 -445.0 657.0 961.0 712.0 98.0 
83.0 991.0 694.0 -619.0 -565.0 110.0 -266.0 
-438.0 -80.0 179.0 107.0 -67.0 18.0 257.0 
672.0 964.0 612.0 -242.0 -791.0 -444.0 156.0 
59.0 17.0 -125.0 -538.0 -142.0 184.0 149.0 
898.0 912.0 -156.0 -402.0 99.0 100.0 25.0 
998.0 1780.0 1226.0 661.0 334.0 -14.0 125.0 
28.0 -358.0 -664.0 -16.0 1245.0 938.0 -39.0 
210.0 754.0 900.0 1019.0 817.0 84.0 -253.0 
500.0 1309.0 774.0 292.0 847.0 1157.0 1461.0 
1099.0 -10.0 -281.0 1.0 372.0 928.0 1072.0 
743.0 980.0 457.0 -1144.0 -958.0 457.0 406.0 
-67.0 29.0 -355.0 -695.0 -102.0 486.0 -194.0 
-754.0 -89.0 -183.0 -834.0 -497.0 219.0 472.0 
52.0 -491.0 -136.0 234.0 -631.0 -745.0 611.0 
670.0 -134.0 59.0 -360.0 -1666.0 -1342.0 -254.0 
-341.0 -131.0 618.0 54.0 -880.0 -111.0 -95.0 
-1352.0 -1475.0 -982.0 -670.0 -410.0 -436.0 -141.0 
777.0 731.0 63.0 153.0 347.0 178.0 -87.0 
-6.0 111.0 -258.0 201.0 752.0 63.0 -477.0 
65.0 1025.0 1099.0 -465.0 -618.0 829.0 225.0 
-712.0 26.0 781.0 490.0 -69.0 132.0 679.0 
421.0 -391.0 -85.0 654.0 -139.0 -1159.0 -920.0 
-132.0 154.0 -268.0 -914.0 -953.0 -318.0 133.0 
-121.0 -729.0 -935.0 -890.0 -713.0 222.0 1136.0 
498.0 -310.0 -142.0 -368.0 -622.0 -139.0 155.0 
-364.0 -831.0 -162.0 152.0 -635.0 -1115.0 -1099.0 
-925.0 -780.0 -822.0 -625.0 -362.0 -357.0 -169.0 
458.0 793.0 464.0 -19.0 -354.0 -153.0 34.0 
-471.0 -1124.0 -694.0 -246.0 -1218.0 -1925.0 -869.0 
-110.0 -906.0 -579.0 893.0 391.0 -1082.0 -531.0 
866.0 586.0 -737.0 -1191.0 -185.0 182.0 -1046.0 
-1446.0 378.0 1272.0 215.0 -317.0 172.0 1180.0 
1211.0 267.0 376.0 942.0 343.0 -757.0 -725.0 
-249.0 -191.0 -220.0 217.0 523.0 285.0 5.0 
371.0 169.0 -598.0 -161.0 466.0 57.0 -558.0 
-629.0 311.0 1576.0 1621.0 682.0 848.0 1095.0 
335.0 -161.0 -17.0 213.0 175.0 -33.0 -404.0 
-367.0 316.0 322.0 -604.0 -623.0 -148.0 -494.0 
-629.0 349.0 1111.0 14.0 -1420.0 -911.0 48.0 
332.0 842.0 796.0 219.0 251.0 989.0 609.0 
-446.0 -495.0 -570.0 -655.0 122.0 357.0 255.0 
752.0 525.0 -454.0 -755.0 -137.0 338.0 51.0 
384.0 1659.0 1784.0 680.0 11.0 -206.0 -214.0 
187.0 479.0 738.0 1079.0 920.0 519.0 585.0 
423.0 -125.0 18.0 244.0 -201.0 -417.0 -373.0 
-349.0 -613.0 -602.0 -182.0 -447.0 -973.0 -920.0 
-345.0 82.0 322.0 -175.0 -913.0 -95.0 628.0 
-168.0 -486.0 923.0 1718.0 -52.0 -693.0 871.0 
445.0 -1102.0 -363.0 510.0 -120.0 -260.0 156.0 
99.0 -398.0 -1020.0 -683.0 284.0 -214.0 -1609.0 
-424.0 1253.0 325.0 -657.0 55.0 644.0 113.0 
182.0 856.0 723.0 283.0 428.0 451.0 -22.0 
288.0 856.0 224.0 -222.0 -95.0 25.0 -93.0 
-262.0 134.0 136.0 -313.0 -85.0 528.0 184.0 
-795.0 -897.0 100.0 1085.0 710.0 -119.0 -108.0 
410.0 714.0 689.0 369.0 123.0 117.0 174.0 
352.0 -365.0 -1511.0 -979.0 636.0 952.0 606.0 
861.0 1198.0 1251.0 948.0 324.0 -185.0 -257.0 
68.0 177.0 -136.0 10.0 1050.0 346.0 -1397.0 
-999.0 531.0 999.0 520.0 -293.0 -341.0 219.0 
-335.0 -637.0 97.0 291.0 390.0 734.0 320.0 
244.0 1332.0 1133.0 -378.0 -464.0 672.0 982.0 
405.0 343.0 823.0 705.0 395.0 780.0 846.0 
291.0 689.0 1160.0 404.0 350.0 1111.0 1066.0 
416.0 -655.0 -805.0 306.0 369.0 184.0 1328.0 
1394.0 -361.0 -875.0 34.0 404.0 184.0 132.0 
-22.0 -583.0 -408.0 620.0 648.0 -229.0 52.0 
1390.0 1339.0 -226.0 -672.0 -71.0 146.0 307.0 
387.0 683.0 1178.0 972.0 883.0 1590.0 1857.0 
1108.0 360.0 453.0 448.0 -9.0 -236.0 154.0 
313.0 -561.0 -159.0 1161.0 556.0 -207.0 436.0 
624.0 -389.0 -683.0 219.0 983.0 783.0 -500.0 
-884.0 359.0 953.0 412.0 41.0 356.0 642.0 
520.0 693.0 663.0 900.0 1413.0 1149.0 803.0 
1402.0 1720.0 544.0 -144.0 26.0 -37.0 107.0 
262.0 28.0 1.0 2.0 -396.0 -22.0 669.0 
442.0 360.0 110.0 -817.0 -1191.0 -633.0 401.0 
226.0 -263.0 703.0 1211.0 401.0 -253.0 94.0 
578.0 458.0 263.0 -268.0 -846.0 -696.0 -976.0 
-1266.0 -225.0 367.0 509.0 1216.0 1611.0 1018.0 
-274.0 -821.0 -27.0 908.0 663.0 -347.0 -583.0 
189.0 740.0 114.0 -296.0 992.0 1172.0 -778.0 
-921.0 909.0 721.0 -756.0 -808.0 47.0 554.0 
158.0 -298.0 40.0 439.0 394.0 164.0 125.0 
176.0 -149.0 -66.0 549.0 238.0 -988.0 -726.0 
522.0 162.0 -428.0 219.0 373.0 -773.0 -1546.0 
-1074.0 -413.0 80.0 596.0 424.0 -44.0 335.0 
825.0 618.0 6.0 88.0 677.0 307.0 -360.0 
-127.0 484.0 337.0 -816.0 -2097.0 -1952.0 -529.0 
105.0 -65.0 -32.0 415.0 843.0 717.0 175.0 
-181.0 81.0 132.0 -368.0 4.0 770.0 304.0 
-519.0 -769.0 -1408.0 -1524.0 -327.0 206.0 -491.0 
-994.0 -768.0 -439.0 -120.0 91.0 -112.0 -866.0 
-1703.0 -1297.0 -273.0 -375.0 -1140.0 -1016.0 -844.0 
-1150.0 -410.0 385.0 -201.0 -859.0 -571.0 374.0 
756.0 296.0 -122.0 -327.0 -1029.0 -1268.0 -530.0 
-100.0 -260.0 -389.0 180.0 1013.0 568.0 -621.0 
42.0 1501.0 1073.0 234.0 549.0 587.0 490.0 
1387.0 1613.0 726.0 849.0 1560.0 1248.0 628.0 
129.0 -171.0 -203.0 43.0 263.0 -56.0 -28.0 
1017.0 1359.0 446.0 817.0 1395.0 342.0 -244.0 
565.0 678.0 -184.0 -677.0 -617.0 -731.0 -20.0 
1002.0 503.0 417.0 663.0 -321.0 -482.0 457.0 
426.0 -608.0 -646.0 155.0 447.0 370.0 231.0 
-164.0 84.0 141.0 -1185.0 -1509.0 -184.0 607.0 
125.0 508.0 1063.0 531.0 279.0 138.0 -439.0 
-637.0 -197.0 -3.0 164.0 592.0 1244.0 1793.0 
1486.0 1026.0 649.0 -1.0 81.0 360.0 -48.0 
-39.0 366.0 88.0 -93.0 457.0 880.0 500.0 
139.0 809.0 1445.0 955.0 320.0 -31.0 -929.0 
-1825.0 -2053.0 -1056.0 -63.0 -170.0 -326.0 -626.0 
-717.0 -562.0 -1448.0 -2019.0 -795.0 -109.0 -984.0 
-1223.0 -793.0 -564.0 -152.0 384.0 580.0 224.0 
-10.0 -236.0 -322.0 420.0 933.0 222.0 -254.0 
672.0 1553.0 1354.0 303.0 -824.0 -939.0 -513.0 
-497.0 -381.0 -311.0 -523.0 -217.0 409.0 657.0 
461.0 659.0 1103.0 405.0 -631.0 -302.0 456.0 
33.0 -280.0 493.0 478.0 40.0 564.0 696.0 
173.0 290.0 222.0 -157.0 376.0 1067.0 914.0 
502.0 747.0 819.0 90.0 -974.0 -1190.0 -103.0 
284.0 -191.0 146.0 139.0 -209.0 410.0 455.0 
-1064.0 -1486.0 143.0 973.0 277.0 510.0 1075.0 
311.0 -219.0 261.0 47.0 -373.0 366.0 825.0 
-24.0 -252.0 333.0 -171.0 -1254.0 -1035.0 439.0 
1754.0 1560.0 661.0 232.0 -77.0 -274.0 67.0 
524.0 386.0 542.0 603.0 -468.0 -357.0 637.0 
716.0 235.0 -273.0 -716.0 -898.0 -416.0 -671.0 
-1132.0 348.0 1649.0 704.0 -147.0 -245.0 -397.0 
-175.0 373.0 -73.0 -1320.0 -1405.0 -441.0 -364.0 
-789.0 -650.0 -509.0 -829.0 -1064.0 -261.0 458.0 
-144.0 -1024.0 -1308.0 -819.0 -351.0 -902.0 -1321.0 
-1139.0 -935.0 -390.0 173.0 -329.0 -187.0 860.0 
230.0 -1287.0 -1443.0 -168.0 429.0 -513.0 -521.0 
218.0 -580.0 -1179.0 -310.0 253.0 470.0 698.0 
101.0 -701.0 -361.0 353.0 -21.0 -5.0 714.0 
739.0 291.0 -169.0 -270.0 -390.0 -556.0 -724.0 
-917.0 -697.0 -73.0 136.0 -319.0 -947.0 -728.0 
136.0 431.0 476.0 621.0 -122.0 -728.0 -139.0 
203.0 -269.0 -881.0 -801.0 -95.0 55.0 36.0 
470.0 437.0 -142.0 -320.0 -143.0 -501.0 -750.0 
-253.0 -141.0 -480.0 -349.0 -18.0 -39.0 -333.0 
-457.0 52.0 389.0 -330.0 -747.0 -431.0 -280.0 
13.0 -48.0 -652.0 -811.0 -265.0 93.0 26.0 
124.0 819.0 1276.0 554.0 -590.0 -456.0 365.0 
-403.0 -1200.0 -140.0 359.0 -167.0 -267.0 -297.0 
-620.0 -842.0 -1006.0 -981.0 -808.0 -692.0 -214.0 
70.0 -38.0 170.0 764.0 445.0 -254.0 448.0 
787.0 -255.0 -867.0 -693.0 287.0 879.0 300.0 
109.0 533.0 471.0 -127.0 17.0 969.0 1174.0 
562.0 57.0 439.0 1127.0 1002.0 460.0 427.0 
381.0 -272.0 -489.0 -288.0 -17.0 555.0 872.0 
613.0 205.0 123.0 101.0 78.0 354.0 1009.0 
721.0 179.0 113.0 -106.0 194.0 966.0 959.0 
353.0 209.0 728.0 944.0 -8.0 -682.0 152.0 
927.0 706.0 57.0 -86.0 -18.0 -220.0 202.0 
950.0 549.0 -266.0 428.0 1034.0 -255.0 -920.0 
258.0 935.0 40.0 -823.0 -179.0 655.0 3.0 
-116.0 728.0 652.0 85.0 21.0 297.0 151.0 
-278.0 129.0 782.0 913.0 1181.0 1096.0 460.0 
338.0 614.0 627.0 443.0 228.0 747.0 1253.0 
478.0 -332.0 -275.0 -409.0 -345.0 89.0 44.0 
-179.0 -263.0 494.0 814.0 74.0 -884.0 -1124.0 
-566.0 -337.0 -723.0 -938.0 -858.0 -878.0 -853.0 
-622.0 -345.0 -324.0 -295.0 197.0 435.0 318.0 
-77.0 -187.0 394.0 166.0 -975.0 -854.0 193.0 
129.0 -621.0 -593.0 -10.0 8.0 -324.0 -418.0 
-582.0 -551.0 359.0 653.0 -18.0 183.0 690.0 
-163.0 -873.0 -91.0 120.0 -110.0 202.0 4.0 
-1000.0 -1075.0 -186.0 -244.0 -780.0 -585.0 -417.0 
-1079.0 -1321.0 -606.0 -527.0 -929.0 -927.0 -586.0 
-46.0 -88.0 -695.0 -783.0 -335.0 -29.0 166.0 
172.0 303.0 1152.0 1182.0 -307.0 -1153.0 -896.0 
-903.0 -1430.0 -1669.0 -975.0 140.0 84.0 -933.0 
-1958.0 -1832.0 -653.0 -273.0 -1049.0 -835.0 -89.0 
-470.0 -1029.0 -410.0 464.0 -88.0 -442.0 275.0 
394.0 590.0 626.0 -591.0 -590.0 268.0 -357.0 
-1019.0 -166.0 256.0 -1090.0 -1485.0 -101.0 418.0 
12.0 -82.0 -209.0 -598.0 -606.0 -175.0 -333.0 
-664.0 -202.0 248.0 170.0 688.0 1112.0 206.0 
-711.0 -798.0 -528.0 -324.0 -829.0 -1096.0 -397.0 
-143.0 -198.0 645.0 548.0 -640.0 -441.0 518.0 
415.0 -29.0 -145.0 -690.0 -1009.0 -324.0 176.0 
-279.0 -984.0 -824.0 -240.0 -331.0 -569.0 70.0 
791.0 336.0 18.0 899.0 868.0 -308.0 -196.0 
935.0 1133.0 222.0 -292.0 87.0 158.0 -600.0 
-474.0 203.0 195.0 396.0 913.0 480.0 182.0 
649.0 457.0 -435.0 -969.0 -762.0 -175.0 -172.0 
-618.0 -545.0 -197.0 186.0 -622.0 -1533.0 -1025.0 
-87.0 64.0 -1007.0 -1401.0 -335.0 391.0 -497.0 
-1176.0 -1156.0 -1091.0 -403.0 817.0 1154.0 523.0 
-431.0 -805.0 -76.0 124.0 -679.0 -813.0 -383.0 
26.0 340.0 325.0 213.0 159.0 125.0 351.0 
-32.0 -868.0 -308.0 1023.0 1235.0 323.0 -909.0 
-1022.0 750.0 1775.0 1117.0 725.0 107.0 -1146.0 
-1668.0 -379.0 656.0 545.0 739.0 674.0 -277.0 
-1035.0 -377.0 422.0 811.0 791.0 -110.0 -67.0 
970.0 1079.0 659.0 256.0 -502.0 -303.0 846.0 
636.0 -1.0 411.0 883.0 343.0 -489.0 226.0 
1135.0 771.0 362.0 36.0 -377.0 -232.0 375.0 
664.0 -38.0 -859.0 -128.0 879.0 252.0 -392.0 
-39.0 -186.0 47.0 990.0 991.0 265.0 341.0 
790.0 766.0 616.0 398.0 -176.0 -400.0 -199.0 
584.0 736.0 -645.0 -961.0 -68.0 -79.0 -199.0 
-2.0 -258.0 -3.0 589.0 109.0 -126.0 320.0 
-238.0 -686.0 376.0 1045.0 282.0 -858.0 -1385.0 
-644.0 -254.0 -721.0 -90.0 796.0 92.0 -644.0 
-141.0 -93.0 -762.0 -616.0 -15.0 -65.0 -339.0 
83.0 509.0 268.0 280.0 360.0 280.0 504.0 
360.0 -91.0 -266.0 17.0 207.0 307.0 700.0 
330.0 -590.0 -695.0 -28.0 -103.0 -473.0 181.0 
464.0 -182.0 -157.0 577.0 396.0 224.0 709.0 
474.0 -425.0 -457.0 505.0 852.0 575.0 210.0 
326.0 1068.0 1064.0 -31.0 -1273.0 -1317.0 241.0 
916.0 -109.0 -6.0 956.0 466.0 -372.0 -127.0 
-138.0 -803.0 -690.0 -508.0 -507.0 -85.0 200.0 
104.0 146.0 -95.0 -525.0 -42.0 532.0 8.0 
-582.0 132.0 1237.0 1579.0 1052.0 -68.0 -749.0 
-933.0 -747.0 377.0 891.0 -91.0 -209.0 1145.0 
1012.0 -775.0 -829.0 634.0 978.0 386.0 -377.0 
-366.0 -4.0 -140.0 -210.0 -314.0 90.0 731.0 
-103.0 -491.0 794.0 524.0 -995.0 -1174.0 -458.0 
-362.0 -370.0 74.0 129.0 -276.0 124.0 530.0 
252.0 129.0 -49.0 -185.0 -154.0 243.0 690.0 
545.0 -183.0 