904.0 640.0 625.0 725.0 636.0 777.0 915.0 
714.0 598.0 706.0 750.0 697.0 791.0 849.0 
704.0 684.0 702.0 754.0 873.0 858.0 776.0 
694.0 664.0 758.0 904.0 833.0 809.0 881.0 
734.0 760.0 832.0 774.0 812.0 840.0 854.0 
755.0 664.0 745.0 763.0 857.0 852.0 640.0 
705.0 752.0 768.0 883.0 727.0 648.0 699.0 
719.0 814.0 797.0 694.0 606.0 651.0 761.0 
720.0 662.0 658.0 673.0 665.0 653.0 641.0 
620.0 693.0 717.0 676.0 651.0 609.0 661.0 
707.0 781.0 801.0 616.0 543.0 679.0 898.0 
785.0 550.0 615.0 662.0 770.0 733.0 565.0 
628.0 681.0 742.0 792.0 692.0 626.0 705.0 
751.0 729.0 735.0 743.0 760.0 755.0 782.0 
785.0 651.0 644.0 851.0 939.0 760.0 556.0 
683.0 814.0 712.0 801.0 762.0 596.0 714.0 
742.0 720.0 699.0 619.0 743.0 785.0 672.0 
626.0 638.0 705.0 719.0 741.0 701.0 589.0 
658.0 748.0 726.0 653.0 600.0 690.0 718.0 
717.0 754.0 633.0 612.0 804.0 804.0 641.0 
676.0 698.0 614.0 749.0 903.0 739.0 541.0 
713.0 829.0 737.0 754.0 676.0 649.0 762.0 
857.0 731.0 591.0 853.0 827.0 687.0 713.0 
672.0 865.0 755.0 665.0 869.0 684.0 606.0 
835.0 844.0 720.0 723.0 660.0 676.0 829.0 
764.0 665.0 658.0 629.0 605.0 728.0 760.0 
546.0 599.0 812.0 746.0 597.0 634.0 676.0 
617.0 708.0 794.0 607.0 546.0 750.0 809.0 
699.0 613.0 659.0 673.0 730.0 843.0 609.0 
580.0 856.0 831.0 757.0 732.0 705.0 722.0 
786.0 885.0 822.0 752.0 788.0 778.0 755.0 
776.0 865.0 767.0 663.0 861.0 743.0 603.0 
783.0 766.0 686.0 652.0 716.0 749.0 713.0 
684.0 629.0 773.0 777.0 612.0 684.0 742.0 
662.0 654.0 690.0 647.0 583.0 644.0 699.0 
629.0 576.0 623.0 670.0 591.0 648.0 727.0 
611.0 600.0 659.0 678.0 704.0 781.0 687.0 
559.0 751.0 819.0 815.0 827.0 626.0 624.0 
840.0 925.0 798.0 757.0 733.0 705.0 911.0 
842.0 764.0 816.0 747.0 855.0 802.0 848.0 
942.0 795.0 794.0 772.0 818.0 812.0 763.0 
876.0 911.0 850.0 648.0 561.0 768.0 913.0 
748.0 607.0 640.0 621.0 737.0 777.0 641.0 
629.0 588.0 568.0 653.0 766.0 686.0 543.0 
624.0 600.0 632.0 709.0 635.0 673.0 619.0 
492.0 560.0 681.0 638.0 596.0 610.0 496.0 
543.0 740.0 672.0 563.0 585.0 532.0 634.0 
763.0 667.0 689.0 734.0 614.0 586.0 679.0 
756.0 821.0 836.0 706.0 597.0 697.0 751.0 
738.0 821.0 714.0 633.0 755.0 728.0 770.0 
803.0 668.0 725.0 724.0 678.0 761.0 736.0 
720.0 675.0 730.0 794.0 621.0 682.0 823.0 
722.0 614.0 661.0 758.0 758.0 810.0 785.0 
663.0 667.0 695.0 789.0 955.0 846.0 620.0 
667.0 731.0 768.0 832.0 735.0 662.0 744.0 
754.0 682.0 707.0 737.0 751.0 819.0 733.0 
526.0 689.0 889.0 749.0 776.0 737.0 580.0 
678.0 819.0 871.0 787.0 728.0 642.0 650.0 
867.0 798.0 778.0 848.0 647.0 621.0 731.0 
783.0 800.0 720.0 691.0 675.0 680.0 799.0 
755.0 637.0 691.0 756.0 785.0 672.0 550.0 
722.0 779.0 616.0 675.0 655.0 483.0 585.0 
654.0 645.0 658.0 539.0 521.0 550.0 599.0 
655.0 598.0 637.0 667.0 647.0 634.0 634.0 
712.0 658.0 634.0 702.0 728.0 772.0 728.0 
773.0 875.0 810.0 757.0 753.0 757.0 901.0 
971.0 886.0 887.0 792.0 745.0 871.0 851.0 
852.0 827.0 733.0 828.0 843.0 857.0 880.0 
627.0 633.0 920.0 882.0 729.0 835.0 824.0 
647.0 748.0 895.0 878.0 787.0 706.0 775.0 
823.0 741.0 791.0 838.0 684.0 749.0 797.0 
610.0 657.0 790.0 799.0 724.0 660.0 627.0 
670.0 819.0 768.0 728.0 737.0 628.0 633.0 
751.0 854.0 739.0 632.0 584.0 558.0 784.0 
836.0 665.0 609.0 660.0 699.0 713.0 747.0 
771.0 771.0 667.0 684.0 790.0 717.0 761.0 
858.0 750.0 678.0 664.0 699.0 809.0 768.0 
713.0 690.0 657.0 670.0 727.0 849.0 753.0 
639.0 701.0 732.0 781.0 727.0 710.0 769.0 
784.0 792.0 730.0 775.0 769.0 730.0 805.0 
739.0 700.0 796.0 806.0 749.0 780.0 789.0 
758.0 779.0 742.0 784.0 838.0 744.0 755.0 
861.0 868.0 741.0 721.0 815.0 727.0 668.0 
785.0 814.0 711.0 676.0 661.0 663.0 777.0 
715.0 649.0 721.0 684.0 733.0 706.0 696.0 
818.0 673.0 695.0 822.0 724.0 742.0 762.0 
753.0 810.0 787.0 777.0 775.0 661.0 762.0 
858.0 715.0 754.0 758.0 628.0 717.0 877.0 
724.0 566.0 774.0 869.0 736.0 741.0 819.0 
787.0 851.0 909.0 776.0 799.0 851.0 832.0 
919.0 914.0 829.0 788.0 773.0 846.0 887.0 
745.0 696.0 772.0 722.0 673.0 772.0 752.0 
567.0 566.0 694.0 661.0 578.0 712.0 636.0 
528.0 677.0 509.0 506.0 654.0 559.0 591.0 
584.0 565.0 519.0 480.0 615.0 625.0 620.0 
569.0 522.0 693.0 733.0 736.0 693.0 652.0 
784.0 805.0 874.0 834.0 727.0 746.0 744.0 
973.0 909.0 668.0 861.0 743.0 785.0 997.0 
540.0 774.0 987.0 587.0 977.0 874.0 563.0 
927.0 858.0 851.0 921.0 824.0 950.0 765.0 
705.0 1058.0 995.0 825.0 772.0 792.0 922.0 
869.0 885.0 731.0 752.0 933.0 624.0 788.0 
861.0 631.0 739.0 623.0 776.0 664.0 537.0 
818.0 545.0 652.0 644.0 466.0 716.0 596.0 
596.0 506.0 606.0 625.0 405.0 824.0 586.0 
444.0 631.0 467.0 781.0 569.0 569.0 764.0 
438.0 734.0 589.0 639.0 1063.0 553.0 565.0 
734.0 690.0 819.0 712.0 894.0 780.0 686.0 
730.0 610.0 1008.0 905.0 709.0 730.0 667.0 
934.0 737.0 883.0 1001.0 662.0 866.0 667.0 
760.0 1063.0 778.0 864.0 803.0 732.0 739.0 
679.0 927.0 784.0 735.0 673.0 573.0 873.0 
686.0 724.0 737.0 523.0 764.0 623.0 719.0 
730.0 552.0 835.0 631.0 659.0 650.0 539.0 
897.0 678.0 612.0 583.0 590.0 904.0 633.0 
751.0 729.0 471.0 711.0 656.0 880.0 791.0 
477.0 654.0 610.0 910.0 778.0 526.0 816.0 
538.0 776.0 871.0 547.0 767.0 640.0 798.0 
786.0 603.0 734.0 540.0 855.0 851.0 675.0 
794.0 570.0 886.0 914.0 793.0 877.0 625.0 
836.0 889.0 969.0 978.0 602.0 860.0 817.0 
867.0 1039.0 619.0 824.0 833.0 763.0 901.0 
634.0 815.0 728.0 707.0 837.0 597.0 871.0 
688.0 597.0 825.0 594.0 782.0 618.0 670.0 
945.0 594.0 683.0 619.0 749.0 880.0 549.0 
782.0 636.0 616.0 752.0 507.0 848.0 796.0 
608.0 621.0 502.0 774.0 669.0 717.0 773.0 
479.0 764.0 676.0 693.0 835.0 574.0 760.0 
608.0 666.0 856.0 651.0 789.0 662.0 722.0 
768.0 682.0 908.0 691.0 796.0 854.0 661.0 
799.0 622.0 848.0 874.0 661.0 810.0 488.0 
771.0 952.0 692.0 908.0 588.0 649.0 925.0 
803.0 919.0 719.0 754.0 774.0 752.0 1013.0 
764.0 762.0 723.0 666.0 941.0 741.0 810.0 
767.0 641.0 793.0 615.0 898.0 806.0 590.0 
912.0 603.0 720.0 778.0 574.0 929.0 693.0 
642.0 645.0 535.0 818.0 589.0 735.0 708.0 
407.0 710.0 591.0 668.0 612.0 504.0 773.0 
472.0 611.0 602.0 562.0 852.0 373.0 560.0 
629.0 518.0 919.0 540.0 590.0 638.0 491.0 
788.0 677.0 754.0 581.0 539.0 829.0 598.0 
829.0 717.0 528.0 905.0 707.0 725.0 700.0 
763.0 938.0 640.0 904.0 755.0 695.0 977.0 
731.0 1005.0 751.0 641.0 968.0 699.0 1021.0 
856.0 589.0 848.0 667.0 978.0 923.0 710.0 
889.0 615.0 814.0 818.0 750.0 967.0 754.0 
885.0 611.0 578.0 965.0 684.0 909.0 776.0 
534.0 791.0 625.0 849.0 767.0 620.0 795.0 
503.0 678.0 669.0 631.0 831.0 539.0 646.0 
548.0 537.0 763.0 577.0 710.0 504.0 569.0 
793.0 448.0 662.0 664.0 643.0 754.0 479.0 
678.0 627.0 583.0 745.0 585.0 755.0 624.0 
644.0 842.0 649.0 756.0 652.0 767.0 835.0 
666.0 912.0 678.0 860.0 984.0 587.0 934.0 
807.0 800.0 1045.0 807.0 907.0 630.0 776.0 
1104.0 791.0 838.0 680.0 816.0 951.0 698.0 
857.0 696.0 866.0 913.0 593.0 869.0 693.0 
768.0 913.0 608.0 820.0 654.0 617.0 834.0 
698.0 753.0 574.0 698.0 751.0 553.0 839.0 
618.0 691.0 939.0 621.0 703.0 635.0 790.0 
940.0 618.0 785.0 761.0 786.0 776.0 441.0 
831.0 836.0 517.0 726.0 641.0 669.0 709.0 
591.0 688.0 535.0 556.0 628.0 586.0 826.0 
647.0 473.0 609.0 656.0 679.0 596.0 742.0 
570.0 422.0 721.0 521.0 671.0 787.0 447.0 
737.0 735.0 550.0 703.0 660.0 833.0 880.0 
616.0 658.0 800.0 861.0 813.0 808.0 800.0 
632.0 726.0 761.0 774.0 885.0 572.0 599.0 
814.0 674.0 732.0 667.0 625.0 736.0 606.0 
652.0 676.0 587.0 678.0 626.0 595.0 552.0 
500.0 630.0 544.0 575.0 647.0 443.0 554.0 
613.0 543.0 641.0 500.0 478.0 652.0 658.0 
583.0 521.0 571.0 601.0 645.0 686.0 594.0 
664.0 767.0 637.0 636.0 774.0 815.0 868.0 
748.0 612.0 761.0 880.0 875.0 837.0 779.0 
733.0 778.0 865.0 907.0 805.0 745.0 903.0 
884.0 843.0 884.0 833.0 833.0 877.0 877.0 
843.0 893.0 826.0 836.0 900.0 724.0 740.0 
747.0 790.0 826.0 592.0 686.0 634.0 539.0 
826.0 694.0 562.0 579.0 508.0 605.0 573.0 
644.0 728.0 604.0 600.0 541.0 530.0 615.0 
596.0 639.0 687.0 583.0 485.0 630.0 645.0 
589.0 704.0 556.0 501.0 547.0 514.0 606.0 
586.0 645.0 653.0 489.0 441.0 563.0 781.0 
685.0 481.0 552.0 557.0 655.0 761.0 630.0 
734.0 711.0 598.0 766.0 767.0 696.0 679.0 
797.0 819.0 692.0 794.0 787.0 853.0 944.0 
728.0 712.0 808.0 797.0 834.0 886.0 875.0 
745.0 687.0 857.0 952.0 778.0 732.0 806.0 
752.0 792.0 813.0 805.0 829.0 802.0 758.0 
610.0 752.0 915.0 632.0 598.0 686.0 610.0 
695.0 665.0 539.0 570.0 633.0 569.0 471.0 
568.0 583.0 480.0 578.0 605.0 442.0 486.0 
621.0 580.0 547.0 537.0 527.0 482.0 515.0 
667.0 665.0 610.0 499.0 442.0 622.0 658.0 
617.0 604.0 516.0 594.0 673.0 667.0 708.0 
704.0 669.0 647.0 701.0 761.0 788.0 786.0 
767.0 768.0 823.0 790.0 665.0 892.0 1008.0 
829.0 835.0 790.0 809.0 886.0 930.0 1007.0 
874.0 780.0 786.0 857.0 1020.0 929.0 748.0 
731.0 770.0 865.0 901.0 820.0 761.0 745.0 
780.0 833.0 828.0 824.0 755.0 687.0 814.0 
823.0 702.0 752.0 783.0 689.0 667.0 759.0 
684.0 567.0 754.0 803.0 598.0 570.0 579.0 
655.0 821.0 726.0 518.0 461.0 600.0 723.0 
750.0 711.0 463.0 480.0 735.0 754.0 700.0 
569.0 554.0 669.0 630.0 628.0 672.0 649.0 
622.0 651.0 636.0 509.0 550.0 727.0 716.0 
639.0 615.0 540.0 569.0 704.0 722.0 665.0 
667.0 677.0 638.0 661.0 740.0 767.0 700.0 
680.0 809.0 854.0 739.0 685.0 798.0 900.0 
821.0 740.0 859.0 947.0 764.0 708.0 916.0 
1011.0 878.0 746.0 876.0 915.0 802.0 882.0 
923.0 859.0 853.0 850.0 846.0 883.0 861.0 
878.0 868.0 773.0 820.0 728.0 719.0 880.0 
832.0 780.0 709.0 721.0 702.0 657.0 782.0 
786.0 731.0 610.0 602.0 732.0 770.0 683.0 
514.0 674.0 771.0 641.0 647.0 633.0 691.0 
674.0 687.0 723.0 597.0 704.0 764.0 634.0 
600.0 619.0 678.0 630.0 611.0 670.0 562.0 
577.0 608.0 521.0 635.0 613.0 512.0 642.0 
703.0 610.0 527.0 686.0 807.0 651.0 626.0 
675.0 706.0 823.0 827.0 707.0 648.0 771.0 
833.0 836.0 946.0 782.0 613.0 884.0 1012.0 
849.0 939.0 898.0 646.0 942.0 1114.0 801.0 
890.0 973.0 721.0 803.0 1029.0 919.0 767.0 
793.0 798.0 859.0 860.0 684.0 719.0 843.0 
832.0 799.0 660.0 626.0 807.0 852.0 793.0 
698.0 600.0 657.0 786.0 867.0 715.0 593.0 
745.0 719.0 651.0 704.0 638.0 664.0 729.0 
671.0 678.0 835.0 828.0 699.0 835.0 866.0 
759.0 757.0 806.0 820.0 731.0 775.0 750.0 
749.0 839.0 716.0 665.0 682.0 691.0 712.0 
753.0 815.0 667.0 566.0 688.0 737.0 733.0 
776.0 708.0 586.0 625.0 706.0 701.0 743.0 
746.0 626.0 658.0 713.0 647.0 649.0 725.0 
814.0 682.0 580.0 714.0 745.0 804.0 795.0 
667.0 741.0 730.0 688.0 850.0 852.0 764.0 
706.0 723.0 852.0 758.0 726.0 800.0 791.0 
796.0 638.0 731.0 829.0 633.0 657.0 663.0 
683.0 594.0 555.0 747.0 624.0 588.0 545.0 
509.0 654.0 634.0 657.0 531.0 520.0 661.0 
618.0 588.0 569.0 661.0 601.0 575.0 638.0 
509.0 644.0 783.0 669.0 579.0 639.0 626.0 
578.0 771.0 682.0 658.0 865.0 697.0 644.0 
701.0 746.0 860.0 775.0 704.0 687.0 818.0 
934.0 814.0 743.0 672.0 728.0 860.0 839.0 
768.0 780.0 764.0 711.0 874.0 767.0 606.0 
768.0 775.0 796.0 703.0 646.0 763.0 665.0 
745.0 761.0 591.0 671.0 736.0 727.0 649.0 
669.0 698.0 504.0 604.0 754.0 705.0 617.0 
475.0 567.0 626.0 565.0 657.0 605.0 444.0 
577.0 644.0 504.0 500.0 441.0 487.0 489.0 
416.0 544.0 390.0 346.0 478.0 400.0 490.0 
473.0 299.0 341.0 531.0 571.0 380.0 413.0 
531.0 454.0 502.0 640.0 580.0 485.0 560.0 
615.0 712.0 716.0 617.0 642.0 586.0 763.0 
908.0 668.0 664.0 812.0 795.0 783.0 849.0 
853.0 787.0 760.0 809.0 852.0 838.0 820.0 
725.0 811.0 924.0 764.0 765.0 748.0 760.0 
871.0 695.0 729.0 769.0 632.0 744.0 806.0 
819.0 616.0 542.0 869.0 697.0 619.0 794.0 
570.0 615.0 759.0 672.0 608.0 576.0 585.0 
500.0 607.0 678.0 481.0 515.0 575.0 603.0 
554.0 524.0 663.0 456.0 492.0 644.0 521.0 
667.0 582.0 499.0 469.0 399.0 668.0 516.0 
358.0 572.0 496.0 374.0 474.0 473.0 377.0 
447.0 426.0 494.0 508.0 344.0 438.0 414.0 
455.0 522.0 445.0 472.0 460.0 665.0 574.0 
320.0 517.0 533.0 605.0 646.0 391.0 457.0 
510.0 526.0 679.0 568.0 491.0 525.0 568.0 
669.0 664.0 611.0 562.0 669.0 669.0 528.0 
662.0 736.0 645.0 597.0 665.0 636.0 503.0 
703.0 807.0 655.0 651.0 599.0 623.0 796.0 
739.0 682.0 711.0 650.0 664.0 701.0 741.0 
750.0 652.0 598.0 611.0 631.0 662.0 632.0 
635.0 634.0 471.0 576.0 653.0 443.0 584.0 
692.0 533.0 522.0 550.0 544.0 581.0 708.0 
685.0 417.0 450.0 671.0 678.0 646.0 550.0 
510.0 526.0 520.0 668.0 640.0 470.0 453.0 
515.0 578.0 569.0 560.0 395.0 301.0 498.0 
494.0 488.0 523.0 368.0 300.0 379.0 544.0 
405.0 261.0 470.0 444.0 430.0 474.0 294.0 
311.0 557.0 609.0 417.0 373.0 384.0 463.0 
598.0 444.0 410.0 447.0 401.0 540.0 513.0 
409.0 470.0 466.0 515.0 572.0 499.0 515.0 
605.0 604.0 533.0 547.0 658.0 663.0 590.0 
619.0 682.0 583.0 460.0 620.0 827.0 718.0 
533.0 528.0 638.0 704.0 696.0 764.0 694.0 
546.0 646.0 772.0 780.0 716.0 650.0 548.0 
610.0 720.0 551.0 558.0 587.0 497.0 514.0 
553.0 562.0 432.0 417.0 477.0 493.0 502.0 
456.0 441.0 401.0 475.0 560.0 483.0 378.0 
389.0 567.0 588.0 415.0 374.0 414.0 443.0 
668.0 679.0 317.0 387.0 553.0 544.0 612.0 
493.0 480.0 433.0 416.0 613.0 534.0 420.0 
415.0 439.0 504.0 544.0 500.0 344.0 389.0 
479.0 428.0 528.0 471.0 340.0 527.0 470.0 
393.0 519.0 484.0 606.0 524.0 418.0 650.0 
596.0 546.0 654.0 667.0 643.0 593.0 628.0 
656.0 631.0 706.0 811.0 635.0 461.0 638.0 
765.0 723.0 623.0 542.0 499.0 603.0 787.0 
599.0 481.0 572.0 551.0 599.0 595.0 545.0 
459.0 525.0 648.0 493.0 460.0 486.0 434.0 
454.0 550.0 568.0 365.0 338.0 494.0 520.0 
411.0 444.0 443.0 204.0 389.0 609.0 375.0 
268.0 388.0 446.0 397.0 460.0 414.0 299.0 
474.0 573.0 448.0 419.0 543.0 571.0 519.0 
477.0 496.0 652.0 651.0 615.0 617.0 575.0 
711.0 651.0 512.0 680.0 702.0 553.0 551.0 
621.0 610.0 551.0 557.0 614.0 540.0 415.0 
544.0 633.0 504.0 519.0 579.0 463.0 413.0 
563.0 626.0 529.0 507.0 444.0 412.0 607.0 
631.0 435.0 434.0 556.0 558.0 473.0 483.0 
510.0 431.0 511.0 585.0 438.0 417.0 497.0 
542.0 561.0 441.0 376.0 530.0 556.0 462.0 
508.0 476.0 520.0 590.0 467.0 482.0 478.0 
475.0 477.0 377.0 545.0 580.0 404.0 425.0 
373.0 361.0 525.0 588.0 410.0 262.0 466.0 
553.0 439.0 487.0 463.0 432.0 518.0 505.0 
457.0 530.0 612.0 522.0 390.0 526.0 664.0 
460.0 487.0 659.0 486.0 474.0 609.0 547.0 
479.0 496.0 563.0 553.0 511.0 565.0 543.0 
510.0 557.0 560.0 529.0 501.0 533.0 594.0 
557.0 452.0 523.0 478.0 473.0 723.0 480.0 
396.0 549.0 393.0 554.0 640.0 467.0 409.0 
463.0 493.0 501.0 583.0 523.0 402.0 375.0 
540.0 648.0 503.0 412.0 427.0 506.0 460.0 
458.0 629.0 518.0 410.0 436.0 385.0 587.0 
647.0 473.0 506.0 442.0 360.0 475.0 595.0 
543.0 434.0 433.0 370.0 434.0 544.0 484.0 
497.0 463.0 369.0 393.0 484.0 457.0 497.0 
616.0 321.0 271.0 541.0 494.0 561.0 481.0 
363.0 460.0 312.0 429.0 655.0 593.0 536.0 
327.0 282.0 518.0 664.0 692.0 473.0 380.0 
541.0 457.0 499.0 743.0 605.0 396.0 459.0 
471.0 425.0 558.0 653.0 516.0 419.0 347.0 
322.0 530.0 570.0 505.0 392.0 250.0 531.0 
587.0 393.0 394.0 354.0 485.0 543.0 519.0 
311.0 17.0 391.0 676.0 624.0 498.0 45.0 
59.0 578.0 765.0 615.0 390.0 285.0 299.0 
438.0 875.0 833.0 160.0 166.0 733.0 908.0 
577.0 165.0 332.0 820.0 898.0 588.0 201.0 
145.0 506.0 889.0 980.0 598.0 31.0 67.0 
705.0 1080.0 927.0 318.0 -21.0 470.0 863.0 
929.0 690.0 130.0 109.0 621.0 908.0 614.0 
235.0 259.0 429.0 692.0 675.0 173.0 131.0 
535.0 722.0 656.0 245.0 66.0 391.0 656.0 
711.0 463.0 180.0 252.0 488.0 596.0 565.0 
534.0 435.0 325.0 499.0 612.0 478.0 563.0 
695.0 639.0 366.0 312.0 735.0 762.0 526.0 
497.0 501.0 666.0 741.0 495.0 351.0 555.0 
722.0 783.0 724.0 352.0 236.0 559.0 902.0 
929.0 481.0 211.0 333.0 555.0 764.0 689.0 
508.0 358.0 322.0 429.0 446.0 438.0 433.0 
507.0 527.0 339.0 131.0 148.0 501.0 674.0 
572.0 399.0 119.0 179.0 455.0 506.0 614.0 
604.0 220.0 173.0 476.0 499.0 404.0 380.0 
426.0 571.0 555.0 184.0 37.0 525.0 791.0 
515.0 337.0 266.0 214.0 414.0 698.0 707.0 
533.0 406.0 314.0 394.0 623.0 717.0 751.0 
670.0 450.0 418.0 576.0 744.0 807.0 792.0 
741.0 599.0 464.0 576.0 793.0 913.0 947.0 
673.0 440.0 478.0 670.0 998.0 866.0 633.0 
658.0 524.0 503.0 546.0 740.0 974.0 711.0 
386.0 281.0 415.0 748.0 797.0 626.0 579.0 
360.0 235.0 631.0 791.0 532.0 430.0 504.0 
458.0 497.0 543.0 317.0 425.0 638.0 589.0 
463.0 228.0 245.0 516.0 721.0 601.0 294.0 
266.0 502.0 553.0 397.0 497.0 494.0 318.0 
539.0 585.0 271.0 388.0 496.0 372.0 600.0 
614.0 222.0 132.0 484.0 638.0 447.0 490.0 
395.0 170.0 432.0 589.0 451.0 539.0 620.0 
340.0 216.0 606.0 638.0 404.0 612.0 624.0 
386.0 433.0 531.0 439.0 468.0 759.0 771.0 
421.0 251.0 435.0 789.0 948.0 681.0 300.0 
344.0 786.0 1003.0 694.0 425.0 562.0 683.0 
778.0 802.0 717.0 613.0 472.0 690.0 809.0 
661.0 703.0 653.0 535.0 509.0 626.0 760.0 
659.0 479.0 480.0 583.0 521.0 467.0 586.0 
656.0 628.0 478.0 240.0 371.0 647.0 576.0 
581.0 554.0 257.0 186.0 456.0 743.0 656.0 
343.0 217.0 219.0 439.0 690.0 546.0 390.0 
349.0 287.0 428.0 559.0 550.0 500.0 339.0 
282.0 446.0 580.0 579.0 494.0 410.0 456.0 
496.0 346.0 334.0 571.0 689.0 595.0 359.0 
213.0 343.0 540.0 730.0 696.0 320.0 251.0 
508.0 623.0 679.0 572.0 415.0 410.0 478.0 
603.0 586.0 534.0 522.0 446.0 460.0 570.0 
599.0 488.0 533.0 672.0 557.0 417.0 534.0 
715.0 659.0 564.0 610.0 575.0 602.0 672.0 
592.0 639.0 673.0 601.0 590.0 652.0 742.0 
609.0 609.0 659.0 566.0 735.0 697.0 622.0 
709.0 553.0 629.0 743.0 684.0 762.0 621.0 
469.0 628.0 783.0 649.0 466.0 583.0 523.0 
418.0 624.0 581.0 365.0 405.0 492.0 377.0 
290.0 378.0 504.0 462.0 344.0 344.0 275.0 
298.0 489.0 559.0 414.0 349.0 472.0 401.0 
509.0 649.0 435.0 349.0 426.0 622.0 537.0 
410.0 582.0 468.0 507.0 635.0 551.0 537.0 
442.0 539.0 744.0 808.0 758.0 497.0 439.0 
704.0 870.0 807.0 651.0 683.0 780.0 765.0 
837.0 862.0 759.0 802.0 916.0 726.0 699.0 
904.0 761.0 794.0 957.0 835.0 604.0 541.0 
745.0 797.0 810.0 729.0 483.0 395.0 522.0 
811.0 724.0 450.0 385.0 306.0 410.0 657.0 
620.0 376.0 356.0 380.0 363.0 565.0 667.0 
449.0 210.0 377.0 636.0 440.0 287.0 496.0 
543.0 387.0 378.0 373.0 331.0 499.0 556.0 
337.0 377.0 487.0 389.0 529.0 608.0 426.0 
403.0 521.0 682.0 645.0 466.0 521.0 613.0 
583.0 650.0 809.0 674.0 482.0 570.0 650.0 
757.0 820.0 745.0 672.0 592.0 575.0 674.0 
853.0 873.0 713.0 591.0 546.0 728.0 825.0 
693.0 841.0 792.0 469.0 569.0 740.0 776.0 
754.0 685.0 601.0 479.0 632.0 774.0 636.0 
620.0 659.0 590.0 500.0 532.0 715.0 667.0 
583.0 665.0 556.0 522.0 672.0 758.0 642.0 
567.0 668.0 603.0 671.0 807.0 666.0 570.0 
557.0 594.0 646.0 646.0 704.0 581.0 520.0 
646.0 510.0 599.0 702.0 457.0 519.0 634.0 
604.0 579.0 557.0 649.0 708.0 637.0 461.0 
558.0 796.0 645.0 530.0 642.0 598.0 561.0 
652.0 576.0 490.0 559.0 581.0 476.0 484.0 
740.0 663.0 462.0 540.0 510.0 587.0 674.0 
591.0 589.0 634.0 572.0 473.0 646.0 789.0 
679.0 596.0 634.0 656.0 611.0 661.0 735.0 
773.0 730.0 747.0 746.0 645.0 788.0 750.0 
681.0 867.0 733.0 599.0 775.0 891.0 834.0 
789.0 726.0 624.0 760.0 863.0 719.0 753.0 
834.0 714.0 770.0 741.0 510.0 733.0 963.0 
747.0 555.0 582.0 705.0 728.0 765.0 766.0 
610.0 598.0 693.0 725.0 676.0 649.0 652.0 
637.0 736.0 722.0 568.0 584.0 749.0 759.0 
600.0 623.0 703.0 696.0 781.0 741.0 571.0 
696.0 846.0 709.0 681.0 816.0 814.0 614.0 
619.0 837.0 756.0 637.0 705.0 706.0 624.0 
625.0 722.0 701.0 617.0 671.0 729.0 587.0 
616.0 809.0 678.0 631.0 723.0 638.0 692.0 
780.0 656.0 574.0 695.0 794.0 666.0 581.0 
765.0 807.0 607.0 677.0 885.0 689.0 593.0 
925.0 823.0 592.0 817.0 854.0 731.0 829.0 
859.0 701.0 834.0 1031.0 770.0 665.0 897.0 
953.0 863.0 850.0 838.0 819.0 971.0 1044.0 
877.0 764.0 799.0 937.0 984.0 850.0 846.0 
837.0 757.0 901.0 877.0 692.0 691.0 782.0 
850.0 723.0 649.0 682.0 705.0 813.0 748.0 
593.0 615.0 718.0 657.0 517.0 642.0 763.0 
583.0 571.0 694.0 516.0 486.0 680.0 732.0 
608.0 474.0 671.0 794.0 719.0 693.0 602.0 
735.0 861.0 771.0 714.0 789.0 921.0 790.0 
773.0 925.0 761.0 737.0 1033.0 922.0 588.0 
782.0 906.0 752.0 831.0 909.0 833.0 607.0 
622.0 902.0 928.0 856.0 724.0 594.0 719.0 
819.0 792.0 780.0 810.0 774.0 517.0 589.0 
953.0 879.0 641.0 666.0 851.0 718.0 590.0 
921.0 872.0 699.0 804.0 674.0 749.0 902.0 
844.0 874.0 823.0 836.0 802.0 691.0 974.0 
1154.0 861.0 612.0 748.0 1041.0 995.0 857.0 
861.0 815.0 929.0 909.0 748.0 907.0 1059.0 
917.0 689.0 847.0 1015.0 757.0 803.0 1004.0 
882.0 740.0 733.0 797.0 825.0 914.0 859.0 
611.0 729.0 977.0 837.0 697.0 825.0 847.0 
778.0 898.0 899.0 751.0 800.0 814.0 819.0 
874.0 730.0 723.0 834.0 765.0 746.0 774.0 
725.0 724.0 830.0 840.0 653.0 650.0 821.0 
827.0 824.0 831.0 787.0 754.0 749.0 777.0 
742.0 804.0 879.0 770.0 756.0 807.0 725.0 
751.0 873.0 831.0 797.0 821.0 815.0 840.0 
859.0 910.0 918.0 827.0 852.0 946.0 907.0 
904.0 937.0 842.0 823.0 957.0 959.0 786.0 
793.0 920.0 828.0 744.0 801.0 776.0 733.0 
803.0 878.0 794.0 672.0 695.0 808.0 801.0 
658.0 670.0 766.0 869.0 832.0 638.0 776.0 
879.0 707.0 729.0 840.0 726.0 595.0 822.0 
946.0 759.0 685.0 668.0 724.0 804.0 764.0 
692.0 711.0 865.0 845.0 768.0 840.0 775.0 
766.0 920.0 893.0 800.0 877.0 906.0 915.0 
927.0 743.0 710.0 886.0 965.0 856.0 739.0 
785.0 816.0 848.0 872.0 859.0 768.0 704.0 
855.0 886.0 782.0 785.0 873.0 889.0 800.0 
766.0 750.0 815.0 902.0 742.0 685.0 839.0 
813.0 787.0 821.0 778.0 740.0 692.0 710.0 
797.0 907.0 893.0 711.0 654.0 714.0 824.0 
901.0 852.0 826.0 743.0 696.0 868.0 884.0 
676.0 741.0 908.0 750.0 639.0 745.0 829.0 
852.0 788.0 646.0 595.0 798.0 843.0 695.0 
808.0 773.0 597.0 683.0 750.0 772.0 778.0 
729.0 760.0 738.0 710.0 817.0 845.0 788.0 
728.0 703.0 787.0 825.0 884.0 810.0 703.0 
834.0 765.0 751.0 856.0 872.0 882.0 733.0 
778.0 859.0 821.0 907.0 897.0 792.0 755.0 
832.0 835.0 842.0 957.0 859.0 736.0 817.0 
933.0 921.0 863.0 957.0 861.0 722.0 929.0 
956.0 787.0 836.0 922.0 840.0 788.0 871.0 
859.0 810.0 891.0 886.0 684.0 729.0 978.0 
802.0 619.0 786.0 759.0 587.0 625.0 768.0 
707.0 565.0 594.0 653.0 668.0 645.0 628.0 
604.0 607.0 652.0 634.0 677.0 780.0 760.0 
574.0 584.0 861.0 812.0 645.0 792.0 804.0 
704.0 757.0 750.0 781.0 823.0 767.0 787.0 
730.0 667.0 762.0 774.0 774.0 796.0 681.0 
634.0 824.0 919.0 707.0 625.0 745.0 727.0 
709.0 779.0 762.0 663.0 681.0 763.0 665.0 
651.0 786.0 715.0 624.0 722.0 780.0 644.0 
692.0 889.0 706.0 569.0 733.0 786.0 726.0 
753.0 915.0 854.0 682.0 798.0 837.0 762.0 
906.0 955.0 779.0 884.0 996.0 808.0 868.0 
1020.0 915.0 814.0 891.0 977.0 889.0 882.0 
964.0 827.0 719.0 883.0 960.0 809.0 745.0 
839.0 788.0 756.0 828.0 720.0 745.0 812.0 
803.0 758.0 590.0 760.0 895.0 689.0 671.0 
788.0 678.0 594.0 849.0 800.0 570.0 703.0 
701.0 627.0 745.0 741.0 626.0 655.0 719.0 
649.0 600.0 674.0 710.0 594.0 608.0 773.0 
679.0 547.0 700.0 755.0 622.0 660.0 756.0 
668.0 609.0 721.0 765.0 702.0 689.0 715.0 
745.0 729.0 664.0 689.0 772.0 826.0 826.0 
686.0 627.0 832.0 845.0 661.0 759.0 892.0 
848.0 814.0 831.0 806.0 775.0 855.0 838.0 
786.0 866.0 816.0 744.0 847.0 906.0 698.0 
540.0 793.0 859.0 613.0 661.0 808.0 751.0 
642.0 725.0 746.0 554.0 689.0 834.0 590.0 
560.0 741.0 716.0 620.0 699.0 752.0 518.0 
532.0 788.0 710.0 694.0 690.0 579.0 704.0 
743.0 675.0 609.0 700.0 812.0 495.0 489.0 
836.0 792.0 589.0 565.0 681.0 587.0 532.0 
698.0 588.0 512.0 600.0 592.0 546.0 485.0 
654.0 737.0 510.0 508.0 601.0 558.0 654.0 
771.0 685.0 619.0 715.0 722.0 631.0 784.0 
863.0 640.0 720.0 898.0 775.0 759.0 881.0 
852.0 742.0 839.0 870.0 729.0 816.0 872.0 
767.0 758.0 868.0 807.0 632.0 854.0 951.0 
726.0 697.0 767.0 855.0 782.0 733.0 833.0 
792.0 744.0 725.0 756.0 778.0 796.0 838.0 
672.0 661.0 855.0 777.0 683.0 796.0 808.0 
665.0 681.0 712.0 631.0 717.0 777.0 638.0 
544.0 616.0 635.0 615.0 693.0 663.0 559.0 
526.0 618.0 693.0 615.0 637.0 689.0 602.0 
631.0 684.0 578.0 626.0 813.0 690.0 494.0 
683.0 792.0 609.0 598.0 699.0 791.0 785.0 
626.0 645.0 761.0 838.0 866.0 731.0 643.0 
785.0 915.0 760.0 721.0 865.0 800.0 772.0 
812.0 741.0 664.0 744.0 854.0 810.0 766.0 
719.0 666.0 737.0 865.0 811.0 706.0 760.0 
869.0 852.0 687.0 770.0 810.0 705.0 899.0 
873.0 684.0 668.0 646.0 705.0 740.0 785.0 
762.0 561.0 517.0 655.0 757.0 700.0 663.0 
700.0 538.0 526.0 728.0 738.0 675.0 629.0 
577.0 525.0 589.0 686.0 623.0 524.0 545.0 
675.0 607.0 569.0 611.0 568.0 736.0 719.0 
541.0 656.0 856.0 815.0 578.0 587.0 715.0 
699.0 767.0 832.0 632.0 426.0 608.0 892.0 
761.0 581.0 675.0 624.0 593.0 790.0 849.0 
676.0 613.0 805.0 762.0 683.0 920.0 897.0 
713.0 771.0 764.0 756.0 917.0 965.0 832.0 
694.0 830.0 868.0 707.0 951.0 993.0 735.0 
744.0 786.0 876.0 875.0 805.0 821.0 708.0 
690.0 792.0 725.0 713.0 738.0 617.0 736.0 
841.0 625.0 515.0 576.0 802.0 894.0 656.0 
461.0 522.0 755.0 726.0 587.0 606.0 577.0 
573.0 583.0 577.0 634.0 716.0 634.0 574.0 
644.0 541.0 650.0 894.0 802.0 601.0 502.0 
700.0 934.0 764.0 580.0 680.0 799.0 826.0 
751.0 688.0 688.0 720.0 887.0 827.0 695.0 
804.0 744.0 715.0 798.0 813.0 843.0 773.0 
741.0 745.0 775.0 967.0 979.0 802.0 666.0 
676.0 911.0 1028.0 860.0 684.0 692.0 819.0 
820.0 757.0 855.0 739.0 485.0 717.0 952.0 
762.0 548.0 548.0 690.0 787.0 834.0 661.0 
392.0 535.0 838.0 936.0 709.0 345.0 453.0 
763.0 878.0 857.0 561.0 357.0 495.0 799.0 
926.0 648.0 401.0 530.0 889.0 873.0 454.0 
468.0 847.0 823.0 579.0 604.0 664.0 683.0 
769.0 813.0 693.0 552.0 667.0 756.0 777.0 
829.0 768.0 669.0 537.0 693.0 944.0 865.0 
730.0 540.0 596.0 873.0 924.0 883.0 609.0 
481.0 880.0 1113.0 887.0 534.0 547.0 878.0 
983.0 817.0 542.0 579.0 892.0 939.0 785.0 
582.0 595.0 805.0 976.0 950.0 528.0 413.0 
751.0 988.0 1032.0 758.0 497.0 515.0 819.0 
1105.0 805.0 517.0 618.0 682.0 859.0 921.0 
721.0 601.0 539.0 857.0 1154.0 764.0 493.0 
639.0 799.0 994.0 891.0 575.0 548.0 721.0 
971.0 840.0 453.0 529.0 761.0 983.0 903.0 
433.0 415.0 876.0 1087.0 711.0 394.0 669.0 
1004.0 995.0 734.0 456.0 546.0 894.0 1024.0 
925.0 634.0 461.0 722.0 950.0 975.0 796.0 
469.0 506.0 957.0 1155.0 729.0 509.0 700.0 
788.0 1003.0 978.0 651.0 649.0 909.0 1138.0 
958.0 668.0 699.0 794.0 1064.0 1147.0 778.0 
580.0 701.0 988.0 1074.0 873.0 721.0 663.0 
872.0 1084.0 955.0 747.0 682.0 875.0 1048.0 
979.0 811.0 627.0 790.0 1209.0 1179.0 721.0 
416.0 689.0 1256.0 1302.0 860.0 527.0 503.0 
802.0 1227.0 1336.0 831.0 231.0 543.0 1245.0 
1308.0 885.0 403.0 613.0 1155.0 1092.0 848.0 
673.0 753.0 960.0 959.0 946.0 667.0 609.0 
1053.0 1162.0 734.0 364.0 699.0 1170.0 1063.0 
682.0 570.0 755.0 901.0 1005.0 958.0 860.0 
727.0 708.0 988.0 1036.0 1017.0 899.0 740.0 
901.0 993.0 1035.0 792.0 688.0 983.0 899.0 
800.0 716.0 778.0 997.0 690.0 707.0 933.0 
703.0 841.0 930.0 748.0 806.0 792.0 1029.0 
1053.0 608.0 710.0 919.0 1056.0 1139.0 848.0 
657.0 480.0 871.0 1553.0 1037.0 446.0 526.0 
717.0 1267.0 1328.0 773.0 433.0 509.0 1175.0 
1345.0 879.0 584.0 416.0 969.0 1463.0 933.0 
400.0 470.0 921.0 1289.0 1138.0 557.0 279.0 
706.0 1434.0 1393.0 441.0 172.0 669.0 1166.0 
1399.0 977.0 370.0 173.0 893.0 1644.0 1161.0 
556.0 422.0 517.0 1071.0 1467.0 1054.0 432.0 
506.0 920.0 1179.0 1127.0 623.0 411.0 861.0 
1376.0 1078.0 447.0 631.0 968.0 1125.0 1151.0 
819.0 595.0 683.0 1171.0 1365.0 882.0 706.0 
802.0 806.0 1111.0 1276.0 944.0 655.0 703.0 
1037.0 1137.0 1005.0 928.0 717.0 706.0 935.0 
1076.0 995.0 838.0 758.0 673.0 910.0 1153.0 
899.0 644.0 721.0 907.0 967.0 940.0 829.0 
713.0 819.0 1035.0 1014.0 733.0 667.0 884.0 
987.0 999.0 974.0 709.0 516.0 838.0 1187.0 
1018.0 695.0 523.0 590.0 939.0 1123.0 1008.0 
589.0 353.0 790.0 1065.0 1060.0 822.0 498.0 
668.0 988.0 1265.0 930.0 488.0 871.0 1105.0 
1154.0 1105.0 752.0 708.0 929.0 1371.0 1388.0 
739.0 633.0 863.0 1062.0 1387.0 1142.0 587.0 
635.0 1073.0 1244.0 1112.0 913.0 774.0 817.0 
1062.0 1200.0 975.0 724.0 794.0 1021.0 958.0 
828.0 900.0 726.0 749.0 1015.0 948.0 793.0 
631.0 764.0 948.0 878.0 906.0 748.0 645.0 
863.0 1021.0 940.0 747.0 691.0 697.0 859.0 
1051.0 772.0 494.0 754.0 998.0 910.0 728.0 
614.0 693.0 841.0 948.0 888.0 678.0 677.0 
887.0 1065.0 990.0 784.0 765.0 818.0 971.0 
1091.0 850.0 727.0 949.0 1051.0 976.0 926.0 
852.0 693.0 840.0 1252.0 1093.0 674.0 752.0 
931.0 1013.0 1079.0 975.0 798.0 814.0 1027.0 
993.0 874.0 956.0 934.0 918.0 957.0 875.0 
725.0 879.0 1142.0 930.0 779.0 821.0 824.0 
955.0 944.0 910.0 891.0 832.0 938.0 846.0 
754.0 952.0 920.0 920.0 912.0 722.0 877.0 
852.0 874.0 1086.0 775.0 704.0 851.0 885.0 
1031.0 921.0 833.0 823.0 860.0 1098.0 997.0 
785.0 862.0 948.0 1023.0 1043.0 897.0 743.0 
849.0 1127.0 1072.0 784.0 802.0 918.0 967.0 
1115.0 941.0 643.0 781.0 1041.0 1085.0 852.0 
692.0 784.0 837.0 901.0 906.0 761.0 702.0 
810.0 866.0 849.0 853.0 706.0 688.0 880.0 
940.0 861.0 713.0 808.0 949.0 853.0 864.0 
901.0 872.0 910.0 939.0 900.0 859.0 900.0 
939.0 885.0 988.0 1055.0 809.0 883.0 1100.0 
1034.0 968.0 918.0 1044.0 1098.0 989.0 998.0 
977.0 1062.0 1126.0 998.0 881.0 859.0 1040.0 
1110.0 910.0 904.0 980.0 850.0 904.0 985.0 
811.0 899.0 993.0 835.0 818.0 840.0 840.0 
800.0 919.0 993.0 647.0 765.0 1046.0 776.0 
800.0 903.0 782.0 826.0 858.0 894.0 781.0 
725.0 882.0 827.0 856.0 898.0 852.0 892.0 
778.0 880.0 1006.0 757.0 796.0 937.0 870.0 
968.0 805.0 653.0 949.0 995.0 882.0 875.0 
874.0 874.0 929.0 1081.0 954.0 894.0 1059.0 
922.0 947.0 1105.0 959.0 970.0 974.0 841.0 
967.0 1011.0 937.0 965.0 894.0 761.0 816.0 
1062.0 1004.0 820.0 877.0 779.0 798.0 988.0 
867.0 834.0 991.0 842.0 706.0 868.0 909.0 
804.0 800.0 886.0 829.0 767.0 789.0 706.0 
835.0 932.0 788.0 729.0 700.0 727.0 844.0 
932.0 784.0 607.0 641.0 735.0 896.0 915.0 
814.0 713.0 567.0 684.0 936.0 962.0 898.0 
801.0 636.0 765.0 1069.0 987.0 776.0 882.0 
1002.0 866.0 887.0 985.0 863.0 986.0 1111.0 
875.0 815.0 946.0 1064.0 1095.0 968.0 878.0 
768.0 951.0 1168.0 936.0 983.0 1001.0 775.0 
898.0 1088.0 1140.0 1018.0 904.0 915.0 999.0 
1200.0 1105.0 876.0 898.0 930.0 1011.0 1105.0 
972.0 814.0 765.0 840.0 974.0 828.0 734.0 
910.0 822.0 727.0 790.0 793.0 808.0 761.0 
859.0 786.0 601.0 774.0 761.0 845.0 916.0 
598.0 681.0 795.0 753.0 945.0 902.0 694.0 
587.0 650.0 914.0 950.0 780.0 747.0 759.0 
753.0 728.0 809.0 985.0 861.0 676.0 737.0 
761.0 885.0 1041.0 833.0 647.0 730.0 869.0 
988.0 1034.0 939.0 747.0 835.0 1028.0 960.0 
968.0 1003.0 1017.0 1084.0 977.0 854.0 926.0 
1053.0 1034.0 1005.0 959.0 770.0 804.0 1088.0 
1162.0 960.0 719.0 685.0 910.0 1099.0 1075.0 
888.0 683.0 658.0 905.0 1179.0 1009.0 695.0 
753.0 848.0 929.0 1011.0 844.0 832.0 944.0 
921.0 923.0 925.0 912.0 903.0 986.0 971.0 
817.0 936.0 1004.0 878.0 987.0 890.0 691.0 
905.0 978.0 887.0 955.0 873.0 678.0 828.0 
964.0 837.0 993.0 947.0 612.0 747.0 968.0 
943.0 963.0 881.0 686.0 807.0 958.0 993.0 
1031.0 804.0 738.0 891.0 976.0 989.0 814.0 
863.0 955.0 853.0 956.0 822.0 688.0 900.0 
859.0 899.0 926.0 588.0 685.0 982.0 884.0 
758.0 639.0 666.0 821.0 867.0 862.0 601.0 
594.0 833.0 780.0 956.0 881.0 538.0 796.0 
889.0 738.0 870.0 887.0 800.0 721.0 768.0 
795.0 758.0 903.0 794.0 766.0 885.0 708.0 
791.0 952.0 899.0 894.0 919.0 903.0 917.0 
979.0 891.0 982.0 1077.0 865.0 911.0 1029.0 
988.0 931.0 954.0 1014.0 887.0 936.0 1036.0 
1020.0 1097.0 929.0 816.0 1110.0 1227.0 1043.0 
886.0 910.0 1086.0 1118.0 1005.0 967.0 928.0 
793.0 932.0 1156.0 901.0 750.0 916.0 995.0 
928.0 830.0 868.0 886.0 956.0 964.0 825.0 
892.0 838.0 756.0 958.0 896.0 732.0 784.0 
792.0 806.0 776.0 802.0 770.0 588.0 764.0 
879.0 683.0 684.0 746.0 740.0 663.0 696.0 
873.0 709.0 589.0 829.0 859.0 711.0 748.0 
794.0 713.0 852.0 980.0 776.0 742.0 864.0 
851.0 876.0 972.0 828.0 732.0 976.0 894.0 
761.0 911.0 872.0 836.0 885.0 948.0 868.0 
744.0 920.0 902.0 855.0 1021.0 850.0 829.0 
964.0 885.0 995.0 949.0 921.0 1066.0 892.0 
910.0 1061.0 1010.0 999.0 974.0 1067.0 1075.0 
954.0 1015.0 933.0 1009.0 1169.0 937.0 998.0 
1054.0 909.0 1034.0 1012.0 977.0 941.0 908.0 
1003.0 907.0 838.0 815.0 911.0 931.0 645.0 
708.0 924.0 811.0 693.0 797.0 771.0 652.0 
793.0 756.0 648.0 843.0 827.0 682.0 817.0 
797.0 630.0 822.0 948.0 784.0 751.0 810.0 
881.0 916.0 912.0 896.0 855.0 897.0 899.0 
907.0 925.0 854.0 944.0 887.0 694.0 875.0 
934.0 813.0 880.0 819.0 682.0 716.0 877.0 
853.0 746.0 870.0 767.0 638.0 814.0 795.0 
806.0 935.0 784.0 734.0 877.0 820.0 768.0 
894.0 891.0 797.0 886.0 862.0 809.0 948.0 
917.0 966.0 956.0 750.0 932.0 1120.0 1057.0 
1000.0 980.0 943.0 906.0 1114.0 1165.0 998.0 
1098.0 1125.0 978.0 997.0 1084.0 1041.0 1020.0 
1084.0 979.0 967.0 1059.0 860.0 939.0 1072.0 
826.0 865.0 927.0 931.0 947.0 754.0 809.0 
869.0 822.0 876.0 812.0 806.0 774.0 753.0 
899.0 772.0 677.0 796.0 729.0 779.0 850.0 
723.0 684.0 795.0 871.0 747.0 726.0 776.0 
865.0 1004.0 757.0 679.0 903.0 893.0 885.0 
934.0 868.0 805.0 927.0 919.0 830.0 955.0 
985.0 913.0 848.0 845.0 888.0 966.0 994.0 
831.0 854.0 875.0 819.0 964.0 939.0 814.0 
822.0 876.0 874.0 882.0 889.0 778.0 864.0 
943.0 758.0 775.0 878.0 840.0 928.0 866.0 
700.0 897.0 962.0 788.0 834.0 946.0 916.0 
849.0 880.0 894.0 968.0 1024.0 817.0 855.0 
1022.0 848.0 946.0 1056.0 776.0 876.0 1038.0 
906.0 924.0 966.0 865.0 770.0 985.0 1036.0 
794.0 879.0 872.0 791.0 842.0 800.0 853.0 
887.0 803.0 714.0 752.0 843.0 858.0 791.0 
725.0 839.0 897.0 796.0 708.0 849.0 961.0 
747.0 766.0 826.0 707.0 851.0 925.0 775.0 
726.0 659.0 624.0 805.0 985.0 846.0 517.0 
677.0 880.0 688.0 844.0 913.0 716.0 735.0 
758.0 839.0 868.0 834.0 826.0 700.0 752.0 
902.0 785.0 746.0 918.0 872.0 716.0 756.0 
877.0 886.0 793.0 792.0 819.0 890.0 892.0 
755.0 910.0 957.0 714.0 791.0 904.0 857.0 
898.0 933.0 882.0 733.0 763.0 946.0 909.0 
913.0 944.0 825.0 750.0 766.0 934.0 964.0 
793.0 774.0 801.0 841.0 928.0 945.0 846.0 
784.0 956.0 945.0 783.0 914.0 979.0 966.0 
933.0 789.0 802.0 902.0 989.0 883.0 760.0 
894.0 815.0 766.0 997.0 887.0 744.0 838.0 
732.0 778.0 904.0 755.0 744.0 833.0 786.0 
635.0 614.0 745.0 810.0 824.0 624.0 593.0 
811.0 673.0 639.0 788.0 702.0 683.0 714.0 
691.0 730.0 726.0 601.0 571.0 776.0 791.0 
542.0 664.0 707.0 499.0 760.0 792.0 598.0 
673.0 775.0 850.0 690.0 790.0 885.0 821.0 
1050.0 869.0 765.0 994.0 989.0 1060.0 1009.0 
869.0 984.0 970.0 941.0 1132.0 1043.0 853.0 
910.0 1014.0 963.0 928.0 1153.0 910.0 680.0 
1122.0 981.0 766.0 1066.0 881.0 788.0 1036.0 
896.0 711.0 875.0 995.0 798.0 711.0 807.0 
760.0 771.0 895.0 787.0 643.0 675.0 660.0 
782.0 836.0 675.0 663.0 612.0 702.0 809.0 
599.0 633.0 816.0 731.0 571.0 617.0 711.0 
661.0 787.0 793.0 476.0 573.0 825.0 630.0 
592.0 830.0 759.0 591.0 631.0 687.0 692.0 
715.0 712.0 733.0 760.0 630.0 628.0 802.0 
824.0 728.0 673.0 722.0 720.0 748.0 813.0 
781.0 829.0 753.0 706.0 876.0 787.0 764.0 
920.0 790.0 753.0 840.0 754.0 743.0 851.0 
917.0 761.0 642.0 795.0 835.0 896.0 898.0 
681.0 716.0 801.0 846.0 968.0 901.0 727.0 
728.0 890.0 843.0 774.0 895.0 835.0 807.0 
854.0 685.0 681.0 814.0 725.0 731.0 811.0 
652.0 535.0 659.0 759.0 685.0 683.0 603.0 
475.0 716.0 671.0 502.0 708.0 583.0 589.0 
736.0 538.0 594.0 625.0 620.0 678.0 599.0 
771.0 714.0 595.0 714.0 621.0 751.0 771.0 
606.0 838.0 832.0 605.0 639.0 696.0 756.0 
791.0 723.0 730.0 657.0 615.0 747.0 739.0 
794.0 756.0 660.0 739.0 642.0 778.0 888.0 
695.0 813.0 837.0 739.0 800.0 798.0 843.0 
861.0 839.0 842.0 824.0 858.0 869.0 854.0 
809.0 771.0 823.0 839.0 806.0 805.0 825.0 
741.0 671.0 757.0 753.0 747.0 779.0 651.0 
641.0 717.0 648.0 638.0 652.0 535.0 537.0 
662.0 633.0 540.0 542.0 591.0 560.0 615.0 
680.0 512.0 598.0 743.0 591.0 611.0 647.0 
591.0 688.0 739.0 670.0 630.0 625.0 670.0 
767.0 773.0 655.0 626.0 713.0 697.0 733.0 
779.0 633.0 649.0 726.0 628.0 686.0 802.0 
701.0 663.0 716.0 610.0 662.0 819.0 699.0 
681.0 776.0 703.0 697.0 769.0 701.0 647.0 
788.0 771.0 624.0 654.0 697.0 745.0 733.0 
636.0 604.0 681.0 783.0 680.0 671.0 687.0 
503.0 713.0 863.0 549.0 588.0 691.0 620.0 
718.0 583.0 553.0 775.0 722.0 568.0 525.0 
674.0 626.0 590.0 877.0 593.0 421.0 745.0 
627.0 703.0 812.0 504.0 570.0 736.0 658.0 
636.0 676.0 666.0 605.0 711.0 671.0 458.0 
663.0 689.0 516.0 852.0 629.0 226.0 721.0 
677.0 602.0 836.0 429.0 654.0 710.0 530.0 
967.0 557.0 654.0 958.0 465.0 905.0 748.0 
524.0 1069.0 593.0 810.0 929.0 340.0 1010.0 
809.0 408.0 1040.0 537.0 555.0 974.0 412.0 
773.0 778.0 435.0 917.0 488.0 561.0 993.0 
369.0 769.0 872.0 247.0 871.0 748.0 439.0 
907.0 347.0 473.0 985.0 416.0 709.0 790.0 
233.0 819.0 823.0 399.0 815.0 567.0 610.0 
968.0 460.0 764.0 892.0 406.0 913.0 857.0 
581.0 1041.0 599.0 497.0 1213.0 684.0 589.0 
1116.0 498.0 785.0 1142.0 313.0 753.0 1075.0 
458.0 934.0 954.0 330.0 814.0 877.0 644.0 
1070.0 663.0 451.0 883.0 670.0 862.0 866.0 
366.0 806.0 827.0 450.0 821.0 653.0 525.0 
928.0 567.0 468.0 805.0 454.0 690.0 992.0 
306.0 568.0 876.0 282.0 796.0 921.0 157.0 
686.0 712.0 149.0 863.0 737.0 170.0 731.0 
516.0 251.0 806.0 558.0 265.0 769.0 697.0 
320.0 689.0 620.0 444.0 925.0 605.0 355.0 
887.0 677.0 440.0 827.0 701.0 474.0 737.0 
727.0 543.0 719.0 812.0 554.0 580.0 806.0 
571.0 636.0 956.0 509.0 346.0 761.0 766.0 
700.0 728.0 629.0 512.0 624.0 836.0 788.0 
718.0 620.0 566.0 765.0 789.0 689.0 702.0 
682.0 658.0 662.0 690.0 643.0 626.0 745.0 
717.0 670.0 573.0 457.0 730.0 873.0 693.0 
601.0 528.0 589.0 765.0 818.0 675.0 541.0 
593.0 617.0 754.0 831.0 579.0 560.0 672.0 
607.0 674.0 735.0 593.0 558.0 585.0 527.0 
682.0 746.0 495.0 492.0 684.0 599.0 473.0 
629.0 626.0 558.0 668.0 552.0 501.0 655.0 
655.0 540.0 592.0 667.0 447.0 578.0 784.0 
535.0 574.0 597.0 528.0 758.0 677.0 508.0 
673.0 748.0 711.0 726.0 710.0 625.0 675.0 
841.0 750.0 738.0 840.0 567.0 622.0 926.0 
716.0 743.0 761.0 515.0 825.0 934.0 692.0 
629.0 680.0 790.0 724.0 822.0 720.0 501.0 
805.0 780.0 685.0 773.0 465.0 515.0 852.0 
781.0 620.0 569.0 507.0 568.0 784.0 732.0 
546.0 498.0 486.0 630.0 815.0 711.0 414.0 
468.0 722.0 772.0 809.0 687.0 437.0 553.0 
869.0 857.0 743.0 604.0 460.0 756.0 911.0 
640.0 597.0 695.0 679.0 698.0 698.0 559.0 
609.0 887.0 796.0 526.0 590.0 594.0 657.0 
933.0 762.0 472.0 482.0 657.0 813.0 620.0 
535.0 661.0 628.0 614.0 577.0 492.0 608.0 
774.0 617.0 430.0 542.0 711.0 702.0 579.0 
622.0 560.0 528.0 779.0 655.0 529.0 645.0 
630.0 522.0 475.0 795.0 695.0 348.0 525.0 
613.0 635.0 600.0 467.0 478.0 580.0 619.0 
589.0 547.0 461.0 644.0 754.0 555.0 446.0 
544.0 769.0 780.0 632.0 503.0 509.0 723.0 
828.0 699.0 655.0 631.0 568.0 872.0 872.0 
608.0 747.0 709.0 701.0 808.0 712.0 682.0 
708.0 813.0 748.0 621.0 766.0 706.0 697.0 
872.0 686.0 681.0 788.0 601.0 739.0 819.0 
601.0 676.0 731.0 649.0 654.0 708.0 676.0 
528.0 648.0 721.0 573.0 654.0 616.0 534.0 
689.0 586.0 517.0 641.0 544.0 585.0 642.0 
560.0 592.0 633.0 695.0 616.0 524.0 644.0 
696.0 645.0 652.0 643.0 662.0 729.0 694.0 
691.0 698.0 664.0 599.0 586.0 703.0 720.0 
695.0 621.0 624.0 705.0 619.0 654.0 672.0 
563.0 610.0 637.0 571.0 541.0 575.0 590.0 
523.0 519.0 496.0 484.0 565.0 519.0 527.0 
536.0 441.0 554.0 634.0 602.0 585.0 542.0 
642.0 682.0 676.0 721.0 654.0 678.0 714.0 
739.0 723.0 653.0 771.0 746.0 619.0 607.0 
672.0 705.0 652.0 699.0 634.0 586.0 604.0 
680.0 774.0 619.0 641.0 630.0 607.0 784.0 
642.0 629.0 772.0 659.0 608.0 579.0 617.0 
675.0 576.0 678.0 578.0 328.0 564.0 618.0 
572.0 571.0 415.0 508.0 411.0 479.0 701.0 
527.0 598.0 555.0 458.0 715.0 700.0 561.0 
559.0 629.0 713.0 638.0 568.0 620.0 621.0 
601.0 641.0 662.0 641.0 576.0 590.0 608.0 
613.0 649.0 553.0 611.0 700.0 556.0 486.0 
565.0 654.0 616.0 599.0 588.0 504.0 546.0 
588.0 585.0 619.0 585.0 500.0 503.0 573.0 
593.0 560.0 581.0 514.0 437.0 643.0 615.0 
538.0 685.0 502.0 518.0 623.0 552.0 763.0 
682.0 432.0 508.0 598.0 705.0 724.0 603.0 
621.0 630.0 619.0 549.0 491.0 763.0 746.0 
582.0 724.0 618.0 520.0 577.0 648.0 775.0 
580.0 379.0 534.0 717.0 688.0 471.0 417.0 
527.0 469.0 404.0 527.0 557.0 380.0 257.0 
293.0 430.0 517.0 370.0 209.0 354.0 481.0 
369.0 245.0 240.0 366.0 419.0 373.0 300.0 
266.0 385.0 415.0 299.0 305.0 405.0 406.0 
424.0 453.0 385.0 495.0 475.0 301.0 482.0 
506.0 437.0 524.0 404.0 434.0 540.0 517.0 
484.0 358.0 408.0 391.0 383.0 532.0 317.0 
369.0 581.0 464.0 480.0 390.0 388.0 481.0 
372.0 428.0 492.0 501.0 488.0 375.0 444.0 
444.0 361.0 494.0 469.0 409.0 417.0 282.0 
366.0 513.0 436.0 357.0 390.0 439.0 303.0 
258.0 408.0 384.0 354.0 298.0 171.0 281.0 
345.0 236.0 203.0 274.0 236.0 103.0 180.0 
247.0 253.0 301.0 144.0 124.0 287.0 202.0 
227.0 355.0 306.0 300.0 210.0 175.0 251.0 
288.0 363.0 239.0 229.0 398.0 295.0 284.0 
401.0 355.0 367.0 406.0 444.0 442.0 338.0 
461.0 510.0 419.0 503.0 430.0 417.0 500.0 
433.0 489.0 483.0 435.0 504.0 490.0 488.0 
467.0 454.0 564.0 556.0 464.0 552.0 596.0 
480.0 516.0 554.0 555.0 651.0 576.0 400.0 
480.0 693.0 634.0 528.0 544.0 507.0 543.0 
604.0 627.0 589.0 536.0 577.0 557.0 524.0 
590.0 607.0 616.0 563.0 464.0 564.0 447.0 
409.0 621.0 475.0 535.0 455.0 198.0 457.0 
526.0 472.0 400.0 340.0 398.0 270.0 470.0 
513.0 238.0 422.0 453.0 277.0 360.0 438.0 
486.0 472.0 420.0 413.0 370.0 475.0 509.0 
440.0 606.0 520.0 394.0 521.0 482.0 588.0 
646.0 461.0 477.0 530.0 576.0 643.0 618.0 
640.0 554.0 513.0 601.0 497.0 629.0 778.0 
567.0 530.0 509.0 482.0 644.0 746.0 706.0 
562.0 532.0 576.0 684.0 839.0 811.0 706.0 
600.0 595.0 740.0 868.0 865.0 786.0 655.0 
639.0 778.0 769.0 801.0 837.0 760.0 681.0 
624.0 732.0 748.0 783.0 849.0 657.0 551.0 
587.0 720.0 803.0 703.0 721.0 572.0 428.0 
629.0 740.0 725.0 573.0 526.0 566.0 463.0 
627.0 711.0 535.0 523.0 512.0 439.0 563.0 
650.0 475.0 434.0 491.0 456.0 424.0 499.0 
551.0 467.0 519.0 502.0 450.0 484.0 539.0 
631.0 464.0 474.0 631.0 538.0 584.0 614.0 
569.0 528.0 474.0 600.0 629.0 696.0 730.0 
426.0 548.0 760.0 635.0 757.0 713.0 666.0 
739.0 640.0 790.0 777.0 675.0 832.0 716.0 
669.0 776.0 748.0 827.0 799.0 767.0 749.0 
723.0 896.0 816.0 790.0 896.0 792.0 854.0 
846.0 813.0 848.0 836.0 896.0 773.0 808.0 
918.0 766.0 821.0 947.0 820.0 685.0 779.0 
895.0 847.0 804.0 744.0 676.0 812.0 822.0 
668.0 739.0 694.0 662.0 794.0 735.0 662.0 
590.0 648.0 765.0 687.0 642.0 580.0 615.0 
706.0 631.0 623.0 585.0 507.0 655.0 735.0 
607.0 615.0 657.0 597.0 621.0 699.0 753.0 
643.0 589.0 757.0 778.0 790.0 734.0 607.0 
797.0 834.0 709.0 774.0 796.0 806.0 760.0 
761.0 846.0 788.0 809.0 773.0 780.0 907.0 
748.0 762.0 835.0 729.0 845.0 826.0 709.0 
716.0 776.0 866.0 796.0 770.0 729.0 673.0 
771.0 820.0 894.0 766.0 661.0 852.0 802.0 
801.0 844.0 737.0 872.0 858.0 766.0 848.0 
769.0 854.0 935.0 786.0 812.0 752.0 802.0 
940.0 819.0 839.0 747.0 764.0 900.0 742.0 
860.0 862.0 749.0 882.0 757.0 757.0 869.0 
780.0 853.0 917.0 777.0 756.0 828.0 797.0 
830.0 882.0 888.0 890.0 897.0 896.0 774.0 
852.0 976.0 902.0 987.0 908.0 768.0 868.0 
877.0 907.0 933.0 904.0 851.0 723.0 826.0 
953.0 827.0 856.0 909.0 783.0 830.0 892.0 
850.0 890.0 927.0 911.0 843.0 789.0 819.0 
896.0 979.0 904.0 762.0 795.0 847.0 869.0 
900.0 852.0 753.0 781.0 928.0 858.0 819.0 
927.0 869.0 804.0 806.0 876.0 873.0 838.0 
933.0 814.0 737.0 885.0 844.0 817.0 797.0 
763.0 869.0 792.0 772.0 802.0 762.0 835.0 
716.0 735.0 856.0 772.0 802.0 796.0 820.0 
823.0 740.0 915.0 940.0 773.0 845.0 939.0 
917.0 875.0 898.0 967.0 919.0 884.0 986.0 
995.0 888.0 922.0 957.0 903.0 966.0 972.0 
876.0 899.0 873.0 825.0 947.0 910.0 822.0 
875.0 858.0 917.0 819.0 788.0 985.0 902.0 
915.0 868.0 817.0 997.0 947.0 1093.0 1054.0 
760.0 962.0 1030.0 1005.0 1149.0 1025.0 915.0 
986.0 990.0 954.0 993.0 1008.0 943.0 946.0 
970.0 889.0 869.0 936.0 956.0 981.0 937.0 
812.0 822.0 999.0 1047.0 898.0 840.0 846.0 
846.0 917.0 1006.0 974.0 826.0 752.0 829.0 
920.0 895.0 815.0 800.0 830.0 800.0 781.0 
789.0 845.0 865.0 731.0 757.0 871.0 857.0 
803.0 848.0 915.0 809.0 782.0 828.0 874.0 
944.0 902.0 861.0 830.0 859.0 940.0 967.0 
1032.0 1054.0 971.0 892.0 968.0 1129.0 1065.0 
1046.0 1069.0 906.0 1000.0 1057.0 970.0 1045.0 
1015.0 931.0 844.0 963.0 1107.0 907.0 893.0 
946.0 871.0 964.0 985.0 941.0 940.0 977.0 
962.0 813.0 897.0 990.0 986.0 1028.0 830.0 
850.0 965.0 887.0 1022.0 1023.0 921.0 874.0 
799.0 948.0 1070.0 1023.0 887.0 829.0 934.0 
898.0 997.0 1104.0 859.0 846.0 904.0 920.0 
1031.0 888.0 913.0 916.0 802.0 952.0 888.0 
883.0 945.0 889.0 1033.0 845.0 736.0 1062.0 
1070.0 1024.0 960.0 834.0 937.0 985.0 1094.0 
1088.0 940.0 928.0 873.0 1072.0 1194.0 929.0 
921.0 1009.0 996.0 1070.0 1043.0 961.0 1009.0 
1098.0 1039.0 952.0 1030.0 1022.0 943.0 1044.0 
1079.0 973.0 948.0 995.0 1095.0 1030.0 888.0 
988.0 1027.0 1018.0 994.0 921.0 921.0 879.0 
942.0 935.0 919.0 944.0 765.0 763.0 877.0 
927.0 869.0 737.0 800.0 826.0 869.0 963.0 
752.0 734.0 1007.0 944.0 842.0 863.0 911.0 
999.0 891.0 911.0 984.0 845.0 908.0 991.0 
906.0 948.0 878.0 774.0 929.0 989.0 945.0 
862.0 807.0 1013.0 1059.0 899.0 910.0 997.0 
1062.0 1035.0 1002.0 1064.0 1009.0 984.0 1115.0 
1101.0 1046.0 1058.0 1057.0 1088.0 1101.0 1081.0 
1036.0 1135.0 1193.0 1009.0 1073.0 1181.0 1051.0 
1116.0 1140.0 1048.0 1119.0 1132.0 1155.0 1098.0 
1020.0 1138.0 1025.0 1050.0 1210.0 975.0 986.0 
1073.0 1022.0 1093.0 972.0 958.0 937.0 888.0 
1079.0 977.0 888.0 958.0 877.0 918.0 961.0 
901.0 892.0 943.0 949.0 881.0 856.0 857.0 
908.0 965.0 929.0 870.0 826.0 839.0 911.0 
963.0 918.0 828.0 805.0 854.0 969.0 1040.0 
945.0 857.0 927.0 1007.0 1037.0 1059.0 1025.0 
1007.0 1080.0 1098.0 1124.0 1178.0 1079.0 1073.0 
1126.0 1148.0 1163.0 1041.0 1128.0 1212.0 1096.0 
1119.0 1076.0 1021.0 1096.0 1124.0 1098.0 1035.0 
1041.0 1017.0 989.0 1171.0 1151.0 979.0 973.0 
987.0 1081.0 1059.0 985.0 988.0 935.0 1004.0 
1003.0 931.0 966.0 966.0 935.0 912.0 992.0 
1036.0 887.0 881.0 1028.0 1008.0 973.0 963.0 
944.0 1056.0 1037.0 970.0 1046.0 998.0 940.0 
1061.0 1166.0 1077.0 954.0 1033.0 1118.0 1079.0 
1138.0 1153.0 1005.0 1047.0 1152.0 1147.0 1097.0 
952.0 1073.0 1187.0 991.0 943.0 948.0 1009.0 
1091.0 952.0 990.0 1043.0 892.0 929.0 976.0 
1098.0 1107.0 811.0 904.0 985.0 935.0 1087.0 
1034.0 984.0 883.0 862.0 1057.0 995.0 975.0 
985.0 891.0 953.0 986.0 990.0 949.0 860.0 
985.0 1000.0 880.0 957.0 903.0 866.0 1036.0 
1003.0 896.0 872.0 892.0 1034.0 1095.0 999.0 
871.0 875.0 1031.0 1073.0 1068.0 1039.0 924.0 
952.0 1012.0 1069.0 1141.0 992.0 970.0 1113.0 
1051.0 1024.0 1109.0 1103.0 1054.0 1163.0 1173.0 
1002.0 1064.0 1169.0 1131.0 1094.0 1131.0 1142.0 
997.0 1004.0 1191.0 1131.0 980.0 1012.0 1022.0 
1057.0 1005.0 986.0 1123.0 1001.0 995.0 1089.0 
1041.0 1095.0 1041.0 1078.0 1138.0 1029.0 1122.0 
1158.0 1072.0 1071.0 1057.0 1109.0 1108.0 1107.0 
1114.0 1025.0 1045.0 1088.0 1121.0 1074.0 1021.0 
1120.0 1080.0 1004.0 1004.0 1034.0 1112.0 1060.0 
988.0 1001.0 1006.0 981.0 933.0 980.0 1047.0 
935.0 896.0 954.0 949.0 944.0 893.0 916.0 
962.0 994.0 1011.0 864.0 871.0 1002.0 971.0 
975.0 962.0 914.0 987.0 968.0 939.0 948.0 
987.0 1015.0 908.0 1059.0 1022.0 884.0 1128.0 
1018.0 975.0 1118.0 1020.0 1067.0 1053.0 1076.0 
1083.0 981.0 1153.0 1119.0 987.0 1118.0 1120.0 
1107.0 1057.0 988.0 1106.0 1137.0 1124.0 1053.0 
956.0 1095.0 1083.0 989.0 1093.0 1051.0 1008.0 
1059.0 1007.0 1055.0 1118.0 1034.0 1030.0 1052.0 
1028.0 1082.0 1075.0 1010.0 1015.0 1056.0 1094.0 
1052.0 1012.0 950.0 990.0 1182.0 1124.0 927.0 
902.0 1060.0 1147.0 1047.0 985.0 973.0 1056.0 
1126.0 1036.0 979.0 1011.0 1033.0 1055.0 1065.0 
1037.0 1000.0 1016.0 1114.0 1005.0 926.0 1090.0 
1028.0 974.0 1052.0 1052.0 983.0 910.0 1013.0 
1066.0 1089.0 1064.0 913.0 990.0 1044.0 991.0 
1094.0 1067.0 930.0 975.0 1014.0 1048.0 1095.0 
1004.0 995.0 1036.0 1002.0 957.0 1038.0 1120.0 
957.0 954.0 1014.0 881.0 940.0 986.0 966.0 
987.0 895.0 914.0 906.0 913.0 1038.0 1027.0 
940.0 906.0 1069.0 1038.0 941.0 1067.0 995.0 
1076.0 1065.0 937.0 1118.0 985.0 980.0 1183.0 
975.0 999.0 1113.0 1006.0 1086.0 1020.0 1024.0 
1189.0 1071.0 1109.0 1130.0 1055.0 1098.0 1064.0 
1202.0 1168.0 1046.0 1180.0 1054.0 1008.0 1130.0 
1117.0 1170.0 1070.0 998.0 1053.0 1045.0 1112.0 
1118.0 1099.0 1047.0 992.0 1091.0 1012.0 974.0 
1218.0 1104.0 922.0 1039.0 962.0 1022.0 1161.0 
1008.0 946.0 1031.0 1050.0 968.0 966.0 1060.0 
1092.0 996.0 915.0 1023.0 1035.0 936.0 1044.0 
1047.0 898.0 983.0 993.0 973.0 1089.0 998.0 
874.0 930.0 1005.0 952.0 920.0 954.0 904.0 
893.0 898.0 867.0 877.0 914.0 907.0 863.0 
904.0 960.0 905.0 855.0 952.0 963.0 857.0 
1006.0 1084.0 921.0 925.0 977.0 1001.0 1034.0 
977.0 996.0 1032.0 979.0 998.0 1038.0 999.0 
962.0 1045.0 1046.0 892.0 995.0 1094.0 982.0 
1048.0 1005.0 904.0 1065.0 1072.0 998.0 1044.0 
1005.0 952.0 1016.0 1075.0 1043.0 1060.0 1040.0 
962.0 961.0 1078.0 1187.0 1097.0 1086.0 1037.0 
954.0 1130.0 1145.0 1163.0 1215.0 1005.0 1038.0 
1138.0 1030.0 1135.0 1169.0 1092.0 1152.0 999.0 
984.0 1096.0 1064.0 1113.0 988.0 1017.0 1032.0 
918.0 1082.0 1008.0 964.0 997.0 877.0 970.0 
966.0 931.0 1011.0 912.0 864.0 949.0 928.0 
931.0 947.0 890.0 844.0 850.0 946.0 884.0 
861.0 890.0 730.0 882.0 985.0 782.0 860.0 
946.0 864.0 924.0 907.0 839.0 941.0 909.0 
938.0 1008.0 859.0 847.0 934.0 1003.0 975.0 
890.0 850.0 893.0 1041.0 948.0 868.0 1000.0 
965.0 918.0 1044.0 1069.0 970.0 993.0 1023.0 
1054.0 1135.0 1085.0 1020.0 1117.0 1148.0 1063.0 
1129.0 1107.0 1038.0 1152.0 1129.0 1098.0 1094.0 
1031.0 1071.0 1087.0 1138.0 1097.0 966.0 1008.0 
1078.0 1113.0 1009.0 937.0 1085.0 1061.0 1002.0 
1087.0 1008.0 997.0 1116.0 1024.0 979.0 1094.0 
1050.0 947.0 994.0 1067.0 996.0 929.0 1008.0 
996.0 976.0 1005.0 921.0 973.0 1009.0 953.0 
996.0 971.0 973.0 977.0 927.0 1013.0 1006.0 
876.0 944.0 983.0 934.0 947.0 927.0 940.0 
870.0 828.0 881.0 900.0 999.0 903.0 785.0 
934.0 925.0 867.0 954.0 995.0 958.0 831.0 
917.0 1062.0 919.0 952.0 974.0 897.0 1010.0 
942.0 936.0 998.0 945.0 981.0 846.0 906.0 
1098.0 934.0 886.0 900.0 935.0 1057.0 936.0 
901.0 1042.0 992.0 878.0 965.0 1089.0 1066.0 
936.0 916.0 1094.0 1069.0 972.0 1066.0 1103.0 
1054.0 993.0 1051.0 1111.0 1070.0 1098.0 1086.0 
1043.0 1059.0 1038.0 1023.0 1093.0 1095.0 1045.0 
1030.0 943.0 974.0 1089.0 1059.0 961.0 953.0 
1018.0 1021.0 1025.0 963.0 977.0 1073.0 979.0 
979.0 1028.0 1049.0 1021.0 902.0 1014.0 1044.0 
1006.0 984.0 870.0 980.0 885.0 810.0 998.0 
907.0 875.0 886.0 820.0 874.0 901.0 898.0 
864.0 899.0 883.0 778.0 901.0 944.0 835.0 
916.0 928.0 824.0 927.0 951.0 862.0 974.0 
939.0 894.0 963.0 910.0 891.0 846.0 926.0 
987.0 914.0 841.0 778.0 986.0 990.0 868.0 
947.0 868.0 900.0 976.0 961.0 944.0 873.0 
968.0 977.0 906.0 921.0 813.0 944.0 1047.0 
860.0 872.0 806.0 848.0 971.0 771.0 903.0 
941.0 713.0 873.0 845.0 809.0 954.0 798.0 
776.0 816.0 779.0 894.0 866.0 814.0 795.0 
785.0 838.0 796.0 909.0 952.0 796.0 810.0 
864.0 890.0 881.0 887.0 906.0 860.0 913.0 
914.0 843.0 935.0 940.0 891.0 931.0 850.0 
912.0 1040.0 997.0 973.0 885.0 955.0 1033.0 
1010.0 1129.0 1043.0 911.0 958.0 1096.0 1093.0 
927.0 996.0 1049.0 955.0 931.0 911.0 942.0 
998.0 918.0 868.0 900.0 898.0 959.0 856.0 
802.0 982.0 907.0 829.0 853.0 874.0 987.0 
903.0 840.0 825.0 804.0 1014.0 994.0 800.0 
847.0 882.0 873.0 941.0 943.0 829.0 804.0 
847.0 815.0 935.0 983.0 812.0 868.0 909.0 
813.0 908.0 994.0 941.0 907.0 921.0 924.0 
923.0 925.0 886.0 897.0 1006.0 980.0 834.0 
795.0 908.0 1082.0 967.0 794.0 876.0 858.0 
963.0 1052.0 896.0 903.0 882.0 937.0 968.0 
911.0 1014.0 835.0 834.0 974.0 824.0 908.0 
852.0 814.0 915.0 725.0 826.0 880.0 776.0 
902.0 777.0 749.0 902.0 831.0 805.0 846.0 
863.0 824.0 782.0 917.0 937.0 825.0 909.0 
892.0 836.0 964.0 925.0 888.0 941.0 892.0 
973.0 928.0 817.0 945.0 970.0 969.0 881.0 
801.0 949.0 944.0 927.0 964.0 921.0 817.0 
820.0 1038.0 1013.0 908.0 924.0 921.0 941.0 
855.0 909.0 1026.0 974.0 927.0 849.0 876.0 
939.0 903.0 986.0 955.0 768.0 800.0 863.0 
848.0 898.0 925.0 850.0 729.0 715.0 788.0 
878.0 886.0 726.0 736.0 772.0 620.0 760.0 
894.0 710.0 666.0 697.0 673.0 708.0 764.0 
800.0 781.0 704.0 619.0 693.0 822.0 803.0 
783.0 738.0 668.0 762.0 807.0 730.0 775.0 
867.0 844.0 752.0 731.0 805.0 947.0 937.0 
801.0 866.0 861.0 862.0 991.0 975.0 1009.0 
851.0 730.0 1025.0 1038.0 943.0 931.0 870.0 
1018.0 930.0 883.0 1003.0 940.0 1047.0 904.0 
804.0 1088.0 1024.0 953.0 1004.0 909.0 977.0 
1006.0 939.0 1035.0 1034.0 927.0 879.0 934.0 
1024.0 938.0 921.0 938.0 855.0 934.0 928.0 
872.0 937.0 827.0 821.0 933.0 857.0 765.0 
815.0 988.0 820.0 646.0 803.0 769.0 763.0 
784.0 737.0 709.0 632.0 722.0 773.0 700.0 
707.0 675.0 597.0 678.0 775.0 712.0 656.0 
654.0 651.0 667.0 792.0 793.0 668.0 817.0 
818.0 673.0 852.0 919.0 824.0 821.0 934.0 
1005.0 816.0 798.0 889.0 986.0 1094.0 813.0 
774.0 948.0 859.0 940.0 917.0 856.0 945.0 
810.0 819.0 897.0 827.0 910.0 880.0 810.0 
855.0 863.0 874.0 823.0 930.0 964.0 749.0 
770.0 905.0 978.0 951.0 817.0 784.0 874.0 
957.0 936.0 906.0 865.0 862.0 866.0 780.0 
829.0 905.0 848.0 743.0 739.0 800.0 748.0 
786.0 810.0 808.0 831.0 654.0 680.0 839.0 
777.0 841.0 814.0 593.0 693.0 772.0 705.0 
793.0 714.0 737.0 734.0 612.0 826.0 792.0 
750.0 825.0 660.0 758.0 787.0 790.0 905.0 
722.0 737.0 864.0 726.0 732.0 858.0 823.0 
804.0 835.0 781.0 769.0 829.0 884.0 796.0 
776.0 864.0 693.0 714.0 864.0 887.0 843.0 
596.0 763.0 910.0 781.0 888.0 790.0 755.0 
873.0 865.0 820.0 887.0 1008.0 822.0 787.0 
957.0 897.0 862.0 950.0 950.0 809.0 806.0 
935.0 906.0 883.0 930.0 879.0 848.0 878.0 
899.0 809.0 797.0 1021.0 937.0 718.0 863.0 
901.0 784.0 869.0 838.0 715.0 786.0 755.0 
756.0 835.0 814.0 783.0 588.0 635.0 801.0 
768.0 810.0 673.0 647.0 701.0 643.0 782.0 
732.0 611.0 673.0 667.0 666.0 680.0 681.0 
700.0 640.0 648.0 697.0 625.0 622.0 668.0 
723.0 748.0 621.0 613.0 733.0 762.0 823.0 
802.0 738.0 833.0 848.0 915.0 966.0 805.0 
884.0 955.0 892.0 993.0 928.0 873.0 974.0 
994.0 980.0 825.0 802.0 1003.0 974.0 924.0 
869.0 772.0 898.0 895.0 894.0 901.0 722.0 
804.0 803.0 727.0 851.0 793.0 763.0 687.0 
565.0 726.0 757.0 699.0 706.0 665.0 689.0 
582.0 610.0 855.0 767.0 644.0 692.0 687.0 
755.0 813.0 838.0 868.0 705.0 722.0 920.0 
827.0 812.0 882.0 810.0 794.0 860.0 902.0 
803.0 878.0 986.0 788.0 806.0 903.0 846.0 
904.0 913.0 868.0 759.0 760.0 842.0 803.0 
901.0 825.0 641.0 721.0 779.0 752.0 785.0 
830.0 729.0 640.0 729.0 857.0 855.0 781.0 
793.0 813.0 784.0 780.0 854.0 837.0 842.0 
887.0 746.0 782.0 848.0 778.0 842.0 805.0 
732.0 760.0 724.0 755.0 843.0 723.0 696.0 
776.0 660.0 764.0 865.0 676.0 687.0 813.0 
789.0 677.0 709.0 791.0 790.0 864.0 720.0 
614.0 826.0 808.0 703.0 771.0 803.0 691.0 
657.0 809.0 743.0 721.0 851.0 785.0 750.0 
732.0 771.0 901.0 831.0 771.0 892.0 820.0 
770.0 955.0 892.0 870.0 870.0 802.0 924.0 
780.0 779.0 917.0 842.0 859.0 734.0 841.0 
964.0 696.0 802.0 916.0 811.0 839.0 794.0 
837.0 836.0 766.0 804.0 742.0 774.0 792.0 
770.0 850.0 769.0 775.0 771.0 614.0 753.0 
905.0 817.0 725.0 635.0 704.0 841.0 788.0 
714.0 720.0 740.0 664.0 691.0 777.0 666.0 
699.0 749.0 728.0 768.0 669.0 671.0 751.0 
767.0 760.0 624.0 642.0 766.0 752.0 718.0 
665.0 660.0 706.0 744.0 773.0 774.0 798.0 
750.0 677.0 858.0 1018.0 798.0 723.0 888.0 
895.0 913.0 942.0 903.0 870.0 909.0 979.0 
952.0 942.0 909.0 919.0 980.0 947.0 905.0 
870.0 908.0 942.0 914.0 831.0 788.0 906.0 
883.0 811.0 870.0 830.0 757.0 796.0 867.0 
920.0 883.0 786.0 815.0 863.0 817.0 860.0 
934.0 826.0 757.0 828.0 813.0 822.0 881.0 
830.0 769.0 778.0 778.0 738.0 817.0 886.0 
754.0 779.0 789.0 704.0 793.0 821.0 937.0 
839.0 666.0 857.0 715.0 773.0 1019.0 757.0 
686.0 715.0 743.0 822.0 684.0 754.0 754.0 
632.0 753.0 667.0 699.0 799.0 623.0 750.0 
749.0 638.0 754.0 743.0 852.0 799.0 678.0 
757.0 752.0 868.0 879.0 786.0 824.0 834.0 
793.0 799.0 942.0 997.0 864.0 791.0 917.0 
933.0 874.0 943.0 857.0 868.0 887.0 759.0 
869.0 948.0 827.0 694.0 766.0 881.0 795.0 
777.0 731.0 711.0 841.0 773.0 718.0 811.0 
794.0 811.0 832.0 771.0 783.0 867.0 878.0 
807.0 915.0 881.0 682.0 840.0 897.0 862.0 
896.0 734.0 773.0 862.0 827.0 887.0 826.0 
802.0 878.0 879.0 881.0 837.0 890.0 922.0 
810.0 882.0 867.0 815.0 883.0 716.0 839.0 
1056.0 807.0 792.0 855.0 771.0 949.0 957.0 
848.0 1004.0 1039.0 881.0 882.0 1085.0 1067.0 
928.0 1059.0 1033.0 976.0 1045.0 934.0 1024.0 
1123.0 1014.0 977.0 904.0 975.0 1110.0 995.0 
988.0 1026.0 909.0 958.0 994.0 971.0 882.0 
852.0 980.0 759.0 821.0 1013.0 740.0 759.0 
751.0 671.0 799.0 833.0 849.0 630.0 606.0 
780.0 643.0 762.0 807.0 660.0 729.0 658.0 
700.0 751.0 709.0 810.0 704.0 662.0 738.0 
653.0 750.0 883.0 739.0 677.0 798.0 764.0 
695.0 820.0 963.0 881.0 742.0 853.0 941.0 
982.0 1012.0 881.0 967.0 1043.0 986.0 1074.0 
1048.0 1055.0 1107.0 985.0 970.0 1129.0 1129.0 
1108.0 1198.0 990.0 905.0 1153.0 1173.0 1067.0 
1120.0 1126.0 934.0 999.0 1136.0 1047.0 1035.0 
994.0 1011.0 1014.0 943.0 948.0 910.0 1005.0 
1050.0 872.0 793.0 939.0 1033.0 846.0 838.0 
942.0 783.0 802.0 988.0 864.0 726.0 781.0 
769.0 838.0 822.0 698.0 762.0 726.0 658.0 
773.0 844.0 684.0 651.0 785.0 678.0 708.0 
851.0 759.0 678.0 720.0 719.0 721.0 788.0 
699.0 746.0 828.0 605.0 584.0 796.0 796.0 
693.0 837.0 770.0 484.0 739.0 974.0 804.0 
778.0 782.0 773.0 861.0 837.0 892.0 918.0 
817.0 896.0 839.0 821.0 923.0 842.0 920.0 
964.0 872.0 808.0 809.0 1039.0 1016.0 814.0 
986.0 942.0 791.0 1094.0 1090.0 943.0 1050.0 
972.0 999.0 1101.0 1100.0 1070.0 1031.0 1121.0 
1059.0 1023.0 1147.0 1125.0 1092.0 1076.0 1114.0 
1134.0 1057.0 1094.0 1123.0 1064.0 1027.0 1083.0 
1088.0 974.0 1008.0 1058.0 1043.0 979.0 891.0 
977.0 1030.0 974.0 902.0 843.0 964.0 1070.0 
852.0 767.0 931.0 865.0 820.0 884.0 879.0 
834.0 717.0 730.0 874.0 904.0 757.0 658.0 
792.0 823.0 675.0 761.0 811.0 692.0 728.0 
744.0 781.0 749.0 649.0 819.0 819.0 731.0 
805.0 710.0 771.0 874.0 799.0 792.0 769.0 
854.0 914.0 816.0 850.0 887.0 863.0 935.0 
996.0 998.0 956.0 855.0 968.0 1113.0 988.0 
1016.0 1125.0 1043.0 975.0 1022.0 1128.0 1157.0 
1124.0 1088.0 1034.0 1135.0 1194.0 1064.0 1177.0 
1171.0 1016.0 1171.0 1082.0 1048.0 1188.0 1050.0 
1095.0 1012.0 938.0 1188.0 1083.0 983.0 974.0 
933.0 1077.0 944.0 960.0 1070.0 769.0 848.0 
1019.0 858.0 817.0 803.0 938.0 809.0 619.0 
1005.0 896.0 639.0 833.0 868.0 859.0 678.0 
710.0 890.0 763.0 740.0 673.0 675.0 731.0 
660.0 748.0 805.0 666.0 631.0 729.0 774.0 
810.0 793.0 823.0 784.0 771.0 870.0 875.0 
919.0 862.0 903.0 905.0 887.0 941.0 928.0 
1136.0 977.0 906.0 1084.0 938.0 1023.0 1141.0 
1171.0 1057.0 899.0 993.0 1099.0 1184.0 1093.0 
962.0 880.0 1009.0 1149.0 974.0 1017.0 932.0 
918.0 1091.0 871.0 982.0 1138.0 930.0 920.0 
955.0 992.0 998.0 882.0 886.0 1029.0 1062.0 
824.0 797.0 1032.0 952.0 920.0 1023.0 824.0 
794.0 1030.0 1048.0 1020.0 964.0 785.0 882.0 
1176.0 1057.0 846.0 923.0 860.0 1009.0 1106.0 
913.0 912.0 819.0 926.0 1007.0 953.0 1000.0 
861.0 840.0 891.0 948.0 951.0 922.0 935.0 
866.0 906.0 956.0 945.0 848.0 823.0 1030.0 
996.0 693.0 763.0 977.0 858.0 838.0 813.0 
812.0 892.0 681.0 880.0 1032.0 779.0 742.0 
715.0 983.0 939.0 834.0 945.0 718.0 1007.0 
955.0 798.0 1101.0 897.0 906.0 1061.0 947.0 
819.0 1016.0 1174.0 781.0 834.0 967.0 861.0 
963.0 874.0 910.0 793.0 781.0 1045.0 874.0 
820.0 852.0 867.0 893.0 938.0 964.0 832.0 
1012.0 907.0 824.0 1007.0 870.0 1057.0 1044.0 
770.0 852.0 936.0 1066.0 968.0 779.0 950.0 
1027.0 851.0 870.0 1023.0 978.0 1014.0 870.0 
724.0 1097.0 1088.0 877.0 985.0 828.0 809.0 
1065.0 910.0 813.0 915.0 797.0 879.0 848.0 
775.0 898.0 790.0 892.0 881.0 735.0 882.0 
917.0 924.0 893.0 942.0 1015.0 918.0 976.0 
1037.0 983.0 1027.0 1142.0 1040.0 877.0 1064.0 
1150.0 987.0 1051.0 1057.0 975.0 1108.0 1013.0 
982.0 1123.0 990.0 1103.0 1097.0 876.0 1066.0 
1109.0 937.0 962.0 1052.0 1146.0 1040.0 846.0 
965.0 988.0 1077.0 1098.0 871.0 997.0 892.0 
915.0 1035.0 839.0 1049.0 957.0 823.0 938.0 
795.0 970.0 1061.0 893.0 850.0 915.0 896.0 
800.0 938.0 920.0 909.0 888.0 811.0 891.0 
806.0 893.0 876.0 906.0 962.0 779.0 868.0 
860.0 1021.0 948.0 750.0 926.0 902.0 1067.0 
890.0 800.0 994.0 845.0 960.0 973.0 1043.0 
890.0 777.0 1124.0 1036.0 885.0 791.0 1123.0 
1199.0 859.0 1113.0 913.0 915.0 1224.0 1026.0 
1085.0 988.0 845.0 1051.0 988.0 1019.0 1119.0 
792.0 885.0 945.0 836.0 1036.0 810.0 958.0 
1028.0 728.0 981.0 859.0 855.0 1091.0 877.0 
1003.0 948.0 795.0 978.0 940.0 1037.0 874.0 
814.0 1058.0 900.0 953.0 919.0 979.0 990.0 
784.0 1060.0 931.0 985.0 1062.0 949.0 1074.0 
780.0 1126.0 1145.0 888.0 1215.0 882.0 937.0 
1175.0 1034.0 1071.0 975.0 1071.0 1044.0 1045.0 
1052.0 849.0 1252.0 1142.0 919.0 1129.0 794.0 
1090.0 1096.0 954.0 1266.0 701.0 954.0 1085.0 
831.0 1249.0 769.0 895.0 1103.0 689.0 1004.0 
960.0 821.0 898.0 843.0 971.0 896.0 703.0 
856.0 988.0 875.0 767.0 883.0 911.0 797.0 
944.0 966.0 914.0 846.0 866.0 927.0 951.0 
1027.0 852.0 914.0 1010.0 956.0 918.0 986.0 
1131.0 891.0 1021.0 1076.0 899.0 1090.0 980.0 
1008.0 1027.0 1088.0 1108.0 840.0 1032.0 1075.0 
987.0 1063.0 1054.0 986.0 996.0 1033.0 962.0 
1079.0 1092.0 986.0 947.0 927.0 988.0 1062.0 
1064.0 818.0 891.0 1070.0 865.0 932.0 955.0 
907.0 967.0 905.0 978.0 932.0 911.0 1016.0 
1008.0 967.0 868.0 968.0 1150.0 1009.0 906.0 
1042.0 971.0 949.0 1097.0 1063.0 1084.0 1014.0 
939.0 1040.0 1019.0 1165.0 1078.0 867.0 1098.0 
1064.0 1010.0 1104.0 970.0 960.0 1084.0 1033.0 
935.0 927.0 938.0 1111.0 1088.0 895.0 813.0 
833.0 1115.0 1098.0 762.0 831.0 980.0 808.0 
994.0 1035.0 742.0 896.0 849.0 875.0 952.0 
846.0 925.0 795.0 856.0 852.0 793.0 878.0 
796.0 915.0 799.0 873.0 891.0 593.0 1025.0 
914.0 678.0 985.0 743.0 799.0 947.0 846.0 
862.0 783.0 906.0 959.0 759.0 862.0 1047.0 
846.0 835.0 927.0 940.0 1073.0 875.0 931.0 
1074.0 882.0 1034.0 1096.0 1030.0 1009.0 991.0 
1012.0 1036.0 1147.0 1046.0 1019.0 933.0 1017.0 
1168.0 928.0 1050.0 1077.0 1056.0 1042.0 929.0 
1048.0 977.0 1103.0 1052.0 957.0 1075.0 899.0 
1011.0 1020.0 1057.0 1056.0 894.0 1086.0 888.0 
1031.0 1121.0 827.0 1070.0 1027.0 989.0 915.0 
943.0 1105.0 894.0 1047.0 932.0 869.0 1094.0 
889.0 953.0 1001.0 921.0 921.0 931.0 994.0 
878.0 841.0 974.0 1056.0 877.0 870.0 928.0 
900.0 1050.0 905.0 896.0 961.0 901.0 970.0 
907.0 915.0 929.0 890.0 949.0 952.0 902.0 
908.0 836.0 947.0 1021.0 877.0 977.0 961.0 
950.0 915.0 988.0 1163.0 952.0 899.0 1098.0 
1105.0 934.0 1061.0 1022.0 1025.0 1151.0 814.0 
1027.0 1114.0 948.0 1081.0 894.0 1025.0 1070.0 
1010.0 1075.0 1001.0 1072.0 867.0 1150.0 1261.0 
822.0 1159.0 1186.0 944.0 1065.0 1127.0 1069.0 
989.0 1177.0 1100.0 894.0 1060.0 1058.0 1005.0 
1111.0 1011.0 935.0 1054.0 1051.0 1002.0 1034.0 
980.0 963.0 1047.0 1010.0 1018.0 1044.0 976.0 
1014.0 900.0 962.0 1074.0 923.0 1024.0 990.0 
917.0 852.0 978.0 1151.0 915.0 1027.0 976.0 
958.0 1206.0 1060.0 1059.0 1168.0 1154.0 1030.0 
1082.0 1184.0 1065.0 1154.0 1099.0 1027.0 1137.0 
964.0 1017.0 1157.0 1007.0 1030.0 1013.0 918.0 
956.0 1058.0 1046.0 911.0 896.0 947.0 990.0 
926.0 930.0 900.0 845.0 852.0 930.0 1011.0 
708.0 813.0 1018.0 890.0 940.0 851.0 863.0 
929.0 1004.0 961.0 781.0 1051.0 1053.0 881.0 
1068.0 921.0 912.0 1135.0 1047.0 1005.0 1010.0 
1003.0 1037.0 1086.0 1043.0 1061.0 1085.0 952.0 
1029.0 1096.0 1030.0 981.0 1047.0 1043.0 980.0 
1026.0 925.0 1051.0 1116.0 979.0 1024.0 1041.0 
1038.0 1016.0 1097.0 1058.0 948.0 1063.0 1067.0 
1052.0 1065.0 982.0 1069.0 1116.0 1026.0 1135.0 
1189.0 1049.0 1013.0 1211.0 1246.0 1044.0 1066.0 
1151.0 1121.0 1060.0 1130.0 1137.0 997.0 1029.0 
1077.0 1114.0 970.0 923.0 1144.0 998.0 925.0 
1128.0 983.0 847.0 1020.0 1073.0 984.0 925.0 
921.0 985.0 924.0 879.0 986.0 851.0 834.0 
986.0 885.0 892.0 899.0 842.0 815.0 868.0 
966.0 877.0 866.0 872.0 799.0 898.0 1028.0 
875.0 848.0 897.0 840.0 964.0 883.0 871.0 
891.0 800.0 917.0 965.0 887.0 840.0 932.0 
939.0 955.0 1026.0 874.0 855.0 1111.0 1054.0 
965.0 1074.0 881.0 991.0 1200.0 1028.0 969.0 
1045.0 1089.0 995.0 1089.0 1102.0 956.0 1115.0 
1072.0 1081.0 1158.0 1033.0 1124.0 1073.0 1066.0 
1159.0 1160.0 1162.0 1049.0 1040.0 1057.0 1147.0 
1135.0 1023.0 1085.0 1047.0 1058.0 1075.0 1044.0 
1007.0 886.0 1100.0 1177.0 913.0 915.0 929.0 
1012.0 1071.0 977.0 972.0 891.0 957.0 978.0 
895.0 995.0 990.0 921.0 791.0 890.0 1112.0 
881.0 788.0 903.0 865.0 913.0 987.0 917.0 
841.0 937.0 988.0 924.0 946.0 904.0 938.0 
1030.0 929.0 939.0 956.0 915.0 939.0 994.0 
1065.0 1020.0 904.0 931.0 1182.0 1116.0 928.0 
1056.0 1089.0 1090.0 1035.0 1035.0 1114.0 1041.0 
1008.0 1020.0 1195.0 1114.0 910.0 1011.0 1096.0 
1183.0 1097.0 1062.0 1060.0 1052.0 1086.0 1060.0 
1187.0 1083.0 1005.0 1035.0 991.0 1087.0 1055.0 
982.0 1014.0 1011.0 985.0 956.0 914.0 989.0 
1028.0 937.0 885.0 867.0 918.0 931.0 862.0 
961.0 956.0 728.0 843.0 906.0 818.0 859.0 
788.0 827.0 808.0 772.0 834.0 802.0 826.0 
782.0 769.0 870.0 831.0 848.0 867.0 784.0 
889.0 911.0 843.0 940.0 949.0 891.0 897.0 
995.0 1055.0 984.0 950.0 998.0 1046.0 1084.0 
1028.0 938.0 1020.0 1027.0 1026.0 1039.0 927.0 
958.0 1015.0 1020.0 958.0 880.0 920.0 1051.0 
1083.0 880.0 884.0 1019.0 1017.0 1025.0 1005.0 
1058.0 1005.0 917.0 1079.0 1117.0 1093.0 1091.0 
989.0 972.0 1100.0 1199.0 1004.0 930.0 1098.0 
1085.0 1126.0 1099.0 912.0 1018.0 1099.0 1018.0 
1042.0 959.0 983.0 1108.0 987.0 844.0 879.0 
1014.0 993.0 933.0 975.0 859.0 829.0 948.0 
877.0 962.0 1018.0 772.0 810.0 867.0 865.0 
985.0 900.0 805.0 831.0 787.0 807.0 998.0 
964.0 792.0 765.0 849.0 926.0 853.0 843.0 
856.0 926.0 898.0 708.0 839.0 926.0 903.0 
896.0 793.0 840.0 851.0 870.0 944.0 990.0 
929.0 797.0 936.0 990.0 944.0 1068.0 1089.0 
922.0 925.0 1098.0 1066.0 1115.0 1123.0 980.0 
1018.0 1113.0 1103.0 1033.0 1058.0 1056.0 1089.0 
1049.0 933.0 981.0 963.0 1055.0 1103.0 923.0 
908.0 978.0 1035.0 985.0 965.0 1032.0 882.0 
951.0 1029.0 854.0 909.0 985.0 954.0 833.0 
840.0 952.0 867.0 898.0 923.0 827.0 891.0 
956.0 894.0 799.0 865.0 935.0 803.0 818.0 
884.0 816.0 798.0 845.0 838.0 770.0 738.0 
769.0 797.0 841.0 851.0 684.0 742.0 875.0 
802.0 841.0 870.0 856.0 762.0 816.0 924.0 
846.0 917.0 841.0 841.0 948.0 831.0 900.0 
856.0 809.0 987.0 916.0 846.0 871.0 888.0 
958.0 916.0 863.0 849.0 900.0 939.0 940.0 
972.0 844.0 854.0 963.0 962.0 997.0 854.0 
827.0 975.0 942.0 960.0 931.0 880.0 931.0 
853.0 892.0 925.0 887.0 991.0 879.0 814.0 
892.0 872.0 902.0 888.0 900.0 822.0 783.0 
896.0 790.0 818.0 906.0 742.0 736.0 807.0 
829.0 817.0 780.0 826.0 732.0 688.0 790.0 
847.0 896.0 771.0 702.0 774.0 768.0 854.0 
906.0 825.0 779.0 730.0 762.0 863.0 853.0 
832.0 782.0 761.0 817.0 777.0 810.0 784.0 
758.0 927.0 855.0 728.0 823.0 921.0 957.0 
842.0 766.0 884.0 875.0 980.0 1044.0 813.0 
890.0 878.0 892.0 1042.0 865.0 899.0 928.0 
868.0 895.0 839.0 861.0 937.0 950.0 799.0 
793.0 872.0 814.0 866.0 873.0 773.0 734.0 
820.0 851.0 822.0 802.0 710.0 739.0 771.0 
851.0 855.0 676.0 680.0 732.0 751.0 744.0 
746.0 745.0 737.0 756.0 697.0 730.0 785.0 
800.0 831.0 792.0 746.0 740.0 812.0 874.0 
891.0 852.0 786.0 801.0 764.0 923.0 1053.0 
739.0 708.0 956.0 876.0 808.0 908.0 904.0 
851.0 840.0 879.0 876.0 888.0 955.0 869.0 
907.0 966.0 825.0 914.0 1011.0 919.0 893.0 
916.0 933.0 890.0 922.0 972.0 877.0 834.0 
840.0 890.0 988.0 932.0 787.0 831.0 904.0 
860.0 900.0 886.0 838.0 900.0 862.0 763.0 
912.0 912.0 717.0 926.0 817.0 602.0 993.0 
832.0 649.0 966.0 569.0 570.0 947.0 624.0 
790.0 695.0 568.0 978.0 503.0 581.0 930.0 
645.0 772.0 621.0 698.0 767.0 630.0 880.0 
614.0 810.0 859.0 494.0 896.0 768.0 871.0 
898.0 566.0 1019.0 783.0 806.0 1003.0 688.0 
1021.0 872.0 919.0 991.0 709.0 1033.0 823.0 
951.0 1011.0 699.0 1024.0 751.0 862.0 958.0 
655.0 978.0 743.0 819.0 878.0 587.0 879.0 
749.0 965.0 872.0 518.0 942.0 694.0 908.0 
1021.0 639.0 971.0 678.0 742.0 928.0 778.0 
1002.0 666.0 762.0 807.0 752.0 1002.0 545.0 
787.0 939.0 677.0 865.0 666.0 778.0 738.0 
751.0 970.0 583.0 728.0 786.0 752.0 927.0 
639.0 721.0 698.0 785.0 956.0 617.0 780.0 
749.0 746.0 892.0 665.0 901.0 724.0 690.0 
961.0 736.0 939.0 787.0 773.0 932.0 682.0 
1035.0 812.0 706.0 979.0 682.0 912.0 859.0 
809.0 855.0 634.0 982.0 723.0 686.0 997.0 
762.0 943.0 730.0 719.0 878.0 729.0 1094.0 
876.0 865.0 869.0 622.0 1048.0 778.0 849.0 
952.0 598.0 876.0 690.0 911.0 901.0 537.0 
936.0 631.0 698.0 848.0 682.0 1000.0 586.0 
704.0 872.0 496.0 869.0 766.0 716.0 738.0 
581.0 801.0 491.0 748.0 881.0 539.0 805.0 
493.0 567.0 751.0 658.0 886.0 597.0 661.0 
609.0 658.0 899.0 559.0 869.0 698.0 569.0 
897.0 537.0 800.0 717.0 635.0 937.0 476.0 
655.0 713.0 641.0 872.0 639.0 833.0 652.0 
529.0 777.0 704.0 1070.0 709.0 472.0 769.0 
585.0 948.0 816.0 706.0 842.0 479.0 845.0 
823.0 827.0 955.0 642.0 1057.0 756.0 641.0 
1049.0 766.0 1070.0 962.0 789.0 832.0 601.0 
1112.0 1026.0 879.0 890.0 561.0 888.0 860.0 
986.0 909.0 474.0 872.0 757.0 841.0 899.0 
538.0 889.0 736.0 769.0 869.0 612.0 892.0 
690.0 776.0 839.0 602.0 973.0 693.0 690.0 
806.0 615.0 923.0 643.0 807.0 890.0 481.0 
786.0 685.0 883.0 851.0 551.0 849.0 512.0 
761.0 842.0 636.0 971.0 462.0 618.0 769.0 
558.0 881.0 573.0 786.0 746.0 432.0 836.0 
631.0 788.0 855.0 706.0 854.0 434.0 745.0 
937.0 777.0 1005.0 600.0 711.0 763.0 687.0 
1092.0 711.0 849.0 897.0 585.0 917.0 733.0 
940.0 903.0 739.0 1030.0 583.0 780.0 857.0 
896.0 1137.0 578.0 787.0 730.0 735.0 1119.0 
681.0 847.0 853.0 740.0 867.0 719.0 1037.0 
797.0 740.0 1027.0 737.0 901.0 779.0 780.0 
957.0 741.0 934.0 653.0 642.0 880.0 720.0 
917.0 525.0 591.0 893.0 552.0 790.0 616.0 
656.0 822.0 542.0 881.0 604.0 536.0 750.0 
654.0 983.0 498.0 538.0 889.0 565.0 793.0 
691.0 784.0 715.0 452.0 954.0 723.0 661.0 
809.0 669.0 803.0 510.0 816.0 923.0 563.0 
802.0 636.0 834.0 839.0 595.0 905.0 624.0 
800.0 857.0 589.0 874.0 686.0 877.0 741.0 
540.0 937.0 633.0 855.0 765.0 552.0 911.0 
540.0 789.0 827.0 613.0 794.0 586.0 916.0 
701.0 631.0 983.0 517.0 765.0 814.0 731.0 
963.0 547.0 768.0 807.0 700.0 942.0 627.0 
805.0 712.0 702.0 997.0 526.0 785.0 729.0 
636.0 981.0 505.0 728.0 728.0 732.0 1092.0 
506.0 636.0 740.0 797.0 1110.0 674.0 688.0 
508.0 692.0 1092.0 745.0 923.0 468.0 415.0 
1013.0 869.0 968.0 507.0 577.0 1011.0 731.0 
876.0 538.0 688.0 947.0 654.0 886.0 471.0 
640.0 908.0 603.0 939.0 518.0 460.0 731.0 
710.0 1051.0 506.0 452.0 693.0 646.0 1039.0 
557.0 606.0 852.0 566.0 884.0 594.0 656.0 
793.0 623.0 982.0 515.0 539.0 732.0 637.0 
1063.0 598.0 595.0 702.0 587.0 1101.0 739.0 
705.0 802.0 699.0 972.0 694.0 994.0 914.0 
596.0 1017.0 718.0 814.0 887.0 784.0 997.0 
517.0 750.0 881.0 704.0 979.0 591.0 725.0 
756.0 646.0 894.0 596.0 869.0 703.0 550.0 
945.0 564.0 775.0 739.0 612.0 915.0 494.0 
767.0 797.0 514.0 890.0 680.0 789.0 716.0 
531.0 900.0 622.0 744.0 793.0 774.0 974.0 
433.0 652.0 778.0 774.0 1046.0 583.0 709.0 
613.0 655.0 967.0 663.0 1045.0 561.0 344.0 
1003.0 545.0 840.0 950.0 514.0 606.0 378.0 
774.0 930.0 725.0 649.0 289.0 600.0 693.0 
854.0 880.0 307.0 597.0 669.0 798.0 934.0 
534.0 783.0 648.0 718.0 958.0 604.0 856.0 
809.0 774.0 782.0 522.0 933.0 798.0 813.0 
959.0 529.0 723.0 612.0 799.0 1098.0 694.0 
782.0 503.0 592.0 996.0 821.0 920.0 481.0 
512.0 871.0 664.0 925.0 682.0 588.0 689.0 
526.0 926.0 702.0 652.0 772.0 569.0 919.0 
627.0 612.0 838.0 625.0 893.0 613.0 608.0 
674.0 510.0 982.0 655.0 705.0 735.0 240.0 
706.0 720.0 947.0 960.0 384.0 529.0 345.0 
826.0 1088.0 621.0 741.0 282.0 547.0 919.0 
699.0 864.0 459.0 671.0 643.0 477.0 966.0 
561.0 775.0 801.0 436.0 694.0 469.0 779.0 
915.0 812.0 767.0 252.0 663.0 837.0 921.0 
1065.0 440.0 601.0 601.0 801.0 1236.0 780.0 
715.0 507.0 713.0 1062.0 844.0 1025.0 632.0 
657.0 874.0 668.0 1060.0 754.0 696.0 939.0 
634.0 758.0 639.0 826.0 980.0 680.0 772.0 
507.0 690.0 875.0 743.0 1036.0 557.0 509.0 
731.0 654.0 1032.0 669.0 589.0 609.0 415.0 
845.0 644.0 665.0 565.0 269.0 698.0 512.0 
591.0 616.0 460.0 810.0 447.0 505.0 621.0 
618.0 958.0 496.0 644.0 681.0 478.0 959.0 
702.0 689.0 643.0 575.0 796.0 451.0 829.0 
806.0 515.0 780.0 489.0 733.0 760.0 696.0 
928.0 478.0 721.0 814.0 703.0 859.0 567.0 
801.0 635.0 588.0 882.0 589.0 807.0 675.0 
621.0 727.0 519.0 860.0 642.0 730.0 855.0 
474.0 836.0 658.0 675.0 844.0 610.0 875.0 
551.0 661.0 905.0 619.0 883.0 618.0 593.0 
747.0 572.0 818.0 621.0 695.0 632.0 385.0 
844.0 617.0 635.0 800.0 514.0 739.0 616.0 
766.0 832.0 645.0 952.0 539.0 754.0 935.0 
511.0 975.0 809.0 749.0 676.0 539.0 1060.0 
669.0 765.0 763.0 480.0 888.0 558.0 856.0 
875.0 504.0 886.0 560.0 710.0 743.0 616.0 
920.0 505.0 672.0 648.0 531.0 818.0 540.0 
738.0 534.0 548.0 832.0 331.0 780.0 727.0 
335.0 568.0 385.0 729.0 574.0 372.0 491.0 
248.0 755.0 468.0 290.0 661.0 282.0 526.0 
484.0 522.0 609.0 250.0 667.0 477.0 488.0 
704.0 392.0 728.0 522.0 545.0 689.0 421.0 
741.0 593.0 733.0 731.0 442.0 762.0 557.0 
778.0 837.0 574.0 806.0 538.0 782.0 909.0 
737.0 894.0 571.0 830.0 867.0 686.0 1018.0 
695.0 772.0 784.0 675.0 994.0 663.0 765.0 
779.0 649.0 842.0 547.0 822.0 814.0 604.0 
708.0 457.0 793.0 691.0 568.0 825.0 532.0 
691.0 593.0 664.0 848.0 487.0 811.0 651.0 
528.0 776.0 595.0 824.0 623.0 692.0 750.0 
413.0 810.0 644.0 718.0 752.0 353.0 767.0 
643.0 640.0 635.0 426.0 750.0 416.0 532.0 
690.0 544.0 682.0 291.0 575.0 571.0 304.0 
700.0 495.0 578.0 478.0 375.0 692.0 401.0 
657.0 609.0 398.0 689.0 319.0 642.0 765.0 
425.0 723.0 523.0 675.0 606.0 440.0 896.0 
598.0 641.0 640.0 491.0 774.0 548.0 751.0 
664.0 491.0 695.0 496.0 875.0 606.0 443.0 
891.0 486.0 697.0 736.0 654.0 783.0 486.0 
801.0 620.0 602.0 791.0 517.0 820.0 526.0 
523.0 669.0 387.0 802.0 608.0 552.0 581.0 
416.0 837.0 553.0 635.0 725.0 465.0 829.0 
593.0 694.0 716.0 489.0 876.0 562.0 687.0 
757.0 446.0 758.0 520.0 656.0 648.0 364.0 
673.0 551.0 706.0 449.0 348.0 799.0 360.0 
540.0 567.0 393.0 626.0 325.0 606.0 466.0 
365.0 655.0 234.0 576.0 536.0 395.0 628.0 
293.0 640.0 543.0 463.0 671.0 388.0 751.0 
556.0 494.0 742.0 490.0 721.0 485.0 572.0 
797.0 463.0 688.0 549.0 623.0 711.0 446.0 
778.0 553.0 562.0 769.0 541.0 690.0 463.0 
693.0 836.0 475.0 764.0 570.0 629.0 723.0 
509.0 806.0 531.0 625.0 708.0 515.0 764.0 
433.0 623.0 662.0 473.0 753.0 411.0 701.0 
689.0 423.0 748.0 479.0 650.0 537.0 498.0 
839.0 412.0 648.0 552.0 443.0 860.0 472.0 
610.0 551.0 522.0 834.0 431.0 675.0 697.0 
597.0 705.0 464.0 815.0 610.0 556.0 799.0 
520.0 724.0 536.0 627.0 763.0 491.0 758.0 
462.0 538.0 704.0 480.0 768.0 438.0 491.0 
661.0 446.0 697.0 421.0 518.0 611.0 431.0 
638.0 326.0 587.0 620.0 305.0 544.0 318.0 
571.0 462.0 251.0 648.0 315.0 467.0 415.0 
269.0 577.0 321.0 643.0 434.0 227.0 643.0 
312.0 605.0 586.0 354.0 560.0 423.0 742.0 
496.0 459.0 771.0 464.0 707.0 564.0 576.0 
727.0 496.0 869.0 599.0 570.0 753.0 556.0 
928.0 579.0 595.0 834.0 584.0 904.0 638.0 
667.0 774.0 599.0 877.0 525.0 715.0 818.0 
521.0 764.0 486.0 675.0 767.0 564.0 745.0 
484.0 700.0 667.0 545.0 835.0 546.0 725.0 
644.0 521.0 859.0 591.0 694.0 631.0 569.0 
755.0 457.0 724.0 666.0 537.0 703.0 363.0 
622.0 631.0 512.0 643.0 407.0 628.0 497.0 
514.0 713.0 426.0 675.0 514.0 487.0 682.0 
425.0 707.0 517.0 496.0 665.0 380.0 674.0 
423.0 498.0 801.0 445.0 648.0 409.0 501.0 
808.0 498.0 607.0 445.0 603.0 642.0 424.0 
710.0 449.0 605.0 605.0 351.0 672.0 432.0 
623.0 612.0 433.0 756.0 353.0 619.0 684.0 
354.0 796.0 573.0 557.0 527.0 497.0 831.0 
443.0 673.0 695.0 373.0 661.0 568.0 767.0 
610.0 456.0 752.0 524.0 725.0 630.0 641.0 
807.0 393.0 788.0 779.0 654.0 808.0 553.0 
890.0 672.0 673.0 948.0 563.0 843.0 695.0 
733.0 867.0 444.0 847.0 731.0 717.0 828.0 
479.0 813.0 654.0 688.0 814.0 543.0 758.0 
533.0 696.0 796.0 507.0 725.0 446.0 606.0 
658.0 472.0 772.0 347.0 548.0 651.0 347.0 
635.0 418.0 630.0 505.0 354.0 780.0 341.0 
528.0 725.0 632.0 756.0 390.0 698.0 717.0 
623.0 901.0 564.0 680.0 651.0 668.0 836.0 
562.0 876.0 673.0 561.0 888.0 594.0 788.0 
749.0 727.0 867.0 576.0 786.0 621.0 710.0 
904.0 555.0 759.0 488.0 585.0 845.0 544.0 
783.0 440.0 550.0 793.0 433.0 776.0 553.0 
585.0 772.0 548.0 802.0 498.0 666.0 842.0 
584.0 775.0 532.0 754.0 761.0 564.0 872.0 
578.0 717.0 713.0 580.0 885.0 617.0 625.0 
573.0 726.0 912.0 487.0 772.0 681.0 591.0 
861.0 594.0 761.0 616.0 690.0 847.0 418.0 
693.0 623.0 648.0 783.0 412.0 673.0 515.0 
556.0 791.0 510.0 684.0 498.0 619.0 753.0 
582.0 838.0 485.0 688.0 857.0 514.0 795.0 
598.0 728.0 777.0 550.0 878.0 581.0 697.0 
837.0 586.0 726.0 567.0 864.0 754.0 497.0 
881.0 609.0 677.0 697.0 643.0 856.0 538.0 
757.0 721.0 622.0 781.0 525.0 777.0 618.0 
617.0 783.0 449.0 798.0 688.0 648.0 807.0 
388.0 709.0 735.0 660.0 820.0 486.0 672.0 
663.0 709.0 811.0 483.0 751.0 617.0 640.0 
830.0 427.0 769.0 713.0 636.0 938.0 452.0 
618.0 735.0 577.0 950.0 697.0 647.0 738.0 
590.0 987.0 851.0 616.0 922.0 764.0 809.0 
1036.0 797.0 788.0 836.0 785.0 967.0 936.0 
703.0 788.0 