490.0 474.0 422.0 346.0 568.0 618.0 334.0 
200.0 370.0 583.0 577.0 376.0 217.0 251.0 
451.0 633.0 526.0 276.0 277.0 382.0 471.0 
547.0 423.0 402.0 479.0 374.0 392.0 416.0 
341.0 441.0 551.0 477.0 260.0 236.0 391.0 
454.0 461.0 394.0 339.0 269.0 344.0 601.0 
542.0 307.0 366.0 488.0 453.0 501.0 578.0 
575.0 453.0 363.0 511.0 611.0 637.0 612.0 
465.0 448.0 560.0 686.0 712.0 578.0 524.0 
583.0 673.0 685.0 651.0 649.0 531.0 625.0 
790.0 667.0 513.0 583.0 806.0 721.0 637.0 
631.0 563.0 701.0 722.0 697.0 627.0 562.0 
602.0 585.0 684.0 681.0 521.0 407.0 545.0 
739.0 622.0 595.0 574.0 464.0 534.0 577.0 
608.0 631.0 526.0 492.0 566.0 538.0 500.0 
524.0 516.0 564.0 555.0 401.0 292.0 437.0 
601.0 527.0 336.0 195.0 364.0 465.0 399.0 
414.0 305.0 350.0 437.0 351.0 297.0 342.0 
508.0 487.0 316.0 336.0 477.0 450.0 396.0 
576.0 481.0 333.0 464.0 405.0 481.0 617.0 
579.0 460.0 278.0 495.0 691.0 583.0 525.0 
406.0 530.0 727.0 628.0 595.0 535.0 566.0 
643.0 553.0 650.0 600.0 566.0 684.0 576.0 
592.0 597.0 608.0 600.0 559.0 696.0 665.0 
623.0 553.0 587.0 741.0 626.0 603.0 595.0 
527.0 659.0 761.0 653.0 494.0 550.0 666.0 
597.0 543.0 549.0 592.0 611.0 492.0 486.0 
586.0 652.0 607.0 474.0 411.0 460.0 605.0 
569.0 533.0 493.0 395.0 590.0 593.0 449.0 
518.0 553.0 573.0 543.0 509.0 535.0 567.0 
534.0 529.0 545.0 438.0 509.0 556.0 499.0 
561.0 492.0 423.0 530.0 568.0 429.0 554.0 
611.0 456.0 576.0 515.0 598.0 724.0 452.0 
544.0 709.0 619.0 592.0 547.0 566.0 655.0 
653.0 611.0 555.0 527.0 615.0 642.0 584.0 
547.0 521.0 591.0 598.0 584.0 598.0 509.0 
538.0 596.0 642.0 600.0 425.0 484.0 572.0 
616.0 593.0 418.0 452.0 468.0 457.0 573.0 
390.0 315.0 501.0 516.0 475.0 329.0 449.0 
639.0 414.0 460.0 410.0 357.0 702.0 494.0 
417.0 670.0 484.0 469.0 629.0 572.0 472.0 
561.0 531.0 413.0 631.0 797.0 726.0 445.0 
340.0 588.0 702.0 725.0 560.0 406.0 530.0 
618.0 645.0 590.0 510.0 526.0 568.0 591.0 
597.0 539.0 457.0 595.0 692.0 617.0 626.0 
489.0 426.0 602.0 645.0 595.0 493.0 458.0 
529.0 467.0 445.0 554.0 531.0 481.0 484.0 
419.0 385.0 473.0 548.0 557.0 543.0 410.0 
321.0 357.0 504.0 662.0 540.0 362.0 371.0 
466.0 506.0 564.0 574.0 435.0 413.0 444.0 
530.0 670.0 620.0 544.0 527.0 506.0 566.0 
661.0 650.0 567.0 557.0 522.0 507.0 587.0 
573.0 627.0 634.0 432.0 367.0 484.0 617.0 
642.0 609.0 497.0 365.0 425.0 526.0 637.0 
713.0 561.0 351.0 387.0 576.0 609.0 542.0 
527.0 529.0 519.0 442.0 378.0 495.0 659.0 
669.0 519.0 313.0 317.0 559.0 678.0 658.0 
609.0 402.0 355.0 518.0 597.0 654.0 583.0 
507.0 486.0 375.0 469.0 599.0 566.0 570.0 
418.0 254.0 339.0 527.0 660.0 467.0 206.0 
320.0 454.0 452.0 512.0 401.0 319.0 467.0 
400.0 379.0 436.0 321.0 488.0 559.0 377.0 
353.0 334.0 430.0 607.0 596.0 420.0 311.0 
437.0 690.0 724.0 449.0 360.0 544.0 701.0 
664.0 493.0 470.0 485.0 535.0 610.0 599.0 
665.0 544.0 416.0 549.0 674.0 649.0 434.0 
504.0 736.0 697.0 580.0 443.0 502.0 661.0 
654.0 603.0 513.0 525.0 633.0 517.0 470.0 
542.0 495.0 573.0 490.0 361.0 476.0 426.0 
349.0 399.0 500.0 491.0 362.0 368.0 347.0 
377.0 383.0 345.0 524.0 450.0 272.0 253.0 
327.0 582.0 555.0 362.0 252.0 278.0 394.0 
411.0 556.0 455.0 197.0 284.0 425.0 455.0 
349.0 267.0 396.0 466.0 353.0 309.0 292.0 
364.0 569.0 496.0 288.0 268.0 409.0 512.0 
534.0 518.0 416.0 389.0 350.0 415.0 592.0 
502.0 390.0 329.0 290.0 465.0 566.0 516.0 
395.0 304.0 450.0 532.0 433.0 470.0 590.0 
535.0 481.0 567.0 561.0 518.0 530.0 523.0 
551.0 564.0 471.0 435.0 521.0 631.0 646.0 
384.0 247.0 464.0 624.0 611.0 468.0 349.0 
387.0 551.0 613.0 478.0 416.0 402.0 454.0 
435.0 287.0 416.0 502.0 439.0 429.0 250.0 
268.0 434.0 420.0 406.0 322.0 275.0 321.0 
339.0 356.0 356.0 395.0 337.0 247.0 308.0 
390.0 426.0 322.0 294.0 399.0 362.0 341.0 
386.0 368.0 381.0 448.0 426.0 391.0 422.0 
408.0 390.0 453.0 579.0 509.0 312.0 366.0 
541.0 580.0 459.0 353.0 374.0 420.0 537.0 
598.0 396.0 305.0 486.0 627.0 566.0 439.0 
415.0 392.0 485.0 616.0 514.0 319.0 309.0 
475.0 504.0 449.0 393.0 331.0 341.0 397.0 
436.0 480.0 466.0 308.0 372.0 464.0 391.0 
365.0 344.0 440.0 340.0 262.0 428.0 311.0 
214.0 247.0 257.0 362.0 317.0 290.0 320.0 
227.0 341.0 457.0 331.0 321.0 393.0 371.0 
414.0 470.0 383.0 341.0 347.0 415.0 611.0 
447.0 248.0 325.0 340.0 635.0 588.0 199.0 
354.0 388.0 467.0 534.0 240.0 474.0 470.0 
211.0 555.0 390.0 169.0 433.0 307.0 433.0 
471.0 109.0 225.0 245.0 451.0 653.0 149.0 
115.0 289.0 376.0 563.0 373.0 299.0 298.0 
362.0 466.0 354.0 419.0 345.0 219.0 390.0 
466.0 365.0 217.0 243.0 406.0 439.0 373.0 
200.0 180.0 541.0 667.0 213.0 139.0 491.0 
406.0 493.0 516.0 211.0 450.0 428.0 287.0 
580.0 469.0 425.0 365.0 194.0 439.0 489.0 
532.0 392.0 166.0 363.0 282.0 354.0 524.0 
345.0 277.0 253.0 309.0 360.0 360.0 317.0 
241.0 431.0 398.0 113.0 254.0 500.0 544.0 
396.0 148.0 164.0 369.0 593.0 539.0 238.0 
254.0 337.0 350.0 510.0 439.0 286.0 332.0 
395.0 437.0 426.0 453.0 465.0 402.0 398.0 
439.0 363.0 350.0 540.0 423.0 319.0 378.0 
270.0 403.0 393.0 274.0 286.0 140.0 312.0 
335.0 165.0 286.0 192.0 230.0 263.0 124.0 
199.0 237.0 351.0 233.0 62.0 182.0 227.0 
367.0 345.0 235.0 162.0 168.0 446.0 346.0 
268.0 367.0 243.0 358.0 372.0 318.0 412.0 
300.0 332.0 437.0 389.0 279.0 258.0 461.0 
387.0 314.0 321.0 144.0 367.0 463.0 326.0 
281.0 141.0 308.0 334.0 235.0 351.0 285.0 
263.0 268.0 373.0 450.0 254.0 256.0 338.0 
518.0 604.0 347.0 329.0 427.0 621.0 727.0 
461.0 388.0 471.0 635.0 681.0 491.0 390.0 
379.0 583.0 658.0 534.0 371.0 187.0 412.0 
631.0 543.0 338.0 171.0 345.0 489.0 419.0 
290.0 179.0 344.0 385.0 218.0 233.0 219.0 
296.0 342.0 160.0 201.0 226.0 183.0 271.0 
276.0 281.0 226.0 211.0 197.0 244.0 432.0 
305.0 243.0 180.0 120.0 396.0 395.0 261.0 
134.0 130.0 271.0 270.0 370.0 241.0 80.0 
259.0 292.0 308.0 307.0 191.0 295.0 273.0 
258.0 362.0 306.0 433.0 299.0 171.0 410.0 
390.0 335.0 323.0 367.0 368.0 378.0 435.0 
235.0 360.0 517.0 450.0 445.0 258.0 324.0 
455.0 461.0 553.0 404.0 244.0 342.0 513.0 
508.0 392.0 319.0 282.0 364.0 421.0 360.0 
341.0 310.0 238.0 296.0 335.0 367.0 343.0 
180.0 299.0 395.0 322.0 207.0 174.0 433.0 
385.0 205.0 126.0 179.0 426.0 297.0 145.0 
100.0 168.0 365.0 259.0 199.0 156.0 215.0 
314.0 156.0 165.0 249.0 318.0 251.0 171.0 
222.0 131.0 235.0 307.0 247.0 211.0 78.0 
226.0 299.0 215.0 327.0 226.0 148.0 215.0 
267.0 490.0 398.0 214.0 244.0 266.0 448.0 
392.0 325.0 388.0 345.0 540.0 429.0 188.0 
284.0 449.0 670.0 408.0 124.0 346.0 489.0 
562.0 462.0 346.0 277.0 252.0 489.0 423.0 
386.0 352.0 147.0 396.0 436.0 284.0 280.0 
185.0 307.0 481.0 368.0 27.0 -30.0 288.0 
425.0 369.0 98.0 -101.0 184.0 357.0 271.0 
121.0 -48.0 151.0 351.0 292.0 144.0 -24.0 
106.0 316.0 376.0 185.0 -11.0 175.0 244.0 
361.0 316.0 -99.0 66.0 320.0 357.0 328.0 
37.0 191.0 337.0 274.0 468.0 342.0 215.0 
351.0 488.0 447.0 265.0 401.0 437.0 360.0 
432.0 420.0 381.0 215.0 330.0 576.0 414.0 
305.0 296.0 351.0 494.0 476.0 404.0 407.0 
398.0 372.0 460.0 464.0 386.0 441.0 416.0 
406.0 360.0 192.0 327.0 387.0 295.0 451.0 
279.0 55.0 165.0 273.0 438.0 222.0 -31.0 
203.0 253.0 256.0 295.0 89.0 83.0 180.0 
215.0 207.0 -27.0 63.0 326.0 103.0 -20.0 
108.0 119.0 225.0 197.0 -47.0 82.0 211.0 
84.0 232.0 286.0 146.0 178.0 184.0 149.0 
208.0 254.0 219.0 149.0 108.0 212.0 254.0 
197.0 244.0 275.0 246.0 111.0 178.0 443.0 
302.0 173.0 379.0 366.0 231.0 362.0 436.0 
322.0 312.0 333.0 339.0 361.0 386.0 446.0 
396.0 320.0 390.0 445.0 425.0 434.0 460.0 
491.0 480.0 467.0 454.0 457.0 587.0 544.0 
431.0 407.0 390.0 601.0 620.0 379.0 279.0 
302.0 486.0 532.0 363.0 272.0 248.0 303.0 
372.0 339.0 283.0 217.0 232.0 282.0 228.0 
256.0 273.0 218.0 162.0 122.0 177.0 189.0 
299.0 299.0 75.0 100.0 234.0 298.0 273.0 
213.0 203.0 259.0 372.0 277.0 146.0 277.0 
462.0 374.0 166.0 175.0 270.0 441.0 441.0 
197.0 147.0 153.0 398.0 598.0 300.0 219.0 
273.0 299.0 471.0 437.0 378.0 392.0 377.0 
503.0 488.0 272.0 378.0 584.0 583.0 531.0 
286.0 256.0 461.0 456.0 518.0 438.0 287.0 
339.0 397.0 415.0 334.0 380.0 448.0 342.0 
220.0 247.0 456.0 446.0 294.0 273.0 286.0 
337.0 366.0 328.0 287.0 274.0 218.0 190.0 
226.0 246.0 280.0 247.0 237.0 222.0 144.0 
167.0 156.0 246.0 335.0 148.0 96.0 136.0 
196.0 354.0 288.0 93.0 37.0 219.0 406.0 
342.0 190.0 118.0 258.0 423.0 346.0 308.0 
340.0 323.0 347.0 253.0 264.0 458.0 381.0 
221.0 252.0 405.0 460.0 281.0 196.0 275.0 
417.0 434.0 237.0 195.0 322.0 461.0 424.0 
196.0 177.0 353.0 471.0 434.0 338.0 261.0 
248.0 455.0 537.0 375.0 326.0 307.0 367.0 
489.0 392.0 296.0 348.0 422.0 460.0 296.0 
224.0 437.0 448.0 413.0 404.0 246.0 319.0 
389.0 317.0 294.0 270.0 316.0 284.0 208.0 
188.0 249.0 327.0 234.0 263.0 268.0 220.0 
355.0 259.0 238.0 397.0 327.0 252.0 272.0 
387.0 442.0 335.0 253.0 234.0 327.0 444.0 
370.0 209.0 248.0 334.0 301.0 354.0 338.0 
205.0 268.0 390.0 376.0 294.0 263.0 400.0 
477.0 360.0 240.0 260.0 424.0 464.0 371.0 
291.0 235.0 263.0 325.0 414.0 330.0 212.0 
248.0 209.0 288.0 373.0 318.0 178.0 98.0 
297.0 393.0 339.0 222.0 197.0 334.0 272.0 
253.0 316.0 286.0 355.0 433.0 358.0 281.0 
289.0 354.0 495.0 491.0 393.0 342.0 289.0 
434.0 557.0 439.0 292.0 272.0 414.0 464.0 
405.0 310.0 220.0 321.0 469.0 451.0 271.0 
188.0 285.0 393.0 448.0 245.0 85.0 291.0 
372.0 294.0 337.0 283.0 114.0 300.0 590.0 
332.0 96.0 243.0 438.0 483.0 322.0 271.0 
248.0 227.0 417.0 513.0 269.0 113.0 297.0 
309.0 250.0 316.0 272.0 239.0 244.0 325.0 
413.0 264.0 95.0 324.0 559.0 350.0 231.0 
266.0 288.0 452.0 440.0 328.0 245.0 197.0 
467.0 608.0 318.0 186.0 344.0 497.0 569.0 
409.0 296.0 351.0 312.0 421.0 507.0 394.0 
278.0 318.0 533.0 447.0 291.0 343.0 323.0 
378.0 428.0 391.0 299.0 268.0 405.0 454.0 
401.0 224.0 158.0 344.0 393.0 383.0 340.0 
169.0 176.0 363.0 385.0 287.0 265.0 271.0 
276.0 327.0 420.0 387.0 344.0 391.0 346.0 
411.0 494.0 394.0 371.0 458.0 424.0 364.0 
435.0 370.0 297.0 380.0 512.0 405.0 66.0 
226.0 436.0 299.0 348.0 372.0 97.0 86.0 
490.0 489.0 190.0 93.0 252.0 421.0 286.0 
241.0 248.0 298.0 367.0 302.0 408.0 368.0 
266.0 358.0 503.0 464.0 221.0 438.0 539.0 
274.0 420.0 450.0 316.0 369.0 355.0 378.0 
301.0 206.0 358.0 437.0 453.0 343.0 239.0 
395.0 401.0 403.0 405.0 376.0 456.0 409.0 
409.0 320.0 316.0 478.0 338.0 307.0 332.0 
239.0 354.0 424.0 417.0 337.0 160.0 218.0 
393.0 401.0 311.0 317.0 299.0 226.0 321.0 
384.0 241.0 140.0 325.0 406.0 188.0 189.0 
282.0 291.0 403.0 308.0 142.0 199.0 262.0 
362.0 408.0 311.0 281.0 337.0 369.0 286.0 
221.0 359.0 426.0 211.0 244.0 362.0 253.0 
353.0 458.0 437.0 346.0 300.0 270.0 183.0 
331.0 540.0 611.0 307.0 91.0 341.0 493.0 
449.0 333.0 246.0 243.0 393.0 427.0 404.0 
444.0 217.0 217.0 327.0 348.0 451.0 463.0 
364.0 99.0 338.0 622.0 323.0 253.0 302.0 
376.0 498.0 450.0 326.0 229.0 430.0 565.0 
355.0 186.0 323.0 610.0 546.0 319.0 286.0 
430.0 564.0 319.0 261.0 505.0 447.0 335.0 
289.0 399.0 529.0 408.0 258.0 196.0 250.0 
425.0 555.0 345.0 193.0 363.0 349.0 333.0 
437.0 364.0 343.0 413.0 395.0 308.0 307.0 
543.0 608.0 394.0 199.0 226.0 481.0 546.0 
479.0 282.0 200.0 452.0 539.0 492.0 325.0 
272.0 525.0 552.0 394.0 344.0 372.0 437.0 
461.0 484.0 398.0 270.0 371.0 438.0 494.0 
488.0 300.0 295.0 406.0 537.0 541.0 311.0 
298.0 529.0 525.0 369.0 417.0 498.0 480.0 
426.0 401.0 425.0 446.0 488.0 346.0 241.0 
460.0 463.0 289.0 259.0 256.0 409.0 418.0 
219.0 228.0 249.0 303.0 315.0 181.0 345.0 
427.0 250.0 257.0 311.0 361.0 281.0 224.0 
357.0 342.0 371.0 345.0 153.0 244.0 476.0 
500.0 269.0 125.0 328.0 561.0 544.0 325.0 
251.0 341.0 366.0 539.0 525.0 276.0 346.0 
467.0 496.0 458.0 351.0 311.0 446.0 669.0 
550.0 354.0 368.0 500.0 697.0 707.0 522.0 
394.0 478.0 618.0 744.0 684.0 449.0 419.0 
480.0 697.0 771.0 384.0 264.0 441.0 572.0 
606.0 472.0 346.0 264.0 379.0 675.0 657.0 
275.0 114.0 371.0 633.0 570.0 346.0 275.0 
321.0 443.0 526.0 421.0 218.0 126.0 339.0 
583.0 494.0 164.0 82.0 408.0 547.0 398.0 
244.0 74.0 208.0 573.0 562.0 298.0 157.0 
132.0 397.0 594.0 306.0 146.0 250.0 405.0 
471.0 355.0 288.0 289.0 464.0 518.0 352.0 
333.0 478.0 624.0 491.0 462.0 582.0 464.0 
487.0 552.0 579.0 668.0 525.0 514.0 543.0 
485.0 684.0 667.0 540.0 530.0 533.0 663.0 
602.0 531.0 644.0 634.0 547.0 478.0 520.0 
735.0 723.0 390.0 375.0 645.0 681.0 585.0 
421.0 366.0 572.0 621.0 566.0 458.0 332.0 
449.0 475.0 486.0 506.0 373.0 400.0 435.0 
384.0 364.0 372.0 398.0 334.0 356.0 407.0 
330.0 290.0 273.0 441.0 517.0 287.0 249.0 
271.0 428.0 733.0 513.0 78.0 130.0 527.0 
774.0 560.0 155.0 188.0 552.0 696.0 549.0 
256.0 182.0 487.0 680.0 509.0 210.0 207.0 
439.0 580.0 578.0 347.0 243.0 275.0 317.0 
606.0 625.0 335.0 206.0 277.0 539.0 591.0 
418.0 318.0 242.0 436.0 603.0 477.0 333.0 
299.0 576.0 648.0 466.0 464.0 444.0 572.0 
643.0 599.0 598.0 467.0 520.0 570.0 662.0 
742.0 470.0 403.0 448.0 647.0 773.0 415.0 
245.0 354.0 583.0 682.0 559.0 323.0 157.0 
457.0 661.0 565.0 443.0 194.0 279.0 618.0 
715.0 559.0 210.0 272.0 575.0 571.0 610.0 
425.0 204.0 442.0 694.0 625.0 353.0 353.0 
438.0 478.0 613.0 407.0 241.0 386.0 551.0 
624.0 339.0 223.0 492.0 457.0 343.0 447.0 
421.0 293.0 330.0 489.0 492.0 412.0 384.0 
387.0 463.0 396.0 384.0 525.0 449.0 499.0 
544.0 362.0 473.0 607.0 550.0 407.0 336.0 
690.0 820.0 567.0 418.0 371.0 642.0 834.0 
720.0 531.0 336.0 540.0 845.0 824.0 563.0 
370.0 528.0 770.0 764.0 428.0 387.0 630.0 
583.0 668.0 599.0 318.0 451.0 633.0 598.0 
490.0 473.0 479.0 395.0 412.0 581.0 617.0 
347.0 294.0 472.0 482.0 501.0 458.0 396.0 
423.0 443.0 496.0 384.0 287.0 454.0 467.0 
352.0 379.0 389.0 310.0 329.0 500.0 497.0 
365.0 368.0 378.0 388.0 487.0 510.0 428.0 
420.0 476.0 515.0 524.0 529.0 490.0 434.0 
495.0 537.0 571.0 632.0 545.0 485.0 507.0 
625.0 779.0 599.0 403.0 530.0 670.0 754.0 
758.0 525.0 468.0 740.0 767.0 585.0 437.0 
482.0 797.0 826.0 518.0 392.0 516.0 682.0 
732.0 567.0 383.0 539.0 718.0 514.0 482.0 
654.0 518.0 407.0 391.0 424.0 573.0 522.0 
401.0 329.0 267.0 414.0 496.0 313.0 324.0 
448.0 348.0 253.0 299.0 421.0 455.0 371.0 
291.0 313.0 473.0 510.0 405.0 336.0 395.0 
529.0 497.0 480.0 491.0 420.0 495.0 535.0 
483.0 554.0 617.0 539.0 467.0 511.0 573.0 
631.0 634.0 636.0 587.0 558.0 756.0 641.0 
531.0 755.0 759.0 827.0 731.0 546.0 765.0 
852.0 763.0 636.0 630.0 782.0 822.0 789.0 
617.0 631.0 789.0 709.0 699.0 720.0 702.0 
607.0 444.0 605.0 808.0 758.0 490.0 333.0 
522.0 616.0 592.0 395.0 345.0 647.0 532.0 
331.0 423.0 426.0 521.0 674.0 452.0 153.0 
286.0 679.0 834.0 499.0 245.0 352.0 427.0 
658.0 832.0 443.0 186.0 346.0 570.0 811.0 
632.0 378.0 389.0 322.0 479.0 636.0 520.0 
502.0 482.0 343.0 397.0 611.0 636.0 500.0 
363.0 294.0 502.0 796.0 588.0 243.0 281.0 
424.0 630.0 664.0 310.0 76.0 329.0 741.0 
781.0 289.0 -88.0 246.0 784.0 958.0 538.0 
-21.0 -36.0 648.0 1423.0 1003.0 -55.0 -343.0 
416.0 1506.0 1537.0 455.0 -350.0 27.0 1078.0 
1687.0 1065.0 -108.0 -201.0 738.0 1497.0 1239.0 
313.0 33.0 556.0 1107.0 1116.0 502.0 230.0 
735.0 1208.0 1047.0 405.0 160.0 641.0 1084.0 
1070.0 733.0 338.0 204.0 424.0 1011.0 1329.0 
745.0 67.0 -56.0 530.0 1335.0 1275.0 526.0 
-239.0 94.0 1203.0 1193.0 574.0 179.0 137.0 
724.0 1020.0 673.0 185.0 152.0 817.0 926.0 
369.0 200.0 333.0 645.0 816.0 640.0 338.0 
-6.0 336.0 966.0 832.0 365.0 11.0 241.0 
777.0 786.0 520.0 269.0 352.0 564.0 693.0 
752.0 339.0 245.0 643.0 853.0 814.0 379.0 
296.0 658.0 746.0 855.0 735.0 319.0 407.0 
974.0 1093.0 482.0 138.0 533.0 1222.0 1320.0 
480.0 -133.0 239.0 1362.0 1759.0 631.0 -231.0 
64.0 1066.0 1640.0 969.0 146.0 92.0 920.0 
1379.0 722.0 316.0 431.0 902.0 1316.0 716.0 
177.0 330.0 646.0 1244.0 1198.0 324.0 10.0 
338.0 840.0 1202.0 910.0 220.0 -79.0 459.0 
1101.0 1015.0 504.0 82.0 318.0 920.0 1000.0 
500.0 -19.0 164.0 821.0 1222.0 804.0 -184.0 
-305.0 637.0 1333.0 1023.0 187.0 -237.0 181.0 
972.0 1250.0 781.0 98.0 138.0 879.0 1128.0 
607.0 196.0 442.0 1053.0 1253.0 559.0 -137.0 
201.0 1121.0 1508.0 864.0 -28.0 -88.0 664.0 
1368.0 1142.0 394.0 235.0 541.0 928.0 948.0 
448.0 486.0 972.0 1032.0 691.0 263.0 316.0 
889.0 1296.0 1078.0 287.0 -104.0 622.0 1332.0 
1110.0 462.0 132.0 476.0 996.0 1031.0 478.0 
50.0 497.0 1157.0 1032.0 207.0 -88.0 648.0 
1132.0 925.0 336.0 -65.0 478.0 987.0 932.0 
621.0 107.0 114.0 788.0 1203.0 669.0 133.0 
249.0 460.0 886.0 1016.0 445.0 -20.0 210.0 
889.0 1007.0 619.0 230.0 135.0 694.0 976.0 
699.0 431.0 361.0 655.0 975.0 854.0 310.0 
269.0 844.0 1127.0 931.0 486.0 384.0 591.0 
918.0 1193.0 784.0 464.0 607.0 687.0 882.0 
1027.0 889.0 479.0 455.0 893.0 962.0 906.0 
741.0 558.0 613.0 654.0 852.0 1007.0 780.0 
345.0 352.0 801.0 1034.0 876.0 419.0 224.0 
491.0 865.0 826.0 339.0 257.0 551.0 707.0 
593.0 334.0 375.0 583.0 726.0 696.0 342.0 
67.0 360.0 925.0 995.0 619.0 160.0 -33.0 
452.0 1090.0 1108.0 435.0 -48.0 265.0 822.0 
1024.0 764.0 479.0 350.0 449.0 802.0 872.0 
619.0 549.0 736.0 693.0 560.0 696.0 693.0 
635.0 815.0 764.0 454.0 458.0 626.0 754.0 
852.0 730.0 484.0 390.0 567.0 761.0 886.0 
872.0 647.0 467.0 522.0 779.0 922.0 883.0 
701.0 571.0 609.0 755.0 930.0 780.0 584.0 
577.0 647.0 759.0 785.0 740.0 618.0 686.0 
839.0 684.0 511.0 698.0 897.0 765.0 709.0 
637.0 500.0 665.0 885.0 835.0 456.0 504.0 
778.0 613.0 755.0 716.0 469.0 561.0 569.0 
884.0 731.0 212.0 624.0 726.0 495.0 721.0 
622.0 468.0 547.0 754.0 856.0 489.0 431.0 
654.0 731.0 893.0 711.0 398.0 534.0 883.0 
978.0 699.0 477.0 523.0 666.0 900.0 1031.0 
761.0 460.0 539.0 774.0 909.0 1025.0 761.0 
310.0 620.0 1002.0 948.0 770.0 454.0 489.0 
737.0 882.0 756.0 404.0 492.0 750.0 709.0 
600.0 612.0 572.0 411.0 469.0 691.0 792.0 
617.0 407.0 491.0 577.0 627.0 698.0 605.0 
421.0 422.0 669.0 712.0 559.0 553.0 538.0 
518.0 582.0 711.0 665.0 376.0 398.0 768.0 
1064.0 785.0 177.0 235.0 868.0 1232.0 885.0 
379.0 376.0 667.0 1054.0 1199.0 695.0 342.0 
637.0 892.0 1005.0 875.0 560.0 566.0 833.0 
1022.0 721.0 430.0 716.0 932.0 808.0 570.0 
441.0 597.0 830.0 949.0 775.0 369.0 385.0 
873.0 1012.0 725.0 538.0 475.0 611.0 932.0 
942.0 637.0 467.0 585.0 808.0 880.0 724.0 
496.0 545.0 762.0 745.0 657.0 651.0 702.0 
765.0 659.0 571.0 609.0 650.0 806.0 887.0 
603.0 405.0 598.0 729.0 776.0 767.0 664.0 
534.0 373.0 611.0 865.0 766.0 631.0 449.0 
432.0 606.0 786.0 754.0 575.0 570.0 538.0 
554.0 736.0 731.0 642.0 581.0 588.0 653.0 
507.0 576.0 788.0 731.0 678.0 572.0 526.0 
659.0 818.0 876.0 587.0 392.0 737.0 906.0 
725.0 712.0 640.0 603.0 725.0 784.0 750.0 
581.0 696.0 861.0 656.0 654.0 690.0 635.0 
737.0 713.0 676.0 600.0 588.0 713.0 655.0 
655.0 678.0 609.0 580.0 636.0 642.0 583.0 
824.0 748.0 407.0 566.0 778.0 843.0 627.0 
407.0 536.0 639.0 789.0 807.0 659.0 443.0 
392.0 804.0 861.0 559.0 522.0 657.0 710.0 
621.0 671.0 648.0 544.0 675.0 794.0 691.0 
493.0 493.0 670.0 814.0 718.0 464.0 459.0 
647.0 788.0 704.0 493.0 555.0 711.0 628.0 
662.0 717.0 612.0 680.0 692.0 701.0 670.0 
482.0 621.0 864.0 818.0 557.0 425.0 724.0 
867.0 613.0 586.0 624.0 586.0 726.0 740.0 
607.0 532.0 650.0 789.0 581.0 462.0 697.0 
836.0 603.0 440.0 714.0 762.0 593.0 641.0 
663.0 648.0 680.0 674.0 563.0 650.0 808.0 
726.0 617.0 559.0 640.0 685.0 694.0 699.0 
531.0 528.0 605.0 590.0 662.0 642.0 487.0 
545.0 741.0 628.0 519.0 635.0 743.0 730.0 
454.0 522.0 775.0 662.0 651.0 573.0 449.0 
581.0 724.0 608.0 420.0 550.0 655.0 612.0 
546.0 541.0 587.0 584.0 787.0 688.0 373.0 
524.0 741.0 832.0 709.0 427.0 472.0 691.0 
717.0 588.0 466.0 416.0 568.0 784.0 636.0 
421.0 490.0 625.0 653.0 597.0 570.0 501.0 
531.0 714.0 657.0 552.0 550.0 473.0 579.0 
712.0 645.0 578.0 528.0 534.0 585.0 607.0 
671.0 608.0 386.0 428.0 669.0 721.0 592.0 
447.0 437.0 617.0 777.0 605.0 298.0 415.0 
732.0 697.0 549.0 424.0 411.0 640.0 709.0 
508.0 306.0 448.0 710.0 611.0 472.0 512.0 
542.0 555.0 595.0 547.0 495.0 562.0 498.0 
508.0 628.0 586.0 536.0 484.0 530.0 596.0 
640.0 709.0 545.0 442.0 581.0 765.0 819.0 
627.0 475.0 489.0 606.0 755.0 655.0 526.0 
626.0 601.0 450.0 427.0 683.0 792.0 495.0 
433.0 456.0 431.0 617.0 640.0 537.0 506.0 
459.0 452.0 464.0 579.0 695.0 457.0 322.0 
556.0 566.0 411.0 493.0 720.0 699.0 345.0 
216.0 519.0 854.0 832.0 501.0 267.0 340.0 
692.0 860.0 549.0 454.0 643.0 566.0 569.0 
717.0 656.0 476.0 472.0 716.0 721.0 483.0 
479.0 674.0 812.0 625.0 247.0 268.0 703.0 
891.0 590.0 253.0 252.0 586.0 956.0 809.0 
302.0 238.0 638.0 883.0 643.0 428.0 684.0 
715.0 500.0 638.0 646.0 425.0 509.0 755.0 
688.0 274.0 314.0 839.0 753.0 402.0 452.0 
444.0 444.0 616.0 722.0 643.0 427.0 492.0 
622.0 492.0 571.0 667.0 487.0 401.0 502.0 
574.0 500.0 429.0 514.0 613.0 495.0 364.0 
444.0 562.0 612.0 559.0 468.0 424.0 451.0 
606.0 705.0 571.0 448.0 469.0 555.0 641.0 
647.0 684.0 532.0 400.0 704.0 799.0 548.0 
401.0 592.0 831.0 626.0 438.0 487.0 619.0 
717.0 606.0 414.0 276.0 544.0 777.0 517.0 
356.0 338.0 486.0 589.0 373.0 344.0 461.0 
419.0 390.0 437.0 378.0 391.0 486.0 440.0 
440.0 421.0 384.0 447.0 558.0 626.0 455.0 
350.0 481.0 603.0 621.0 445.0 320.0 453.0 
633.0 581.0 385.0 425.0 570.0 521.0 422.0 
466.0 552.0 564.0 604.0 580.0 405.0 499.0 
791.0 675.0 447.0 480.0 569.0 635.0 690.0 
696.0 513.0 419.0 686.0 753.0 558.0 563.0 
593.0 566.0 651.0 665.0 542.0 622.0 719.0 
545.0 480.0 544.0 508.0 515.0 648.0 526.0 
290.0 396.0 485.0 518.0 485.0 327.0 439.0 
488.0 428.0 513.0 443.0 413.0 517.0 551.0 
525.0 431.0 480.0 590.0 528.0 570.0 557.0 
292.0 378.0 704.0 742.0 488.0 311.0 522.0 
670.0 704.0 686.0 437.0 394.0 655.0 858.0 
697.0 469.0 547.0 634.0 651.0 589.0 545.0 
617.0 651.0 555.0 365.0 501.0 674.0 609.0 
601.0 465.0 504.0 558.0 463.0 577.0 489.0 
579.0 722.0 364.0 284.0 510.0 610.0 572.0 
457.0 302.0 345.0 616.0 531.0 334.0 323.0 
411.0 573.0 409.0 263.0 516.0 628.0 383.0 
321.0 492.0 472.0 462.0 506.0 433.0 377.0 
427.0 505.0 519.0 479.0 406.0 446.0 435.0 
411.0 559.0 588.0 556.0 423.0 399.0 598.0 
591.0 577.0 574.0 515.0 538.0 571.0 631.0 
590.0 527.0 568.0 583.0 555.0 569.0 630.0 
589.0 494.0 579.0 781.0 684.0 487.0 533.0 
608.0 725.0 691.0 552.0 473.0 431.0 757.0 
854.0 471.0 344.0 439.0 598.0 691.0 576.0 
403.0 300.0 437.0 652.0 648.0 473.0 336.0 
407.0 539.0 545.0 529.0 471.0 420.0 574.0 
656.0 534.0 429.0 448.0 604.0 607.0 457.0 
479.0 520.0 497.0 601.0 660.0 553.0 479.0 
451.0 490.0 594.0 599.0 606.0 528.0 353.0 
468.0 630.0 531.0 400.0 427.0 513.0 439.0 
438.0 459.0 378.0 520.0 572.0 355.0 315.0 
511.0 618.0 568.0 474.0 418.0 466.0 519.0 
596.0 600.0 456.0 480.0 556.0 517.0 530.0 
483.0 542.0 683.0 578.0 482.0 510.0 542.0 
650.0 697.0 554.0 510.0 615.0 670.0 629.0 
639.0 717.0 565.0 536.0 639.0 603.0 728.0 
656.0 467.0 620.0 760.0 678.0 590.0 606.0 
623.0 578.0 621.0 716.0 656.0 566.0 528.0 
547.0 629.0 648.0 535.0 427.0 483.0 624.0 
743.0 494.0 320.0 606.0 614.0 586.0 552.0 
395.0 489.0 597.0 724.0 542.0 310.0 539.0 
587.0 488.0 515.0 512.0 373.0 390.0 652.0 
500.0 386.0 499.0 305.0 403.0 605.0 464.0 
398.0 457.0 533.0 502.0 472.0 610.0 566.0 
377.0 508.0 654.0 465.0 450.0 570.0 482.0 
462.0 566.0 501.0 278.0 390.0 630.0 569.0 
412.0 341.0 459.0 488.0 563.0 745.0 507.0 
283.0 427.0 638.0 693.0 566.0 477.0 482.0 
567.0 523.0 435.0 534.0 596.0 560.0 381.0 
377.0 626.0 521.0 410.0 543.0 494.0 523.0 
609.0 485.0 474.0 687.0 731.0 438.0 411.0 
759.0 717.0 528.0 602.0 543.0 494.0 574.0 
610.0 541.0 450.0 588.0 581.0 407.0 447.0 
495.0 540.0 478.0 371.0 417.0 462.0 507.0 
397.0 324.0 429.0 494.0 546.0 391.0 241.0 
335.0 439.0 563.0 489.0 205.0 278.0 566.0 
462.0 283.0 417.0 532.0 500.0 405.0 333.0 
369.0 495.0 701.0 611.0 300.0 404.0 619.0 
620.0 590.0 542.0 510.0 458.0 523.0 685.0 
603.0 466.0 526.0 557.0 484.0 515.0 571.0 
520.0 509.0 521.0 482.0 431.0 505.0 637.0 
509.0 465.0 553.0 459.0 503.0 431.0 333.0 
682.0 784.0 315.0 25.0 393.0 814.0 630.0 
188.0 37.0 283.0 609.0 702.0 446.0 -22.0 
-33.0 554.0 853.0 482.0 49.0 66.0 432.0 
674.0 570.0 265.0 150.0 457.0 642.0 501.0 
321.0 307.0 597.0 662.0 444.0 328.0 405.0 
692.0 647.0 351.0 347.0 549.0 712.0 569.0 
277.0 255.0 645.0 934.0 557.0 28.0 114.0 
738.0 1058.0 693.0 103.0 -107.0 397.0 1049.0 
1014.0 161.0 -397.0 261.0 977.0 904.0 377.0 
-131.0 -32.0 519.0 930.0 585.0 -119.0 -50.0 
510.0 746.0 396.0 44.0 184.0 369.0 538.0 
426.0 49.0 99.0 370.0 555.0 420.0 60.0 
62.0 356.0 554.0 417.0 226.0 269.0 382.0 
381.0 323.0 524.0 611.0 467.0 417.0 315.0 
417.0 565.0 564.0 591.0 481.0 396.0 369.0 
466.0 637.0 697.0 618.0 251.0 152.0 532.0 
837.0 788.0 411.0 134.0 316.0 688.0 826.0 
700.0 338.0 89.0 394.0 866.0 844.0 312.0 
88.0 447.0 740.0 689.0 420.0 205.0 158.0 
413.0 782.0 611.0 199.0 120.0 399.0 592.0 
454.0 291.0 201.0 326.0 531.0 576.0 201.0 
-120.0 426.0 873.0 590.0 -36.0 -268.0 386.0 
873.0 708.0 149.0 -272.0 187.0 825.0 830.0 
363.0 -78.0 20.0 635.0 950.0 464.0 -20.0 
76.0 478.0 743.0 573.0 197.0 -126.0 112.0 
789.0 864.0 336.0 -212.0 -130.0 523.0 849.0 
663.0 64.0 -211.0 190.0 551.0 673.0 435.0 
79.0 5.0 251.0 608.0 600.0 297.0 -21.0 
113.0 688.0 761.0 202.0 -104.0 286.0 799.0 
735.0 182.0 44.0 357.0 470.0 653.0 633.0 
224.0 151.0 440.0 687.0 516.0 237.0 393.0 
513.0 361.0 304.0 435.0 469.0 392.0 473.0 
422.0 236.0 279.0 475.0 521.0 302.0 276.0 
600.0 441.0 -20.0 337.0 765.0 502.0 125.0 
12.0 398.0 725.0 522.0 189.0 138.0 292.0 
408.0 654.0 462.0 6.0 326.0 716.0 519.0 
157.0 150.0 424.0 523.0 500.0 283.0 132.0 
265.0 423.0 536.0 406.0 200.0 165.0 290.0 
392.0 436.0 501.0 261.0 24.0 172.0 603.0 
802.0 187.0 -278.0 111.0 632.0 759.0 324.0 
-211.0 -92.0 509.0 731.0 393.0 -56.0 -169.0 
393.0 784.0 424.0 108.0 99.0 356.0 499.0 
396.0 461.0 80.0 23.0 685.0 454.0 167.0 
245.0 141.0 577.0 686.0 188.0 61.0 374.0 
881.0 775.0 27.0 -139.0 521.0 1136.0 749.0 
-75.0 8.0 592.0 1036.0 863.0 -42.0 -280.0 
488.0 1148.0 990.0 96.0 -365.0 328.0 1094.0 
962.0 205.0 -312.0 54.0 818.0 1082.0 458.0 
-487.0 -366.0 749.0 1148.0 408.0 -431.0 -423.0 
480.0 1059.0 623.0 -257.0 -541.0 245.0 891.0 
613.0 14.0 -276.0 20.0 341.0 368.0 426.0 
191.0 -264.0 -141.0 332.0 584.0 510.0 -113.0 
-462.0 129.0 760.0 837.0 164.0 -474.0 -87.0 
707.0 1203.0 628.0 -608.0 -524.0 740.0 1420.0 
781.0 -401.0 -605.0 295.0 1085.0 1056.0 127.0 
-683.0 -166.0 867.0 1045.0 307.0 -339.0 -115.0 
558.0 919.0 537.0 -126.0 -121.0 485.0 952.0 
574.0 -175.0 -80.0 575.0 856.0 403.0 -136.0 
84.0 527.0 458.0 170.0 224.0 383.0 315.0 
170.0 43.0 266.0 676.0 458.0 -113.0 -228.0 
251.0 942.0 714.0 -182.0 -332.0 11.0 734.0 
1139.0 141.0 -602.0 -237.0 570.0 1144.0 544.0 
-308.0 -493.0 121.0 1123.0 928.0 -60.0 -576.0 
-255.0 872.0 1342.0 461.0 -564.0 -604.0 494.0 
1484.0 1049.0 -209.0 -719.0 -37.0 1168.0 1620.0 
402.0 -854.0 -300.0 940.0 1392.0 751.0 -328.0 
-492.0 321.0 1119.0 1072.0 97.0 -623.0 -129.0 
969.0 1238.0 317.0 -579.0 -391.0 666.0 1404.0 
852.0 -443.0 -793.0 384.0 1507.0 1110.0 -266.0 
-853.0 42.0 1143.0 1119.0 111.0 -531.0 -264.0 
398.0 917.0 583.0 -74.0 -204.0 89.0 404.0 
351.0 336.0 277.0 -10.0 47.0 125.0 245.0 
622.0 327.0 -241.0 -199.0 159.0 714.0 561.0 
-283.0 -375.0 239.0 858.0 587.0 -277.0 -430.0 
265.0 1157.0 920.0 -302.0 -754.0 233.0 1473.0 
1196.0 -161.0 -762.0 100.0 1307.0 1288.0 238.0 
-508.0 -71.0 934.0 1259.0 709.0 -165.0 -285.0 
644.0 1200.0 802.0 90.0 -206.0 440.0 1055.0 
832.0 171.0 -250.0 317.0 909.0 710.0 396.0 
-58.0 -83.0 612.0 927.0 635.0 37.0 -225.0 
248.0 573.0 678.0 541.0 -174.0 -263.0 354.0 
712.0 594.0 3.0 -240.0 71.0 462.0 642.0 
156.0 -276.0 46.0 447.0 460.0 109.0 -139.0 
83.0 391.0 396.0 90.0 -32.0 142.0 286.0 
295.0 153.0 262.0 347.0 35.0 22.0 312.0 
446.0 390.0 103.0 -80.0 214.0 564.0 464.0 
86.0 -61.0 246.0 537.0 512.0 237.0 14.0 
295.0 649.0 543.0 170.0 125.0 467.0 564.0 
514.0 383.0 99.0 157.0 461.0 687.0 496.0 
47.0 76.0 338.0 631.0 752.0 255.0 -120.0 
223.0 757.0 770.0 201.0 -118.0 294.0 707.0 
610.0 283.0 27.0 235.0 656.0 630.0 266.0 
144.0 440.0 513.0 363.0 394.0 322.0 311.0 
459.0 406.0 262.0 283.0 361.0 307.0 270.0 
310.0 288.0 259.0 199.0 179.0 225.0 190.0 
305.0 338.0 138.0 167.0 198.0 262.0 347.0 
243.0 233.0 166.0 224.0 336.0 315.0 353.0 
263.0 232.0 196.0 322.0 467.0 112.0 153.0 
396.0 286.0 349.0 230.0 121.0 267.0 432.0 
497.0 59.0 -7.0 417.0 429.0 464.0 370.0 
59.0 167.0 424.0 587.0 437.0 115.0 202.0 
338.0 476.0 544.0 202.0 81.0 310.0 505.0 
519.0 269.0 146.0 313.0 472.0 458.0 282.0 
161.0 353.0 537.0 414.0 357.0 296.0 245.0 
473.0 565.0 416.0 283.0 315.0 482.0 505.0 
361.0 306.0 431.0 479.0 398.0 334.0 387.0 
473.0 486.0 411.0 230.0 405.0 582.0 345.0 
359.0 416.0 344.0 353.0 283.0 370.0 531.0 
443.0 278.0 189.0 315.0 608.0 476.0 149.0 
246.0 387.0 412.0 347.0 208.0 241.0 328.0 
348.0 239.0 195.0 267.0 301.0 379.0 282.0 
165.0 223.0 291.0 390.0 301.0 180.0 297.0 
325.0 280.0 282.0 263.0 338.0 325.0 194.0 
153.0 252.0 433.0 348.0 124.0 88.0 291.0 
541.0 303.0 40.0 267.0 423.0 392.0 307.0 
127.0 253.0 584.0 470.0 223.0 227.0 258.0 
419.0 540.0 452.0 320.0 179.0 299.0 448.0 
448.0 502.0 235.0 192.0 563.0 395.0 246.0 
366.0 351.0 460.0 384.0 257.0 264.0 261.0 
462.0 484.0 360.0 298.0 223.0 430.0 541.0 
356.0 351.0 320.0 204.0 426.0 527.0 321.0 
374.0 414.0 322.0 370.0 377.0 405.0 456.0 
322.0 263.0 440.0 513.0 370.0 376.0 535.0 
406.0 247.0 334.0 350.0 462.0 574.0 269.0 
8.0 223.0 501.0 564.0 366.0 22.0 144.0 
438.0 450.0 374.0 174.0 178.0 370.0 460.0 
345.0 121.0 228.0 334.0 433.0 437.0 17.0 
80.0 420.0 389.0 431.0 307.0 26.0 188.0 
548.0 577.0 354.0 251.0 282.0 377.0 554.0 
512.0 266.0 305.0 423.0 397.0 456.0 299.0 
191.0 455.0 454.0 300.0 284.0 104.0 167.0 
659.0 567.0 96.0 161.0 268.0 420.0 680.0 
405.0 11.0 66.0 380.0 634.0 535.0 191.0 
9.0 193.0 542.0 468.0 216.0 270.0 219.0 
309.0 438.0 154.0 236.0 410.0 395.0 480.0 
224.0 156.0 287.0 367.0 585.0 356.0 180.0 
238.0 202.0 467.0 509.0 293.0 264.0 280.0 
413.0 458.0 321.0 269.0 332.0 471.0 493.0 
281.0 145.0 257.0 513.0 571.0 274.0 96.0 
174.0 362.0 565.0 453.0 167.0 164.0 369.0 
476.0 410.0 242.0 194.0 406.0 562.0 375.0 
158.0 88.0 265.0 678.0 592.0 169.0 -15.0 
65.0 510.0 670.0 280.0 -16.0 67.0 417.0 
531.0 348.0 200.0 90.0 273.0 505.0 386.0 
273.0 124.0 225.0 588.0 487.0 122.0 -46.0 
337.0 653.0 431.0 297.0 54.0 19.0 454.0 
571.0 346.0 123.0 96.0 325.0 508.0 392.0 
189.0 223.0 266.0 188.0 367.0 448.0 85.0 
13.0 250.0 359.0 325.0 14.0 -66.0 373.0 
510.0 199.0 41.0 67.0 224.0 507.0 481.0 
86.0 -129.0 54.0 428.0 557.0 214.0 -89.0 
4.0 314.0 417.0 258.0 162.0 56.0 191.0 
461.0 356.0 174.0 169.0 395.0 497.0 278.0 
173.0 175.0 403.0 541.0 268.0 327.0 334.0 
230.0 603.0 451.0 202.0 453.0 370.0 385.0 
468.0 330.0 395.0 490.0 420.0 236.0 251.0 
401.0 423.0 392.0 239.0 191.0 380.0 450.0 
346.0 247.0 136.0 156.0 360.0 402.0 179.0 
107.0 289.0 244.0 261.0 348.0 95.0 131.0 
380.0 331.0 255.0 250.0 140.0 160.0 366.0 
368.0 270.0 150.0 92.0 221.0 335.0 331.0 
156.0 101.0 215.0 297.0 362.0 267.0 109.0 
121.0 317.0 437.0 362.0 175.0 25.0 258.0 
471.0 379.0 300.0 81.0 86.0 410.0 398.0 
276.0 208.0 147.0 319.0 370.0 295.0 252.0 
209.0 365.0 338.0 224.0 262.0 156.0 171.0 
341.0 390.0 240.0 76.0 155.0 353.0 413.0 
254.0 83.0 71.0 228.0 475.0 450.0 103.0 
39.0 298.0 370.0 389.0 294.0 30.0 143.0 
339.0 283.0 329.0 313.0 87.0 172.0 506.0 
396.0 115.0 172.0 372.0 424.0 325.0 241.0 
222.0 416.0 495.0 364.0 356.0 186.0 364.0 
670.0 250.0 175.0 482.0 400.0 405.0 374.0 
266.0 382.0 418.0 351.0 208.0 252.0 499.0 
378.0 234.0 207.0 171.0 339.0 394.0 236.0 
79.0 143.0 315.0 297.0 175.0 79.0 177.0 
269.0 179.0 197.0 137.0 3.0 198.0 337.0 
187.0 106.0 73.0 77.0 248.0 324.0 116.0 
38.0 180.0 181.0 132.0 176.0 153.0 86.0 
153.0 180.0 174.0 221.0 161.0 179.0 261.0 
277.0 295.0 322.0 229.0 198.0 490.0 413.0 
167.0 405.0 432.0 309.0 371.0 336.0 373.0 
427.0 364.0 360.0 398.0 405.0 345.0 421.0 
530.0 338.0 328.0 461.0 377.0 422.0 465.0 
399.0 346.0 286.0 280.0 350.0 457.0 338.0 
158.0 165.0 171.0 302.0 352.0 142.0 122.0 
183.0 82.0 74.0 262.0 294.0 78.0 -29.0 
5.0 122.0 200.0 179.0 114.0 3.0 -15.0 
67.0 180.0 135.0 79.0 229.0 152.0 -15.0 
125.0 183.0 172.0 331.0 192.0 17.0 70.0 
85.0 422.0 421.0 33.0 140.0 203.0 216.0 
279.0 314.0 459.0 186.0 128.0 419.0 243.0 
339.0 533.0 264.0 191.0 252.0 356.0 434.0 
331.0 249.0 222.0 404.0 334.0 151.0 411.0 
377.0 214.0 323.0 321.0 323.0 276.0 238.0 
365.0 354.0 214.0 213.0 328.0 311.0 289.0 
319.0 160.0 79.0 266.0 458.0 338.0 151.0 
159.0 121.0 229.0 426.0 377.0 164.0 23.0 
124.0 365.0 528.0 296.0 35.0 181.0 320.0 
423.0 405.0 159.0 185.0 401.0 335.0 304.0 
411.0 182.0 135.0 400.0 363.0 272.0 238.0 
134.0 267.0 478.0 347.0 234.0 183.0 150.0 
456.0 511.0 307.0 264.0 222.0 301.0 393.0 
408.0 346.0 160.0 159.0 361.0 482.0 369.0 
101.0 128.0 418.0 427.0 300.0 319.0 308.0 
250.0 313.0 392.0 394.0 475.0 370.0 153.0 
318.0 496.0 503.0 457.0 249.0 267.0 492.0 
481.0 348.0 335.0 412.0 431.0 473.0 521.0 
263.0 193.0 544.0 524.0 387.0 365.0 154.0 
280.0 503.0 363.0 268.0 127.0 102.0 384.0 
319.0 204.0 308.0 131.0 110.0 315.0 292.0 
339.0 395.0 197.0 88.0 277.0 431.0 314.0 
339.0 319.0 45.0 252.0 483.0 251.0 157.0 
227.0 328.0 362.0 305.0 298.0 306.0 363.0 
392.0 395.0 375.0 240.0 353.0 552.0 396.0 
330.0 369.0 273.0 333.0 523.0 553.0 342.0 
261.0 363.0 440.0 609.0 463.0 275.0 398.0 
300.0 440.0 623.0 424.0 312.0 274.0 406.0 
386.0 399.0 545.0 266.0 280.0 424.0 359.0 
459.0 353.0 306.0 378.0 375.0 436.0 270.0 
221.0 444.0 395.0 304.0 306.0 228.0 262.0 
294.0 357.0 463.0 259.0 157.0 331.0 338.0 
385.0 461.0 343.0 253.0 266.0 388.0 460.0 
404.0 337.0 326.0 419.0 360.0 348.0 466.0 
372.0 369.0 465.0 471.0 460.0 417.0 448.0 
475.0 507.0 548.0 447.0 495.0 607.0 432.0 
395.0 497.0 499.0 582.0 501.0 460.0 486.0 
358.0 506.0 519.0 445.0 560.0 434.0 479.0 
414.0 280.0 690.0 604.0 254.0 480.0 433.0 
397.0 648.0 490.0 382.0 426.0 379.0 496.0 
598.0 512.0 347.0 385.0 513.0 465.0 473.0 
521.0 378.0 319.0 474.0 410.0 348.0 450.0 
403.0 404.0 328.0 202.0 419.0 533.0 311.0 
320.0 480.0 359.0 337.0 428.0 362.0 537.0 
658.0 314.0 161.0 475.0 678.0 551.0 456.0 
396.0 324.0 479.0 590.0 497.0 406.0 366.0 
526.0 585.0 364.0 332.0 509.0 654.0 530.0 
385.0 436.0 352.0 490.0 660.0 508.0 463.0 
332.0 409.0 604.0 388.0 486.0 655.0 441.0 
308.0 377.0 628.0 639.0 508.0 536.0 430.0 
473.0 593.0 534.0 537.0 493.0 551.0 619.0 
368.0 283.0 553.0 661.0 453.0 347.0 364.0 
335.0 519.0 638.0 436.0 341.0 382.0 385.0 
518.0 603.0 336.0 233.0 423.0 418.0 436.0 
463.0 290.0 330.0 540.0 442.0 289.0 384.0 
401.0 459.0 573.0 397.0 331.0 417.0 453.0 
499.0 466.0 460.0 287.0 340.0 675.0 488.0 
453.0 475.0 285.0 667.0 692.0 446.0 549.0 
433.0 574.0 705.0 513.0 538.0 599.0 587.0 
557.0 575.0 579.0 509.0 623.0 668.0 445.0 
579.0 697.0 402.0 574.0 691.0 483.0 619.0 
596.0 466.0 484.0 592.0 667.0 593.0 635.0 
457.0 388.0 715.0 693.0 529.0 476.0 488.0 
627.0 650.0 569.0 445.0 453.0 566.0 605.0 
667.0 493.0 360.0 556.0 580.0 528.0 543.0 
424.0 401.0 602.0 626.0 392.0 383.0 473.0 
460.0 593.0 585.0 378.0 368.0 444.0 552.0 
665.0 430.0 275.0 484.0 570.0 581.0 448.0 
288.0 456.0 583.0 586.0 487.0 322.0 435.0 
535.0 503.0 524.0 388.0 436.0 617.0 469.0 
392.0 378.0 359.0 565.0 601.0 413.0 321.0 
411.0 503.0 483.0 568.0 524.0 362.0 488.0 
547.0 458.0 520.0 532.0 478.0 533.0 532.0 
440.0 474.0 532.0 523.0 596.0 529.0 336.0 
438.0 670.0 686.0 524.0 383.0 521.0 732.0 
636.0 552.0 616.0 572.0 676.0 731.0 540.0 
586.0 704.0 767.0 713.0 542.0 684.0 695.0 
633.0 756.0 529.0 580.0 797.0 507.0 534.0 
737.0 566.0 494.0 621.0 608.0 498.0 629.0 
671.0 469.0 517.0 627.0 581.0 607.0 613.0 
516.0 569.0 576.0 453.0 645.0 664.0 371.0 
478.0 623.0 518.0 486.0 483.0 539.0 590.0 
612.0 538.0 420.0 553.0 498.0 557.0 743.0 
343.0 381.0 635.0 390.0 485.0 516.0 425.0 
517.0 367.0 333.0 393.0 486.0 638.0 387.0 
298.0 405.0 399.0 692.0 547.0 277.0 555.0 
568.0 583.0 576.0 386.0 687.0 809.0 561.0 
521.0 446.0 683.0 937.0 688.0 521.0 384.0 
611.0 925.0 597.0 566.0 599.0 510.0 769.0 
646.0 612.0 767.0 529.0 609.0 807.0 639.0 
650.0 710.0 530.0 621.0 756.0 639.0 561.0 
569.0 638.0 523.0 537.0 649.0 509.0 567.0 
576.0 453.0 590.0 651.0 542.0 548.0 624.0 
553.0 511.0 610.0 609.0 587.0 602.0 574.0 
502.0 494.0 569.0 604.0 612.0 533.0 481.0 
442.0 516.0 715.0 641.0 549.0 348.0 285.0 
670.0 632.0 625.0 661.0 217.0 424.0 658.0 
379.0 592.0 614.0 350.0 463.0 512.0 312.0 
355.0 638.0 543.0 458.0 406.0 144.0 361.0 
555.0 476.0 533.0 248.0 129.0 428.0 455.0 
604.0 488.0 146.0 401.0 485.0 460.0 607.0 
421.0 298.0 549.0 634.0 484.0 490.0 435.0 
539.0 796.0 584.0 378.0 562.0 614.0 627.0 
727.0 533.0 380.0 581.0 789.0 680.0 442.0 
469.0 565.0 630.0 659.0 617.0 651.0 492.0 
439.0 737.0 668.0 542.0 709.0 606.0 548.0 
595.0 567.0 715.0 683.0 570.0 557.0 556.0 
642.0 616.0 629.0 611.0 535.0 588.0 522.0 
537.0 636.0 623.0 679.0 554.0 342.0 509.0 
737.0 706.0 627.0 480.0 405.0 616.0 749.0 
633.0 505.0 509.0 530.0 505.0 553.0 569.0 
599.0 532.0 322.0 415.0 629.0 584.0 385.0 
409.0 601.0 509.0 477.0 461.0 360.0 593.0 
673.0 526.0 391.0 317.0 526.0 617.0 620.0 
492.0 286.0 529.0 535.0 529.0 706.0 272.0 
279.0 694.0 607.0 563.0 410.0 317.0 597.0 
642.0 581.0 494.0 306.0 421.0 579.0 651.0 
607.0 298.0 331.0 481.0 547.0 773.0 534.0 
229.0 394.0 589.0 711.0 663.0 472.0 418.0 
503.0 641.0 727.0 570.0 346.0 434.0 791.0 
815.0 379.0 301.0 547.0 677.0 822.0 651.0 
232.0 318.0 760.0 857.0 596.0 301.0 280.0 
596.0 792.0 645.0 415.0 340.0 437.0 643.0 
760.0 546.0 317.0 509.0 715.0 619.0 583.0 
492.0 486.0 751.0 705.0 548.0 531.0 503.0 
650.0 703.0 583.0 630.0 588.0 431.0 476.0 
635.0 730.0 557.0 399.0 423.0 551.0 839.0 
595.0 238.0 464.0 590.0 695.0 684.0 306.0 
155.0 531.0 918.0 472.0 46.0 366.0 546.0 
526.0 515.0 350.0 186.0 342.0 592.0 511.0 
354.0 308.0 337.0 356.0 399.0 563.0 449.0 
209.0 401.0 556.0 338.0 440.0 558.0 429.0 
532.0 276.0 417.0 813.0 522.0 530.0 371.0 
458.0 693.0 457.0 682.0 488.0 469.0 754.0 
451.0 563.0 519.0 468.0 740.0 483.0 512.0 
529.0 319.0 628.0 593.0 569.0 603.0 292.0 
505.0 612.0 560.0 652.0 500.0 527.0 573.0 
625.0 649.0 512.0 583.0 630.0 659.0 684.0 
519.0 510.0 664.0 581.0 511.0 635.0 509.0 
442.0 558.0 516.0 460.0 432.0 513.0 478.0 
367.0 464.0 456.0 465.0 483.0 433.0 491.0 
302.0 180.0 478.0 588.0 454.0 370.0 297.0 
350.0 565.0 570.0 345.0 261.0 310.0 453.0 
565.0 439.0 303.0 330.0 451.0 535.0 415.0 
315.0 358.0 417.0 651.0 641.0 316.0 291.0 
412.0 691.0 736.0 354.0 392.0 617.0 694.0 
644.0 435.0 443.0 582.0 691.0 659.0 465.0 
481.0 594.0 614.0 663.0 607.0 485.0 526.0 
637.0 645.0 584.0 603.0 584.0 565.0 700.0 
658.0 593.0 626.0 569.0 682.0 739.0 615.0 
521.0 575.0 691.0 605.0 642.0 606.0 431.0 
595.0 736.0 571.0 373.0 514.0 595.0 476.0 
581.0 468.0 385.0 437.0 420.0 644.0 447.0 
228.0 432.0 394.0 496.0 434.0 267.0 526.0 
398.0 352.0 567.0 368.0 352.0 510.0 590.0 
553.0 372.0 481.0 633.0 626.0 643.0 568.0 
493.0 523.0 628.0 733.0 641.0 468.0 581.0 
687.0 547.0 591.0 709.0 646.0 535.0 591.0 
728.0 592.0 517.0 577.0 611.0 789.0 687.0 
431.0 500.0 631.0 664.0 635.0 527.0 529.0 
714.0 710.0 567.0 500.0 601.0 773.0 689.0 
712.0 659.0 449.0 600.0 748.0 754.0 634.0 
500.0 555.0 587.0 632.0 593.0 532.0 571.0 
583.0 565.0 463.0 587.0 674.0 469.0 467.0 
453.0 470.0 578.0 510.0 477.0 388.0 459.0 
655.0 485.0 422.0 512.0 555.0 579.0 366.0 
509.0 690.0 447.0 552.0 717.0 615.0 454.0 
326.0 488.0 751.0 735.0 453.0 371.0 556.0 
589.0 520.0 542.0 504.0 406.0 409.0 527.0 
677.0 544.0 398.0 507.0 525.0 643.0 634.0 
481.0 587.0 641.0 677.0 614.0 505.0 658.0 
683.0 637.0 599.0 498.0 702.0 686.0 581.0 
839.0 625.0 507.0 769.0 728.0 888.0 857.0 
552.0 665.0 828.0 856.0 738.0 708.0 750.0 
672.0 793.0 750.0 589.0 743.0 758.0 640.0 
799.0 876.0 717.0 687.0 780.0 877.0 936.0 
867.0 718.0 851.0 999.0 841.0 894.0 929.0 
887.0 1085.0 1027.0 847.0 961.0 1122.0 1115.0 
1043.0 1043.0 985.0 1017.0 1163.0 1121.0 1133.0 
1206.0 1127.0 1103.0 1151.0 1217.0 1292.0 1284.0 
1215.0 1164.0 1217.0 1289.0 1215.0 1292.0 1316.0 
1141.0 1259.0 1278.0 1191.0 1238.0 1217.0 1337.0 
1312.0 1176.0 1209.0 1154.0 1302.0 1518.0 1334.0 
1134.0 1209.0 1429.0 1487.0 1318.0 1309.0 1423.0 
1376.0 1348.0 1399.0 1404.0 1407.0 1413.0 1486.0 
1468.0 1329.0 1439.0 1527.0 1443.0 1491.0 1476.0 
1404.0 1443.0 1493.0 1498.0 1463.0 1448.0 1430.0 
1516.0 1593.0 1429.0 1436.0 1608.0 1571.0 1511.0 
1531.0 1592.0 1606.0 1508.0 1591.0 1660.0 1570.0 
1666.0 1645.0 1583.0 1627.0 1670.0 1889.0 1716.0 
1560.0 1815.0 1826.0 1906.0 1782.0 1665.0 1993.0 
1881.0 1839.0 1968.0 1773.0 1887.0 2003.0 1981.0 
1970.0 1793.0 1860.0 1980.0 2033.0 2078.0 1910.0 
1962.0 1968.0 1891.0 2187.0 2142.0 1893.0 1955.0 
2007.0 2055.0 2010.0 1898.0 1962.0 2055.0 1985.0 
1867.0 1831.0 1788.0 1912.0 2081.0 1934.0 1755.0 
1796.0 1936.0 1924.0 1908.0 2054.0 1950.0 1818.0 
1897.0 1966.0 2098.0 2109.0 1937.0 1832.0 1957.0 
2101.0 2035.0 1974.0 1959.0 1999.0 1984.0 1943.0 
1981.0 2036.0 2203.0 2140.0 1973.0 1993.0 2021.0 
2199.0 2292.0 2211.0 2100.0 1974.0 2092.0 2201.0 
2207.0 2303.0 2118.0 1978.0 2156.0 2131.0 2257.0 
2376.0 2119.0 2131.0 2171.0 2191.0 2387.0 2350.0 
2326.0 2321.0 2282.0 2341.0 2276.0 2335.0 2474.0 
2438.0 2387.0 2285.0 2215.0 2338.0 2514.0 2476.0 
2346.0 2319.0 2284.0 2391.0 2524.0 2510.0 2438.0 
2331.0 2358.0 2475.0 2532.0 2494.0 2425.0 2347.0 
2358.0 2488.0 2478.0 2436.0 2409.0 2459.0 2503.0 
2456.0 2450.0 2371.0 2567.0 2608.0 2412.0 2492.0 
2392.0 2560.0 2625.0 2317.0 2527.0 2548.0 2387.0 
2484.0 2424.0 2538.0 2591.0 2360.0 2354.0 2415.0 
2487.0 2557.0 2496.0 2440.0 2350.0 2467.0 2628.0 
2568.0 2563.0 2489.0 2523.0 2657.0 2563.0 2593.0 
2676.0 2610.0 2622.0 2651.0 2651.0 2648.0 2576.0 
2560.0 2659.0 2722.0 2626.0 2505.0 2539.0 2622.0 
2673.0 2668.0 2577.0 2497.0 2598.0 2764.0 2701.0 
2595.0 2593.0 2542.0 2649.0 2822.0 2658.0 2540.0 
2608.0 2622.0 2697.0 2666.0 2595.0 2602.0 2666.0 
2761.0 2648.0 2592.0 2703.0 2764.0 2814.0 2716.0 
2593.0 2679.0 2709.0 2774.0 2879.0 2699.0 2713.0 
2766.0 2658.0 2867.0 2783.0 2675.0 2836.0 2681.0 
2693.0 2729.0 2731.0 2800.0 2666.0 2671.0 2655.0 
2681.0 2724.0 2627.0 2715.0 2714.0 2618.0 2646.0 
2689.0 2694.0 2746.0 2790.0 2624.0 2614.0 2745.0 
2690.0 2723.0 2795.0 2746.0 2684.0 2692.0 2724.0 
2748.0 2848.0 2861.0 2733.0 2702.0 2897.0 2997.0 
2869.0 2830.0 2848.0 2951.0 2976.0 2867.0 2944.0 
2957.0 2965.0 2947.0 2819.0 2943.0 2960.0 2950.0 
2982.0 2764.0 2910.0 3026.0 2798.0 2924.0 2999.0 
2946.0 2946.0 2768.0 2871.0 3047.0 2985.0 2957.0 
2874.0 2883.0 2915.0 2894.0 2951.0 2905.0 2864.0 
2846.0 2821.0 2892.0 2872.0 2825.0 2861.0 2810.0 
2802.0 2894.0 2891.0 2840.0 2791.0 2828.0 2952.0 
2955.0 2856.0 2762.0 2812.0 2945.0 2926.0 2877.0 
2850.0 2799.0 2799.0 2810.0 2823.0 2843.0 2842.0 
2798.0 2722.0 2708.0 2770.0 2820.0 2839.0 2843.0 
2803.0 2770.0 2786.0 2820.0 2894.0 2995.0 2971.0 
2778.0 2707.0 2874.0 3041.0 3048.0 2913.0 2894.0 
2937.0 2890.0 2972.0 2966.0 2933.0 3054.0 2947.0 
2886.0 2904.0 2928.0 3201.0 3080.0 2760.0 2913.0 
3089.0 3057.0 3009.0 3001.0 2985.0 3001.0 3061.0 
2970.0 2851.0 2963.0 3084.0 3005.0 2838.0 2732.0 
2831.0 2985.0 3001.0 2846.0 2683.0 2754.0 2822.0 
2881.0 2948.0 2784.0 2707.0 2796.0 2839.0 2801.0 
2750.0 2826.0 2823.0 2781.0 2807.0 2753.0 2784.0 
2812.0 2876.0 2889.0 2657.0 2748.0 2901.0 2840.0 
2847.0 2768.0 2873.0 2800.0 2681.0 2989.0 2833.0 
2728.0 2969.0 2873.0 2866.0 2814.0 2817.0 2978.0 
2850.0 2926.0 3009.0 2835.0 2882.0 2867.0 2868.0 
2943.0 2900.0 2982.0 2862.0 2718.0 2822.0 2885.0 
3011.0 2884.0 2745.0 2943.0 2863.0 2732.0 2847.0 
2905.0 2878.0 2804.0 2792.0 2815.0 2765.0 2761.0 
2878.0 2854.0 2733.0 2768.0 2726.0 2739.0 2842.0 
2749.0 2755.0 2763.0 2731.0 2843.0 2805.0 2772.0 
2820.0 2792.0 2785.0 2779.0 2839.0 2893.0 2833.0 
2788.0 2767.0 2768.0 2830.0 2834.0 2812.0 2799.0 
2677.0 2724.0 2891.0 2818.0 2785.0 2780.0 2742.0 
2856.0 2821.0 2762.0 2829.0 2861.0 2903.0 2756.0 
2695.0 2828.0 2825.0 2854.0 2788.0 2738.0 2838.0 
2761.0 2689.0 2700.0 2801.0 2930.0 2744.0 2567.0 
2658.0 2812.0 2886.0 2696.0 2577.0 2712.0 2763.0 
2823.0 2759.0 2565.0 2566.0 2696.0 2858.0 2792.0 
2523.0 2425.0 2574.0 2778.0 2730.0 2530.0 2422.0 
2506.0 2625.0 2542.0 2536.0 2513.0 2441.0 2611.0 
2575.0 2460.0 2584.0 2603.0 2660.0 2588.0 2559.0 
2831.0 2569.0 2477.0 2820.0 2680.0 2734.0 2668.0 
2440.0 2727.0 2701.0 2615.0 2712.0 2579.0 2562.0 
2532.0 2611.0 2719.0 2516.0 2549.0 2606.0 2502.0 
2570.0 2563.0 2597.0 2580.0 2464.0 2649.0 2619.0 
2393.0 2584.0 2662.0 2542.0 2557.0 2543.0 2530.0 
2496.0 2608.0 2712.0 2502.0 2435.0 2544.0 2645.0 
2687.0 2544.0 2507.0 2560.0 2487.0 2507.0 2577.0 
2542.0 2522.0 2492.0 2379.0 2358.0 2488.0 2491.0 
2402.0 2400.0 2376.0 2383.0 2421.0 2390.0 2431.0 
2560.0 2463.0 2256.0 2439.0 2612.0 2404.0 2422.0 
2549.0 2434.0 2377.0 2388.0 2479.0 2541.0 2424.0 
2399.0 2377.0 2340.0 2483.0 2495.0 2382.0 2346.0 
2404.0 2546.0 2459.0 2324.0 2401.0 2473.0 2473.0 
2440.0 2466.0 2423.0 2339.0 2420.0 2521.0 2503.0 
2349.0 2316.0 2408.0 2427.0 2433.0 2340.0 2339.0 
2416.0 2326.0 2318.0 2379.0 2351.0 2317.0 2385.0 
2415.0 2249.0 2287.0 2473.0 2425.0 2408.0 2453.0 
2332.0 2283.0 2512.0 2561.0 2352.0 2383.0 2340.0 
2353.0 2572.0 2295.0 2231.0 2464.0 2302.0 2372.0 
2333.0 2169.0 2367.0 2329.0 2318.0 2343.0 2076.0 
2244.0 2482.0 2237.0 2194.0 2199.0 2140.0 2283.0 
2319.0 2245.0 2136.0 2181.0 2257.0 2242.0 2291.0 
2137.0 2132.0 2324.0 2208.0 2157.0 2255.0 2176.0 
2195.0 2276.0 2176.0 2143.0 2198.0 2253.0 2258.0 
2143.0 2118.0 2186.0 2214.0 2245.0 2195.0 2136.0 
2150.0 2170.0 2221.0 2216.0 2215.0 2133.0 2017.0 
2121.0 2190.0 2237.0 2181.0 2043.0 2126.0 2157.0 
2184.0 2236.0 2211.0 2123.0 2087.0 2273.0 2243.0 
2135.0 2125.0 2130.0 2304.0 2183.0 2047.0 2132.0 
2065.0 2218.0 2316.0 2101.0 2025.0 2004.0 2131.0 
2283.0 2134.0 2056.0 2001.0 1959.0 2155.0 2174.0 
2073.0 2056.0 1959.0 2011.0 2118.0 2044.0 2021.0 
1999.0 1934.0 1981.0 2043.0 2013.0 1928.0 1868.0 
1904.0 2056.0 2052.0 1885.0 1865.0 1891.0 1962.0 
2015.0 1991.0 1966.0 1868.0 1945.0 2051.0 1980.0 
1991.0 1972.0 1902.0 1978.0 2097.0 2018.0 1927.0 
1958.0 1928.0 2031.0 2040.0 1966.0 2072.0 1932.0 
1947.0 2086.0 1964.0 2091.0 2060.0 1894.0 2022.0 
2015.0 2085.0 2046.0 1735.0 1929.0 2139.0 1978.0 
1924.0 1734.0 1729.0 2069.0 2039.0 1804.0 1720.0 
1751.0 1877.0 1942.0 1900.0 1760.0 1655.0 1753.0 
1866.0 1879.0 1803.0 1632.0 1630.0 1808.0 1895.0 
1816.0 1686.0 1733.0 1831.0 1894.0 1866.0 1692.0 
1793.0 1978.0 1906.0 1867.0 1827.0 1757.0 1862.0 
2006.0 1965.0 1857.0 1810.0 1818.0 1905.0 2011.0 
2025.0 1908.0 1834.0 1889.0 1930.0 2006.0 2073.0 
1985.0 1910.0 1979.0 1999.0 2014.0 2067.0 1911.0 
1903.0 2061.0 1992.0 1913.0 1811.0 1829.0 1935.0 
1887.0 1899.0 1734.0 1692.0 1887.0 1811.0 1852.0 
1827.0 1627.0 1667.0 1785.0 1951.0 1820.0 1541.0 
1613.0 1746.0 1868.0 1790.0 1534.0 1596.0 1760.0 
1788.0 1719.0 1521.0 1554.0 1830.0 1829.0 1569.0 
1505.0 1682.0 1811.0 1773.0 1627.0 1570.0 1619.0 
1720.0 1770.0 1662.0 1654.0 1661.0 1606.0 1686.0 
1708.0 1651.0 1665.0 1697.0 1671.0 1602.0 1602.0 
1660.0 1685.0 1718.0 1602.0 1471.0 1665.0 1662.0 
1592.0 1651.0 1446.0 1518.0 1562.0 1544.0 1819.0 
1451.0 1241.0 1613.0 1668.0 1758.0 1506.0 1246.0 
1628.0 1731.0 1707.0 1620.0 1365.0 1573.0 1831.0 
1795.0 1579.0 1435.0 1674.0 1806.0 1716.0 1669.0 
1520.0 1565.0 1830.0 1766.0 1595.0 1583.0 1577.0 
1663.0 1767.0 1686.0 1580.0 1642.0 1609.0 1564.0 
1682.0 1664.0 1605.0 1565.0 1554.0 1653.0 1628.0 
1545.0 1566.0 1580.0 1588.0 1628.0 1562.0 1539.0 
1621.0 1617.0 1630.0 1558.0 1508.0 1622.0 1599.0 
1537.0 1546.0 1588.0 1610.0 1515.0 1439.0 1479.0 
1623.0 1636.0 1467.0 1428.0 1441.0 1453.0 1564.0 
1541.0 1485.0 1435.0 1370.0 1533.0 1531.0 1429.0 
1462.0 1385.0 1452.0 1519.0 1507.0 1509.0 1394.0 
1464.0 1538.0 1471.0 1466.0 1486.0 1580.0 1506.0 
1398.0 1461.0 1451.0 1503.0 1571.0 1513.0 1392.0 
1394.0 1528.0 1536.0 1506.0 1426.0 1351.0 1471.0 
1508.0 1366.0 1324.0 1366.0 1396.0 1413.0 1286.0 
1203.0 1252.0 1393.0 1467.0 1241.0 1211.0 1301.0 
1231.0 1296.0 1396.0 1405.0 1211.0 1167.0 1338.0 
1268.0 1368.0 1405.0 1203.0 1257.0 1258.0 1356.0 
1462.0 1254.0 1243.0 1284.0 1341.0 1568.0 1414.0 
1178.0 1288.0 1383.0 1482.0 1471.0 1276.0 1285.0 
1431.0 1473.0 1383.0 1274.0 1333.0 1471.0 1476.0 
1367.0 1294.0 1336.0 1402.0 1402.0 1423.0 1412.0 
1286.0 1287.0 1364.0 1353.0 1407.0 1394.0 1268.0 
1285.0 1327.0 1243.0 1271.0 1403.0 1400.0 1249.0 
1157.0 1177.0 1184.0 1369.0 1370.0 1067.0 1092.0 
1174.0 1176.0 1215.0 1218.0 1227.0 1103.0 1077.0 
1182.0 1215.0 1200.0 1154.0 1187.0 1255.0 1220.0 
1176.0 1245.0 1190.0 1220.0 1342.0 1138.0 1170.0 
1345.0 1268.0 1245.0 1148.0 1190.0 1300.0 1234.0 
1359.0 1341.0 1146.0 1194.0 1269.0 1334.0 1394.0 
1304.0 1192.0 1216.0 1275.0 1294.0 1322.0 1293.0 
1255.0 1205.0 1193.0 1252.0 1230.0 1243.0 1244.0 
1201.0 1213.0 1177.0 1184.0 1271.0 1290.0 1189.0 
1153.0 1212.0 1208.0 1237.0 1248.0 1173.0 1136.0 
1140.0 1207.0 1248.0 1173.0 1170.0 1147.0 1086.0 
1243.0 1315.0 1146.0 1043.0 1091.0 1200.0 1183.0 
1068.0 1096.0 1200.0 1057.0 988.0 1123.0 1005.0 
1131.0 1221.0 919.0 994.0 994.0 1021.0 1198.0 
923.0 970.0 1067.0 845.0 953.0 940.0 919.0 
1066.0 964.0 893.0 909.0 963.0 1020.0 1038.0 
1100.0 985.0 909.0 1006.0 998.0 1068.0 1147.0 
1012.0 851.0 865.0 1076.0 1186.0 1017.0 875.0 
932.0 1031.0 1110.0 1117.0 983.0 928.0 1066.0 
1208.0 1216.0 1044.0 968.0 1111.0 1183.0 1246.0 
1187.0 1015.0 1063.0 1159.0 1294.0 1245.0 968.0 
1047.0 1226.0 1251.0 1215.0 1011.0 983.0 1202.0 
1214.0 1077.0 1101.0 1040.0 920.0 1077.0 1093.0 
1007.0 1042.0 961.0 954.0 934.0 1012.0 1093.0 
865.0 835.0 906.0 991.0 1021.0 779.0 744.0 
880.0 1004.0 953.0 783.0 789.0 799.0 945.0 
1012.0 803.0 774.0 904.0 970.0 927.0 845.0 
809.0 819.0 923.0 993.0 866.0 773.0 829.0 
799.0 889.0 1010.0 858.0 775.0 770.0 824.0 
1001.0 937.0 786.0 842.0 945.0 1035.0 977.0 
757.0 793.0 1077.0 1134.0 920.0 787.0 882.0 
1034.0 1121.0 1021.0 709.0 828.0 1180.0 1029.0 
946.0 905.0 887.0 1125.0 982.0 933.0 1043.0 
931.0 1048.0 1064.0 922.0 929.0 890.0 938.0 
1096.0 1063.0 880.0 766.0 917.0 1084.0 1014.0 
972.0 857.0 853.0 1052.0 965.0 869.0 952.0 
1001.0 1022.0 966.0 878.0 908.0 1061.0 1061.0 
946.0 940.0 956.0 1018.0 1012.0 899.0 923.0 
966.0 956.0 967.0 889.0 861.0 962.0 961.0 
885.0 829.0 868.0 975.0 909.0 826.0 826.0 
825.0 869.0 879.0 854.0 715.0 709.0 903.0 
857.0 760.0 692.0 616.0 761.0 795.0 666.0 
726.0 697.0 649.0 726.0 612.0 693.0 782.0 
628.0 746.0 686.0 547.0 737.0 806.0 753.0 
661.0 673.0 680.0 652.0 837.0 831.0 646.0 
593.0 726.0 845.0 784.0 706.0 644.0 823.0 
912.0 736.0 749.0 738.0 831.0 982.0 911.0 
867.0 820.0 837.0 992.0 1083.0 942.0 838.0 
914.0 880.0 911.0 1012.0 1046.0 903.0 720.0 
860.0 914.0 933.0 969.0 777.0 808.0 848.0 
931.0 1010.0 720.0 835.0 988.0 897.0 991.0 
760.0 818.0 1076.0 875.0 953.0 915.0 685.0 
862.0 947.0 913.0 880.0 788.0 755.0 739.0 
804.0 830.0 818.0 748.0 584.0 677.0 780.0 
632.0 627.0 747.0 707.0 556.0 529.0 678.0 
697.0 659.0 655.0 521.0 557.0 642.0 679.0 
731.0 565.0 547.0 690.0 686.0 655.0 697.0 
706.0 627.0 684.0 720.0 712.0 740.0 660.0 
709.0 770.0 707.0 689.0 678.0 794.0 850.0 
697.0 725.0 710.0 639.0 874.0 918.0 797.0 
746.0 572.0 712.0 942.0 832.0 804.0 703.0 
623.0 871.0 851.0 750.0 864.0 740.0 715.0 
840.0 803.0 870.0 817.0 670.0 796.0 933.0 
915.0 775.0 708.0 796.0 932.0 931.0 713.0 
753.0 895.0 855.0 905.0 840.0 713.0 853.0 
926.0 860.0 929.0 796.0 629.0 791.0 929.0 
950.0 755.0 546.0 685.0 824.0 784.0 672.0 
626.0 691.0 727.0 725.0 627.0 554.0 663.0 
764.0 707.0 530.0 463.0 613.0 767.0 618.0 
416.0 538.0 504.0 553.0 769.0 428.0 331.0 
630.0 680.0 613.0 336.0 459.0 849.0 711.0 
500.0 438.0 580.0 782.0 755.0 663.0 472.0 
529.0 824.0 741.0 590.0 627.0 656.0 747.0 
737.0 575.0 636.0 823.0 753.0 678.0 689.0 
628.0 757.0 898.0 757.0 597.0 619.0 744.0 
813.0 802.0 717.0 646.0 655.0 704.0 806.0 
779.0 656.0 663.0 793.0 803.0 647.0 686.0 
783.0 771.0 787.0 706.0 626.0 710.0 877.0 
835.0 713.0 717.0 586.0 648.0 850.0 778.0 
697.0 605.0 547.0 678.0 670.0 600.0 717.0 
639.0 531.0 699.0 635.0 528.0 618.0 660.0 
723.0 626.0 489.0 506.0 679.0 828.0 607.0 
491.0 543.0 556.0 734.0 716.0 592.0 651.0 
617.0 590.0 672.0 650.0 653.0 732.0 612.0 
518.0 660.0 712.0 690.0 653.0 582.0 624.0 
635.0 657.0 687.0 634.0 671.0 603.0 507.0 
631.0 698.0 637.0 571.0 547.0 587.0 657.0 
632.0 455.0 555.0 748.0 564.0 486.0 454.0 
589.0 922.0 621.0 435.0 588.0 612.0 889.0 
711.0 440.0 717.0 684.0 688.0 773.0 524.0 
659.0 795.0 581.0 584.0 591.0 670.0 661.0 
534.0 746.0 673.0 519.0 626.0 614.0 775.0 
734.0 506.0 635.0 713.0 704.0 680.0 641.0 
660.0 619.0 673.0 632.0 601.0 705.0 637.0 
560.0 465.0 574.0 798.0 658.0 445.0 444.0 
675.0 740.0 583.0 563.0 557.0 603.0 649.0 
675.0 705.0 544.0 521.0 649.0 620.0 644.0 
567.0 388.0 530.0 623.0 572.0 578.0 351.0 
402.0 713.0 609.0 459.0 414.0 481.0 621.0 
611.0 626.0 572.0 497.0 541.0 594.0 648.0 
581.0 555.0 624.0 559.0 575.0 562.0 490.0 
669.0 727.0 533.0 489.0 628.0 695.0 634.0 
564.0 560.0 673.0 713.0 565.0 493.0 605.0 
732.0 728.0 565.0 396.0 555.0 836.0 707.0 
559.0 614.0 554.0 629.0 770.0 741.0 720.0 
622.0 533.0 686.0 813.0 733.0 602.0 607.0 
752.0 702.0 574.0 598.0 634.0 814.0 749.0 
519.0 593.0 578.0 771.0 831.0 489.0 641.0 
684.0 526.0 661.0 606.0 607.0 689.0 559.0 
462.0 548.0 711.0 641.0 523.0 607.0 533.0 
533.0 707.0 589.0 653.0 730.0 468.0 550.0 
648.0 642.0 708.0 572.0 525.0 571.0 644.0 
615.0 541.0 669.0 620.0 571.0 602.0 513.0 
620.0 715.0 637.0 588.0 519.0 530.0 650.0 
677.0 632.0 530.0 445.0 546.0 610.0 529.0 
532.0 601.0 554.0 416.0 392.0 567.0 642.0 
468.0 409.0 511.0 443.0 409.0 573.0 546.0 
467.0 496.0 442.0 439.0 403.0 584.0 789.0 
368.0 276.0 564.0 608.0 711.0 527.0 420.0 
560.0 543.0 644.0 641.0 551.0 554.0 653.0 
714.0 535.0 476.0 575.0 751.0 771.0 537.0 
489.0 469.0 583.0 849.0 740.0 461.0 387.0 
540.0 732.0 700.0 503.0 480.0 600.0 550.0 
564.0 641.0 533.0 547.0 579.0 580.0 586.0 
420.0 513.0 633.0 581.0 637.0 324.0 297.0 
724.0 659.0 612.0 445.0 278.0 632.0 652.0 
623.0 636.0 420.0 594.0 689.0 553.0 591.0 
578.0 594.0 643.0 628.0 531.0 433.0 598.0 
700.0 608.0 550.0 442.0 409.0 545.0 660.0 
595.0 430.0 384.0 512.0 616.0 518.0 441.0 
558.0 635.0 506.0 476.0 576.0 564.0 652.0 
682.0 536.0 447.0 407.0 613.0 840.0 692.0 
418.0 363.0 566.0 707.0 736.0 732.0 538.0 
370.0 566.0 891.0 819.0 528.0 521.0 629.0 
698.0 708.0 650.0 666.0 586.0 619.0 706.0 
493.0 584.0 766.0 641.0 648.0 526.0 492.0 
724.0 615.0 601.0 692.0 447.0 453.0 619.0 
612.0 519.0 413.0 566.0 540.0 357.0 529.0 
545.0 442.0 481.0 414.0 419.0 553.0 579.0 
497.0 475.0 412.0 463.0 629.0 533.0 451.0 
470.0 514.0 543.0 453.0 467.0 548.0 587.0 
550.0 521.0 524.0 490.0 621.0 683.0 559.0 
486.0 459.0 644.0 761.0 555.0 508.0 514.0 
509.0 675.0 594.0 514.0 559.0 502.0 611.0 
546.0 508.0 608.0 446.0 594.0 632.0 421.0 
586.0 510.0 493.0 664.0 468.0 433.0 456.0 
492.0 626.0 520.0 444.0 410.0 485.0 593.0 
445.0 440.0 538.0 413.0 368.0 473.0 445.0 
428.0 389.0 333.0 468.0 365.0 181.0 408.0 
612.0 387.0 171.0 330.0 459.0 463.0 416.0 
344.0 441.0 477.0 384.0 313.0 356.0 530.0 
615.0 489.0 250.0 254.0 578.0 693.0 432.0 
341.0 461.0 473.0 563.0 563.0 454.0 507.0 
516.0 547.0 602.0 538.0 463.0 504.0 628.0 
599.0 522.0 501.0 474.0 527.0 625.0 708.0 
551.0 319.0 497.0 654.0 639.0 624.0 435.0 
443.0 540.0 583.0 692.0 509.0 407.0 558.0 
562.0 542.0 498.0 495.0 546.0 441.0 530.0 
620.0 390.0 363.0 520.0 682.0 667.0 407.0 
384.0 536.0 680.0 716.0 580.0 474.0 419.0 
579.0 746.0 601.0 477.0 460.0 564.0 622.0 
456.0 496.0 516.0 481.0 618.0 409.0 308.0 
465.0 422.0 560.0 464.0 228.0 363.0 369.0 
447.0 375.0 194.0 441.0 367.0 313.0 432.0 
228.0 271.0 402.0 553.0 491.0 119.0 228.0 
385.0 481.0 614.0 309.0 71.0 203.0 482.0 
640.0 412.0 156.0 229.0 496.0 629.0 432.0 
266.0 435.0 599.0 598.0 496.0 368.0 429.0 
615.0 675.0 536.0 410.0 406.0 516.0 756.0 
722.0 416.0 376.0 474.0 586.0 709.0 520.0 
370.0 504.0 529.0 467.0 473.0 524.0 530.0 
458.0 433.0 487.0 570.0 472.0 326.0 522.0 
624.0 436.0 347.0 355.0 470.0 509.0 415.0 
348.0 226.0 396.0 614.0 384.0 261.0 339.0 
437.0 468.0 317.0 382.0 442.0 322.0 320.0 
350.0 421.0 407.0 263.0 270.0 390.0 418.0 
366.0 296.0 284.0 392.0 453.0 430.0 323.0 
255.0 421.0 433.0 313.0 373.0 444.0 443.0 
304.0 280.0 452.0 389.0 350.0 491.0 402.0 
310.0 359.0 334.0 410.0 485.0 388.0 324.0 
291.0 337.0 499.0 426.0 314.0 454.0 372.0 
325.0 467.0 380.0 547.0 575.0 237.0 386.0 
457.0 469.0 688.0 364.0 272.0 456.0 380.0 
633.0 560.0 291.0 420.0 358.0 445.0 509.0 
347.0 442.0 451.0 428.0 345.0 169.0 431.0 
656.0 403.0 161.0 164.0 363.0 486.0 445.0 
387.0 208.0 206.0 351.0 382.0 483.0 391.0 
255.0 307.0 335.0 433.0 391.0 339.0 446.0 
416.0 375.0 263.0 283.0 537.0 512.0 367.0 
261.0 275.0 481.0 528.0 439.0 393.0 410.0 
383.0 418.0 532.0 445.0 432.0 494.0 401.0 
412.0 533.0 544.0 458.0 415.0 452.0 459.0 
359.0 473.0 583.0 338.0 331.0 388.0 322.0 
467.0 433.0 400.0 423.0 267.0 385.0 444.0 
328.0 431.0 402.0 326.0 239.0 183.0 408.0 
334.0 130.0 226.0 276.0 234.0 176.0 256.0 
309.0 161.0 176.0 282.0 307.0 329.0 332.0 
301.0 235.0 197.0 347.0 552.0 357.0 187.0 
316.0 258.0 325.0 478.0 454.0 350.0 201.0 
350.0 423.0 333.0 447.0 432.0 440.0 407.0 
224.0 403.0 525.0 514.0 608.0 265.0 235.0 
534.0 463.0 590.0 390.0 196.0 510.0 416.0 
385.0 512.0 392.0 456.0 467.0 342.0 428.0 
467.0 514.0 558.0 437.0 450.0 452.0 424.0 
446.0 512.0 568.0 375.0 316.0 350.0 368.0 
594.0 583.0 269.0 110.0 329.0 607.0 513.0 
222.0 161.0 465.0 558.0 279.0 266.0 378.0 
408.0 423.0 303.0 292.0 336.0 363.0 312.0 
201.0 370.0 408.0 218.0 148.0 306.0 551.0 
394.0 128.0 223.0 471.0 468.0 340.0 295.0 
247.0 399.0 405.0 399.0 454.0 147.0 295.0 
496.0 341.0 470.0 352.0 270.0 410.0 386.0 
542.0 505.0 315.0 346.0 413.0 496.0 480.0 
493.0 430.0 338.0 460.0 466.0 511.0 468.0 
367.0 518.0 453.0 393.0 451.0 433.0 470.0 
384.0 395.0 429.0 311.0 334.0 426.0 471.0 
349.0 150.0 153.0 416.0 600.0 282.0 40.0 
230.0 345.0 357.0 323.0 197.0 168.0 311.0 
395.0 127.0 51.0 417.0 495.0 348.0 86.0 
22.0 426.0 488.0 349.0 378.0 292.0 195.0 
373.0 508.0 385.0 345.0 311.0 448.0 425.0 
196.0 449.0 423.0 252.0 489.0 426.0 278.0 
312.0 385.0 433.0 408.0 507.0 486.0 282.0 
332.0 485.0 497.0 536.0 374.0 309.0 515.0 
373.0 299.0 403.0 455.0 511.0 361.0 305.0 
306.0 304.0 509.0 488.0 347.0 436.0 301.0 
257.0 459.0 461.0 490.0 319.0 190.0 286.0 
455.0 528.0 131.0 282.0 600.0 310.0 145.0 
213.0 488.0 535.0 417.0 319.0 183.0 316.0 
379.0 511.0 480.0 289.0 323.0 232.0 384.0 
409.0 420.0 598.0 242.0 244.0 366.0 326.0 
581.0 449.0 343.0 228.0 143.0 498.0 409.0 
276.0 361.0 280.0 316.0 229.0 274.0 436.0 
248.0 290.0 280.0 89.0 222.0 308.0 519.0 
255.0 -54.0 337.0 189.0 236.0 468.0 287.0 
293.0 138.0 121.0 513.0 637.0 224.0 169.0 
316.0 257.0 455.0 506.0 489.0 231.0 82.0 
502.0 487.0 259.0 368.0 439.0 429.0 411.0 
336.0 258.0 339.0 649.0 568.0 261.0 239.0 
187.0 544.0 655.0 238.0 315.0 263.0 327.0 
653.0 458.0 373.0 272.0 273.0 612.0 459.0 
446.0 401.0 106.0 435.0 467.0 348.0 345.0 
178.0 344.0 309.0 314.0 302.0 267.0 334.0 
196.0 440.0 299.0 192.0 356.0 149.0 472.0 
405.0 44.0 150.0 232.0 401.0 321.0 140.0 
-14.0 150.0 436.0 298.0 124.0 -30.0 277.0 
309.0 20.0 325.0 315.0 108.0 202.0 290.0 
297.0 312.0 336.0 302.0 286.0 197.0 272.0 
504.0 383.0 219.0 363.0 280.0 288.0 543.0 
380.0 390.0 416.0 363.0 555.0 401.0 406.0 
561.0 571.0 485.0 317.0 455.0 569.0 572.0 
471.0 337.0 450.0 491.0 485.0 478.0 379.0 
401.0 488.0 525.0 398.0 323.0 528.0 540.0 
416.0 476.0 445.0 249.0 383.0 624.0 461.0 
326.0 262.0 301.0 450.0 423.0 409.0 272.0 
241.0 363.0 322.0 369.0 350.0 330.0 290.0 
250.0 409.0 265.0 257.0 375.0 36.0 219.0 
494.0 168.0 133.0 89.0 180.0 369.0 15.0 
150.0 340.0 61.0 303.0 315.0 23.0 275.0 
411.0 339.0 311.0 223.0 286.0 389.0 479.0 
418.0 281.0 268.0 279.0 489.0 533.0 341.0 
290.0 373.0 482.0 307.0 407.0 659.0 386.0 
361.0 504.0 430.0 530.0 510.0 429.0 512.0 
427.0 462.0 560.0 317.0 377.0 643.0 486.0 
323.0 359.0 531.0 503.0 323.0 549.0 485.0 
248.0 411.0 452.0 424.0 399.0 440.0 316.0 
195.0 411.0 474.0 501.0 208.0 155.0 522.0 
295.0 348.0 506.0 283.0 273.0 315.0 451.0 
440.0 168.0 363.0 578.0 192.0 312.0 528.0 
244.0 297.0 427.0 478.0 368.0 311.0 411.0 
270.0 418.0 580.0 450.0 309.0 210.0 478.0 
616.0 496.0 364.0 300.0 467.0 498.0 456.0 
483.0 418.0 261.0 421.0 688.0 411.0 211.0 
331.0 370.0 441.0 348.0 318.0 256.0 109.0 
441.0 458.0 174.0 250.0 223.0 245.0 524.0 
417.0 180.0 376.0 253.0 247.0 570.0 317.0 
372.0 277.0 207.0 752.0 310.0 322.0 589.0 
134.0 597.0 612.0 292.0 492.0 346.0 568.0 
654.0 436.0 497.0 435.0 492.0 557.0 631.0 
460.0 315.0 644.0 598.0 477.0 398.0 573.0 
588.0 267.0 686.0 641.0 275.0 546.0 746.0 
581.0 349.0 584.0 640.0 418.0 598.0 758.0 
475.0 215.0 547.0 624.0 512.0 539.0 451.0 
494.0 315.0 511.0 629.0 345.0 478.0 519.0 
440.0 296.0 427.0 661.0 362.0 377.0 563.0 
312.0 258.0 470.0 529.0 415.0 277.0 317.0 
362.0 306.0 439.0 418.0 231.0 247.0 346.0 
466.0 321.0 275.0 507.0 370.0 240.0 475.0 
548.0 354.0 396.0 577.0 360.0 224.0 606.0 
623.0 300.0 488.0 499.0 223.0 421.0 636.0 
589.0 321.0 328.0 603.0 371.0 482.0 640.0 
355.0 521.0 546.0 378.0 499.0 434.0 366.0 
610.0 570.0 301.0 313.0 385.0 628.0 668.0 
259.0 333.0 426.0 399.0 777.0 456.0 223.0 
591.0 384.0 587.0 675.0 230.0 517.0 612.0 
388.0 554.0 537.0 230.0 467.0 681.0 355.0 
404.0 365.0 469.0 628.0 382.0 536.0 504.0 
420.0 539.0 505.0 600.0 553.0 377.0 359.0 
534.0 546.0 475.0 496.0 204.0 286.0 650.0 
492.0 294.0 369.0 536.0 430.0 335.0 580.0 
580.0 370.0 426.0 517.0 516.0 546.0 414.0 
449.0 490.0 397.0 570.0 389.0 262.0 595.0 
525.0 383.0 477.0 405.0 362.0 606.0 570.0 
311.0 473.0 395.0 447.0 726.0 377.0 351.0 
462.0 415.0 581.0 471.0 392.0 469.0 542.0 
442.0 389.0 528.0 438.0 574.0 604.0 493.0 
488.0 360.0 722.0 741.0 463.0 599.0 509.0 
589.0 767.0 672.0 548.0 509.0 624.0 720.0 
737.0 595.0 456.0 603.0 718.0 638.0 530.0 
489.0 615.0 673.0 526.0 469.0 522.0 536.0 
592.0 638.0 530.0 426.0 389.0 453.0 606.0 
529.0 373.0 440.0 406.0 432.0 666.0 423.0 
273.0 508.0 459.0 596.0 516.0 271.0 601.0 
490.0 394.0 643.0 409.0 526.0 644.0 496.0 
564.0 422.0 477.0 643.0 530.0 634.0 566.0 
239.0 500.0 706.0 535.0 491.0 377.0 442.0 
528.0 475.0 562.0 390.0 368.0 615.0 444.0 
425.0 513.0 407.0 503.0 511.0 459.0 416.0 
427.0 595.0 556.0 440.0 312.0 356.0 656.0 
587.0 424.0 437.0 411.0 525.0 545.0 456.0 
546.0 609.0 545.0 448.0 530.0 618.0 591.0 
710.0 528.0 430.0 678.0 602.0 574.0 642.0 
566.0 538.0 564.0 540.0 544.0 664.0 622.0 
472.0 531.0 596.0 587.0 706.0 645.0 539.0 
570.0 559.0 706.0 665.0 519.0 570.0 589.0 
611.0 534.0 530.0 589.0 533.0 589.0 538.0 
432.0 592.0 632.0 546.0 523.0 513.0 587.0 
609.0 582.0 614.0 590.0 468.0 584.0 649.0 
607.0 663.0 501.0 560.0 617.0 649.0 759.0 
438.0 496.0 802.0 638.0 534.0 635.0 626.0 
561.0 679.0 682.0 456.0 517.0 654.0 627.0 
558.0 463.0 552.0 545.0 529.0 656.0 552.0 
447.0 546.0 577.0 505.0 585.0 552.0 475.0 
533.0 483.0 528.0 557.0 534.0 522.0 409.0 
428.0 538.0 495.0 464.0 414.0 392.0 489.0 
374.0 457.0 567.0 310.0 360.0 481.0 422.0 
532.0 513.0 398.0 412.0 423.0 651.0 568.0 
273.0 536.0 557.0 478.0 648.0 493.0 388.0 
597.0 704.0 581.0 527.0 564.0 596.0 656.0 
659.0 622.0 577.0 570.0 713.0 710.0 596.0 
609.0 567.0 626.0 681.0 685.0 645.0 478.0 
552.0 680.0 766.0 708.0 516.0 543.0 603.0 
771.0 820.0 653.0 627.0 536.0 696.0 913.0 
638.0 530.0 550.0 583.0 788.0 620.0 441.0 
482.0 512.0 692.0 675.0 519.0 531.0 508.0 
588.0 731.0 658.0 552.0 541.0 572.0 712.0 
795.0 572.0 448.0 566.0 701.0 770.0 548.0 
377.0 459.0 618.0 698.0 501.0 385.0 470.0 
499.0 499.0 532.0 557.0 413.0 365.0 520.0 
507.0 517.0 494.0 404.0 462.0 446.0 563.0 
599.0 345.0 451.0 641.0 508.0 486.0 609.0 
600.0 442.0 522.0 703.0 614.0 600.0 507.0 
496.0 766.0 752.0 609.0 443.0 555.0 855.0 
677.0 579.0 669.0 657.0 692.0 728.0 791.0 
804.0 689.0 609.0 842.0 1032.0 805.0 669.0 
664.0 819.0 1025.0 780.0 720.0 757.0 641.0 
902.0 881.0 597.0 657.0 752.0 759.0 688.0 
619.0 699.0 735.0 617.0 686.0 808.0 602.0 
524.0 710.0 753.0 642.0 595.0 592.0 611.0 
562.0 516.0 650.0 597.0 530.0 486.0 435.0 
566.0 588.0 553.0 468.0 554.0 570.0 440.0 
561.0 554.0 550.0 540.0 560.0 640.0 451.0 
465.0 544.0 537.0 653.0 532.0 451.0 520.0 
527.0 583.0 572.0 566.0 558.0 550.0 608.0 
678.0 637.0 547.0 656.0 652.0 693.0 768.0 
631.0 660.0 671.0 764.0 895.0 737.0 623.0 
644.0 812.0 881.0 727.0 736.0 769.0 726.0 
759.0 805.0 786.0 721.0 755.0 826.0 763.0 
757.0 892.0 712.0 558.0 874.0 942.0 686.0 
543.0 627.0 799.0 865.0 760.0 536.0 540.0 
703.0 843.0 753.0 509.0 586.0 629.0 644.0 
809.0 575.0 445.0 676.0 595.0 592.0 613.0 
474.0 525.0 495.0 547.0 571.0 409.0 405.0 
516.0 495.0 349.0 493.0 524.0 377.0 462.0 
471.0 607.0 594.0 365.0 505.0 654.0 720.0 
682.0 433.0 469.0 755.0 815.0 655.0 552.0 
571.0 680.0 706.0 673.0 820.0 760.0 518.0 
680.0 843.0 761.0 810.0 727.0 756.0 858.0 
615.0 753.0 851.0 760.0 875.0 606.0 647.0 
843.0 694.0 741.0 760.0 721.0 681.0 720.0 
633.0 622.0 893.0 731.0 607.0 638.0 646.0 
742.0 642.0 729.0 738.0 569.0 576.0 683.0 
755.0 639.0 656.0 668.0 556.0 595.0 670.0 
638.0 607.0 690.0 597.0 428.0 561.0 726.0 
611.0 510.0 608.0 620.0 543.0 536.0 599.0 
618.0 560.0 562.0 539.0 475.0 579.0 724.0 
581.0 368.0 443.0 670.0 694.0 497.0 507.0 
616.0 620.0 694.0 625.0 577.0 694.0 684.0 
732.0 760.0 644.0 672.0 757.0 797.0 791.0 
705.0 637.0 592.0 768.0 950.0 690.0 521.0 
674.0 740.0 705.0 712.0 690.0 574.0 601.0 
684.0 709.0 699.0 499.0 559.0 770.0 704.0 
666.0 555.0 604.0 784.0 663.0 602.0 546.0 
636.0 877.0 663.0 454.0 617.0 713.0 679.0 
623.0 569.0 663.0 741.0 664.0 613.0 581.0 
716.0 894.0 747.0 597.0 613.0 725.0 950.0 
845.0 633.0 693.0 704.0 826.0 817.0 591.0 
676.0 801.0 734.0 537.0 520.0 756.0 755.0 
618.0 547.0 500.0 625.0 762.0 679.0 536.0 
512.0 625.0 755.0 685.0 496.0 615.0 829.0 
645.0 495.0 662.0 737.0 691.0 634.0 582.0 
692.0 673.0 609.0 755.0 687.0 598.0 649.0 
657.0 636.0 591.0 682.0 727.0 665.0 586.0 
522.0 615.0 765.0 797.0 665.0 538.0 538.0 
746.0 880.0 671.0 598.0 667.0 594.0 723.0 
817.0 678.0 705.0 656.0 701.0 808.0 712.0 
765.0 739.0 788.0 840.0 750.0 730.0 649.0 
773.0 879.0 803.0 630.0 580.0 779.0 737.0 
751.0 712.0 515.0 700.0 780.0 678.0 700.0 
679.0 676.0 705.0 736.0 731.0 744.0 800.0 
738.0 673.0 641.0 761.0 958.0 748.0 616.0 
658.0 641.0 887.0 845.0 611.0 600.0 630.0 
759.0 767.0 713.0 617.0 607.0 747.0 650.0 
686.0 697.0 645.0 765.0 560.0 581.0 776.0 
628.0 658.0 640.0 617.0 771.0 715.0 660.0 
643.0 670.0 813.0 823.0 744.0 597.0 661.0 
894.0 805.0 671.0 585.0 605.0 805.0 774.0 
597.0 555.0 607.0 574.0 625.0 639.0 493.0 
671.0 592.0 305.0 596.0 718.0 578.0 537.0 
378.0 503.0 705.0 559.0 563.0 485.0 357.0 
667.0 655.0 480.0 573.0 466.0 540.0 668.0 
571.0 638.0 529.0 479.0 844.0 692.0 482.0 
694.0 483.0 710.0 901.0 453.0 645.0 642.0 
626.0 770.0 572.0 814.0 691.0 590.0 731.0 
634.0 874.0 737.0 608.0 732.0 746.0 898.0 
758.0 698.0 689.0 726.0 941.0 779.0 782.0 
696.0 517.0 808.0 801.0 726.0 672.0 553.0 
738.0 774.0 777.0 621.0 535.0 899.0 849.0 
580.0 627.0 736.0 771.0 781.0 709.0 541.0 
600.0 759.0 696.0 651.0 637.0 597.0 665.0 
540.0 580.0 757.0 560.0 537.0 578.0 651.0 
612.0 510.0 718.0 551.0 544.0 704.0 596.0 
644.0 576.0 622.0 670.0 602.0 613.0 593.0 
695.0 626.0 578.0 600.0 495.0 677.0 701.0 
582.0 610.0 528.0 572.0 619.0 656.0 636.0 
558.0 597.0 514.0 560.0 721.0 738.0 503.0 
382.0 684.0 733.0 630.0 622.0 505.0 542.0 
658.0 701.0 658.0 450.0 578.0 858.0 637.0 
478.0 651.0 746.0 678.0 711.0 753.0 547.0 
596.0 683.0 687.0 797.0 591.0 600.0 635.0 
529.0 677.0 698.0 716.0 525.0 451.0 635.0 
612.0 763.0 660.0 506.0 611.0 598.0 693.0 
653.0 632.0 637.0 534.0 685.0 633.0 460.0 
564.0 652.0 690.0 566.0 409.0 445.0 493.0 
698.0 768.0 494.0 364.0 406.0 564.0 670.0 
607.0 504.0 351.0 380.0 582.0 628.0 373.0 
278.0 531.0 553.0 532.0 400.0 244.0 629.0 
739.0 585.0 571.0 359.0 438.0 723.0 848.0 
709.0 397.0 490.0 594.0 650.0 745.0 613.0 
615.0 441.0 480.0 701.0 532.0 742.0 772.0 
495.0 517.0 612.0 820.0 693.0 599.0 723.0 
646.0 703.0 565.0 528.0 747.0 712.0 744.0 
581.0 390.0 523.0 655.0 886.0 780.0 455.0 
435.0 496.0 759.0 877.0 694.0 450.0 339.0 
646.0 702.0 622.0 645.0 478.0 463.0 530.0 
704.0 720.0 524.0 510.0 521.0 614.0 669.0 
631.0 554.0 545.0 636.0 530.0 538.0 645.0 
647.0 585.0 462.0 532.0 556.0 549.0 601.0 
511.0 597.0 585.0 380.0 466.0 589.0 690.0 
630.0 352.0 381.0 479.0 644.0 754.0 506.0 
472.0 478.0 480.0 581.0 647.0 772.0 503.0 
446.0 598.0 504.0 792.0 702.0 463.0 603.0 
559.0 589.0 444.0 464.0 708.0 544.0 411.0 
401.0 464.0 473.0 390.0 466.0 506.0 531.0 
469.0 242.0 303.0 650.0 733.0 383.0 177.0 
421.0 571.0 615.0 539.0 221.0 273.0 541.0 
637.0 522.0 252.0 267.0 467.0 672.0 607.0 
280.0 253.0 415.0 748.0 726.0 245.0 290.0 
573.0 710.0 638.0 458.0 418.0 417.0 714.0 
799.0 478.0 384.0 471.0 677.0 724.0 599.0 
522.0 334.0 400.0 750.0 822.0 483.0 194.0 
441.0 692.0 593.0 497.0 390.0 409.0 469.0 
540.0 586.0 307.0 360.0 615.0 583.0 469.0 
314.0 485.0 607.0 571.0 653.0 485.0 431.0 
571.0 673.0 720.0 601.0 472.0 498.0 737.0 
680.0 497.0 593.0 459.0 495.0 680.0 539.0 
478.0 315.0 369.0 675.0 542.0 438.0 293.0 
243.0 545.0 611.0 581.0 278.0 159.0 503.0 
563.0 536.0 292.0 218.0 472.0 450.0 512.0 
396.0 213.0 361.0 521.0 599.0 409.0 312.0 
340.0 428.0 818.0 704.0 351.0 341.0 435.0 
808.0 836.0 608.0 486.0 295.0 600.0 877.0 
836.0 633.0 339.0 466.0 611.0 800.0 775.0 
405.0 483.0 663.0 669.0 555.0 451.0 583.0 
682.0 701.0 497.0 216.0 333.0 656.0 782.0 
516.0 195.0 135.0 355.0 803.0 712.0 206.0 
70.0 243.0 664.0 723.0 363.0 183.0 226.0 
606.0 664.0 367.0 328.0 412.0 733.0 723.0 
295.0 203.0 476.0 884.0 755.0 335.0 224.0 
375.0 754.0 685.0 462.0 439.0 373.0 555.0 
572.0 523.0 510.0 419.0 609.0 526.0 299.0 
407.0 535.0 652.0 526.0 287.0 275.0 341.0 
656.0 716.0 327.0 153.0 203.0 585.0 748.0 
366.0 237.0 393.0 581.0 504.0 417.0 480.0 
409.0 610.0 572.0 315.0 348.0 471.0 747.0 
591.0 409.0 382.0 251.0 607.0 639.0 503.0 
478.0 244.0 478.0 523.0 420.0 549.0 457.0 
466.0 355.0 324.0 549.0 664.0 691.0 286.0 
108.0 605.0 937.0 790.0 243.0 13.0 478.0 
943.0 1036.0 503.0 -139.0 140.0 953.0 1272.0 
709.0 -15.0 -22.0 572.0 1189.0 1096.0 336.0 
-95.0 280.0 1005.0 1239.0 696.0 27.0 141.0 
885.0 1133.0 810.0 312.0 133.0 637.0 949.0 
908.0 512.0 101.0 504.0 868.0 891.0 523.0 
94.0 436.0 735.0 848.0 642.0 118.0 183.0 
532.0 898.0 837.0 270.0 39.0 207.0 725.0 
959.0 566.0 180.0 -12.0 304.0 755.0 727.0 
428.0 9.0 98.0 498.0 585.0 642.0 399.0 
79.0 261.0 635.0 681.0 308.0 229.0 555.0 
677.0 464.0 282.0 440.0 500.0 537.0 750.0 
531.0 209.0 241.0 549.0 780.0 562.0 498.0 
409.0 213.0 382.0 582.0 731.0 471.0 300.0 
516.0 427.0 412.0 481.0 668.0 710.0 344.0 
297.0 416.0 469.0 620.0 808.0 629.0 152.0 
175.0 504.0 753.0 825.0 559.0 278.0 168.0 
366.0 804.0 872.0 523.0 217.0 245.0 477.0 
600.0 695.0 598.0 359.0 303.0 301.0 501.0 
605.0 519.0 536.0 292.0 214.0 391.0 475.0 
546.0 325.0 357.0 447.0 199.0 285.0 397.0 
474.0 561.0 413.0 145.0 64.0 478.0 727.0 
614.0 298.0 7.0 278.0 520.0 601.0 559.0 
144.0 112.0 389.0 475.0 507.0 340.0 231.0 
412.0 462.0 321.0 274.0 404.0 500.0 475.0 
347.0 253.0 352.0 490.0 587.0 361.0 199.0 
440.0 372.0 334.0 473.0 404.0 425.0 401.0 
345.0 313.0 436.0 693.0 483.0 270.0 407.0 
505.0 530.0 481.0 531.0 498.0 357.0 394.0 
423.0 558.0 545.0 348.0 368.0 318.0 403.0 
584.0 486.0 456.0 459.0 379.0 381.0 451.0 
558.0 535.0 433.0 365.0 355.0 484.0 541.0 
531.0 445.0 295.0 366.0 531.0 579.0 433.0 
341.0 440.0 493.0 490.0 401.0 400.0 522.0 
526.0 486.0 419.0 400.0 464.0 524.0 562.0 
429.0 349.0 337.0 283.0 493.0 484.0 228.0 
211.0 210.0 357.0 406.0 255.0 265.0 267.0 
313.0 266.0 298.0 498.0 436.0 392.0 285.0 
265.0 488.0 467.0 498.0 363.0 284.0 525.0 
270.0 304.0 602.0 416.0 340.0 343.0 414.0 
451.0 487.0 582.0 394.0 366.0 484.0 590.0 
557.0 384.0 497.0 469.0 478.0 514.0 301.0 
481.0 563.0 422.0 390.0 259.0 448.0 658.0 
535.0 323.0 292.0 539.0 549.0 564.0 525.0 
313.0 504.0 538.0 439.0 412.0 415.0 619.0 
438.0 295.0 333.0 355.0 587.0 468.0 295.0 
270.0 301.0 465.0 441.0 423.0 270.0 216.0 
369.0 318.0 428.0 367.0 239.0 331.0 297.0 
365.0 344.0 368.0 425.0 273.0 383.0 428.0 
344.0 380.0 389.0 464.0 384.0 314.0 439.0 
452.0 470.0 465.0 433.0 455.0 384.0 439.0 
526.0 496.0 471.0 338.0 353.0 514.0 573.0 
545.0 422.0 385.0 425.0 529.0 606.0 528.0 
511.0 455.0 375.0 445.0 612.0 645.0 442.0 
352.0 369.0 435.0 599.0 604.0 379.0 268.0 
527.0 584.0 369.0 369.0 426.0 582.0 605.0 
322.0 266.0 403.0 553.0 671.0 462.0 261.0 
379.0 542.0 535.0 351.0 383.0 565.0 481.0 
256.0 316.0 636.0 542.0 377.0 467.0 365.0 
477.0 573.0 434.0 492.0 449.0 469.0 514.0 
409.0 459.0 469.0 469.0 449.0 406.0 383.0 
346.0 500.0 496.0 334.0 258.0 263.0 494.0 
475.0 253.0 239.0 290.0 409.0 363.0 232.0 
306.0 427.0 472.0 318.0 164.0 238.0 506.0 
626.0 342.0 161.0 237.0 416.0 492.0 383.0 
388.0 227.0 216.0 503.0 459.0 435.0 318.0 
210.0 495.0 565.0 482.0 330.0 291.0 527.0 
558.0 477.0 368.0 403.0 524.0 502.0 496.0 
405.0 426.0 482.0 494.0 604.0 482.0 356.0 
354.0 511.0 741.0 500.0 336.0 471.0 510.0 
633.0 595.0 415.0 379.0 471.0 604.0 502.0 
398.0 429.0 453.0 507.0 452.0 399.0 358.0 
354.0 557.0 552.0 284.0 212.0 425.0 610.0 
514.0 356.0 183.0 275.0 669.0 571.0 331.0 
290.0 287.0 501.0 509.0 445.0 370.0 233.0 
406.0 466.0 418.0 320.0 267.0 436.0 395.0 
367.0 266.0 184.0 458.0 458.0 352.0 280.0 
198.0 377.0 392.0 401.0 382.0 239.0 378.0 
371.0 367.0 511.0 458.0 375.0 268.0 396.0 
607.0 487.0 282.0 356.0 572.0 454.0 359.0 
404.0 373.0 511.0 541.0 412.0 282.0 346.0 
635.0 553.0 346.0 298.0 364.0 494.0 453.0 
562.0 425.0 238.0 462.0 427.0 481.0 511.0 
273.0 326.0 453.0 448.0 343.0 334.0 409.0 
441.0 435.0 262.0 250.0 355.0 456.0 574.0 
373.0 284.0 363.0 415.0 617.0 444.0 279.0 
494.0 434.0 356.0 461.0 516.0 407.0 282.0 
524.0 602.0 353.0 339.0 480.0 608.0 518.0 
442.0 506.0 378.0 522.0 702.0 508.0 385.0 
514.0 648.0 497.0 470.0 488.0 437.0 608.0 
538.0 348.0 389.0 527.0 521.0 388.0 376.0 
331.0 437.0 569.0 381.0 333.0 364.0 369.0 
397.0 377.0 478.0 313.0 212.0 388.0 342.0 
375.0 316.0 231.0 360.0 314.0 253.0 267.0 
372.0 397.0 301.0 320.0 215.0 343.0 500.0 
317.0 338.0 355.0 401.0 419.0 222.0 388.0 
585.0 429.0 307.0 315.0 451.0 526.0 465.0 
451.0 408.0 428.0 547.0 554.0 411.0 477.0 
607.0 423.0 457.0 569.0 532.0 453.0 388.0 
625.0 477.0 254.0 511.0 581.0 555.0 415.0 
356.0 546.0 503.0 515.0 532.0 451.0 538.0 
568.0 527.0 434.0 508.0 686.0 559.0 455.0 
512.0 578.0 517.0 451.0 599.0 527.0 426.0 
548.0 528.0 478.0 436.0 577.0 681.0 370.0 
364.0 533.0 518.0 510.0 420.0 453.0 337.0 
347.0 548.0 418.0 318.0 234.0 409.0 518.0 
258.0 267.0 357.0 511.0 393.0 270.0 491.0 
361.0 395.0 540.0 461.0 330.0 251.0 517.0 
498.0 364.0 446.0 345.0 311.0 338.0 442.0 
486.0 329.0 386.0 443.0 317.0 241.0 452.0 
641.0 311.0 207.0 382.0 430.0 541.0 423.0 
350.0 327.0 313.0 481.0 412.0 408.0 383.0 
236.0 402.0 426.0 311.0 340.0 340.0 406.0 
442.0 400.0 302.0 246.0 459.0 622.0 529.0 
298.0 196.0 384.0 521.0 590.0 500.0 281.0 
267.0 373.0 659.0 623.0 233.0 355.0 543.0 
474.0 459.0 398.0 403.0 415.0 431.0 499.0 
416.0 285.0 312.0 512.0 497.0 320.0 282.0 
266.0 451.0 551.0 399.0 243.0 227.0 525.0 
502.0 305.0 355.0 283.0 412.0 445.0 296.0 
379.0 357.0 408.0 396.0 268.0 357.0 349.0 
373.0 428.0 339.0 317.0 260.0 263.0 412.0 
455.0 310.0 137.0 201.0 295.0 372.0 354.0 
176.0 249.0 197.0 195.0 371.0 311.0 275.0 
139.0 249.0 438.0 310.0 317.0 220.0 258.0 
467.0 466.0 350.0 98.0 238.0 577.0 521.0 
304.0 162.0 343.0 483.0 448.0 399.0 216.0 
252.0 365.0 478.0 511.0 232.0 228.0 397.0 
320.0 318.0 413.0 347.0 229.0 281.0 378.0 
420.0 339.0 185.0 310.0 521.0 442.0 303.0 
334.0 377.0 444.0 446.0 372.0 447.0 406.0 
367.0 480.0 502.0 404.0 364.0 415.0 400.0 
448.0 416.0 402.0 406.0 278.0 366.0 456.0 
424.0 325.0 254.0 319.0 325.0 449.0 500.0 
345.0 261.0 260.0 505.0 514.0 182.0 286.0 
387.0 329.0 348.0 173.0 308.0 333.0 208.0 
448.0 134.0 107.0 465.0 205.0 318.0 330.0 
141.0 409.0 231.0 186.0 499.0 239.0 184.0 
311.0 207.0 