-329.0 -501.0 -615.0 -575.0 -558.0 -690.0 -821.0 
-781.0 -720.0 -733.0 -731.0 -760.0 -779.0 -753.0 
-678.0 -614.0 -643.0 -655.0 -540.0 -412.0 -384.0 
-392.0 -348.0 -244.0 -128.0 -85.0 -85.0 -42.0 
26.0 78.0 114.0 183.0 257.0 305.0 395.0 
477.0 482.0 517.0 609.0 652.0 674.0 686.0 
667.0 692.0 752.0 765.0 752.0 783.0 848.0 
862.0 846.0 856.0 883.0 878.0 842.0 812.0 
798.0 785.0 768.0 745.0 693.0 644.0 626.0 
606.0 553.0 480.0 399.0 323.0 271.0 237.0 
143.0 17.0 -20.0 21.0 22.0 -46.0 -108.0 
-125.0 -93.0 -60.0 -68.0 -116.0 -168.0 -167.0 
-116.0 -113.0 -191.0 -247.0 -251.0 -290.0 -324.0 
-327.0 -366.0 -396.0 -384.0 -390.0 -393.0 -379.0 
-394.0 -404.0 -346.0 -261.0 -279.0 -340.0 -260.0 
-97.0 -53.0 -52.0 51.0 61.0 137.0 412.0 
543.0 487.0 512.0 740.0 933.0 971.0 1025.0 
1093.0 1186.0 1321.0 1316.0 1265.0 1338.0 1347.0 
1294.0 1256.0 1235.0 1198.0 1137.0 1111.0 1025.0 
920.0 936.0 924.0 763.0 645.0 635.0 591.0 
453.0 275.0 170.0 123.0 11.0 -154.0 -325.0 
-455.0 -558.0 -713.0 -861.0 -965.0 -1112.0 -1249.0 
-1308.0 -1373.0 -1471.0 -1524.0 -1502.0 -1483.0 -1497.0 
-1436.0 -1303.0 -1198.0 -1131.0 -1032.0 -882.0 -684.0 
-530.0 -455.0 -331.0 -112.0 84.0 181.0 257.0 
416.0 592.0 687.0 754.0 871.0 968.0 1018.0 
1107.0 1225.0 1275.0 1293.0 1364.0 1435.0 1453.0 
1491.0 1576.0 1596.0 1572.0 1629.0 1674.0 1628.0 
1575.0 1561.0 1540.0 1473.0 1394.0 1335.0 1263.0 
1169.0 1051.0 985.0 965.0 862.0 717.0 666.0 
643.0 553.0 449.0 385.0 324.0 247.0 147.0 
60.0 1.0 -67.0 -172.0 -250.0 -318.0 -429.0 
-547.0 -620.0 -705.0 -837.0 -939.0 -990.0 -1090.0 
-1229.0 -1329.0 -1416.0 -1508.0 -1575.0 -1651.0 -1771.0 
-1877.0 -1904.0 -1924.0 -2007.0 -2058.0 -2012.0 -1937.0 
-1883.0 -1812.0 -1704.0 -1561.0 -1380.0 -1220.0 -1078.0 
-870.0 -637.0 -473.0 -304.0 -49.0 160.0 284.0 
455.0 675.0 870.0 1005.0 1057.0 1139.0 1355.0 
1522.0 1585.0 1622.0 1679.0 1703.0 1756.0 1871.0 
1873.0 1841.0 1901.0 1921.0 1859.0 1872.0 1909.0 
1882.0 1879.0 1862.0 1769.0 1694.0 1681.0 1612.0 
1519.0 1473.0 1364.0 1260.0 1215.0 1137.0 1007.0 
887.0 801.0 666.0 549.0 459.0 311.0 201.0 
142.0 27.0 -64.0 -93.0 -160.0 -244.0 -306.0 
-339.0 -391.0 -449.0 -464.0 -495.0 -558.0 -597.0 
-661.0 -724.0 -710.0 -676.0 -731.0 -806.0 -772.0 
-722.0 -740.0 -753.0 -703.0 -655.0 -647.0 -650.0 
-634.0 -600.0 -567.0 -570.0 -597.0 -598.0 -574.0 
-573.0 -572.0 -579.0 -602.0 -582.0 -515.0 -496.0 
-528.0 -485.0 -371.0 -326.0 -340.0 -287.0 -178.0 
-57.0 21.0 51.0 129.0 253.0 335.0 364.0 
412.0 524.0 619.0 644.0 663.0 697.0 711.0 
724.0 761.0 769.0 728.0 693.0 656.0 598.0 
549.0 531.0 496.0 406.0 354.0 356.0 306.0 
228.0 254.0 319.0 301.0 248.0 258.0 284.0 
255.0 232.0 245.0 209.0 139.0 138.0 150.0 
97.0 44.0 -32.0 -70.0 30.0 53.0 -39.0 
-104.0 -45.0 33.0 39.0 51.0 4.0 -28.0 
116.0 167.0 67.0 99.0 226.0 278.0 299.0 
346.0 390.0 433.0 544.0 650.0 656.0 710.0 
850.0 898.0 869.0 903.0 921.0 889.0 888.0 
893.0 859.0 789.0 784.0 798.0 688.0 561.0 
533.0 518.0 421.0 303.0 198.0 122.0 40.0 
-72.0 -183.0 -291.0 -405.0 -493.0 -548.0 -660.0 
-790.0 -848.0 -880.0 -953.0 -1057.0 -1147.0 -1168.0 
-1118.0 -1121.0 -1204.0 -1235.0 -1160.0 -1061.0 -1007.0 
-1020.0 -1012.0 -888.0 -738.0 -716.0 -737.0 -648.0 
-518.0 -446.0 -378.0 -296.0 -236.0 -148.0 -6.0 
114.0 169.0 195.0 253.0 344.0 409.0 424.0 
425.0 430.0 463.0 485.0 480.0 490.0 505.0 
523.0 529.0 537.0 564.0 596.0 607.0 614.0 
636.0 655.0 665.0 688.0 716.0 723.0 764.0 
839.0 867.0 870.0 906.0 942.0 974.0 982.0 
947.0 900.0 868.0 837.0 754.0 618.0 486.0 
379.0 245.0 73.0 -86.0 -231.0 -392.0 -529.0 
-630.0 -754.0 -913.0 -1076.0 -1170.0 -1178.0 -1227.0 
-1377.0 -1508.0 -1520.0 -1475.0 -1495.0 -1599.0 -1646.0 
-1550.0 -1449.0 -1427.0 -1421.0 -1363.0 -1230.0 -1099.0 
-1003.0 -916.0 -836.0 -749.0 -608.0 -485.0 -433.0 
-367.0 -255.0 -221.0 -149.0 -22.0 -44.0 -73.0 
52.0 179.0 212.0 235.0 242.0 233.0 324.0 
432.0 392.0 349.0 422.0 454.0 456.0 469.0 
465.0 488.0 528.0 546.0 523.0 516.0 562.0 
605.0 582.0 529.0 517.0 548.0 561.0 528.0 
473.0 435.0 426.0 429.0 370.0 306.0 293.0 
262.0 160.0 79.0 57.0 12.0 -120.0 -244.0 
-282.0 -403.0 -546.0 -625.0 -701.0 -812.0 -926.0 
-1004.0 -1076.0 -1153.0 -1219.0 -1312.0 -1402.0 -1419.0 
-1464.0 -1520.0 -1566.0 -1642.0 -1687.0 -1676.0 -1646.0 
-1686.0 -1767.0 -1733.0 -1647.0 -1628.0 -1624.0 -1595.0 
-1532.0 -1447.0 -1368.0 -1298.0 -1220.0 -1133.0 -1006.0 
-883.0 -798.0 -693.0 -559.0 -445.0 -341.0 -209.0 
-75.0 48.0 159.0 257.0 351.0 443.0 553.0 
641.0 670.0 696.0 741.0 776.0 767.0 737.0 
716.0 677.0 638.0 598.0 512.0 431.0 389.0 
324.0 247.0 186.0 128.0 55.0 -19.0 -66.0 
-115.0 -180.0 -232.0 -259.0 -292.0 -328.0 -346.0 
-379.0 -416.0 -417.0 -416.0 -423.0 -423.0 -431.0 
-435.0 -437.0 -462.0 -502.0 -533.0 -573.0 -653.0 
-736.0 -789.0 -853.0 -962.0 -1044.0 -1093.0 -1163.0 
-1232.0 -1289.0 -1326.0 -1345.0 -1386.0 -1413.0 -1377.0 
-1319.0 -1300.0 -1354.0 -1353.0 -1230.0 -1121.0 -1102.0 
-1110.0 -1071.0 -999.0 -957.0 -975.0 -941.0 -792.0 
-675.0 -703.0 -756.0 -652.0 -457.0 -388.0 -392.0 
-327.0 -239.0 -180.0 -164.0 -136.0 -93.0 -87.0 
-59.0 -35.0 -75.0 -84.0 -41.0 -44.0 -64.0 
-75.0 -54.0 15.0 13.0 -61.0 -47.0 24.0 
1.0 -68.0 -84.0 -85.0 -114.0 -137.0 -177.0 
-241.0 -269.0 -258.0 -328.0 -435.0 -449.0 -441.0 
-530.0 -640.0 -694.0 -716.0 -739.0 -780.0 -841.0 
-906.0 -897.0 -904.0 -949.0 -929.0 -921.0 -968.0 
-971.0 -930.0 -919.0 -945.0 -959.0 -942.0 -936.0 
-968.0 -1002.0 -1030.0 -1057.0 -1077.0 -1109.0 -1164.0 
-1198.0 -1238.0 -1303.0 -1336.0 -1339.0 -1356.0 -1393.0 
-1398.0 -1350.0 -1314.0 -1291.0 -1273.0 -1229.0 -1125.0 
-1026.0 -975.0 -892.0 -751.0 -628.0 -522.0 -394.0 
-252.0 -118.0 8.0 85.0 139.0 252.0 359.0 
424.0 501.0 540.0 529.0 569.0 624.0 591.0 
561.0 578.0 566.0 529.0 483.0 423.0 355.0 
275.0 180.0 49.0 -68.0 -166.0 -316.0 -492.0 
-650.0 -822.0 -996.0 -1168.0 -1333.0 -1472.0 -1617.0 
-1774.0 -1900.0 -1985.0 -2080.0 -2186.0 -2244.0 -2267.0 
-2308.0 -2359.0 -2376.0 -2398.0 -2430.0 -2439.0 -2429.0 
-2429.0 -2452.0 -2420.0 -2379.0 -2355.0 -2316.0 -2279.0 
-2237.0 -2168.0 -2060.0 -1933.0 -1863.0 -1771.0 -1606.0 
-1478.0 -1361.0 -1218.0 -1077.0 -967.0 -852.0 -720.0 
-608.0 -529.0 -463.0 -371.0 -330.0 -335.0 -300.0 
-233.0 -192.0 -173.0 -158.0 -114.0 -46.0 2.0 
39.0 90.0 135.0 188.0 252.0 295.0 345.0 
395.0 428.0 479.0 500.0 481.0 492.0 483.0 
411.0 350.0 298.0 187.0 64.0 -37.0 -160.0 
-310.0 -451.0 -572.0 -681.0 -799.0 -932.0 -1027.0 
-1079.0 -1159.0 -1259.0 -1285.0 -1269.0 -1272.0 -1266.0 
-1244.0 -1210.0 -1158.0 -1114.0 -1083.0 -1064.0 -1040.0 
-1009.0 -995.0 -1003.0 -1011.0 -1005.0 -1036.0 -1114.0 
-1151.0 -1186.0 -1264.0 -1356.0 -1442.0 -1525.0 -1622.0 
-1723.0 -1835.0 -1920.0 -1991.0 -2055.0 -2085.0 -2155.0 
-2322.0 -2402.0 -2325.0 -2275.0 -2358.0 -2445.0 -2412.0 
-2394.0 -2434.0 -2372.0 -2270.0 -2217.0 -2181.0 -2110.0 
-2022.0 -1915.0 -1854.0 -1790.0 -1702.0 -1612.0 -1463.0 
-1340.0 -1306.0 -1238.0 -1062.0 -930.0 -904.0 -856.0 
-743.0 -622.0 -532.0 -462.0 -407.0 -333.0 -257.0 
-268.0 -227.0 -114.0 -112.0 -142.0 -113.0 -91.0 
-67.0 -24.0 0.0 39.0 106.0 148.0 125.0 
129.0 204.0 227.0 171.0 116.0 57.0 2.0 
-51.0 -145.0 -285.0 -429.0 -547.0 -675.0 -815.0 
-970.0 -1132.0 -1255.0 -1375.0 -1540.0 -1697.0 -1808.0 
-1919.0 -2008.0 -2123.0 -2201.0 -2240.0 -2272.0 -2279.0 
-2271.0 -2228.0 -2154.0 -2098.0 -2034.0 -1896.0 -1779.0 
-1721.0 -1625.0 -1491.0 -1399.0 -1319.0 -1251.0 -1205.0 
-1166.0 -1156.0 -1175.0 -1196.0 -1228.0 -1279.0 -1346.0 
-1430.0 -1483.0 -1499.0 -1536.0 -1576.0 -1573.0 -1581.0 
-1621.0 -1648.0 -1661.0 -1664.0 -1642.0 -1637.0 -1686.0 
-1712.0 -1641.0 -1546.0 -1540.0 -1538.0 -1448.0 -1347.0 
-1303.0 -1285.0 -1252.0 -1163.0 -1054.0 -998.0 -982.0 
-913.0 -801.0 -738.0 -718.0 -672.0 -603.0 -548.0 
-488.0 -450.0 -460.0 -453.0 -398.0 -347.0 -342.0 
-366.0 -355.0 -291.0 -277.0 -322.0 -324.0 -281.0 
-266.0 -304.0 -316.0 -288.0 -272.0 -287.0 -337.0 
-366.0 -349.0 -365.0 -464.0 -558.0 -581.0 -616.0 
-702.0 -797.0 -890.0 -939.0 -977.0 -1070.0 -1182.0 
-1273.0 -1326.0 -1351.0 -1405.0 -1489.0 -1523.0 -1514.0 
-1509.0 -1508.0 -1513.0 -1482.0 -1409.0 -1356.0 -1332.0 
-1290.0 -1199.0 -1119.0 -1083.0 -1047.0 -981.0 -905.0 
-869.0 -861.0 -764.0 -674.0 -699.0 -647.0 -533.0 
-500.0 -536.0 -517.0 -457.0 -481.0 -553.0 -581.0 
-621.0 -696.0 -766.0 -818.0 -849.0 -922.0 -1047.0 
-1175.0 -1184.0 -1173.0 -1294.0 -1406.0 -1440.0 -1554.0 
-1698.0 -1705.0 -1716.0 -1842.0 -1942.0 -1912.0 -1916.0 
-2001.0 -2015.0 -2031.0 -2027.0 -1981.0 -1981.0 -1944.0 
-1883.0 -1821.0 -1732.0 -1637.0 -1576.0 -1513.0 -1418.0 
-1280.0 -1177.0 -1137.0 -1111.0 -1061.0 -939.0 -835.0 
-839.0 -849.0 -761.0 -663.0 -628.0 -596.0 -523.0 
-454.0 -427.0 -407.0 -359.0 -293.0 -244.0 -237.0 
-217.0 -167.0 -142.0 -147.0 -151.0 -124.0 -80.0 
-98.0 -138.0 -124.0 -68.0 -69.0 -147.0 -159.0 
-83.0 -77.0 -131.0 -148.0 -110.0 -54.0 -78.0 
-142.0 -104.0 -50.0 -92.0 -125.0 -91.0 -67.0 
-72.0 -88.0 -105.0 -86.0 -80.0 -131.0 -162.0 
-139.0 -154.0 -242.0 -311.0 -314.0 -345.0 -448.0 
-528.0 -545.0 -567.0 -633.0 -703.0 -745.0 -766.0 
-802.0 -868.0 -920.0 -939.0 -966.0 -1018.0 -1039.0 
-1028.0 -1029.0 -1059.0 -1060.0 -1034.0 -1043.0 -1049.0 
-1044.0 -1059.0 -1063.0 -1078.0 -1106.0 -1098.0 -1119.0 
-1193.0 -1240.0 -1261.0 -1301.0 -1357.0 -1410.0 -1450.0 
-1492.0 -1523.0 -1537.0 -1553.0 -1560.0 -1559.0 -1558.0 
-1571.0 -1555.0 -1496.0 -1469.0 -1442.0 -1352.0 -1237.0 
-1089.0 -1032.0 -1038.0 -876.0 -652.0 -537.0 -455.0 
-329.0 -220.0 -144.0 -24.0 88.0 106.0 166.0 
260.0 281.0 301.0 286.0 226.0 279.0 346.0 
299.0 182.0 79.0 65.0 43.0 -50.0 -90.0 
-131.0 -214.0 -236.0 -235.0 -271.0 -338.0 -356.0 
-317.0 -320.0 -359.0 -384.0 -422.0 -432.0 -432.0 
-472.0 -540.0 -546.0 -523.0 -613.0 -691.0 -677.0 
-700.0 -756.0 -817.0 -890.0 -943.0 -960.0 -996.0 
-1061.0 -1096.0 -1124.0 -1149.0 -1173.0 -1192.0 -1202.0 
-1181.0 -1139.0 -1127.0 -1123.0 -1080.0 -1033.0 -991.0 
-922.0 -877.0 -837.0 -730.0 -627.0 -564.0 -496.0 
-404.0 -318.0 -264.0 -211.0 -144.0 -100.0 -74.0 
-25.0 27.0 65.0 89.0 115.0 166.0 213.0 
215.0 238.0 306.0 332.0 308.0 315.0 355.0 
414.0 456.0 459.0 477.0 534.0 578.0 574.0 
567.0 568.0 545.0 522.0 465.0 342.0 265.0 
218.0 88.0 -71.0 -189.0 -328.0 -478.0 -620.0 
-769.0 -922.0 -1089.0 -1245.0 -1393.0 -1530.0 -1633.0 
-1731.0 -1845.0 -1917.0 -1919.0 -1912.0 -1916.0 -1877.0 
-1785.0 -1672.0 -1571.0 -1476.0 -1337.0 -1164.0 -1000.0 
-853.0 -731.0 -596.0 -409.0 -235.0 -114.0 6.0 
139.0 250.0 374.0 510.0 597.0 650.0 720.0 
786.0 822.0 834.0 826.0 805.0 780.0 736.0 
686.0 651.0 630.0 591.0 541.0 511.0 504.0 
506.0 486.0 460.0 468.0 491.0 500.0 490.0 
447.0 393.0 374.0 348.0 272.0 203.0 126.0 
14.0 -63.0 -131.0 -202.0 -260.0 -335.0 -397.0 
-422.0 -452.0 -465.0 -439.0 -427.0 -420.0 -357.0 
-254.0 -171.0 -111.0 -34.0 65.0 133.0 174.0 
222.0 274.0 322.0 326.0 305.0 298.0 278.0 
246.0 218.0 172.0 93.0 -9.0 -91.0 -131.0 
-201.0 -310.0 -413.0 -492.0 -549.0 -611.0 -696.0 
-758.0 -796.0 -835.0 -841.0 -826.0 -827.0 -798.0 
-721.0 -670.0 -599.0 -457.0 -346.0 -251.0 -98.0 
15.0 110.0 241.0 356.0 426.0 481.0 540.0 
599.0 623.0 627.0 636.0 639.0 615.0 595.0 
578.0 555.0 534.0 524.0 550.0 588.0 598.0 
620.0 687.0 727.0 748.0 822.0 858.0 833.0 
870.0 920.0 864.0 801.0 762.0 684.0 585.0 
494.0 389.0 254.0 113.0 1.0 -99.0 -183.0 
-249.0 -305.0 -340.0 -356.0 -374.0 -380.0 -373.0 
-353.0 -309.0 -272.0 -227.0 -162.0 -130.0 -98.0 
-17.0 62.0 99.0 136.0 173.0 202.0 242.0 
257.0 217.0 200.0 226.0 218.0 184.0 165.0 
146.0 131.0 140.0 157.0 150.0 138.0 135.0 
149.0 162.0 161.0 156.0 138.0 124.0 142.0 
185.0 191.0 186.0 208.0 231.0 244.0 270.0 
274.0 282.0 300.0 283.0 259.0 255.0 260.0 
249.0 187.0 113.0 127.0 158.0 144.0 63.0 
-5.0 50.0 100.0 83.0 60.0 72.0 104.0 
105.0 87.0 99.0 99.0 44.0 0.0 -2.0 
-21.0 -108.0 -172.0 -160.0 -177.0 -194.0 -191.0 
-243.0 -278.0 -186.0 -102.0 -132.0 -124.0 -13.0 
123.0 215.0 246.0 285.0 428.0 590.0 616.0 
620.0 701.0 761.0 778.0 808.0 812.0 767.0 
757.0 750.0 705.0 670.0 645.0 614.0 589.0 
566.0 543.0 516.0 502.0 506.0 494.0 473.0 
470.0 472.0 470.0 443.0 398.0 378.0 402.0 
388.0 333.0 312.0 299.0 266.0 253.0 265.0 
261.0 227.0 208.0 193.0 150.0 92.0 36.0 
-24.0 -91.0 -173.0 -285.0 -404.0 -497.0 -577.0 
-691.0 -824.0 -915.0 -987.0 -1080.0 -1177.0 -1237.0 
-1237.0 -1217.0 -1221.0 -1205.0 -1159.0 -1113.0 -1022.0 
-916.0 -846.0 -747.0 -617.0 -515.0 -400.0 -269.0 
-159.0 -31.0 117.0 245.0 354.0 473.0 592.0 
669.0 749.0 863.0 921.0 931.0 966.0 994.0 
983.0 960.0 940.0 905.0 862.0 834.0 810.0 
776.0 748.0 730.0 704.0 662.0 635.0 626.0 
614.0 583.0 563.0 571.0 551.0 521.0 520.0 
521.0 499.0 475.0 480.0 468.0 437.0 416.0 
380.0 330.0 249.0 163.0 103.0 24.0 -92.0 
-193.0 -291.0 -405.0 -489.0 -546.0 -618.0 -706.0 
-760.0 -771.0 -818.0 -900.0 -922.0 -936.0 -1017.0 
-1059.0 -1046.0 -1068.0 -1127.0 -1151.0 -1105.0 -1045.0 
-1020.0 -971.0 -897.0 -843.0 -751.0 -607.0 -502.0 
-415.0 -296.0 -186.0 -96.0 23.0 153.0 237.0 
316.0 394.0 454.0 547.0 634.0 684.0 752.0 
821.0 859.0 888.0 945.0 1006.0 997.0 974.0 
1015.0 1036.0 995.0 969.0 962.0 930.0 895.0 
864.0 820.0 763.0 710.0 638.0 559.0 491.0 
404.0 298.0 194.0 98.0 -27.0 -164.0 -286.0 
-417.0 -540.0 -636.0 -716.0 -810.0 -904.0 -963.0 
-1041.0 -1117.0 -1148.0 -1172.0 -1243.0 -1307.0 -1319.0 
-1331.0 -1362.0 -1408.0 -1410.0 -1358.0 -1340.0 -1331.0 
-1298.0 -1246.0 -1180.0 -1133.0 -1093.0 -1011.0 -941.0 
-919.0 -881.0 -825.0 -785.0 -764.0 -722.0 -672.0 
-639.0 -594.0 -533.0 -482.0 -433.0 -356.0 -267.0 
-179.0 -93.0 4.0 121.0 243.0 364.0 467.0 
542.0 613.0 709.0 791.0 834.0 873.0 927.0 
975.0 992.0 993.0 1009.0 1026.0 1033.0 1047.0 
1059.0 1075.0 1096.0 1083.0 1043.0 1031.0 1024.0 
977.0 883.0 778.0 670.0 544.0 417.0 286.0 
139.0 -4.0 -145.0 -311.0 -482.0 -621.0 -758.0 
-904.0 -1028.0 -1138.0 -1227.0 -1315.0 -1427.0 -1513.0 
-1542.0 -1577.0 -1647.0 -1701.0 -1719.0 -1739.0 -1760.0 
-1774.0 -1777.0 -1776.0 -1766.0 -1758.0 -1763.0 -1751.0 
-1734.0 -1736.0 -1731.0 -1694.0 -1647.0 -1610.0 -1560.0 
-1481.0 -1394.0 -1309.0 -1205.0 -1063.0 -905.0 -763.0 
-634.0 -478.0 -300.0 -145.0 -10.0 120.0 246.0 
382.0 487.0 548.0 609.0 676.0 707.0 696.0 
682.0 698.0 688.0 631.0 593.0 573.0 527.0 
482.0 470.0 448.0 400.0 361.0 332.0 291.0 
248.0 208.0 158.0 119.0 106.0 89.0 56.0 
25.0 12.0 30.0 52.0 45.0 45.0 78.0 
125.0 158.0 196.0 245.0 292.0 335.0 365.0 
377.0 416.0 477.0 493.0 469.0 474.0 507.0 
503.0 469.0 433.0 385.0 313.0 216.0 106.0 
-6.0 -126.0 -246.0 -371.0 -501.0 -623.0 -740.0 
-856.0 -956.0 -1031.0 -1107.0 -1168.0 -1198.0 -1219.0 
-1257.0 -1278.0 -1269.0 -1259.0 -1256.0 -1248.0 -1261.0 
-1282.0 -1275.0 -1257.0 -1230.0 -1201.0 -1184.0 -1154.0 
-1090.0 -1014.0 -965.0 -929.0 -856.0 -766.0 -716.0 
-688.0 -658.0 -609.0 -559.0 -542.0 -522.0 -481.0 
-456.0 -443.0 -419.0 -389.0 -360.0 -345.0 -328.0 
-291.0 -275.0 -280.0 -258.0 -238.0 -246.0 -245.0 
-227.0 -223.0 -240.0 -254.0 -250.0 -239.0 -236.0 
-232.0 -239.0 -266.0 -260.0 -233.0 -234.0 -230.0 
-181.0 -118.0 -89.0 -67.0 -24.0 23.0 56.0 
98.0 138.0 154.0 156.0 161.0 191.0 229.0 
256.0 273.0 287.0 313.0 346.0 376.0 417.0 
461.0 468.0 462.0 478.0 495.0 501.0 488.0 
463.0 437.0 424.0 419.0 377.0 329.0 318.0 
314.0 285.0 237.0 202.0 171.0 123.0 86.0 
77.0 46.0 -9.0 -62.0 -113.0 -161.0 -218.0 
-294.0 -383.0 -456.0 -541.0 -638.0 -739.0 -855.0 
-954.0 -1007.0 -1053.0 -1126.0 -1204.0 -1246.0 -1263.0 
-1269.0 -1252.0 -1207.0 -1158.0 -1117.0 -1054.0 -965.0 
-867.0 -770.0 -679.0 -599.0 -519.0 -429.0 -341.0 
-259.0 -186.0 -125.0 -68.0 -20.0 10.0 19.0 
38.0 80.0 89.0 62.0 66.0 100.0 124.0 
147.0 177.0 225.0 274.0 325.0 394.0 469.0 
538.0 601.0 649.0 671.0 682.0 708.0 730.0 
727.0 683.0 623.0 567.0 505.0 444.0 375.0 
302.0 246.0 215.0 176.0 119.0 74.0 24.0 
-26.0 -45.0 -69.0 -120.0 -160.0 -191.0 -227.0 
-257.0 -293.0 -327.0 -359.0 -378.0 -383.0 -385.0 
-389.0 -365.0 -306.0 -258.0 -214.0 -141.0 -57.0 
3.0 60.0 156.0 239.0 317.0 411.0 491.0 
584.0 664.0 719.0 764.0 806.0 836.0 839.0 
823.0 830.0 824.0 745.0 650.0 586.0 567.0 
544.0 471.0 398.0 341.0 294.0 263.0 238.0 
187.0 133.0 125.0 125.0 92.0 46.0 0.0 
-53.0 -118.0 -170.0 -197.0 -254.0 -340.0 -383.0 
-390.0 -411.0 -440.0 -441.0 -434.0 -433.0 -428.0 
-384.0 -331.0 -286.0 -224.0 -152.0 -98.0 -28.0 
57.0 138.0 230.0 318.0 385.0 453.0 532.0 
599.0 650.0 674.0 688.0 706.0 705.0 684.0 
649.0 603.0 549.0 482.0 420.0 369.0 321.0 
279.0 252.0 240.0 229.0 233.0 232.0 230.0 
251.0 278.0 315.0 350.0 384.0 444.0 521.0 
570.0 611.0 679.0 742.0 799.0 862.0 914.0 
959.0 1025.0 1078.0 1101.0 1120.0 1161.0 1183.0 
1163.0 1132.0 1095.0 1026.0 916.0 781.0 635.0 
501.0 348.0 147.0 -53.0 -196.0 -320.0 -477.0 
-632.0 -742.0 -820.0 -894.0 -943.0 -967.0 -977.0 
-969.0 -942.0 -894.0 -808.0 -715.0 -635.0 -543.0 
-418.0 -269.0 -105.0 40.0 160.0 310.0 494.0 
676.0 834.0 990.0 1154.0 1287.0 1412.0 1547.0 
1687.0 1801.0 1872.0 1943.0 2025.0 2106.0 2170.0 
2191.0 2197.0 2230.0 2246.0 2214.0 2176.0 2146.0 
2100.0 2021.0 1940.0 1845.0 1730.0 1629.0 1541.0 
1426.0 1295.0 1185.0 1085.0 966.0 834.0 722.0 
620.0 523.0 435.0 333.0 226.0 140.0 63.0 
-13.0 -83.0 -147.0 -189.0 -210.0 -231.0 -248.0 
-255.0 -255.0 -237.0 -227.0 -235.0 -232.0 -225.0 
-216.0 -207.0 -214.0 -246.0 -247.0 -236.0 -239.0 
-247.0 -244.0 -206.0 -165.0 -124.0 -50.0 23.0 
75.0 164.0 265.0 353.0 453.0 544.0 633.0 
744.0 830.0 898.0 992.0 1085.0 1158.0 1231.0 
1315.0 1405.0 1474.0 1497.0 1531.0 1593.0 1635.0 
1647.0 1661.0 1686.0 1690.0 1693.0 1705.0 1728.0 
1774.0 1809.0 1817.0 1851.0 1909.0 1959.0 2021.0 
2062.0 2098.0 2159.0 2196.0 2186.0 2172.0 2203.0 
2210.0 2177.0 2150.0 2093.0 2010.0 1927.0 1862.0 
1768.0 1625.0 1480.0 1337.0 1201.0 1056.0 883.0 
713.0 540.0 354.0 182.0 73.0 -35.0 -193.0 
-335.0 -405.0 -463.0 -541.0 -611.0 -664.0 -698.0 
-723.0 -739.0 -755.0 -783.0 -806.0 -793.0 -753.0 
-721.0 -691.0 -628.0 -532.0 -433.0 -321.0 -177.0 
-49.0 58.0 195.0 344.0 486.0 617.0 751.0 
873.0 953.0 1051.0 1169.0 1271.0 1349.0 1431.0 
1510.0 1571.0 1629.0 1683.0 1732.0 1782.0 1813.0 
1811.0 1840.0 1884.0 1893.0 1882.0 1894.0 1926.0 
1944.0 1924.0 1904.0 1906.0 1912.0 1916.0 1898.0 
1887.0 1888.0 1891.0 1891.0 1885.0 1872.0 1868.0 
1867.0 1844.0 1816.0 1802.0 1764.0 1686.0 1602.0 
1538.0 1484.0 1402.0 1297.0 1200.0 1109.0 1013.0 
913.0 809.0 706.0 616.0 520.0 415.0 334.0 
250.0 159.0 111.0 88.0 51.0 31.0 20.0 
16.0 31.0 55.0 90.0 126.0 148.0 175.0 
231.0 285.0 299.0 298.0 331.0 374.0 402.0 
422.0 438.0 440.0 434.0 453.0 495.0 525.0 
548.0 572.0 606.0 660.0 725.0 788.0 840.0 
889.0 960.0 1064.0 1150.0 1220.0 1326.0 1444.0 
1546.0 1657.0 1772.0 1875.0 1966.0 2064.0 2156.0 
2232.0 2309.0 2383.0 2416.0 2431.0 2462.0 2477.0 
2460.0 2456.0 2464.0 2448.0 2407.0 2361.0 2322.0 
2275.0 2227.0 2177.0 2087.0 1996.0 1923.0 1823.0 
1694.0 1566.0 1449.0 1334.0 1212.0 1074.0 939.0 
804.0 645.0 488.0 344.0 204.0 65.0 -50.0 
-170.0 -291.0 -384.0 -473.0 -585.0 -703.0 -802.0 
-879.0 -970.0 -1075.0 -1143.0 -1190.0 -1240.0 -1277.0 
-1283.0 -1265.0 -1234.0 -1170.0 -1050.0 -912.0 -776.0 
-599.0 -383.0 -158.0 74.0 317.0 575.0 837.0 
1091.0 1366.0 1666.0 1937.0 2175.0 2405.0 2635.0 
2853.0 3031.0 3173.0 3296.0 3415.0 3513.0 3573.0 
3621.0 3658.0 3657.0 3636.0 3622.0 3595.0 3535.0 
3432.0 3314.0 3192.0 3057.0 2913.0 2754.0 2556.0 
2334.0 2129.0 1913.0 1672.0 1421.0 1156.0 910.0 
680.0 425.0 157.0 -88.0 -322.0 -544.0 -738.0 
-918.0 -1091.0 -1230.0 -1332.0 -1385.0 -1409.0 -1430.0 
-1416.0 -1349.0 -1243.0 -1112.0 -998.0 -879.0 -705.0 
-522.0 -343.0 -137.0 48.0 193.0 366.0 572.0 
745.0 896.0 1053.0 1200.0 1350.0 1503.0 1656.0 
1809.0 1952.0 2091.0 2235.0 2374.0 2489.0 2576.0 
2652.0 2710.0 2754.0 2787.0 2795.0 2779.0 2753.0 
2718.0 2659.0 2569.0 2474.0 2370.0 2238.0 2080.0 
1913.0 1759.0 1594.0 1409.0 1224.0 1067.0 925.0 
782.0 651.0 552.0 472.0 398.0 349.0 319.0 
321.0 343.0 378.0 453.0 554.0 636.0 712.0 
802.0 893.0 960.0 1027.0 1117.0 1196.0 1234.0 
1263.0 1309.0 1348.0 1359.0 1341.0 1308.0 1280.0 
1234.0 1147.0 1071.0 1022.0 942.0 848.0 780.0 
712.0 629.0 550.0 504.0 476.0 431.0 395.0 
394.0 404.0 415.0 435.0 449.0 451.0 460.0 
480.0 494.0 492.0 482.0 478.0 481.0 480.0 
466.0 449.0 455.0 458.0 454.0 450.0 452.0 
468.0 494.0 514.0 542.0 574.0 603.0 626.0 
654.0 703.0 758.0 776.0 769.0 805.0 861.0 
854.0 845.0 871.0 906.0 895.0 884.0 931.0 
972.0 972.0 991.0 1039.0 1046.0 1043.0 1080.0 
1119.0 1120.0 1113.0 1114.0 1148.0 1185.0 1185.0 
1171.0 1188.0 1221.0 1207.0 1185.0 1184.0 1162.0 
1132.0 1142.0 1144.0 1098.0 1075.0 1087.0 1082.0 
1088.0 1120.0 1116.0 1087.0 1084.0 1090.0 1067.0 
1024.0 1011.0 997.0 960.0 967.0 989.0 948.0 
945.0 1013.0 1007.0 959.0 994.0 1036.0 1003.0 
960.0 993.0 1003.0 919.0 890.0 907.0 872.0 
828.0 830.0 800.0 740.0 712.0 714.0 670.0 
619.0 596.0 555.0 502.0 478.0 460.0 384.0 
306.0 254.0 187.0 91.0 13.0 -61.0 -155.0 
-248.0 -304.0 -329.0 -365.0 -388.0 -402.0 -414.0 
-393.0 -350.0 -308.0 -260.0 -217.0 -192.0 -152.0 
-65.0 5.0 25.0 29.0 59.0 132.0 178.0 
159.0 157.0 193.0 196.0 166.0 175.0 187.0 
149.0 115.0 125.0 133.0 119.0 112.0 90.0 
64.0 91.0 130.0 99.0 53.0 61.0 91.0 
105.0 104.0 93.0 83.0 57.0 32.0 25.0 
-18.0 -90.0 -126.0 -160.0 -215.0 -245.0 -283.0 
-327.0 -349.0 -354.0 -353.0 -347.0 -332.0 -315.0 
-287.0 -221.0 -150.0 -93.0 0.0 115.0 185.0 
242.0 345.0 453.0 519.0 575.0 664.0 765.0 
825.0 863.0 917.0 979.0 1032.0 1057.0 1028.0 
1002.0 1047.0 1068.0 980.0 880.0 856.0 829.0 
763.0 695.0 618.0 541.0 484.0 406.0 316.0 
250.0 195.0 88.0 -43.0 -128.0 -198.0 -308.0 
-451.0 -576.0 -680.0 -797.0 -928.0 -1044.0 -1130.0 
-1217.0 -1325.0 -1427.0 -1515.0 -1594.0 -1690.0 -1812.0 
-1928.0 -2003.0 -2068.0 -2157.0 -2257.0 -2365.0 -2451.0 
-2517.0 -2577.0 -2622.0 -2679.0 -2760.0 -2809.0 -2801.0 
-2778.0 -2763.0 -2741.0 -2695.0 -2633.0 -2543.0 -2427.0 
-2301.0 -2155.0 -2000.0 -1854.0 -1682.0 -1465.0 -1255.0 
-1073.0 -878.0 -655.0 -438.0 -242.0 -54.0 128.0 
289.0 421.0 540.0 651.0 723.0 753.0 783.0 
810.0 813.0 768.0 688.0 616.0 552.0 458.0 
341.0 220.0 94.0 -16.0 -123.0 -235.0 -343.0 
-440.0 -508.0 -560.0 -613.0 -644.0 -659.0 -685.0 
-713.0 -732.0 -764.0 -818.0 -888.0 -988.0 -1097.0 
-1178.0 -1239.0 -1322.0 -1431.0 -1514.0 -1557.0 -1609.0 
-1659.0 -1663.0 -1673.0 -1712.0 -1729.0 -1725.0 -1736.0 
-1748.0 -1745.0 -1725.0 -1691.0 -1667.0 -1645.0 -1610.0 
-1572.0 -1534.0 -1478.0 -1428.0 -1391.0 -1352.0 -1318.0 
-1277.0 -1223.0 -1185.0 -1158.0 -1110.0 -1057.0 -1005.0 
-949.0 -906.0 -866.0 -818.0 -778.0 -735.0 -697.0 
-671.0 -658.0 -652.0 -631.0 -607.0 -609.0 -641.0 
-691.0 -739.0 -784.0 -846.0 -913.0 -986.0 -1085.0 
-1171.0 -1216.0 -1310.0 -1462.0 -1544.0 -1604.0 -1713.0 
-1791.0 -1887.0 -2042.0 -2119.0 -2168.0 -2264.0 -2351.0 
-2403.0 -2461.0 -2501.0 -2521.0 -2564.0 -2585.0 -2581.0 
-2600.0 -2591.0 -2569.0 -2553.0 -2495.0 -2426.0 -2373.0 
-2266.0 -2152.0 -2071.0 -1957.0 -1826.0 -1725.0 -1610.0 
-1494.0 -1424.0 -1367.0 -1296.0 -1247.0 -1195.0 -1130.0 
-1090.0 -1070.0 -1050.0 -1017.0 -979.0 -955.0 -934.0 
-906.0 -865.0 -801.0 -738.0 -706.0 -682.0 -639.0 
-581.0 -504.0 -431.0 -384.0 -334.0 -266.0 -183.0 
-92.0 -14.0 45.0 94.0 129.0 173.0 228.0 
259.0 249.0 240.0 236.0 212.0 184.0 160.0 
130.0 83.0 27.0 -26.0 -87.0 -161.0 -208.0 
-245.0 -317.0 -387.0 -440.0 -509.0 -576.0 -644.0 
-739.0 -832.0 -918.0 -1025.0 -1148.0 -1262.0 -1368.0 
-1481.0 -1602.0 -1714.0 -1831.0 -1955.0 -2056.0 -2144.0 
-2254.0 -2379.0 -2479.0 -2569.0 -2660.0 -2750.0 -2830.0 
-2897.0 -2942.0 -2976.0 -3005.0 -3005.0 -2976.0 -2956.0 
-2934.0 -2881.0 -2826.0 -2785.0 -2737.0 -2678.0 -2625.0 
-2574.0 -2498.0 -2400.0 -2324.0 -2252.0 -2147.0 -2015.0 
-1890.0 -1786.0 -1674.0 -1527.0 -1348.0 -1183.0 -1049.0 
-905.0 -732.0 -555.0 -387.0 -228.0 -75.0 70.0 
218.0 359.0 466.0 549.0 639.0 724.0 788.0 
860.0 937.0 970.0 981.0 988.0 972.0 941.0 
905.0 838.0 734.0 626.0 521.0 406.0 275.0 
137.0 -15.0 -171.0 -302.0 -429.0 -579.0 -732.0 
-873.0 -1013.0 -1136.0 -1233.0 -1330.0 -1433.0 -1518.0 
-1585.0 -1640.0 -1679.0 -1711.0 -1742.0 -1758.0 -1754.0 
-1743.0 -1728.0 -1713.0 -1706.0 -1702.0 -1686.0 -1653.0 
-1612.0 -1577.0 -1544.0 -1494.0 -1414.0 -1315.0 -1221.0 
-1144.0 -1067.0 -968.0 -862.0 -767.0 -684.0 -620.0 
-570.0 -500.0 -442.0 -423.0 -394.0 -371.0 -383.0 
-391.0 -377.0 -376.0 -396.0 -417.0 -421.0 -427.0 
-437.0 -440.0 -433.0 -421.0 -403.0 -371.0 -325.0 
-262.0 -185.0 -86.0 22.0 108.0 198.0 336.0 
464.0 547.0 634.0 710.0 741.0 753.0 763.0 
738.0 693.0 652.0 580.0 483.0 393.0 283.0 
142.0 22.0 -82.0 -206.0 -337.0 -455.0 -567.0 
-680.0 -790.0 -904.0 -1013.0 -1104.0 -1176.0 -1246.0 
-1333.0 -1405.0 -1455.0 -1514.0 -1577.0 -1611.0 -1630.0 
-1677.0 -1742.0 -1790.0 -1815.0 -1832.0 -1849.0 -1878.0 
-1896.0 -1880.0 -1843.0 -1811.0 -1763.0 -1690.0 -1610.0 
-1510.0 -1389.0 -1263.0 -1120.0 -971.0 -837.0 -693.0 
-529.0 -381.0 -258.0 -143.0 -38.0 59.0 157.0 
238.0 314.0 393.0 442.0 456.0 486.0 557.0 
619.0 637.0 656.0 723.0 806.0 852.0 861.0 
873.0 897.0 929.0 944.0 934.0 919.0 903.0 
891.0 870.0 845.0 820.0 791.0 765.0 726.0 
671.0 623.0 578.0 515.0 437.0 360.0 273.0 
173.0 76.0 -12.0 -105.0 -214.0 -339.0 -454.0 
-536.0 -610.0 -688.0 -745.0 -777.0 -803.0 -815.0 
-803.0 -774.0 -731.0 -684.0 -614.0 -525.0 -442.0 
-372.0 -312.0 -246.0 -176.0 -116.0 -78.0 -55.0 
-37.0 -25.0 -25.0 -25.0 -35.0 -68.0 -99.0 
-118.0 -159.0 -197.0 -209.0 -227.0 -255.0 -270.0 
-266.0 -257.0 -255.0 -237.0 -193.0 -163.0 -149.0 
-124.0 -92.0 -55.0 -16.0 33.0 99.0 153.0 
208.0 271.0 332.0 386.0 435.0 485.0 529.0 
557.0 570.0 569.0 582.0 619.0 631.0 610.0 
595.0 591.0 590.0 586.0 576.0 571.0 577.0 
590.0 592.0 583.0 573.0 573.0 573.0 568.0 
561.0 547.0 520.0 495.0 480.0 477.0 448.0 
405.0 376.0 343.0 298.0 243.0 183.0 138.0 
102.0 62.0 17.0 -7.0 0.0 2.0 -14.0 
-18.0 -19.0 -46.0 -69.0 -69.0 -82.0 -122.0 
-156.0 -166.0 -170.0 -171.0 -179.0 -197.0 -193.0 
-172.0 -169.0 -175.0 -181.0 -181.0 -168.0 -141.0 
-121.0 -100.0 -64.0 -27.0 8.0 45.0 94.0 
144.0 191.0 239.0 286.0 320.0 339.0 377.0 
438.0 485.0 513.0 558.0 610.0 665.0 744.0 
832.0 923.0 1031.0 1133.0 1222.0 1317.0 1412.0 
1506.0 1587.0 1635.0 1654.0 1657.0 1642.0 1613.0 
1574.0 1512.0 1416.0 1296.0 1179.0 1064.0 941.0 
825.0 702.0 559.0 427.0 317.0 219.0 146.0 
68.0 -36.0 -104.0 -111.0 -103.0 -96.0 -83.0 
-70.0 -28.0 43.0 92.0 114.0 135.0 173.0 
214.0 211.0 170.0 155.0 159.0 141.0 123.0 
119.0 102.0 85.0 82.0 99.0 122.0 125.0 
115.0 130.0 184.0 224.0 231.0 258.0 330.0 
411.0 484.0 561.0 659.0 759.0 855.0 951.0 
1035.0 1107.0 1189.0 1259.0 1314.0 1370.0 1413.0 
1430.0 1449.0 1469.0 1472.0 1469.0 1476.0 1475.0 
1443.0 1405.0 1370.0 1318.0 1256.0 1187.0 1113.0 
1041.0 983.0 945.0 902.0 840.0 802.0 795.0 
783.0 778.0 791.0 787.0 772.0 775.0 783.0 
785.0 785.0 782.0 770.0 766.0 778.0 772.0 
765.0 782.0 783.0 769.0 773.0 775.0 760.0 
759.0 770.0 772.0 760.0 751.0 773.0 812.0 
837.0 854.0 873.0 888.0 915.0 948.0 967.0 
971.0 970.0 971.0 958.0 941.0 912.0 856.0 
789.0 712.0 650.0 594.0 510.0 409.0 331.0 
261.0 205.0 146.0 71.0 8.0 -33.0 -76.0 
-125.0 -163.0 -186.0 -206.0 -236.0 -241.0 -229.0 
-241.0 -247.0 -242.0 -238.0 -225.0 -236.0 -244.0 
-233.0 -210.0 -170.0 -148.0 -129.0 -79.0 -20.0 
24.0 88.0 171.0 229.0 275.0 385.0 525.0 
602.0 663.0 776.0 913.0 1040.0 1154.0 1256.0 
1363.0 1485.0 1627.0 1765.0 1876.0 1979.0 2086.0 
2181.0 2262.0 2341.0 2414.0 2476.0 2527.0 2570.0 
2600.0 2606.0 2601.0 2616.0 2631.0 2609.0 2577.0 
2552.0 2505.0 2451.0 2434.0 2435.0 2358.0 2147.0 
1875.0 1623.0 1437.0 1372.0 1350.0 1256.0 1128.0 
998.0 865.0 743.0 535.0 263.0 91.0 0.0 
-70.0 -166.0 -328.0 -368.0 -192.0 -68.0 -70.0 
-143.0 -322.0 -459.0 -508.0 -567.0 -338.0 72.0 
276.0 440.0 511.0 309.0 159.0 152.0 137.0 
209.0 218.0 233.0 455.0 621.0 531.0 209.0 
113.0 349.0 382.0 284.0 395.0 402.0 339.0 
435.0 410.0 247.0 396.0 623.0 429.0 296.0 
472.0 773.0 1080.0 964.0 764.0 745.0 723.0 
832.0 842.0 880.0 1168.0 1169.0 1035.0 988.0 
794.0 851.0 1119.0 1224.0 1193.0 1008.0 795.0 
933.0 1156.0 1150.0 963.0 870.0 951.0 873.0 
793.0 903.0 863.0 665.0 587.0 574.0 538.0 
442.0 196.0 157.0 414.0 680.0 786.0 778.0 
838.0 1051.0 1430.0 1741.0 1800.0 1820.0 1650.0 
1227.0 1224.0 1599.0 1849.0 2015.0 1945.0 1530.0 
1126.0 990.0 1071.0 1121.0 984.0 813.0 879.0 
1217.0 1393.0 1132.0 707.0 574.0 800.0 980.0 
812.0 502.0 210.0 -15.0 56.0 279.0 378.0 
297.0 180.0 405.0 775.0 910.0 1040.0 1253.0 
1212.0 1100.0 1102.0 958.0 907.0 1159.0 1253.0 
1330.0 1722.0 1965.0 1950.0 1875.0 1593.0 1396.0 
1580.0 1731.0 1557.0 1404.0 1431.0 1412.0 1531.0 
1822.0 1838.0 1554.0 1399.0 1436.0 1281.0 992.0 
709.0 402.0 191.0 141.0 321.0 630.0 895.0 
846.0 576.0 459.0 270.0 169.0 263.0 274.0 
332.0 328.0 103.0 -30.0 55.0 115.0 85.0 
44.0 19.0 154.0 288.0 298.0 377.0 524.0 
513.0 423.0 441.0 392.0 234.0 160.0 98.0 
-11.0 -85.0 83.0 487.0 758.0 680.0 451.0 
378.0 447.0 394.0 283.0 231.0 186.0 190.0 
205.0 229.0 382.0 617.0 878.0 1087.0 1193.0 
1218.0 1110.0 932.0 954.0 1155.0 1322.0 1364.0 
1319.0 1268.0 1213.0 1252.0 1523.0 1840.0 1967.0 
1986.0 2044.0 2056.0 1914.0 1787.0 1910.0 1983.0 
1769.0 1582.0 1526.0 1350.0 983.0 755.0 759.0 
788.0 819.0 1064.0 1358.0 1329.0 1130.0 1026.0 
950.0 799.0 548.0 341.0 282.0 244.0 193.0 
162.0 207.0 260.0 151.0 -9.0 55.0 300.0 
451.0 476.0 505.0 503.0 395.0 325.0 417.0 
589.0 786.0 1073.0 1398.0 1545.0 1424.0 1169.0 
1024.0 984.0 943.0 1115.0 1336.0 1228.0 1090.0 
1193.0 1215.0 998.0 765.0 587.0 283.0 -46.0 
-59.0 93.0 82.0 -1.0 -101.0 -323.0 -543.0 
-584.0 -575.0 -606.0 -464.0 -251.0 -234.0 -237.0 
-98.0 25.0 37.0 16.0 70.0 136.0 180.0 
253.0 267.0 216.0 256.0 334.0 336.0 363.0 
493.0 644.0 757.0 879.0 975.0 926.0 885.0 
1027.0 1228.0 1263.0 1037.0 827.0 959.0 1163.0 
1106.0 1093.0 1268.0 1330.0 1327.0 1345.0 1285.0 
1247.0 1340.0 1469.0 1529.0 1513.0 1437.0 1390.0 
1369.0 1195.0 990.0 948.0 915.0 1009.0 1396.0 
1736.0 1814.0 1737.0 1543.0 1239.0 888.0 545.0 
289.0 267.0 474.0 680.0 810.0 944.0 1100.0 
1298.0 1312.0 1102.0 911.0 738.0 654.0 684.0 
717.0 779.0 771.0 694.0 689.0 694.0 538.0 
324.0 345.0 485.0 474.0 381.0 362.0 377.0 
338.0 274.0 26.0 -417.0 -697.0 -688.0 -602.0 
-588.0 -543.0 -536.0 -669.0 -684.0 -492.0 -311.0 
-251.0 -198.0 -31.0 102.0 92.0 196.0 483.0 
647.0 667.0 655.0 631.0 607.0 532.0 425.0 
390.0 486.0 681.0 814.0 876.0 1014.0 1099.0 
986.0 860.0 866.0 986.0 1196.0 1376.0 1401.0 
1338.0 1235.0 1107.0 1055.0 972.0 777.0 620.0 
608.0 673.0 746.0 742.0 657.0 607.0 671.0 
780.0 784.0 636.0 448.0 231.0 -6.0 -168.0 
-123.0 87.0 230.0 267.0 304.0 283.0 157.0 
35.0 -68.0 -103.0 70.0 261.0 266.0 332.0 
466.0 403.0 180.0 -28.0 -158.0 -194.0 -164.0 
-2.0 251.0 356.0 269.0 183.0 217.0 221.0 
86.0 57.0 256.0 385.0 381.0 446.0 540.0 
461.0 314.0 354.0 455.0 439.0 385.0 365.0 
444.0 612.0 699.0 653.0 616.0 682.0 753.0 
603.0 323.0 225.0 390.0 592.0 737.0 924.0 
1045.0 975.0 780.0 562.0 349.0 202.0 142.0 
150.0 190.0 222.0 343.0 568.0 711.0 698.0 
680.0 720.0 719.0 687.0 688.0 648.0 561.0 
530.0 547.0 631.0 705.0 658.0 576.0 566.0 
530.0 398.0 345.0 390.0 400.0 358.0 310.0 
261.0 173.0 93.0 15.0 -134.0 -310.0 -394.0 
-420.0 -414.0 -368.0 -318.0 -281.0 -270.0 -254.0 
-188.0 -137.0 -106.0 30.0 205.0 211.0 166.0 
219.0 259.0 217.0 182.0 234.0 321.0 339.0 
248.0 82.0 -160.0 -393.0 -479.0 -503.0 -536.0 
-431.0 -239.0 -211.0 -313.0 -372.0 -349.0 -386.0 
-580.0 -800.0 -882.0 -859.0 -708.0 -439.0 -277.0 
-282.0 -315.0 -221.0 -22.0 153.0 250.0 254.0 
208.0 184.0 218.0 228.0 171.0 102.0 145.0 
264.0 272.0 207.0 281.0 443.0 490.0 410.0 
384.0 572.0 845.0 893.0 869.0 1031.0 1157.0 
1092.0 1043.0 1090.0 1104.0 1139.0 1313.0 1616.0 
1820.0 1766.0 1637.0 1527.0 1298.0 1054.0 1024.0 
1180.0 1439.0 1774.0 1908.0 1744.0 1588.0 1518.0 
1381.0 1214.0 1011.0 729.0 569.0 516.0 444.0 
532.0 766.0 915.0 829.0 619.0 410.0 221.0 
155.0 25.0 -458.0 -957.0 -1038.0 -993.0 -1221.0 
-1529.0 -1593.0 -1512.0 -1571.0 -1835.0 -2095.0 -2205.0 
-2197.0 -2169.0 -2236.0 -2333.0 -2301.0 -2190.0 -2090.0 
-2046.0 -2076.0 -2107.0 -2043.0 -1862.0 -1615.0 -1309.0 
-1062.0 -1006.0 -933.0 -747.0 -464.0 -52.0 293.0 
372.0 352.0 484.0 735.0 875.0 867.0 995.0 
1249.0 1419.0 1622.0 2014.0 2454.0 2768.0 2921.0 
3011.0 3175.0 3400.0 3501.0 3321.0 2958.0 2656.0 
2478.0 2391.0 2391.0 2386.0 2373.0 2348.0 2216.0 
1918.0 1569.0 1357.0 1370.0 1402.0 1281.0 1087.0 
880.0 700.0 546.0 409.0 352.0 145.0 -347.0 
-728.0 -807.0 -839.0 -961.0 -1128.0 -1342.0 -1577.0 
-1728.0 -1845.0 -2213.0 -2660.0 -2688.0 -2487.0 -2359.0 
-2093.0 -1750.0 -1643.0 -1727.0 -1729.0 -1546.0 -1256.0 
-988.0 -837.0 -765.0 -641.0 -466.0 -415.0 -491.0 
-494.0 -380.0 -210.0 -33.0 57.0 123.0 240.0 
285.0 341.0 584.0 911.0 1151.0 1312.0 1450.0 
1485.0 1450.0 1512.0 1644.0 1725.0 1766.0 1824.0 
1914.0 1908.0 1762.0 1551.0 1152.0 771.0 726.0 
640.0 371.0 299.0 306.0 125.0 -89.0 -169.0 
-71.0 127.0 156.0 -36.0 -256.0 -446.0 -558.0 
-607.0 -595.0 -453.0 -380.0 -533.0 -748.0 -864.0 
-906.0 -931.0 -931.0 -1007.0 -1183.0 -1260.0 -1149.0 
-945.0 -790.0 -727.0 -636.0 -490.0 -509.0 -594.0 
-460.0 -245.0 -188.0 -222.0 -227.0 -208.0 -224.0 
-253.0 -213.0 -50.0 277.0 610.0 803.0 1127.0 
1494.0 1474.0 1404.0 1685.0 2092.0 2260.0 2083.0 
1895.0 1921.0 1961.0 1966.0 1926.0 1682.0 1439.0 
1543.0 1712.0 1647.0 1550.0 1622.0 1647.0 1440.0 
1207.0 1146.0 1237.0 1321.0 1197.0 971.0 679.0 
272.0 43.0 -22.0 -205.0 -377.0 -446.0 -620.0 
-735.0 -658.0 -685.0 -885.0 -1026.0 -1128.0 -1213.0 
-1324.0 -1472.0 -1540.0 -1534.0 -1444.0 -1339.0 -1478.0 
-1656.0 -1494.0 -1269.0 -1294.0 -1520.0 -1821.0 -2048.0 
-2204.0 -2395.0 -2548.0 -2500.0 -2300.0 -2113.0 -1983.0 
-1813.0 -1577.0 -1401.0 -1350.0 -1389.0 -1339.0 -1002.0 
-748.0 -667.0 -286.0 179.0 364.0 399.0 402.0 
464.0 630.0 696.0 584.0 607.0 967.0 1209.0 
1057.0 1061.0 1418.0 1743.0 1782.0 1666.0 1694.0 
1720.0 1481.0 1282.0 1346.0 1487.0 1464.0 1248.0 
1130.0 1160.0 1035.0 818.0 806.0 897.0 821.0 
564.0 253.0 -1.0 -25.0 44.0 -15.0 -48.0 
55.0 125.0 35.0 -100.0 -98.0 7.0 61.0 
47.0 -10.0 -95.0 -275.0 -619.0 -851.0 -811.0 
-720.0 -699.0 -645.0 -435.0 -150.0 -53.0 -214.0 
-289.0 -237.0 -244.0 -204.0 -163.0 -231.0 -263.0 
-306.0 -412.0 -411.0 -452.0 -562.0 -567.0 -667.0 
-839.0 -814.0 -681.0 -596.0 -581.0 -700.0 -760.0 
-532.0 -155.0 128.0 108.0 -186.0 -478.0 -691.0 
-793.0 -766.0 -814.0 -898.0 -866.0 -793.0 -718.0 
-494.0 -216.0 -141.0 -82.0 63.0 -22.0 -289.0 
-364.0 -407.0 -540.0 -455.0 -290.0 -266.0 -222.0 
-195.0 -237.0 -301.0 -423.0 -579.0 -652.0 -577.0 
-547.0 -590.0 -532.0 -336.0 -210.0 -291.0 -321.0 
-218.0 -222.0 -298.0 -217.0 -58.0 30.0 2.0 
-82.0 -178.0 -362.0 -511.0 -501.0 -464.0 -363.0 
-219.0 -164.0 -76.0 53.0 80.0 117.0 70.0 
-172.0 -323.0 -177.0 152.0 556.0 873.0 928.0 
758.0 477.0 235.0 354.0 622.0 705.0 877.0 
1123.0 1093.0 857.0 656.0 572.0 512.0 329.0 
68.0 -102.0 -99.0 2.0 85.0 80.0 -28.0 
-216.0 -369.0 -370.0 -243.0 -200.0 -329.0 -415.0 
-369.0 -315.0 -298.0 -302.0 -221.0 -10.0 109.0 
50.0 -51.0 -153.0 -213.0 -162.0 -73.0 -71.0 
-94.0 -30.0 106.0 285.0 465.0 576.0 575.0 
426.0 108.0 -317.0 -805.0 -1278.0 -1423.0 -1178.0 
-893.0 -694.0 -516.0 -498.0 -650.0 -851.0 -1094.0 
-1274.0 -1267.0 -1181.0 -1024.0 -854.0 -815.0 -772.0 
-599.0 -452.0 -542.0 -712.0 -643.0 -469.0 -485.0 
-521.0 -414.0 -307.0 -171.0 113.0 245.0 -67.0 
-530.0 -788.0 -755.0 -502.0 -245.0 -142.0 -83.0 
-24.0 -181.0 -556.0 -902.0 -1009.0 -883.0 -799.0 
-946.0 -1155.0 -1102.0 -741.0 -363.0 -41.0 326.0 
652.0 825.0 806.0 617.0 397.0 251.0 257.0 
410.0 471.0 395.0 319.0 256.0 187.0 294.0 
534.0 532.0 231.0 56.0 196.0 372.0 353.0 
236.0 134.0 8.0 -139.0 -246.0 -478.0 -989.0 
-1359.0 -1206.0 -836.0 -559.0 -290.0 4.0 303.0 
647.0 906.0 746.0 -8.0 -849.0 -1105.0 -574.0 
331.0 883.0 844.0 590.0 434.0 392.0 278.0 
5.0 -274.0 -411.0 -464.0 -488.0 -507.0 -582.0 
-649.0 -606.0 -560.0 -598.0 -467.0 -150.0 -132.0 
-555.0 -1081.0 -1405.0 -1423.0 -1107.0 -629.0 -164.0 
254.0 553.0 577.0 243.0 -125.0 -212.0 -153.0 
-98.0 -71.0 -8.0 253.0 545.0 588.0 400.0 
116.0 -62.0 143.0 735.0 1175.0 916.0 -8.0 
-958.0 -1341.0 -1115.0 -558.0 -43.0 65.0 -204.0 
-403.0 -357.0 -240.0 -261.0 -446.0 -628.0 -633.0 
-440.0 -45.0 473.0 878.0 1053.0 978.0 747.0 
552.0 334.0 12.0 -427.0 -992.0 -1401.0 -1450.0 
-1259.0 -1016.0 -802.0 -749.0 -975.0 -1134.0 -933.0 
-750.0 -733.0 -654.0 -626.0 -678.0 -555.0 -155.0 
364.0 694.0 709.0 567.0 150.0 -722.0 -1534.0 
-1757.0 -1596.0 -1327.0 -1134.0 -1150.0 -1139.0 -996.0 
-1037.0 -1291.0 -1456.0 -1505.0 -1384.0 -1047.0 -761.0 
-556.0 -364.0 -318.0 -403.0 -391.0 -331.0 -229.0 
58.0 300.0 350.0 344.0 427.0 614.0 618.0 
424.0 415.0 538.0 612.0 857.0 1123.0 968.0 
737.0 956.0 1398.0 1735.0 1897.0 1862.0 1563.0 
1084.0 755.0 745.0 867.0 950.0 1034.0 1106.0 
1068.0 986.0 874.0 618.0 131.0 -480.0 -931.0 
-1176.0 -1474.0 -1787.0 -1861.0 -1752.0 -1650.0 -1467.0 
-1257.0 -1273.0 -1499.0 -1732.0 -1911.0 -2027.0 -1960.0 
-1731.0 -1446.0 -1120.0 -816.0 -678.0 -614.0 -463.0 
-538.0 -1036.0 -1464.0 -1435.0 -1259.0 -1232.0 -1154.0 
-948.0 -780.0 -707.0 -626.0 -629.0 -966.0 -1311.0 
-1315.0 -1286.0 -1365.0 -1208.0 -712.0 -234.0 -99.0 
-236.0 -457.0 -687.0 -691.0 -261.0 181.0 285.0 
369.0 548.0 583.0 542.0 609.0 504.0 265.0 
421.0 637.0 476.0 288.0 324.0 312.0 57.0 
-160.0 -102.0 133.0 282.0 167.0 -118.0 -260.0 
-5.0 485.0 739.0 812.0 703.0 377.0 345.0 
750.0 1099.0 1197.0 1142.0 672.0 69.0 -204.0 
-323.0 -318.0 -105.0 -262.0 -931.0 -1373.0 -1456.0 
-1609.0 -1806.0 -1947.0 -1921.0 -1584.0 -1303.0 -1262.0 
-1343.0 -1411.0 -1265.0 -1113.0 -1187.0 -1270.0 -1027.0 
-427.0 -95.0 -431.0 -722.0 -714.0 -1121.0 -1913.0 
-2423.0 -2551.0 -2467.0 -2190.0 -1659.0 -1230.0 -1147.0 
-1025.0 -815.0 -593.0 -495.0 -607.0 -475.0 -220.0 
-90.0 104.0 29.0 -355.0 -717.0 -786.0 -526.0 
-175.0 180.0 429.0 489.0 616.0 712.0 532.0 
548.0 855.0 1009.0 1173.0 1448.0 1620.0 1661.0 
1490.0 1082.0 680.0 377.0 129.0 -54.0 -207.0 
-180.0 10.0 213.0 468.0 675.0 636.0 342.0 
47.0 -92.0 -123.0 -36.0 105.0 15.0 -346.0 
-707.0 -1130.0 -1605.0 -1728.0 -1364.0 -853.0 -462.0 
-172.0 52.0 126.0 -15.0 -203.0 -345.0 -525.0 
-843.0 -1393.0 -1918.0 -2013.0 -1774.0 -1550.0 -1393.0 
-1172.0 -820.0 -495.0 -481.0 -695.0 -859.0 -1027.0 
-1276.0 -1364.0 -1217.0 -1021.0 -682.0 -132.0 341.0 
502.0 298.0 -133.0 -560.0 -1003.0 -1485.0 -1795.0 
-2008.0 -2100.0 -1798.0 -1276.0 -778.0 -567.0 -639.0 
-480.0 -211.0 -276.0 -286.0 -174.0 -408.0 -888.0 
-1219.0 -1187.0 -953.0 -867.0 -1003.0 -1072.0 -1089.0 
-1147.0 -1134.0 -1098.0 -1017.0 -799.0 -525.0 -255.0 
3.0 251.0 449.0 437.0 313.0 143.0 -134.0 
-457.0 -737.0 -888.0 -996.0 -1226.0 -1441.0 -1438.0 
-1264.0 -1127.0 -1096.0 -1173.0 -1305.0 -1188.0 -783.0 
-616.0 -751.0 -620.0 -83.0 368.0 522.0 461.0 
240.0 209.0 417.0 363.0 169.0 334.0 544.0 
311.0 -87.0 -252.0 -240.0 -317.0 -423.0 -387.0 
-270.0 -320.0 -405.0 -258.0 -27.0 115.0 197.0 
119.0 -171.0 -475.0 -718.0 -1013.0 -1232.0 -1353.0 
-1418.0 -1306.0 -1167.0 -1066.0 -752.0 -422.0 -489.0 
-814.0 -1142.0 -1479.0 -1812.0 -2222.0 -2627.0 -2645.0 
-2354.0 -2208.0 -2060.0 -1765.0 -1671.0 -1726.0 -1607.0 
-1458.0 -1480.0 -1596.0 -1747.0 -1858.0 -1898.0 -1980.0 
-2071.0 -2104.0 -2112.0 -2207.0 -2564.0 -2964.0 -2984.0 
-2716.0 -2428.0 -2151.0 -1800.0 -1347.0 -1017.0 -873.0 
-760.0 -761.0 -837.0 -655.0 -325.0 -248.0 -366.0 
-439.0 -393.0 -365.0 -432.0 -425.0 -296.0 -280.0 
-341.0 -225.0 22.0 238.0 496.0 699.0 699.0 
643.0 565.0 318.0 26.0 -20.0 -59.0 -233.0 
-269.0 -173.0 -22.0 306.0 667.0 775.0 606.0 
259.0 -105.0 -433.0 -777.0 -1173.0 -1669.0 -2230.0 
-2710.0 -2997.0 -3167.0 -3321.0 -3329.0 -3126.0 -2915.0 
-2776.0 -2601.0 -2395.0 -2244.0 -2188.0 -2341.0 -2700.0 
-2914.0 -2886.0 -2823.0 -2796.0 -2697.0 -2519.0 -2438.0 
-2452.0 -2375.0 -2074.0 -1640.0 -1421.0 -1499.0 -1562.0 
-1534.0 -1653.0 -1863.0 -1797.0 -1485.0 -1203.0 -912.0 
-620.0 -505.0 -479.0 -416.0 -359.0 -413.0 -569.0 
-728.0 -781.0 -698.0 -527.0 -247.0 124.0 423.0 
455.0 260.0 -15.0 -281.0 -468.0 -529.0 -571.0 
-696.0 -664.0 -293.0 142.0 325.0 354.0 482.0 
661.0 659.0 358.0 0.0 -150.0 -215.0 -352.0 
-579.0 -798.0 -908.0 -1034.0 -1222.0 -1271.0 -1224.0 
-1201.0 -1218.0 -1255.0 -1275.0 -1263.0 -1244.0 -1235.0 
-1150.0 -913.0 -732.0 -896.0 -1350.0 -1788.0 -2036.0 
-2147.0 -2131.0 -1912.0 -1505.0 -1120.0 -956.0 -1037.0 
-1338.0 -1774.0 -2173.0 -2454.0 -2672.0 -2870.0 -2967.0 
-2799.0 -2444.0 -2166.0 -1989.0 -1894.0 -1908.0 -1943.0 
-1926.0 -1805.0 -1618.0 -1527.0 -1540.0 -1532.0 -1482.0 
-1435.0 -1389.0 -1243.0 -1049.0 -1033.0 -1267.0 -1470.0 
-1505.0 -1615.0 -1790.0 -1718.0 -1360.0 -974.0 -771.0 
-697.0 -622.0 -552.0 -495.0 -419.0 -319.0 -223.0 
-189.0 -250.0 -328.0 -421.0 -461.0 -336.0 -244.0 
-323.0 -435.0 -566.0 -813.0 -1068.0 -1160.0 -1143.0 
-1125.0 -1039.0 -1011.0 -1231.0 -1431.0 -1377.0 -1231.0 
-1086.0 -875.0 -667.0 -529.0 -386.0 -229.0 -121.0 
-147.0 -251.0 -303.0 -389.0 -591.0 -773.0 -914.0 
-1147.0 -1385.0 -1480.0 -1558.0 -1677.0 -1693.0 -1643.0 
-1602.0 -1530.0 -1435.0 -1341.0 -1288.0 -1349.0 -1383.0 
-1256.0 -1103.0 -1029.0 -979.0 -1005.0 -1139.0 -1234.0 
-1212.0 -1108.0 -1045.0 -1127.0 -1252.0 -1231.0 -1085.0 
-922.0 -766.0 -655.0 -688.0 -883.0 -1127.0 -1326.0 
-1458.0 -1479.0 -1361.0 -1103.0 -783.0 -533.0 -410.0 
-397.0 -458.0 -497.0 -409.0 -253.0 -168.0 -152.0 
-156.0 -273.0 -443.0 -506.0 -445.0 -299.0 -192.0 
-211.0 -225.0 -104.0 48.0 123.0 175.0 255.0 
273.0 186.0 44.0 -156.0 -339.0 -366.0 -333.0 
-414.0 -636.0 -923.0 -1129.0 -1157.0 -1135.0 -1226.0 
-1373.0 -1431.0 -1323.0 -1141.0 -1109.0 -1263.0 -1466.0 
-1680.0 -1885.0 -2058.0 -2250.0 -2419.0 -2409.0 -2249.0 
-2116.0 -2022.0 -1882.0 -1728.0 -1681.0 -1739.0 -1784.0 
-1678.0 -1387.0 -1023.0 -716.0 -547.0 -488.0 -482.0 
-463.0 -356.0 -188.0 -44.0 97.0 321.0 605.0 
847.0 986.0 1086.0 1210.0 1344.0 1478.0 1564.0 
1522.0 1450.0 1403.0 1273.0 1028.0 754.0 502.0 
298.0 200.0 177.0 168.0 137.0 -1.0 -260.0 
-538.0 -769.0 -917.0 -920.0 -791.0 -649.0 -562.0 
-488.0 -412.0 -361.0 -359.0 -427.0 -505.0 -483.0 
-367.0 -319.0 -380.0 -408.0 -332.0 -248.0 -236.0 
-265.0 -264.0 -164.0 -40.0 -11.0 31.0 215.0 
415.0 471.0 381.0 198.0 -20.0 -189.0 -313.0 
-460.0 -659.0 -840.0 -930.0 -953.0 -909.0 -783.0 
-581.0 -372.0 -315.0 -385.0 -393.0 -339.0 -387.0 
-562.0 -758.0 -924.0 -1029.0 -1020.0 -866.0 -620.0 
-386.0 -192.0 -57.0 3.0 4.0 -28.0 -59.0 
-95.0 -177.0 -265.0 -262.0 -195.0 -101.0 108.0 
373.0 508.0 506.0 454.0 411.0 374.0 317.0 
278.0 351.0 521.0 629.0 589.0 489.0 449.0 
457.0 483.0 511.0 493.0 459.0 485.0 592.0 
718.0 775.0 746.0 717.0 738.0 696.0 543.0 
362.0 211.0 156.0 211.0 258.0 273.0 296.0 
251.0 99.0 -31.0 -74.0 -61.0 53.0 266.0 
439.0 492.0 408.0 251.0 120.0 17.0 -58.0 
-76.0 -84.0 -115.0 -86.0 29.0 209.0 386.0 
433.0 316.0 156.0 11.0 -170.0 -345.0 -432.0 
-476.0 -514.0 -505.0 -421.0 -328.0 -279.0 -226.0 
-126.0 6.0 161.0 347.0 553.0 688.0 727.0 
691.0 569.0 401.0 260.0 223.0 301.0 372.0 
358.0 350.0 365.0 336.0 265.0 144.0 -46.0 
-295.0 -590.0 -922.0 -1201.0 -1339.0 -1342.0 -1219.0 
-992.0 -739.0 -530.0 -340.0 -158.0 -53.0 -56.0 
-63.0 6.0 123.0 275.0 474.0 675.0 828.0 
998.0 1174.0 1237.0 1200.0 1194.0 1198.0 1140.0 
1076.0 1039.0 975.0 906.0 908.0 951.0 974.0 
1027.0 1156.0 1266.0 1334.0 1426.0 1487.0 1444.0 
1377.0 1346.0 1316.0 1257.0 1155.0 1037.0 937.0 
846.0 751.0 652.0 580.0 558.0 478.0 313.0 
191.0 140.0 58.0 -30.0 -57.0 -82.0 -162.0 
-278.0 -413.0 -515.0 -544.0 -523.0 -524.0 -537.0 
-516.0 -501.0 -568.0 -722.0 -856.0 -878.0 -785.0 
-615.0 -425.0 -269.0 -161.0 -81.0 31.0 203.0 
353.0 432.0 492.0 550.0 555.0 512.0 494.0 
565.0 662.0 675.0 658.0 669.0 639.0 605.0 
691.0 834.0 922.0 978.0 1038.0 1071.0 1058.0 
1052.0 1087.0 1107.0 1072.0 1046.0 1089.0 1122.0 
1080.0 1055.0 1074.0 1047.0 982.0 960.0 997.0 
1064.0 1113.0 1117.0 1139.0 1237.0 1325.0 1322.0 
1285.0 1258.0 1187.0 1043.0 882.0 774.0 723.0 
661.0 611.0 627.0 649.0 606.0 539.0 548.0 
625.0 673.0 638.0 561.0 473.0 358.0 206.0 
69.0 0.0 -27.0 -53.0 -50.0 -10.0 -3.0 
-42.0 -51.0 -26.0 -49.0 -119.0 -178.0 -246.0 
-279.0 -218.0 -134.0 -94.0 -66.0 -11.0 76.0 
211.0 388.0 516.0 617.0 806.0 1065.0 1264.0 
1344.0 1359.0 1352.0 1313.0 1259.0 1202.0 1159.0 
1151.0 1174.0 1195.0 1247.0 1356.0 1495.0 1638.0 
1755.0 1777.0 1687.0 1611.0 1611.0 1595.0 1523.0 
1452.0 1391.0 1332.0 1294.0 1258.0 1202.0 1115.0 
998.0 876.0 772.0 689.0 607.0 544.0 562.0 
652.0 755.0 872.0 1006.0 1115.0 1165.0 1114.0 
961.0 813.0 715.0 636.0 575.0 530.0 466.0 
375.0 262.0 118.0 -37.0 -173.0 -274.0 -341.0 
-384.0 -429.0 -475.0 -480.0 -440.0 -393.0 -351.0 
-311.0 -260.0 -173.0 -51.0 112.0 294.0 457.0 
579.0 649.0 668.0 681.0 727.0 794.0 874.0 
1014.0 1216.0 1408.0 1552.0 1650.0 1692.0 1695.0 
1664.0 1570.0 1495.0 1505.0 1516.0 1506.0 1530.0 
1572.0 1573.0 1578.0 1643.0 1719.0 1747.0 1761.0 
1806.0 1830.0 1796.0 1757.0 1751.0 1738.0 1669.0 
1591.0 1540.0 1469.0 1383.0 1301.0 1240.0 1193.0 
1150.0 1151.0 1182.0 1158.0 1051.0 949.0 935.0 
982.0 990.0 925.0 837.0 775.0 684.0 538.0 
437.0 416.0 353.0 202.0 45.0 -58.0 -144.0 
-238.0 -311.0 -340.0 -351.0 -352.0 -314.0 -218.0 
-105.0 -36.0 -18.0 1.0 32.0 69.0 157.0 
303.0 466.0 603.0 719.0 880.0 1030.0 1065.0 
1050.0 1058.0 1021.0 894.0 753.0 655.0 610.0 
612.0 623.0 635.0 684.0 732.0 749.0 764.0 
810.0 868.0 920.0 983.0 1063.0 1124.0 1124.0 
1115.0 1160.0 1191.0 1134.0 1020.0 896.0 757.0 
655.0 670.0 755.0 805.0 844.0 953.0 1096.0 
1189.0 1230.0 1256.0 1268.0 1285.0 1312.0 1336.0 
1403.0 1511.0 1549.0 1509.0 1501.0 1524.0 1489.0 
1407.0 1377.0 1384.0 1317.0 1155.0 988.0 864.0 
731.0 582.0 462.0 414.0 417.0 391.0 299.0 
170.0 43.0 -83.0 -226.0 -368.0 -484.0 -585.0 
-652.0 -650.0 -616.0 -616.0 -630.0 -641.0 -672.0 
-711.0 -731.0 -730.0 -701.0 -614.0 -436.0 -168.0 
143.0 476.0 807.0 1083.0 1304.0 1480.0 1579.0 
1628.0 1684.0 1732.0 1759.0 1794.0 1823.0 1808.0 
1802.0 1835.0 1862.0 1847.0 1806.0 1775.0 1752.0 
1720.0 1691.0 1668.0 1636.0 1601.0 1597.0 1623.0 
1669.0 1729.0 1759.0 1711.0 1606.0 1506.0 1449.0 
1423.0 1410.0 1384.0 1320.0 1260.0 1237.0 1212.0 
1168.0 1112.0 1024.0 907.0 790.0 688.0 597.0 
491.0 342.0 164.0 -14.0 -203.0 -415.0 -635.0 
-831.0 -962.0 -1046.0 -1151.0 -1260.0 -1336.0 -1384.0 
-1422.0 -1460.0 -1481.0 -1448.0 -1421.0 -1474.0 -1541.0 
-1537.0 -1477.0 -1401.0 -1344.0 -1315.0 -1304.0 -1286.0 
-1259.0 -1226.0 -1135.0 -985.0 -846.0 -736.0 -597.0 
-415.0 -265.0 -182.0 -123.0 -41.0 51.0 125.0 
205.0 340.0 557.0 799.0 987.0 1158.0 1361.0 
1534.0 1646.0 1763.0 1908.0 2027.0 2086.0 2120.0 
2170.0 2193.0 2128.0 2011.0 1879.0 1727.0 1559.0 
1425.0 1321.0 1207.0 1079.0 960.0 837.0 714.0 
614.0 520.0 393.0 244.0 127.0 42.0 -69.0 
-196.0 -298.0 -405.0 -554.0 -706.0 -787.0 -812.0 
-839.0 -853.0 -825.0 -771.0 -733.0 -729.0 -740.0 
-731.0 -712.0 -693.0 -619.0 -461.0 -314.0 -242.0 
-204.0 -162.0 -153.0 -174.0 -181.0 -158.0 -116.0 
-107.0 -160.0 -191.0 -146.0 -92.0 -105.0 -160.0 
-182.0 -181.0 -214.0 -255.0 -264.0 -277.0 -322.0 
-352.0 -346.0 -339.0 -349.0 -373.0 -411.0 -450.0 
-473.0 -491.0 -509.0 -506.0 -478.0 -434.0 -378.0 
-313.0 -224.0 -119.0 -58.0 -88.0 -148.0 -170.0 
-164.0 -185.0 -239.0 -284.0 -310.0 -330.0 -360.0 
-422.0 -478.0 -477.0 -457.0 -456.0 -434.0 -382.0 
-349.0 -332.0 -313.0 -296.0 -275.0 -223.0 -146.0 
-55.0 58.0 146.0 208.0 304.0 399.0 430.0 
423.0 395.0 340.0 282.0 238.0 215.0 189.0 
122.0 16.0 -109.0 -250.0 -388.0 -517.0 -597.0 
-631.0 -641.0 -636.0 -627.0 -636.0 -668.0 -715.0 
-798.0 -922.0 -1052.0 -1129.0 -1147.0 -1136.0 -1109.0 
-1072.0 -1030.0 -985.0 -922.0 -864.0 -832.0 -801.0 
-745.0 -646.0 -516.0 -409.0 -337.0 -273.0 -214.0 
-170.0 -144.0 -121.0 -71.0 13.0 115.0 210.0 
286.0 335.0 357.0 354.0 335.0 309.0 293.0 
298.0 333.0 361.0 335.0 271.0 180.0 46.0 
-73.0 -170.0 -311.0 -461.0 -548.0 -624.0 -738.0 
-852.0 -953.0 -1072.0 -1196.0 -1302.0 -1382.0 -1441.0 
-1511.0 -1585.0 -1621.0 -1618.0 -1603.0 -1598.0 -1608.0 
-1623.0 -1634.0 -1653.0 -1682.0 -1698.0 -1691.0 -1677.0 
-1683.0 -1713.0 -1741.0 -1751.0 -1731.0 -1701.0 -1660.0 
-1561.0 -1411.0 -1262.0 -1102.0 -919.0 -746.0 -577.0 
-394.0 -202.0 -40.0 61.0 144.0 237.0 312.0 
359.0 400.0 455.0 485.0 469.0 457.0 465.0 
466.0 446.0 411.0 378.0 345.0 308.0 283.0 
260.0 213.0 156.0 101.0 22.0 -60.0 -115.0 
-182.0 -276.0 -368.0 -465.0 -567.0 -653.0 -743.0 
-839.0 -904.0 -938.0 -944.0 -930.0 -918.0 -885.0 
-810.0 -718.0 -629.0 -561.0 -528.0 -513.0 -515.0 
-554.0 -614.0 -674.0 -704.0 -707.0 -724.0 -737.0 
-699.0 -645.0 -605.0 -556.0 -510.0 -501.0 -514.0 
-550.0 -626.0 -718.0 -786.0 -866.0 -973.0 -1042.0 
-1098.0 -1169.0 -1223.0 -1247.0 -1255.0 -1230.0 -1170.0 
-1127.0 -1094.0 -1038.0 -999.0 -989.0 -978.0 -948.0 
-910.0 -853.0 -779.0 -700.0 -620.0 -555.0 -512.0 
-478.0 -457.0 -470.0 -501.0 -506.0 -499.0 -528.0 
-573.0 -608.0 -620.0 -600.0 -561.0 -530.0 -522.0 
-515.0 -478.0 -422.0 -400.0 -421.0 -436.0 -463.0 
-524.0 -584.0 -633.0 -692.0 -747.0 -758.0 -751.0 
-756.0 -740.0 -687.0 -636.0 -608.0 -599.0 -610.0 
-636.0 -672.0 -721.0 -754.0 -759.0 -774.0 -784.0 
-749.0 -678.0 -630.0 -610.0 -586.0 -543.0 -507.0 
-499.0 -488.0 -453.0 -423.0 -411.0 -426.0 -467.0 
-495.0 -490.0 -489.0 -490.0 -483.0 -508.0 -547.0 
-587.0 -647.0 -712.0 -745.0 -754.0 -747.0 -725.0 
-691.0 -633.0 -552.0 -467.0 -387.0 -325.0 -301.0 
-289.0 -271.0 -242.0 -196.0 -162.0 -159.0 -162.0 
-162.0 -172.0 -189.0 -232.0 -291.0 -330.0 -369.0 
-410.0 -424.0 -393.0 -352.0 -350.0 -382.0 -429.0 
-491.0 -549.0 -592.0 -627.0 -665.0 -709.0 -759.0 
-778.0 -778.0 -803.0 -850.0 -900.0 -973.0 -1077.0 
-1187.0 -1294.0 -1403.0 -1493.0 -1569.0 -1656.0 -1737.0 
-1777.0 -1768.0 -1716.0 -1640.0 -1560.0 -1477.0 -1373.0 
-1260.0 -1171.0 -1109.0 -1037.0 -953.0 -884.0 -813.0 
-716.0 -613.0 -543.0 -475.0 -391.0 -322.0 -280.0 
-252.0 -266.0 -320.0 -372.0 -408.0 -436.0 -450.0 
-447.0 -436.0 -415.0 -418.0 -443.0 -453.0 -448.0 
-444.0 -411.0 -351.0 -304.0 -266.0 -240.0 -244.0 
-264.0 -296.0 -361.0 -434.0 -501.0 -559.0 -608.0 
-649.0 -674.0 -692.0 -728.0 -762.0 -749.0 -701.0 
-653.0 -582.0 -477.0 -387.0 -316.0 -242.0 -168.0 
-123.0 -109.0 -104.0 -115.0 -128.0 -142.0 -169.0 
-197.0 -230.0 -283.0 -353.0 -422.0 -482.0 -560.0 
-647.0 -714.0 -775.0 -843.0 -928.0 -1031.0 -1145.0 
-1274.0 -1406.0 -1521.0 -1613.0 -1699.0 -1786.0 -1856.0 
-1909.0 -1974.0 -2044.0 -2078.0 -2106.0 -2138.0 -2136.0 
-2092.0 -2044.0 -2010.0 -1963.0 -1873.0 -1762.0 -1647.0 
-1527.0 -1386.0 -1209.0 -1015.0 -828.0 -654.0 -484.0 
-328.0 -189.0 -51.0 59.0 132.0 183.0 225.0 
258.0 276.0 271.0 228.0 169.0 141.0 125.0 
90.0 33.0 -22.0 -72.0 -146.0 -286.0 -471.0 
-645.0 -793.0 -936.0 -1079.0 -1192.0 -1261.0 -1337.0 
-1413.0 -1459.0 -1502.0 -1555.0 -1601.0 -1638.0 -1683.0 
-1735.0 -1799.0 -1861.0 -1897.0 -1918.0 -1915.0 -1868.0 
-1791.0 -1704.0 -1603.0 -1456.0 -1293.0 -1152.0 -1028.0 
-917.0 -822.0 -719.0 -603.0 -500.0 -424.0 -350.0 
-288.0 -242.0 -191.0 -122.0 -47.0 21.0 104.0 
193.0 250.0 284.0 321.0 341.0 322.0 302.0 
298.0 321.0 354.0 365.0 378.0 410.0 443.0 
447.0 414.0 367.0 317.0 276.0 251.0 228.0 
198.0 149.0 86.0 27.0 -48.0 -140.0 -198.0 
-240.0 -312.0 -384.0 -420.0 -463.0 -533.0 -588.0 
-632.0 -705.0 -784.0 -833.0 -889.0 -975.0 -1076.0 
-1182.0 -1299.0 -1410.0 -1498.0 -1583.0 -1679.0 -1799.0 
-1931.0 -2051.0 -2147.0 -2207.0 -2243.0 -2257.0 -2233.0 
-2173.0 -2091.0 -2011.0 -1934.0 -1834.0 -1705.0 -1575.0 
-1446.0 -1318.0 -1196.0 -1071.0 -925.0 -751.0 -568.0 
-403.0 -265.0 -151.0 -45.0 37.0 91.0 157.0 
230.0 287.0 326.0 347.0 375.0 424.0 475.0 
516.0 588.0 702.0 809.0 881.0 912.0 906.0 
874.0 856.0 850.0 839.0 836.0 834.0 812.0 
771.0 746.0 753.0 746.0 706.0 664.0 628.0 
577.0 528.0 506.0 506.0 504.0 482.0 449.0 
405.0 356.0 307.0 243.0 146.0 18.0 -118.0 
-260.0 -405.0 -541.0 -693.0 -851.0 -973.0 -1057.0 
-1130.0 -1203.0 -1257.0 -1273.0 -1259.0 -1237.0 -1215.0 
-1191.0 -1155.0 -1101.0 -1033.0 -975.0 -943.0 -908.0 
-830.0 -735.0 -647.0 -573.0 -515.0 -450.0 -352.0 
-244.0 -172.0 -123.0 -63.0 9.0 77.0 134.0 
185.0 245.0 330.0 423.0 499.0 586.0 677.0 
716.0 744.0 784.0 774.0 727.0 719.0 733.0 
727.0 735.0 755.0 759.0 756.0 768.0 790.0 
795.0 792.0 797.0 806.0 817.0 829.0 838.0 
852.0 875.0 900.0 909.0 895.0 869.0 844.0 
804.0 751.0 707.0 661.0 604.0 554.0 525.0 
489.0 443.0 414.0 378.0 334.0 317.0 315.0 
304.0 300.0 306.0 306.0 294.0 275.0 251.0 
239.0 228.0 196.0 167.0 160.0 157.0 146.0 
136.0 127.0 128.0 156.0 183.0 187.0 183.0 
195.0 226.0 270.0 317.0 347.0 362.0 370.0 
372.0 348.0 310.0 292.0 287.0 289.0 272.0 
253.0 255.0 257.0 262.0 269.0 256.0 236.0 
214.0 208.0 194.0 150.0 110.0 89.0 71.0 
59.0 44.0 10.0 -26.0 -51.0 -72.0 -83.0 
-91.0 -110.0 -129.0 -124.0 -101.0 -90.0 -82.0 
-63.0 -53.0 -66.0 -84.0 -87.0 -84.0 -75.0 
-32.0 56.0 162.0 255.0 369.0 505.0 629.0 
761.0 892.0 990.0 1081.0 1177.0 1292.0 1409.0 
1493.0 1557.0 1621.0 1671.0 1702.0 1727.0 1764.0 
1825.0 1884.0 1917.0 1940.0 1965.0 1963.0 1940.0 
1947.0 1955.0 1912.0 1860.0 1815.0 1748.0 1685.0 
1636.0 1579.0 1517.0 1470.0 1439.0 1395.0 1338.0 
1292.0 1246.0 1183.0 1135.0 1101.0 1040.0 960.0 
902.0 868.0 818.0 757.0 695.0 626.0 592.0 
580.0 548.0 511.0 483.0 432.0 350.0 266.0 
191.0 113.0 32.0 -38.0 -96.0 -164.0 -234.0 
-278.0 -304.0 -352.0 -384.0 -369.0 -378.0 -425.0 
-437.0 -422.0 -433.0 -457.0 -471.0 -460.0 -427.0 
-408.0 -365.0 -285.0 -228.0 -189.0 -130.0 -56.0 
12.0 60.0 109.0 202.0 320.0 432.0 552.0 
660.0 733.0 832.0 961.0 1036.0 1071.0 1128.0 
1187.0 1225.0 1256.0 1283.0 1309.0 1338.0 1358.0 
1368.0 1356.0 1327.0 1290.0 1229.0 1159.0 1107.0 
1072.0 1036.0 985.0 943.0 903.0 850.0 803.0 
784.0 749.0 696.0 672.0 654.0 620.0 611.0 
637.0 645.0 620.0 603.0 586.0 555.0 533.0 
490.0 413.0 343.0 280.0 194.0 88.0 -16.0 
-115.0 -215.0 -306.0 -360.0 -374.0 -396.0 -427.0 
-456.0 -464.0 -424.0 -362.0 -316.0 -273.0 -196.0 
-78.0 36.0 137.0 240.0 383.0 550.0 688.0 
808.0 923.0 1047.0 1194.0 1312.0 1353.0 1394.0 
1476.0 1525.0 1562.0 1620.0 1662.0 1704.0 1752.0 
1765.0 1752.0 1733.0 1724.0 1731.0 1725.0 1704.0 
1700.0 1710.0 1727.0 1752.0 1776.0 1790.0 1799.0 
1820.0 1834.0 1836.0 1835.0 1794.0 1714.0 1630.0 
1520.0 1379.0 1233.0 1085.0 930.0 788.0 641.0 
458.0 272.0 74.0 -147.0 -340.0 -525.0 -747.0 
-952.0 -1111.0 -1244.0 -1369.0 -1481.0 -1572.0 -1649.0 
-1707.0 -1725.0 -1730.0 -1746.0 -1756.0 -1747.0 -1724.0 
-1695.0 -1666.0 -1614.0 -1543.0 -1460.0 -1375.0 -1278.0 
-1170.0 -1056.0 -940.0 -826.0 -699.0 -564.0 -432.0 
-306.0 -182.0 -51.0 80.0 197.0 316.0 456.0 
575.0 663.0 777.0 925.0 1059.0 1173.0 1282.0 
1381.0 1474.0 1567.0 1652.0 1733.0 1800.0 1837.0 
1864.0 1902.0 1925.0 1921.0 1920.0 1941.0 1975.0 
2013.0 2021.0 2001.0 1977.0 1924.0 1851.0 1772.0 
1675.0 1558.0 1440.0 1325.0 1212.0 1122.0 1037.0 
925.0 804.0 695.0 608.0 530.0 440.0 348.0 
263.0 197.0 121.0 -8.0 -148.0 -244.0 -306.0 
-380.0 -470.0 -529.0 -530.0 -540.0 -572.0 -563.0 
-519.0 -495.0 -486.0 -460.0 -430.0 -400.0 -387.0 
-390.0 -382.0 -360.0 -367.0 -404.0 -430.0 -446.0 
-484.0 -546.0 -591.0 -620.0 -657.0 -700.0 -733.0 
-750.0 -768.0 -774.0 -766.0 -784.0 -802.0 -765.0 
-712.0 -683.0 -637.0 -566.0 -479.0 -377.0 -296.0 
-230.0 -136.0 -18.0 55.0 103.0 203.0 304.0 
343.0 392.0 464.0 497.0 503.0 554.0 565.0 
514.0 530.0 573.0 533.0 472.0 501.0 555.0 
544.0 513.0 524.0 550.0 587.0 620.0 632.0 
675.0 767.0 835.0 874.0 955.0 1063.0 1134.0 
1181.0 1240.0 1298.0 1349.0 1364.0 1332.0 1274.0 
1208.0 1120.0 1000.0 866.0 728.0 592.0 451.0 
311.0 195.0 90.0 -19.0 -121.0 -215.0 -278.0 
-318.0 -358.0 -398.0 -441.0 -468.0 -472.0 -477.0 
-477.0 -463.0 -469.0 -483.0 -478.0 -475.0 -492.0 
-502.0 -478.0 -462.0 -450.0 -398.0 -346.0 -336.0 
-321.0 -285.0 -242.0 -211.0 -196.0 -187.0 -153.0 
-113.0 -103.0 -106.0 -104.0 -76.0 -33.0 -10.0 
-8.0 -1.0 13.0 33.0 51.0 56.0 35.0 
-2.0 -50.0 -97.0 -136.0 -167.0 -213.0 -269.0 
-302.0 -309.0 -318.0 -337.0 -348.0 -332.0 -311.0 
-313.0 -319.0 -297.0 -244.0 -200.0 -172.0 -118.0 
-39.0 13.0 49.0 102.0 168.0 227.0 277.0 
308.0 333.0 356.0 371.0 388.0 411.0 436.0 
466.0 498.0 518.0 526.0 524.0 525.0 541.0 
554.0 541.0 518.0 505.0 498.0 476.0 454.0 
453.0 453.0 443.0 425.0 391.0 347.0 310.0 
269.0 206.0 130.0 61.0 1.0 -58.0 -119.0 
-167.0 -200.0 -236.0 -267.0 -293.0 -315.0 -337.0 
-361.0 -388.0 -426.0 -469.0 -513.0 -558.0 -609.0 
-654.0 -694.0 -731.0 -766.0 -797.0 -824.0 -836.0 
-827.0 -802.0 -768.0 -737.0 -709.0 -673.0 -627.0 
-587.0 -544.0 -482.0 -414.0 -347.0 -271.0 -179.0 
-91.0 -22.0 35.0 106.0 185.0 256.0 309.0 
344.0 382.0 423.0 470.0 511.0 529.0 559.0 
610.0 650.0 684.0 717.0 760.0 817.0 851.0 
863.0 888.0 909.0 913.0 926.0 934.0 917.0 
906.0 902.0 884.0 863.0 833.0 781.0 729.0 
675.0 613.0 568.0 524.0 477.0 428.0 366.0 
305.0 257.0 199.0 110.0 30.0 -30.0 -100.0 
-165.0 -231.0 -315.0 -394.0 -466.0 -528.0 -592.0 
-686.0 -789.0 -871.0 -947.0 -1040.0 -1131.0 -1200.0 
-1248.0 -1284.0 -1310.0 -1328.0 -1324.0 -1297.0 -1269.0 
-1256.0 -1232.0 -1193.0 -1159.0 -1115.0 -1055.0 -1005.0 
-959.0 -897.0 -833.0 -780.0 -734.0 -682.0 -618.0 
-550.0 -484.0 -431.0 -371.0 -293.0 -206.0 -107.0 
9.0 139.0 276.0 393.0 486.0 582.0 690.0 
774.0 833.0 906.0 976.0 1005.0 1003.0 1007.0 
1006.0 968.0 911.0 849.0 785.0 712.0 615.0 
499.0 392.0 299.0 213.0 112.0 -13.0 -145.0 
-265.0 -376.0 -487.0 -593.0 -695.0 -789.0 -866.0 
-936.0 -993.0 -1025.0 -1053.0 -1077.0 -1078.0 -1074.0 
-1064.0 -1016.0 -940.0 -866.0 -805.0 -745.0 -656.0 
-534.0 -427.0 -353.0 -278.0 -200.0 -128.0 -66.0 
-32.0 -15.0 6.0 33.0 62.0 89.0 107.0 
114.0 105.0 95.0 101.0 91.0 57.0 8.0 
-25.0 -46.0 -83.0 -135.0 -178.0 -211.0 -245.0 
-281.0 -319.0 -364.0 -409.0 -454.0 -505.0 -546.0 
-579.0 -622.0 -671.0 -717.0 -739.0 -732.0 -715.0 
-693.0 -664.0 -621.0 -565.0 -506.0 -430.0 -348.0 
-267.0 -181.0 -83.0 -2.0 51.0 95.0 136.0 
183.0 217.0 216.0 209.0 213.0 205.0 176.0 
135.0 87.0 49.0 24.0 -17.0 -69.0 -105.0 
-122.0 -148.0 -169.0 -175.0 -194.0 -215.0 -208.0 
-209.0 -252.0 -289.0 -321.0 -390.0 -458.0 -536.0 
-648.0 -761.0 -876.0 -1006.0 -1131.0 -1244.0 -1362.0 
-1468.0 -1554.0 -1632.0 -1690.0 -1747.0 -1824.0 -1882.0 
-1896.0 -1893.0 -1900.0 -1903.0 -1889.0 -1842.0 -1772.0 
-1702.0 -1632.0 -1546.0 -1426.0 -1272.0 -1114.0 -968.0 
-814.0 -619.0 -412.0 -216.0 -37.0 126.0 286.0 
452.0 617.0 747.0 842.0 927.0 985.0 1019.0 
1051.0 1078.0 1097.0 1128.0 1166.0 1214.0 1291.0 
1382.0 1469.0 1570.0 1683.0 1807.0 1942.0 2058.0 
2158.0 2264.0 2366.0 2437.0 2471.0 2464.0 2429.0 
2368.0 2272.0 2151.0 2013.0 1859.0 1675.0 1458.0 
1229.0 992.0 731.0 451.0 179.0 -93.0 -385.0 
-674.0 -956.0 -1218.0 -1470.0 -1725.0 -1966.0 -2193.0 
-2402.0 -2586.0 -2763.0 -2927.0 -3048.0 -3141.0 -3220.0 
-3263.0 -3277.0 -3271.0 -3213.0 -3114.0 -3013.0 -2905.0 
-2781.0 -2627.0 -2446.0 -2251.0 -2064.0 -1879.0 -1678.0 
-1483.0 -1293.0 -1099.0 -919.0 -745.0 -563.0 -392.0 
-238.0 -84.0 57.0 179.0 310.0 437.0 531.0 
615.0 696.0 755.0 810.0 873.0 924.0 974.0 
1034.0 1093.0 1146.0 1201.0 1259.0 1301.0 1329.0 
1361.0 1392.0 1401.0 1390.0 1367.0 1330.0 1287.0 
1232.0 1162.0 1096.0 1018.0 911.0 793.0 680.0 
566.0 439.0 324.0 213.0 99.0 -16.0 -140.0 
-248.0 -333.0 -415.0 -498.0 -572.0 -654.0 -741.0 
-803.0 -843.0 -881.0 -915.0 -938.0 -961.0 -990.0 
-1010.0 -1020.0 -1023.0 -1034.0 -1063.0 -1074.0 -1072.0 
-1081.0 -1083.0 -1077.0 -1091.0 -1130.0 -1152.0 -1141.0 
-1129.0 -1139.0 -1160.0 -1180.0 -1189.0 -1168.0 -1138.0 
-1114.0 -1073.0 -1035.0 -996.0 -919.0 -817.0 -721.0 
-622.0 -523.0 -417.0 -285.0 -166.0 -70.0 31.0 
124.0 213.0 315.0 401.0 466.0 541.0 622.0 
696.0 772.0 840.0 895.0 970.0 1061.0 1141.0 
1190.0 1234.0 1277.0 1312.0 1331.0 1339.0 1340.0 
1325.0 1295.0 1260.0 1206.0 1130.0 1036.0 926.0 
813.0 674.0 517.0 371.0 227.0 77.0 -59.0 
-179.0 -294.0 -404.0 -494.0 -561.0 -613.0 -655.0 
-688.0 -724.0 -759.0 -774.0 -770.0 -762.0 -765.0 
-764.0 -758.0 -754.0 -753.0 -751.0 -732.0 -707.0 
-691.0 -679.0 -665.0 -636.0 -598.0 -550.0 -510.0 
-493.0 -457.0 -387.0 -317.0 -256.0 -195.0 -134.0 
-66.0 7.0 59.0 91.0 93.0 80.0 95.0 
113.0 99.0 76.0 63.0 41.0 1.0 -41.0 
-99.0 -161.0 -218.0 -298.0 -374.0 -428.0 -480.0 
-538.0 -589.0 -625.0 -661.0 -692.0 -701.0 -689.0 
-673.0 -641.0 -588.0 -512.0 -411.0 -315.0 -206.0 
-63.0 62.0 158.0 253.0 355.0 432.0 464.0 
474.0 478.0 477.0 459.0 394.0 312.0 257.0 
196.0 100.0 4.0 -59.0 -105.0 -147.0 -195.0 
-244.0 -285.0 -317.0 -332.0 -348.0 -388.0 -436.0 
-473.0 -481.0 -474.0 -477.0 -475.0 -467.0 -456.0 
-423.0 -377.0 -346.0 -316.0 -274.0 -246.0 -218.0 
-163.0 -100.0 -54.0 1.0 73.0 123.0 145.0 
152.0 160.0 172.0 174.0 136.0 77.0 50.0 
40.0 2.0 -36.0 -69.0 -99.0 -107.0 -96.0 
-89.0 -87.0 -75.0 -41.0 29.0 109.0 163.0 
207.0 275.0 372.0 485.0 589.0 659.0 709.0 
784.0 872.0 928.0 959.0 983.0 1000.0 1000.0 
1013.0 1028.0 1016.0 969.0 915.0 880.0 834.0 
757.0 678.0 599.0 516.0 455.0 397.0 310.0 
214.0 132.0 66.0 9.0 -61.0 -137.0 -207.0 
-271.0 -338.0 -420.0 -502.0 -575.0 -650.0 -722.0 
-775.0 -839.0 -923.0 -999.0 -1068.0 -1134.0 -1182.0 
-1232.0 -1278.0 -1299.0 -1301.0 -1296.0 -1304.0 -1319.0 
-1314.0 -1287.0 -1256.0 -1219.0 -1171.0 -1120.0 -1069.0 
-1003.0 -917.0 -836.0 -760.0 -682.0 -601.0 -495.0 
-371.0 -255.0 -158.0 -56.0 64.0 186.0 318.0 
467.0 625.0 789.0 929.0 1041.0 1149.0 1255.0 
1341.0 1404.0 1465.0 1508.0 1501.0 1479.0 1474.0 
1466.0 1432.0 1398.0 1375.0 1346.0 1310.0 1276.0 
1239.0 1178.0 1114.0 1056.0 989.0 913.0 828.0 
740.0 645.0 549.0 455.0 359.0 260.0 164.0 
88.0 27.0 -22.0 -57.0 -89.0 -126.0 -155.0 
-182.0 -202.0 -211.0 -225.0 -261.0 -297.0 -318.0 
-320.0 -314.0 -341.0 -375.0 -370.0 -350.0 -349.0 
-350.0 -329.0 -291.0 -254.0 -215.0 -181.0 -157.0 
-132.0 -96.0 -64.0 -39.0 -22.0 4.0 51.0 
84.0 101.0 127.0 136.0 127.0 124.0 106.0 
70.0 43.0 20.0 -16.0 -65.0 -125.0 -195.0 
-251.0 -289.0 -340.0 -403.0 -451.0 -476.0 -485.0 
-480.0 -465.0 -442.0 -399.0 -335.0 -273.0 -220.0 
-165.0 -96.0 -23.0 34.0 88.0 140.0 180.0 
217.0 245.0 259.0 267.0 271.0 273.0 272.0 
269.0 267.0 273.0 282.0 303.0 339.0 365.0 
394.0 459.0 538.0 597.0 637.0 673.0 703.0 
734.0 763.0 767.0 763.0 761.0 747.0 708.0 
662.0 631.0 602.0 568.0 534.0 490.0 448.0 
433.0 423.0 391.0 369.0 375.0 394.0 421.0 
463.0 521.0 579.0 643.0 733.0 839.0 945.0 
1057.0 1178.0 1296.0 1411.0 1517.0 1580.0 1620.0 
1654.0 1671.0 1648.0 1579.0 1478.0 1344.0 1188.0 
1029.0 863.0 687.0 503.0 332.0 174.0 10.0 
-155.0 -307.0 -432.0 -528.0 -603.0 -669.0 -725.0 
-762.0 -774.0 -774.0 -774.0 -769.0 -754.0 -715.0 
-687.0 -683.0 -670.0 -641.0 -615.0 -572.0 -523.0 
-480.0 -422.0 -358.0 -300.0 -240.0 -183.0 -143.0 
-100.0 -47.0 -11.0 22.0 63.0 95.0 118.0 
140.0 161.0 179.0 189.0 185.0 196.0 228.0 
247.0 240.0 224.0 206.0 185.0 182.0 204.0 
223.0 242.0 275.0 322.0 380.0 429.0 467.0 
510.0 552.0 581.0 604.0 622.0 630.0 637.0 
640.0 642.0 642.0 648.0 655.0 663.0 684.0 
701.0 715.0 742.0 771.0 785.0 791.0 816.0 
839.0 834.0 830.0 841.0 855.0 865.0 876.0 
901.0 947.0 997.0 1018.0 1026.0 1045.0 1056.0 
1063.0 1066.0 1043.0 1013.0 999.0 987.0 966.0 
956.0 948.0 930.0 917.0 925.0 936.0 938.0 
949.0 947.0 936.0 936.0 932.0 914.0 890.0 
884.0 880.0 851.0 814.0 790.0 758.0 714.0 
674.0 634.0 585.0 536.0 480.0 425.0 373.0 
311.0 257.0 216.0 171.0 127.0 93.0 63.0 
28.0 -13.0 -62.0 -112.0 -166.0 -222.0 -269.0 
-318.0 -370.0 -400.0 -394.0 -384.0 -401.0 -422.0 
-418.0 -410.0 -432.0 -470.0 -481.0 -471.0 -461.0 
-483.0 -516.0 -475.0 -377.0 -295.0 -259.0 -184.0 
-13.0 142.0 218.0 301.0 465.0 647.0 758.0 
821.0 921.0 1049.0 1141.0 1196.0 1254.0 1328.0 
1393.0 1442.0 1496.0 1552.0 1591.0 1613.0 1648.0 
1709.0 1757.0 1776.0 1805.0 1847.0 1870.0 1870.0 
1880.0 1904.0 1899.0 1872.0 1838.0 1783.0 1726.0 
1683.0 1605.0 1498.0 1436.0 1367.0 1244.0 1131.0 
1048.0 950.0 833.0 732.0 655.0 592.0 525.0 
444.0 371.0 319.0 250.0 166.0 109.0 60.0 
-23.0 -116.0 -192.0 -271.0 -371.0 -489.0 -598.0 
-676.0 -731.0 -786.0 -852.0 -901.0 -928.0 -951.0 
-962.0 -945.0 -886.0 -810.0 -749.0 -665.0 -524.0 
-364.0 -229.0 -100.0 58.0 239.0 401.0 544.0 
688.0 824.0 941.0 1053.0 1164.0 1266.0 1339.0 
1404.0 1482.0 1560.0 1619.0 1664.0 1724.0 1789.0 
1827.0 1852.0 1902.0 1959.0 1986.0 1991.0 2001.0 
2016.0 2031.0 2031.0 2013.0 1972.0 1922.0 1895.0 
1884.0 1853.0 1794.0 1743.0 1719.0 1699.0 1648.0 
1567.0 1490.0 1438.0 1397.0 1316.0 1186.0 1088.0 
1036.0 954.0 825.0 696.0 593.0 512.0 438.0 
338.0 207.0 83.0 -16.0 -98.0 -173.0 -274.0 
-387.0 -460.0 -504.0 -559.0 -625.0 -685.0 -725.0 
-736.0 -738.0 -743.0 -758.0 -765.0 -734.0 -680.0 
-628.0 -580.0 -535.0 -470.0 -363.0 -238.0 -117.0 
13.0 147.0 280.0 451.0 639.0 794.0 929.0 
1092.0 1274.0 1424.0 1556.0 1703.0 1844.0 1971.0 
2094.0 2205.0 2308.0 2410.0 2513.0 2592.0 2646.0 
2692.0 2728.0 2752.0 2756.0 2737.0 2708.0 2681.0 
2624.0 2551.0 2492.0 2426.0 2312.0 2171.0 2045.0 
1931.0 1803.0 1660.0 1501.0 1308.0 1103.0 944.0 
805.0 601.0 325.0 105.0 -17.0 -160.0 -384.0 
-579.0 -717.0 -843.0 -947.0 -1092.0 -1267.0 -1370.0 
-1413.0 -1455.0 -1503.0 -1553.0 -1561.0 -1495.0 -1415.0 
-1368.0 -1311.0 -1187.0 -1029.0 -902.0 -769.0 -590.0 
-385.0 -179.0 3.0 227.0 524.0 783.0 991.0 
1246.0 1528.0 1778.0 2017.0 2284.0 2536.0 2719.0 
2863.0 3053.0 3254.0 3339.0 3398.0 3528.0 3603.0 
3570.0 3529.0 3499.0 3470.0 3436.0 3350.0 3199.0 
3049.0 2932.0 2813.0 2701.0 2586.0 2416.0 2233.0 
2104.0 1977.0 1808.0 1651.0 1497.0 1323.0 1176.0 
1041.0 862.0 705.0 612.0 502.0 340.0 190.0 
64.0 -82.0 -212.0 -331.0 -488.0 -636.0 -734.0 
-851.0 -981.0 -1070.0 -1123.0 -1172.0 -1210.0 -1214.0 
-1215.0 -1203.0 -1144.0 -1070.0 -1012.0 -952.0 -886.0 
-794.0 -683.0 -574.0 -470.0 -365.0 -249.0 -127.0 
5.0 148.0 275.0 391.0 520.0 658.0 793.0 
922.0 1031.0 1129.0 1251.0 1381.0 1490.0 1580.0 
1674.0 1777.0 1867.0 1958.0 2049.0 2118.0 2205.0 
2304.0 2367.0 2416.0 2492.0 2580.0 2630.0 2652.0 
2671.0 2684.0 2685.0 2659.0 2601.0 2532.0 2475.0 
2408.0 2317.0 2216.0 2115.0 2031.0 1953.0 1856.0 
1726.0 1586.0 1469.0 1357.0 1224.0 1080.0 944.0 
803.0 665.0 536.0 418.0 315.0 194.0 70.0 
-10.0 -72.0 -174.0 -271.0 -318.0 -361.0 -432.0 
-486.0 -501.0 -518.0 -543.0 -549.0 -529.0 -494.0 
-449.0 -381.0 -335.0 -305.0 -234.0 -148.0 -108.0 
-77.0 -6.0 77.0 140.0 193.0 251.0 315.0 
400.0 502.0 610.0 716.0 824.0 946.0 1058.0 
1138.0 1222.0 1319.0 1399.0 1465.0 1536.0 1587.0 
1631.0 1690.0 1747.0 1795.0 1831.0 1877.0 1912.0 
1942.0 1978.0 2002.0 2007.0 2002.0 2015.0 2017.0 
1976.0 1914.0 1853.0 1777.0 1674.0 1553.0 1432.0 
1320.0 1192.0 1035.0 891.0 773.0 655.0 533.0 
418.0 328.0 249.0 168.0 90.0 27.0 -22.0 
-78.0 -143.0 -192.0 -224.0 -267.0 -318.0 -342.0 
-350.0 -357.0 -361.0 -362.0 -369.0 -409.0 -442.0 
-432.0 -418.0 -422.0 -444.0 -468.0 -467.0 -427.0 
-362.0 -312.0 -289.0 -247.0 -149.0 -59.0 -11.0 
51.0 156.0 257.0 328.0 418.0 520.0 607.0 
675.0 732.0 811.0 911.0 1003.0 1079.0 1167.0 
1284.0 1405.0 1518.0 1657.0 1811.0 1935.0 2045.0 
2174.0 2292.0 2385.0 2476.0 2561.0 2629.0 2680.0 
2734.0 2766.0 2754.0 2729.0 2693.0 2636.0 2541.0 
2395.0 2226.0 2077.0 1941.0 1752.0 1532.0 1354.0 
1215.0 1078.0 927.0 766.0 634.0 527.0 426.0 
324.0 222.0 115.0 26.0 -47.0 -140.0 -248.0 
-346.0 -416.0 -478.0 -546.0 -611.0 -650.0 -650.0 
-639.0 -631.0 -620.0 -598.0 -565.0 -527.0 -485.0 
-456.0 -429.0 -396.0 -390.0 -394.0 -364.0 -339.0 
-360.0 -385.0 -366.0 -340.0 -352.0 -366.0 -351.0 
-334.0 -318.0 -296.0 -280.0 -259.0 -230.0 -202.0 
-155.0 -100.0 -44.0 33.0 128.0 200.0 287.0 
415.0 521.0 587.0 665.0 768.0 873.0 968.0 
1051.0 1142.0 1248.0 1336.0 1391.0 1442.0 1519.0 
1600.0 1631.0 1635.0 1637.0 1636.0 1631.0 1615.0 
1592.0 1559.0 1509.0 1434.0 1355.0 1299.0 1237.0 
1148.0 1048.0 960.0 886.0 819.0 723.0 620.0 
552.0 502.0 435.0 368.0 314.0 259.0 207.0 
168.0 136.0 106.0 98.0 102.0 68.0 23.0 
25.0 31.0 8.0 0.0 18.0 28.0 21.0 
21.0 29.0 34.0 33.0 26.0 14.0 11.0 
23.0 38.0 50.0 80.0 105.0 113.0 141.0 
189.0 233.0 267.0 289.0 300.0 359.0 430.0 
453.0 450.0 464.0 488.0 492.0 473.0 458.0 
456.0 419.0 355.0 315.0 321.0 292.0 197.0 
136.0 132.0 119.0 48.0 -55.0 -85.0 -63.0 
-85.0 -120.0 -133.0 -153.0 -156.0 -126.0 -117.0 
-122.0 -92.0 -75.0 -84.0 -105.0 -61.0 -11.0 
12.0 53.0 89.0 112.0 182.0 280.0 339.0 
356.0 372.0 418.0 459.0 500.0 569.0 586.0 
573.0 609.0 657.0 691.0 704.0 714.0 729.0 
757.0 790.0 784.0 776.0 810.0 844.0 813.0 
770.0 771.0 797.0 774.0 678.0 657.0 681.0 
633.0 513.0 456.0 452.0 377.0 249.0 130.0 
31.0 -41.0 -163.0 -341.0 -456.0 -514.0 -615.0 
-751.0 -854.0 -920.0 -964.0 -966.0 -961.0 -971.0 
-913.0 -862.0 -828.0 -728.0 -615.0 -555.0 -502.0 
-414.0 -326.0 -256.0 -157.0 -67.0 -40.0 -20.0 
28.0 96.0 130.0 120.0 142.0 181.0 217.0 
252.0 288.0 381.0 475.0 515.0 566.0 661.0 
753.0 772.0 805.0 914.0 981.0 1000.0 1025.0 
1038.0 1090.0 1155.0 1142.0 1114.0 1108.0 1070.0 
1019.0 968.0 884.0 742.0 645.0 615.0 516.0 
354.0 213.0 101.0 5.0 -74.0 -190.0 -313.0 
-387.0 -431.0 -520.0 -623.0 -693.0 -762.0 -851.0 
-904.0 -923.0 -962.0 -1009.0 -1017.0 -1008.0 -1016.0 
-1000.0 -959.0 -910.0 -832.0 -752.0 -719.0 -692.0 
-606.0 -497.0 -435.0 -404.0 -355.0 -296.0 -245.0 
-211.0 -196.0 -169.0 -145.0 -139.0 -117.0 -74.0 
-61.0 -55.0 -12.0 -1.0 -13.0 -7.0 -11.0 
-29.0 -52.0 -76.0 -86.0 -80.0 -76.0 -91.0 
-94.0 -77.0 -83.0 -91.0 -70.0 -48.0 -36.0 
-44.0 -74.0 -82.0 -85.0 -107.0 -127.0 -147.0 
-160.0 -167.0 -170.0 -195.0 -195.0 -160.0 -183.0 
-240.0 -244.0 -236.0 -245.0 -247.0 -252.0 -271.0 
-283.0 -250.0 -236.0 -256.0 -244.0 -213.0 -178.0 
-126.0 -72.0 -8.0 75.0 155.0 230.0 300.0 
383.0 492.0 598.0 669.0 715.0 768.0 838.0 
906.0 976.0 1034.0 1027.0 1002.0 1032.0 1074.0 
1058.0 991.0 925.0 878.0 838.0 754.0 632.0 
518.0 419.0 329.0 241.0 147.0 45.0 -47.0 
-149.0 -261.0 -333.0 -407.0 -548.0 -692.0 -781.0 
-861.0 -975.0 -1090.0 -1192.0 -1292.0 -1372.0 -1434.0 
-1503.0 -1591.0 -1681.0 -1742.0 -1783.0 -1814.0 -1848.0 
-1881.0 -1918.0 -1944.0 -1947.0 -1941.0 -1934.0 -1922.0 
-1884.0 -1830.0 -1798.0 -1761.0 -1689.0 -1611.0 -1545.0 
-1454.0 -1320.0 -1172.0 -1035.0 -901.0 -753.0 -582.0 
-405.0 -267.0 -148.0 -4.0 133.0 238.0 332.0 
425.0 510.0 580.0 644.0 717.0 784.0 839.0 
896.0 958.0 1026.0 1089.0 1145.0 1216.0 1309.0 
1414.0 1505.0 1570.0 1638.0 1716.0 1780.0 1842.0 
1903.0 1940.0 1963.0 1986.0 1992.0 1978.0 1946.0 
1894.0 1825.0 1746.0 1658.0 1545.0 1417.0 1265.0 
1092.0 900.0 678.0 472.0 271.0 35.0 -211.0 
-443.0 -654.0 -857.0 -1072.0 -1261.0 -1409.0 -1552.0 
-1700.0 -1818.0 -1914.0 -2000.0 -2075.0 -2138.0 -2183.0 
-2212.0 -2224.0 -2235.0 -2253.0 -2264.0 -2257.0 -2240.0 
-2236.0 -2222.0 -2183.0 -2119.0 -2032.0 -1946.0 -1844.0 
-1710.0 -1561.0 -1414.0 -1272.0 -1119.0 -965.0 -819.0 
-682.0 -552.0 -435.0 -316.0 -199.0 -93.0 9.0 
101.0 179.0 261.0 344.0 419.0 490.0 571.0 
665.0 744.0 828.0 935.0 1027.0 1085.0 1151.0 
1237.0 1301.0 1354.0 1414.0 1464.0 1496.0 1521.0 
1541.0 1550.0 1541.0 1507.0 1459.0 1402.0 1319.0 
1227.0 1136.0 1036.0 914.0 782.0 671.0 547.0 
396.0 257.0 110.0 -58.0 -219.0 -359.0 -490.0 
-616.0 -751.0 -883.0 -993.0 -1079.0 -1159.0 -1249.0 
-1342.0 -1421.0 -1480.0 -1525.0 -1562.0 -1576.0 -1574.0 
-1573.0 -1573.0 -1575.0 -1560.0 -1524.0 -1487.0 -1454.0 
-1435.0 -1405.0 -1349.0 -1291.0 -1255.0 -1212.0 -1146.0 
-1069.0 -982.0 -886.0 -792.0 -693.0 -588.0 -469.0 
-350.0 -246.0 -163.0 -87.0 -17.0 48.0 103.0 
144.0 169.0 179.0 180.0 191.0 208.0 194.0 
155.0 123.0 104.0 68.0 14.0 -28.0 -83.0 
-131.0 -159.0 -195.0 -232.0 -256.0 -266.0 -285.0 
-301.0 -315.0 -340.0 -353.0 -384.0 -422.0 -425.0 
-418.0 -458.0 -512.0 -521.0 -531.0 -559.0 -573.0 
-582.0 -604.0 -642.0 -669.0 -689.0 -717.0 -751.0 
-787.0 -842.0 -903.0 -946.0 -981.0 -1022.0 -1071.0 
-1108.0 -1120.0 -1130.0 -1135.0 -1130.0 -1117.0 -1095.0 
-1066.0 -1025.0 -977.0 -928.0 -872.0 -799.0 -707.0 
-614.0 -529.0 -452.0 -355.0 -223.0 -108.0 -25.0 
73.0 175.0 246.0 312.0 388.0 430.0 439.0 
449.0 451.0 445.0 433.0 403.0 358.0 324.0 
280.0 207.0 136.0 66.0 -10.0 -84.0 -132.0 
-162.0 -218.0 -292.0 -343.0 -367.0 -393.0 -447.0 
-498.0 -531.0 -558.0 -594.0 -644.0 -693.0 -729.0 
-761.0 -779.0 -801.0 -843.0 -891.0 -938.0 -985.0 
-1024.0 -1064.0 -1123.0 -1191.0 -1242.0 -1266.0 -1291.0 
-1326.0 -1341.0 -1328.0 -1305.0 -1290.0 -1277.0 -1247.0 
-1196.0 -1151.0 -1119.0 -1088.0 -1056.0 -1028.0 -990.0 
-941.0 -898.0 -850.0 -793.0 -740.0 -677.0 -607.0 
-564.0 -534.0 -503.0 -474.0 -451.0 -453.0 -467.0 
-476.0 -485.0 -497.0 -508.0 -535.0 -561.0 -566.0 
-595.0 -635.0 -658.0 -680.0 -706.0 -728.0 -750.0 
-787.0 -816.0 -824.0 -838.0 -864.0 -885.0 -900.0 
-922.0 -958.0 -999.0 -1030.0 -1090.0 -1169.0 -1195.0 
-1239.0 -1350.0 -1431.0 -1477.0 -1551.0 -1631.0 -1712.0 
-1818.0 -1914.0 -1985.0 -2075.0 -2177.0 -2254.0 -2295.0 
-2312.0 -2330.0 -2341.0 -2320.0 -2280.0 -2218.0 -2126.0 
-2006.0 -1878.0 -1757.0 -1617.0 -1446.0 -1271.0 -1119.0 
-972.0 -809.0 -661.0 -537.0 -420.0 -301.0 -184.0 
-91.0 -15.0 64.0 137.0 191.0 230.0 250.0 
257.0 263.0 258.0 237.0 205.0 170.0 163.0 
179.0 168.0 148.0 160.0 182.0 180.0 185.0 
186.0 179.0 180.0 175.0 155.0 137.0 133.0 
131.0 102.0 54.0 14.0 -17.0 -72.0 -165.0 
-250.0 -308.0 -385.0 -495.0 -580.0 -650.0 -750.0 
-844.0 -916.0 -1000.0 -1086.0 -1174.0 -1265.0 -1349.0 
-1424.0 -1491.0 -1577.0 -1664.0 -1735.0 -1794.0 -1858.0 
-1936.0 -1999.0 -2039.0 -2091.0 -2138.0 -2184.0 -2246.0 
-2295.0 -2322.0 -2349.0 -2382.0 -2421.0 -2457.0 -2475.0 
-2487.0 -2492.0 -2497.0 -2505.0 -2506.0 -2496.0 -2455.0 
-2406.0 -2389.0 -2382.0 -2333.0 -2250.0 -2193.0 -2158.0 
-2108.0 -2044.0 -1974.0 -1900.0 -1845.0 -1798.0 -1723.0 
-1629.0 -1538.0 -1436.0 -1342.0 -1267.0 -1180.0 -1097.0 
-1025.0 -943.0 -858.0 -783.0 -721.0 -670.0 -597.0 
-510.0 -440.0 -370.0 -294.0 -215.0 -151.0 -97.0 
-31.0 50.0 126.0 189.0 244.0 275.0 286.0 
298.0 301.0 277.0 235.0 187.0 128.0 61.0 
-18.0 -121.0 -220.0 -319.0 -436.0 -544.0 -650.0 
-770.0 -874.0 -965.0 -1058.0 -1145.0 -1221.0 -1292.0 
-1348.0 -1395.0 -1438.0 -1463.0 -1468.0 -1461.0 -1459.0 
-1465.0 -1470.0 -1471.0 -1451.0 -1417.0 -1401.0 -1391.0 
-1381.0 -1388.0 -1405.0 -1422.0 -1463.0 -1538.0 -1624.0 
-1718.0 -1814.0 -1927.0 -2065.0 -2188.0 -2289.0 -2388.0 
-2480.0 -2559.0 -2633.0 -2681.0 -2704.0 -2704.0 -2677.0 
-2647.0 -2617.0 -2563.0 -2491.0 -2419.0 -2347.0 -2248.0 
-2118.0 -2011.0 -1925.0 -1813.0 -1679.0 -1565.0 -1462.0 
-1353.0 -1243.0 -1132.0 -1030.0 -932.0 -845.0 -773.0 
-693.0 -611.0 -541.0 -477.0 -411.0 -344.0 -297.0 
-265.0 -214.0 -179.0 -177.0 -164.0 -145.0 -151.0 
-166.0 -171.0 -167.0 -167.0 -183.0 -194.0 -209.0 
-244.0 -270.0 -285.0 -312.0 -355.0 -401.0 -454.0 
-521.0 -584.0 -649.0 -717.0 -784.0 -867.0 -960.0 
-1050.0 -1137.0 -1225.0 -1309.0 -1380.0 -1460.0 -1549.0 
-1622.0 -1693.0 -1769.0 -1822.0 -1864.0 -1938.0 -2012.0 
-2063.0 -2122.0 -2184.0 -2220.0 -2260.0 -2317.0 -2351.0 
-2355.0 -2359.0 -2367.0 -2367.0 -2341.0 -2308.0 -2273.0 
-2234.0 -2189.0 -2111.0 -2025.0 -1946.0 -1836.0 -1719.0 
-1635.0 -1548.0 -1456.0 -1378.0 -1300.0 -1226.0 -1178.0 
-1128.0 -1095.0 -1078.0 -1057.0 -1045.0 -1038.0 -1021.0 
-1024.0 -1053.0 -1062.0 -1063.0 -1082.0 -1104.0 -1121.0 
-1131.0 -1142.0 -1161.0 -1172.0 -1165.0 -1152.0 -1144.0 
-1117.0 -1077.0 -1052.0 -1032.0 -1016.0 -1012.0 -1005.0 
-1003.0 -1025.0 -1044.0 -1055.0 -1068.0 -1080.0 -1109.0 
-1141.0 -1138.0 -1142.0 -1190.0 -1222.0 -1215.0 -1213.0 
-1229.0 -1233.0 -1226.0 -1213.0 -1175.0 -1141.0 -1153.0 
-1168.0 -1129.0 -1095.0 -1116.0 -1154.0 -1183.0 -1212.0 
-1237.0 -1256.0 -1288.0 -1326.0 -1357.0 -1375.0 -1365.0 
-1346.0 -1353.0 -1367.0 -1334.0 -1272.0 -1245.0 -1258.0 
-1272.0 -1282.0 -1293.0 -1299.0 -1325.0 -1380.0 -1435.0 
-1465.0 -1489.0 -1525.0 -1571.0 -1613.0 -1621.0 -1609.0 
-1597.0 -1594.0 -1592.0 -1575.0 -1533.0 -1470.0 -1419.0 
-1375.0 -1320.0 -1265.0 -1200.0 -1145.0 -1117.0 -1102.0 
-1100.0 -1103.0 -1096.0 -1093.0 -1127.0 -1158.0 -1169.0 
-1176.0 -1172.0 -1179.0 -1193.0 -1201.0 -1199.0 -1185.0 
-1176.0 -1178.0 -1184.0 -1188.0 -1192.0 -1198.0 -1216.0 
-1245.0 -1265.0 -1284.0 -1317.0 -1351.0 -1373.0 -1413.0 
-1465.0 -1482.0 -1497.0 -1547.0 -1584.0 -1611.0 -1647.0 
-1667.0 -1658.0 -1681.0 -1741.0 -1777.0 -1783.0 -1810.0 
-1870.0 -1930.0 -1975.0 -2021.0 -2066.0 -2117.0 -2165.0 
-2193.0 -2215.0 -2238.0 -2236.0 -2203.0 -2171.0 -2138.0 
-2070.0 -1989.0 -1904.0 -1794.0 -1663.0 -1521.0 -1365.0 
-1217.0 -1095.0 -960.0 -808.0 -671.0 -555.0 -439.0 
-316.0 -211.0 -111.0 -12.0 68.0 142.0 205.0 
240.0 270.0 296.0 288.0 279.0 288.0 266.0 
225.0 194.0 151.0 96.0 52.0 5.0 -74.0 
-160.0 -224.0 -311.0 -423.0 -515.0 -600.0 -709.0 
-822.0 -923.0 -1017.0 -1102.0 -1178.0 -1269.0 -1348.0 
-1389.0 -1423.0 -1475.0 -1509.0 -1524.0 -1560.0 -1597.0 
-1609.0 -1628.0 -1671.0 -1702.0 -1720.0 -1765.0 -1821.0 
-1858.0 -1891.0 -1945.0 -2012.0 -2062.0 -2097.0 -2143.0 
-2197.0 -2240.0 -2272.0 -2299.0 -2329.0 -2361.0 -2392.0 
-2424.0 -2453.0 -2479.0 -2519.0 -2554.0 -2573.0 -2584.0 
-2600.0 -2615.0 -2579.0 -2520.0 -2486.0 -2454.0 -2385.0 
-2292.0 -2185.0 -2068.0 -1974.0 -1877.0 -1748.0 -1633.0 
-1528.0 -1417.0 -1328.0 -1260.0 -1179.0 -1090.0 -1029.0 
-984.0 -925.0 -854.0 -777.0 -710.0 -652.0 -582.0 
-489.0 -378.0 -264.0 -170.0 -89.0 7.0 104.0 
188.0 266.0 343.0 407.0 457.0 502.0 525.0 
530.0 537.0 526.0 494.0 448.0 386.0 304.0 
210.0 110.0 -5.0 -133.0 -265.0 -403.0 -536.0 
-667.0 -813.0 -971.0 -1110.0 -1202.0 -1288.0 -1389.0 
-1487.0 -1559.0 -1625.0 -1701.0 -1765.0 -1822.0 -1879.0 
-1928.0 -1982.0 -2011.0 -2028.0 -2075.0 -2075.0 -2050.0 
-2024.0 -2001.0 -1995.0 -1990.0 -1945.0 -1891.0 -1850.0 
-1811.0 -1790.0 -1774.0 -1730.0 -1679.0 -1655.0 -1635.0 
-1584.0 -1522.0 -1471.0 -1418.0 -1337.0 -1256.0 -1174.0 
-1081.0 -1007.0 -936.0 -851.0 -770.0 -688.0 -612.0 
-548.0 -502.0 -470.0 -437.0 -408.0 -391.0 -390.0 
-401.0 -408.0 -409.0 -415.0 -422.0 -427.0 -426.0 
-407.0 -383.0 -378.0 -373.0 -351.0 -323.0 -314.0 
-331.0 -346.0 -339.0 -323.0 -336.0 -353.0 -332.0 
-311.0 -331.0 -376.0 -394.0 -393.0 -415.0 -454.0 
-504.0 -558.0 -633.0 -733.0 -834.0 -925.0 -1019.0 
-1143.0 -1280.0 -1405.0 -1511.0 -1612.0 -1732.0 -1845.0 
-1926.0 -1986.0 -2052.0 -2120.0 -2140.0 -2110.0 -2077.0 
-2072.0 -2070.0 -2030.0 -1969.0 -1924.0 -1888.0 -1829.0 
-1757.0 -1700.0 -1648.0 -1577.0 -1486.0 -1410.0 -1367.0 
-1322.0 -1254.0 -1195.0 -1160.0 -1106.0 -1021.0 -938.0 
-872.0 -800.0 -699.0 -588.0 -477.0 -345.0 -227.0 
-125.0 -5.0 96.0 175.0 264.0 332.0 359.0 
381.0 416.0 434.0 423.0 404.0 418.0 426.0 
385.0 345.0 339.0 330.0 303.0 281.0 274.0 
273.0 262.0 239.0 251.0 287.0 271.0 223.0 
206.0 202.0 169.0 100.0 6.0 -68.0 -128.0 
-211.0 -304.0 -392.0 -481.0 -576.0 -665.0 -735.0 
-801.0 -874.0 -958.0 -1022.0 -1082.0 -1158.0 -1229.0 
-1283.0 -1326.0 -1388.0 -1457.0 -1498.0 -1521.0 -1560.0 
-1589.0 -1612.0 -1640.0 -1649.0 -1636.0 -1617.0 -1588.0 
-1545.0 -1499.0 -1438.0 -1342.0 -1241.0 -1150.0 -1055.0 
-952.0 -837.0 -733.0 -650.0 -578.0 -514.0 -460.0 
-424.0 -395.0 -384.0 -391.0 -395.0 -400.0 -405.0 
-408.0 -423.0 -455.0 -467.0 -463.0 -489.0 -524.0 
-536.0 -545.0 -570.0 -589.0 -597.0 -610.0 -625.0 
-633.0 -648.0 -683.0 -714.0 -733.0 -756.0 -790.0 
-815.0 -834.0 -847.0 -843.0 -826.0 -798.0 -763.0 
-724.0 -694.0 -668.0 -628.0 -572.0 -531.0 -508.0 
-468.0 -407.0 -361.0 -327.0 -291.0 -245.0 -187.0 
-132.0 -93.0 -50.0 15.0 79.0 123.0 157.0 
195.0 244.0 296.0 340.0 373.0 394.0 425.0 
449.0 454.0 472.0 479.0 480.0 496.0 520.0 
525.0 508.0 528.0 555.0 547.0 539.0 506.0 
543.0 628.0 565.0 440.0 445.0 499.0 488.0 
419.0 342.0 296.0 264.0 244.0 162.0 30.0 
-35.0 -93.0 -221.0 -337.0 -427.0 -525.0 -602.0 
-681.0 -789.0 -875.0 -916.0 -959.0 -1020.0 -1081.0 
-1106.0 -1098.0 -1104.0 -1128.0 -1145.0 -1136.0 -1118.0 
-1118.0 -1122.0 -1108.0 -1095.0 -1092.0 -1071.0 -1034.0 
-1008.0 -975.0 -941.0 -912.0 -858.0 -800.0 -769.0 
-746.0 -701.0 -641.0 -602.0 -587.0 -571.0 -547.0 
-521.0 -516.0 -523.0 -501.0 -467.0 -439.0 -422.0 
-397.0 -330.0 -241.0 -165.0 -83.0 35.0 166.0 
290.0 413.0 528.0 657.0 796.0 914.0 1024.0 
1155.0 1289.0 1394.0 1476.0 1575.0 1671.0 1725.0 
1765.0 1813.0 1835.0 1834.0 1821.0 1801.0 1769.0 
1703.0 1628.0 1565.0 1494.0 1409.0 1328.0 1246.0 
1155.0 1060.0 968.0 875.0 785.0 686.0 589.0 
513.0 432.0 332.0 250.0 197.0 131.0 56.0 
-1.0 -58.0 -117.0 -172.0 -229.0 -292.0 -352.0 
-409.0 -467.0 -524.0 -584.0 -644.0 -714.0 -801.0 
-874.0 -940.0 -1017.0 -1104.0 -1186.0 -1263.0 -1338.0 
-1406.0 -1473.0 -1526.0 -1550.0 -1555.0 -1555.0 -1535.0 
-1486.0 -1435.0 -1381.0 -1305.0 -1212.0 -1117.0 -1018.0 
-901.0 -761.0 -629.0 -510.0 -374.0 -223.0 -83.0 
48.0 189.0 317.0 439.0 573.0 699.0 801.0 
895.0 990.0 1083.0 1178.0 1249.0 1292.0 1382.0 
1509.0 1564.0 1591.0 1667.0 1714.0 1753.0 1818.0 
1820.0 1771.0 1780.0 1805.0 1777.0 1716.0 1670.0 
1628.0 1558.0 1498.0 1427.0 1336.0 1263.0 1188.0 
1080.0 985.0 906.0 843.0 770.0 659.0 549.0 
470.0 403.0 320.0 222.0 147.0 111.0 45.0 
-57.0 -126.0 -191.0 -293.0 -380.0 -434.0 -526.0 
-623.0 -693.0 -803.0 -942.0 -1037.0 -1103.0 -1189.0 
-1293.0 -1373.0 -1423.0 -1445.0 -1441.0 -1451.0 -1460.0 
-1424.0 -1342.0 -1256.0 -1172.0 -1075.0 -959.0 -822.0 
-685.0 -565.0 -429.0 -253.0 -81.0 57.0 197.0 
375.0 556.0 703.0 840.0 991.0 1134.0 1251.0 
1356.0 1456.0 1538.0 1597.0 1625.0 1610.0 1588.0 
1562.0 1505.0 1443.0 1355.0 1255.0 1185.0 1074.0 
954.0 892.0 842.0 765.0 648.0 511.0 508.0 
562.0 401.0 204.0 293.0 447.0 305.0 87.0 
126.0 238.0 219.0 200.0 219.0 224.0 285.0 
363.0 397.0 417.0 438.0 478.0 526.0 550.0 
536.0 516.0 530.0 551.0 511.0 456.0 437.0 
411.0 346.0 271.0 203.0 131.0 66.0 4.0 
-65.0 -136.0 -203.0 -274.0 -341.0 -379.0 -379.0 
-372.0 -379.0 -375.0 -332.0 -273.0 -227.0 -185.0 
-129.0 -70.0 -20.0 27.0 69.0 106.0 129.0 
142.0 171.0 197.0 208.0 232.0 262.0 276.0 
308.0 357.0 396.0 435.0 486.0 530.0 551.0 
572.0 623.0 688.0 738.0 773.0 814.0 872.0 
925.0 950.0 974.0 1018.0 1027.0 1000.0 985.0 
967.0 919.0 866.0 809.0 754.0 706.0 647.0 
580.0 532.0 499.0 472.0 442.0 426.0 438.0 
434.0 426.0 444.0 468.0 495.0 536.0 578.0 
612.0 659.0 718.0 784.0 845.0 897.0 957.0 
1021.0 1060.0 1074.0 1101.0 1115.0 1093.0 1062.0 
1040.0 986.0 893.0 805.0 709.0 586.0 458.0 
337.0 206.0 64.0 -63.0 -157.0 -240.0 -345.0 
-440.0 -490.0 -522.0 -550.0 -555.0 -554.0 -545.0 
-506.0 -452.0 -395.0 -322.0 -241.0 -180.0 -129.0 
-61.0 -11.0 16.0 51.0 97.0 135.0 152.0 
151.0 146.0 153.0 173.0 194.0 209.0 229.0 
266.0 289.0 307.0 339.0 367.0 386.0 409.0 
419.0 425.0 448.0 460.0 442.0 425.0 419.0 
394.0 365.0 357.0 351.0 330.0 301.0 279.0 
283.0 323.0 356.0 379.0 428.0 500.0 574.0 
661.0 763.0 853.0 942.0 1041.0 1137.0 1225.0 
1294.0 1360.0 1418.0 1458.0 1494.0 1530.0 1553.0 
1553.0 1549.0 1564.0 1575.0 1553.0 1516.0 1498.0 
1483.0 1430.0 1340.0 1229.0 1125.0 1034.0 918.0 
763.0 610.0 468.0 321.0 168.0 19.0 -124.0 
-251.0 -361.0 -467.0 -555.0 -608.0 -667.0 -748.0 
-779.0 -774.0 -795.0 -805.0 -812.0 -849.0 -857.0 
-823.0 -792.0 -776.0 -761.0 -728.0 -658.0 -577.0 
-541.0 -515.0 -419.0 -291.0 -231.0 -162.0 -12.0 
141.0 249.0 364.0 518.0 663.0 795.0 940.0 
1083.0 1192.0 1292.0 1415.0 1541.0 1646.0 1713.0 
1769.0 1848.0 1933.0 1976.0 1982.0 1998.0 2028.0 
2045.0 2028.0 1995.0 1948.0 1896.0 1838.0 1754.0 
1643.0 1530.0 1419.0 1297.0 1171.0 1028.0 882.0 
754.0 631.0 514.0 404.0 298.0 213.0 141.0 
63.0 7.0 -13.0 -22.0 -34.0 -41.0 -32.0 
-18.0 4.0 35.0 68.0 114.0 146.0 150.0 
153.0 162.0 176.0 155.0 103.0 75.0 59.0 
14.0 -39.0 -56.0 -85.0 -134.0 -167.0 -199.0 
-231.0 -238.0 -252.0 -275.0 -269.0 -249.0 -239.0 
-217.0 -191.0 -167.0 -133.0 -89.0 -39.0 18.0 
88.0 173.0 266.0 371.0 476.0 578.0 682.0 
808.0 946.0 1065.0 1182.0 1301.0 1400.0 1493.0 
1574.0 1633.0 1690.0 1742.0 1763.0 1755.0 1741.0 
1714.0 1676.0 1632.0 1579.0 1532.0 1484.0 1420.0 
1345.0 1280.0 1211.0 1120.0 1018.0 918.0 804.0 
686.0 564.0 432.0 317.0 221.0 116.0 13.0 
-66.0 -133.0 -194.0 -246.0 -283.0 -308.0 -314.0 
-319.0 -332.0 -325.0 -300.0 -276.0 -251.0 -225.0 
-195.0 -151.0 -115.0 -101.0 -86.0 -67.0 -71.0 
-74.0 -56.0 -30.0 -19.0 -2.0 46.0 92.0 
121.0 179.0 271.0 340.0 383.0 459.0 545.0 
600.0 641.0 690.0 743.0 788.0 828.0 884.0 
946.0 988.0 1032.0 1106.0 1190.0 1279.0 1385.0 
1494.0 1605.0 1722.0 1825.0 1930.0 2035.0 2120.0 
2190.0 2265.0 2331.0 2376.0 2397.0 2400.0 2385.0 
2349.0 2313.0 2278.0 2224.0 2138.0 2033.0 1917.0 
1802.0 1689.0 1553.0 1395.0 1236.0 1073.0 907.0 
739.0 558.0 360.0 183.0 36.0 -104.0 -234.0 
-336.0 -429.0 -512.0 -567.0 -600.0 -622.0 -627.0 
-615.0 -599.0 -578.0 -555.0 -523.0 -480.0 -427.0 
-384.0 -345.0 -306.0 -272.0 -233.0 -194.0 -161.0 
-129.0 -119.0 -116.0 -91.0 -64.0 -40.0 -12.0 
23.0 59.0 94.0 129.0 175.0 236.0 290.0 
345.0 406.0 452.0 477.0 525.0 587.0 622.0 
655.0 697.0 727.0 757.0 801.0 842.0 874.0 
917.0 975.0 1047.0 1119.0 1175.0 1228.0 1295.0 
1368.0 1439.0 1493.0 1542.0 1613.0 1706.0 1783.0 
1841.0 1888.0 1929.0 1973.0 1998.0 2010.0 2022.0 
2027.0 2017.0 1989.0 1927.0 1841.0 1761.0 1678.0 
1586.0 1483.0 1367.0 1255.0 1153.0 1037.0 914.0 
802.0 707.0 621.0 543.0 471.0 415.0 376.0 
337.0 309.0 310.0 324.0 340.0 342.0 337.0 
352.0 357.0 336.0 322.0 314.0 292.0 261.0 
227.0 190.0 157.0 119.0 86.0 63.0 54.0 
49.0 45.0 65.0 108.0 161.0 215.0 280.0 
367.0 440.0 503.0 576.0 639.0 680.0 723.0 
780.0 820.0 833.0 855.0 880.0 894.0 895.0 
881.0 859.0 849.0 844.0 826.0 817.0 814.0 
802.0 801.0 806.0 804.0 786.0 765.0 756.0 
757.0 742.0 715.0 699.0 694.0 681.0 663.0 
627.0 565.0 520.0 482.0 418.0 330.0 254.0 
185.0 98.0 7.0 -69.0 -159.0 -258.0 -337.0 
-423.0 -525.0 -603.0 -660.0 -728.0 -794.0 -828.0 
-846.0 -852.0 -821.0 -763.0 -701.0 -618.0 -511.0 
-387.0 -237.0 -62.0 103.0 265.0 443.0 627.0 
810.0 1002.0 1192.0 1375.0 1540.0 1693.0 1847.0 
1999.0 2141.0 2281.0 2389.0 2458.0 2541.0 2612.0 
2633.0 2642.0 2656.0 2629.0 2565.0 2494.0 2408.0 
2317.0 2217.0 2085.0 1940.0 1818.0 1698.0 1559.0 
1413.0 1271.0 1112.0 959.0 817.0 663.0 504.0 
349.0 194.0 45.0 -92.0 -225.0 -357.0 -481.0 
-597.0 -706.0 -801.0 -880.0 -947.0 -1007.0 -1052.0 
-1073.0 -1078.0 -1083.0 -1072.0 -1037.0 -982.0 -926.0 
-879.0 -819.0 -738.0 -646.0 -569.0 -511.0 -443.0 
-375.0 -317.0 -265.0 -218.0 -179.0 -137.0 -91.0 
-55.0 -9.0 44.0 89.0 145.0 226.0 301.0 
363.0 433.0 505.0 561.0 618.0 690.0 745.0 
776.0 816.0 861.0 888.0 918.0 951.0 970.0 
987.0 995.0 994.0 998.0 1003.0 997.0 985.0 
980.0 970.0 946.0 915.0 884.0 858.0 827.0 
787.0 761.0 747.0 722.0 695.0 690.0 686.0 
660.0 642.0 634.0 623.0 611.0 602.0 591.0 
577.0 569.0 556.0 537.0 519.0 493.0 453.0 
411.0 372.0 328.0 269.0 194.0 120.0 53.0 
-25.0 -101.0 -164.0 -237.0 -307.0 -359.0 -403.0 
-451.0 -481.0 -502.0 -526.0 -535.0 -538.0 -549.0 
-569.0 -576.0 -554.0 -540.0 -537.0 -522.0 -490.0 
-444.0 -387.0 -311.0 -232.0 -141.0 -22.0 101.0 
221.0 346.0 462.0 576.0 708.0 838.0 948.0 
1063.0 1208.0 1349.0 1470.0 1590.0 1709.0 1826.0 
1940.0 2020.0 2076.0 2143.0 2179.0 2187.0 2201.0 
2184.0 2129.0 2078.0 2013.0 1926.0 1826.0 1706.0 
1569.0 1430.0 1282.0 1111.0 938.0 777.0 620.0 
466.0 327.0 198.0 64.0 -69.0 -182.0 -277.0 
-383.0 -474.0 -544.0 -614.0 -681.0 -731.0 -762.0 
-783.0 -792.0 -787.0 -785.0 -788.0 -782.0 -770.0 
-742.0 -715.0 -696.0 -661.0 -609.0 -551.0 -489.0 
-411.0 -335.0 -263.0 -178.0 -79.0 32.0 157.0 
273.0 382.0 507.0 638.0 761.0 869.0 952.0 
1016.0 1059.0 1082.0 1101.0 1097.0 1067.0 1047.0 
1029.0 982.0 920.0 867.0 823.0 798.0 782.0 
760.0 750.0 759.0 765.0 781.0 833.0 906.0 
950.0 987.0 1074.0 1164.0 1213.0 1257.0 1315.0 
1376.0 1423.0 1437.0 1456.0 1500.0 1531.0 1527.0 
1503.0 1493.0 1489.0 1459.0 1406.0 1340.0 1248.0 
1125.0 990.0 848.0 682.0 484.0 284.0 111.0 
-52.0 -214.0 -361.0 -493.0 -612.0 -714.0 -802.0 
-855.0 -880.0 -882.0 -867.0 -860.0 -860.0 -825.0 
-755.0 -695.0 -639.0 -549.0 -448.0 -362.0 -241.0 
-88.0 45.0 170.0 308.0 442.0 565.0 682.0 
778.0 850.0 935.0 1033.0 1113.0 1174.0 1229.0 
1295.0 1373.0 1453.0 1509.0 1553.0 1596.0 1628.0 
1649.0 1679.0 1686.0 1677.0 1672.0 1645.0 1608.0 
1580.0 1549.0 1503.0 1452.0 1400.0 1322.0 1232.0 
1181.0 1144.0 1086.0 1025.0 968.0 917.0 861.0 
818.0 804.0 810.0 817.0 798.0 821.0 886.0 
896.0 898.0 948.0 1010.0 1035.0 1037.0 1052.0 
1079.0 1094.0 1095.0 1100.0 1103.0 1079.0 1058.0 
1045.0 1015.0 972.0 928.0 875.0 820.0 766.0 
711.0 663.0 591.0 503.0 455.0 426.0 354.0 
287.0 263.0 212.0 125.0 85.0 90.0 50.0 
-17.0 -53.0 -89.0 -136.0 -154.0 -182.0 -234.0 
-268.0 -287.0 -332.0 -374.0 -377.0 -392.0 -415.0 
-427.0 -450.0 -455.0 -437.0 -444.0 -443.0 -400.0 
-377.0 -381.0 -341.0 -263.0 -213.0 -174.0 -116.0 
-68.0 -27.0 26.0 86.0 150.0 231.0 327.0 
430.0 525.0 624.0 760.0 897.0 994.0 1104.0 
1268.0 1415.0 1515.0 1617.0 1726.0 1838.0 1923.0 
1968.0 2012.0 2066.0 2105.0 2118.0 2138.0 2168.0 
2178.0 2163.0 2158.0 2169.0 2168.0 2157.0 2142.0 
2112.0 2082.0 2048.0 1986.0 1923.0 1866.0 1793.0 
1705.0 1612.0 1498.0 1361.0 1225.0 1095.0 932.0 
719.0 490.0 275.0 48.0 -197.0 -433.0 -660.0 
-883.0 -1092.0 -1276.0 -1422.0 -1547.0 -1666.0 -1743.0 
-1788.0 -1824.0 -1835.0 -1828.0 -1796.0 -1744.0 -1682.0 
-1603.0 -1518.0 -1422.0 -1294.0 -1158.0 -1049.0 -952.0 
-825.0 -692.0 -583.0 -485.0 -385.0 -284.0 -189.0 
-98.0 -15.0 71.0 175.0 280.0 387.0 501.0 
607.0 681.0 749.0 843.0 934.0 1004.0 1081.0 
1157.0 1197.0 1238.0 1301.0 1344.0 1354.0 1360.0 
1373.0 1385.0 1390.0 1390.0 1381.0 1372.0 1366.0 
1364.0 1367.0 1374.0 1377.0 1363.0 1350.0 1351.0 
1335.0 1300.0 1255.0 1179.0 1094.0 1026.0 934.0 
806.0 689.0 575.0 448.0 323.0 177.0 11.0 
-156.0 -325.0 -502.0 -688.0 -833.0 -954.0 -1096.0 
-1238.0 -1337.0 -1400.0 -1445.0 -1463.0 -1474.0 -1477.0 
-1453.0 -1420.0 -1392.0 -1350.0 -1288.0 -1220.0 -1163.0 
-1099.0 -1022.0 -961.0 -913.0 -832.0 -733.0 -657.0 
-596.0 -515.0 -430.0 -356.0 -281.0 -197.0 -143.0 
-111.0 -82.0 -52.0 -32.0 -36.0 -48.0 -62.0 
-79.0 -102.0 -131.0 -168.0 -209.0 -255.0 -301.0 
-331.0 -355.0 -402.0 -448.0 -460.0 -490.0 -544.0 
-543.0 -502.0 -496.0 -495.0 -464.0 -435.0 -406.0 
-361.0 -324.0 -310.0 -290.0 -255.0 -237.0 -239.0 
-219.0 -190.0 -185.0 -188.0 -166.0 -123.0 -88.0 
-60.0 -2.0 79.0 150.0 216.0 294.0 371.0 
438.0 514.0 584.0 637.0 691.0 721.0 711.0 
692.0 654.0 589.0 516.0 430.0 312.0 191.0 
70.0 -80.0 -244.0 -397.0 -560.0 -727.0 -868.0 
-996.0 -1125.0 -1223.0 -1282.0 -1343.0 -1405.0 -1442.0 
-1473.0 -1504.0 -1518.0 -1507.0 -1487.0 -1457.0 -1404.0 
-1329.0 -1247.0 -1163.0 -1058.0 -944.0 -860.0 -784.0 
-685.0 -584.0 -519.0 -479.0 -424.0 -366.0 -349.0 
-340.0 -310.0 -308.0 -300.0 -266.0 -249.0 -256.0 
-251.0 -253.0 -258.0 -251.0 -254.0 -279.0 -297.0 
-299.0 -320.0 -348.0 -358.0 -371.0 -385.0 -355.0 
-309.0 -279.0 -251.0 -230.0 -214.0 -169.0 -134.0 
-141.0 -159.0 -173.0 -215.0 -271.0 -325.0 -405.0 
-513.0 -605.0 -679.0 -776.0 -893.0 -990.0 -1061.0 
-1145.0 -1238.0 -1314.0 -1376.0 -1405.0 -1414.0 -1415.0 
-1381.0 -1344.0 -1333.0 -1307.0 -1242.0 -1172.0 -1119.0 
-1073.0 -1018.0 -963.0 -928.0 -892.0 -836.0 -803.0 
-782.0 -759.0 -732.0 -733.0 -736.0 -724.0 -730.0 
-744.0 -765.0 -789.0 -802.0 -811.0 -839.0 -868.0 
-859.0 -848.0 -870.0 -880.0 -860.0 -824.0 -794.0 
-774.0 -741.0 -674.0 -602.0 -555.0 -496.0 -408.0 
-327.0 -291.0 -262.0 -196.0 -134.0 -104.0 -89.0 
-75.0 -48.0 -40.0 -74.0 -134.0 -179.0 -221.0 
-298.0 -391.0 -478.0 -573.0 -702.0 -851.0 -968.0 
-1068.0 -1219.0 -1372.0 -1482.0 -1598.0 -1738.0 -1873.0 
-1970.0 -2052.0 -2149.0 -2242.0 -2295.0 -2308.0 -2312.0 
-2313.0 -2302.0 -2264.0 -2187.0 -2090.0 -1991.0 -1868.0 
-1729.0 -1592.0 -1442.0 -1256.0 -1065.0 -909.0 -760.0 
-596.0 -452.0 -317.0 -176.0 -50.0 44.0 133.0 
218.0 298.0 385.0 456.0 493.0 531.0 558.0 
552.0 559.0 585.0 584.0 568.0 556.0 537.0 
513.0 487.0 462.0 436.0 400.0 353.0 303.0 
270.0 228.0 173.0 145.0 102.0 37.0 -16.0 
-78.0 -152.0 -217.0 -297.0 -395.0 -485.0 -579.0 
-695.0 -815.0 -934.0 -1052.0 -1176.0 -1316.0 -1441.0 
-1567.0 -1709.0 -1835.0 -1947.0 -2064.0 -2174.0 -2276.0 
-2363.0 -2439.0 -2505.0 -2546.0 -2561.0 -2551.0 -2507.0 
-2455.0 -2400.0 -2325.0 -2236.0 -2141.0 -2037.0 -1917.0 
-1797.0 -1700.0 -1597.0 -1477.0 -1358.0 -1247.0 -1151.0 
-1062.0 -962.0 -854.0 -767.0 -701.0 -623.0 -533.0 
-458.0 -386.0 -304.0 -224.0 -163.0 -109.0 -43.0 
27.0 95.0 155.0 199.0 229.0 253.0 272.0 
272.0 267.0 281.0 292.0 267.0 220.0 177.0 
129.0 66.0 -13.0 -104.0 -195.0 -287.0 -389.0 
-502.0 -608.0 -698.0 -793.0 -895.0 -971.0 -1032.0 
-1094.0 -1144.0 -1188.0 -1235.0 -1276.0 -1296.0 -1293.0 
-1292.0 -1290.0 -1271.0 -1245.0 -1216.0 -1183.0 -1156.0 
-1123.0 -1076.0 -1034.0 -1003.0 -983.0 -981.0 -980.0 
-981.0 -990.0 -1016.0 -1042.0 -1061.0 -1085.0 -1103.0 
-1099.0 -1086.0 -1072.0 -1041.0 -997.0 -957.0 -914.0 
-858.0 -818.0 -793.0 -762.0 -730.0 -722.0 -710.0 
-679.0 -681.0 -702.0 -687.0 -653.0 -648.0 -635.0 
-592.0 -564.0 -548.0 -521.0 -490.0 -463.0 -459.0 
-479.0 -481.0 -483.0 -518.0 -550.0 -582.0 -663.0 
-751.0 -805.0 -860.0 -926.0 -992.0 -1057.0 -1110.0 
-1132.0 -1145.0 -1168.0 -1166.0 -1133.0 -1084.0 -1027.0 
-960.0 -889.0 -798.0 -686.0 -588.0 -490.0 -370.0 
-246.0 -138.0 -33.0 71.0 164.0 226.0 250.0 
269.0 302.0 315.0 295.0 274.0 251.0 207.0 
140.0 71.0 15.0 -50.0 -139.0 -241.0 -342.0 
-427.0 -508.0 -600.0 -702.0 -796.0 -859.0 -923.0 
-996.0 -1053.0 -1110.0 -1183.0 -1250.0 -1306.0 -1362.0 
-1407.0 -1457.0 -1522.0 -1577.0 -1631.0 -1700.0 -1766.0 
-1812.0 -1860.0 -1918.0 -1976.0 -2022.0 -2047.0 -2062.0 
-2075.0 -2078.0 -2062.0 -2034.0 -1983.0 -1917.0 -1857.0 
-1781.0 -1693.0 -1616.0 -1522.0 -1409.0 -1308.0 -1204.0 
-1093.0 -989.0 -883.0 -776.0 -690.0 -602.0 -511.0 
-458.0 -415.0 -373.0 -358.0 -345.0 -319.0 -306.0 
-292.0 -278.0 -286.0 -287.0 -268.0 -271.0 -285.0 
-284.0 -290.0 -298.0 -297.0 -299.0 -298.0 -280.0 
-271.0 -277.0 -273.0 -268.0 -280.0 -283.0 -257.0 
-239.0 -245.0 -254.0 -267.0 -289.0 -323.0 -375.0 
-439.0 -494.0 -551.0 -621.0 -688.0 -749.0 -802.0 
-858.0 -923.0 -977.0 -1027.0 -1084.0 -1133.0 -1169.0 
-1219.0 -1280.0 -1329.0 -1377.0 -1421.0 -1451.0 -1486.0 
-1537.0 -1581.0 -1604.0 -1627.0 -1667.0 -1703.0 -1726.0 
-1746.0 -1759.0 -1765.0 -1772.0 -1758.0 -1725.0 -1691.0 
-1632.0 -1542.0 -1453.0 -1364.0 -1255.0 -1132.0 -1011.0 
-886.0 -767.0 -659.0 -558.0 -462.0 -380.0 -317.0 
-251.0 -171.0 -114.0 -81.0 -46.0 -8.0 14.0 
11.0 -1.0 -13.0 -28.0 -57.0 -111.0 -176.0 
-242.0 -314.0 -375.0 -429.0 -496.0 -564.0 -607.0 
-627.0 -660.0 -700.0 -711.0 -700.0 -693.0 -678.0 
-662.0 -642.0 -598.0 -556.0 -538.0 -512.0 -453.0 
-404.0 -369.0 -317.0 -268.0 -229.0 -180.0 -134.0 
-114.0 -109.0 -88.0 -81.0 -107.0 -127.0 -136.0 
-160.0 -211.0 -257.0 -286.0 -321.0 -362.0 -409.0 
-445.0 -457.0 -467.0 -499.0 -533.0 -546.0 -564.0 
-610.0 -667.0 -730.0 -796.0 -869.0 -950.0 -1050.0 
-1157.0 -1252.0 -1351.0 -1453.0 -1537.0 -1616.0 -1704.0 
-1777.0 -1833.0 -1886.0 -1936.0 -1972.0 -1962.0 -1936.0 
-1937.0 -1926.0 -1875.0 -1823.0 -1798.0 -1773.0 -1717.0 
-1656.0 -1623.0 -1608.0 -1578.0 -1530.0 -1473.0 -1415.0 
-1358.0 -1285.0 -1198.0 -1106.0 -1021.0 -957.0 -884.0 
-793.0 -698.0 -607.0 -522.0 -436.0 -340.0 -243.0 
-164.0 -72.0 31.0 99.0 157.0 240.0 329.0 
390.0 438.0 510.0 593.0 650.0 680.0 710.0 
734.0 737.0 709.0 634.0 553.0 486.0 393.0 
262.0 126.0 15.0 -90.0 -221.0 -347.0 -441.0 
-527.0 -616.0 -718.0 -817.0 -862.0 -897.0 -982.0 
-1063.0 -1097.0 -1125.0 -1166.0 -1191.0 -1184.0 -1194.0 
-1206.0 -1159.0 -1095.0 -1072.0 -1054.0 -963.0 -840.0 
-752.0 -677.0 -586.0 -492.0 -409.0 -323.0 -222.0 
-139.0 -89.0 -34.0 45.0 114.0 147.0 174.0 
240.0 299.0 318.0 341.0 378.0 409.0 452.0 
528.0 586.0 614.0 639.0 694.0 771.0 826.0 
849.0 868.0 872.0 856.0 866.0 883.0 834.0 
728.0 642.0 586.0 505.0 392.0 265.0 98.0 
-96.0 -239.0 -375.0 -590.0 -808.0 -974.0 -1131.0 
-1288.0 -1428.0 -1557.0 -1679.0 -1785.0 -1880.0 -1963.0 
-2029.0 -2104.0 -2180.0 -2210.0 -2219.0 -2236.0 -2240.0 
-2231.0 -2215.0 -2172.0 -2107.0 -2061.0 -2044.0 -2013.0 
-1939.0 -1850.0 -1789.0 -1742.0 -1674.0 -1583.0 -1487.0 
-1378.0 -1241.0 -1106.0 -997.0 -884.0 -722.0 -518.0 
-334.0 -193.0 -44.0 139.0 331.0 523.0 722.0 
932.0 1122.0 1276.0 1449.0 1659.0 1842.0 1963.0 
2056.0 2155.0 2225.0 2251.0 2276.0 2302.0 2270.0 
2201.0 2156.0 2094.0 1978.0 1859.0 1741.0 1596.0 
1452.0 1325.0 1156.0 955.0 784.0 633.0 472.0 
304.0 151.0 7.0 -136.0 -246.0 -331.0 -419.0 
-502.0 -580.0 -644.0 -689.0 -759.0 -850.0 -917.0 
-971.0 -1040.0 -1106.0 -1164.0 -1230.0 -1293.0 -1312.0 
-1325.0 -1367.0 -1379.0 -1347.0 -1318.0 -1284.0 -1226.0 
-1180.0 -1143.0 -1055.0 -932.0 -860.0 -809.0 -733.0 
-653.0 -560.0 -460.0 -389.0 -341.0 -264.0 -147.0 
-27.0 72.0 160.0 248.0 332.0 419.0 503.0 
565.0 605.0 629.0 672.0 742.0 807.0 851.0 
877.0 910.0 961.0 1016.0 1068.0 1114.0 1163.0 
1202.0 1210.0 1206.0 1218.0 1214.0 1164.0 1092.0 
1013.0 927.0 826.0 700.0 573.0 463.0 366.0 
272.0 169.0 60.0 -37.0 -97.0 -130.0 -180.0 
-229.0 -250.0 -267.0 -286.0 -295.0 -293.0 -278.0 
-274.0 -280.0 -284.0 -285.0 -272.0 -259.0 -253.0 
-239.0 -219.0 -204.0 -197.0 -199.0 -224.0 -258.0 
-265.0 -257.0 -272.0 -296.0 -306.0 -328.0 -360.0 
-354.0 -334.0 -356.0 -399.0 -412.0 -400.0 -399.0 
-401.0 -394.0 -383.0 -345.0 -269.0 -196.0 -154.0 
-97.0 -12.0 74.0 167.0 253.0 317.0 369.0 
423.0 466.0 507.0 561.0 582.0 565.0 573.0 
613.0 617.0 580.0 554.0 546.0 551.0 560.0 
559.0 551.0 545.0 552.0 569.0 586.0 609.0 
616.0 610.0 617.0 625.0 616.0 601.0 605.0 
625.0 636.0 640.0 665.0 687.0 688.0 702.0 
731.0 744.0 737.0 714.0 687.0 653.0 608.0 
554.0 485.0 394.0 305.0 229.0 133.0 12.0 
-100.0 -200.0 -308.0 -422.0 -508.0 -578.0 -670.0 
-761.0 -826.0 -878.0 -932.0 -968.0 -995.0 -1037.0 
-1080.0 -1079.0 -1051.0 -1040.0 -1046.0 -1046.0 -1039.0 
-1003.0 -957.0 -919.0 -861.0 -773.0 -685.0 -616.0 
-520.0 -383.0 -262.0 -162.0 -52.0 58.0 129.0 
193.0 264.0 304.0 327.0 356.0 375.0 370.0 
347.0 317.0 287.0 256.0 224.0 189.0 151.0 
120.0 109.0 96.0 67.0 46.0 35.0 6.0 
-11.0 -14.0 -34.0 -60.0 -85.0 -102.0 -106.0 
-118.0 -149.0 -167.0 -169.0 -180.0 -221.0 -245.0 
-230.0 -228.0 -258.0 -296.0 -312.0 -295.0 -293.0 
-335.0 -393.0 -421.0 -418.0 -418.0 -433.0 -459.0 
-481.0 -487.0 -472.0 -450.0 -433.0 -430.0 -438.0 
-427.0 -376.0 -332.0 -334.0 -332.0 -297.0 -264.0 
-252.0 -237.0 -216.0 -196.0 -174.0 -163.0 -152.0 
-136.0 -132.0 -123.0 -118.0 -134.0 -152.0 -164.0 
-165.0 -174.0 -219.0 -257.0 -279.0 -307.0 -345.0 
-396.0 -448.0 -468.0 -467.0 -473.0 -476.0 -472.0 
-477.0 -474.0 -455.0 -442.0 -442.0 -438.0 -429.0 
-406.0 -378.0 -367.0 -355.0 -330.0 -298.0 -251.0 
-205.0 -186.0 -166.0 -123.0 -83.0 -65.0 -50.0 
-40.0 -52.0 -69.0 -78.0 -91.0 -122.0 -155.0 
-170.0 -177.0 -184.0 -181.0 -163.0 -137.0 -108.0 
-68.0 -27.0 3.0 25.0 46.0 65.0 85.0 
102.0 95.0 72.0 75.0 76.0 63.0 69.0 
79.0 54.0 23.0 0.0 -24.0 -64.0 -107.0 
-153.0 -213.0 -263.0 -298.0 -348.0 -370.0 -373.0 
-397.0 -411.0 -415.0 -429.0 -421.0 -374.0 -342.0 
-339.0 -315.0 -255.0 -184.0 -126.0 -68.0 -2.0 
75.0 163.0 255.0 360.0 465.0 566.0 668.0 
784.0 898.0 986.0 1067.0 1163.0 1255.0 1309.0 
1334.0 1364.0 1384.0 1363.0 1307.0 1243.0 1169.0 
1058.0 916.0 754.0 569.0 373.0 176.0 -23.0 
-235.0 -446.0 -663.0 -878.0 -1062.0 -1233.0 -1414.0 
-1595.0 -1750.0 -1884.0 -1993.0 -2073.0 -2147.0 -2211.0 
-2245.0 -2259.0 -2259.0 -2232.0 -2187.0 -2142.0 -2073.0 
-1973.0 -1877.0 -1794.0 -1697.0 -1575.0 -1444.0 -1313.0 
-1195.0 -1082.0 -944.0 -796.0 -656.0 -529.0 -422.0 
-308.0 -168.0 -40.0 67.0 178.0 293.0 396.0 
492.0 588.0 666.0 734.0 804.0 881.0 963.0 
1021.0 1066.0 1122.0 1188.0 1249.0 1302.0 1340.0 
1366.0 1406.0 1455.0 1478.0 1461.0 1420.0 1383.0 
1341.0 1273.0 1183.0 1073.0 961.0 864.0 771.0 
648.0 508.0 393.0 294.0 188.0 91.0 -14.0 
-137.0 -238.0 -311.0 -394.0 -491.0 -582.0 -676.0 
-772.0 -857.0 -929.0 -1005.0 -1083.0 -1148.0 -1196.0 
-1248.0 -1312.0 -1350.0 -1367.0 -1394.0 -1409.0 -1396.0 
-1377.0 -1359.0 -1318.0 -1241.0 -1161.0 -1094.0 -999.0 
-852.0 -689.0 -533.0 -376.0 -201.0 -12.0 153.0 
291.0 430.0 561.0 667.0 753.0 825.0 868.0 
893.0 924.0 946.0 934.0 886.0 826.0 776.0 
740.0 691.0 621.0 554.0 496.0 446.0 392.0 
325.0 253.0 174.0 106.0 46.0 -34.0 -145.0 
-255.0 -336.0 -428.0 -536.0 -640.0 -728.0 -805.0 
-887.0 -988.0 -1108.0 -1220.0 -1310.0 -1408.0 -1515.0 
-1611.0 -1702.0 -1793.0 -1880.0 -1948.0 -1985.0 -1996.0 
-2011.0 -2014.0 -1990.0 -1960.0 -1923.0 -1862.0 -1772.0 
-1667.0 -1550.0 -1421.0 -1291.0 -1165.0 -1022.0 -857.0 
-704.0 -554.0 -387.0 -252.0 -130.0 26.0 181.0 
307.0 425.0 542.0 656.0 761.0 834.0 909.0 
1008.0 1091.0 1154.0 1221.0 1286.0 1332.0 1364.0 
1391.0 1405.0 1391.0 1360.0 1313.0 1238.0 1147.0 
1065.0 974.0 858.0 743.0 631.0 516.0 413.0 
332.0 247.0 154.0 72.0 -15.0 -107.0 -183.0 
-266.0 -363.0 -453.0 -532.0 -624.0 -748.0 -864.0 
-956.0 -1073.0 -1198.0 -1291.0 -1411.0 -1538.0 -1632.0 
-1747.0 -1892.0 -2017.0 -2121.0 -2241.0 -2353.0 -2431.0 
-2500.0 -2559.0 -2599.0 -2627.0 -2635.0 -2619.0 -2596.0 
-2564.0 -2518.0 -2459.0 -2391.0 -2306.0 -2217.0 -2134.0 
-2056.0 -1960.0 -1827.0 -1691.0 -1590.0 -1502.0 -1391.0 
-1275.0 -1165.0 -1060.0 -982.0 -900.0 -808.0 -732.0 
-655.0 -580.0 -532.0 -491.0 -427.0 -383.0 -385.0 
-383.0 -371.0 -364.0 -362.0 -379.0 -409.0 -425.0 
-410.0 -384.0 -383.0 -391.0 -367.0 -345.0 -352.0 
-326.0 -267.0 -224.0 -189.0 -147.0 -97.0 -61.0 
-52.0 -34.0 -10.0 -2.0 -7.0 -25.0 -47.0 
-68.0 -98.0 -147.0 -202.0 -256.0 -316.0 -377.0 
-442.0 -522.0 