93.0 125.0 138.0 137.0 179.0 242.0 272.0 
284.0 301.0 325.0 336.0 344.0 356.0 337.0 
306.0 290.0 274.0 236.0 180.0 130.0 82.0 
12.0 -72.0 -128.0 -159.0 -208.0 -258.0 -255.0 
-237.0 -259.0 -264.0 -224.0 -195.0 -163.0 -112.0 
-66.0 -14.0 56.0 124.0 170.0 213.0 266.0 
306.0 320.0 338.0 355.0 345.0 323.0 285.0 
232.0 186.0 139.0 80.0 23.0 -40.0 -106.0 
-154.0 -195.0 -242.0 -278.0 -293.0 -326.0 -372.0 
-371.0 -347.0 -349.0 -330.0 -259.0 -199.0 -180.0 
-157.0 -101.0 -31.0 7.0 2.0 -4.0 23.0 
57.0 44.0 -6.0 -37.0 -49.0 -71.0 -90.0 
-119.0 -175.0 -223.0 -257.0 -292.0 -322.0 -347.0 
-365.0 -363.0 -343.0 -324.0 -302.0 -243.0 -171.0 
-131.0 -104.0 -57.0 3.0 56.0 93.0 107.0 
117.0 138.0 151.0 161.0 158.0 133.0 124.0 
134.0 131.0 123.0 108.0 97.0 110.0 124.0 
122.0 133.0 150.0 144.0 129.0 126.0 127.0 
120.0 109.0 104.0 101.0 85.0 78.0 80.0 
77.0 82.0 89.0 94.0 103.0 97.0 85.0 
90.0 88.0 59.0 41.0 54.0 50.0 15.0 
0.0 3.0 -23.0 -67.0 -96.0 -102.0 -95.0 
-99.0 -125.0 -149.0 -151.0 -146.0 -144.0 -132.0 
-122.0 -119.0 -106.0 -88.0 -76.0 -55.0 -24.0 
-10.0 1.0 29.0 46.0 43.0 46.0 51.0 
45.0 36.0 26.0 3.0 -26.0 -50.0 -88.0 
-124.0 -137.0 -147.0 -162.0 -171.0 -165.0 -161.0 
-165.0 -151.0 -119.0 -87.0 -55.0 -20.0 7.0 
38.0 72.0 110.0 162.0 206.0 221.0 232.0 
263.0 292.0 302.0 301.0 293.0 279.0 263.0 
233.0 196.0 157.0 122.0 104.0 85.0 45.0 
0.0 -31.0 -54.0 -83.0 -110.0 -127.0 -148.0 
-176.0 -206.0 -219.0 -206.0 -203.0 -214.0 -207.0 
-185.0 -164.0 -141.0 -116.0 -97.0 -81.0 -64.0 
-39.0 -25.0 -24.0 -16.0 -13.0 -26.0 -26.0 
-1.0 15.0 3.0 -10.0 0.0 19.0 20.0 
21.0 19.0 6.0 -5.0 -20.0 -38.0 -52.0 
-71.0 -92.0 -110.0 -137.0 -177.0 -207.0 -229.0 
-262.0 -288.0 -294.0 -306.0 -337.0 -366.0 -379.0 
-375.0 -365.0 -344.0 -307.0 -278.0 -259.0 -223.0 
-170.0 -125.0 -78.0 -23.0 30.0 84.0 133.0 
173.0 202.0 216.0 227.0 251.0 270.0 262.0 
243.0 226.0 203.0 178.0 157.0 138.0 121.0 
112.0 105.0 99.0 90.0 81.0 82.0 83.0 
81.0 88.0 94.0 93.0 97.0 106.0 116.0 
113.0 99.0 93.0 96.0 93.0 77.0 69.0 
82.0 93.0 91.0 88.0 91.0 98.0 106.0 
106.0 102.0 99.0 94.0 90.0 91.0 89.0 
80.0 68.0 43.0 14.0 1.0 -3.0 -21.0 
-51.0 -83.0 -117.0 -150.0 -162.0 -154.0 -155.0 
-166.0 -168.0 -161.0 -147.0 -121.0 -82.0 -50.0 
-31.0 -16.0 -7.0 2.0 14.0 25.0 21.0 
-10.0 -50.0 -64.0 -66.0 -80.0 -111.0 -158.0 
-192.0 -194.0 -196.0 -212.0 -216.0 -212.0 -212.0 
-204.0 -195.0 -186.0 -169.0 -153.0 -146.0 -137.0 
-139.0 -149.0 -148.0 -142.0 -147.0 -163.0 -182.0 
-194.0 -190.0 -176.0 -161.0 -147.0 -135.0 -115.0 
-83.0 -56.0 -25.0 20.0 51.0 59.0 86.0 
147.0 205.0 244.0 276.0 306.0 325.0 332.0 
332.0 324.0 304.0 270.0 223.0 161.0 88.0 
28.0 -10.0 -49.0 -100.0 -152.0 -177.0 -175.0 
-171.0 -161.0 -128.0 -96.0 -81.0 -54.0 -7.0 
47.0 97.0 131.0 150.0 165.0 189.0 210.0 
218.0 224.0 232.0 231.0 229.0 230.0 222.0 
212.0 200.0 188.0 185.0 196.0 207.0 204.0 
205.0 211.0 199.0 179.0 178.0 180.0 167.0 
152.0 142.0 129.0 113.0 89.0 62.0 37.0 
8.0 -19.0 -41.0 -73.0 -117.0 -147.0 -161.0 
-178.0 -200.0 -222.0 -236.0 -241.0 -261.0 -295.0 
-310.0 -316.0 -328.0 -333.0 -344.0 -368.0 -378.0 
-377.0 -386.0 -391.0 -385.0 -377.0 -345.0 -296.0 
-250.0 -201.0 -141.0 -64.0 6.0 68.0 139.0 
190.0 227.0 279.0 318.0 317.0 299.0 284.0 
258.0 205.0 153.0 114.0 74.0 43.0 5.0 
-40.0 -71.0 -97.0 -119.0 -111.0 -97.0 -115.0 
-133.0 -121.0 -89.0 -61.0 -38.0 -16.0 7.0 
54.0 117.0 170.0 200.0 203.0 227.0 269.0 
277.0 266.0 267.0 271.0 249.0 219.0 222.0 
237.0 232.0 228.0 238.0 245.0 242.0 237.0 
235.0 237.0 226.0 209.0 200.0 193.0 174.0 
146.0 117.0 90.0 73.0 65.0 57.0 35.0 
-10.0 -46.0 -55.0 -79.0 -135.0 -192.0 -247.0 
-301.0 -346.0 -394.0 -442.0 -477.0 -503.0 -530.0 
-540.0 -519.0 -495.0 -473.0 -454.0 -433.0 -400.0 
-364.0 -324.0 -284.0 -263.0 -249.0 -226.0 -218.0 
-228.0 -241.0 -253.0 -269.0 -275.0 -263.0 -260.0 
-282.0 -308.0 -318.0 -318.0 -305.0 -277.0 -254.0 
-236.0 -218.0 -200.0 -170.0 -124.0 -72.0 -14.0 
36.0 72.0 106.0 153.0 206.0 267.0 333.0 
370.0 381.0 401.0 432.0 450.0 457.0 470.0 
469.0 449.0 432.0 422.0 426.0 447.0 455.0 
439.0 423.0 413.0 398.0 390.0 386.0 367.0 
336.0 306.0 279.0 251.0 222.0 189.0 148.0 
104.0 70.0 38.0 0.0 -43.0 -92.0 -138.0 
-179.0 -229.0 -275.0 -296.0 -303.0 -312.0 -312.0 
-287.0 -247.0 -209.0 -178.0 -138.0 -80.0 -23.0 
9.0 24.0 35.0 44.0 52.0 44.0 15.0 
-30.0 -81.0 -117.0 -140.0 -165.0 -195.0 -215.0 
-225.0 -234.0 -241.0 -241.0 -228.0 -201.0 -173.0 
-150.0 -120.0 -79.0 -36.0 0.0 29.0 53.0 
74.0 103.0 128.0 125.0 117.0 124.0 127.0 
124.0 122.0 122.0 126.0 126.0 121.0 122.0 
135.0 148.0 153.0 163.0 184.0 205.0 213.0 
224.0 250.0 278.0 295.0 297.0 288.0 274.0 
262.0 243.0 197.0 131.0 69.0 5.0 -67.0 
-140.0 -202.0 -258.0 -317.0 -363.0 -401.0 -436.0 
-448.0 -428.0 -400.0 -376.0 -347.0 -314.0 -285.0 
-249.0 -202.0 -169.0 -146.0 -111.0 -78.0 -61.0 
-64.0 -84.0 -108.0 -133.0 -152.0 -158.0 -166.0 
-179.0 -190.0 -188.0 -179.0 -167.0 -151.0 -140.0 
-127.0 -105.0 -84.0 -66.0 -47.0 -32.0 -9.0 
17.0 39.0 69.0 94.0 103.0 119.0 137.0 
142.0 140.0 132.0 129.0 133.0 127.0 117.0 
107.0 93.0 88.0 96.0 102.0 106.0 110.0 
110.0 115.0 118.0 121.0 138.0 165.0 184.0 
187.0 184.0 185.0 194.0 211.0 232.0 242.0 
242.0 246.0 253.0 260.0 279.0 299.0 311.0 
312.0 301.0 288.0 270.0 249.0 240.0 236.0 
214.0 177.0 146.0 117.0 78.0 44.0 28.0 
17.0 -7.0 -37.0 -66.0 -99.0 -133.0 -155.0 
-170.0 -199.0 -242.0 -288.0 -321.0 -339.0 -357.0 
-384.0 -421.0 -460.0 -498.0 -535.0 -568.0 -592.0 
-611.0 -625.0 -641.0 -652.0 -648.0 -642.0 -624.0 
-591.0 -546.0 -493.0 -432.0 -358.0 -271.0 -194.0 
-123.0 -40.0 46.0 123.0 195.0 259.0 314.0 
365.0 412.0 448.0 469.0 487.0 509.0 530.0 
537.0 538.0 544.0 535.0 509.0 489.0 480.0 
471.0 445.0 416.0 397.0 375.0 348.0 335.0 
327.0 307.0 278.0 253.0 234.0 219.0 203.0 
172.0 125.0 79.0 47.0 16.0 -27.0 -83.0 
-141.0 -191.0 -228.0 -258.0 -298.0 -348.0 -384.0 
-406.0 -428.0 -452.0 -468.0 -477.0 -490.0 -505.0 
-514.0 -514.0 -504.0 -494.0 -493.0 -500.0 -505.0 
-498.0 -470.0 -444.0 -431.0 -409.0 -370.0 -324.0 
-273.0 -214.0 -149.0 -77.0 2.0 80.0 156.0 
236.0 318.0 385.0 429.0 461.0 487.0 502.0 
513.0 511.0 487.0 453.0 421.0 378.0 324.0 
277.0 231.0 174.0 116.0 67.0 25.0 -15.0 
-48.0 -76.0 -101.0 -119.0 -141.0 -157.0 -154.0 
-149.0 -153.0 -151.0 -145.0 -153.0 -169.0 -172.0 
-167.0 -161.0 -152.0 -138.0 -122.0 -105.0 -80.0 
-44.0 -7.0 31.0 68.0 104.0 138.0 164.0 
189.0 217.0 243.0 269.0 294.0 312.0 319.0 
320.0 326.0 334.0 326.0 313.0 308.0 303.0 
291.0 276.0 254.0 234.0 233.0 235.0 218.0 
184.0 153.0 138.0 126.0 108.0 80.0 51.0 
26.0 8.0 -9.0 -39.0 -74.0 -103.0 -126.0 
-140.0 -157.0 -184.0 -198.0 -194.0 -199.0 -218.0 
-236.0 -245.0 -261.0 -293.0 -328.0 -359.0 -388.0 
-417.0 -442.0 -468.0 -499.0 -518.0 -522.0 -514.0 
-501.0 -492.0 -478.0 -447.0 -412.0 -382.0 -333.0 
-276.0 -230.0 -177.0 -110.0 -48.0 7.0 55.0 
96.0 138.0 171.0 194.0 215.0 233.0 252.0 
267.0 277.0 289.0 314.0 353.0 389.0 409.0 
424.0 444.0 462.0 474.0 488.0 494.0 484.0 
473.0 460.0 444.0 423.0 397.0 369.0 334.0 
289.0 236.0 182.0 139.0 105.0 65.0 16.0 
-32.0 -69.0 -95.0 -123.0 -160.0 -191.0 -213.0 
-245.0 -282.0 -307.0 -324.0 -344.0 -364.0 -372.0 
-366.0 -358.0 -349.0 -328.0 -293.0 -255.0 -222.0 
-188.0 -157.0 -130.0 -110.0 -94.0 -87.0 -85.0 
-81.0 -81.0 -82.0 -80.0 -81.0 -84.0 -88.0 
-89.0 -85.0 -79.0 -75.0 -71.0 -61.0 -48.0 
-29.0 -6.0 11.0 31.0 61.0 89.0 113.0 
142.0 174.0 196.0 206.0 214.0 223.0 235.0 
239.0 234.0 238.0 249.0 242.0 216.0 191.0 
174.0 161.0 141.0 105.0 67.0 33.0 0.0 
-28.0 -51.0 -72.0 -86.0 -82.0 -71.0 -73.0 
-80.0 -80.0 -69.0 -49.0 -31.0 -22.0 -12.0 
0.0 11.0 26.0 43.0 57.0 63.0 66.0 
61.0 50.0 40.0 32.0 17.0 -5.0 -24.0 
-34.0 -47.0 -80.0 -116.0 -133.0 -145.0 -171.0 
-203.0 -227.0 -242.0 -253.0 -261.0 -268.0 -261.0 
-248.0 -242.0 -237.0 -225.0 -211.0 -198.0 -179.0 
-144.0 -99.0 -64.0 -36.0 8.0 61.0 108.0 
164.0 232.0 286.0 331.0 375.0 407.0 432.0 
457.0 483.0 506.0 517.0 509.0 494.0 484.0 
472.0 453.0 433.0 414.0 399.0 386.0 358.0 
315.0 267.0 220.0 173.0 124.0 69.0 2.0 
-65.0 -126.0 -189.0 -260.0 -326.0 -382.0 -432.0 
-485.0 -541.0 -583.0 -608.0 -630.0 -650.0 -656.0 
-661.0 -668.0 -657.0 -622.0 -584.0 -549.0 -509.0 
-459.0 -395.0 -322.0 -251.0 -186.0 -120.0 -53.0 
9.0 60.0 109.0 162.0 206.0 226.0 226.0 
217.0 217.0 225.0 216.0 194.0 173.0 158.0 
144.0 127.0 111.0 99.0 88.0 77.0 64.0 
50.0 41.0 40.0 46.0 61.0 87.0 118.0 
149.0 181.0 208.0 238.0 278.0 314.0 337.0 
355.0 370.0 375.0 380.0 394.0 406.0 402.0 
383.0 360.0 342.0 329.0 310.0 280.0 256.0 
241.0 217.0 191.0 182.0 176.0 150.0 123.0 
115.0 110.0 87.0 51.0 11.0 -27.0 -63.0 
-104.0 -140.0 -162.0 -186.0 -229.0 -264.0 -271.0 
-265.0 -260.0 -264.0 -273.0 -278.0 -278.0 -274.0 
-271.0 -279.0 -293.0 -298.0 -306.0 -319.0 -319.0 
-307.0 -309.0 -316.0 -316.0 -310.0 -300.0 -293.0 
-280.0 -258.0 -232.0 -205.0 -176.0 -146.0 -114.0 
-77.0 -45.0 -14.0 29.0 86.0 143.0 183.0 
209.0 241.0 274.0 301.0 328.0 355.0 357.0 
340.0 330.0 329.0 320.0 309.0 298.0 277.0 
251.0 238.0 233.0 237.0 246.0 237.0 214.0 
205.0 208.0 205.0 196.0 185.0 169.0 149.0 
130.0 103.0 71.0 45.0 16.0 -17.0 -44.0 
-70.0 -106.0 -127.0 -128.0 -132.0 -138.0 -140.0 
-136.0 -127.0 -126.0 -138.0 -158.0 -178.0 -191.0 
-194.0 -195.0 -210.0 -232.0 -238.0 -228.0 -226.0 
-233.0 -232.0 -214.0 -199.0 -201.0 -204.0 -192.0 
-177.0 -176.0 -183.0 -184.0 -179.0 -178.0 -175.0 
-164.0 -149.0 -141.0 -135.0 -113.0 -78.0 -49.0 
-26.0 5.0 45.0 87.0 136.0 194.0 259.0 
323.0 381.0 435.0 483.0 529.0 576.0 621.0 
652.0 668.0 676.0 683.0 682.0 681.0 672.0 
645.0 614.0 583.0 548.0 509.0 464.0 413.0 
350.0 282.0 220.0 151.0 58.0 -40.0 -130.0 
-221.0 -320.0 -410.0 -484.0 -549.0 -602.0 -645.0 
-681.0 -694.0 -687.0 -660.0 -618.0 -576.0 -535.0 
-490.0 -439.0 -383.0 -325.0 -280.0 -248.0 -204.0 
-156.0 -129.0 -110.0 -86.0 -64.0 -51.0 -45.0 
-40.0 -31.0 -32.0 -45.0 -60.0 -74.0 -94.0 
-125.0 -164.0 -195.0 -214.0 -231.0 -253.0 -279.0 
-300.0 -304.0 -291.0 -276.0 -258.0 -228.0 -193.0 
-160.0 -117.0 -55.0 8.0 58.0 114.0 192.0 
270.0 324.0 369.0 427.0 491.0 548.0 590.0 
624.0 650.0 672.0 675.0 650.0 611.0 577.0 
544.0 507.0 466.0 419.0 372.0 330.0 292.0 
261.0 246.0 241.0 228.0 210.0 199.0 191.0 
181.0 170.0 166.0 150.0 116.0 76.0 38.0 
1.0 -37.0 -76.0 -118.0 -161.0 -201.0 -241.0 
-272.0 -296.0 -330.0 -368.0 -397.0 -412.0 -415.0 
-412.0 -414.0 -408.0 -386.0 -358.0 -326.0 -289.0 
-265.0 -254.0 -240.0 -216.0 -191.0 -183.0 -201.0 
-226.0 -239.0 -250.0 -274.0 -293.0 -307.0 -327.0 
-343.0 -340.0 -328.0 -319.0 -306.0 -277.0 -236.0 
-201.0 -173.0 -128.0 -60.0 4.0 50.0 87.0 
130.0 184.0 243.0 303.0 366.0 422.0 465.0 
509.0 556.0 594.0 629.0 657.0 670.0 672.0 
664.0 649.0 633.0 615.0 593.0 571.0 548.0 
530.0 517.0 493.0 469.0 462.0 462.0 456.0 
445.0 433.0 418.0 404.0 398.0 390.0 373.0 
354.0 332.0 298.0 259.0 210.0 145.0 72.0 
0.0 -82.0 -174.0 -258.0 -332.0 -406.0 -475.0 
-534.0 -599.0 -667.0 -715.0 -744.0 -767.0 -786.0 
-799.0 -806.0 -804.0 -803.0 -799.0 -772.0 -726.0 
-689.0 -668.0 -644.0 -606.0 -562.0 -525.0 -495.0 
-471.0 -464.0 -462.0 -452.0 -429.0 -394.0 -359.0 
-333.0 -303.0 -253.0 -193.0 -126.0 -53.0 11.0 
62.0 123.0 195.0 257.0 306.0 351.0 391.0 
434.0 484.0 520.0 526.0 526.0 532.0 538.0 
552.0 568.0 567.0 546.0 514.0 490.0 477.0 
464.0 451.0 436.0 418.0 397.0 378.0 359.0 
331.0 304.0 288.0 265.0 231.0 196.0 164.0 
130.0 102.0 81.0 62.0 52.0 57.0 71.0 
85.0 107.0 144.0 184.0 221.0 265.0 305.0 
328.0 348.0 371.0 376.0 362.0 338.0 313.0 
297.0 274.0 238.0 207.0 175.0 141.0 111.0 
79.0 51.0 29.0 0.0 -32.0 -52.0 -60.0 
-72.0 -87.0 -94.0 -101.0 -122.0 -146.0 -169.0 
-193.0 -217.0 -239.0 -265.0 -296.0 -329.0 -370.0 
-409.0 -427.0 -431.0 -451.0 -478.0 -487.0 -495.0 
-520.0 -533.0 -519.0 -502.0 -490.0 -476.0 -451.0 
-425.0 -403.0 -374.0 -330.0 -278.0 -238.0 -206.0 
-172.0 -142.0 -114.0 -88.0 -66.0 -45.0 -30.0 
-16.0 5.0 29.0 47.0 63.0 80.0 107.0 
138.0 161.0 189.0 238.0 283.0 311.0 343.0 
381.0 408.0 430.0 451.0 459.0 461.0 462.0 
457.0 447.0 432.0 407.0 374.0 342.0 314.0 
284.0 247.0 203.0 161.0 128.0 102.0 76.0 
45.0 15.0 -12.0 -38.0 -55.0 -64.0 -73.0 
-81.0 -79.0 -72.0 -53.0 -22.0 1.0 13.0 
28.0 52.0 78.0 95.0 104.0 114.0 116.0 
107.0 99.0 91.0 78.0 53.0 13.0 -27.0 
-57.0 -72.0 -88.0 -115.0 -137.0 -143.0 -139.0 
-140.0 -129.0 -102.0 -81.0 -63.0 -28.0 17.0 
60.0 104.0 149.0 190.0 228.0 259.0 281.0 
295.0 308.0 323.0 334.0 340.0 339.0 340.0 
344.0 341.0 338.0 329.0 301.0 262.0 229.0 
199.0 157.0 109.0 58.0 0.0 -59.0 -112.0 
-165.0 -218.0 -261.0 -291.0 -323.0 -356.0 -372.0 
-368.0 -350.0 -332.0 -317.0 -299.0 -279.0 -261.0 
-233.0 -195.0 -170.0 -162.0 -157.0 -157.0 -157.0 
-152.0 -147.0 -143.0 -130.0 -118.0 -109.0 -79.0 
-30.0 14.0 48.0 76.0 110.0 152.0 192.0 
222.0 247.0 259.0 251.0 240.0 241.0 239.0 
218.0 185.0 161.0 137.0 102.0 62.0 29.0 
-5.0 -46.0 -87.0 -123.0 -158.0 -190.0 -207.0 
-213.0 -204.0 -173.0 -138.0 -115.0 -84.0 -36.0 
7.0 31.0 47.0 68.0 81.0 83.0 91.0 
95.0 80.0 61.0 57.0 66.0 71.0 72.0 
73.0 74.0 77.0 88.0 106.0 111.0 97.0 
86.0 81.0 62.0 33.0 9.0 -16.0 -44.0 
-62.0 -86.0 -119.0 -135.0 -140.0 -157.0 -169.0 
-163.0 -161.0 -164.0 -157.0 -134.0 -109.0 -90.0 
-63.0 -21.0 13.0 29.0 50.0 77.0 93.0 
100.0 101.0 97.0 94.0 92.0 86.0 77.0 
71.0 76.0 98.0 126.0 147.0 160.0 175.0 
191.0 211.0 237.0 253.0 261.0 268.0 279.0 
290.0 301.0 317.0 325.0 332.0 347.0 353.0 
349.0 355.0 362.0 354.0 336.0 340.0 358.0 
343.0 297.0 260.0 236.0 207.0 172.0 113.0 
24.0 -55.0 -117.0 -166.0 -219.0 -290.0 -343.0 
-371.0 -401.0 -419.0 -417.0 -414.0 -400.0 -365.0 
-325.0 -290.0 -258.0 -216.0 -153.0 -101.0 -76.0 
-60.0 -36.0 -13.0 -2.0 6.0 14.0 5.0 
-8.0 -1.0 -6.0 -41.0 -75.0 -84.0 -90.0 
-113.0 -131.0 -131.0 -134.0 -148.0 -164.0 -176.0 
-182.0 -172.0 -155.0 -148.0 -139.0 -122.0 -102.0 
-77.0 -55.0 -32.0 -6.0 29.0 69.0 99.0 
134.0 178.0 211.0 235.0 255.0 270.0 286.0 
308.0 329.0 336.0 326.0 322.0 334.0 337.0 
325.0 302.0 274.0 240.0 195.0 150.0 106.0 
45.0 -19.0 -60.0 -94.0 -125.0 -136.0 -138.0 
-142.0 -144.0 -122.0 -95.0 -88.0 -74.0 -42.0 
-16.0 -2.0 3.0 8.0 16.0 25.0 36.0 
55.0 67.0 77.0 95.0 119.0 134.0 148.0 
175.0 204.0 230.0 258.0 286.0 306.0 319.0 
327.0 331.0 325.0 303.0 277.0 248.0 206.0 
160.0 126.0 96.0 66.0 38.0 19.0 3.0 
-11.0 -24.0 -34.0 -44.0 -49.0 -47.0 -43.0 
-54.0 -71.0 -82.0 -98.0 -126.0 -161.0 -202.0 
-246.0 -287.0 -327.0 -366.0 -399.0 -420.0 -429.0 
-443.0 -467.0 -474.0 -455.0 -425.0 -398.0 -369.0 
-325.0 -279.0 -233.0 -186.0 -136.0 -90.0 -53.0 
-15.0 25.0 68.0 104.0 130.0 157.0 185.0 
203.0 208.0 204.0 197.0 191.0 188.0 191.0 
191.0 184.0 181.0 181.0 175.0 166.0 168.0 
177.0 184.0 187.0 186.0 186.0 189.0 185.0 
169.0 152.0 140.0 128.0 119.0 104.0 72.0 
48.0 40.0 23.0 -1.0 -20.0 -39.0 -60.0 
-73.0 -83.0 -96.0 -105.0 -108.0 -111.0 -105.0 
-93.0 -90.0 -84.0 -63.0 -36.0 -11.0 18.0 
46.0 65.0 85.0 107.0 127.0 150.0 170.0 
180.0 190.0 204.0 212.0 204.0 192.0 191.0 
193.0 178.0 159.0 148.0 137.0 131.0 141.0 
155.0 163.0 163.0 161.0 163.0 168.0 167.0 
153.0 132.0 109.0 97.0 93.0 79.0 61.0 
55.0 51.0 41.0 32.0 29.0 24.0 15.0 
1.0 -21.0 -48.0 -72.0 -102.0 -145.0 -194.0 
-243.0 -292.0 -336.0 -375.0 -416.0 -461.0 -502.0 
-537.0 -563.0 -587.0 -606.0 -606.0 -588.0 -557.0 
-520.0 -474.0 -421.0 -365.0 -300.0 -224.0 -148.0 
-82.0 -27.0 20.0 57.0 90.0 132.0 173.0 
203.0 219.0 217.0 210.0 212.0 209.0 199.0 
193.0 189.0 171.0 143.0 124.0 119.0 123.0 
132.0 150.0 166.0 173.0 184.0 200.0 212.0 
226.0 245.0 256.0 258.0 268.0 278.0 268.0 
261.0 273.0 285.0 289.0 290.0 287.0 278.0 
276.0 277.0 270.0 259.0 254.0 251.0 243.0 
243.0 249.0 247.0 246.0 254.0 265.0 283.0 
304.0 308.0 290.0 258.0 222.0 190.0 160.0 
111.0 46.0 -15.0 -74.0 -140.0 -209.0 -276.0 
-338.0 -386.0 -417.0 -443.0 -463.0 -472.0 -471.0 
-461.0 -451.0 -442.0 -425.0 -404.0 -385.0 -371.0 
-367.0 -360.0 -350.0 -344.0 -335.0 -311.0 -275.0 
-233.0 -179.0 -115.0 -51.0 2.0 43.0 84.0 
136.0 175.0 197.0 218.0 235.0 244.0 243.0 
227.0 202.0 186.0 169.0 138.0 105.0 73.0 
25.0 -23.0 -54.0 -78.0 -97.0 -111.0 -123.0 
-124.0 -110.0 -90.0 -64.0 -38.0 -16.0 5.0 
24.0 38.0 62.0 97.0 130.0 151.0 167.0 
182.0 188.0 193.0 202.0 198.0 180.0 171.0 
169.0 168.0 172.0 172.0 162.0 154.0 157.0 
157.0 152.0 148.0 144.0 135.0 122.0 107.0 
88.0 66.0 43.0 29.0 26.0 28.0 23.0 
1.0 -22.0 -40.0 -58.0 -89.0 -120.0 -134.0 
-146.0 -175.0 -209.0 -226.0 -230.0 -239.0 -248.0 
-253.0 -256.0 -254.0 -243.0 -220.0 -197.0 -179.0 
-156.0 -130.0 -110.0 -89.0 -71.0 -56.0 -31.0 
-3.0 13.0 32.0 50.0 55.0 64.0 80.0 
80.0 74.0 78.0 87.0 104.0 120.0 123.0 
124.0 122.0 112.0 99.0 88.0 75.0 58.0 
34.0 7.0 -12.0 -28.0 -42.0 -53.0 -72.0 
-91.0 -87.0 -64.0 -43.0 -11.0 35.0 76.0 
109.0 151.0 198.0 235.0 260.0 270.0 270.0 
271.0 270.0 257.0 240.0 212.0 166.0 121.0 
88.0 61.0 31.0 -13.0 -56.0 -79.0 -93.0 
-104.0 -105.0 -88.0 -65.0 -50.0 -44.0 -30.0 
3.0 43.0 74.0 95.0 98.0 89.0 88.0 
93.0 88.0 80.0 75.0 53.0 18.0 -3.0 
-22.0 -57.0 -83.0 -82.0 -86.0 -108.0 -121.0 
-120.0 -110.0 -87.0 -68.0 -68.0 -64.0 -49.0 
-37.0 -36.0 -41.0 -47.0 -59.0 -84.0 -113.0 
-138.0 -166.0 -201.0 -244.0 -295.0 -349.0 -394.0 
-429.0 -456.0 -474.0 -500.0 -527.0 -520.0 -482.0 
-441.0 -386.0 -320.0 -257.0 -177.0 -77.0 13.0 
91.0 173.0 250.0 302.0 341.0 378.0 408.0 
424.0 427.0 412.0 378.0 345.0 318.0 283.0 
243.0 204.0 161.0 111.0 65.0 29.0 4.0 
-15.0 -35.0 -57.0 -72.0 -81.0 -92.0 -98.0 
-98.0 -97.0 -99.0 -110.0 -122.0 -132.0 -139.0 
-140.0 -139.0 -132.0 -112.0 -95.0 -82.0 -56.0 
-24.0 2.0 43.0 106.0 161.0 206.0 251.0 
297.0 340.0 382.0 416.0 432.0 437.0 439.0 
439.0 425.0 401.0 371.0 325.0 261.0 199.0 
152.0 96.0 19.0 -60.0 -144.0 -225.0 -289.0 
-343.0 -398.0 -460.0 -522.0 -563.0 -578.0 -581.0 
-577.0 -558.0 -526.0 -485.0 -435.0 -372.0 -295.0 
-222.0 -167.0 -117.0 -61.0 -4.0 47.0 92.0 
130.0 170.0 210.0 242.0 261.0 270.0 275.0 
275.0 270.0 256.0 239.0 220.0 193.0 160.0 
135.0 129.0 130.0 125.0 122.0 129.0 139.0 
151.0 170.0 184.0 194.0 204.0 209.0 213.0 
224.0 232.0 242.0 261.0 274.0 267.0 247.0 
228.0 216.0 196.0 162.0 120.0 70.0 13.0 
-46.0 -100.0 -151.0 -201.0 -254.0 -304.0 -338.0 
-362.0 -384.0 -395.0 -390.0 -386.0 -389.0 -383.0 
-369.0 -354.0 -331.0 -297.0 -271.0 -259.0 -249.0 
-229.0 -198.0 -164.0 -143.0 -134.0 -123.0 -105.0 
-81.0 -54.0 -29.0 -17.0 -16.0 -4.0 31.0 
80.0 119.0 157.0 194.0 222.0 256.0 310.0 
370.0 419.0 455.0 468.0 468.0 479.0 499.0 
496.0 464.0 434.0 411.0 379.0 339.0 310.0 
286.0 253.0 216.0 184.0 160.0 134.0 100.0 
67.0 36.0 -2.0 -47.0 -83.0 -112.0 -148.0 
-191.0 -242.0 -293.0 -327.0 -358.0 -398.0 -438.0 
-474.0 -504.0 -522.0 -524.0 -522.0 -528.0 -534.0 
-529.0 -514.0 -499.0 -476.0 -435.0 -384.0 -340.0 
-303.0 -267.0 -227.0 -177.0 -119.0 -64.0 -16.0 
32.0 77.0 108.0 131.0 150.0 156.0 158.0 
163.0 155.0 131.0 100.0 71.0 46.0 22.0 
8.0 0.0 -4.0 1.0 14.0 20.0 26.0 
50.0 87.0 122.0 149.0 174.0 206.0 250.0 
299.0 345.0 384.0 421.0 458.0 486.0 494.0 
488.0 480.0 467.0 450.0 427.0 384.0 323.0 
257.0 196.0 151.0 116.0 76.0 35.0 -2.0 
-38.0 -65.0 -83.0 -106.0 -129.0 -147.0 -162.0 
-175.0 -187.0 -199.0 -203.0 -199.0 -198.0 -201.0 
-199.0 -202.0 -216.0 -225.0 -234.0 -255.0 -281.0 
-296.0 -307.0 -320.0 -334.0 -345.0 -348.0 -350.0 
-341.0 -302.0 -243.0 -183.0 -130.0 -82.0 -36.0 
13.0 71.0 121.0 159.0 196.0 219.0 220.0 
217.0 215.0 204.0 186.0 159.0 117.0 74.0 
44.0 20.0 -2.0 -16.0 -18.0 -18.0 -23.0 
-21.0 -5.0 11.0 26.0 35.0 38.0 31.0 
21.0 15.0 8.0 -6.0 -33.0 -73.0 -106.0 
-123.0 -138.0 -160.0 -180.0 -194.0 -205.0 -209.0 
-213.0 -232.0 -251.0 -250.0 -244.0 -248.0 -257.0 
-265.0 -257.0 -235.0 -221.0 -215.0 -198.0 -166.0 
-131.0 -91.0 -48.0 -7.0 35.0 80.0 128.0 
168.0 200.0 233.0 274.0 307.0 326.0 332.0 
331.0 332.0 339.0 341.0 337.0 335.0 325.0 
303.0 345.0 437.0 157.0 -573.0 -375.0 900.0 
583.0 -921.0 -246.0 926.0 -14.0 -462.0 -155.0 
-598.0 161.0 1591.0 460.0 -1124.0 -734.0 23.0 
423.0 309.0 -64.0 -364.0 -403.0 -271.0 -76.0 
280.0 78.0 -353.0 -164.0 498.0 645.0 -372.0 
-836.0 123.0 690.0 -245.0 -1203.0 -430.0 564.0 
293.0 -213.0 -118.0 -39.0 -87.0 487.0 751.0 
359.0 344.0 408.0 209.0 349.0 408.0 -56.0 
122.0 789.0 147.0 -630.0 103.0 800.0 -87.0 
-782.0 -282.0 -277.0 -562.0 -43.0 66.0 -742.0 
-795.0 -510.0 -717.0 -235.0 619.0 329.0 -500.0 
-425.0 -142.0 -212.0 -103.0 -287.0 -361.0 223.0 
233.0 -263.0 -205.0 -140.0 -352.0 -253.0 0.0 
-68.0 -286.0 -240.0 70.0 576.0 422.0 -432.0 
-574.0 -57.0 -52.0 -262.0 -337.0 -556.0 -717.0 
-168.0 310.0 -472.0 -1027.0 -126.0 613.0 138.0 
-244.0 55.0 381.0 350.0 87.0 -132.0 -445.0 
-327.0 352.0 476.0 209.0 309.0 241.0 146.0 
562.0 766.0 827.0 895.0 230.0 -655.0 -437.0 
482.0 534.0 -284.0 -361.0 348.0 707.0 873.0 
638.0 -26.0 551.0 1661.0 1084.0 -43.0 -123.0 
455.0 940.0 688.0 -58.0 -149.0 604.0 978.0 
281.0 -359.0 -383.0 -511.0 -129.0 836.0 1206.0 
999.0 422.0 129.0 439.0 -221.0 -1434.0 -1011.0 
835.0 1324.0 343.0 -290.0 -1048.0 -1178.0 169.0 
1219.0 616.0 -434.0 -467.0 -82.0 -338.0 -1057.0 
-1085.0 -80.0 281.0 -379.0 -189.0 102.0 -1176.0 
-1889.0 -734.0 294.0 248.0 -217.0 -762.0 -983.0 
-852.0 -711.0 -800.0 -1222.0 -1582.0 -1271.0 -311.0 
388.0 -88.0 -767.0 58.0 730.0 -366.0 -1139.0 
-322.0 270.0 -434.0 -927.0 -919.0 -941.0 -459.0 
-531.0 -1365.0 -555.0 1134.0 1712.0 825.0 -567.0 
-1029.0 -181.0 1451.0 2189.0 1169.0 -407.0 -744.0 
141.0 272.0 -391.0 183.0 1332.0 1351.0 578.0 
-48.0 -535.0 -344.0 481.0 292.0 -35.0 745.0 
1083.0 287.0 352.0 985.0 106.0 -394.0 1096.0 
1494.0 -151.0 -786.0 -514.0 -642.0 431.0 1729.0 
875.0 -54.0 543.0 697.0 -486.0 -853.0 -80.0 
-228.0 -378.0 846.0 1552.0 943.0 304.0 100.0 
499.0 1003.0 625.0 -211.0 -17.0 205.0 -53.0 
351.0 341.0 -955.0 -1552.0 -471.0 702.0 1033.0 
1010.0 -10.0 -1077.0 -704.0 281.0 810.0 -307.0 
-1470.0 -926.0 -679.0 -711.0 243.0 775.0 54.0 
-49.0 521.0 -704.0 -1993.0 -359.0 692.0 -783.0 
-542.0 1419.0 854.0 -1390.0 -1882.0 -816.0 -355.0 
-54.0 762.0 224.0 -1048.0 -564.0 445.0 -77.0 
-1210.0 -1583.0 -1337.0 133.0 1788.0 714.0 -1294.0 
-1219.0 11.0 1168.0 2257.0 2250.0 655.0 -1047.0 
-1349.0 -884.0 104.0 1379.0 1212.0 -877.0 -2197.0 
-1158.0 249.0 455.0 229.0 153.0 723.0 1486.0 
830.0 -192.0 90.0 152.0 -650.0 -600.0 -51.0 
-106.0 -135.0 -371.0 -428.0 759.0 751.0 -787.0 
-708.0 271.0 289.0 234.0 118.0 -368.0 -781.0 
-864.0 73.0 1969.0 2618.0 1716.0 355.0 -319.0 
195.0 320.0 24.0 -104.0 -612.0 -1261.0 -856.0 
392.0 484.0 -15.0 118.0 -59.0 -480.0 -50.0 
603.0 696.0 895.0 1161.0 569.0 -559.0 -643.0 
-32.0 -326.0 -918.0 -1436.0 -1494.0 -200.0 1028.0 
566.0 -208.0 -30.0 -304.0 -581.0 355.0 1206.0 
869.0 89.0 -558.0 -633.0 -304.0 -99.0 -202.0 
-82.0 549.0 282.0 -639.0 -136.0 664.0 -204.0 
-929.0 157.0 979.0 504.0 447.0 1070.0 823.0 
322.0 327.0 -66.0 164.0 1297.0 1613.0 454.0 
-772.0 -525.0 364.0 1297.0 1624.0 711.0 -113.0 
-820.0 -2080.0 -3238.0 -4183.0 -5065.0 -4770.0 -2202.0 
1082.0 3419.0 4403.0 2575.0 -607.0 -1379.0 952.0 
3282.0 3329.0 1576.0 -602.0 -2403.0 -4461.0 -7223.0 
-7955.0 -3738.0 3141.0 7078.0 5004.0 -274.0 -2722.0 
835.0 6619.0 9728.0 9647.0 6220.0 686.0 -3324.0 
-4559.0 -3722.0 -2539.0 -3549.0 -5486.0 -4713.0 -3524.0 
-4767.0 -6589.0 -6714.0 -4155.0 861.0 6292.0 7910.0 
4617.0 339.0 534.0 5368.0 9528.0 11749.0 14839.0 
16770.0 14010.0 9459.0 6779.0 5008.0 4052.0 3596.0 
459.0 -5561.0 -12474.0 -18627.0 -20410.0 -17873.0 -14808.0 
-11885.0 -9535.0 -7748.0 -6073.0 -4486.0 -10.0 8740.0 
17712.0 20215.0 17517.0 14268.0 6765.0 -4511.0 -13530.0 
-18945.0 -21984.0 -20112.0 -11874.0 -2978.0 1958.0 4811.0 
4983.0 3392.0 6767.0 13261.0 14194.0 10970.0 9521.0 
7410.0 5067.0 2675.0 -1446.0 -5859.0 -5749.0 -1686.0 
-298.0 -174.0 -1648.0 -8700.0 -13157.0 -6546.0 327.0 
-1681.0 -5680.0 -6616.0 -324.0 12081.0 18890.0 12535.0 
3689.0 5846.0 8442.0 2563.0 -2741.0 -3171.0 -3390.0 
-7133.0 -9369.0 -5285.0 -1096.0 -1406.0 -1525.0 -1992.0 
-2349.0 3388.0 9314.0 4604.0 -4603.0 -5082.0 359.0 
191.0 -4464.0 -7687.0 -7347.0 -2992.0 -2355.0 -3722.0 
-842.0 2805.0 5160.0 3966.0 -2035.0 -6694.0 -6403.0 
-4253.0 -767.0 805.0 -1.0 1860.0 3314.0 1947.0 
2241.0 3065.0 945.0 1124.0 5462.0 5097.0 -280.0 
3.0 7759.0 9353.0 -119.0 -6694.0 -4240.0 -182.0 
908.0 661.0 -1034.0 -4340.0 -5669.0 -3267.0 -2333.0 
-6495.0 -7535.0 -1988.0 2632.0 461.0 -3254.0 -762.0 
5390.0 9454.0 9847.0 9158.0 7536.0 5016.0 2587.0 
1278.0 1917.0 1549.0 -1855.0 -8438.0 -10630.0 -5086.0 
-1049.0 -164.0 782.0 1216.0 -305.0 -3158.0 -4015.0 
-4474.0 -3852.0 -935.0 -1439.0 -3507.0 -1280.0 1178.0 
300.0 1379.0 3756.0 4406.0 6610.0 8940.0 5455.0 
3229.0 3864.0 -782.0 -4859.0 -1964.0 -290.0 -4705.0 
-7420.0 -4541.0 636.0 4502.0 4576.0 1478.0 -1971.0 
-3824.0 -4400.0 -1411.0 5778.0 10962.0 8784.0 1389.0 
-3230.0 -1742.0 1077.0 1627.0 -804.0 -3354.0 -991.0 
3125.0 3365.0 -451.0 -4479.0 -5454.0 -4964.0 -2974.0 
1895.0 3862.0 -4287.0 -12966.0 -7502.0 5456.0 7561.0 
-744.0 -5251.0 -1075.0 2340.0 258.0 -551.0 2702.0 
5792.0 4425.0 1258.0 758.0 1187.0 216.0 -1725.0 
-3165.0 -3531.0 -2012.0 -265.0 408.0 1102.0 3136.0 
5386.0 3877.0 213.0 84.0 1777.0 834.0 -2525.0 
-2822.0 855.0 2332.0 -2204.0 -6048.0 -5545.0 -5652.0 
-6542.0 -6051.0 -3961.0 -1288.0 51.0 1155.0 2034.0 
3858.0 6485.0 7654.0 7533.0 4566.0 607.0 666.0 
2354.0 -1761.0 -7225.0 -6643.0 -3349.0 -1890.0 -3037.0 
-3561.0 -1710.0 -189.0 -609.0 -498.0 528.0 -167.0 
-543.0 2143.0 5949.0 7589.0 6626.0 3746.0 482.0 
61.0 2379.0 4966.0 5053.0 4168.0 3912.0 2131.0 
-3024.0 -7807.0 -5222.0 554.0 -1171.0 -6431.0 -5926.0 
-3768.0 -3518.0 -536.0 4287.0 4794.0 2107.0 2378.0 
3982.0 3194.0 1924.0 2408.0 2129.0 356.0 -525.0 
-974.0 -1392.0 -2934.0 -5404.0 -5999.0 -4949.0 -3597.0 
-3885.0 -6480.0 -7590.0 -2872.0 4774.0 7616.0 4867.0 
711.0 -2042.0 -1114.0 996.0 2871.0 5053.0 5793.0 
4545.0 3258.0 708.0 -5114.0 -9172.0 -6055.0 -259.0 
3305.0 4226.0 3304.0 890.0 -970.0 148.0 1308.0 
180.0 -1615.0 -2711.0 -2474.0 -262.0 979.0 433.0 
-875.0 -2583.0 -1816.0 444.0 2656.0 4065.0 1998.0 
-554.0 -907.0 -1142.0 -1164.0 484.0 2217.0 1661.0 
-576.0 -2310.0 -1553.0 1113.0 2734.0 1342.0 -935.0 
-1096.0 -140.0 -1006.0 -1672.0 -1850.0 -978.0 4365.0 
10629.0 11507.0 6297.0 550.0 -1188.0 878.0 3597.0 
4068.0 1902.0 -1441.0 -2758.0 -2185.0 -2191.0 -3092.0 
-2956.0 -1332.0 -413.0 -951.0 -2893.0 -4792.0 -4765.0 
-3609.0 -1445.0 72.0 -976.0 -1343.0 608.0 791.0 
-1229.0 -1461.0 -81.0 268.0 -159.0 -1534.0 -5203.0 
-5958.0 -1903.0 -127.0 466.0 4217.0 7602.0 8070.0 
8703.0 7188.0 987.0 -3141.0 -1548.0 265.0 -1733.0 
-4467.0 -3381.0 -423.0 -292.0 -2008.0 -1580.0 7.0 
-263.0 -1538.0 -2335.0 -2781.0 -1834.0 -639.0 -2239.0 
-5761.0 -4866.0 1905.0 6392.0 6076.0 5181.0 5091.0 
4208.0 2643.0 1430.0 -872.0 -4905.0 -6793.0 -4238.0 
-989.0 -802.0 -1831.0 -1187.0 -480.0 549.0 3458.0 
4513.0 2510.0 602.0 322.0 687.0 1251.0 1783.0 
1615.0 1017.0 -31.0 -879.0 -1476.0 -2612.0 -4090.0 
-4469.0 -3157.0 -2328.0 -2158.0 -1930.0 -1469.0 535.0 
3415.0 4900.0 3708.0 1008.0 -714.0 -350.0 1530.0 
3119.0 2192.0 92.0 -1809.0 -3466.0 -2572.0 1472.0 
5050.0 3688.0 -500.0 -765.0 2864.0 5498.0 4979.0 
3525.0 3035.0 2056.0 415.0 -1955.0 -2724.0 -1111.0 
-1054.0 -2856.0 -4248.0 -3637.0 -817.0 2177.0 3421.0 
2547.0 260.0 -855.0 460.0 1997.0 1887.0 -313.0 
-2733.0 -2161.0 854.0 1545.0 -1292.0 -4492.0 -6225.0 
-5773.0 -3611.0 -2038.0 -1492.0 323.0 3925.0 5731.0 
3907.0 820.0 -2336.0 -4244.0 -2664.0 719.0 2817.0 
2441.0 832.0 780.0 2398.0 3220.0 3014.0 2186.0 
-15.0 -2304.0 -2027.0 -716.0 -2562.0 -5386.0 -5555.0 
-3631.0 -691.0 1815.0 2133.0 112.0 -2529.0 -3379.0 
-1508.0 715.0 1090.0 342.0 -195.0 -108.0 143.0 
39.0 338.0 920.0 719.0 1845.0 4161.0 3849.0 
748.0 -1174.0 -901.0 -290.0 1149.0 2744.0 3111.0 
3940.0 4636.0 3353.0 1421.0 591.0 -547.0 -3277.0 
-4717.0 -3259.0 -1272.0 -929.0 -2490.0 -4295.0 -4793.0 
-3698.0 -1490.0 467.0 891.0 1077.0 2194.0 2581.0 
2429.0 2748.0 2086.0 590.0 318.0 1462.0 2037.0 
1093.0 -610.0 -2521.0 -3555.0 -2701.0 -512.0 899.0 
851.0 1023.0 625.0 -729.0 -263.0 2604.0 4240.0 
2926.0 1147.0 -266.0 -2618.0 -3556.0 -497.0 2605.0 
1150.0 -2137.0 -3141.0 -2946.0 -2948.0 -1505.0 893.0 
1584.0 240.0 -1038.0 -471.0 644.0 1101.0 1187.0 
2141.0 2767.0 431.0 -2263.0 -1737.0 -368.0 -735.0 
-1237.0 49.0 2233.0 3230.0 2735.0 1692.0 1051.0 
922.0 981.0 1219.0 1989.0 2467.0 1590.0 275.0 
-402.0 -22.0 856.0 598.0 -434.0 -1529.0 -2756.0 
-2315.0 -219.0 814.0 -861.0 -2916.0 -2047.0 -592.0 
-1424.0 -3026.0 -2665.0 -669.0 547.0 1461.0 2433.0 
2020.0 840.0 666.0 1637.0 2217.0 809.0 -1335.0 
-2152.0 -2027.0 -2139.0 -2200.0 -1194.0 24.0 52.0 
-280.0 -121.0 -309.0 -912.0 -323.0 900.0 1168.0 
415.0 -758.0 -1303.0 -485.0 250.0 -244.0 -799.0 
-1172.0 -1665.0 -2016.0 -2584.0 -2562.0 -808.0 1164.0 
1647.0 884.0 336.0 211.0 -421.0 -1373.0 -934.0 
1230.0 2080.0 901.0 131.0 -259.0 -470.0 681.0 
1776.0 1020.0 -328.0 -1267.0 -1349.0 313.0 2561.0 
2870.0 1550.0 735.0 1086.0 1835.0 1542.0 792.0 
564.0 -44.0 -812.0 -466.0 319.0 422.0 886.0 
2056.0 2533.0 2222.0 2181.0 2560.0 2384.0 945.0 
-954.0 -2176.0 -2428.0 -1902.0 -1015.0 -409.0 -856.0 
-1618.0 -1215.0 -284.0 -5.0 -319.0 -861.0 -881.0 
-54.0 619.0 778.0 1074.0 1230.0 787.0 654.0 
1513.0 1921.0 1272.0 709.0 1275.0 2188.0 1227.0 
-1659.0 -3474.0 -2335.0 -930.0 -1843.0 -2821.0 -1696.0 
-687.0 -1599.0 -2690.0 -2269.0 -661.0 827.0 1500.0 
1316.0 880.0 1360.0 2099.0 2243.0 2094.0 1098.0 
-454.0 -963.0 -1039.0 -1587.0 -1323.0 311.0 1218.0 
-354.0 -2477.0 -2717.0 -1931.0 -1435.0 -480.0 1184.0 
1435.0 -615.0 -2778.0 -2429.0 95.0 1279.0 246.0 
-729.0 -1197.0 -1756.0 -1746.0 -621.0 240.0 327.0 
887.0 1121.0 609.0 925.0 2177.0 2876.0 1699.0 
-594.0 -2083.0 -1794.0 142.0 1640.0 895.0 -703.0 
-1217.0 -228.0 1142.0 1322.0 546.0 -250.0 -515.0 
725.0 3438.0 4835.0 3770.0 2862.0 3106.0 2822.0 
1738.0 614.0 -1144.0 -2313.0 -1290.0 -494.0 -1430.0 
-2353.0 -2670.0 -2643.0 -1823.0 -1035.0 -1572.0 -2211.0 
-1562.0 -599.0 -31.0 436.0 1192.0 1363.0 -212.0 
-1496.0 -359.0 1398.0 2066.0 2146.0 1935.0 1489.0 
1905.0 3242.0 3448.0 1585.0 -623.0 -1621.0 -1528.0 
-1326.0 -1387.0 -1595.0 -1292.0 -535.0 -118.0 307.0 
569.0 -141.0 -765.0 -342.0 -18.0 -464.0 -313.0 
601.0 776.0 245.0 98.0 385.0 463.0 454.0 
663.0 615.0 -199.0 -1233.0 -1464.0 -908.0 -959.0 
-1861.0 -2167.0 -1668.0 -1124.0 -714.0 60.0 348.0 
-645.0 -1652.0 -1905.0 -1322.0 -132.0 1319.0 2508.0 
2527.0 1798.0 1661.0 1861.0 1124.0 -343.0 -1019.0 
-603.0 -557.0 -740.0 -176.0 382.0 129.0 -198.0 
304.0 804.0 76.0 -1157.0 -1441.0 -794.0 79.0 
1328.0 2695.0 3105.0 2668.0 1927.0 774.0 -866.0 
-2394.0 -2092.0 297.0 2192.0 2391.0 2129.0 1296.0 
-218.0 -914.0 -628.0 -927.0 -2214.0 -3233.0 -2934.0 
-1425.0 -309.0 -261.0 -88.0 280.0 683.0 1270.0 
1150.0 149.0 -516.0 42.0 852.0 398.0 -685.0 
-1146.0 -1593.0 -2428.0 -2521.0 -1617.0 -735.0 -272.0 
135.0 692.0 1481.0 2110.0 2005.0 1624.0 1458.0 
1044.0 -204.0 -1441.0 -1323.0 -1151.0 -2122.0 -2362.0 
-1071.0 272.0 837.0 790.0 554.0 999.0 2168.0 
3028.0 2975.0 2007.0 733.0 -35.0 94.0 569.0 
851.0 1034.0 1234.0 1076.0 402.0 -372.0 -768.0 
-678.0 -299.0 155.0 423.0 308.0 290.0 321.0 
-53.0 -23.0 447.0 -254.0 -1780.0 -1755.0 -259.0 
195.0 -865.0 -1691.0 -1219.0 -438.0 -526.0 -965.0 
-819.0 -233.0 28.0 -396.0 -664.0 136.0 967.0 
850.0 537.0 445.0 337.0 -204.0 -1262.0 -1722.0 
-846.0 355.0 304.0 -693.0 -860.0 151.0 514.0 
-623.0 -1432.0 -980.0 -811.0 -1476.0 -1713.0 -1220.0 
-491.0 194.0 703.0 976.0 1132.0 1379.0 1559.0 
1488.0 1239.0 851.0 796.0 1242.0 1655.0 1982.0 
2457.0 2339.0 1194.0 138.0 -16.0 -141.0 -1124.0 
-1964.0 -1757.0 -1314.0 -947.0 -652.0 -706.0 -622.0 
-54.0 135.0 -532.0 -694.0 200.0 802.0 687.0 
689.0 1142.0 1709.0 1838.0 1245.0 472.0 63.0 
209.0 899.0 1640.0 1445.0 417.0 -114.0 47.0 
297.0 392.0 169.0 -172.0 -320.0 -406.0 -467.0 
-627.0 -1130.0 -1451.0 -1275.0 -970.0 -471.0 3.0 
171.0 289.0 493.0 346.0 -344.0 -588.0 68.0 
522.0 259.0 -76.0 -4.0 493.0 1052.0 868.0 
-5.0 -422.0 -418.0 -506.0 -262.0 406.0 846.0 
669.0 183.0 -259.0 -781.0 -1300.0 -1249.0 -537.0 
-144.0 -599.0 -1037.0 -744.0 -745.0 -1900.0 -2728.0 
-2085.0 -1265.0 -1180.0 -729.0 261.0 430.0 214.0 
231.0 74.0 396.0 1103.0 1337.0 1167.0 823.0 
279.0 -549.0 -1573.0 -2311.0 -2593.0 -2284.0 -1323.0 
-420.0 -43.0 466.0 1098.0 994.0 589.0 875.0 
1740.0 2618.0 3066.0 3027.0 2621.0 1686.0 665.0 
145.0 284.0 574.0 20.0 -709.0 -350.0 390.0 
679.0 644.0 584.0 683.0 853.0 1367.0 2040.0 
2009.0 1082.0 -123.0 -925.0 -1362.0 -2055.0 -2875.0 
-2903.0 -2074.0 -1483.0 -1379.0 -847.0 83.0 755.0 
1325.0 1850.0 2124.0 2106.0 1527.0 480.0 -281.0 
-411.0 -443.0 -636.0 -477.0 -284.0 -468.0 -548.0 
-252.0 -58.0 -538.0 -1034.0 -539.0 415.0 980.0 
1162.0 1301.0 1501.0 1211.0 401.0 -62.0 234.0 
482.0 -493.0 -1927.0 -2305.0 -2000.0 -1893.0 -1642.0 
-931.0 -267.0 118.0 153.0 -221.0 -663.0 -1050.0 
-1667.0 -2050.0 -1654.0 -1064.0 -900.0 -666.0 97.0 
800.0 1156.0 1389.0 1442.0 1445.0 2007.0 2829.0 
2840.0 2170.0 1683.0 1298.0 606.0 -24.0 -368.0 
-716.0 -1067.0 -1249.0 -1134.0 -466.0 349.0 613.0 
861.0 1659.0 1872.0 734.0 -408.0 -420.0 7.0 
-10.0 -551.0 -1149.0 -1511.0 -1688.0 -1873.0 -2134.0 
-2154.0 -1670.0 -848.0 -378.0 -203.0 323.0 691.0 
450.0 313.0 478.0 529.0 435.0 582.0 849.0 
744.0 188.0 -370.0 -738.0 -1115.0 -1046.0 -291.0 
519.0 823.0 557.0 127.0 72.0 73.0 -653.0 
-1435.0 -1189.0 -423.0 -232.0 -548.0 -572.0 -197.0 
125.0 562.0 1402.0 1911.0 1694.0 1646.0 1967.0 
1854.0 1391.0 1087.0 640.0 174.0 141.0 238.0 
72.0 -203.0 -145.0 194.0 476.0 681.0 924.0 
992.0 917.0 1122.0 1438.0 1469.0 1188.0 633.0 
-161.0 -967.0 -1341.0 -1215.0 -1062.0 -1405.0 -1780.0 
-1426.0 -708.0 -128.0 244.0 380.0 253.0 -284.0 
-1131.0 -1635.0 -1492.0 -1263.0 -1123.0 -822.0 -862.0 
-1292.0 -1200.0 -433.0 346.0 836.0 1143.0 1340.0 
1211.0 684.0 183.0 -102.0 -475.0 -753.0 -605.0 
-369.0 -232.0 52.0 520.0 861.0 988.0 856.0 
532.0 207.0 -133.0 -313.0 -179.0 89.0 221.0 
242.0 410.0 504.0 -30.0 -818.0 -1038.0 -860.0 
-902.0 -976.0 -532.0 148.0 511.0 419.0 307.0 
635.0 898.0 569.0 -108.0 -661.0 -948.0 -1061.0 
-951.0 -562.0 -224.0 -79.0 270.0 836.0 1035.0 
675.0 174.0 76.0 223.0 225.0 261.0 39.0 
-610.0 -1177.0 -1338.0 -1219.0 -1014.0 -948.0 -1028.0 
-757.0 -25.0 511.0 594.0 603.0 737.0 855.0 
915.0 950.0 879.0 694.0 483.0 258.0 6.0 
46.0 527.0 893.0 765.0 379.0 104.0 42.0 
236.0 657.0 902.0 784.0 698.0 732.0 580.0 
193.0 -185.0 -404.0 -426.0 -435.0 -503.0 -480.0 
-602.0 -1013.0 -1353.0 -1153.0 -627.0 -357.0 -107.0 
335.0 456.0 245.0 50.0 -152.0 -198.0 -200.0 
-289.0 -71.0 585.0 1272.0 1709.0 1875.0 1578.0 
922.0 566.0 625.0 658.0 539.0 334.0 181.0 
214.0 445.0 659.0 368.0 -299.0 -528.0 -375.0 
-552.0 -945.0 -934.0 -639.0 -479.0 -407.0 -248.0 
20.0 258.0 155.0 -403.0 -951.0 -1127.0 -1129.0 
-1096.0 -1059.0 -1170.0 -1290.0 -1213.0 -999.0 -679.0 
-370.0 -212.0 -173.0 -133.0 -19.0 45.0 31.0 
-36.0 -67.0 98.0 285.0 402.0 589.0 646.0 
408.0 240.0 335.0 446.0 332.0 -4.0 -417.0 
-789.0 -796.0 -584.0 -739.0 -1247.0 -1408.0 -1089.0 
-767.0 -557.0 -436.0 -284.0 91.0 641.0 1160.0 
1445.0 1340.0 962.0 608.0 479.0 439.0 371.0 
350.0 233.0 -61.0 -233.0 -112.0 139.0 243.0 
110.0 -281.0 -565.0 -410.0 -278.0 -398.0 -410.0 
-233.0 -73.0 39.0 217.0 451.0 712.0 888.0 
769.0 507.0 321.0 137.0 -82.0 -109.0 166.0 
565.0 967.0 1088.0 765.0 391.0 308.0 272.0 
14.0 -10.0 469.0 893.0 797.0 410.0 216.0 
205.0 153.0 200.0 416.0 462.0 286.0 111.0 
-128.0 -447.0 -560.0 -368.0 -148.0 -216.0 -408.0 
-434.0 -488.0 -724.0 -845.0 -850.0 -1080.0 -1366.0 
-1312.0 -980.0 -759.0 -752.0 -619.0 -185.0 205.0 
409.0 735.0 1116.0 1203.0 1046.0 814.0 597.0 
589.0 695.0 519.0 50.0 -313.0 -397.0 -372.0 
-451.0 -699.0 -974.0 -941.0 -499.0 -93.0 143.0 
473.0 657.0 548.0 498.0 677.0 837.0 773.0 
734.0 761.0 619.0 454.0 408.0 323.0 174.0 
116.0 81.0 -135.0 -486.0 -725.0 -767.0 -627.0 
-381.0 -235.0 -256.0 -385.0 -502.0 -460.0 -312.0 
-155.0 45.0 349.0 747.0 1002.0 925.0 719.0 
696.0 732.0 507.0 171.0 -71.0 -314.0 -570.0 
-758.0 -827.0 -935.0 -1340.0 -1761.0 -1895.0 -1948.0 
-1985.0 -1760.0 -1303.0 -804.0 -549.0 -649.0 -633.0 
-417.0 -273.0 -82.0 200.0 324.0 305.0 448.0 
727.0 969.0 1196.0 1310.0 1236.0 1159.0 1114.0 
1069.0 1165.0 1307.0 1188.0 817.0 551.0 487.0 
452.0 413.0 375.0 236.0 -53.0 -400.0 -739.0 
-974.0 -1033.0 -1039.0 -1039.0 -990.0 -957.0 -908.0 
-842.0 -828.0 -708.0 -508.0 -498.0 -597.0 -539.0 
-319.0 -56.0 92.0 32.0 -83.0 50.0 461.0 
722.0 694.0 604.0 446.0 311.0 354.0 388.0 
434.0 592.0 631.0 431.0 250.0 402.0 677.0 
700.0 543.0 334.0 72.0 -155.0 -252.0 -273.0 
-373.0 -581.0 -626.0 -288.0 97.0 85.0 -111.0 
-144.0 -194.0 -343.0 -379.0 -298.0 -221.0 -172.0 
-123.0 -156.0 -250.0 -249.0 -38.0 191.0 219.0 
181.0 245.0 352.0 374.0 300.0 201.0 242.0 
386.0 393.0 333.0 484.0 855.0 1113.0 1052.0 
873.0 793.0 797.0 708.0 484.0 352.0 387.0 
363.0 33.0 -333.0 -316.0 -115.0 -65.0 -203.0 
-389.0 -498.0 -614.0 -794.0 -974.0 -1127.0 -1100.0 
-922.0 -786.0 -656.0 -483.0 -284.0 -108.0 -16.0 
-9.0 26.0 101.0 55.0 -126.0 -224.0 -118.0 
-84.0 -244.0 -198.0 85.0 233.0 220.0 248.0 
352.0 416.0 497.0 690.0 834.0 807.0 665.0 
522.0 373.0 178.0 -125.0 -453.0 -592.0 -614.0 
-657.0 -658.0 -704.0 -782.0 -763.0 -754.0 -778.0 
-778.0 -712.0 -610.0 -543.0 -560.0 -662.0 -689.0 
-556.0 -348.0 -169.0 -115.0 -162.0 -129.0 -6.0 
-2.0 -69.0 -93.0 -203.0 -378.0 -358.0 8.0 
430.0 592.0 610.0 662.0 712.0 713.0 638.0 
531.0 513.0 556.0 645.0 834.0 942.0 833.0 
756.0 788.0 667.0 407.0 254.0 185.0 46.0 
-123.0 -223.0 -277.0 -353.0 -376.0 -301.0 -381.0 
-662.0 -703.0 -462.0 -303.0 -303.0 -315.0 -229.0 
-145.0 -246.0 -420.0 -508.0 -496.0 -391.0 -247.0 
9.0 379.0 633.0 680.0 634.0 618.0 662.0 
701.0 735.0 740.0 788.0 957.0 1043.0 1006.0 
935.0 837.0 715.0 602.0 589.0 615.0 543.0 
426.0 350.0 315.0 252.0 146.0 42.0 7.0 
-22.0 -272.0 -674.0 -943.0 -1059.0 -1101.0 -1105.0 
-1049.0 -829.0 -642.0 -728.0 -897.0 -969.0 -1005.0 
-971.0 -716.0 -409.0 -346.0 -439.0 -443.0 -428.0 
-534.0 -689.0 -830.0 -837.0 -618.0 -427.0 -400.0 
-276.0 -9.0 187.0 322.0 503.0 622.0 566.0 
520.0 571.0 630.0 589.0 385.0 141.0 -7.0 
-145.0 -332.0 -481.0 -496.0 -432.0 -425.0 -437.0 
-388.0 -313.0 -261.0 -300.0 -413.0 -404.0 -160.0 
128.0 292.0 389.0 495.0 669.0 821.0 790.0 
685.0 629.0 534.0 325.0 59.0 -118.0 -128.0 
-32.0 88.0 178.0 178.0 88.0 -38.0 -79.0 
51.0 185.0 125.0 32.0 69.0 104.0 65.0 
10.0 31.0 138.0 273.0 385.0 398.0 398.0 
461.0 482.0 506.0 598.0 678.0 679.0 589.0 
472.0 460.0 560.0 587.0 508.0 407.0 271.0 
163.0 118.0 32.0 -124.0 -271.0 -360.0 -428.0 
-510.0 -637.0 -817.0 -986.0 -1008.0 -901.0 -836.0 
-807.0 -738.0 -681.0 -607.0 -445.0 -275.0 -194.0 
-204.0 -203.0 -149.0 -96.0 -23.0 113.0 128.0 
-60.0 -236.0 -305.0 -354.0 -409.0 -493.0 -659.0 
-767.0 -726.0 -671.0 -603.0 -504.0 -358.0 -35.0 
262.0 334.0 423.0 610.0 680.0 622.0 610.0 
601.0 470.0 303.0 218.0 271.0 473.0 692.0 
725.0 566.0 428.0 341.0 203.0 110.0 202.0 
396.0 464.0 381.0 331.0 347.0 307.0 179.0 
51.0 70.0 200.0 261.0 155.0 -30.0 -104.0 
-32.0 68.0 109.0 72.0 -17.0 -100.0 -124.0 
-172.0 -310.0 -466.0 -619.0 -738.0 -858.0 -1018.0 
-1062.0 -859.0 -522.0 -300.0 -217.0 -121.0 38.0 
235.0 415.0 510.0 514.0 408.0 292.0 275.0 
228.0 56.0 -101.0 -148.0 -160.0 -116.0 -35.0 
-10.0 20.0 132.0 264.0 357.0 410.0 410.0 
351.0 251.0 210.0 281.0 311.0 321.0 398.0 
387.0 275.0 210.0 153.0 11.0 -171.0 -319.0 
-472.0 -669.0 -890.0 -1041.0 -1083.0 -1092.0 -1033.0 
-844.0 -599.0 -369.0 -189.0 -24.0 119.0 126.0 
77.0 103.0 78.0 -67.0 -168.0 -121.0 -24.0 
1.0 27.0 123.0 220.0 247.0 214.0 236.0 
309.0 259.0 82.0 -57.0 -143.0 -195.0 -232.0 
-211.0 -107.0 -98.0 -151.0 -147.0 -89.0 -16.0 
14.0 39.0 122.0 250.0 309.0 221.0 64.0 
-85.0 -163.0 -201.0 -289.0 -324.0 -234.0 -71.0 
60.0 111.0 156.0 215.0 292.0 436.0 567.0 
558.0 444.0 259.0 -12.0 -241.0 -327.0 -286.0 
-154.0 -91.0 -165.0 -196.0 -158.0 -143.0 -164.0 
-183.0 -105.0 45.0 150.0 198.0 276.0 364.0 
333.0 230.0 154.0 97.0 82.0 70.0 44.0 
91.0 219.0 321.0 331.0 336.0 409.0 501.0 
522.0 456.0 382.0 335.0 367.0 449.0 439.0 
330.0 206.0 131.0 132.0 178.0 181.0 121.0 
94.0 86.0 -34.0 -175.0 -181.0 -189.0 -283.0 
-370.0 -421.0 -413.0 -368.0 -334.0 -289.0 -230.0 
-160.0 -94.0 -83.0 -120.0 -189.0 -280.0 -395.0 
-528.0 -633.0 -666.0 -652.0 -664.0 -671.0 -586.0 
-401.0 -147.0 56.0 105.0 137.0 246.0 307.0 
235.0 67.0 -87.0 -182.0 -290.0 -394.0 -504.0 
-680.0 -853.0 -943.0 -975.0 -978.0 -975.0 -952.0 
-820.0 -622.0 -493.0 -398.0 -224.0 -24.0 118.0 
271.0 475.0 671.0 830.0 983.0 1120.0 1182.0 
1175.0 1157.0 1184.0 1286.0 1345.0 1258.0 1104.0 
976.0 847.0 714.0 584.0 446.0 318.0 212.0 
153.0 126.0 79.0 6.0 -74.0 -104.0 -112.0 
-191.0 -295.0 -347.0 -370.0 -437.0 -513.0 -504.0 
-439.0 -390.0 -276.0 -44.0 207.0 392.0 527.0 
647.0 666.0 565.0 520.0 558.0 556.0 521.0 
523.0 599.0 699.0 700.0 621.0 470.0 190.0 
-81.0 -245.0 -427.0 -700.0 -970.0 -1136.0 -1210.0 
-1239.0 -1248.0 -1257.0 -1233.0 -1202.0 -1260.0 -1314.0 
-1240.0 -1123.0 -993.0 -783.0 -603.0 -526.0 -455.0 
-412.0 -426.0 -418.0 -367.0 -293.0 -192.0 -87.0 
-1.0 127.0 288.0 359.0 376.0 482.0 653.0 
766.0 813.0 815.0 790.0 812.0 845.0 837.0 
830.0 836.0 838.0 830.0 791.0 699.0 554.0 
368.0 193.0 48.0 -121.0 -277.0 -323.0 -311.0 
-325.0 -372.0 -434.0 -468.0 -431.0 -380.0 -385.0 
-411.0 -422.0 -460.0 -510.0 -480.0 -361.0 -254.0 
-193.0 -109.0 -2.0 64.0 126.0 200.0 238.0 
241.0 214.0 119.0 -9.0 -86.0 -206.0 -422.0 
-590.0 -642.0 -644.0 -640.0 -683.0 -725.0 -660.0 
-499.0 -308.0 -107.0 102.0 286.0 403.0 513.0 
648.0 702.0 682.0 695.0 708.0 718.0 804.0 
878.0 870.0 854.0 887.0 942.0 967.0 964.0 
955.0 927.0 864.0 753.0 634.0 543.0 437.0 
318.0 238.0 152.0 37.0 -65.0 -198.0 -343.0 
-461.0 -570.0 -639.0 -675.0 -707.0 -717.0 -698.0 
-668.0 -664.0 -681.0 -648.0 -536.0 -385.0 -256.0 
-174.0 -91.0 13.0 79.0 78.0 39.0 -29.0 
-95.0 -117.0 -101.0 -90.0 -126.0 -160.0 -120.0 
-53.0 -40.0 -23.0 41.0 64.0 32.0 22.0 
61.0 83.0 32.0 -27.0 -39.0 -38.0 -38.0 
-28.0 1.0 28.0 7.0 -82.0 -160.0 -157.0 
-140.0 -134.0 -128.0 -121.0 -135.0 -178.0 -168.0 
-57.0 81.0 146.0 101.0 27.0 18.0 23.0 
-60.0 -179.0 -250.0 -302.0 -346.0 -398.0 -450.0 
-464.0 -464.0 -475.0 -480.0 -500.0 -536.0 -553.0 
-571.0 -614.0 -644.0 -638.0 -615.0 -578.0 -540.0 
-508.0 -476.0 -366.0 -154.0 59.0 241.0 399.0 
502.0 533.0 514.0 510.0 562.0 617.0 600.0 
526.0 450.0 399.0 332.0 231.0 193.0 265.0 
376.0 458.0 506.0 573.0 676.0 784.0 899.0 
979.0 977.0 940.0 923.0 908.0 851.0 745.0 
583.0 365.0 137.0 -30.0 -106.0 -155.0 -232.0 
-286.0 -290.0 -273.0 -247.0 -225.0 -197.0 -128.0 
-38.0 31.0 93.0 147.0 181.0 210.0 164.0 
35.0 -65.0 -108.0 -114.0 -81.0 -48.0 -12.0 
20.0 -10.0 -57.0 -68.0 -41.0 29.0 29.0 
-102.0 -164.0 -62.0 70.0 91.0 24.0 -14.0 
-13.0 -29.0 -56.0 -39.0 0.0 5.0 2.0 
24.0 52.0 53.0 -32.0 -206.0 -377.0 -512.0 
-609.0 -676.0 -759.0 -868.0 -980.0 -1047.0 -1019.0 
-904.0 -756.0 -628.0 -516.0 -337.0 -117.0 47.0 
177.0 320.0 453.0 546.0 608.0 649.0 639.0 
604.0 589.0 566.0 529.0 487.0 398.0 257.0 
145.0 38.0 -108.0 -219.0 -283.0 -341.0 -409.0 
-488.0 -576.0 -652.0 -714.0 -774.0 -790.0 -739.0 
-662.0 -559.0 -373.0 -157.0 -21.0 35.0 53.0 
56.0 70.0 81.0 71.0 52.0 27.0 20.0 
2.0 -59.0 -96.0 -107.0 -157.0 -186.0 -144.0 
-42.0 137.0 332.0 445.0 499.0 575.0 694.0 
778.0 824.0 883.0 897.0 849.0 785.0 690.0 
557.0 420.0 295.0 189.0 133.0 116.0 88.0 
29.0 -25.0 -30.0 9.0 47.0 64.0 109.0 
223.0 299.0 248.0 166.0 144.0 122.0 54.0 
23.0 18.0 -41.0 -100.0 -122.0 -168.0 -206.0 
-209.0 -223.0 -225.0 -186.0 -145.0 -100.0 -30.0 
30.0 56.0 55.0 63.0 89.0 105.0 111.0 
93.0 53.0 44.0 59.0 60.0 44.0 4.0 
-51.0 -77.0 -77.0 -126.0 -224.0 -314.0 -395.0 
-487.0 -558.0 -591.0 -592.0 -579.0 -583.0 -586.0 
-562.0 -524.0 -478.0 -424.0 -341.0 -204.0 -54.0 
59.0 173.0 312.0 415.0 423.0 396.0 400.0 
400.0 355.0 261.0 178.0 127.0 75.0 -7.0 
-111.0 -196.0 -259.0 -294.0 -271.0 -220.0 -181.0 
-95.0 53.0 215.0 361.0 458.0 529.0 629.0 
703.0 735.0 777.0 823.0 875.0 922.0 918.0 
840.0 733.0 648.0 564.0 469.0 379.0 270.0 
159.0 85.0 3.0 -134.0 -273.0 -346.0 -385.0 
-465.0 -587.0 -676.0 -704.0 -716.0 -731.0 -710.0 
-652.0 -625.0 -603.0 -517.0 -405.0 -301.0 -204.0 
-169.0 -188.0 -181.0 -198.0 -270.0 -365.0 -469.0 
-570.0 -661.0 -739.0 -808.0 -877.0 -940.0 -976.0 
-960.0 -849.0 -665.0 -483.0 -315.0 -161.0 -19.0 
99.0 178.0 247.0 316.0 373.0 440.0 502.0 
525.0 533.0 501.0 420.0 376.0 387.0 379.0 
334.0 288.0 253.0 175.0 73.0 25.0 32.0 
42.0 49.0 75.0 115.0 170.0 230.0 253.0 
253.0 268.0 291.0 299.0 317.0 360.0 382.0 
366.0 383.0 450.0 516.0 556.0 557.0 525.0 
451.0 342.0 278.0 282.0 291.0 279.0 276.0 
274.0 243.0 226.0 225.0 198.0 120.0 10.0 
-73.0 -96.0 -91.0 -89.0 -82.0 -46.0 15.0 
34.0 -13.0 -75.0 -132.0 -196.0 -255.0 -304.0 
-323.0 -305.0 -300.0 -306.0 -285.0 -255.0 -241.0 
-250.0 -297.0 -363.0 -427.0 -476.0 -491.0 -459.0 
-408.0 -359.0 -296.0 -189.0 -42.0 96.0 190.0 
233.0 260.0 307.0 390.0 505.0 614.0 678.0 
720.0 762.0 747.0 654.0 527.0 373.0 197.0 
49.0 -61.0 -190.0 -319.0 -416.0 -502.0 -553.0 
-558.0 -576.0 -614.0 -622.0 -591.0 -521.0 -421.0 
-368.0 -354.0 -290.0 -178.0 -86.0 -56.0 -77.0 
-121.0 -155.0 -157.0 -176.0 -230.0 -278.0 -315.0 
-321.0 -292.0 -264.0 -233.0 -194.0 -165.0 -173.0 
-185.0 -126.0 -9.0 94.0 178.0 266.0 329.0 
319.0 268.0 217.0 165.0 96.0 35.0 3.0 
-45.0 -121.0 -152.0 -134.0 -118.0 -125.0 -134.0 
-107.0 -49.0 11.0 61.0 93.0 114.0 150.0 
216.0 271.0 272.0 246.0 239.0 240.0 251.0 
303.0 365.0 399.0 413.0 450.0 518.0 584.0 
605.0 579.0 559.0 546.0 481.0 380.0 313.0 
283.0 214.0 89.0 -33.0 -134.0 -209.0 -289.0 
-387.0 -436.0 -441.0 -475.0 -495.0 -443.0 -366.0 
-296.0 -220.0 -139.0 -72.0 -54.0 -80.0 -134.0 
-200.0 -225.0 -191.0 -138.0 -78.0 -9.0 55.0 
98.0 128.0 172.0 212.0 228.0 238.0 249.0 
221.0 133.0 64.0 29.0 -31.0 -73.0 -63.0 
-52.0 -70.0 -82.0 -72.0 -75.0 -101.0 -132.0 
-180.0 -238.0 -271.0 -295.0 -326.0 -343.0 -343.0 
-343.0 -349.0 -346.0 -326.0 -313.0 -320.0 -321.0 
-297.0 -266.0 -224.0 -165.0 -91.0 32.0 173.0 
247.0 294.0 392.0 499.0 549.0 583.0 638.0 
667.0 646.0 602.0 562.0 520.0 450.0 350.0 
258.0 193.0 115.0 33.0 1.0 -17.0 -77.0 
-150.0 -195.0 -210.0 -223.0 -258.0 -297.0 -302.0 
-266.0 -208.0 -149.0 -94.0 -55.0 -38.0 -39.0 
-75.0 -116.0 -109.0 -64.0 -39.0 -43.0 -41.0 
-28.0 -17.0 -26.0 -35.0 -18.0 0.0 13.0 
34.0 55.0 66.0 67.0 67.0 51.0 14.0 
-17.0 -57.0 -130.0 -211.0 -276.0 -317.0 -337.0 
-360.0 -387.0 -383.0 -320.0 -234.0 -174.0 -108.0 
-13.0 75.0 130.0 154.0 166.0 182.0 187.0 
175.0 195.0 213.0 194.0 200.0 220.0 202.0 
154.0 85.0 -3.0 -90.0 -140.0 -156.0 -176.0 
-214.0 -247.0 -272.0 -303.0 -313.0 -293.0 -283.0 
-256.0 -158.0 -29.0 64.0 148.0 268.0 393.0 
471.0 511.0 554.0 612.0 664.0 695.0 716.0 
728.0 715.0 670.0 609.0 551.0 485.0 414.0 
373.0 358.0 321.0 249.0 182.0 121.0 45.0 
-30.0 -103.0 -197.0 -295.0 -347.0 -353.0 -365.0 
-407.0 -448.0 -461.0 -477.0 -504.0 -536.0 -563.0 
-573.0 -566.0 -547.0 -517.0 -497.0 -504.0 -514.0 
-518.0 -515.0 -504.0 -489.0 -485.0 -486.0 -463.0 
-411.0 -347.0 -265.0 -161.0 -73.0 -34.0 -5.0 
58.0 130.0 153.0 140.0 151.0 182.0 180.0 
158.0 129.0 91.0 71.0 66.0 57.0 52.0 
47.0 35.0 36.0 72.0 110.0 105.0 79.0 
83.0 134.0 192.0 252.0 343.0 438.0 510.0 
579.0 678.0 783.0 836.0 823.0 767.0 718.0 
688.0 627.0 523.0 420.0 358.0 314.0 241.0 
160.0 94.0 42.0 -7.0 -85.0 -181.0 -258.0 
-301.0 -326.0 -371.0 -437.0 -498.0 -562.0 -626.0 
-653.0 -640.0 -625.0 -630.0 -646.0 -606.0 -520.0 
-465.0 -441.0 -426.0 -414.0 -368.0 -276.0 -190.0 
-121.0 -44.0 29.0 64.0 72.0 81.0 73.0 
57.0 71.0 78.0 38.0 -14.0 -55.0 -85.0 
-95.0 -104.0 -140.0 -178.0 -165.0 -113.0 -76.0 
-80.0 -92.0 -86.0 -80.0 -72.0 -36.0 12.0 
55.0 84.0 109.0 145.0 166.0 160.0 168.0 
181.0 166.0 159.0 179.0 198.0 203.0 197.0 
195.0 207.0 232.0 273.0 323.0 369.0 429.0 
506.0 571.0 605.0 619.0 630.0 643.0 624.0 
567.0 511.0 458.0 374.0 281.0 205.0 126.0 
30.0 -43.0 -85.0 -132.0 -186.0 -225.0 -248.0 
-267.0 -291.0 -304.0 -290.0 -285.0 -306.0 -353.0 
-420.0 -466.0 -488.0 -505.0 -519.0 -540.0 -568.0 
-591.0 -589.0 -573.0 -539.0 -479.0 -424.0 -368.0 
-279.0 -168.0 -58.0 50.0 156.0 240.0 291.0 
340.0 395.0 435.0 450.0 445.0 450.0 477.0 
494.0 476.0 438.0 403.0 361.0 299.0 251.0 
233.0 219.0 172.0 124.0 99.0 62.0 15.0 
-19.0 -68.0 -144.0 -201.0 -227.0 -239.0 -227.0 
-221.0 -214.0 -180.0 -152.0 -145.0 -124.0 -88.0 
-48.0 -10.0 23.0 47.0 56.0 53.0 45.0 
37.0 31.0 14.0 -3.0 -21.0 -42.0 -57.0 
-74.0 -98.0 -108.0 -86.0 -60.0 -68.0 -90.0 
-88.0 -88.0 -123.0 -156.0 -170.0 -205.0 -258.0 
-284.0 -287.0 -305.0 -336.0 -337.0 -308.0 -285.0 
-267.0 -243.0 -212.0 -189.0 -176.0 -145.0 -100.0 
-75.0 -56.0 -13.0 44.0 103.0 170.0 228.0 
252.0 258.0 273.0 279.0 266.0 253.0 243.0 
226.0 221.0 236.0 248.0 242.0 232.0 231.0 
229.0 211.0 169.0 110.0 46.0 -11.0 -44.0 
-53.0 -71.0 -111.0 -147.0 -179.0 -225.0 -250.0 
-240.0 -243.0 -274.0 -287.0 -266.0 -228.0 -173.0 
-92.0 -2.0 81.0 167.0 232.0 255.0 267.0 
312.0 384.0 433.0 439.0 427.0 426.0 423.0 
373.0 296.0 238.0 178.0 110.0 42.0 -27.0 
-85.0 -136.0 -186.0 -212.0 -219.0 -226.0 -229.0 
-246.0 -270.0 -273.0 -259.0 -250.0 -252.0 -253.0 
-256.0 -263.0 -248.0 -213.0 -194.0 -191.0 -172.0 
-127.0 -65.0 -5.0 35.0 66.0 114.0 173.0 
229.0 286.0 336.0 369.0 384.0 367.0 320.0 
288.0 276.0 236.0 162.0 105.0 68.0 14.0 
-43.0 -84.0 -113.0 -126.0 -122.0 -115.0 -111.0 
-119.0 -152.0 -186.0 -206.0 -229.0 -255.0 -261.0 
-247.0 -231.0 -229.0 -246.0 -250.0 -227.0 -211.0 
-212.0 -218.0 -225.0 -245.0 -268.0 -281.0 -293.0 
-305.0 -302.0 -257.0 -181.0 -113.0 -47.0 22.0 
73.0 114.0 194.0 295.0 347.0 359.0 386.0 
409.0 395.0 363.0 337.0 313.0 280.0 239.0 
204.0 168.0 117.0 57.0 13.0 -9.0 -21.0 
-11.0 12.0 17.0 13.0 21.0 38.0 52.0 
57.0 54.0 33.0 -11.0 -57.0 -101.0 -169.0 
-247.0 -310.0 -353.0 -382.0 -396.0 -411.0 -422.0 
-412.0 -391.0 -363.0 -335.0 -311.0 -264.0 -180.0 
-93.0 -9.0 83.0 175.0 255.0 312.0 344.0 
377.0 418.0 445.0 447.0 439.0 443.0 463.0 
478.0 484.0 483.0 466.0 445.0 430.0 406.0 
361.0 308.0 259.0 219.0 183.0 134.0 69.0 
7.0 -44.0 -92.0 -139.0 -172.0 -177.0 -174.0 
-191.0 -216.0 -232.0 -257.0 -294.0 -324.0 -341.0 
-351.0 -371.0 -406.0 -443.0 -471.0 -490.0 -494.0 
-478.0 -459.0 -439.0 -417.0 -385.0 -322.0 -243.0 
-181.0 -137.0 -88.0 -33.0 19.0 59.0 70.0 
84.0 117.0 138.0 132.0 123.0 126.0 121.0 
94.0 71.0 64.0 66.0 65.0 55.0 46.0 
42.0 51.0 66.0 91.0 129.0 156.0 171.0 
188.0 202.0 208.0 215.0 219.0 208.0 187.0 
163.0 129.0 89.0 58.0 18.0 -33.0 -73.0 
-110.0 -139.0 -141.0 -138.0 -153.0 -166.0 -180.0 
-200.0 -206.0 -217.0 -240.0 -255.0 -257.0 -261.0 
-271.0 -294.0 -346.0 -394.0 -418.0 -452.0 -504.0 
-537.0 -548.0 -573.0 -597.0 -594.0 -571.0 -528.0 
-468.0 -394.0 -312.0 -227.0 -134.0 -34.0 61.0 
163.0 267.0 365.0 450.0 521.0 584.0 654.0 
734.0 800.0 840.0 860.0 875.0 890.0 890.0 
871.0 852.0 824.0 774.0 738.0 723.0 692.0 
633.0 586.0 569.0 557.0 548.0 546.0 521.0 
463.0 399.0 343.0 287.0 225.0 135.0 14.0 
-108.0 -216.0 -309.0 -389.0 -474.0 -561.0 -627.0 
-670.0 -706.0 -733.0 -751.0 -764.0 -754.0 -721.0 
-687.0 -655.0 -611.0 -562.0 -509.0 -445.0 -381.0 
-333.0 -304.0 -275.0 -227.0 -192.0 -182.0 -156.0 
-108.0 -66.0 -33.0 1.0 24.0 27.0 40.0 
64.0 77.0 91.0 105.0 101.0 92.0 101.0 
112.0 101.0 81.0 54.0 14.0 -20.0 -38.0 
-59.0 -80.0 -81.0 -77.0 -74.0 -79.0 -97.0 
-128.0 -167.0 -197.0 -218.0 -237.0 -252.0 -275.0 
-301.0 -312.0 -319.0 -332.0 -339.0 -354.0 -380.0 
-390.0 -379.0 -370.0 -377.0 -396.0 -399.0 -388.0 
-386.0 -398.0 -400.0 -382.0 -359.0 -350.0 -345.0 
-313.0 -249.0 -176.0 -103.0 -23.0 63.0 139.0 
209.0 273.0 328.0 390.0 447.0 490.0 534.0 
585.0 622.0 640.0 655.0 672.0 676.0 657.0 
637.0 625.0 611.0 587.0 547.0 507.0 472.0 
429.0 363.0 288.0 229.0 169.0 87.0 -5.0 
-84.0 -135.0 -170.0 -199.0 -217.0 -224.0 -242.0 
-269.0 -280.0 -272.0 -269.0 -261.0 -233.0 -202.0 
-182.0 -176.0 -167.0 -152.0 -140.0 -119.0 -80.0 
-37.0 5.0 51.0 90.0 109.0 119.0 146.0 
187.0 213.0 226.0 238.0 231.0 206.0 199.0 
199.0 192.0 183.0 167.0 155.0 146.0 115.0 
65.0 32.0 8.0 -23.0 -62.0 -100.0 -130.0 
-154.0 -164.0 -167.0 -174.0 -190.0 -202.0 -202.0 
-214.0 -237.0 -260.0 -284.0 -304.0 -320.0 -340.0 
-351.0 -358.0 -371.0 -386.0 -392.0 -383.0 -376.0 
-384.0 -380.0 -352.0 -306.0 -253.0 -203.0 -158.0 
-99.0 -32.0 22.0 64.0 113.0 170.0 220.0 
255.0 273.0 265.0 233.0 202.0 188.0 168.0 
128.0 83.0 42.0 -11.0 -74.0 -109.0 -127.0 
-152.0 -173.0 -193.0 -219.0 -229.0 -206.0 -172.0 
-159.0 -151.0 -113.0 -69.0 -34.0 -4.0 8.0 
17.0 35.0 59.0 78.0 89.0 112.0 141.0 
151.0 160.0 176.0 196.0 243.0 288.0 306.0 
323.0 354.0 372.0 378.0 390.0 394.0 369.0 
322.0 278.0 231.0 161.0 90.0 23.0 -64.0 
-160.0 -246.0 -311.0 -342.0 -377.0 -438.0 -499.0 
-541.0 -547.0 -538.0 -543.0 -549.0 -538.0 -507.0 
-475.0 -454.0 -434.0 -409.0 -378.0 -343.0 -309.0 
-274.0 -242.0 -201.0 -139.0 -68.0 -1.0 90.0 
194.0 276.0 344.0 406.0 453.0 495.0 545.0 
587.0 608.0 613.0 599.0 581.0 570.0 546.0 
511.0 479.0 448.0 412.0 382.0 372.0 353.0 
305.0 248.0 192.0 122.0 46.0 -33.0 -135.0 
-246.0 -333.0 -415.0 -508.0 -590.0 -651.0 -712.0 
-767.0 -800.0 -811.0 -805.0 -778.0 -716.0 -645.0 
-579.0 -502.0 -402.0 -293.0 -197.0 -99.0 1.0 
99.0 205.0 320.0 419.0 490.0 553.0 605.0 
626.0 624.0 618.0 603.0 561.0 506.0 464.0 
425.0 371.0 308.0 240.0 173.0 125.0 91.0 
54.0 12.0 -33.0 -86.0 -134.0 -176.0 -215.0 
-239.0 -248.0 -271.0 -305.0 -329.0 -339.0 -348.0 
-357.0 -358.0 -360.0 -367.0 -358.0 -330.0 -320.0 
-334.0 -344.0 -349.0 -341.0 -319.0 -304.0 -293.0 
-279.0 -260.0 -231.0 -203.0 -175.0 -141.0 -104.0 
-69.0 -36.0 -4.0 8.0 -7.0 -29.0 -46.0 
-73.0 -116.0 -160.0 -180.0 -176.0 -180.0 -189.0 
-184.0 -180.0 -164.0 -120.0 -70.0 -28.0 6.0 
31.0 55.0 85.0 106.0 114.0 126.0 139.0 
138.0 118.0 98.0 102.0 113.0 100.0 75.0 
77.0 95.0 96.0 91.0 92.0 84.0 75.0 
74.0 75.0 78.0 91.0 109.0 121.0 126.0 
126.0 125.0 137.0 158.0 163.0 146.0 128.0 
116.0 108.0 96.0 72.0 39.0 10.0 2.0 
9.0 17.0 33.0 67.0 107.0 141.0 173.0 
208.0 244.0 278.0 305.0 329.0 350.0 366.0 
375.0 360.0 321.0 289.0 267.0 235.0 190.0 
138.0 79.0 22.0 -29.0 -91.0 -162.0 -206.0 
-218.0 -238.0 -275.0 -305.0 -331.0 -354.0 -366.0 
-368.0 -372.0 -385.0 -404.0 -411.0 -396.0 -370.0 
-357.0 -354.0 -336.0 -306.0 -274.0 -249.0 -232.0 
-223.0 -212.0 -187.0 -153.0 -132.0 -104.0 -58.0 
-29.0 -21.0 -11.0 8.0 29.0 47.0 57.0 
49.0 35.0 32.0 25.0 0.0 -30.0 -53.0 
-67.0 -63.0 -60.0 -74.0 -99.0 -105.0 -85.0 
-73.0 -78.0 -70.0 -51.0 -29.0 -4.0 2.0 
-10.0 -13.0 9.0 31.0 29.0 14.0 6.0 
7.0 12.0 15.0 0.0 -34.0 -60.0 -67.0 
-84.0 -116.0 -142.0 -148.0 -131.0 -113.0 -110.0 
-94.0 -71.0 -64.0 -61.0 -45.0 -11.0 25.0 
48.0 64.0 84.0 105.0 122.0 139.0 170.0 
200.0 220.0 244.0 273.0 292.0 285.0 269.0 
264.0 257.0 239.0 218.0 195.0 173.0 154.0 
135.0 111.0 91.0 75.0 66.0 83.0 113.0 
130.0 144.0 172.0 208.0 227.0 228.0 233.0 
239.0 239.0 243.0 242.0 219.0 192.0 169.0 
121.0 48.0 -17.0 -68.0 -122.0 -177.0 -227.0 
-275.0 -321.0 -365.0 -399.0 -430.0 -474.0 -527.0 
-576.0 -615.0 -645.0 -651.0 -638.0 -632.0 -635.0 
-634.0 -620.0 -605.0 -593.0 -577.0 -554.0 -522.0 
-497.0 -491.0 -472.0 -432.0 -398.0 -374.0 -332.0 
-271.0 -220.0 -183.0 -141.0 -90.0 -39.0 7.0 
63.0 123.0 168.0 192.0 199.0 212.0 240.0 
260.0 257.0 252.0 265.0 282.0 301.0 344.0 
399.0 439.0 476.0 520.0 556.0 580.0 591.0 
600.0 626.0 663.0 683.0 679.0 662.0 635.0 
605.0 581.0 561.0 520.0 466.0 412.0 357.0 
295.0 223.0 161.0 111.0 59.0 10.0 -33.0 
-67.0 -93.0 -118.0 -137.0 -143.0 -144.0 -149.0 
-163.0 -178.0 -192.0 -220.0 -256.0 -286.0 -317.0 
-356.0 -402.0 -443.0 -466.0 -479.0 -485.0 -478.0 
-462.0 -456.0 -460.0 -461.0 -466.0 -483.0 -499.0 
-504.0 -513.0 -526.0 -528.0 -533.0 -541.0 -518.0 
-469.0 -427.0 -395.0 -343.0 -271.0 -198.0 -133.0 
-75.0 -15.0 44.0 91.0 127.0 159.0 183.0 
194.0 193.0 174.0 151.0 133.0 105.0 73.0 
48.0 26.0 8.0 3.0 11.0 29.0 43.0 
53.0 75.0 111.0 152.0 192.0 233.0 278.0 
314.0 326.0 332.0 345.0 361.0 368.0 350.0 
309.0 270.0 237.0 191.0 134.0 80.0 24.0 
-34.0 -87.0 -136.0 -188.0 -231.0 -258.0 -267.0 
-266.0 -256.0 -237.0 -204.0 -161.0 -119.0 -82.0 
-38.0 12.0 57.0 95.0 131.0 160.0 184.0 
217.0 249.0 258.0 249.0 237.0 213.0 177.0 
148.0 119.0 80.0 44.0 30.0 32.0 22.0 
0.0 -15.0 -21.0 -25.0 -22.0 0.0 34.0 
65.0 84.0 93.0 111.0 144.0 176.0 194.0 
201.0 212.0 214.0 197.0 183.0 167.0 135.0 
98.0 60.0 24.0 0.0 -25.0 -64.0 -111.0 
-162.0 -198.0 -219.0 -245.0 -274.0 -287.0 -295.0 
-307.0 -316.0 -328.0 -348.0 -359.0 -356.0 -344.0 
-332.0 -331.0 -336.0 -334.0 -316.0 -293.0 -280.0 
-258.0 -220.0 -177.0 -137.0 -105.0 -83.0 -63.0 
-29.0 12.0 38.0 46.0 52.0 57.0 52.0 
51.0 59.0 55.0 34.0 19.0 20.0 7.0 
-31.0 -59.0 -49.0 -26.0 -16.0 -19.0 -13.0 
3.0 16.0 18.0 9.0 4.0 20.0 42.0 
52.0 58.0 59.0 50.0 47.0 45.0 31.0 
20.0 22.0 23.0 15.0 10.0 14.0 23.0 
36.0 43.0 38.0 31.0 30.0 41.0 60.0 
76.0 90.0 110.0 134.0 148.0 142.0 133.0 
134.0 130.0 117.0 89.0 50.0 9.0 -28.0 
-84.0 -151.0 -207.0 -253.0 -297.0 -326.0 -331.0 
-321.0 -308.0 -289.0 -255.0 -204.0 -152.0 -93.0 
-23.0 42.0 100.0 158.0 207.0 242.0 264.0 
272.0 272.0 284.0 302.0 299.0 276.0 247.0 
225.0 217.0 201.0 161.0 123.0 88.0 52.0 
27.0 5.0 -25.0 -52.0 -66.0 -72.0 -72.0 
-78.0 -93.0 -99.0 -92.0 -91.0 -95.0 -90.0 
-89.0 -98.0 -105.0 -127.0 -164.0 -196.0 -220.0 
-237.0 -253.0 -269.0 -280.0 -284.0 -277.0 -264.0 
-251.0 -227.0 -189.0 -148.0 -110.0 -72.0 -39.0 
-19.0 3.0 38.0 56.0 41.0 25.0 21.0 
5.0 -35.0 -83.0 -119.0 -137.0 -150.0 -168.0 
-187.0 -190.0 -186.0 -178.0 -152.0 -114.0 -81.0 
-44.0 3.0 51.0 95.0 136.0 177.0 219.0 
255.0 278.0 301.0 324.0 335.0 329.0 315.0 
310.0 311.0 302.0 276.0 251.0 222.0 188.0 
164.0 143.0 106.0 64.0 38.0 20.0 -3.0 
-33.0 -62.0 -75.0 -81.0 -88.0 -84.0 -72.0 
-66.0 -60.0 -48.0 -26.0 4.0 23.0 31.0 
40.0 55.0 70.0 83.0 92.0 90.0 90.0 
98.0 94.0 73.0 50.0 30.0 9.0 -25.0 
-75.0 -119.0 -167.0 -230.0 -287.0 -326.0 -377.0 
-444.0 -489.0 -511.0 -535.0 -552.0 -547.0 -530.0 
-509.0 -487.0 -457.0 -417.0 -370.0 -325.0 -284.0 
-231.0 -163.0 -99.0 -36.0 27.0 83.0 144.0 
216.0 284.0 348.0 407.0 458.0 503.0 545.0 
584.0 606.0 615.0 615.0 593.0 557.0 519.0 
476.0 420.0 348.0 284.0 231.0 172.0 108.0 
54.0 9.0 -38.0 -78.0 -104.0 -125.0 -146.0 
-158.0 -153.0 -138.0 -121.0 -102.0 -88.0 -74.0 
-44.0 -5.0 10.0 10.0 17.0 27.0 45.0 
59.0 50.0 41.0 49.0 54.0 42.0 31.0 
30.0 37.0 42.0 36.0 31.0 41.0 51.0 
50.0 35.0 11.0 -1.0 -7.0 -32.0 -67.0 
-96.0 -127.0 -163.0 -197.0 -228.0 -265.0 -303.0 
-335.0 -358.0 -375.0 -374.0 -361.0 -353.0 -332.0 
-294.0 -269.0 -249.0 -232.0 -222.0 -204.0 -179.0 
-162.0 -167.0 -187.0 -207.0 -222.0 -242.0 -266.0 
-277.0 -283.0 -299.0 -295.0 -267.0 -241.0 -204.0 
-145.0 -89.0 -50.0 -15.0 21.0 62.0 101.0 
134.0 147.0 153.0 171.0 182.0 172.0 164.0 
159.0 141.0 111.0 84.0 77.0 86.0 92.0 
87.0 81.0 85.0 100.0 120.0 141.0 167.0 
203.0 238.0 255.0 271.0 305.0 342.0 364.0 
382.0 411.0 440.0 467.0 488.0 497.0 505.0 
524.0 550.0 572.0 587.0 595.0 595.0 586.0 
573.0 560.0 533.0 485.0 425.0 363.0 292.0 
203.0 117.0 45.0 -41.0 -131.0 -199.0 -269.0 
-338.0 -403.0 -477.0 -542.0 -564.0 -571.0 -585.0 
-591.0 -576.0 -549.0 -512.0 -478.0 -454.0 -430.0 
-415.0 -413.0 -406.0 -393.0 -392.0 -394.0 -390.0 
-412.0 -449.0 -463.0 -467.0 -481.0 -485.0 -478.0 
-472.0 -459.0 -445.0 -423.0 -378.0 -320.0 -268.0 
-209.0 -138.0 -69.0 -1.0 69.0 130.0 174.0 
218.0 258.0 279.0 292.0 297.0 288.0 268.0 
247.0 221.0 193.0 173.0 151.0 114.0 80.0 
71.0 74.0 80.0 100.0 133.0 177.0 227.0 
273.0 311.0 344.0 376.0 407.0 433.0 455.0 
456.0 433.0 404.0 365.0 315.0 262.0 203.0 
137.0 78.0 25.0 -37.0 -104.0 -152.0 -178.0 
-198.0 -220.0 -246.0 -272.0 -284.0 -283.0 -279.0 
-280.0 -279.0 -264.0 -244.0 -227.0 -190.0 -136.0 
-101.0 -80.0 -44.0 5.0 51.0 93.0 137.0 
183.0 223.0 250.0 283.0 323.0 345.0 351.0 
351.0 342.0 319.0 289.0 251.0 207.0 163.0 
115.0 64.0 20.0 -20.0 -64.0 -105.0 -142.0 
-179.0 -205.0 -220.0 -234.0 -254.0 -266.0 -268.0 
-266.0 -252.0 -238.0 -228.0 -205.0 -180.0 -160.0 
-146.0 -134.0 -118.0 -100.0 -88.0 -85.0 -77.0 
-73.0 -87.0 -106.0 -124.0 -141.0 -152.0 -166.0 
-182.0 -204.0 -226.0 -246.0 -273.0 -298.0 -315.0 
-336.0 -359.0 -368.0 -362.0 -341.0 -306.0 -270.0 
-237.0 -196.0 -143.0 -81.0 -13.0 51.0 114.0 
182.0 246.0 299.0 348.0 391.0 434.0 478.0 
522.0 567.0 608.0 633.0 645.0 659.0 678.0 
684.0 669.0 653.0 636.0 614.0 594.0 576.0 
545.0 493.0 435.0 382.0 332.0 274.0 206.0 
139.0 82.0 29.0 -23.0 -87.0 -148.0 -189.0 
-220.0 -258.0 -301.0 -335.0 -359.0 -379.0 -392.0 
-401.0 -410.0 -420.0 -433.0 -447.0 -469.0 -495.0 
-498.0 -482.0 -481.0 -485.0 -460.0 -419.0 -387.0 
-352.0 -299.0 -237.0 -174.0 -116.0 -76.0 -47.0 
-20.0 -2.0 3.0 3.0 6.0 5.0 -9.0 
-31.0 -59.0 -83.0 -97.0 -107.0 -122.0 -144.0 
-165.0 -175.0 -177.0 -175.0 -171.0 -158.0 -144.0 
-126.0 -99.0 -63.0 -17.0 39.0 104.0 162.0 
211.0 260.0 318.0 367.0 398.0 432.0 472.0 
503.0 520.0 534.0 543.0 536.0 525.0 510.0 
487.0 467.0 452.0 432.0 406.0 374.0 346.0 
321.0 290.0 251.0 215.0 181.0 142.0 113.0 
97.0 77.0 51.0 36.0 27.0 14.0 5.0 
-6.0 -31.0 -55.0 -64.0 -79.0 -120.0 -169.0 
-205.0 -237.0 -272.0 -314.0 -360.0 -400.0 -434.0 
-459.0 -475.0 -491.0 -494.0 -481.0 -475.0 -479.0 
-479.0 -468.0 -444.0 -416.0 -392.0 -375.0 -359.0 
-335.0 -305.0 -280.0 -263.0 -244.0 -219.0 -196.0 
-175.0 -144.0 -112.0 -92.0 -65.0 -30.0 -5.0 
7.0 25.0 54.0 78.0 86.0 90.0 106.0 
128.0 140.0 147.0 160.0 180.0 205.0 226.0 
248.0 285.0 319.0 337.0 356.0 376.0 378.0 
376.0 389.0 403.0 396.0 380.0 358.0 330.0 
306.0 276.0 231.0 182.0 138.0 95.0 46.0 
1.0 -27.0 -48.0 -64.0 -73.0 -74.0 -62.0 
-36.0 -12.0 9.0 34.0 64.0 96.0 119.0 
125.0 120.0 112.0 103.0 88.0 71.0 55.0 
39.0 32.0 33.0 22.0 3.0 -11.0 -13.0 
-12.0 -18.0 -29.0 -47.0 -70.0 -90.0 -104.0 
-124.0 -154.0 -183.0 -216.0 -250.0 -276.0 -291.0 
-305.0 -315.0 -326.0 -348.0 -366.0 -357.0 -334.0 
-320.0 -308.0 -284.0 -258.0 -242.0 -226.0 -203.0 
-186.0 -181.0 -169.0 -151.0 -145.0 -151.0 -157.0 
-169.0 -194.0 -214.0 -220.0 -230.0 -241.0 -245.0 
-240.0 -222.0 -202.0 -176.0 -132.0 -80.0 -34.0 
-1.0 29.0 69.0 105.0 128.0 150.0 160.0 
156.0 157.0 164.0 166.0 161.0 154.0 157.0 
173.0 194.0 211.0 223.0 247.0 288.0 325.0 
357.0 396.0 434.0 454.0 464.0 476.0 484.0 
483.0 468.0 445.0 423.0 394.0 351.0 313.0 
290.0 257.0 205.0 166.0 154.0 149.0 144.0 
144.0 153.0 168.0 175.0 166.0 158.0 168.0 
177.0 169.0 162.0 159.0 147.0 136.0 133.0 
128.0 118.0 115.0 129.0 151.0 171.0 192.0 
218.0 246.0 273.0 296.0 309.0 316.0 323.0 
330.0 340.0 339.0 326.0 310.0 301.0 290.0 
266.0 229.0 181.0 126.0 61.0 -10.0 -74.0 
-138.0 -217.0 -301.0 -374.0 -434.0 -491.0 -554.0 
-617.0 -667.0 -710.0 -750.0 -784.0 -817.0 -843.0 
-854.0 -858.0 -860.0 -857.0 -850.0 -848.0 -836.0 
-810.0 -791.0 -776.0 -751.0 -729.0 -706.0 -664.0 
-604.0 -550.0 -497.0 -422.0 -334.0 -247.0 -164.0 
-81.0 2.0 80.0 151.0 212.0 255.0 274.0 
285.0 298.0 310.0 302.0 272.0 239.0 213.0 
192.0 178.0 154.0 114.0 81.0 73.0 76.0 
79.0 86.0 104.0 130.0 169.0 231.0 304.0 
377.0 456.0 543.0 625.0 690.0 743.0 785.0 
808.0 820.0 814.0 781.0 735.0 686.0 623.0 
541.0 458.0 384.0 303.0 217.0 152.0 111.0 
68.0 16.0 -30.0 -61.0 -80.0 -104.0 -123.0 
-127.0 -130.0 -137.0 -122.0 -89.0 -64.0 -49.0 
-34.0 -22.0 -14.0 1.0 17.0 15.0 2.0 
-8.0 -15.0 -16.0 -24.0 -33.0 -25.0 5.0 
48.0 96.0 148.0 188.0 221.0 264.0 307.0 
330.0 338.0 342.0 345.0 337.0 311.0 272.0 
231.0 191.0 138.0 65.0 -3.0 -65.0 -137.0 
-219.0 -284.0 -326.0 -366.0 -411.0 -450.0 -475.0 
-489.0 -502.0 -516.0 -528.0 -535.0 -538.0 -540.0 
-545.0 -550.0 -551.0 -554.0 -558.0 -560.0 -560.0 
-553.0 -539.0 -524.0 -511.0 -500.0 -485.0 -462.0 
-437.0 -409.0 -374.0 -336.0 -306.0 -276.0 -228.0 
-182.0 -155.0 -128.0 -83.0 -29.0 17.0 65.0 
120.0 167.0 211.0 260.0 304.0 336.0 362.0 
398.0 442.0 488.0 528.0 560.0 590.0 613.0 
624.0 636.0 645.0 639.0 619.0 596.0 574.0 
553.0 528.0 495.0 453.0 406.0 362.0 314.0 
258.0 206.0 165.0 125.0 83.0 44.0 26.0 
19.0 5.0 -2.0 2.0 13.0 22.0 26.0 
13.0 -10.0 -28.0 -41.0 -57.0 -77.0 -96.0 
-117.0 -138.0 -160.0 -174.0 -180.0 -191.0 -210.0 
-231.0 -238.0 -233.0 -234.0 -238.0 -231.0 -211.0 
-197.0 -184.0 -155.0 -119.0 -95.0 -73.0 -39.0 
4.0 52.0 93.0 120.0 146.0 181.0 205.0 
217.0 233.0 259.0 278.0 290.0 301.0 300.0 
286.0 277.0 273.0 263.0 238.0 200.0 155.0 
106.0 53.0 -5.0 -69.0 -129.0 -185.0 -244.0 
-302.0 -350.0 -388.0 -419.0 -451.0 -475.0 -477.0 
-462.0 -444.0 -425.0 -404.0 -364.0 -293.0 -218.0 
-154.0 -88.0 -11.0 63.0 124.0 175.0 225.0 
277.0 315.0 341.0 368.0 381.0 377.0 373.0 
366.0 344.0 316.0 284.0 243.0 202.0 163.0 
120.0 71.0 29.0 -7.0 -41.0 -73.0 -109.0 
-142.0 -172.0 -209.0 -248.0 -281.0 -303.0 -318.0 
-340.0 -355.0 -343.0 -323.0 -308.0 -282.0 -254.0 
-235.0 -214.0 -192.0 -172.0 -156.0 -129.0 -92.0 
-58.0 -28.0 8.0 53.0 101.0 159.0 224.0 
279.0 326.0 378.0 433.0 474.0 497.0 510.0 
521.0 515.0 483.0 447.0 422.0 383.0 326.0 
281.0 256.0 226.0 179.0 141.0 118.0 103.0 
98.0 101.0 91.0 82.0 93.0 98.0 76.0 
39.0 11.0 -14.0 -54.0 -100.0 -144.0 -187.0 
-236.0 -286.0 -323.0 -358.0 -399.0 -424.0 -428.0 
-438.0 -465.0 -483.0 -485.0 -471.0 -436.0 -398.0 
-377.0 -357.0 -312.0 -252.0 -191.0 -126.0 -58.0 
5.0 67.0 138.0 211.0 280.0 351.0 407.0 
439.0 470.0 507.0 530.0 535.0 523.0 502.0 
478.0 441.0 389.0 338.0 286.0 220.0 135.0 
53.0 -6.0 -64.0 -128.0 -189.0 -243.0 -282.0 
-306.0 -328.0 -338.0 -340.0 -346.0 -351.0 -350.0 
-346.0 -340.0 -339.0 -355.0 -368.0 -366.0 -370.0 
-388.0 -404.0 -410.0 -413.0 -420.0 -421.0 -408.0 
-376.0 -331.0 -286.0 -235.0 -163.0 -81.0 -7.0 
52.0 103.0 160.0 226.0 295.0 359.0 412.0 
442.0 461.0 483.0 514.0 539.0 543.0 533.0 
510.0 477.0 447.0 436.0 434.0 426.0 407.0 
381.0 351.0 327.0 318.0 316.0 305.0 279.0 
245.0 208.0 170.0 148.0 137.0 109.0 74.0 
52.0 37.0 25.0 22.0 19.0 10.0 -3.0 
-23.0 -36.0 -35.0 -39.0 -58.0 -85.0 -106.0 
-120.0 -122.0 -108.0 -96.0 -97.0 -100.0 -96.0 
-88.0 -74.0 -61.0 -42.0 -22.0 -15.0 -14.0 
-18.0 -35.0 -53.0 -65.0 -86.0 -125.0 -168.0 
-194.0 -210.0 -232.0 -253.0 -260.0 -261.0 -266.0 
-268.0 -262.0 -254.0 -241.0 -216.0 -188.0 -177.0 
-185.0 -189.0 -184.0 -196.0 -229.0 -256.0 -280.0 
-328.0 -386.0 -424.0 -447.0 -474.0 -493.0 -488.0 
-469.0 -447.0 -411.0 -349.0 -274.0 -190.0 -95.0 
1.0 103.0 210.0 312.0 408.0 501.0 576.0 
622.0 651.0 669.0 669.0 653.0 632.0 605.0 
570.0 525.0 471.0 420.0 377.0 335.0 302.0 
278.0 261.0 255.0 252.0 240.0 231.0 236.0 
238.0 234.0 226.0 205.0 183.0 159.0 127.0 
96.0 57.0 7.0 -42.0 -88.0 -138.0 -196.0 
-258.0 -310.0 -348.0 -386.0 -430.0 -468.0 -493.0 
-505.0 -500.0 -492.0 -480.0 -461.0 -436.0 -405.0 
-362.0 -324.0 -296.0 -262.0 -231.0 -217.0 -205.0 
-184.0 -172.0 -170.0 -158.0 -143.0 -131.0 -122.0 
-114.0 -97.0 -69.0 -47.0 -30.0 -7.0 20.0 
51.0 80.0 108.0 142.0 189.0 247.0 310.0 
373.0 433.0 488.0 536.0 581.0 625.0 660.0 
688.0 716.0 726.0 710.0 696.0 683.0 653.0 
609.0 563.0 519.0 467.0 403.0 333.0 266.0 
197.0 124.0 52.0 -23.0 -100.0 -167.0 -226.0 
-295.0 -367.0 -423.0 -464.0 -501.0 -534.0 -564.0 
-590.0 -611.0 -619.0 -603.0 -567.0 -534.0 -497.0 
-438.0 -360.0 -274.0 -180.0 -86.0 3.0 94.0 
178.0 251.0 315.0 356.0 375.0 380.0 371.0 
349.0 318.0 267.0 200.0 137.0 79.0 16.0 
-52.0 -116.0 -172.0 -224.0 -272.0 -305.0 -325.0 
-339.0 -352.0 -360.0 -370.0 -377.0 -370.0 -354.0 
-335.0 -315.0 -293.0 -273.0 -253.0 -238.0 -227.0 
-211.0 -192.0 -174.0 -154.0 -129.0 -104.0 -77.0 
-41.0 8.0 66.0 115.0 160.0 207.0 248.0 
276.0 295.0 308.0 305.0 285.0 259.0 234.0 
211.0 179.0 144.0 123.0 112.0 101.0 94.0 
97.0 103.0 109.0 118.0 136.0 157.0 175.0 
197.0 228.0 254.0 274.0 294.0 303.0 296.0 
292.0 298.0 299.0 290.0 278.0 268.0 256.0 
228.0 191.0 161.0 134.0 97.0 47.0 -9.0 
-57.0 -92.0 -130.0 -177.0 -226.0 -264.0 -293.0 
-313.0 -328.0 -339.0 -352.0 -369.0 -384.0 -388.0 
-393.0 -401.0 -403.0 -402.0 -405.0 -405.0 -397.0 
-383.0 -378.0 -382.0 -372.0 -345.0 -319.0 -295.0 
-260.0 -219.0 -171.0 -111.0 -44.0 27.0 99.0 
156.0 202.0 248.0 297.0 343.0 377.0 392.0 
400.0 405.0 396.0 381.0 365.0 343.0 320.0 
305.0 289.0 269.0 248.0 223.0 198.0 177.0 
165.0 160.0 147.0 115.0 88.0 81.0 84.0 
76.0 60.0 51.0 53.0 64.0 73.0 76.0 
86.0 109.0 135.0 151.0 153.0 149.0 148.0 
138.0 112.0 80.0 46.0 8.0 -30.0 -73.0 
-130.0 -194.0 -246.0 -279.0 -308.0 -343.0 -374.0 
-400.0 -427.0 -457.0 -485.0 -505.0 -508.0 -502.0 
-493.0 -478.0 -457.0 -430.0 -390.0 -338.0 -286.0 
-231.0 -179.0 -139.0 -96.0 -47.0 -6.0 19.0 
41.0 60.0 71.0 84.0 100.0 116.0 127.0 
131.0 126.0 113.0 101.0 88.0 63.0 33.0 
10.0 -7.0 -22.0 -30.0 -27.0 -18.0 0.0 
28.0 55.0 73.0 91.0 112.0 127.0 139.0 
146.0 139.0 124.0 120.0 123.0 119.0 107.0 
93.0 78.0 67.0 61.0 55.0 40.0 18.0 
-10.0 -40.0 -57.0 -74.0 -96.0 -116.0 -137.0 
-162.0 -173.0 -169.0 -158.0 -145.0 -130.0 -104.0 
-65.0 -14.0 48.0 111.0 162.0 212.0 269.0 
325.0 373.0 416.0 454.0 492.0 521.0 531.0 
529.0 520.0 501.0 467.0 423.0 378.0 330.0 
271.0 204.0 140.0 85.0 35.0 -20.0 -72.0 
-110.0 -137.0 -157.0 -177.0 -193.0 -205.0 -218.0 
-225.0 -217.0 -198.0 -182.0 -167.0 -140.0 -105.0 
-74.0 -51.0 -23.0 18.0 49.0 61.0 67.0 
72.0 74.0 69.0 51.0 29.0 9.0 -11.0 
-37.0 -59.0 -78.0 -106.0 -139.0 -165.0 -187.0 
-215.0 -238.0 -250.0 -259.0 -265.0 -277.0 -297.0 
-309.0 -307.0 -304.0 -301.0 -292.0 -283.0 -275.0 
-255.0 -222.0 -190.0 -159.0 -121.0 -84.0 -58.0 
-41.0 -27.0 -9.0 2.0 1.0 -5.0 -13.0 
-25.0 -39.0 -45.0 -53.0 -73.0 -93.0 -111.0 
-127.0 -136.0 -146.0 -166.0 -182.0 -197.0 -224.0 
-255.0 -280.0 -297.0 -305.0 -310.0 -324.0 -338.0 
-344.0 -341.0 -333.0 -327.0 -327.0 -328.0 -329.0 
-333.0 -341.0 -349.0 -347.0 -336.0 -316.0 -284.0 
-245.0 -199.0 -143.0 -78.0 -14.0 47.0 116.0 
183.0 229.0 273.0 329.0 382.0 417.0 443.0 
470.0 492.0 501.0 501.0 504.0 511.0 511.0 
497.0 487.0 485.0 480.0 476.0 476.0 482.0 
494.0 508.0 523.0 533.0 541.0 552.0 560.0 
561.0 549.0 533.0 526.0 520.0 505.0 480.0 
450.0 416.0 383.0 347.0 311.0 274.0 232.0 
185.0 132.0 76.0 25.0 -24.0 -73.0 -116.0 
-156.0 -205.0 -257.0 -297.0 -327.0 -353.0 -386.0 
-419.0 -442.0 -464.0 -495.0 -524.0 -542.0 -555.0 
-570.0 -584.0 -589.0 -591.0 -594.0 -586.0 -561.0 
-533.0 -506.0 -470.0 -429.0 -386.0 -332.0 -275.0 
-232.0 -202.0 -178.0 -153.0 -133.0 -134.0 -141.0 
-139.0 -141.0 -160.0 -183.0 -198.0 -209.0 -225.0 
-244.0 -262.0 -271.0 -271.0 -270.0 -262.0 -240.0 
-219.0 -202.0 -180.0 -148.0 -112.0 -72.0 -24.0 
23.0 63.0 103.0 146.0 190.0 224.0 246.0 
268.0 290.0 302.0 303.0 289.0 276.0 267.0 
248.0 223.0 203.0 186.0 168.0 160.0 165.0 
176.0 192.0 212.0 234.0 263.0 301.0 336.0 
364.0 386.0 396.0 399.0 406.0 407.0 381.0 
342.0 310.0 271.0 218.0 160.0 102.0 44.0 
-19.0 -88.0 -151.0 -200.0 -249.0 -299.0 -327.0 
-335.0 -344.0 -345.0 -331.0 -306.0 -279.0 -255.0 
-229.0 -194.0 -155.0 -125.0 -98.0 -78.0 -65.0 
-59.0 -51.0 -33.0 -6.0 17.0 39.0 66.0 
93.0 118.0 146.0 181.0 213.0 239.0 260.0 
278.0 285.0 272.0 250.0 227.0 190.0 147.0 
104.0 55.0 4.0 -31.0 -63.0 -107.0 -148.0 
-183.0 -215.0 -244.0 -278.0 -311.0 -341.0 -373.0 
-402.0 -425.0 -448.0 -469.0 -480.0 -486.0 -501.0 
-509.0 -496.0 -480.0 -470.0 -455.0 -436.0 -416.0 
-397.0 -372.0 -335.0 -288.0 -239.0 -197.0 -157.0 
-109.0 -64.0 -25.0 14.0 43.0 61.0 85.0 
112.0 130.0 141.0 152.0 166.0 186.0 207.0 
215.0 214.0 216.0 227.0 242.0 257.0 275.0 
301.0 318.0 330.0 353.0 382.0 410.0 436.0 
463.0 488.0 508.0 523.0 538.0 550.0 544.0 
530.0 526.0 523.0 503.0 484.0 470.0 446.0 
407.0 359.0 310.0 266.0 217.0 161.0 110.0 
63.0 10.0 -51.0 -102.0 -133.0 -156.0 -184.0 
-208.0 -219.0 -224.0 -225.0 -224.0 -227.0 -235.0 
-242.0 -247.0 -253.0 -260.0 -271.0 -287.0 -302.0 
-313.0 -323.0 -330.0 -335.0 -344.0 -360.0 -370.0 
-366.0 -351.0 -337.0 -331.0 -318.0 -294.0 -280.0 
-275.0 -263.0 -249.0 -249.0 -258.0 -266.0 -281.0 
-310.0 -349.0 -387.0 -417.0 -452.0 -492.0 -526.0 
-548.0 -553.0 -548.0 -537.0 -516.0 -489.0 -456.0 
-411.0 -360.0 -310.0 -260.0 -202.0 -140.0 -85.0 
-37.0 12.0 70.0 126.0 168.0 211.0 261.0 
309.0 346.0 379.0 405.0 416.0 414.0 410.0 
410.0 401.0 383.0 366.0 350.0 337.0 329.0 
319.0 307.0 307.0 320.0 336.0 359.0 390.0 
421.0 443.0 466.0 493.0 518.0 538.0 549.0 
552.0 550.0 537.0 503.0 457.0 415.0 370.0 
306.0 229.0 161.0 92.0 14.0 -60.0 -121.0 
-169.0 -208.0 -242.0 -267.0 -285.0 -294.0 -285.0 
-264.0 -245.0 -226.0 -199.0 -171.0 -139.0 -97.0 
-55.0 -18.0 16.0 45.0 71.0 103.0 126.0 
130.0 130.0 128.0 113.0 94.0 77.0 44.0 
-2.0 -43.0 -72.0 -103.0 -142.0 -175.0 -197.0 
-221.0 -249.0 -267.0 -278.0 -290.0 -291.0 -280.0 
-274.0 -279.0 -280.0 -274.0 -264.0 -253.0 -252.0 
-255.0 -249.0 -234.0 -213.0 -197.0 -193.0 -188.0 
-174.0 -156.0 -141.0 -126.0 -105.0 -82.0 -59.0 
-35.0 -14.0 0.0 11.0 21.0 25.0 16.0 
5.0 -2.0 -10.0 -15.0 -22.0 -41.0 -60.0 
-71.0 -71.0 -64.0 -62.0 -67.0 -68.0 -59.0 
-45.0 -38.0 -31.0 -11.0 17.0 48.0 76.0 
103.0 134.0 171.0 202.0 219.0 235.0 259.0 
267.0 254.0 252.0 251.0 233.0 207.0 177.0 
142.0 111.0 81.0 43.0 6.0 -17.0 -33.0 
-51.0 -64.0 -62.0 -54.0 -50.0 -48.0 -46.0 
-37.0 -22.0 -12.0 -6.0 1.0 10.0 7.0 
1.0 7.0 16.0 25.0 47.0 71.0 81.0 
87.0 95.0 107.0 119.0 133.0 152.0 173.0 
181.0 172.0 167.0 171.0 169.0 156.0 139.0 
116.0 90.0 66.0 33.0 -13.0 -55.0 -84.0 
-110.0 -139.0 -160.0 -166.0 -171.0 -185.0 -196.0 
-198.0 -195.0 -188.0 -171.0 -150.0 -138.0 -132.0 
-118.0 -98.0 -84.0 -80.0 -81.0 -84.0 -83.0 
-78.0 -82.0 -97.0 -117.0 -131.0 -137.0 -141.0 
-148.0 -155.0 -155.0 -146.0 -136.0 -128.0 -118.0 
-102.0 -78.0 -52.0 -32.0 -7.0 31.0 76.0 
107.0 126.0 151.0 180.0 214.0 251.0 291.0 
325.0 352.0 375.0 387.0 391.0 395.0 388.0 
364.0 330.0 288.0 228.0 161.0 107.0 66.0 
14.0 -57.0 -119.0 -157.0 -201.0 -253.0 -290.0 
-310.0 -325.0 -340.0 -348.0 -344.0 -335.0 -326.0 
-305.0 -270.0 -229.0 -185.0 -136.0 -82.0 -28.0 
19.0 58.0 96.0 142.0 185.0 208.0 222.0 
233.0 227.0 212.0 204.0 193.0 164.0 131.0 
108.0 88.0 64.0 36.0 1.0 -29.0 -50.0 
-69.0 -91.0 -106.0 -118.0 -135.0 -151.0 -165.0 
-181.0 -189.0 -186.0 -182.0 -175.0 -162.0 -138.0 
-113.0 -92.0 -76.0 -59.0 -33.0 -9.0 0.0 
3.0 20.0 40.0 53.0 61.0 61.0 57.0 
63.0 66.0 61.0 56.0 51.0 44.0 33.0 
16.0 0.0 -13.0 -29.0 -36.0 -34.0 -30.0 
-21.0 -4.0 10.0 22.0 40.0 58.0 71.0 
91.0 124.0 153.0 174.0 201.0 236.0 267.0 
290.0 316.0 347.0 370.0 387.0 404.0 413.0 
409.0 406.0 407.0 386.0 344.0 305.0 275.0 
244.0 199.0 146.0 101.0 65.0 20.0 -28.0 
-70.0 -114.0 -164.0 -204.0 -241.0 -286.0 -330.0 
-366.0 -397.0 -424.0 -459.0 -491.0 -510.0 -527.0 
-554.0 -575.0 -579.0 -567.0 -553.0 -528.0 -494.0 
-463.0 -432.0 -397.0 -359.0 -306.0 -259.0 -221.0 
-168.0 -107.0 -58.0 -10.0 40.0 88.0 126.0 
150.0 168.0 185.0 204.0 217.0 216.0 202.0 
186.0 167.0 149.0 129.0 99.0 66.0 39.0 
13.0 -9.0 -24.0 -40.0 -49.0 -36.0 -11.0 
2.0 5.0 6.0 15.0 40.0 78.0 112.0 
128.0 131.0 136.0 152.0 182.0 221.0 245.0 
248.0 252.0 256.0 254.0 257.0 266.0 273.0 
279.0 276.0 270.0 267.0 268.0 268.0 264.0 
265.0 262.0 244.0 235.0 245.0 254.0 266.0 
281.0 289.0 299.0 318.0 350.0 385.0 403.0 
411.0 415.0 414.0 410.0 392.0 367.0 346.0 
313.0 278.0 245.0 199.0 147.0 111.0 83.0 
57.0 42.0 25.0 -9.0 -45.0 -79.0 -114.0 
-142.0 -173.0 -222.0 -282.0 -335.0 -377.0 -419.0 
-465.0 -515.0 -566.0 -606.0 -632.0 -650.0 -668.0 
-688.0 -706.0 -712.0 -694.0 -661.0 -625.0 -594.0 
-557.0 -503.0 -435.0 -366.0 -305.0 -239.0 -160.0 
-80.0 -6.0 61.0 122.0 178.0 233.0 283.0 
322.0 342.0 356.0 374.0 386.0 383.0 367.0 
341.0 316.0 298.0 276.0 245.0 220.0 208.0 
185.0 149.0 118.0 96.0 77.0 64.0 51.0 
34.0 17.0 5.0 -7.0 -20.0 -33.0 -48.0 
-71.0 -97.0 -115.0 -127.0 -136.0 -139.0 -139.0 
-140.0 -137.0 -120.0 -88.0 -46.0 -2.0 42.0 
83.0 113.0 132.0 148.0 157.0 154.0 146.0 
130.0 104.0 76.0 54.0 28.0 -3.0 -32.0 
-54.0 -74.0 -90.0 -99.0 -119.0 -145.0 -159.0 
-160.0 -159.0 -163.0 -159.0 -148.0 -130.0 -98.0 
-57.0 -22.0 5.0 37.0 75.0 113.0 142.0 
175.0 216.0 247.0 264.0 278.0 293.0 306.0 
312.0 308.0 296.0 276.0 255.0 238.0 214.0 
182.0 144.0 104.0 70.0 41.0 9.0 -21.0 
-39.0 -49.0 -56.0 -67.0 -78.0 -78.0 -77.0 
-78.0 -74.0 -74.0 -84.0 -94.0 -96.0 -95.0 
-99.0 -108.0 -111.0 -97.0 -77.0 -64.0 -58.0 
-51.0 -33.0 -6.0 16.0 37.0 65.0 93.0 
110.0 124.0 141.0 152.0 149.0 146.0 148.0 
148.0 142.0 130.0 115.0 106.0 105.0 102.0 
95.0 91.0 87.0 85.0 87.0 99.0 112.0 
111.0 106.0 104.0 99.0 97.0 94.0 75.0 
40.0 0.0 -33.0 -58.0 -86.0 -121.0 -151.0 
-167.0 -175.0 -178.0 -173.0 -161.0 -144.0 -126.0 
-101.0 -76.0 -51.0 -15.0 23.0 51.0 77.0 
114.0 149.0 174.0 202.0 232.0 250.0 260.0 
269.0 268.0 256.0 242.0 224.0 190.0 139.0 
79.0 12.0 -52.0 -107.0 -148.0 -188.0 -230.0 
-266.0 -287.0 -299.0 -311.0 -310.0 -295.0 -270.0 
-238.0 -200.0 -163.0 -129.0 -93.0 -55.0 -24.0 
-1.0 18.0 38.0 52.0 64.0 74.0 73.0 
59.0 37.0 6.0 -27.0 -61.0 -88.0 -106.0 
-118.0 -122.0 -125.0 -131.0 -131.0 -115.0 -92.0 
-75.0 -56.0 -33.0 -22.0 -24.0 -19.0 -7.0 
0.0 5.0 9.0 16.0 33.0 50.0 60.0 
66.0 84.0 110.0 132.0 153.0 170.0 179.0 
189.0 207.0 227.0 234.0 233.0 243.0 266.0 
284.0 297.0 320.0 341.0 357.0 382.0 404.0 
411.0 419.0 428.0 421.0 402.0 385.0 364.0 
343.0 335.0 330.0 316.0 299.0 285.0 277.0 
272.0 269.0 271.0 276.0 285.0 290.0 298.0 
310.0 315.0 315.0 314.0 309.0 304.0 297.0 
295.0 287.0 262.0 236.0 221.0 208.0 182.0 
141.0 90.0 28.0 -37.0 -104.0 -165.0 -223.0 
-285.0 -351.0 -421.0 -490.0 -550.0 -596.0 -633.0 
-661.0 -675.0 -682.0 -681.0 -672.0 -655.0 -626.0 
-601.0 -589.0 -568.0 -525.0 -487.0 -464.0 -447.0 
-430.0 -410.0 -390.0 -367.0 -344.0 -319.0 -297.0 
-275.0 -240.0 -197.0 -155.0 -114.0 -67.0 -18.0 
30.0 75.0 118.0 164.0 211.0 245.0 264.0 
271.0 271.0 271.0 279.0 285.0 279.0 270.0 
262.0 253.0 243.0 231.0 219.0 205.0 186.0 
165.0 143.0 115.0 82.0 42.0 -2.0 -51.0 
-95.0 -138.0 -182.0 -218.0 -243.0 -255.0 -264.0 
-272.0 -267.0 -244.0 -216.0 -187.0 -159.0 -135.0 
-110.0 -80.0 -39.0 3.0 31.0 54.0 73.0 
88.0 118.0 160.0 191.0 213.0 246.0 284.0 
315.0 343.0 370.0 394.0 413.0 417.0 416.0 
417.0 409.0 385.0 362.0 348.0 328.0 299.0 
271.0 242.0 211.0 200.0 213.0 227.0 238.0 
255.0 292.0 350.0 408.0 461.0 520.0 579.0 
629.0 673.0 712.0 738.0 758.0 769.0 762.0 
739.0 705.0 652.0 579.0 499.0 417.0 325.0 
227.0 139.0 65.0 -9.0 -86.0 -154.0 -200.0 
-228.0 -249.0 -270.0 -288.0 -298.0 -296.0 -286.0 
-281.0 -294.0 -309.0 -313.0 -328.0 -362.0 -390.0 
-412.0 -446.0 -485.0 -515.0 -545.0 -583.0 -621.0 
-656.0 -690.0 -724.0 -762.0 -797.0 -825.0 -840.0 
-845.0 -852.0 -857.0 -852.0 -834.0 -805.0 -771.0 
-733.0 -691.0 -638.0 -577.0 -512.0 -439.0 -358.0 
-273.0 -185.0 -97.0 -10.0 83.0 175.0 255.0 
325.0 384.0 430.0 475.0 523.0 564.0 591.0 
614.0 637.0 652.0 658.0 660.0 666.0 671.0 
670.0 668.0 667.0 667.0 661.0 652.0 653.0 
657.0 658.0 659.0 654.0 644.0 638.0 628.0 
609.0 588.0 567.0 546.0 528.0 512.0 495.0 
476.0 447.0 418.0 406.0 401.0 384.0 351.0 
311.0 278.0 249.0 213.0 158.0 94.0 34.0 
-28.0 -96.0 -167.0 -237.0 -299.0 -349.0 -394.0 
-435.0 -463.0 -475.0 -479.0 -475.0 -460.0 -437.0 
-411.0 -383.0 -351.0 -318.0 -279.0 -236.0 -194.0 
-145.0 -100.0 -73.0 -50.0 -19.0 8.0 17.0 
16.0 21.0 25.0 18.0 4.0 -9.0 -19.0 
-22.0 -25.0 -28.0 -19.0 -5.0 -5.0 -15.0 
-16.0 -8.0 -7.0 -6.0 -1.0 2.0 4.0 
6.0 5.0 3.0 9.0 16.0 16.0 13.0 
15.0 10.0 0.0 -10.0 -27.0 -49.0 -62.0 
-73.0 -96.0 -118.0 -122.0 -114.0 -112.0 -115.0 
-119.0 -111.0 -86.0 -63.0 -43.0 -18.0 12.0 
47.0 78.0 100.0 123.0 150.0 175.0 194.0 
210.0 217.0 218.0 224.0 227.0 225.0 212.0 
197.0 190.0 185.0 174.0 163.0 158.0 148.0 
130.0 118.0 107.0 91.0 82.0 77.0 71.0 
70.0 76.0 91.0 108.0 120.0 133.0 146.0 
148.0 150.0 153.0 149.0 133.0 108.0 77.0 
49.0 19.0 -21.0 -67.0 -110.0 -149.0 -180.0 
-191.0 -196.0 -204.0 -204.0 -193.0 -167.0 -125.0 
-77.0 -36.0 4.0 48.0 78.0 104.0 138.0 
169.0 178.0 175.0 170.0 155.0 127.0 97.0 
69.0 37.0 5.0 -24.0 -50.0 -64.0 -78.0 
-95.0 -107.0 -112.0 -108.0 -94.0 -85.0 -78.0 
-63.0 -46.0 -26.0 0.0 26.0 55.0 89.0 
125.0 157.0 187.0 208.0 221.0 231.0 235.0 
234.0 227.0 205.0 176.0 150.0 126.0 94.0 
58.0 29.0 2.0 -36.0 -79.0 -118.0 -154.0 
-187.0 -217.0 -243.0 -257.0 -260.0 -269.0 -281.0 
-286.0 -285.0 -280.0 -276.0 -267.0 -254.0 -248.0 
-240.0 -216.0 -183.0 -158.0 -142.0 -113.0 -67.0 
-23.0 14.0 51.0 83.0 106.0 126.0 149.0 
171.0 193.0 224.0 247.0 260.0 274.0 288.0 
302.0 316.0 329.0 336.0 342.0 346.0 344.0 
348.0 357.0 353.0 334.0 323.0 327.0 326.0 
319.0 323.0 330.0 326.0 318.0 310.0 291.0 
265.0 240.0 212.0 175.0 137.0 98.0 52.0 
9.0 -20.0 -42.0 -59.0 -75.0 -86.0 -90.0 
-97.0 -106.0 -114.0 -123.0 -131.0 -133.0 -129.0 
-114.0 -90.0 -61.0 -23.0 11.0 33.0 62.0 
94.0 113.0 123.0 139.0 160.0 175.0 184.0 
192.0 202.0 213.0 226.0 234.0 234.0 232.0 
233.0 230.0 222.0 208.0 189.0 169.0 148.0 
117.0 69.0 11.0 -45.0 -96.0 -147.0 -195.0 
-236.0 -268.0 -296.0 -316.0 -323.0 -326.0 -316.0 
-283.0 -250.0 -223.0 -205.0 -198.0 -188.0 -166.0 
-145.0 -139.0 -148.0 -158.0 -164.0 -166.0 -168.0 
-171.0 -170.0 -166.0 -163.0 -166.0 -171.0 -172.0 
-170.0 -171.0 -183.0 -196.0 -192.0 -177.0 -167.0 
-172.0 -179.0 -171.0 -147.0 -122.0 -99.0 -76.0 
-57.0 -42.0 -26.0 -12.0 1.0 21.0 39.0 
54.0 77.0 106.0 147.0 200.0 244.0 280.0 
330.0 390.0 443.0 481.0 512.0 542.0 569.0 
582.0 582.0 577.0 559.0 519.0 481.0 451.0 
415.0 375.0 335.0 295.0 255.0 217.0 178.0 
138.0 104.0 69.0 24.0 -24.0 -62.0 -98.0 
-138.0 -174.0 -211.0 -251.0 -279.0 -286.0 -293.0 
-302.0 -302.0 -287.0 -260.0 -230.0 -202.0 -169.0 
-129.0 -90.0 -61.0 -40.0 -17.0 10.0 37.0 
68.0 104.0 137.0 170.0 205.0 235.0 256.0 
274.0 290.0 301.0 310.0 316.0 312.0 299.0 
282.0 266.0 243.0 206.0 169.0 149.0 138.0 
115.0 89.0 70.0 49.0 22.0 -6.0 -32.0 
-53.0 -76.0 -106.0 -136.0 -161.0 -181.0 -203.0 
-223.0 -232.0 -238.0 -243.0 -227.0 -202.0 -189.0 
-179.0 -158.0 -137.0 -129.0 -123.0 -114.0 -104.0 
-96.0 -92.0 -97.0 -102.0 -105.0 -115.0 -131.0 
-151.0 -175.0 -196.0 -211.0 -224.0 -234.0 -244.0 
-255.0 -261.0 -251.0 -239.0 -240.0 -241.0 -221.0 
-188.0 -167.0 -147.0 -121.0 -95.0 -58.0 -12.0 
20.0 49.0 93.0 146.0 189.0 213.0 227.0 
244.0 260.0 272.0 286.0 294.0 285.0 282.0 
298.0 308.0 299.0 285.0 275.0 272.0 277.0 
278.0 274.0 270.0 268.0 267.0 264.0 262.0 
258.0 245.0 229.0 216.0 205.0 188.0 160.0 
128.0 96.0 57.0 17.0 -17.0 -53.0 -87.0 
-116.0 -138.0 -156.0 -162.0 -149.0 -122.0 -95.0 
-76.0 -64.0 -45.0 -16.0 8.0 23.0 34.0 
41.0 41.0 44.0 49.0 42.0 24.0 4.0 
-12.0 -29.0 -47.0 -62.0 -78.0 -102.0 -117.0 
-108.0 -91.0 -74.0 -50.0 -15.0 17.0 45.0 
78.0 115.0 148.0 177.0 202.0 218.0 225.0 
231.0 239.0 243.0 232.0 209.0 185.0 163.0 
142.0 114.0 75.0 40.0 16.0 -5.0 -36.0 
-71.0 -101.0 -118.0 -129.0 -152.0 -184.0 -202.0 
-206.0 -201.0 -188.0 -175.0 -169.0 -161.0 -143.0 
-117.0 -92.0 -72.0 -56.0 -31.0 -3.0 13.0 
22.0 32.0 44.0 48.0 42.0 35.0 28.0 
19.0 13.0 10.0 -4.0 -29.0 -45.0 -45.0 
-42.0 -41.0 -47.0 -44.0 -22.0 6.0 25.0 
35.0 46.0 61.0 74.0 79.0 77.0 70.0 
63.0 58.0 48.0 36.0 29.0 24.0 16.0 
4.0 -6.0 -22.0 -46.0 -69.0 -92.0 -118.0 
-141.0 -158.0 -166.0 -161.0 -147.0 -129.0 -111.0 
-78.0 -29.0 18.0 58.0 96.0 136.0 174.0 
206.0 235.0 256.0 270.0 273.0 270.0 261.0 
247.0 226.0 203.0 180.0 155.0 128.0 98.0 
64.0 27.0 -9.0 -45.0 -83.0 -122.0 -161.0 
-204.0 -253.0 -301.0 -338.0 -373.0 -411.0 -444.0 
-469.0 -491.0 -508.0 -513.0 -507.0 -499.0 -494.0 
-491.0 -475.0 -442.0 -399.0 -353.0 -301.0 -243.0 
-190.0 -132.0 -60.0 14.0 82.0 146.0 205.0 
259.0 312.0 362.0 395.0 401.0 395.0 387.0 
369.0 342.0 310.0 275.0 234.0 196.0 169.0 
143.0 123.0 121.0 134.0 159.0 192.0 233.0 
285.0 346.0 397.0 447.0 500.0 543.0 575.0 
596.0 611.0 619.0 609.0 578.0 538.0 502.0 
469.0 422.0 359.0 290.0 218.0 150.0 94.0 
45.0 -1.0 -42.0 -71.0 -85.0 -92.0 -97.0 
-99.0 -103.0 -110.0 -111.0 -114.0 -126.0 -133.0 
-136.0 -156.0 -179.0 -196.0 -218.0 -243.0 -267.0 
-283.0 -283.0 -282.0 -283.0 -277.0 -271.0 -269.0 
-261.0 -236.0 -217.0 -220.0 -222.0 -217.0 -217.0 
-229.0 -252.0 -285.0 -315.0 -336.0 -353.0 -370.0 
-385.0 -403.0 -425.0 -439.0 -437.0 -427.0 -403.0 
-377.0 -358.0 -333.0 -300.0 -269.0 -239.0 -202.0 
-169.0 -140.0 -103.0 -60.0 -17.0 24.0 61.0 
96.0 135.0 171.0 195.0 203.0 204.0 208.0 
211.0 199.0 176.0 156.0 142.0 129.0 125.0 
142.0 166.0 181.0 209.0 250.0 278.0 292.0 
312.0 336.0 350.0 352.0 343.0 330.0 316.0 
295.0 265.0 236.0 204.0 168.0 135.0 107.0 
75.0 44.0 27.0 23.0 24.0 25.0 30.0 
41.0 50.0 61.0 77.0 84.0 81.0 90.0 
110.0 124.0 131.0 136.0 140.0 149.0 162.0 
166.0 170.0 180.0 180.0 168.0 164.0 163.0 
154.0 133.0 98.0 66.0 41.0 2.0 -50.0 
-107.0 -160.0 -204.0 -249.0 -295.0 -335.0 -369.0 
-409.0 -446.0 -470.0 -493.0 -507.0 -507.0 -505.0 
-507.0 -505.0 -489.0 -461.0 -437.0 -419.0 -398.0 
-372.0 -342.0 -314.0 -288.0 -263.0 -229.0 -188.0 
-144.0 -103.0 -68.0 -33.0 -2.0 18.0 44.0 
81.0 108.0 117.0 127.0 141.0 145.0 151.0 
166.0 180.0 193.0 198.0 204.0 222.0 242.0 
253.0 258.0 262.0 265.0 270.0 271.0 269.0 
270.0 275.0 288.0 306.0 323.0 343.0 363.0 
380.0 395.0 412.0 428.0 437.0 450.0 465.0 
466.0 457.0 455.0 455.0 445.0 426.0 403.0 
378.0 349.0 313.0 268.0 219.0 174.0 125.0 
56.0 -16.0 -74.0 -126.0 -184.0 -235.0 -275.0 
-319.0 -356.0 -379.0 -407.0 -433.0 -437.0 -432.0 
-433.0 -435.0 -428.0 -420.0 -406.0 -397.0 -399.0 
-390.0 -378.0 -379.0 -396.0 -419.0 -440.0 -453.0 
-465.0 -479.0 -485.0 -483.0 -477.0 -455.0 -416.0 
-374.0 -340.0 -297.0 -239.0 -171.0 -108.0 -50.0 
14.0 73.0 117.0 168.0 225.0 275.0 315.0 
337.0 348.0 362.0 369.0 340.0 285.0 239.0 
190.0 125.0 54.0 -22.0 -100.0 -171.0 -236.0 
-305.0 -379.0 -435.0 -474.0 -505.0 -535.0 -552.0 
-550.0 -551.0 -551.0 -531.0 -496.0 -462.0 -427.0 
-391.0 -344.0 -285.0 -234.0 -190.0 -126.0 -50.0 
18.0 84.0 151.0 217.0 279.0 339.0 396.0 
451.0 500.0 538.0 565.0 583.0 589.0 588.0 
589.0 588.0 573.0 547.0 537.0 533.0 519.0 
505.0 495.0 486.0 485.0 488.0 488.0 488.0 
482.0 472.0 461.0 457.0 449.0 429.0 407.0 
383.0 356.0 331.0 306.0 278.0 251.0 226.0 
201.0 178.0 150.0 119.0 97.0 78.0 45.0 
5.0 -10.0 -12.0 -40.0 -89.0 -111.0 -109.0 
-124.0 -157.0 -189.0 -224.0 -256.0 -257.0 -246.0 
-257.0 -280.0 -307.0 -334.0 -368.0 -392.0 -399.0 
-410.0 -420.0 -427.0 -444.0 -466.0 -481.0 -505.0 
-530.0 -526.0 -502.0 -485.0 -483.0 -488.0 -497.0 
-501.0 -493.0 -473.0 -446.0 -426.0 -417.0 -391.0 
-354.0 -345.0 -346.0 -327.0 -306.0 -297.0 -296.0 
-290.0 -275.0 -273.0 -274.0 -263.0 -259.0 -259.0 
-261.0 -277.0 -297.0 -305.0 -304.0 -310.0 -326.0 
-332.0 -323.0 -319.0 -315.0 -300.0 -286.0 -285.0 
-279.0 -247.0 -196.0 -141.0 -78.0 -18.0 26.0 
77.0 138.0 197.0 248.0 288.0 334.0 380.0 
408.0 423.0 432.0 435.0 433.0 434.0 439.0 
440.0 424.0 402.0 400.0 400.0 386.0 387.0 
404.0 414.0 421.0 445.0 474.0 491.0 510.0 
533.0 548.0 562.0 585.0 595.0 591.0 590.0 
587.0 583.0 582.0 568.0 536.0 509.0 482.0 
438.0 396.0 353.0 303.0 257.0 223.0 178.0 
116.0 71.0 38.0 -4.0 -40.0 -66.0 -102.0 
-124.0 -127.0 -134.0 -145.0 -145.0 -136.0 -129.0 
-118.0 -98.0 -84.0 -90.0 -103.0 -115.0 -124.0 
-134.0 -154.0 -175.0 -193.0 -214.0 -243.0 -280.0 
-324.0 -364.0 -398.0 -438.0 -480.0 -519.0 -545.0 
-558.0 -573.0 -573.0 -551.0 -522.0 -489.0 -456.0 
-412.0 -342.0 -266.0 -199.0 -138.0 -76.0 -28.0 
11.0 44.0 62.0 73.0 70.0 48.0 20.0 
-16.0 -68.0 -126.0 -186.0 -247.0 -305.0 -358.0 
-397.0 -424.0 -454.0 -484.0 -491.0 -479.0 -460.0 
-438.0 -418.0 -397.0 -362.0 -329.0 -312.0 -276.0 
-225.0 -186.0 -150.0 -108.0 -76.0 -50.0 -28.0 
-7.0 22.0 59.0 87.0 111.0 142.0 175.0 
202.0 223.0 243.0 267.0 298.0 329.0 363.0 
394.0 416.0 433.0 457.0 482.0 489.0 478.0 
471.0 470.0 452.0 428.0 420.0 405.0 369.0 
334.0 309.0 277.0 236.0 192.0 152.0 108.0 
55.0 7.0 -25.0 -62.0 -106.0 -144.0 -174.0 
-189.0 -189.0 -190.0 -191.0 -174.0 -146.0 -118.0 
-81.0 -24.0 48.0 123.0 196.0 258.0 321.0 
391.0 433.0 454.0 484.0 510.0 502.0 478.0 
457.0 424.0 383.0 339.0 280.0 209.0 145.0 
87.0 35.0 -7.0 -54.0 -104.0 -146.0 -178.0 
-205.0 -234.0 -269.0 -301.0 -324.0 -340.0 -358.0 
-390.0 -424.0 -456.0 -499.0 -549.0 -598.0 -650.0 
-693.0 -726.0 -766.0 -816.0 -859.0 -895.0 -925.0 
-938.0 -935.0 -931.0 -910.0 -861.0 -795.0 -731.0 
-659.0 -567.0 -467.0 -372.0 -280.0 -191.0 -103.0 
-13.0 71.0 146.0 223.0 291.0 346.0 399.0 
457.0 501.0 524.0 543.0 562.0 566.0 553.0 
529.0 489.0 428.0 362.0 301.0 234.0 164.0 
99.0 41.0 -12.0 -57.0 -88.0 -103.0 -107.0 
-107.0 -96.0 -72.0 -40.0 6.0 60.0 106.0 
152.0 196.0 235.0 263.0 284.0 305.0 320.0 
324.0 332.0 339.0 325.0 305.0 300.0 293.0 
275.0 258.0 242.0 233.0 231.0 232.0 221.0 
207.0 200.0 192.0 182.0 170.0 159.0 150.0 
141.0 133.0 128.0 117.0 99.0 81.0 68.0 
49.0 20.0 -3.0 -24.0 -59.0 -108.0 -147.0 
-178.0 -213.0 -250.0 -292.0 -336.0 -362.0 -376.0 
-398.0 -412.0 -410.0 -408.0 -404.0 -388.0 -377.0 
-369.0 -348.0 -329.0 -323.0 -327.0 -334.0 -332.0 
-328.0 -336.0 -349.0 -354.0 -347.0 -329.0 -314.0 
-310.0 -302.0 -282.0 -256.0 -219.0 -172.0 -128.0 
-80.0 -24.0 36.0 101.0 159.0 211.0 272.0 
332.0 368.0 393.0 411.0 422.0 421.0 393.0 
349.0 302.0 238.0 157.0 85.0 20.0 -54.0 
-129.0 -187.0 -229.0 -268.0 -307.0 -325.0 -310.0 
-276.0 -248.0 -219.0 -172.0 -111.0 -51.0 0.0 
50.0 103.0 145.0 180.0 209.0 219.0 228.0 
246.0 257.0 268.0 279.0 270.0 256.0 263.0 
271.0 257.0 235.0 215.0 192.0 174.0 150.0 
114.0 79.0 47.0 14.0 -22.0 -57.0 -80.0 
-97.0 -117.0 -128.0 -127.0 -120.0 -108.0 -96.0 
-96.0 -99.0 -90.0 -79.0 -78.0 -73.0 -57.0 
-46.0 -45.0 -42.0 -43.0 -50.0 -51.0 -49.0 
-56.0 -70.0 -79.0 -88.0 -105.0 -126.0 -143.0 
-159.0 -176.0 -188.0 -196.0 -209.0 -223.0 -227.0 
-224.0 -218.0 -220.0 -225.0 -219.0 -198.0 -168.0 
-139.0 -117.0 -93.0 -74.0 -61.0 -42.0 -34.0 
-26.0 -6.0 15.0 43.0 81.0 113.0 140.0 
176.0 204.0 240.0 287.0 325.0 359.0 393.0 
428.0 462.0 494.0 516.0 530.0 532.0 527.0 
530.0 523.0 501.0 479.0 449.0 407.0 365.0 
321.0 264.0 205.0 145.0 78.0 5.0 -70.0 
-143.0 -207.0 -265.0 -321.0 -368.0 -403.0 -424.0 
-436.0 -446.0 -449.0 -442.0 -432.0 -427.0 -419.0 
-402.0 -387.0 -376.0 -364.0 -359.0 -365.0 -373.0 
-383.0 -402.0 -427.0 -453.0 -480.0 -512.0 -546.0 
-577.0 -606.0 -641.0 -673.0 -696.0 -716.0 -728.0 
-719.0 -701.0 -691.0 -669.0 -629.0 -575.0 -505.0 
-431.0 -364.0 -302.0 -242.0 -186.0 -133.0 -77.0 
-35.0 -16.0 1.0 28.0 51.0 68.0 91.0 
110.0 111.0 112.0 129.0 144.0 157.0 180.0 
203.0 214.0 228.0 254.0 275.0 287.0 307.0 
350.0 391.0 414.0 429.0 458.0 490.0 511.0 
535.0 553.0 559.0 569.0 585.0 601.0 604.0 
606.0 609.0 611.0 611.0 607.0 603.0 604.0 
605.0 607.0 606.0 605.0 606.0 611.0 613.0 
607.0 589.0 576.0 563.0 537.0 501.0 460.0 
415.0 360.0 294.0 213.0 130.0 51.0 -39.0 
-138.0 -216.0 -277.0 -335.0 -388.0 -435.0 -479.0 
-515.0 -536.0 -549.0 -555.0 -563.0 -575.0 -581.0 
-573.0 -556.0 -538.0 -512.0 -478.0 -448.0 -428.0 
-399.0 -361.0 -331.0 -309.0 -293.0 -278.0 -264.0 
-249.0 -236.0 -230.0 -231.0 -235.0 -240.0 -236.0 
-220.0 -211.0 -216.0 -215.0 -202.0 -195.0 -195.0 
-195.0 -194.0 -190.0 -187.0 -194.0 -202.0 -197.0 
-185.0 -173.0 -159.0 -142.0 -131.0 -120.0 -98.0 
-73.0 -53.0 -40.0 -34.0 -30.0 -24.0 -16.0 
-12.0 -12.0 -9.0 -2.0 0.0 2.0 5.0 
2.0 0.0 8.0 27.0 48.0 60.0 70.0 
86.0 101.0 107.0 111.0 115.0 116.0 112.0 
107.0 101.0 90.0 70.0 52.0 48.0 44.0 
34.0 27.0 23.0 13.0 3.0 -1.0 -8.0 
-16.0 -18.0 -25.0 -33.0 -24.0 -7.0 -3.0 
-4.0 4.0 21.0 34.0 40.0 46.0 63.0 
83.0 106.0 132.0 152.0 165.0 175.0 183.0 
192.0 205.0 213.0 208.0 196.0 191.0 187.0 
177.0 164.0 149.0 134.0 119.0 106.0 95.0 
85.0 72.0 70.0 73.0 73.0 70.0 61.0 
48.0 37.0 32.0 24.0 10.0 3.0 5.0 
1.0 -7.0 -15.0 -31.0 -56.0 -75.0 -92.0 
-121.0 -149.0 -167.0 -187.0 -216.0 -250.0 -282.0 
-299.0 -310.0 -323.0 -329.0 -331.0 -337.0 -337.0 
-332.0 -328.0 -322.0 -306.0 -274.0 -231.0 -190.0 
-159.0 -129.0 -91.0 -46.0 -2.0 33.0 66.0 
99.0 130.0 160.0 189.0 214.0 235.0 264.0 
301.0 322.0 326.0 332.0 329.0 316.0 304.0 
291.0 271.0 247.0 212.0 164.0 114.0 74.0 
41.0 5.0 -40.0 -93.0 -132.0 -162.0 -196.0 
-229.0 -258.0 -290.0 -321.0 -353.0 -393.0 -428.0 
-454.0 -476.0 -486.0 -488.0 -486.0 -484.0 -474.0 
-453.0 -428.0 -404.0 -377.0 -337.0 -279.0 -219.0 
-175.0 -140.0 -101.0 -58.0 -15.0 20.0 38.0 
44.0 46.0 45.0 44.0 44.0 48.0 55.0 
54.0 43.0 34.0 25.0 9.0 -13.0 -43.0 
-70.0 -91.0 -116.0 -147.0 -173.0 -187.0 -196.0 
-204.0 -197.0 -173.0 -139.0 -108.0 -73.0 -26.0 
30.0 91.0 155.0 214.0 266.0 316.0 368.0 
420.0 465.0 497.0 529.0 563.0 593.0 622.0 
651.0 672.0 683.0 682.0 672.0 659.0 645.0 
616.0 566.0 518.0 474.0 417.0 349.0 279.0 
211.0 150.0 90.0 28.0 -27.0 -75.0 -116.0 
-149.0 -174.0 -198.0 -215.0 -210.0 -194.0 -186.0 
-193.0 -203.0 -210.0 -212.0 -209.0 -203.0 -199.0 
-204.0 -212.0 -228.0 -253.0 -281.0 -314.0 -345.0 
-369.0 -398.0 -430.0 -457.0 -477.0 -493.0 -503.0 
-505.0 -503.0 -494.0 -476.0 -450.0 -417.0 -374.0 
-333.0 -294.0 -245.0 -200.0 -167.0 -121.0 -55.0 
7.0 54.0 99.0 147.0 189.0 229.0 257.0 
270.0 282.0 300.0 312.0 320.0 324.0 316.0 
302.0 288.0 276.0 264.0 251.0 231.0 209.0 
185.0 159.0 148.0 148.0 142.0 123.0 98.0 
74.0 51.0 24.0 -1.0 -18.0 -29.0 -43.0 
-60.0 -87.0 -124.0 -163.0 -194.0 -217.0 -246.0 
-269.0 -287.0 -310.0 -338.0 -363.0 -395.0 -430.0 
-454.0 -463.0 -461.0 -462.0 -461.0 -440.0 -410.0 
-383.0 -352.0 -316.0 -279.0 -237.0 -183.0 -115.0 
-46.0 15.0 78.0 142.0 185.0 205.0 229.0 
263.0 282.0 275.0 268.0 266.0 250.0 220.0 
188.0 149.0 100.0 55.0 20.0 -8.0 -31.0 
-48.0 -62.0 -66.0 -50.0 -26.0 1.0 50.0 
118.0 179.0 237.0 306.0 382.0 455.0 514.0 
560.0 606.0 641.0 655.0 657.0 643.0 601.0 
543.0 486.0 427.0 360.0 295.0 228.0 144.0 
56.0 -23.0 -95.0 -161.0 -227.0 -275.0 -304.0 
-322.0 -326.0 -327.0 -344.0 -368.0 -383.0 -391.0 
-387.0 -380.0 -386.0 -405.0 -418.0 -417.0 -411.0 
-420.0 -440.0 -446.0 -431.0 -405.0 -382.0 -365.0 
-349.0 -334.0 -322.0 -291.0 -235.0 -194.0 -174.0 
-132.0 -78.0 -57.0 -67.0 -72.0 -59.0 -59.0 
-75.0 -68.0 -51.0 -45.0 -44.0 -37.0 -27.0 
-19.0 -8.0 13.0 44.0 78.0 105.0 132.0 
168.0 192.0 199.0 217.0 239.0 244.0 246.0 
256.0 254.0 250.0 264.0 268.0 267.0 282.0 
274.0 232.0 209.0 207.0 180.0 142.0 113.0 
89.0 60.0 12.0 -45.0 -85.0 -123.0 -161.0 
-166.0 -154.0 -165.0 -193.0 -208.0 -199.0 -170.0 
-152.0 -151.0 -152.0 -158.0 -174.0 -175.0 -175.0 
-199.0 -222.0 -239.0 -255.0 -270.0 -286.0 -300.0 
-288.0 -261.0 -243.0 -209.0 -146.0 -81.0 -21.0 
26.0 69.0 118.0 159.0 189.0 229.0 280.0 
311.0 326.0 339.0 340.0 318.0 299.0 294.0 
285.0 277.0 268.0 247.0 224.0 210.0 203.0 
200.0 188.0 172.0 162.0 155.0 165.0 196.0 
208.0 201.0 212.0 219.0 206.0 193.0 186.0 
182.0 174.0 153.0 128.0 105.0 90.0 81.0 
53.0 20.0 -2.0 -26.0 -60.0 -92.0 -120.0 
-153.0 -182.0 -211.0 -252.0 -296.0 -325.0 -358.0 
-403.0 -447.0 -479.0 -488.0 -486.0 -474.0 -457.0 
-454.0 -463.0 -468.0 -466.0 -461.0 -464.0 -470.0 
-480.0 -490.0 -488.0 -479.0 -472.0 -464.0 -436.0 
-399.0 -358.0 -304.0 -242.0 -188.0 -127.0 -59.0 
-3.0 48.0 98.0 129.0 137.0 148.0 176.0 
201.0 216.0 