-1000.0 -1037.0 -1081.0 -1118.0 -1149.0 -1182.0 -1220.0 
-1258.0 -1285.0 -1326.0 -1371.0 -1399.0 -1435.0 -1476.0 
-1508.0 -1534.0 -1561.0 -1591.0 -1616.0 -1638.0 -1661.0 
-1678.0 -1696.0 -1711.0 -1714.0 -1723.0 -1731.0 -1736.0 
-1737.0 -1730.0 -1727.0 -1723.0 -1711.0 -1697.0 -1683.0 
-1671.0 -1656.0 -1638.0 -1624.0 -1605.0 -1582.0 -1559.0 
-1536.0 -1512.0 -1485.0 -1454.0 -1428.0 -1398.0 -1361.0 
-1328.0 -1293.0 -1254.0 -1215.0 -1174.0 -1136.0 -1095.0 
-1052.0 -1011.0 -967.0 -929.0 -896.0 -858.0 -816.0 
-773.0 -736.0 -709.0 -681.0 -645.0 -606.0 -564.0 
-523.0 -486.0 -453.0 -425.0 -400.0 -363.0 -322.0 
-297.0 -266.0 -234.0 -213.0 -182.0 -158.0 -136.0 
-118.0 -103.0 -80.0 -77.0 -69.0 -56.0 -49.0 
-39.0 -45.0 -42.0 -28.0 -32.0 -35.0 -34.0 
-39.0 -37.0 -40.0 -45.0 -49.0 -64.0 -77.0 
-82.0 -95.0 -118.0 -144.0 -168.0 -182.0 -196.0 
-223.0 -253.0 -282.0 -316.0 -344.0 -371.0 -409.0 
-445.0 -481.0 -520.0 -555.0 -599.0 -639.0 -669.0 
-714.0 -764.0 -808.0 -845.0 -883.0 -931.0 -974.0 
-1007.0 -1042.0 -1078.0 -1111.0 -1144.0 -1176.0 -1211.0 
-1245.0 -1268.0 -1294.0 -1326.0 -1351.0 -1373.0 -1395.0 
-1417.0 -1439.0 -1465.0 -1480.0 -1492.0 -1506.0 -1516.0 
-1532.0 -1545.0 -1554.0 -1569.0 -1576.0 -1577.0 -1580.0 
-1585.0 -1593.0 -1594.0 -1594.0 -1598.0 -1591.0 -1589.0 
-1584.0 -1573.0 -1562.0 -1544.0 -1533.0 -1522.0 -1502.0 
-1484.0 -1465.0 -1447.0 -1426.0 -1399.0 -1379.0 -1346.0 
-1311.0 -1290.0 -1261.0 -1228.0 -1198.0 -1164.0 -1126.0 
-1089.0 -1051.0 -1009.0 -977.0 -940.0 -901.0 -864.0 
-822.0 -788.0 -744.0 -697.0 -666.0 -626.0 -585.0 
-548.0 -508.0 -482.0 -452.0 -416.0 -388.0 -359.0 
-334.0 -308.0 -285.0 -268.0 -246.0 -223.0 -203.0 
-185.0 -175.0 -163.0 -143.0 -129.0 -120.0 -110.0 
-106.0 -105.0 -104.0 -107.0 -110.0 -112.0 -119.0 
-127.0 -139.0 -151.0 -162.0 -179.0 -197.0 -217.0 
-238.0 -258.0 -281.0 -308.0 -333.0 -361.0 -392.0 
-419.0 -449.0 -481.0 -512.0 -542.0 -569.0 -599.0 
-629.0 -650.0 -676.0 -705.0 -726.0 -755.0 -782.0 
-804.0 -830.0 -850.0 -870.0 -886.0 -905.0 -930.0 
-946.0 -962.0 -975.0 -987.0 -1003.0 -1013.0 -1020.0 
-1026.0 -1031.0 -1041.0 -1047.0 -1052.0 -1060.0 -1067.0 
-1079.0 -1093.0 -1103.0 -1111.0 -1117.0 -1126.0 -1135.0 
-1146.0 -1155.0 -1160.0 -1165.0 -1169.0 -1175.0 -1182.0 
-1185.0 -1186.0 -1187.0 -1186.0 -1184.0 -1181.0 -1182.0 
-1181.0 -1176.0 -1175.0 -1172.0 -1169.0 -1165.0 -1159.0 
-1157.0 -1156.0 -1154.0 -1148.0 -1140.0 -1137.0 -1137.0 
-1127.0 -1121.0 -1115.0 -1104.0 -1095.0 -1085.0 -1074.0 
-1063.0 -1049.0 -1035.0 -1023.0 -1012.0 -1002.0 -987.0 
-973.0 -958.0 -943.0 -928.0 -911.0 -895.0 -881.0 
-866.0 -851.0 -839.0 -824.0 -808.0 -798.0 -788.0 
-777.0 -766.0 -757.0 -753.0 -749.0 -747.0 -743.0 
-739.0 -736.0 -732.0 -725.0 -719.0 -711.0 -703.0 
-699.0 -691.0 -683.0 -676.0 -661.0 -650.0 -641.0 
-626.0 -618.0 -611.0 -598.0 -591.0 -582.0 -571.0 
-566.0 -561.0 -556.0 -553.0 -548.0 -545.0 -545.0 
-544.0 -544.0 -552.0 -557.0 -563.0 -571.0 -581.0 
-596.0 -606.0 -616.0 -629.0 -638.0 -651.0 -667.0 
-679.0 -691.0 -703.0 -718.0 -735.0 -744.0 -751.0 
-763.0 -771.0 -780.0 -789.0 -797.0 -803.0 -807.0 
-816.0 -821.0 -823.0 -835.0 -842.0 -841.0 -847.0 
-852.0 -860.0 -869.0 -867.0 -872.0 -877.0 -869.0 
-875.0 -876.0 -873.0 -889.0 -892.0 -892.0 -901.0 
-901.0 -902.0 -912.0 -931.0 -940.0 -944.0 -948.0 
-952.0 -960.0 -976.0 -989.0 -995.0 -1008.0 -1004.0 
-994.0 -1006.0 -1015.0 -1017.0 -1022.0 -1032.0 -1018.0 
-1003.0 -995.0 -984.0 -998.0 -986.0 -969.0 -964.0 
-956.0 -957.0 -942.0 -934.0 -938.0 -933.0 -925.0 
-918.0 -920.0 -919.0 -914.0 -912.0 -904.0 -900.0 
-904.0 -892.0 -884.0 -876.0 -852.0 -842.0 -841.0 
-835.0 -829.0 -810.0 -792.0 -787.0 -777.0 -768.0 
-762.0 -750.0 -741.0 -747.0 -747.0 -731.0 -727.0 
-726.0 -724.0 -720.0 -717.0 -722.0 -721.0 -728.0 
-733.0 -734.0 -747.0 -751.0 -744.0 -758.0 -774.0 
-781.0 -787.0 -775.0 -769.0 -766.0 -755.0 -762.0 
-775.0 -774.0 -770.0 -756.0 -735.0 -741.0 -753.0 
-741.0 -742.0 -738.0 -733.0 -748.0 -757.0 -758.0 
-758.0 -760.0 -760.0 -732.0 -722.0 -742.0 -752.0 
-769.0 -756.0 -739.0 -752.0 -730.0 -722.0 -737.0 
-726.0 -725.0 -731.0 -733.0 -740.0 -739.0 -744.0 
-755.0 -759.0 -763.0 -768.0 -777.0 -783.0 -783.0 
-794.0 -799.0 -797.0 -808.0 -825.0 -845.0 -841.0 
-849.0 -867.0 -863.0 -894.0 -912.0 -907.0 -924.0 
-930.0 -933.0 -953.0 -963.0 -962.0 -989.0 -994.0 
-991.0 -1026.0 -1019.0 -1002.0 -1020.0 -1044.0 -1047.0 
-1011.0 -1017.0 -1032.0 -1019.0 -1008.0 -985.0 -980.0 
-983.0 -966.0 -945.0 -944.0 -957.0 -959.0 -964.0 
-949.0 -919.0 -917.0 -907.0 -880.0 -852.0 -850.0 
-864.0 -823.0 -797.0 -802.0 -778.0 -762.0 -740.0 
-727.0 -731.0 -707.0 -691.0 -673.0 -649.0 -638.0 
-606.0 -583.0 -574.0 -548.0 -525.0 -508.0 -491.0 
-479.0 -463.0 -454.0 -444.0 -433.0 -432.0 -412.0 
-400.0 -408.0 -413.0 -424.0 -415.0 -410.0 -443.0 
-448.0 -451.0 -469.0 -474.0 -489.0 -507.0 -548.0 
-559.0 -547.0 -596.0 -643.0 -664.0 -678.0 -694.0 
-736.0 -762.0 -790.0 -833.0 -845.0 -866.0 -903.0 
-932.0 -969.0 -993.0 -1013.0 -1043.0 -1065.0 -1094.0 
-1117.0 -1147.0 -1170.0 -1187.0 -1214.0 -1219.0 -1236.0 
-1252.0 -1255.0 -1276.0 -1267.0 -1266.0 -1306.0 -1306.0 
-1298.0 -1310.0 -1311.0 -1307.0 -1312.0 -1322.0 -1330.0 
-1338.0 -1321.0 -1308.0 -1308.0 -1310.0 -1319.0 -1302.0 
-1279.0 -1273.0 -1276.0 -1280.0 -1263.0 -1247.0 -1232.0 
-1205.0 -1197.0 -1189.0 -1158.0 -1132.0 -1120.0 -1104.0 
-1079.0 -1077.0 -1038.0 -987.0 -989.0 -959.0 -936.0 
-930.0 -907.0 -894.0 -861.0 -829.0 -803.0 -768.0 
-737.0 -720.0 -698.0 -657.0 -620.0 -593.0 -569.0 
-536.0 -504.0 -484.0 -456.0 -429.0 -416.0 -401.0 
-376.0 -347.0 -325.0 -313.0 -289.0 -270.0 -271.0 
-254.0 -236.0 -232.0 -216.0 -209.0 -207.0 -200.0 
-200.0 -190.0 -184.0 -183.0 -184.0 -184.0 -181.0 
-187.0 -195.0 -204.0 -209.0 -222.0 -236.0 -242.0 
-262.0 -273.0 -284.0 -304.0 -317.0 -346.0 -372.0 
-385.0 -406.0 -435.0 -465.0 -497.0 -527.0 -559.0 
-597.0 -629.0 -665.0 -701.0 -740.0 -789.0 -825.0 
-858.0 -897.0 -933.0 -968.0 -1005.0 -1043.0 -1077.0 
-1110.0 -1140.0 -1171.0 -1206.0 -1231.0 -1259.0 -1290.0 
-1314.0 -1342.0 -1364.0 -1384.0 -1413.0 -1436.0 -1453.0 
-1476.0 -1495.0 -1511.0 -1535.0 -1550.0 -1566.0 -1582.0 
-1587.0 -1601.0 -1612.0 -1619.0 -1628.0 -1625.0 -1628.0 
-1638.0 -1633.0 -1623.0 -1619.0 -1613.0 -1595.0 -1582.0 
-1575.0 -1568.0 -1552.0 -1525.0 -1501.0 -1483.0 -1453.0 
-1431.0 -1408.0 -1374.0 -1345.0 -1303.0 -1262.0 -1224.0 
-1172.0 -1130.0 -1097.0 -1057.0 -1012.0 -965.0 -918.0 
-879.0 -833.0 -784.0 -739.0 -688.0 -659.0 -624.0 
-575.0 -541.0 -499.0 -463.0 -437.0 -398.0 -367.0 
-336.0 -297.0 -273.0 -244.0 -216.0 -193.0 -170.0 
-166.0 -151.0 -129.0 -115.0 -108.0 -100.0 -85.0 
-78.0 -73.0 -63.0 -46.0 -48.0 -48.0 -28.0 
-29.0 -27.0 -22.0 -25.0 -22.0 -28.0 -35.0 
-42.0 -56.0 -67.0 -80.0 -93.0 -112.0 -136.0 
-153.0 -177.0 -198.0 -217.0 -244.0 -270.0 -295.0 
-319.0 -346.0 -385.0 -417.0 -438.0 -470.0 -507.0 
-540.0 -578.0 -620.0 -652.0 -683.0 -720.0 -762.0 
-805.0 -837.0 -874.0 -918.0 -951.0 -987.0 -1026.0 
-1055.0 -1089.0 -1125.0 -1158.0 -1192.0 -1223.0 -1257.0 
-1291.0 -1323.0 -1357.0 -1384.0 -1412.0 -1439.0 -1462.0 
-1488.0 -1511.0 -1530.0 -1549.0 -1560.0 -1572.0 -1587.0 
-1592.0 -1595.0 -1601.0 -1602.0 -1602.0 -1604.0 -1603.0 
-1605.0 -1602.0 -1595.0 -1595.0 -1591.0 -1579.0 -1567.0 
-1554.0 -1543.0 -1529.0 -1511.0 -1496.0 -1477.0 -1454.0 
-1432.0 -1404.0 -1373.0 -1342.0 -1313.0 -1285.0 -1246.0 
-1208.0 -1176.0 -1137.0 -1096.0 -1060.0 -1024.0 -984.0 
-944.0 -905.0 -867.0 -826.0 -784.0 -754.0 -722.0 
-689.0 -660.0 -626.0 -595.0 -567.0 -538.0 -507.0 
-472.0 -444.0 -415.0 -384.0 -353.0 -318.0 -289.0 
-263.0 -233.0 -210.0 -193.0 -169.0 -142.0 -124.0 
-107.0 -83.0 -65.0 -53.0 -39.0 -28.0 -20.0 
-17.0 -16.0 -18.0 -20.0 -17.0 -18.0 -22.0 
-28.0 -37.0 -43.0 -48.0 -56.0 -67.0 -79.0 
-94.0 -110.0 -125.0 -143.0 -166.0 -189.0 -211.0 
-237.0 -270.0 -301.0 -329.0 -365.0 -398.0 -432.0 
-477.0 -515.0 -554.0 -599.0 -639.0 -678.0 -716.0 
-747.0 -786.0 -833.0 -873.0 -914.0 -953.0 -995.0 
-1042.0 -1081.0 -1113.0 -1151.0 -1194.0 -1230.0 -1271.0 
-1306.0 -1340.0 -1381.0 -1413.0 -1448.0 -1486.0 -1515.0 
-1543.0 -1576.0 -1604.0 -1627.0 -1653.0 -1673.0 -1691.0 
-1707.0 -1726.0 -1750.0 -1764.0 -1766.0 -1771.0 -1779.0 
-1779.0 -1781.0 -1785.0 -1777.0 -1767.0 -1758.0 -1746.0 
-1733.0 -1718.0 -1697.0 -1678.0 -1655.0 -1622.0 -1595.0 
-1572.0 -1537.0 -1504.0 -1475.0 -1434.0 -1400.0 -1377.0 
-1342.0 -1300.0 -1265.0 -1226.0 -1185.0 -1147.0 -1110.0 
-1075.0 -1035.0 -1000.0 -962.0 -910.0 -870.0 -824.0 
-777.0 -742.0 -683.0 -632.0 -595.0 -546.0 -504.0 
-455.0 -408.0 -367.0 -320.0 -283.0 -250.0 -198.0 
-162.0 -141.0 -106.0 -82.0 -60.0 -33.0 -29.0 
-22.0 -6.0 2.0 19.0 21.0 25.0 30.0 
9.0 13.0 12.0 -1.0 9.0 -3.0 -19.0 
-31.0 -42.0 -46.0 -61.0 -68.0 -85.0 -111.0 
-125.0 -153.0 -180.0 -196.0 -221.0 -246.0 -276.0 
-306.0 -334.0 -369.0 -407.0 -440.0 -474.0 -512.0 
-552.0 -596.0 -629.0 -658.0 -701.0 -731.0 -750.0 
-788.0 -829.0 -856.0 -895.0 -926.0 -943.0 -974.0 
-995.0 -1026.0 -1064.0 -1071.0 -1096.0 -1143.0 -1165.0 
-1196.0 -1242.0 -1263.0 -1280.0 -1306.0 -1328.0 -1357.0 
-1382.0 -1391.0 -1403.0 -1418.0 -1434.0 -1435.0 -1441.0 
-1468.0 -1477.0 -1482.0 -1503.0 -1502.0 -1492.0 -1510.0 
-1512.0 -1502.0 -1511.0 -1502.0 -1491.0 -1494.0 -1494.0 
-1482.0 -1473.0 -1469.0 -1446.0 -1427.0 -1424.0 -1417.0 
-1403.0 -1400.0 -1394.0 -1369.0 -1354.0 -1352.0 -1348.0 
-1331.0 -1306.0 -1298.0 -1293.0 -1286.0 -1281.0 -1249.0 
-1228.0 -1229.0 -1209.0 -1180.0 -1154.0 -1136.0 -1111.0 
-1071.0 -1042.0 -1009.0 -978.0 -947.0 -906.0 -872.0 
-824.0 -783.0 -749.0 -698.0 -656.0 -620.0 -588.0 
-552.0 -509.0 -471.0 -429.0 -388.0 -365.0 -324.0 
-269.0 -237.0 -207.0 -169.0 -138.0 -106.0 -69.0 
-46.0 -34.0 0.0 24.0 27.0 49.0 56.0 
58.0 79.0 71.0 75.0 86.0 65.0 77.0 
86.0 62.0 51.0 47.0 46.0 37.0 26.0 
3.0 -15.0 -10.0 -32.0 -67.0 -88.0 -104.0 
-129.0 -165.0 -190.0 -206.0 -222.0 -256.0 -292.0 
-320.0 -360.0 -403.0 -445.0 -494.0 -529.0 -560.0 
-617.0 -660.0 -709.0 -770.0 -808.0 -876.0 -928.0 
-964.0 -1046.0 -1093.0 -1134.0 -1191.0 -1221.0 -1277.0 
-1342.0 -1375.0 -1417.0 -1460.0 -1484.0 -1527.0 -1572.0 
-1592.0 -1624.0 -1633.0 -1633.0 -1676.0 -1699.0 -1700.0 
-1718.0 -1734.0 -1758.0 -1774.0 -1787.0 -1805.0 -1801.0 
-1811.0 -1825.0 -1824.0 -1824.0 -1819.0 -1817.0 -1792.0 
-1773.0 -1758.0 -1730.0 -1725.0 -1705.0 -1677.0 -1653.0 
-1624.0 -1602.0 -1571.0 -1532.0 -1495.0 -1453.0 -1412.0 
-1379.0 -1328.0 -1280.0 -1246.0 -1201.0 -1149.0 -1101.0 
-1052.0 -1001.0 -959.0 -925.0 -889.0 -834.0 -768.0 
-738.0 -709.0 -663.0 -629.0 -586.0 -546.0 -503.0 
-462.0 -435.0 -389.0 -348.0 -314.0 -274.0 -239.0 
-199.0 -167.0 -147.0 -121.0 -91.0 -68.0 -45.0 
-20.0 0.0 23.0 30.0 26.0 36.0 41.0 
40.0 40.0 37.0 29.0 23.0 12.0 -7.0 
-19.0 -42.0 -66.0 -79.0 -97.0 -118.0 -137.0 
-156.0 -177.0 -201.0 -224.0 -248.0 -276.0 -300.0 
-316.0 -341.0 -369.0 -394.0 -425.0 -450.0 -479.0 
-509.0 -537.0 -568.0 -600.0 -639.0 -673.0 -706.0 
-749.0 -792.0 -838.0 -878.0 -915.0 -959.0 -997.0 
-1036.0 -1087.0 -1130.0 -1175.0 -1221.0 -1261.0 -1302.0 
-1344.0 -1392.0 -1435.0 -1467.0 -1503.0 -1540.0 -1572.0 
-1611.0 -1648.0 -1670.0 -1692.0 -1719.0 -1738.0 -1757.0 
-1780.0 -1791.0 -1803.0 -1812.0 -1808.0 -1811.0 -1806.0 
-1791.0 -1782.0 -1764.0 -1746.0 -1733.0 -1708.0 -1680.0 
-1653.0 -1621.0 -1587.0 -1543.0 -1506.0 -1471.0 -1421.0 
-1380.0 -1340.0 -1290.0 -1247.0 -1196.0 -1151.0 -1115.0 
-1066.0 -1022.0 -978.0 -930.0 -892.0 -851.0 -806.0 
-767.0 -725.0 -680.0 -643.0 -604.0 -571.0 -537.0 
-490.0 -459.0 -430.0 -393.0 -368.0 -336.0 -306.0 
-286.0 -257.0 -241.0 -227.0 -205.0 -186.0 -157.0 
-146.0 -140.0 -109.0 -103.0 -113.0 -108.0 -94.0 
-86.0 -89.0 -80.0 -84.0 -106.0 -123.0 -132.0 
-128.0 -127.0 -145.0 -180.0 -213.0 -240.0 -267.0 
-294.0 -323.0 -348.0 -377.0 -404.0 -442.0 -479.0 
-512.0 -549.0 -568.0 -597.0 -627.0 -649.0 -681.0 
-713.0 -732.0 -750.0 -781.0 -805.0 -829.0 -860.0 
-887.0 -920.0 -940.0 -953.0 -978.0 -1004.0 -1026.0 
-1047.0 -1075.0 -1094.0 -1109.0 -1129.0 -1143.0 -1169.0 
-1188.0 -1180.0 -1192.0 -1209.0 -1217.0 -1239.0 -1246.0 
-1247.0 -1254.0 -1257.0 -1266.0 -1267.0 -1273.0 -1275.0 
-1265.0 -1269.0 -1266.0 -1250.0 -1248.0 -1244.0 -1228.0 
-1215.0 -1201.0 -1183.0 -1165.0 -1147.0 -1134.0 -1118.0 
-1097.0 -1084.0 -1062.0 -1043.0 -1034.0 -1016.0 -994.0 
-973.0 -958.0 -947.0 -936.0 -917.0 -898.0 -881.0 
-860.0 -849.0 -831.0 -814.0 -803.0 -782.0 -765.0 
-759.0 -748.0 -735.0 -729.0 -719.0 -716.0 -715.0 
-709.0 -703.0 -699.0 -694.0 -685.0 -680.0 -677.0 
-678.0 -665.0 -654.0 -650.0 -637.0 -635.0 -636.0 
-638.0 -629.0 -603.0 -600.0 -608.0 -584.0 -563.0 
-578.0 -566.0 -550.0 -567.0 -579.0 -579.0 -556.0 
-537.0 -552.0 -550.0 -546.0 -548.0 -538.0 -529.0 
-514.0 -501.0 -506.0 -513.0 -507.0 -510.0 -527.0 
-507.0 -478.0 -494.0 -499.0 -500.0 -519.0 -527.0 
-548.0 -566.0 -557.0 -587.0 -626.0 -629.0 -645.0 
-656.0 -664.0 -693.0 -721.0 -729.0 -746.0 -781.0 
-801.0 -818.0 -840.0 -851.0 -877.0 -906.0 -919.0 
-954.0 -979.0 -990.0 -998.0 -1010.0 -1040.0 -1051.0 
-1065.0 -1092.0 -1111.0 -1113.0 -1123.0 -1151.0 -1151.0 
-1157.0 -1186.0 -1173.0 -1163.0 -1171.0 -1154.0 -1169.0 
-1187.0 -1184.0 -1198.0 -1186.0 -1177.0 -1186.0 -1193.0 
-1203.0 -1196.0 -1187.0 -1189.0 -1189.0 -1184.0 -1177.0 
-1173.0 -1172.0 -1161.0 -1157.0 -1164.0 -1165.0 -1162.0 
-1161.0 -1162.0 -1167.0 -1160.0 -1150.0 -1164.0 -1169.0 
-1151.0 -1152.0 -1151.0 -1145.0 -1150.0 -1144.0 -1154.0 
-1153.0 -1133.0 -1132.0 -1126.0 -1110.0 -1104.0 -1100.0 
-1079.0 -1070.0 -1056.0 -1029.0 -1015.0 -983.0 -951.0 
-930.0 -901.0 -878.0 -846.0 -805.0 -774.0 -744.0 
-713.0 -686.0 -649.0 -604.0 -574.0 -546.0 -512.0 
-479.0 -450.0 -417.0 -386.0 -366.0 -334.0 -300.0 
-278.0 -252.0 -225.0 -214.0 -203.0 -189.0 -187.0 
-171.0 -168.0 -180.0 -180.0 -192.0 -189.0 -190.0 
-196.0 -200.0 -227.0 -229.0 -232.0 -259.0 -259.0 
-268.0 -285.0 -289.0 -322.0 -325.0 -329.0 -377.0 
-388.0 -412.0 -438.0 -431.0 -479.0 -510.0 -498.0 
-531.0 -553.0 -579.0 -625.0 -635.0 -678.0 -718.0 
-725.0 -758.0 -795.0 -832.0 -872.0 -911.0 -946.0 
-983.0 -1045.0 -1079.0 -1088.0 -1155.0 -1182.0 -1172.0 
-1238.0 -1262.0 -1268.0 -1316.0 -1349.0 -1366.0 -1380.0 
-1433.0 -1460.0 -1439.0 -1463.0 -1493.0 -1494.0 -1481.0 
-1510.0 -1536.0 -1468.0 -1470.0 -1546.0 -1539.0 -1537.0 
-1550.0 -1530.0 -1531.0 -1532.0 -1531.0 -1512.0 -1498.0 
-1511.0 -1485.0 -1477.0 -1463.0 -1431.0 -1456.0 -1417.0 
-1368.0 -1372.0 -1325.0 -1295.0 -1275.0 -1250.0 -1219.0 
-1177.0 -1198.0 -1151.0 -1068.0 -1090.0 -1057.0 -967.0 
-928.0 -916.0 -877.0 -835.0 -853.0 -776.0 -702.0 
-713.0 -654.0 -642.0 -597.0 -542.0 -522.0 -504.0 
-540.0 -445.0 -372.0 -365.0 -300.0 -294.0 -312.0 
-286.0 -216.0 -176.0 -218.0 -203.0 -147.0 -148.0 
-129.0 -118.0 -146.0 -132.0 -95.0 -98.0 -118.0 
-130.0 -117.0 -75.0 -74.0 -89.0 -77.0 -74.0 
-74.0 -81.0 -87.0 -86.0 -92.0 -113.0 -135.0 
-143.0 -158.0 -193.0 -226.0 -255.0 -284.0 -313.0 
-349.0 -380.0 -416.0 -464.0 -510.0 -563.0 -605.0 
-651.0 -709.0 -742.0 -788.0 -828.0 -861.0 -913.0 
-953.0 -1001.0 -1036.0 -1066.0 -1126.0 -1177.0 -1216.0 
-1233.0 -1253.0 -1311.0 -1355.0 -1361.0 -1388.0 -1430.0 
-1443.0 -1462.0 -1485.0 -1505.0 -1534.0 -1534.0 -1537.0 
-1561.0 -1568.0 -1563.0 -1559.0 -1552.0 -1552.0 -1552.0 
-1542.0 -1544.0 -1539.0 -1520.0 -1510.0 -1494.0 -1478.0 
-1466.0 -1442.0 -1419.0 -1400.0 -1372.0 -1346.0 -1318.0 
-1295.0 -1274.0 -1238.0 -1211.0 -1182.0 -1142.0 -1114.0 
-1077.0 -1038.0 -1003.0 -954.0 -923.0 -899.0 -858.0 
-825.0 -795.0 -766.0 -736.0 -713.0 -695.0 -660.0 
-629.0 -611.0 -588.0 -557.0 -537.0 -516.0 -495.0 
-476.0 -456.0 -447.0 -432.0 -414.0 -407.0 -405.0 
-403.0 -393.0 -394.0 -391.0 -388.0 -399.0 -400.0 
-410.0 -427.0 -430.0 -445.0 -464.0 -469.0 -481.0 
-494.0 -504.0 -518.0 -528.0 -540.0 -550.0 -559.0 
-568.0 -578.0 -587.0 -585.0 -601.0 -622.0 -621.0 
-625.0 -629.0 -629.0 -632.0 -641.0 -648.0 -658.0 
-663.0 -666.0 -668.0 -673.0 -692.0 -701.0 -708.0 
-709.0 -716.0 -756.0 -775.0 -778.0 -796.0 -822.0 
-844.0 -866.0 -890.0 -900.0 -912.0 -929.0 -948.0 
-969.0 -988.0 -1001.0 -1015.0 -1039.0 -1055.0 -1066.0 
-1078.0 -1081.0 -1071.0 -1079.0 -1090.0 -1093.0 -1100.0 
-1073.0 -1077.0 -1108.0 -1064.0 -1044.0 -1083.0 -1075.0 
-1059.0 -1052.0 -1020.0 -1019.0 -1025.0 -1014.0 -1009.0 
-994.0 -984.0 -966.0 -947.0 -938.0 -923.0 -908.0 
-894.0 -890.0 -874.0 -863.0 -857.0 -836.0 -823.0 
-813.0 -804.0 -802.0 -793.0 -772.0 -768.0 -777.0 
-767.0 -733.0 -715.0 -731.0 -718.0 -697.0 -694.0 
-676.0 -680.0 -694.0 -697.0 -695.0 -664.0 -695.0 
-728.0 -675.0 -665.0 -695.0 -699.0 -687.0 -677.0 
-685.0 -689.0 -672.0 -665.0 -689.0 -709.0 -721.0 
-717.0 -706.0 -749.0 -782.0 -764.0 -779.0 -795.0 
-792.0 -816.0 -862.0 -873.0 -851.0 -870.0 -882.0 
-888.0 -916.0 -926.0 -933.0 -946.0 -960.0 -974.0 
-988.0 -1017.0 -1035.0 -1033.0 -1045.0 -1049.0 -1056.0 
-1079.0 -1092.0 -1095.0 -1101.0 -1114.0 -1131.0 -1141.0 
-1124.0 -1106.0 -1104.0 -1109.0 -1104.0 -1082.0 -1073.0 
-1078.0 -1081.0 -1062.0 -1043.0 -1032.0 -1010.0 -993.0 
-972.0 -949.0 -933.0 -916.0 -900.0 -879.0 -864.0 
-855.0 -828.0 -808.0 -797.0 -772.0 -754.0 -743.0 
-719.0 -696.0 -681.0 -663.0 -646.0 -630.0 -616.0 
-616.0 -615.0 -604.0 -587.0 -581.0 -587.0 -574.0 
-566.0 -569.0 -554.0 -558.0 -569.0 -568.0 -571.0 
-572.0 -568.0 -566.0 -565.0 -572.0 -597.0 -601.0 
-609.0 -627.0 -638.0 -663.0 -674.0 -680.0 -684.0 
-687.0 -696.0 -698.0 -704.0 -709.0 -712.0 -727.0 
-741.0 -740.0 -738.0 -754.0 -768.0 -776.0 -788.0 
-797.0 -813.0 -827.0 -829.0 -839.0 -845.0 -859.0 
-875.0 -871.0 -880.0 -892.0 -899.0 -908.0 -908.0 
-910.0 -920.0 -935.0 -933.0 -929.0 -939.0 -943.0 
-950.0 -956.0 -962.0 -973.0 -979.0 -985.0 -992.0 
-998.0 -1004.0 -1007.0 -1008.0 -1010.0 -1018.0 -1023.0 
-1025.0 -1027.0 -1024.0 -1019.0 -1015.0 -1002.0 -991.0 
-987.0 -980.0 -969.0 -955.0 -942.0 -925.0 -911.0 
-909.0 -898.0 -884.0 -875.0 -871.0 -868.0 -867.0 
-871.0 -867.0 -865.0 -859.0 -847.0 -848.0 -847.0 
-840.0 -837.0 -831.0 -826.0 -832.0 -830.0 -828.0 
-833.0 -827.0 -831.0 -832.0 -823.0 -818.0 -815.0 
-814.0 -806.0 -798.0 -794.0 -782.0 -767.0 -762.0 
-752.0 -745.0 -747.0 -735.0 -730.0 -727.0 -711.0 
-719.0 -717.0 -704.0 -717.0 -717.0 -711.0 -715.0 
-710.0 -719.0 -729.0 -729.0 -741.0 -748.0 -756.0 
-769.0 -775.0 -785.0 -796.0 -806.0 -810.0 -818.0 
-835.0 -837.0 -841.0 -855.0 -855.0 -860.0 -865.0 
-862.0 -864.0 -873.0 -891.0 -881.0 -870.0 -883.0 
-880.0 -878.0 -888.0 -884.0 -871.0 -877.0 -878.0 
-859.0 -871.0 -877.0 -855.0 -865.0 -876.0 -878.0 
-879.0 -891.0 -899.0 -888.0 -893.0 -905.0 -896.0 
-868.0 -872.0 -891.0 -880.0 -876.0 -875.0 -867.0 
-861.0 -858.0 -850.0 -820.0 -804.0 -807.0 -791.0 
-768.0 -752.0 -741.0 -731.0 -718.0 -716.0 -712.0 
-689.0 -671.0 -662.0 -660.0 -659.0 -654.0 -653.0 
-650.0 -643.0 -642.0 -652.0 -646.0 -635.0 -643.0 
-641.0 -637.0 -634.0 -641.0 -649.0 -653.0 -652.0 
-641.0 -659.0 -678.0 -676.0 -689.0 -690.0 -694.0 
-711.0 -714.0 -719.0 -722.0 -722.0 -730.0 -737.0 
-748.0 -761.0 -776.0 -791.0 -805.0 -818.0 -828.0 
-839.0 -855.0 -872.0 -889.0 -905.0 -919.0 -934.0 
-950.0 -969.0 -989.0 -1006.0 -1032.0 -1054.0 -1073.0 
-1095.0 -1114.0 -1139.0 -1158.0 -1171.0 -1196.0 -1213.0 
-1220.0 -1235.0 -1248.0 -1255.0 -1262.0 -1267.0 -1271.0 
-1281.0 -1287.0 -1294.0 -1297.0 -1288.0 -1280.0 -1270.0 
-1258.0 -1246.0 -1246.0 -1235.0 -1212.0 -1201.0 -1185.0 
-1174.0 -1161.0 -1135.0 -1125.0 -1101.0 -1079.0 -1070.0 
-1043.0 -1027.0 -1004.0 -976.0 -961.0 -930.0 -903.0 
-888.0 -866.0 -833.0 -800.0 -773.0 -743.0 -706.0 
-674.0 -650.0 -619.0 -585.0 -545.0 -509.0 -486.0 
-443.0 -427.0 -423.0 -378.0 -353.0 -332.0 -298.0 
-287.0 -267.0 -259.0 -269.0 -248.0 -229.0 -229.0 
-220.0 -218.0 -213.0 -203.0 -207.0 -212.0 -229.0 
-251.0 -266.0 -282.0 -293.0 -307.0 -323.0 -338.0 
-350.0 -389.0 -421.0 -434.0 -481.0 -508.0 -514.0 
-550.0 -589.0 -628.0 -660.0 -693.0 -729.0 -742.0 
-769.0 -809.0 -827.0 -850.0 -885.0 -919.0 -946.0 
-973.0 -1003.0 -1029.0 -1063.0 -1090.0 -1111.0 -1133.0 
-1153.0 -1178.0 -1194.0 -1214.0 -1233.0 -1242.0 -1260.0 
-1275.0 -1281.0 -1288.0 -1303.0 -1315.0 -1322.0 -1329.0 
-1332.0 -1340.0 -1350.0 -1354.0 -1359.0 -1357.0 -1349.0 
-1343.0 -1332.0 -1329.0 -1327.0 -1308.0 -1289.0 -1270.0 
-1251.0 -1239.0 -1217.0 -1191.0 -1172.0 -1151.0 -1127.0 
-1110.0 -1091.0 -1066.0 -1041.0 -1017.0 -991.0 -968.0 
-947.0 -923.0 -899.0 -877.0 -853.0 -828.0 -809.0 
-791.0 -773.0 -757.0 -734.0 -718.0 -704.0 -691.0 
-682.0 -670.0 -659.0 -650.0 -644.0 -638.0 -629.0 
-624.0 -616.0 -610.0 -603.0 -594.0 -586.0 -576.0 
-569.0 -564.0 -558.0 -553.0 -546.0 -544.0 -542.0 
-541.0 -547.0 -550.0 -557.0 -562.0 -565.0 -573.0 
-578.0 -583.0 -590.0 -594.0 -601.0 -616.0 -621.0 
-621.0 -633.0 -640.0 -643.0 -650.0 -655.0 -660.0 
-669.0 -674.0 -678.0 -684.0 -694.0 -705.0 -709.0 
-714.0 -722.0 -729.0 -736.0 -743.0 -758.0 -771.0 
-773.0 -784.0 -794.0 -802.0 -812.0 -820.0 -831.0 
-840.0 -848.0 -860.0 -870.0 -875.0 -881.0 -886.0 
-890.0 -894.0 -901.0 -910.0 -909.0 -910.0 -912.0 
-907.0 -910.0 -909.0 -907.0 -906.0 -904.0 -902.0 
-902.0 -896.0 -895.0 -900.0 -892.0 -889.0 -892.0 
-884.0 -880.0 -880.0 -881.0 -883.0 -883.0 -886.0 
-886.0 -887.0 -890.0 -894.0 -902.0 -908.0 -912.0 
-919.0 -925.0 -929.0 -933.0 -937.0 -942.0 -945.0 
-948.0 -959.0 -967.0 -971.0 -981.0 -985.0 -987.0 
-994.0 -998.0 -1001.0 -1007.0 -1012.0 -1014.0 -1015.0 
-1017.0 -1022.0 -1033.0 -1038.0 -1043.0 -1054.0 -1060.0 
-1064.0 -1074.0 -1083.0 -1089.0 -1096.0 -1102.0 -1109.0 
-1110.0 -1106.0 -1108.0 -1105.0 -1100.0 -1095.0 -1085.0 
-1079.0 -1074.0 -1063.0 -1051.0 -1040.0 -1034.0 -1023.0 
-1007.0 -997.0 -985.0 -970.0 -959.0 -950.0 -939.0 
-926.0 -915.0 -899.0 -883.0 -864.0 -848.0 -831.0 
-811.0 -797.0 -773.0 -752.0 -735.0 -710.0 -691.0 
-673.0 -647.0 -628.0 -610.0 -584.0 -560.0 -538.0 
-517.0 -502.0 -472.0 -450.0 -439.0 -416.0 -396.0 
-365.0 -340.0 -333.0 -331.0 -319.0 -304.0 -304.0 
-300.0 -290.0 -280.0 -276.0 -271.0 -262.0 -267.0 
-267.0 -273.0 -279.0 -264.0 -263.0 -264.0 -263.0 
-285.0 -305.0 -307.0 -299.0 -318.0 -384.0 -423.0 
-425.0 -437.0 -454.0 -506.0 -545.0 -544.0 -586.0 
-596.0 -578.0 -624.0 -684.0 -721.0 -763.0 -809.0 
-822.0 -850.0 -872.0 -901.0 -959.0 -972.0 -1017.0 
-1055.0 -1083.0 -1130.0 -1140.0 -1161.0 -1188.0 -1209.0 
-1230.0 -1254.0 -1286.0 -1312.0 -1329.0 -1326.0 -1325.0 
-1348.0 -1343.0 -1347.0 -1378.0 -1367.0 -1364.0 -1374.0 
-1362.0 -1355.0 -1362.0 -1378.0 -1378.0 -1373.0 -1373.0 
-1363.0 -1345.0 -1329.0 -1335.0 -1343.0 -1330.0 -1301.0 
-1282.0 -1269.0 -1264.0 -1263.0 -1241.0 -1216.0 -1203.0 
-1187.0 -1163.0 -1154.0 -1134.0 -1102.0 -1095.0 -1069.0 
-1039.0 -1024.0 -1004.0 -980.0 -956.0 -936.0 -904.0 
-886.0 -876.0 -849.0 -846.0 -824.0 -799.0 -802.0 
-760.0 -741.0 -742.0 -709.0 -707.0 -693.0 -662.0 
-665.0 -650.0 -617.0 -627.0 -635.0 -610.0 -598.0 
-588.0 -583.0 -576.0 -574.0 -579.0 -563.0 -552.0 
-548.0 -549.0 -519.0 -501.0 -512.0 -500.0 -513.0 
-503.0 -482.0 -501.0 -503.0 -511.0 -517.0 -459.0 
-450.0 -501.0 -472.0 -486.0 -524.0 -493.0 -448.0 
-435.0 -467.0 -484.0 -472.0 -476.0 -521.0 -521.0 
-487.0 -479.0 -496.0 -491.0 -493.0 -539.0 -513.0 
-514.0 -534.0 -528.0 -536.0 -548.0 -581.0 -583.0 
-641.0 -665.0 -640.0 -677.0 -651.0 -667.0 -723.0 
-707.0 -725.0 -775.0 -813.0 -839.0 -848.0 -857.0 
-869.0 -895.0 -937.0 -937.0 -961.0 -1017.0 -1007.0 
-1032.0 -1052.0 -1025.0 -1046.0 -1059.0 -1069.0 -1090.0 
-1097.0 -1123.0 -1148.0 -1147.0 -1161.0 -1182.0 -1186.0 
-1198.0 -1191.0 -1187.0 -1210.0 -1228.0 -1232.0 -1224.0 
-1227.0 -1237.0 -1241.0 -1248.0 -1248.0 -1221.0 -1211.0 
-1233.0 -1223.0 -1217.0 -1232.0 -1228.0 -1219.0 -1215.0 
-1222.0 -1215.0 -1207.0 -1212.0 -1199.0 -1174.0 -1164.0 
-1162.0 -1153.0 -1137.0 -1116.0 -1096.0 -1082.0 -1073.0 
-1058.0 -1044.0 -1026.0 -1006.0 -987.0 -949.0 -927.0 
-911.0 -882.0 -859.0 -828.0 -802.0 -781.0 -758.0 
-743.0 -722.0 -712.0 -706.0 -685.0 -681.0 -675.0 
-655.0 -648.0 -650.0 -650.0 -643.0 -636.0 -630.0 
-629.0 -636.0 -641.0 -647.0 -644.0 -639.0 -647.0 
-651.0 -657.0 -659.0 -651.0 -659.0 -664.0 -666.0 
-676.0 -676.0 -680.0 -689.0 -688.0 -692.0 -702.0 
-699.0 -695.0 -695.0 -697.0 -700.0 -697.0 -699.0 
-694.0 -682.0 -680.0 -672.0 -659.0 -647.0 -639.0 
-626.0 -603.0 -587.0 -567.0 -541.0 -527.0 -517.0 
-489.0 -468.0 -457.0 -432.0 -418.0 -403.0 -376.0 
-362.0 -352.0 -341.0 -337.0 -328.0 -322.0 -321.0 
-316.0 -317.0 -321.0 -323.0 -325.0 -326.0 -336.0 
-358.0 -376.0 -385.0 -400.0 -423.0 -437.0 -456.0 
-480.0 -501.0 -526.0 -552.0 -577.0 -603.0 -635.0 
-673.0 -696.0 -717.0 -751.0 -784.0 -822.0 -859.0 
-889.0 -925.0 -963.0 -995.0 -1029.0 -1059.0 -1080.0 
-1108.0 -1142.0 -1174.0 -1204.0 -1232.0 -1253.0 -1272.0 
-1300.0 -1324.0 -1344.0 -1366.0 -1391.0 -1421.0 -1439.0 
-1453.0 -1470.0 -1480.0 -1490.0 -1498.0 -1501.0 -1512.0 
-1521.0 -1523.0 -1526.0 -1523.0 -1523.0 -1529.0 -1529.0 
-1521.0 -1510.0 -1507.0 -1508.0 -1501.0 -1497.0 -1483.0 
-1461.0 -1447.0 -1426.0 -1406.0 -1385.0 -1365.0 -1348.0 
-1318.0 -1287.0 -1261.0 -1230.0 -1197.0 -1164.0 -1131.0 
-1094.0 -1052.0 -1010.0 -971.0 -935.0 -893.0 -850.0 
-806.0 -759.0 -717.0 -679.0 -632.0 -584.0 -547.0 
-519.0 -478.0 -434.0 -403.0 -369.0 -343.0 -325.0 
-290.0 -254.0 -227.0 -208.0 -176.0 -148.0 -150.0 
-127.0 -105.0 -93.0 -70.0 -66.0 -60.0 -50.0 
-44.0 -25.0 -21.0 -40.0 -40.0 -43.0 -59.0 
-56.0 -65.0 -102.0 -118.0 -125.0 -151.0 -164.0 
-187.0 -219.0 -248.0 -278.0 -299.0 -333.0 -368.0 
-398.0 -419.0 -446.0 -483.0 -514.0 -552.0 -587.0 
-633.0 -678.0 -714.0 -745.0 -782.0 -836.0 -871.0 
-905.0 -943.0 -971.0 -1004.0 -1046.0 -1076.0 -1104.0 
-1143.0 -1163.0 -1180.0 -1204.0 -1228.0 -1254.0 -1277.0 
-1311.0 -1319.0 -1331.0 -1357.0 -1360.0 -1374.0 -1380.0 
-1400.0 -1417.0 -1421.0 -1448.0 -1445.0 -1456.0 -1481.0 
-1453.0 -1462.0 -1499.0 -1481.0 -1485.0 -1498.0 -1491.0 
-1487.0 -1473.0 -1472.0 -1474.0 -1470.0 -1464.0 -1457.0 
-1454.0 -1457.0 -1444.0 -1415.0 -1413.0 -1414.0 -1404.0 
-1405.0 -1368.0 -1300.0 -1275.0 -1273.0 -1262.0 -1254.0 
-1242.0 -1201.0 -1164.0 -1146.0 -1108.0 -1087.0 -1057.0 
-1014.0 -996.0 -970.0 -942.0 -902.0 -854.0 -827.0 
-784.0 -759.0 -732.0 -671.0 -660.0 -630.0 -569.0 
-539.0 -498.0 -469.0 -446.0 -403.0 -361.0 -321.0 
-286.0 -246.0 -219.0 -211.0 -180.0 -153.0 -136.0 
-117.0 -102.0 -78.0 -50.0 -40.0 -49.0 -32.0 
-30.0 -45.0 -37.0 -48.0 -55.0 -52.0 -61.0 
-76.0 -90.0 -111.0 -124.0 -138.0 -164.0 -183.0 
-205.0 -223.0 -249.0 -281.0 -302.0 -331.0 -361.0 
-390.0 -422.0 -454.0 -488.0 -518.0 -554.0 -591.0 
-622.0 -656.0 -697.0 -733.0 -771.0 -815.0 -852.0 
-887.0 -929.0 -971.0 -1011.0 -1051.0 -1086.0 -1120.0 
-1152.0 -1179.0 -1211.0 -1243.0 -1267.0 -1295.0 -1319.0 
-1335.0 -1354.0 -1373.0 -1384.0 -1401.0 -1414.0 -1421.0 
-1434.0 -1446.0 -1454.0 -1463.0 -1470.0 -1482.0 -1491.0 
-1494.0 -1508.0 -1518.0 -1523.0 -1531.0 -1533.0 -1536.0 
-1534.0 -1529.0 -1527.0 -1522.0 -1511.0 -1497.0 -1484.0 
-1469.0 -1454.0 -1435.0 -1413.0 -1394.0 -1377.0 -1353.0 
-1324.0 -1295.0 -1258.0 -1221.0 -1185.0 -1146.0 -1112.0 
-1066.0 -1023.0 -985.0 -935.0 -890.0 -846.0 -807.0 
-764.0 -715.0 -679.0 -636.0 -594.0 -556.0 -507.0 
-462.0 -429.0 -403.0 -376.0 -356.0 -327.0 -297.0 
-272.0 -224.0 -189.0 -164.0 -131.0 -106.0 -73.0 
-54.0 -41.0 -11.0 -9.0 -9.0 17.0 38.0 
53.0 57.0 56.0 34.0 16.0 18.0 -10.0 
-14.0 -12.0 -24.0 -26.0 -64.0 -102.0 -127.0 
-158.0 -178.0 -200.0 -236.0 -275.0 -316.0 -367.0 
-406.0 -458.0 -511.0 -549.0 -604.0 -660.0 -706.0 
-770.0 -831.0 -888.0 -950.0 -1009.0 -1076.0 -1144.0 
-1181.0 -1185.0 -1246.0 -1317.0 -1354.0 -1405.0 -1412.0 
-1434.0 -1488.0 -1506.0 -1528.0 -1551.0 -1575.0 -1639.0 
-1672.0 -1664.0 -1691.0 -1714.0 -1715.0 -1730.0 -1735.0 
-1740.0 -1745.0 -1730.0 -1741.0 -1732.0 -1697.0 -1710.0 
-1708.0 -1680.0 -1658.0 -1632.0 -1615.0 -1601.0 -1576.0 
-1541.0 -1508.0 -1483.0 -1455.0 -1419.0 -1371.0 -1325.0 
-1292.0 -1236.0 -1175.0 -1131.0 -1082.0 -1037.0 -989.0 
-928.0 -867.0 -810.0 -755.0 -706.0 -654.0 -602.0 
-555.0 -502.0 -457.0 -415.0 -376.0 -348.0 -302.0 
-267.0 -247.0 -206.0 -175.0 -156.0 -134.0 -110.0 
-87.0 -77.0 -56.0 -36.0 -25.0 -10.0 -4.0 
3.0 8.0 10.0 17.0 16.0 12.0 -1.0 
-9.0 -7.0 -30.0 -57.0 -66.0 -88.0 -120.0 
-158.0 -203.0 -215.0 -233.0 -281.0 -303.0 -333.0 
-384.0 -429.0 -467.0 -504.0 -546.0 -573.0 -605.0 
-662.0 -705.0 -729.0 -761.0 -797.0 -837.0 -881.0 
-900.0 -934.0 -981.0 -996.0 -1024.0 -1044.0 -1074.0 
-1153.0 -1189.0 -1208.0 -1232.0 -1271.0 -1317.0 -1307.0 
-1332.0 -1383.0 -1400.0 -1410.0 -1423.0 -1439.0 -1464.0 
-1478.0 -1476.0 -1489.0 -1502.0 -1511.0 -1515.0 -1518.0 
-1522.0 -1529.0 -1543.0 -1543.0 -1550.0 -1558.0 -1548.0 
-1544.0 -1543.0 -1536.0 -1533.0 -1523.0 -1501.0 -1486.0 
-1477.0 -1461.0 -1447.0 -1431.0 -1405.0 -1376.0 -1360.0 
-1355.0 -1329.0 -1297.0 -1272.0 -1242.0 -1217.0 -1194.0 
-1164.0 -1121.0 -1084.0 -1060.0 -1025.0 -990.0 -944.0 
-900.0 -872.0 -830.0 -796.0 -769.0 -730.0 -679.0 
-625.0 -590.0 -557.0 -520.0 -487.0 -450.0 -411.0 
-376.0 -350.0 -326.0 -292.0 -269.0 -253.0 -223.0 
-194.0 -174.0 -163.0 -150.0 -135.0 -115.0 -96.0 
-90.0 -82.0 -78.0 -73.0 -65.0 -66.0 -60.0 
-52.0 -60.0 -69.0 -74.0 -81.0 -86.0 -85.0 
-91.0 -116.0 -135.0 -143.0 -166.0 -193.0 -214.0 
-239.0 -267.0 -302.0 -339.0 -369.0 -409.0 -451.0 
-497.0 -538.0 -580.0 -625.0 -655.0 -704.0 -752.0 
-788.0 -847.0 -887.0 -924.0 -970.0 -999.0 -1042.0 
-1088.0 -1127.0 -1167.0 -1207.0 -1242.0 -1265.0 -1294.0 
-1319.0 -1343.0 -1369.0 -1379.0 -1401.0 -1411.0 -1421.0 
-1441.0 -1440.0 -1440.0 -1443.0 -1450.0 -1459.0 -1456.0 
-1440.0 -1446.0 -1454.0 -1430.0 -1428.0 -1425.0 -1410.0 
-1413.0 -1400.0 -1388.0 -1377.0 -1358.0 -1350.0 -1341.0 
-1329.0 -1309.0 -1281.0 -1261.0 -1235.0 -1211.0 -1180.0 
-1145.0 -1134.0 -1109.0 -1074.0 -1051.0 -1008.0 -973.0 
-955.0 -933.0 -911.0 -874.0 -853.0 -843.0 -820.0 
-807.0 -782.0 -757.0 -752.0 -733.0 -723.0 -707.0 
-681.0 -680.0 -673.0 -658.0 -653.0 -640.0 -633.0 
-633.0 -617.0 -602.0 -584.0 -562.0 -563.0 -558.0 
-546.0 -529.0 -511.0 -503.0 -484.0 -470.0 -463.0 
-448.0 -438.0 -436.0 -436.0 -430.0 -428.0 -426.0 
-420.0 -426.0 -422.0 -431.0 -439.0 -411.0 -424.0 
-457.0 -466.0 -478.0 -494.0 -505.0 -512.0 -525.0 
-543.0 -564.0 -572.0 -583.0 -611.0 -635.0 -655.0 
-675.0 -695.0 -712.0 -739.0 -767.0 -781.0 -793.0 
-815.0 -835.0 -849.0 -874.0 -895.0 -915.0 -933.0 
-940.0 -961.0 -977.0 -978.0 -1004.0 -1025.0 -1027.0 
-1056.0 -1071.0 -1051.0 -1044.0 -1051.0 -1055.0 -1063.0 
-1074.0 -1069.0 -1056.0 -1051.0 -1049.0 -1050.0 -1034.0 
-1021.0 -1018.0 -1006.0 -1000.0 -998.0 -994.0 -986.0 
-973.0 -956.0 -946.0 -938.0 -919.0 -904.0 -887.0 
-868.0 -852.0 -840.0 -839.0 -828.0 -817.0 -799.0 
-778.0 -783.0 -772.0 -758.0 -758.0 -756.0 -755.0 
-738.0 -739.0 -741.0 -743.0 -762.0 -768.0 -769.0 
-776.0 -789.0 -794.0 -803.0 -813.0 -803.0 -797.0 
-804.0 -808.0 -822.0 -850.0 -849.0 -870.0 -901.0 
-889.0 -902.0 -921.0 -939.0 -962.0 -944.0 -943.0 
-959.0 -963.0 -989.0 -1012.0 -1003.0 -1017.0 -1049.0 
-1040.0 -1043.0 -1070.0 -1094.0 -1105.0 -1090.0 -1095.0 
-1111.0 -1107.0 -1116.0 -1136.0 -1129.0 -1123.0 -1121.0 
-1114.0 -1124.0 -1124.0 -1109.0 -1113.0 -1104.0 -1087.0 
-1080.0 -1062.0 -1045.0 -1027.0 -1008.0 -988.0 -958.0 
-931.0 -903.0 -869.0 -840.0 -814.0 -786.0 -753.0 
-725.0 -700.0 -674.0 -647.0 -617.0 -592.0 -573.0 
-549.0 -529.0 -511.0 -493.0 -484.0 -473.0 -457.0 
-445.0 -434.0 -418.0 -411.0 -412.0 -410.0 -404.0 
-401.0 -409.0 -418.0 -421.0 -415.0 -414.0 -427.0 
-433.0 -438.0 -445.0 -449.0 -464.0 -477.0 -484.0 
-494.0 -497.0 -506.0 -526.0 -521.0 -523.0 -544.0 
-556.0 -569.0 -569.0 -580.0 -617.0 -633.0 -632.0 
-646.0 -662.0 -677.0 -702.0 -713.0 -718.0 -735.0 
-766.0 -788.0 -792.0 -806.0 -828.0 -854.0 -869.0 
-897.0 -923.0 -930.0 -958.0 -988.0 -1017.0 -1052.0 
-1082.0 -1102.0 -1124.0 -1144.0 -1157.0 -1180.0 -1196.0 
-1221.0 -1230.0 -1237.0 -1267.0 -1266.0 -1276.0 -1286.0 
-1275.0 -1289.0 -1300.0 -1311.0 -1332.0 -1338.0 -1336.0 
-1343.0 -1340.0 -1335.0 -1334.0 -1322.0 -1313.0 -1304.0 
-1290.0 -1282.0 -1270.0 -1247.0 -1232.0 -1220.0 -1190.0 
-1169.0 -1148.0 -1117.0 -1090.0 -1058.0 -1034.0 -1011.0 
-985.0 -964.0 -938.0 -911.0 -894.0 -876.0 -853.0 
-836.0 -816.0 -798.0 -781.0 -756.0 -745.0 -736.0 
-720.0 -707.0 -689.0 -673.0 -661.0 -647.0 -636.0 
-627.0 -616.0 -607.0 -601.0 -600.0 -597.0 -596.0 
-594.0 -589.0 -586.0 -583.0 -577.0 -571.0 -569.0 
-568.0 -564.0 -559.0 -550.0 -543.0 -535.0 -519.0 
-510.0 -506.0 -496.0 -492.0 -493.0 -496.0 -505.0 
-506.0 -502.0 -496.0 -496.0 -505.0 -496.0 -498.0 
-508.0 -502.0 -499.0 -502.0 -508.0 -514.0 -520.0 
-523.0 -533.0 -543.0 -539.0 -541.0 -546.0 -550.0 
-548.0 -547.0 -562.0 -577.0 -583.0 -582.0 -598.0 
-617.0 -627.0 -647.0 -660.0 -675.0 -696.0 -704.0 
-726.0 -751.0 -761.0 -781.0 -812.0 -835.0 -854.0 
-868.0 -881.0 -912.0 -944.0 -962.0 -985.0 -1008.0 
-1026.0 -1054.0 -1076.0 -1094.0 -1111.0 -1125.0 -1147.0 
-1160.0 -1171.0 -1187.0 -1202.0 -1214.0 -1226.0 -1245.0 
-1255.0 -1271.0 -1291.0 -1298.0 -1310.0 -1318.0 -1328.0 
-1339.0 -1342.0 -1350.0 -1358.0 -1365.0 -1370.0 -1372.0 
-1379.0 -1381.0 -1376.0 -1368.0 -1360.0 -1355.0 -1344.0 
-1331.0 -1319.0 -1302.0 -1284.0 -1263.0 -1239.0 -1216.0 
-1187.0 -1161.0 -1129.0 -1092.0 -1068.0 -1037.0 -1000.0 
-967.0 -932.0 -899.0 -870.0 -836.0 -801.0 -772.0 
-740.0 -707.0 -679.0 -648.0 -614.0 -587.0 -558.0 
-529.0 -506.0 -489.0 -473.0 -453.0 -438.0 -429.0 
-420.0 -416.0 -412.0 -409.0 -412.0 -417.0 -419.0 
-420.0 -426.0 -431.0 -432.0 -439.0 -448.0 -452.0 
-460.0 -465.0 -468.0 -477.0 -487.0 -491.0 -498.0 
-509.0 -518.0 -529.0 -541.0 -551.0 -565.0 -583.0 
-598.0 -609.0 -622.0 -641.0 -655.0 -665.0 -680.0 
-695.0 -707.0 -721.0 -736.0 -745.0 -755.0 -767.0 
-777.0 -785.0 -792.0 -801.0 -809.0 -815.0 -825.0 
-839.0 -852.0 -862.0 -871.0 -881.0 -894.0 -905.0 
-919.0 -935.0 -948.0 -959.0 -972.0 -988.0 -1006.0 
-1020.0 -1037.0 -1054.0 -1064.0 -1074.0 -1087.0 -1098.0 
-1111.0 -1126.0 -1136.0 -1146.0 -1158.0 -1170.0 -1175.0 
-1177.0 -1182.0 -1193.0 -1204.0 -1210.0 -1210.0 -1207.0 
-1214.0 -1211.0 -1199.0 -1195.0 -1187.0 -1184.0 -1176.0 
-1157.0 -1142.0 -1125.0 -1109.0 -1093.0 -1074.0 -1055.0 
-1034.0 -1012.0 -983.0 -960.0 -943.0 -923.0 -903.0 
-881.0 -862.0 -842.0 -817.0 -795.0 -776.0 -758.0 
-738.0 -722.0 -708.0 -693.0 -681.0 -668.0 -659.0 
-648.0 -639.0 -632.0 -622.0 -613.0 -607.0 -602.0 
-600.0 -600.0 -598.0 -593.0 -589.0 -586.0 -589.0 
-591.0 -586.0 -588.0 -590.0 -587.0 -591.0 -592.0 
-596.0 -606.0 -609.0 -611.0 -615.0 -619.0 -627.0 
-633.0 -637.0 -644.0 -651.0 -656.0 -661.0 -668.0 
-677.0 -677.0 -679.0 -685.0 -692.0 -705.0 -711.0 
-715.0 -719.0 -726.0 -741.0 -751.0 -759.0 -771.0 
-782.0 -789.0 -800.0 -813.0 -820.0 -832.0 -843.0 
-851.0 -867.0 -883.0 -891.0 -909.0 -928.0 -937.0 
-955.0 -971.0 -981.0 -987.0 -993.0 -1004.0 -1017.0 
-1025.0 -1027.0 -1040.0 -1046.0 -1041.0 -1042.0 -1039.0 
-1036.0 -1034.0 -1030.0 -1025.0 -1011.0 -1001.0 -1004.0 
-988.0 -979.0 -972.0 -952.0 -946.0 -933.0 -927.0 
-920.0 -897.0 -894.0 -888.0 -874.0 -863.0 -845.0 
-834.0 -827.0 -821.0 -811.0 -796.0 -789.0 -783.0 
-772.0 -755.0 -743.0 -735.0 -723.0 -715.0 -711.0 
-707.0 -700.0 -695.0 -693.0 -688.0 -680.0 -678.0 
-682.0 -686.0 -685.0 -684.0 -690.0 -693.0 -700.0 
-708.0 -709.0 -713.0 -714.0 -725.0 -731.0 -732.0 
-754.0 -747.0 -747.0 -772.0 -773.0 -780.0 -787.0 
-793.0 -814.0 -829.0 -836.0 -847.0 -862.0 -874.0 
-889.0 -902.0 -910.0 -930.0 -945.0 -958.0 -975.0 
-987.0 -1002.0 -1017.0 -1034.0 -1051.0 -1066.0 -1078.0 
-1089.0 -1104.0 -1112.0 -1124.0 -1139.0 -1144.0 -1154.0 
-1163.0 -1166.0 -1172.0 -1177.0 -1173.0 -1167.0 -1170.0 
-1156.0 -1143.0 -1141.0 -1120.0 -1109.0 -1097.0 -1067.0 
-1056.0 -1042.0 -1020.0 -1014.0 -988.0 -953.0 -941.0 
-924.0 -911.0 -906.0 -879.0 -855.0 -840.0 -822.0 
-805.0 -789.0 -776.0 -755.0 -733.0 -720.0 -707.0 
-686.0 -668.0 -655.0 -642.0 -621.0 -596.0 -586.0 
-577.0 -564.0 -560.0 -547.0 -535.0 -532.0 -517.0 
-499.0 -489.0 -484.0 -482.0 -484.0 -485.0 -478.0 
-474.0 -470.0 -469.0 -483.0 -485.0 -482.0 -491.0 
-495.0 -502.0 -511.0 -525.0 -543.0 -553.0 -566.0 
-579.0 -591.0 -603.0 -619.0 -644.0 -660.0 -675.0 
-688.0 -706.0 -725.0 -736.0 -765.0 -793.0 -805.0 
-830.0 -851.0 -865.0 -891.0 -910.0 -924.0 -949.0 
-974.0 -998.0 -1021.0 -1036.0 -1056.0 -1083.0 -1096.0 
-1115.0 -1140.0 -1150.0 -1173.0 -1201.0 -1212.0 -1220.0 
-1217.0 -1221.0 -1232.0 -1242.0 -1249.0 -1241.0 -1242.0 
-1244.0 -1233.0 -1219.0 -1217.0 -1218.0 -1198.0 -1189.0 
-1189.0 -1178.0 -1172.0 -1168.0 -1163.0 -1151.0 -1146.0 
-1133.0 -1119.0 -1115.0 -1092.0 -1077.0 -1070.0 -1049.0 
-1036.0 -1026.0 -1010.0 -988.0 -976.0 -959.0 -937.0 
-922.0 -903.0 -892.0 -869.0 -841.0 -829.0 -809.0 
-789.0 -770.0 -749.0 -738.0 -726.0 -714.0 -696.0 
-668.0 -659.0 -648.0 -626.0 -618.0 -610.0 -596.0 
-580.0 -564.0 -550.0 -541.0 -530.0 -519.0 -513.0 
-497.0 -486.0 -484.0 -472.0 -464.0 -464.0 -457.0 
-450.0 -445.0 -438.0 -432.0 -428.0 -425.0 -423.0 
-420.0 -418.0 -418.0 -419.0 -417.0 -423.0 -435.0 
-440.0 -449.0 -458.0 -462.0 -471.0 -481.0 -493.0 
-504.0 -517.0 -534.0 -547.0 -564.0 -584.0 -601.0 
-618.0 -638.0 -666.0 -687.0 -706.0 -735.0 -760.0 
-784.0 -813.0 -837.0 -860.0 -886.0 -912.0 -936.0 
-966.0 -993.0 -1014.0 -1042.0 -1061.0 -1079.0 -1103.0 
-1118.0 -1136.0 -1155.0 -1168.0 -1186.0 -1195.0 -1199.0 
-1212.0 -1217.0 -1217.0 -1222.0 -1224.0 -1226.0 -1227.0 
-1226.0 -1226.0 -1229.0 -1230.0 -1225.0 -1227.0 -1233.0 
-1225.0 -1224.0 -1221.0 -1217.0 -1218.0 -1211.0 -1208.0 
-1206.0 -1202.0 -1197.0 -1188.0 -1188.0 -1181.0 -1173.0 
-1170.0 -1157.0 -1146.0 -1139.0 -1127.0 -1117.0 -1108.0 
-1101.0 -1091.0 -1068.0 -1047.0 -1031.0 -1015.0 -1001.0 
-978.0 -959.0 -946.0 -920.0 -897.0 -883.0 -871.0 
-850.0 -823.0 -807.0 -790.0 -770.0 -759.0 -744.0 
-726.0 -711.0 -694.0 -673.0 -658.0 -642.0 -627.0 
-612.0 -593.0 -581.0 -565.0 -544.0 -530.0 -520.0 
-511.0 -500.0 -489.0 -487.0 -487.0 -480.0 -475.0 
-477.0 -477.0 -478.0 -486.0 -490.0 -494.0 -501.0 
-506.0 -515.0 -527.0 -532.0 -538.0 -543.0 -549.0 
-558.0 -566.0 -575.0 -587.0 -595.0 -602.0 -611.0 
-625.0 -635.0 -645.0 -659.0 -674.0 -691.0 -702.0 
-713.0 -728.0 -738.0 -749.0 -767.0 -785.0 -800.0 
-817.0 -832.0 -845.0 -860.0 -872.0 -883.0 -889.0 
-898.0 -908.0 -912.0 -913.0 -916.0 -921.0 -922.0 
-924.0 -928.0 -929.0 -930.0 -936.0 -935.0 -934.0 
-932.0 -926.0 -927.0 -923.0 -917.0 -918.0 -910.0 
-907.0 -907.0 -902.0 -899.0 -896.0 -897.0 -901.0 
-900.0 -898.0 -897.0 -899.0 -900.0 -905.0 -913.0 
-917.0 -927.0 -939.0 -949.0 -956.0 -961.0 -971.0 
-980.0 -987.0 -999.0 -1005.0 -1015.0 -1021.0 -1030.0 
-1054.0 -1065.0 -1076.0 -1083.0 -1085.0 -1095.0 -1103.0 
-1108.0 -1112.0 -1111.0 -1105.0 -1098.0 -1088.0 -1082.0 
-1080.0 -1072.0 -1068.0 -1073.0 -1069.0 -1060.0 -1047.0 
-1034.0 -1030.0 -1024.0 -1020.0 -1015.0 -999.0 -987.0 
-976.0 -961.0 -945.0 -931.0 -915.0 -897.0 -877.0 
-856.0 -836.0 -810.0 -787.0 -769.0 -742.0 -724.0 
-706.0 -675.0 -657.0 -638.0 -618.0 -601.0 -579.0 
-576.0 -572.0 -547.0 -531.0 -526.0 -515.0 -502.0 
-499.0 -497.0 -484.0 -480.0 -472.0 -463.0 -480.0 
-476.0 -465.0 -462.0 -461.0 -474.0 -478.0 -480.0 
-495.0 -508.0 -521.0 -533.0 -550.0 -571.0 -586.0 
-607.0 -619.0 -634.0 -669.0 -689.0 -704.0 -736.0 
-764.0 -784.0 -806.0 -821.0 -843.0 -868.0 -880.0 
-900.0 -918.0 -934.0 -951.0 -959.0 -980.0 -994.0 
-1001.0 -1015.0 -1015.0 -1023.0 -1032.0 -1021.0 -1019.0 
-1021.0 -1008.0 -1002.0 -1006.0 -997.0 -993.0 -992.0 
-980.0 -980.0 -984.0 -975.0 -970.0 -973.0 -973.0 
-974.0 -976.0 -973.0 -977.0 -990.0 -980.0 -968.0 
-977.0 -974.0 -960.0 -955.0 -953.0 -948.0 -942.0 
-934.0 -927.0 -923.0 -912.0 -905.0 -906.0 -904.0 
-904.0 -902.0 -894.0 -888.0 -882.0 -881.0 -883.0 
-876.0 -874.0 -876.0 -873.0 -874.0 -876.0 -876.0 
-877.0 -876.0 -878.0 -880.0 -880.0 -882.0 -881.0 
-880.0 -880.0 -879.0 -877.0 -872.0 -867.0 -865.0 
-860.0 -853.0 -851.0 -848.0 -842.0 -839.0 -832.0 
-824.0 -822.0 -816.0 -809.0 -809.0 -808.0 -806.0 
-805.0 -804.0 -803.0 -802.0 -803.0 -806.0 -808.0 
-812.0 -815.0 -820.0 -823.0 -828.0 -833.0 -838.0 
-840.0 -839.0 -843.0 -848.0 -849.0 -851.0 -851.0 
-851.0 -849.0 -845.0 -843.0 -839.0 -836.0 -832.0 
-826.0 -823.0 -823.0 -821.0 -816.0 -808.0 -803.0 
-797.0 -788.0 -781.0 -772.0 -766.0 -763.0 -754.0 
-747.0 -741.0 -734.0 -729.0 -728.0 -725.0 -716.0 
-712.0 -710.0 -705.0 -706.0 -708.0 -708.0 -712.0 
-713.0 -715.0 -722.0 -728.0 -736.0 -743.0 -750.0 
-759.0 -766.0 -772.0 -782.0 -791.0 -805.0 -823.0 
-838.0 -852.0 -863.0 -877.0 -894.0 -899.0 -908.0 
-923.0 -923.0 -937.0 -949.0 -950.0 -960.0 -959.0 
-965.0 -970.0 -966.0 -968.0 -966.0 -969.0 -966.0 
-960.0 -963.0 -954.0 -946.0 -948.0 -946.0 -940.0 
-934.0 -932.0 -920.0 -894.0 -868.0 -881.0 -897.0 
-874.0 -854.0 -826.0 -829.0 -860.0 -838.0 -804.0 
-805.0 -800.0 -781.0 -774.0 -766.0 -759.0 -744.0 
-718.0 -721.0 -733.0 -721.0 -729.0 -744.0 -740.0 
-759.0 -777.0 -781.0 -784.0 -788.0 -816.0 -840.0 
-833.0 -843.0 -859.0 -862.0 -884.0 -895.0 -903.0 
-912.0 -913.0 -921.0 -913.0 -921.0 -929.0 -935.0 
-959.0 -952.0 -953.0 -959.0 -952.0 -946.0 -940.0 
-954.0 -957.0 -952.0 -953.0 -955.0 -958.0 -957.0 
-958.0 -956.0 -955.0 -943.0 -942.0 -933.0 -911.0 
-939.0 -947.0 -913.0 -913.0 -926.0 -898.0 -888.0 
-906.0 -899.0 -903.0 -877.0 -860.0 -881.0 -856.0 
-862.0 -867.0 -855.0 -846.0 -788.0 -785.0 -793.0 
-777.0 -798.0 -762.0 -731.0 -736.0 -710.0 -713.0 
-718.0 -701.0 -689.0 -672.0 -665.0 -662.0 -663.0 
-636.0 -602.0 -620.0 -615.0 -601.0 -588.0 -579.0 
-586.0 -586.0 -574.0 -551.0 -580.0 -608.0 -591.0 
-589.0 -603.0 -584.0 -567.0 -593.0 -598.0 -608.0 
-633.0 -635.0 -633.0 -639.0 -659.0 -676.0 -703.0 
-726.0 -730.0 -754.0 -775.0 -790.0 -797.0 -801.0 
-817.0 -824.0 -838.0 -854.0 -864.0 -882.0 -893.0 
-907.0 -911.0 -916.0 -953.0 -980.0 -989.0 -1002.0 
-1012.0 -1019.0 -1047.0 -1065.0 -1072.0 -1094.0 -1081.0 
-1103.0 -1146.0 -1127.0 -1124.0 -1154.0 -1186.0 -1193.0 
-1160.0 -1137.0 -1146.0 -1157.0 -1154.0 -1141.0 -1113.0 
-1112.0 -1133.0 -1110.0 -1103.0 -1098.0 -1088.0 -1108.0 
-1090.0 -1082.0 -1069.0 -1037.0 -1038.0 -1019.0 -1007.0 
-1018.0 -1002.0 -977.0 -957.0 -923.0 -918.0 -906.0 
-904.0 -918.0 -841.0 -825.0 -846.0 -786.0 -769.0 
-763.0 -740.0 -740.0 -724.0 -704.0 -694.0 -681.0 
-678.0 -672.0 -659.0 -649.0 -633.0 -618.0 -597.0 
-593.0 -605.0 -596.0 -588.0 -575.0 -567.0 -557.0 
-539.0 -541.0 -521.0 -505.0 -513.0 -518.0 -521.0 
-495.0 -498.0 -505.0 -485.0 -499.0 -522.0 -529.0 
-527.0 -524.0 -548.0 -566.0 -562.0 -585.0 -600.0 
-590.0 -603.0 -625.0 -640.0 -654.0 -661.0 -670.0 
-690.0 -702.0 -711.0 -742.0 -771.0 -789.0 -810.0 
-819.0 -810.0 -814.0 -844.0 -849.0 -827.0 -858.0 
-902.0 -909.0 -901.0 -900.0 -945.0 -971.0 -981.0 
-1014.0 -1020.0 -1035.0 -1039.0 -1042.0 -1086.0 -1089.0 
-1077.0 -1102.0 -1119.0 -1118.0 -1131.0 -1155.0 -1169.0 
-1194.0 -1208.0 -1208.0 -1225.0 -1240.0 -1248.0 -1246.0 
-1251.0 -1264.0 -1268.0 -1261.0 -1252.0 -1273.0 -1283.0 
-1254.0 -1234.0 -1219.0 -1196.0 -1188.0 -1175.0 -1155.0 
-1145.0 -1129.0 -1105.0 -1080.0 -1059.0 -1038.0 -1008.0 
-973.0 -948.0 -930.0 -904.0 -874.0 -856.0 -837.0 
-807.0 -784.0 -762.0 -738.0 -712.0 -689.0 -664.0 
-643.0 -630.0 -608.0 -592.0 -575.0 -557.0 -545.0 
-527.0 -514.0 -502.0 -490.0 -478.0 -469.0 -464.0 
-453.0 -444.0 -438.0 -431.0 -427.0 -420.0 -412.0 
-412.0 -413.0 -406.0 -395.0 -388.0 -387.0 -380.0 
-380.0 -386.0 -384.0 -381.0 -376.0 -387.0 -402.0 
-404.0 -420.0 -443.0 -453.0 -465.0 -482.0 -500.0 
-527.0 -551.0 -570.0 -597.0 -625.0 -654.0 -685.0 
-711.0 -744.0 -778.0 -809.0 -848.0 -884.0 -917.0 
-949.0 -982.0 -1023.0 -1053.0 -1082.0 -1116.0 -1147.0 
-1179.0 -1205.0 -1229.0 -1253.0 -1268.0 -1293.0 -1313.0 
-1322.0 -1334.0 -1341.0 -1349.0 -1357.0 -1362.0 -1361.0 
-1362.0 -1364.0 -1357.0 -1357.0 -1356.0 -1348.0 -1344.0 
-1335.0 -1327.0 -1320.0 -1311.0 -1304.0 -1295.0 -1286.0 
-1280.0 -1270.0 -1255.0 -1243.0 -1231.0 -1219.0 -1209.0 
-1193.0 -1176.0 -1160.0 -1137.0 -1120.0 -1098.0 -1077.0 
-1060.0 -1034.0 -1010.0 -989.0 -962.0 -934.0 -909.0 
-878.0 -850.0 -826.0 -799.0 -776.0 -750.0 -719.0 
-694.0 -670.0 -645.0 -617.0 -589.0 -564.0 -538.0 
-517.0 -502.0 -485.0 -464.0 -446.0 -428.0 -414.0 
-399.0 -379.0 -364.0 -349.0 -339.0 -331.0 -315.0 
-307.0 -299.0 -292.0 -287.0 -278.0 -283.0 -285.0 
-283.0 -287.0 -295.0 -309.0 -321.0 -340.0 -353.0 
-364.0 -385.0 -402.0 -424.0 -449.0 -458.0 -466.0 
-488.0 -517.0 -540.0 -559.0 -583.0 -608.0 -628.0 
-644.0 -671.0 -694.0 -699.0 -716.0 -742.0 -767.0 
-790.0 -805.0 -827.0 -847.0 -860.0 -866.0 -883.0 
-912.0 -936.0 -969.0 -997.0 -1020.0 -1045.0 -1060.0 
-1080.0 -1105.0 -1123.0 -1146.0 -1173.0 -1196.0 -1214.0 
-1223.0 -1231.0 -1247.0 -1255.0 -1263.0 -1270.0 -1264.0 
-1276.0 -1284.0 -1271.0 -1280.0 -1293.0 -1279.0 -1275.0 
-1285.0 -1274.0 -1268.0 -1275.0 -1270.0 -1268.0 -1267.0 
-1269.0 -1264.0 -1238.0 -1239.0 -1236.0 -1212.0 -1206.0 
-1210.0 -1205.0 -1186.0 -1164.0 -1158.0 -1159.0 -1151.0 
-1141.0 -1120.0 -1079.0 -1069.0 -1074.0 -1037.0 -1016.0 
-1007.0 -978.0 -963.0 -946.0 -920.0 -902.0 -877.0 
-844.0 -831.0 -811.0 -784.0 -762.0 -729.0 -708.0 
-679.0 -654.0 -647.0 -621.0 -591.0 -578.0 -567.0 
-545.0 -527.0 -506.0 -487.0 -478.0 -463.0 -450.0 
-442.0 -437.0 -419.0 -400.0 -400.0 -390.0 -377.0 
-375.0 -370.0 -361.0 -358.0 -360.0 -363.0 -366.0 
-368.0 -367.0 -368.0 -378.0 -390.0 -400.0 -407.0 
-421.0 -440.0 -451.0 -463.0 -480.0 -494.0 -512.0 
-530.0 -546.0 -565.0 -591.0 -617.0 -638.0 -662.0 
-686.0 -709.0 -739.0 -763.0 -789.0 -816.0 -843.0 
-875.0 -906.0 -934.0 -962.0 -988.0 -1019.0 -1049.0 
-1075.0 -1109.0 -1140.0 -1165.0 -1190.0 -1213.0 -1232.0 
-1246.0 -1266.0 -1283.0 -1298.0 -1315.0 -1329.0 -1345.0 
-1355.0 -1365.0 -1378.0 -1386.0 -1391.0 -1400.0 -1405.0 
-1407.0 -1409.0 -1404.0 -1397.0 -1391.0 -1383.0 -1369.0 
-1355.0 -1342.0 -1320.0 -1299.0 -1280.0 -1253.0 -1228.0 
-1200.0 -1171.0 -1144.0 -1109.0 -1077.0 -1044.0 -1011.0 
-978.0 -946.0 -920.0 -895.0 -869.0 -842.0 -819.0 
-798.0 -773.0 -755.0 -731.0 -703.0 -685.0 -664.0 
-638.0 -617.0 -597.0 -576.0 -556.0 -536.0 -518.0 
-501.0 -481.0 -462.0 -445.0 -424.0 -410.0 -398.0 
-384.0 -373.0 -367.0 -366.0 -359.0 -351.0 -353.0 
-352.0 -352.0 -355.0 -361.0 -370.0 -379.0 -394.0 
-409.0 -426.0 -447.0 -464.0 -481.0 -505.0 -529.0 
-556.0 -578.0 -603.0 -630.0 -654.0 -684.0 -713.0 
-739.0 -762.0 -784.0 -806.0 -827.0 -847.0 -870.0 
-889.0 -904.0 -922.0 -938.0 -958.0 -974.0 -983.0 
-995.0 -1008.0 -1019.0 -1030.0 -1041.0 -1049.0 -1056.0 
-1065.0 -1074.0 -1079.0 -1079.0 -1082.0 -1085.0 -1085.0 
-1088.0 -1091.0 -1093.0 -1099.0 -1102.0 -1105.0 -1113.0 
-1115.0 -1120.0 -1129.0 -1136.0 -1146.0 -1153.0 -1164.0 
-1174.0 -1180.0 -1187.0 -1195.0 -1200.0 -1200.0 -1203.0 
-1203.0 -1199.0 -1200.0 -1199.0 -1194.0 -1190.0 -1187.0 
-1176.0 -1164.0 -1153.0 -1137.0 -1123.0 -1108.0 -1087.0 
-1068.0 -1043.0 -1018.0 -995.0 -965.0 -938.0 -913.0 
-881.0 -854.0 -827.0 -796.0 -769.0 -743.0 -719.0 
-697.0 -673.0 -653.0 -633.0 -610.0 -589.0 -568.0 
-550.0 -533.0 -513.0 -497.0 -480.0 -464.0 -450.0 
-435.0 -421.0 -406.0 -394.0 -386.0 -377.0 -368.0 
-360.0 -355.0 -351.0 -350.0 -350.0 -348.0 -360.0 
-368.0 -374.0 -390.0 -401.0 -414.0 -428.0 -445.0 
-463.0 -485.0 -503.0 -523.0 -548.0 -563.0 -588.0 
-615.0 -635.0 -664.0 -692.0 -716.0 -743.0 -767.0 
-793.0 -819.0 -843.0 -867.0 -891.0 -914.0 -934.0 
-956.0 -979.0 -1000.0 -1017.0 -1031.0 -1047.0 -1061.0 
-1074.0 -1090.0 -1104.0 -1118.0 -1127.0 -1135.0 -1149.0 
-1164.0 -1174.0 -1187.0 -1201.0 -1212.0 -1229.0 -1237.0 
-1242.0 -1249.0 -1251.0 -1262.0 -1269.0 -1260.0 -1261.0 
-1261.0 -1255.0 -1255.0 -1250.0 -1245.0 -1238.0 -1229.0 
-1220.0 -1213.0 -1211.0 -1207.0 -1193.0 -1175.0 -1164.0 
-1145.0 -1130.0 -1113.0 -1093.0 -1088.0 -1069.0 -1044.0 
-1033.0 -1019.0 -1004.0 -990.0 -968.0 -948.0 -928.0 
-901.0 -884.0 -858.0 -829.0 -816.0 -800.0 -771.0 
-751.0 -734.0 -708.0 -691.0 -672.0 -652.0 -631.0 
-608.0 -590.0 -574.0 -558.0 -539.0 -522.0 -508.0 
-487.0 -473.0 -464.0 -442.0 -435.0 -439.0 -426.0 
-421.0 -405.0 -390.0 -400.0 -396.0 -393.0 -402.0 
-403.0 -409.0 -412.0 -407.0 -419.0 -440.0 -453.0 
-461.0 -468.0 -479.0 -491.0 -508.0 -531.0 -552.0 
-570.0 -585.0 -603.0 -620.0 -636.0 -646.0 -657.0 
-686.0 -708.0 -718.0 -736.0 -761.0 -783.0 -802.0 
-830.0 -861.0 -888.0 -909.0 -938.0 -968.0 -987.0 
-997.0 -1011.0 -1047.0 -1065.0 -1080.0 -1118.0 -1143.0 
-1148.0 -1153.0 -1168.0 -1177.0 -1192.0 -1206.0 -1206.0 
-1223.0 -1226.0 -1220.0 -1227.0 -1230.0 -1240.0 -1243.0 
-1238.0 -1239.0 -1237.0 -1246.0 -1242.0 -1226.0 -1226.0 
-1226.0 -1231.0 -1227.0 -1213.0 -1217.0 -1218.0 -1216.0 
-1220.0 -1217.0 -1209.0 -1205.0 -1204.0 -1197.0 -1181.0 
-1166.0 -1160.0 -1162.0 -1151.0 -1137.0 -1137.0 -1111.0 
-1081.0 -1083.0 -1070.0 -1041.0 -1024.0 -999.0 -959.0 
-941.0 -912.0 -869.0 -856.0 -830.0 -789.0 -755.0 
-724.0 -690.0 -662.0 -632.0 -603.0 -585.0 -548.0 
-519.0 -501.0 -473.0 -457.0 -439.0 -415.0 -393.0 
-374.0 -360.0 -349.0 -335.0 -313.0 -296.0 -283.0 
-270.0 -260.0 -257.0 -252.0 -243.0 -239.0 -233.0 
-242.0 -251.0 -253.0 -266.0 -267.0 -287.0 -329.0 
-346.0 -372.0 -396.0 -413.0 -439.0 -464.0 -508.0 
-534.0 -549.0 -589.0 -627.0 -677.0 -716.0 -745.0 
-797.0 -837.0 -868.0 -891.0 -907.0 -947.0 -983.0 
-1005.0 -1033.0 -1072.0 -1104.0 -1139.0 -1178.0 -1194.0 
-1234.0 -1253.0 -1265.0 -1322.0 -1323.0 -1330.0 -1377.0 
-1392.0 -1416.0 -1447.0 -1461.0 -1483.0 -1491.0 -1494.0 
-1519.0 -1524.0 -1526.0 -1532.0 -1533.0 -1530.0 -1523.0 
-1526.0 -1507.0 -1495.0 -1489.0 -1461.0 -1453.0 -1447.0 
-1423.0 -1395.0 -1379.0 -1353.0 -1319.0 -1303.0 -1272.0 
-1224.0 -1189.0 -1158.0 -1121.0 -1085.0 -1028.0 -981.0 
-956.0 -918.0 -877.0 -840.0 -798.0 -757.0 -722.0 
-678.0 -639.0 -606.0 -560.0 -529.0 -493.0 -451.0 
-428.0 -396.0 -369.0 -340.0 -309.0 -290.0 -257.0 
-238.0 -226.0 -203.0 -197.0 -188.0 -171.0 -167.0 
-162.0 -158.0 -161.0 -156.0 -158.0 -167.0 -168.0 
-176.0 -187.0 -197.0 -216.0 -231.0 -239.0 -263.0 
-290.0 -312.0 -332.0 -357.0 -390.0 -419.0 -449.0 
-483.0 -513.0 -551.0 -590.0 -623.0 -663.0 -701.0 
-733.0 -769.0 -801.0 -835.0 -872.0 -900.0 -931.0 
-961.0 -988.0 -1019.0 -1045.0 -1064.0 -1083.0 -1101.0 
-1120.0 -1141.0 -1155.0 -1166.0 -1180.0 -1189.0 -1198.0 
-1208.0 -1216.0 -1224.0 -1231.0 -1240.0 -1250.0 -1253.0 
-1261.0 -1269.0 -1273.0 -1285.0 -1293.0 -1294.0 -1301.0 
-1305.0 -1308.0 -1308.0 -1303.0 -1304.0 -1300.0 -1292.0 
-1285.0 -1273.0 -1258.0 -1245.0 -1229.0 -1214.0 -1200.0 
-1182.0 -1162.0 -1143.0 -1125.0 -1109.0 -1094.0 -1077.0 
-1061.0 -1044.0 -1027.0 -1010.0 -993.0 -978.0 -959.0 
-940.0 -920.0 -897.0 -874.0 -852.0 -827.0 -799.0 
-776.0 -756.0 -727.0 -702.0 -688.0 -661.0 -636.0 
-622.0 -599.0 -577.0 -561.0 -544.0 -533.0 -520.0 
-507.0 -498.0 -491.0 -484.0 -476.0 -468.0 -463.0 
-463.0 -459.0 -454.0 -454.0 -453.0 -451.0 -451.0 
-451.0 -454.0 -457.0 -458.0 -464.0 -468.0 -470.0 
-475.0 -481.0 -491.0 -502.0 -511.0 -523.0 -533.0 
-547.0 -562.0 -576.0 -592.0 -608.0 -624.0 -643.0 
-661.0 -680.0 -701.0 -726.0 -748.0 -767.0 -795.0 
-822.0 -845.0 -874.0 -897.0 -920.0 -944.0 -962.0 
-989.0 -1012.0 -1032.0 -1054.0 -1072.0 -1093.0 -1112.0 
-1125.0 -1140.0 -1153.0 -1161.0 -1169.0 -1175.0 -1180.0 
-1183.0 -1181.0 -1182.0 -1182.0 -1177.0 -1179.0 -1175.0 
-1167.0 -1165.0 -1158.0 -1153.0 -1149.0 -1139.0 -1130.0 
-1121.0 -1111.0 -1099.0 -1084.0 -1070.0 -1054.0 -1038.0 
-1022.0 -1007.0 -991.0 -973.0 -955.0 -937.0 -919.0 
-905.0 -889.0 -875.0 -864.0 -852.0 -842.0 -834.0 
-822.0 -816.0 -812.0 -801.0 -791.0 -786.0 -779.0 
-772.0 -763.0 -753.0 -744.0 -735.0 -729.0 -722.0 
-713.0 -701.0 -691.0 -685.0 -676.0 -664.0 -661.0 
-654.0 -645.0 -641.0 -635.0 -632.0 -630.0 -625.0 
-624.0 -621.0 -620.0 -619.0 -615.0 -612.0 -611.0 
-610.0 -608.0 -608.0 -611.0 -613.0 -619.0 -625.0 
-631.0 -641.0 -648.0 -659.0 -674.0 -688.0 -702.0 
-719.0 -739.0 -763.0 -782.0 -800.0 -823.0 -848.0 
-870.0 -894.0 -919.0 -941.0 -961.0 -981.0 -1002.0 
-1016.0 -1029.0 -1043.0 -1052.0 -1062.0 -1072.0 -1077.0 
-1083.0 -1088.0 -1089.0 -1093.0 -1094.0 -1094.0 -1096.0 
-1095.0 -1095.0 -1097.0 -1095.0 -1095.0 -1094.0 -1089.0 
-1085.0 -1079.0 -1068.0 -1060.0 -1047.0 -1031.0 -1018.0 
-1000.0 -981.0 -965.0 -945.0 -924.0 -904.0 -882.0 
-862.0 -840.0 -819.0 -796.0 -773.0 -751.0 -727.0 
-711.0 -693.0 -673.0 -655.0 -636.0 -620.0 -603.0 
-586.0 -574.0 -560.0 -550.0 -541.0 -534.0 -531.0 
-528.0 -525.0 -527.0 -529.0 -534.0 -539.0 -545.0 
-555.0 -560.0 -569.0 -582.0 -586.0 -595.0 -607.0 
-615.0 -628.0 -638.0 -644.0 -659.0 -671.0 -681.0 
-693.0 -702.0 -711.0 -722.0 -730.0 -742.0 -756.0 
-762.0 -772.0 -778.0 -781.0 -791.0 -796.0 -800.0 
-804.0 -809.0 -815.0 -816.0 -816.0 -817.0 -820.0 
-822.0 -822.0 -823.0 -824.0 -826.0 -827.0 -829.0 
-829.0 -831.0 -836.0 -838.0 -842.0 -850.0 -859.0 
-868.0 -875.0 -883.0 -895.0 -907.0 -921.0 -933.0 
-946.0 -962.0 -975.0 -988.0 -1004.0 -1019.0 -1033.0 
-1047.0 -1058.0 -1070.0 -1084.0 -1095.0 -1102.0 -1106.0 
-1113.0 -1120.0 -1124.0 -1126.0 -1121.0 -1121.0 -1120.0 
-1111.0 -1115.0 -1114.0 -1109.0 -1108.0 -1112.0 -1117.0 
-1078.0 -1063.0 -1058.0 -1015.0 -1012.0 -1011.0 -991.0 
-971.0 -946.0 -932.0 -929.0 -905.0 -867.0 -876.0 
-891.0 -847.0 -819.0 -832.0 -801.0 -783.0 -796.0 
-774.0 -755.0 -761.0 -733.0 -704.0 -718.0 -704.0 
-686.0 -686.0 -680.0 -666.0 -645.0 -650.0 -641.0 
-632.0 -634.0 -629.0 -638.0 -625.0 -637.0 -639.0 
-618.0 -634.0 -638.0 -639.0 -637.0 -634.0 -640.0 
-645.0 -658.0 -646.0 -629.0 -617.0 -612.0 -641.0 
-651.0 -640.0 -625.0 -614.0 -649.0 -653.0 -644.0 
-654.0 -639.0 -650.0 -659.0 -643.0 -650.0 -668.0 
-675.0 -692.0 -709.0 -713.0 -726.0 -730.0 -740.0 
-755.0 -773.0 -795.0 -804.0 -824.0 -833.0 -845.0 
-872.0 -880.0 -878.0 -884.0 -901.0 -911.0 -918.0 
-933.0 -944.0 -953.0 -967.0 -977.0 -987.0 -994.0 
-1008.0 -1025.0 -1029.0 -1041.0 -1050.0 -1058.0 -1065.0 
-1062.0 -1079.0 -1079.0 -1078.0 -1099.0 -1093.0 -1091.0 
-1109.0 -1117.0 -1117.0 -1124.0 -1118.0 -1106.0 -1116.0 
-1108.0 -1103.0 -1104.0 -1088.0 -1087.0 -1072.0 -1063.0 
-1068.0 -1051.0 -1039.0 -1021.0 -1000.0 -1001.0 -994.0 
-982.0 -970.0 -960.0 -952.0 -939.0 -937.0 -925.0 
-911.0 -907.0 -897.0 -890.0 -883.0 -879.0 -869.0 
-850.0 -845.0 -833.0 -825.0 -820.0 -808.0 -808.0 
-800.0 -791.0 -790.0 -787.0 -786.0 -779.0 -777.0 
-779.0 -771.0 -767.0 -772.0 -774.0 -769.0 -765.0 
-763.0 -759.0 -758.0 -759.0 -754.0 -748.0 -746.0 
-749.0 -751.0 -750.0 -746.0 -744.0 -745.0 -731.0 
-732.0 -732.0 -709.0 -708.0 -697.0 -681.0 -677.0 
-661.0 -654.0 -647.0 -631.0 -616.0 -611.0 -599.0 
-586.0 -574.0 -553.0 -554.0 -548.0 -536.0 -540.0 
-532.0 -535.0 -534.0 -520.0 -531.0 -544.0 -530.0 
-525.0 -533.0 -532.0 -537.0 -547.0 -551.0 -550.0 
-576.0 -577.0 -564.0 -583.0 -583.0 -602.0 -610.0 
-622.0 -631.0 -624.0 -658.0 -658.0 -677.0 -691.0 
-657.0 -693.0 -695.0 -681.0 -741.0 -731.0 -719.0 
-755.0 -734.0 -740.0 -773.0 -759.0 -782.0 -809.0 
-794.0 -824.0 -843.0 -834.0 -860.0 -859.0 -875.0 
-902.0 -897.0 -933.0 -947.0 -957.0 -1014.0 -1024.0 
-1022.0 -1059.0 -1071.0 -1070.0 -1108.0 -1123.0 -1136.0 
-1166.0 -1149.0 -1173.0 -1206.0 -1181.0 -1186.0 -1213.0 
-1216.0 -1201.0 -1208.0 -1222.0 -1207.0 -1211.0 -1219.0 
-1195.0 -1192.0 -1187.0 -1169.0 -1167.0 -1158.0 -1152.0 
-1129.0 -1108.0 -1097.0 -1061.0 -1063.0 -1063.0 -1017.0 
-1014.0 -1009.0 -963.0 -961.0 -943.0 -927.0 -930.0 
-874.0 -868.0 -859.0 -790.0 -789.0 -806.0 -760.0 
-703.0 -676.0 -664.0 -658.0 -617.0 -574.0 -577.0 
-545.0 -509.0 -491.0 -457.0 -470.0 -465.0 -425.0 
-417.0 -406.0 -387.0 -365.0 -370.0 -373.0 -351.0 
-356.0 -344.0 -340.0 -358.0 -352.0 -366.0 -382.0 
-374.0 -386.0 -409.0 -418.0 -445.0 -476.0 -493.0 
-524.0 -551.0 -585.0 -616.0 -634.0 -681.0 -713.0 
-722.0 -757.0 -795.0 -808.0 -822.0 -865.0 -893.0 
-896.0 -914.0 -935.0 -949.0 -963.0 -972.0 -968.0 
-961.0 -969.0 -987.0 -994.0 -990.0 -1010.0 -1001.0 
-969.0 -991.0 -992.0 -998.0 -1015.0 -1010.0 -1037.0 
-1045.0 -1044.0 -1056.0 -1069.0 -1073.0 -1035.0 -1029.0 
-1062.0 -1060.0 -1055.0 -1071.0 -1066.0 -1067.0 -1078.0 
-1077.0 -1077.0 -1067.0 -1055.0 -1062.0 -1068.0 -1074.0 
-1076.0 -1078.0 -1077.0 -1063.0 -1066.0 -1077.0 -1063.0 
-1072.0 -1093.0 -1080.0 -1079.0 -1081.0 -1065.0 -1056.0 
-1056.0 -1063.0 -1058.0 -1052.0 -1036.0 -1018.0 -1001.0 
-984.0 -985.0 -969.0 -946.0 -919.0 -907.0 -897.0 
-846.0 -830.0 -821.0 -783.0 -749.0 -719.0 -704.0 
-670.0 -645.0 -632.0 -590.0 -576.0 -575.0 -556.0 
-541.0 -521.0 -504.0 -494.0 -476.0 -465.0 -475.0 
-454.0 -422.0 -443.0 -455.0 -438.0 -430.0 -440.0 
-450.0 -436.0 -439.0 -457.0 -478.0 -513.0 -524.0 
-539.0 -572.0 -592.0 -614.0 -643.0 -677.0 -714.0 
-738.0 -757.0 -784.0 -818.0 -845.0 -853.0 -880.0 
-921.0 -924.0 -924.0 -942.0 -947.0 -968.0 -997.0 
-990.0 -990.0 -995.0 -985.0 -994.0 -993.0 -974.0 
-978.0 -978.0 -965.0 -954.0 -940.0 -929.0 -928.0 
-936.0 -929.0 -909.0 -891.0 -881.0 -853.0 -850.0 
-874.0 -853.0 -851.0 -856.0 -846.0 -847.0 -849.0 
-859.0 -852.0 -831.0 -799.0 -774.0 -769.0 -752.0 
-759.0 -766.0 -750.0 -754.0 -749.0 -737.0 -723.0 
-694.0 -679.0 -659.0 -630.0 -622.0 -615.0 -597.0 
-583.0 -580.0 -603.0 -611.0 -601.0 -599.0 -583.0 
-580.0 -590.0 -588.0 -587.0 -597.0 -591.0 -581.0 
-592.0 -603.0 -630.0 -643.0 -642.0 -654.0 -670.0 
-695.0 -730.0 -764.0 -781.0 -800.0 -810.0 -826.0 
-855.0 -856.0 -865.0 -905.0 -944.0 -945.0 -956.0 
-990.0 -999.0 -1016.0 -1036.0 -1057.0 -1082.0 -1077.0 
-1074.0 -1085.0 -1093.0 -1107.0 -1113.0 -1118.0 -1138.0 
-1141.0 -1145.0 -1162.0 -1150.0 -1130.0 -1140.0 -1152.0 
-1146.0 -1146.0 -1148.0 -1152.0 -1145.0 -1138.0 -1142.0 
-1112.0 -1080.0 -1067.0 -1039.0 -1020.0 -1005.0 -981.0 
-963.0 -934.0 -904.0 -886.0 -856.0 -821.0 -799.0 
-777.0 -749.0 -724.0 -702.0 -686.0 -669.0 -643.0 
-613.0 -584.0 -566.0 -559.0 -535.0 -518.0 -516.0 
-507.0 -512.0 -514.0 -495.0 -489.0 -496.0 -495.0 
-494.0 -507.0 -521.0 -523.0 -520.0 -517.0 -520.0 
-532.0 -544.0 -544.0 -562.0 -577.0 -595.0 -626.0 
-640.0 -685.0 -676.0 -650.0 -688.0 -709.0 -735.0 
-753.0 -758.0 -758.0 -773.0 -797.0 -787.0 -790.0 
-823.0 -840.0 -832.0 -845.0 -861.0 -865.0 -886.0 
-895.0 -881.0 -894.0 -924.0 -929.0 -924.0 -921.0 
-949.0 -964.0 -958.0 -933.0 -943.0 -1004.0 -981.0 
-951.0 -955.0 -948.0 -959.0 -956.0 -952.0 -983.0 
-993.0 -980.0 -986.0 -971.0 -980.0 -971.0 -944.0 
-961.0 -949.0 -964.0 -977.0 -950.0 -953.0 -947.0 
-922.0 -916.0 -917.0 -911.0 -901.0 -898.0 -894.0 
-891.0 -895.0 -899.0 -897.0 -893.0 -889.0 -877.0 
-859.0 -866.0 -866.0 -845.0 -865.0 -873.0 -836.0 
-834.0 -837.0 -827.0 -819.0 -823.0 -835.0 -803.0 
-788.0 -812.0 -818.0 -812.0 -809.0 -809.0 -808.0 
-825.0 -830.0 -818.0 -819.0 -809.0 -811.0 -822.0 
-820.0 -829.0 -824.0 -822.0 -824.0 -817.0 -825.0 
-823.0 -840.0 -845.0 -840.0 -840.0 -825.0 -851.0 
-861.0 -864.0 -873.0 -854.0 -878.0 -906.0 -887.0 
-881.0 -897.0 -878.0 -881.0 -919.0 -904.0 -891.0 
-898.0 -894.0 -923.0 -943.0 -942.0 -926.0 -902.0 
-936.0 -972.0 -941.0 -927.0 -934.0 -935.0 -971.0 
-954.0 -943.0 -982.0 -967.0 -964.0 -963.0 -916.0 
-921.0 -939.0 -892.0 -896.0 -911.0 -886.0 -868.0 
-849.0 -853.0 -850.0 -846.0 -828.0 -802.0 -790.0 
-751.0 -733.0 -728.0 -719.0 -703.0 -672.0 -654.0 
-641.0 -632.0 -625.0 -619.0 -611.0 -583.0 -571.0 
-570.0 -557.0 -552.0 -535.0 -528.0 -533.0 -542.0 
-546.0 -525.0 -522.0 -521.0 -524.0 -547.0 -547.0 
-544.0 -540.0 -539.0 -542.0 -526.0 -533.0 -556.0 
-535.0 -536.0 -553.0 -543.0 -552.0 -564.0 -564.0 
-564.0 -577.0 -605.0 -606.0 -593.0 -601.0 -630.0 
-641.0 -650.0 -687.0 -707.0 -725.0 -754.0 -763.0 
-778.0 -801.0 -825.0 -863.0 -910.0 -941.0 -951.0 
-975.0 -1012.0 -1042.0 -1072.0 -1095.0 -1122.0 -1140.0 
-1172.0 -1211.0 -1202.0 -1242.0 -1287.0 -1280.0 -1328.0 
-1340.0 -1323.0 -1349.0 -1348.0 -1350.0 -1360.0 -1358.0 
-1351.0 -1350.0 -1346.0 -1338.0 -1340.0 -1328.0 -1315.0 
-1305.0 -1289.0 -1281.0 -1282.0 -1279.0 -1262.0 -1249.0 
-1241.0 -1224.0 -1196.0 -1167.0 -1146.0 -1109.0 -1084.0 
-1078.0 -1034.0 -991.0 -956.0 -922.0 -907.0 -865.0 
-830.0 -808.0 -758.0 -729.0 -709.0 -669.0 -651.0 
-619.0 -579.0 -559.0 -530.0 -511.0 -484.0 -442.0 
-415.0 -389.0 -379.0 -381.0 -361.0 -322.0 -279.0 
-276.0 -264.0 -250.0 -259.0 -210.0 -188.0 -195.0 
-183.0 -188.0 -179.0 -190.0 -202.0 -213.0 -230.0 
-235.0 -250.0 -264.0 -291.0 -306.0 -326.0 -378.0 
-406.0 -403.0 -422.0 -463.0 -487.0 -536.0 -577.0 
-596.0 -650.0 -692.0 -713.0 -745.0 -790.0 -839.0 
-870.0 -907.0 -960.0 -999.0 -1025.0 -1063.0 -1094.0 
-1108.0 -1134.0 -1155.0 -1191.0 -1234.0 -1244.0 -1275.0 
-1292.0 -1295.0 -1326.0 -1327.0 -1335.0 -1349.0 -1346.0 
-1331.0 -1308.0 -1342.0 -1354.0 -1328.0 -1338.0 -1332.0 
-1345.0 -1355.0 -1321.0 -1301.0 -1281.0 -1259.0 -1242.0 
-1212.0 -1185.0 -1171.0 -1144.0 -1128.0 -1120.0 -1086.0 
-1072.0 -1055.0 -1031.0 -1022.0 -995.0 -970.0 -944.0 
-934.0 -912.0 -858.0 -839.0 -811.0 -788.0 -804.0 
-803.0 -773.0 -734.0 -731.0 -740.0 -734.0 -729.0 
-733.0 -713.0 -696.0 -698.0 -683.0 -675.0 -665.0 
-658.0 -665.0 -680.0 -659.0 -637.0 -667.0 -665.0 
-651.0 -653.0 -653.0 -651.0 -648.0 -645.0 -628.0 
-608.0 -610.0 -611.0 -618.0 -623.0 -605.0 -612.0 
-612.0 -611.0 -614.0 -613.0 -625.0 -612.0 -624.0 
-632.0 -624.0 -637.0 -648.0 -651.0 -653.0 -674.0 
-681.0 -684.0 -707.0 -724.0 -735.0 -745.0 -742.0 
-749.0 -778.0 -802.0 -819.0 -821.0 -824.0 -843.0 
-860.0 -871.0 -890.0 -909.0 -909.0 -920.0 -940.0 
-948.0 -963.0 -974.0 -982.0 -993.0 -996.0 -1008.0 
-1012.0 -1013.0 -1021.0 -1014.0 -1012.0 -1009.0 -1004.0 
-1000.0 -994.0 -997.0 -1002.0 -991.0 -969.0 -970.0 
-965.0 -935.0 -924.0 -913.0 -891.0 -887.0 -881.0 
-868.0 -851.0 -833.0 -823.0 -815.0 -803.0 -788.0 
-779.0 -767.0 -751.0 -751.0 -746.0 -727.0 -723.0 
-729.0 -711.0 -689.0 -696.0 -686.0 -675.0 -683.0 
-675.0 -672.0 -668.0 -668.0 -660.0 -649.0 -644.0 
-639.0 -642.0 -641.0 -651.0 -651.0 -635.0 -642.0 
-671.0 -697.0 -699.0 -681.0 -680.0 -679.0 -676.0 
-717.0 -730.0 -723.0 -739.0 -732.0 -736.0 -772.0 
-792.0 -800.0 -815.0 -823.0 -838.0 -856.0 -858.0 
-879.0 -902.0 -886.0 -899.0 -938.0 -931.0 -934.0 
-927.0 -909.0 -928.0 -936.0 -950.0 -944.0 -950.0 
-972.0 -965.0 -980.0 -992.0 -985.0 -987.0 -999.0 
-998.0 -999.0 -1046.0 -1060.0 -1021.0 -1010.0 -1021.0 
-1022.0 -1001.0 -1003.0 -1025.0 -1010.0 -990.0 -989.0 
-995.0 -990.0 -974.0 -967.0 -951.0 -919.0 -911.0 
-909.0 -896.0 -890.0 -873.0 -859.0 -848.0 -851.0 
-845.0 -802.0 -795.0 -773.0 -740.0 -750.0 -728.0 
-722.0 -714.0 -673.0 -668.0 -657.0 -645.0 -648.0 
-636.0 -630.0 -630.0 -630.0 -627.0 -610.0 -596.0 
-589.0 -571.0 -564.0 -574.0 -568.0 -582.0 -603.0 
-583.0 -571.0 -577.0 -584.0 -588.0 -579.0 -587.0 
-602.0 -598.0 -599.0 -611.0 -628.0 -640.0 -640.0 
-643.0 -658.0 -666.0 -671.0 -698.0 -716.0 -722.0 
-732.0 -751.0 -777.0 -775.0 -787.0 -820.0 -815.0 
-822.0 -857.0 -868.0 -888.0 -898.0 -899.0 -924.0 
-933.0 -942.0 -957.0 -966.0 -979.0 -990.0 -1011.0 
-1032.0 -1037.0 -1047.0 -1063.0 -1065.0 -1067.0 -1073.0 
-1078.0 -1086.0 -1099.0 -1122.0 -1133.0 -1140.0 -1151.0 
-1140.0 -1144.0 -1155.0 -1150.0 -1146.0 -1143.0 -1147.0 
-1140.0 -1118.0 -1098.0 -1097.0 -1100.0 -1095.0 -1098.0 
-1078.0 -1057.0 -1070.0 -1059.0 -1034.0 -1023.0 -1009.0 
-1007.0 -998.0 -977.0 -968.0 -954.0 -944.0 -944.0 
-942.0 -921.0 -891.0 -898.0 -898.0 -886.0 -878.0 
-844.0 -841.0 -842.0 -809.0 -797.0 -791.0 -769.0 
-745.0 -726.0 -711.0 -708.0 -697.0 -675.0 -664.0 
-642.0 -618.0 -611.0 -597.0 -573.0 -570.0 -567.0 
-540.0 -536.0 -534.0 -513.0 -513.0 -509.0 -505.0 
-495.0 -490.0 -502.0 -499.0 -494.0 -495.0 -510.0 
-503.0 -487.0 -502.0 -507.0 -525.0 -530.0 -534.0 
-541.0 -514.0 -524.0 -533.0 -552.0 -562.0 -540.0 
-599.0 -622.0 -600.0 -613.0 -629.0 -653.0 -646.0 
-664.0 -674.0 -664.0 -702.0 -696.0 -697.0 -714.0 
-711.0 -759.0 -774.0 -749.0 -760.0 -766.0 -757.0 
-756.0 -763.0 -781.0 -814.0 -819.0 -818.0 -866.0 
-872.0 -853.0 -893.0 -925.0 -888.0 -897.0 -929.0 
-875.0 -927.0 -957.0 -927.0 -1009.0 -988.0 -949.0 
-981.0 -973.0 -939.0 -938.0 -1004.0 -995.0 -1017.0 
-1061.0 -1010.0 -1016.0 -1008.0 -1014.0 -1038.0 -1013.0 
-1031.0 -1058.0 -1086.0 -1082.0 -1097.0 -1146.0 -1082.0 
-1090.0 -1148.0 -1114.0 -1126.0 -1155.0 -1201.0 -1162.0 
-1117.0 -1170.0 -1113.0 -1096.0 -1151.0 -1127.0 -1097.0 
-1109.0 -1113.0 -1060.0 -1071.0 -1122.0 -1114.0 -1131.0 
-1115.0 -1067.0 -1083.0 -1035.0 -987.0 -1025.0 -994.0 
-941.0 -1003.0 -1015.0 -927.0 -918.0 -899.0 -893.0 
-900.0 -828.0 -824.0 -803.0 -718.0 -715.0 -739.0 
-740.0 -699.0 -660.0 -672.0 -636.0 -583.0 -607.0 
-623.0 -543.0 -511.0 -596.0 -609.0 -569.0 -548.0 
-487.0 -475.0 -437.0 -403.0 -449.0 -428.0 -465.0 
-485.0 -424.0 -423.0 -373.0 -346.0 -367.0 -359.0 
-385.0 -411.0 -405.0 -380.0 -357.0 -370.0 -401.0 
-416.0 -457.0 -520.0 -499.0 -476.0 -521.0 -498.0 
-462.0 -523.0 -561.0 -534.0 -599.0 -663.0 -627.0 
-656.0 -679.0 -654.0 -673.0 -707.0 -740.0 -784.0 
-824.0 -813.0 -826.0 -896.0 -889.0 -865.0 -948.0 
-974.0 -948.0 -1011.0 -991.0 -957.0 -1032.0 -1053.0 
-1048.0 -1064.0 -1082.0 -1070.0 -1052.0 -1087.0 -1092.0 
-1098.0 -1119.0 -1079.0 -1046.0 -1055.0 -1056.0 -1056.0 
-1106.0 -1135.0 -1086.0 -1090.0 -1103.0 -1059.0 -1047.0 
-1078.0 -1109.0 -1105.0 -1134.0 -1149.0 -1116.0 -1129.0 
-1145.0 -1132.0 -1164.0 -1176.0 -1157.0 -1186.0 -1186.0 
-1194.0 -1217.0 -1191.0 -1209.0 -1200.0 -1161.0 -1211.0 
-1220.0 -1196.0 -1205.0 -1187.0 -1193.0 -1198.0 -1178.0 
-1176.0 -1184.0 -1180.0 -1162.0 -1130.0 -1096.0 -1058.0 
-1047.0 -1059.0 -1022.0 -1015.0 -1018.0 -971.0 -962.0 
-939.0 -892.0 -881.0 -846.0 -815.0 -825.0 -806.0 
-749.0 -711.0 -690.0 -657.0 -658.0 -641.0 -604.0 
-606.0 -570.0 -513.0 -490.0 -511.0 -510.0 -495.0 
-534.0 -532.0 -498.0 -495.0 -495.0 -498.0 -478.0 
-477.0 -513.0 -503.0 -486.0 -489.0 -494.0 -491.0 
-474.0 -487.0 -523.0 -547.0 -527.0 -540.0 -580.0 
-552.0 -549.0 -565.0 -587.0 -618.0 -614.0 -635.0 
-627.0 -620.0 -646.0 -646.0 -686.0 -701.0 -679.0 
-713.0 -734.0 -731.0 -728.0 -741.0 -761.0 -762.0 
-783.0 -797.0 -797.0 -801.0 -817.0 -851.0 -851.0 
-855.0 -877.0 -874.0 -885.0 -892.0 -898.0 -941.0 
-946.0 -929.0 -944.0 -944.0 -927.0 -915.0 -907.0 
-916.0 -948.0 -972.0 -980.0 -977.0 -963.0 -952.0 
-948.0 -946.0 -952.0 -958.0 -964.0 -967.0 -962.0 
-968.0 -965.0 -953.0 -956.0 -955.0 -961.0 -955.0 
-940.0 -939.0 -912.0 -887.0 -890.0 -884.0 -882.0 
-881.0 -865.0 -855.0 -846.0 -836.0 -849.0 -845.0 
-825.0 -837.0 -837.0 -827.0 -830.0 -829.0 -844.0 
-855.0 -841.0 -831.0 -845.0 -848.0 -836.0 -855.0 
-866.0 -858.0 -850.0 -845.0 -860.0 -855.0 -846.0 
-846.0 -832.0 -827.0 -823.0 -811.0 -816.0 -819.0 
-813.0 -823.0 -807.0 -778.0 -793.0 -807.0 -813.0 
-821.0 -818.0 -820.0 -819.0 -831.0 -834.0 -830.0 
-855.0 -879.0 -876.0 -883.0 -902.0 -901.0 -900.0 
-908.0 -922.0 -909.0 -891.0 -927.0 -929.0 -913.0 
-926.0 -911.0 -927.0 -925.0 -892.0 -911.0 -891.0 
-904.0 -942.0 -918.0 -897.0 -870.0 -890.0 -915.0 
-874.0 -806.0 -780.0 -788.0 -776.0 -786.0 -793.0 
-759.0 -750.0 -749.0 -707.0 -689.0 -698.0 -688.0 
-650.0 -658.0 -663.0 -632.0 -674.0 -675.0 -656.0 
-705.0 -722.0 -713.0 -708.0 -700.0 -707.0 -712.0 
-721.0 -727.0 -728.0 -753.0 -773.0 -780.0 -777.0 
-779.0 -787.0 -793.0 -812.0 -811.0 -828.0 -858.0 
-848.0 -853.0 -861.0 -860.0 -884.0 -880.0 -873.0 
-880.0 -878.0 -893.0 -885.0 -892.0 -915.0 -897.0 
-885.0 -900.0 -896.0 -883.0 -889.0 -867.0 -825.0 
-822.0 -843.0 -858.0 -860.0 -856.0 -868.0 -875.0 
-857.0 -839.0 -847.0 -868.0 -870.0 -858.0 -827.0 
-821.0 -849.0 -836.0 -846.0 -854.0 -820.0 -830.0 
-836.0 -844.0 -857.0 -841.0 -839.0 -849.0 -861.0 
-884.0 -902.0 -903.0 -921.0 -949.0 -946.0 -954.0 
-954.0 -950.0 -990.0 -994.0 -990.0 -1025.0 -1046.0 
-1059.0 -1064.0 -1073.0 -1087.0 -1091.0 -1104.0 -1106.0 
-1119.0 -1131.0 -1119.0 -1126.0 -1134.0 -1118.0 -1110.0 
-1105.0 -1101.0 -1102.0 -1097.0 -1102.0 -1094.0 -1084.0 
-1076.0 -1040.0 -1029.0 -1031.0 -1002.0 -977.0 -971.0 
-945.0 -920.0 -906.0 -871.0 -843.0 -822.0 -795.0 
-783.0 -762.0 -739.0 -726.0 -703.0 -684.0 -673.0 
-659.0 -645.0 -633.0 -619.0 -606.0 -585.0 -558.0 
-541.0 -545.0 -558.0 -545.0 -531.0 -525.0 -500.0 
-483.0 -479.0 -467.0 -467.0 -464.0 -444.0 -447.0 
-451.0 -440.0 -435.0 -419.0 -418.0 -436.0 -437.0 
-444.0 -450.0 -454.0 -472.0 -481.0 -486.0 -499.0 
-523.0 -552.0 -572.0 -592.0 -609.0 -629.0 -649.0 
-669.0 -701.0 -717.0 -732.0 -762.0 -786.0 -815.0 
-837.0 -862.0 -891.0 -912.0 -930.0 -968.0 -998.0 
-1007.0 -1033.0 -1060.0 -1096.0 -1122.0 -1119.0 -1138.0 
-1163.0 -1167.0 -1187.0 -1218.0 -1222.0 -1236.0 -1253.0 
-1264.0 -1302.0 -1308.0 -1306.0 -1328.0 -1315.0 -1324.0 
-1343.0 -1329.0 -1344.0 -1346.0 -1348.0 -1348.0 -1323.0 
-1318.0 -1307.0 -1307.0 -1328.0 -1332.0 -1315.0 -1285.0 
-1261.0 -1238.0 -1221.0 -1207.0 -1177.0 -1147.0 -1120.0 
-1098.0 -1067.0 -1024.0 -1003.0 -979.0 -937.0 -902.0 
-866.0 -822.0 -786.0 -756.0 -715.0 -664.0 -618.0 
-594.0 -566.0 -526.0 -490.0 -455.0 -429.0 -405.0 
-371.0 -332.0 -303.0 -285.0 -270.0 -239.0 -213.0 
-196.0 -180.0 -171.0 -155.0 -133.0 -116.0 -99.0 
-75.0 -60.0 -42.0 -40.0 -58.0 -54.0 -55.0 
-58.0 -56.0 -65.0 -65.0 -89.0 -123.0 -136.0 
-161.0 -187.0 -219.0 -259.0 -275.0 -305.0 -354.0 
-384.0 -433.0 -479.0 -511.0 -566.0 -601.0 -646.0 
-715.0 -749.0 -791.0 -853.0 -901.0 -949.0 -994.0 
-1043.0 -1097.0 -1147.0 -1190.0 -1222.0 -1266.0 -1310.0 
-1346.0 -1381.0 -1405.0 -1439.0 -1466.0 -1486.0 -1523.0 
-1542.0 -1558.0 -1587.0 -1606.0 -1611.0 -1622.0 -1640.0 
-1637.0 -1643.0 -1659.0 -1650.0 -1651.0 -1642.0 -1625.0 
-1628.0 -1621.0 -1612.0 -1609.0 -1598.0 -1575.0 -1555.0 
-1540.0 -1516.0 -1498.0 -1481.0 -1452.0 -1428.0 -1397.0 
-1361.0 -1337.0 -1303.0 -1268.0 -1241.0 -1204.0 -1172.0 
-1139.0 -1107.0 -1072.0 -1034.0 -1000.0 -969.0 -939.0 
-910.0 -885.0 -849.0 -813.0 -789.0 -748.0 -713.0 
-684.0 -643.0 -615.0 -576.0 -527.0 -498.0 -458.0 
-421.0 -389.0 -347.0 -320.0 -288.0 -260.0 -242.0 
-205.0 -173.0 -157.0 -133.0 -110.0 -108.0 -100.0 
-80.0 -68.0 -69.0 -71.0 -66.0 -74.0 -74.0 
-69.0 -81.0 -91.0 -99.0 -113.0 -120.0 -126.0 
-148.0 -170.0 -178.0 -202.0 -236.0 -255.0 -284.0 
-313.0 -332.0 -360.0 -385.0 -417.0 -450.0 -476.0 
-521.0 -557.0 -589.0 -640.0 -679.0 -714.0 -758.0 
-793.0 -826.0 -867.0 -911.0 -951.0 -985.0 -1016.0 
-1046.0 -1078.0 -1106.0 -1122.0 -1154.0 -1197.0 -1233.0 
-1265.0 -1288.0 -1310.0 -1333.0 -1354.0 -1379.0 -1410.0 
-1431.0 -1449.0 -1472.0 -1476.0 -1472.0 -1484.0 -1498.0 
-1506.0 -1518.0 -1523.0 -1515.0 -1529.0 -1537.0 -1522.0 
-1515.0 -1516.0 -1507.0 -1499.0 -1489.0 -1472.0 -1468.0 
-1453.0 -1432.0 -1417.0 -1388.0 -1367.0 -1348.0 -1326.0 
-1312.0 -1288.0 -1257.0 -1223.0 -1198.0 -1173.0 -1139.0 
-1101.0 -1065.0 -1038.0 -1005.0 -967.0 -934.0 -897.0 
-863.0 -833.0 -811.0 -784.0 -749.0 -725.0 -691.0 
-650.0 -629.0 -609.0 -588.0 -572.0 -549.0 -531.0 
-508.0 -488.0 -481.0 -463.0 -455.0 -454.0 -437.0 
-426.0 -420.0 -409.0 -403.0 -402.0 -396.0 -397.0 
-396.0 -385.0 -383.0 -378.0 -368.0 -361.0 -361.0 
-370.0 -365.0 -355.0 -352.0 -358.0 -383.0 -365.0 
-371.0 -443.0 -432.0 -429.0 -484.0 -469.0 -452.0 
-486.0 -506.0 -503.0 -519.0 -521.0 -511.0 -561.0 
-594.0 -599.0 -636.0 -646.0 -656.0 -689.0 -719.0 
-748.0 -762.0 -778.0 -804.0 -821.0 -845.0 -870.0 
-873.0 -902.0 -951.0 -951.0 -958.0 -972.0 -961.0 
-981.0 -999.0 -1001.0 -1020.0 -1035.0 -1041.0 -1051.0 
-1064.0 -1071.0 -1076.0 -1093.0 -1089.0 -1086.0 -1093.0 
-1093.0 -1141.0 -1151.0 -1125.0 -1145.0 -1123.0 -1113.0 
-1142.0 -1131.0 -1107.0 -1118.0 -1122.0 -1117.0 -1113.0 
-1107.0 -1133.0 -1113.0 -1101.0 -1126.0 -1104.0 -1090.0 
-1076.0 -1068.0 -1062.0 -1027.0 -1012.0 -1020.0 -1026.0 
-1020.0 -1014.0 -1009.0 -990.0 -979.0 -971.0 -965.0 
-955.0 -934.0 -925.0 -908.0 -886.0 -867.0 -845.0 
-841.0 -820.0 -799.0 -804.0 -777.0 -748.0 -748.0 
-730.0 -714.0 -712.0 -706.0 -702.0 -681.0 -663.0 
-660.0 -646.0 -644.0 -637.0 -623.0 -610.0 -583.0 
-564.0 -560.0 -534.0 -528.0 -532.0 -484.0 -488.0 
-511.0 -480.0 -470.0 -450.0 -427.0 -453.0 -452.0 
-436.0 -436.0 -426.0 -435.0 -435.0 -434.0 -452.0 
-460.0 -476.0 -503.0 -499.0 -505.0 -534.0 -534.0 
-565.0 -600.0 -600.0 -621.0 -633.0 -648.0 -673.0 
-695.0 -717.0 -733.0 -771.0 -771.0 -770.0 -818.0 
-826.0 -861.0 -913.0 -891.0 -892.0 -936.0 -963.0 
-994.0 -1007.0 -1035.0 -1061.0 -1060.0 -1077.0 -1087.0 
-1112.0 -1154.0 -1176.0 -1176.0 -1174.0 -1195.0 -1217.0 
-1226.0 -1220.0 -1232.0 -1265.0 -1266.0 -1256.0 -1258.0 
-1283.0 -1289.0 -1272.0 -1274.0 -1265.0 -1280.0 -1275.0 
-1240.0 -1253.0 -1249.0 -1243.0 -1250.0 -1220.0 -1214.0 
-1221.0 -1204.0 -1209.0 -1197.0 -1160.0 -1149.0 -1131.0 
-1109.0 -1084.0 -1048.0 -1022.0 -991.0 -976.0 -966.0 
-927.0 -896.0 -858.0 -813.0 -792.0 -756.0 -723.0 
-708.0 -674.0 -633.0 -598.0 -579.0 -559.0 -526.0 
-505.0 -484.0 -466.0 -456.0 -437.0 -416.0 -396.0 
-380.0 -366.0 -355.0 -352.0 -337.0 -315.0 -311.0 
-309.0 -296.0 -289.0 -292.0 -279.0 -271.0 -280.0 
-277.0 -277.0 -279.0 -294.0 -317.0 -320.0 -326.0 
-334.0 -357.0 -380.0 -395.0 -430.0 -450.0 -469.0 
-495.0 -529.0 -564.0 -586.0 -624.0 -647.0 -684.0 
-733.0 -760.0 -799.0 -838.0 -870.0 -889.0 -907.0 
-944.0 -968.0 -987.0 -1024.0 -1045.0 -1066.0 -1075.0 
-1082.0 -1113.0 -1114.0 -1122.0 -1143.0 -1145.0 -1147.0 
-1146.0 -1158.0 -1149.0 -1144.0 -1174.0 -1177.0 -1175.0 
-1166.0 -1158.0 -1169.0 -1169.0 -1172.0 -1162.0 -1155.0 
-1157.0 -1152.0 -1158.0 -1152.0 -1141.0 -1136.0 -1136.0 
-1134.0 -1114.0 -1103.0 -1099.0 -1083.0 -1068.0 -1068.0 
-1075.0 -1064.0 -1041.0 -1021.0 -1009.0 -1000.0 -988.0 
-982.0 -979.0 -961.0 -940.0 -929.0 -925.0 -923.0 
-904.0 -888.0 -891.0 -891.0 -880.0 -861.0 -854.0 
-849.0 -836.0 -827.0 -813.0 -804.0 -795.0 -782.0 
-779.0 -762.0 -745.0 -731.0 -725.0 -721.0 -698.0 
-681.0 -657.0 -637.0 -630.0 -612.0 -603.0 -592.0 
-572.0 -562.0 -551.0 -540.0 -532.0 -514.0 -497.0 
-488.0 -478.0 -467.0 -463.0 -463.0 -453.0 -448.0 
-446.0 -435.0 -436.0 -447.0 -454.0 -456.0 -455.0 
-462.0 -470.0 -483.0 -495.0 -493.0 -501.0 -515.0 
-527.0 -545.0 -561.0 -570.0 -588.0 -612.0 -623.0 
-630.0 -638.0 -651.0 -665.0 -683.0 -708.0 -721.0 
-731.0 -742.0 -749.0 -767.0 -782.0 -793.0 -806.0 
-822.0 -833.0 -841.0 -854.0 -863.0 -868.0 -877.0 
-886.0 -896.0 -902.0 -907.0 -919.0 -928.0 -930.0 
-934.0 -943.0 -950.0 -955.0 -965.0 -963.0 -963.0 
-973.0 -979.0 -980.0 -983.0 -987.0 -993.0 -1005.0 
-1014.0 -1016.0 -1017.0 -1024.0 -1035.0 -1037.0 -1037.0 
-1038.0 -1037.0 -1033.0 -1030.0 -1032.0 -1036.0 -1038.0 
-1037.0 -1028.0 -1023.0 -1034.0 -1035.0 -1032.0 -1040.0 
-1048.0 -1054.0 -1061.0 -1069.0 -1076.0 -1077.0 -1075.0 
-1082.0 -1090.0 -1093.0 -1099.0 -1091.0 -1079.0 -1075.0 
-1079.0 -1081.0 -1073.0 -1060.0 -1046.0 -1032.0 -1019.0 
-1000.0 -977.0 -965.0 -956.0 -925.0 -898.0 -875.0 
-843.0 -824.0 -816.0 -805.0 -780.0 -756.0 -747.0 
-741.0 -726.0 -709.0 -706.0 -692.0 -682.0 -685.0 
-665.0 -660.0 -666.0 -664.0 -664.0 -644.0 -646.0 
-666.0 -664.0 -657.0 -648.0 -645.0 -643.0 -661.0 
-671.0 -652.0 -663.0 -668.0 -667.0 -683.0 -670.0 
-672.0 -690.0 -685.0 -688.0 -694.0 -695.0 -695.0 
-698.0 -700.0 -699.0 -710.0 -731.0 -735.0 -732.0 
-732.0 -723.0 -726.0 -725.0 -728.0 -751.0 -742.0 
-736.0 -749.0 -746.0 -744.0 -751.0 -744.0 -748.0 
-752.0 -737.0 -758.0 -766.0 -751.0 -767.0 -757.0 
-740.0 -765.0 -767.0 -750.0 -753.0 -759.0 -768.0 
-787.0 -773.0 -757.0 -783.0 -791.0 -800.0 -813.0 
-812.0 -815.0 -797.0 -799.0 -805.0 -787.0 -778.0 
-779.0 -780.0 -774.0 -774.0 -781.0 -777.0 -767.0 
-769.0 -779.0 -781.0 -793.0 -791.0 -769.0 -777.0 
-788.0 -784.0 -784.0 -784.0 -787.0 -793.0 -795.0 
-805.0 -811.0 -812.0 -820.0 -830.0 -837.0 -848.0 
-856.0 -855.0 -868.0 -880.0 -882.0 -895.0 -904.0 
-907.0 -921.0 -930.0 -929.0 -941.0 -948.0 -951.0 
-969.0 -981.0 -981.0 -989.0 -1001.0 -1007.0 -1019.0 
-1033.0 -1041.0 -1051.0 -1066.0 -1077.0 -1081.0 -1091.0 
-1100.0 -1101.0 -1106.0 -1110.0 -1111.0 -1115.0 -1116.0 
-1111.0 -1106.0 -1103.0 -1102.0 -1103.0 -1098.0 -1092.0 
-1087.0 -1078.0 -1069.0 -1062.0 -1051.0 -1040.0 -1034.0 
-1016.0 -995.0 -983.0 -968.0 -952.0 -936.0 -913.0 
-895.0 -879.0 -853.0 -835.0 -813.0 -785.0 -773.0 
-759.0 -734.0 -717.0 -698.0 -678.0 -665.0 -646.0 
-626.0 -610.0 -597.0 -581.0 -557.0 -542.0 -527.0 
-508.0 -489.0 -475.0 -470.0 -454.0 -434.0 -423.0 
-405.0 -393.0 -388.0 -381.0 -376.0 -371.0 -368.0 
-364.0 -358.0 -360.0 -366.0 -365.0 -367.0 -379.0 
-390.0 -402.0 -411.0 -418.0 -430.0 -448.0 -468.0 
-487.0 -503.0 -519.0 -537.0 -553.0 -566.0 -586.0 
-606.0 -618.0 -636.0 -668.0 -683.0 -691.0 -714.0 
-733.0 -753.0 -771.0 -789.0 -815.0 -834.0 -862.0 
-887.0 -899.0 -927.0 -944.0 -957.0 -980.0 -1004.0 
-1025.0 -1031.0 -1046.0 -1067.0 -1081.0 -1099.0 -1110.0 
-1124.0 -1140.0 -1149.0 -1166.0 -1165.0 -1168.0 -1191.0 
-1203.0 -1201.0 -1204.0 -1213.0 -1189.0 -1189.0 -1225.0 
-1241.0 -1237.0 -1227.0 -1232.0 -1236.0 -1208.0 -1191.0 
-1221.0 -1220.0 -1174.0 -1158.0 -1180.0 -1184.0 -1150.0 
-1142.0 -1136.0 -1123.0 -1125.0 -1117.0 -1104.0 -1091.0 
-1094.0 -1083.0 -1050.0 -1058.0 -1054.0 -1012.0 -1011.0 
-1008.0 -959.0 -934.0 -916.0 -906.0 -904.0 -864.0 
-842.0 -822.0 -783.0 -767.0 -742.0 -711.0 -692.0 
-673.0 -664.0 -657.0 -629.0 -609.0 -610.0 -587.0 
-566.0 -560.0 -547.0 -548.0 -539.0 -524.0 -541.0 
-537.0 -517.0 -530.0 -511.0 -502.0 -542.0 -537.0 
-503.0 -501.0 -517.0 -530.0 -522.0 -514.0 -517.0 
-523.0 -545.0 -555.0 -551.0 -544.0 -549.0 -573.0 
-578.0 -572.0 -582.0 -614.0 -633.0 -627.0 -620.0 
-628.0 -661.0 -672.0 -672.0 -677.0 -685.0 -726.0 
-742.0 -730.0 -735.0 -762.0 -773.0 -774.0 -798.0 
-809.0 -815.0 -833.0 -840.0 -853.0 -879.0 -890.0 
-897.0 -897.0 -885.0 -894.0 -905.0 -914.0 -919.0 
-914.0 -922.0 -918.0 -916.0 -929.0 -932.0 -940.0 
-946.0 -947.0 -951.0 -955.0 -957.0 -961.0 -976.0 
-992.0 -1017.0 -1028.0 -1018.0 -1038.0 -1048.0 -1047.0 
-1069.0 -1072.0 -1076.0 -1085.0 -1085.0 -1091.0 -1085.0 
-1085.0 -1094.0 -1085.0 -1076.0 -1071.0 -1059.0 -1046.0 
-1027.0 -1005.0 -1000.0 -994.0 -973.0 -961.0 -948.0 
-931.0 -921.0 -891.0 -866.0 -859.0 -845.0 -832.0 
-811.0 -786.0 -772.0 -762.0 -757.0 -742.0 -714.0 
-698.0 -692.0 -687.0 -688.0 -686.0 -675.0 -666.0 
-661.0 -654.0 -654.0 -657.0 -655.0 -657.0 -659.0 
-661.0 -666.0 -671.0 -683.0 -685.0 -681.0 -690.0 
-693.0 -696.0 -706.0 -716.0 -726.0 -735.0 -739.0 
-740.0 -746.0 -749.0 -750.0 -754.0 -754.0 -753.0 
-753.0 -749.0 -748.0 -750.0 -746.0 -745.0 -743.0 
-730.0 -717.0 -711.0 -707.0 -697.0 -683.0 -674.0 
-664.0 -654.0 -644.0 -630.0 -627.0 -624.0 -617.0 
-616.0 -617.0 -612.0 -602.0 -603.0 -606.0 -608.0 
-615.0 -624.0 -628.0 -635.0 -648.0 -656.0 -664.0 
-683.0 -701.0 -715.0 -732.0 -747.0 -761.0 -780.0 
-797.0 -818.0 -842.0 -855.0 -868.0 -886.0 -901.0 
-918.0 -936.0 -947.0 -969.0 -990.0 -1003.0 -1025.0 
-1042.0 -1050.0 -1066.0 -1081.0 -1095.0 -1110.0 -1126.0 
-1144.0 -1160.0 -1174.0 -1188.0 -1203.0 -1212.0 -1218.0 
-1226.0 -1231.0 -1237.0 -1238.0 -1232.0 -1231.0 -1227.0 
-1216.0 -1206.0 -1185.0 -1167.0 -1154.0 -1134.0 -1114.0 
-1085.0 -1064.0 -1052.0 -1027.0 -1006.0 -988.0 -971.0 
-950.0 -922.0 -906.0 -890.0 -873.0 -857.0 -837.0 
-825.0 -816.0 -816.0 -815.0 -812.0 -811.0 -808.0 
-807.0 -806.0 -803.0 -801.0 -799.0 -794.0 -787.0 
-782.0 -773.0 -764.0 -753.0 -739.0 -723.0 -704.0 
-686.0 -667.0 -645.0 -624.0 -602.0 -580.0 -559.0 
-541.0 -521.0 -498.0 -481.0 -466.0 -452.0 -439.0 
-427.0 -413.0 -397.0 -387.0 -376.0 -365.0 -361.0 
-355.0 -353.0 -356.0 -352.0 -352.0 -361.0 -369.0 
-379.0 -388.0 -397.0 -406.0 -416.0 -436.0 -457.0 
-473.0 -481.0 -491.0 -512.0 -536.0 -557.0 -570.0 
-589.0 -611.0 -626.0 -650.0 -667.0 -682.0 -708.0 
-725.0 -745.0 -772.0 -793.0 -818.0 -835.0 -851.0 
-875.0 -896.0 -916.0 -939.0 -974.0 -1002.0 -1020.0 
-1049.0 -1080.0 -1103.0 -1122.0 -1146.0 -1174.0 -1197.0 
-1219.0 -1243.0 -1260.0 -1282.0 -1306.0 -1307.0 -1316.0 
-1335.0 -1346.0 -1354.0 -1359.0 -1365.0 -1370.0 -1377.0 
-1380.0 -1376.0 -1376.0 -1377.0 -1378.0 -1371.0 -1362.0 
-1350.0 -1335.0 -1329.0 -1309.0 -1282.0 -1269.0 -1253.0 
-1232.0 -1224.0 -1214.0 -1197.0 -1181.0 -1151.0 -1132.0 
-1118.0 -1089.0 -1053.0 -1018.0 -1000.0 -981.0 -944.0 
-919.0 -899.0 -860.0 -829.0 -806.0 -783.0 -774.0 
-755.0 -745.0 -729.0 -690.0 -677.0 -667.0 -650.0 
-636.0 -613.0 -598.0 -591.0 -580.0 -569.0 -562.0 
-548.0 -535.0 -539.0 -528.0 -506.0 -502.0 -491.0 
-481.0 -475.0 -456.0 -453.0 -452.0 -443.0 -443.0 
-434.0 -421.0 -419.0 -419.0 -419.0 -413.0 -399.0 
-406.0 -416.0 -422.0 -425.0 -409.0 -418.0 -437.0 
-438.0 -427.0 -418.0 -437.0 -445.0 -447.0 -463.0 
-473.0 -483.0 -502.0 -533.0 -559.0 -578.0 -610.0 
-636.0 -641.0 -653.0 -681.0 -711.0 -750.0 -777.0 
-796.0 -824.0 -847.0 -867.0 -881.0 -908.0 -937.0 
-952.0 -978.0 -996.0 -1007.0 -1037.0 -1065.0 -1080.0 
-1094.0 -1114.0 -1133.0 -1156.0 -1184.0 -1190.0 -1197.0 
-1217.0 -1225.0 -1233.0 -1243.0 -1250.0 -1254.0 -1254.0 
-1253.0 -1242.0 -1239.0 -1244.0 -1237.0 -1225.0 -1215.0 
-1208.0 -1197.0 -1187.0 -1182.0 -1177.0 -1175.0 -1170.0 
-1163.0 -1153.0 -1146.0 -1141.0 -1132.0 -1126.0 -1115.0 
-1104.0 -1096.0 -1084.0 -1079.0 -1068.0 -1049.0 -1041.0 
-1034.0 -1013.0 -991.0 -978.0 -958.0 -936.0 -918.0 
-896.0 -869.0 -844.0 -818.0 -789.0 -767.0 -748.0 
-723.0 -700.0 -681.0 -657.0 -637.0 -617.0 -597.0 
-578.0 -549.0 -525.0 -516.0 -507.0 -490.0 -472.0 
-461.0 -449.0 -444.0 -440.0 -428.0 -432.0 -436.0 
-436.0 -442.0 -439.0 -445.0 -448.0 -452.0 -460.0 
-464.0 -488.0 -497.0 -496.0 -506.0 -517.0 -543.0 
-561.0 -577.0 -597.0 -616.0 -637.0 -647.0 -674.0 
-696.0 -702.0 -732.0 -747.0 -751.0 -778.0 -807.0 
-828.0 -845.0 -865.0 -899.0 -928.0 -933.0 -952.0 
-976.0 -983.0 -1002.0 -1019.0 -1035.0 -1046.0 -1055.0 
-1068.0 -1078.0 -1088.0 -1077.0 -1074.0 -1075.0 -1067.0 
-1084.0 -1085.0 -1070.0 -1072.0 -1067.0 -1072.0 -1072.0 
-1062.0 -1058.0 -1050.0 -1060.0 -1062.0 -1048.0 -1053.0 
-1053.0 -1052.0 -1047.0 -1045.0 -1051.0 -1052.0 -1051.0 
-1039.0 -1039.0 -1043.0 -1024.0 -1011.0 -1016.0 -1010.0 
-995.0 -979.0 -946.0 -933.0 -935.0 -916.0 -898.0 
-876.0 -862.0 -848.0 -816.0 -794.0 -778.0 -755.0 
-720.0 -689.0 -680.0 -659.0 -631.0 -610.0 -581.0 
-555.0 -514.0 -478.0 -460.0 -435.0 -415.0 -386.0 
-355.0 -341.0 -328.0 -309.0 -292.0 -280.0 -266.0 
-266.0 -267.0 -255.0 -258.0 -270.0 -274.0 -286.0 
-302.0 -316.0 -335.0 -352.0 -367.0 -394.0 -419.0 
-446.0 -475.0 -494.0 -528.0 -568.0 -594.0 -627.0 
-660.0 -695.0 -734.0 -768.0 -811.0 -851.0 -885.0 
-922.0 -958.0 -998.0 -1037.0 -1078.0 -1115.0 -1148.0 
-1188.0 -1223.0 -1253.0 -1282.0 -1307.0 -1337.0 -1368.0 
-1393.0 -1417.0 -1439.0 -1457.0 -1479.0 -1495.0 -1512.0 
-1530.0 -1535.0 -1543.0 -1551.0 -1554.0 -1557.0 -1554.0 
-1552.0 -1549.0 -1540.0 -1530.0 -1516.0 -1499.0 -1482.0 
-1464.0 -1445.0 -1428.0 -1408.0 -1387.0 -1363.0 -1335.0 
-1308.0 -1273.0 -1240.0 -1211.0 -1178.0 -1148.0 -1118.0 
-1081.0 -1044.0 -1008.0 -969.0 -935.0 -901.0 -862.0 
-825.0 -790.0 -748.0 -708.0 -672.0 -633.0 -593.0 
-555.0 -512.0 -471.0 -437.0 -400.0 -360.0 -321.0 
-287.0 -253.0 -228.0 -209.0 -178.0 -148.0 -121.0 
-101.0 -85.0 -57.0 -37.0 -24.0 -4.0 10.0 
23.0 33.0 37.0 46.0 46.0 38.0 37.0 
33.0 27.0 21.0 5.0 -4.0 -21.0 -45.0 
-65.0 -92.0 -127.0 -165.0 -205.0 -243.0 -285.0 
-331.0 -385.0 -434.0 -481.0 -536.0 -595.0 -643.0 
-691.0 -752.0 -809.0 -866.0 -922.0 -979.0 -1041.0 
-1097.0 -1152.0 -1205.0 -1256.0 -1313.0 -1360.0 -1399.0 
-1443.0 -1488.0 -1527.0 -1563.0 -1596.0 -1627.0 -1657.0 
-1682.0 -1709.0 -1733.0 -1748.0 -1764.0 -1773.0 -1783.0 
-1793.0 -1792.0 -1791.0 -1788.0 -1778.0 -1771.0 -1758.0 
-1742.0 -1722.0 -1698.0 -1672.0 -1640.0 -1609.0 -1580.0 
-1550.0 -1511.0 -1472.0 -1436.0 -1395.0 -1355.0 -1320.0 
-1280.0 -1236.0 -1197.0 -1153.0 -1109.0 -1067.0 -1021.0 
-978.0 -936.0 -889.0 -842.0 -796.0 -751.0 -706.0 
-658.0 -613.0 -578.0 -533.0 -490.0 -452.0 -415.0 
-391.0 -357.0 -320.0 -293.0 -268.0 -242.0 -219.0 
-201.0 -192.0 -186.0 -174.0 -157.0 -150.0 -162.0 
-160.0 -137.0 -135.0 -159.0 -162.0 -140.0 -151.0 
-167.0 -153.0 -162.0 -174.0 -152.0 -150.0 -171.0 
-195.0 -208.0 -215.0 -249.0 -251.0 -262.0 -309.0 
-298.0 -307.0 -370.0 -380.0 -399.0 -443.0 -405.0 
-433.0 -520.0 -528.0 -536.0 -570.0 -601.0 -618.0 
-684.0 -712.0 -716.0 -802.0 -812.0 -796.0 -841.0 
-891.0 -940.0 -956.0 -970.0 -1017.0 -1059.0 -1083.0 
-1141.0 -1193.0 -1205.0 -1263.0 -1287.0 -1262.0 -1292.0 
-1335.0 -1338.0 -1338.0 -1376.0 -1418.0 -1433.0 -1430.0 
-1454.0 -1452.0 -1432.0 -1444.0 -1447.0 -1458.0 -1458.0 
-1452.0 -1427.0 -1434.0 -1455.0 -1401.0 -1415.0 -1420.0 
-1347.0 -1330.0 -1321.0 -1315.0 -1286.0 -1278.0 -1248.0 
-1177.0 -1250.0 -1241.0 -1156.0 -1209.0 -1233.0 -1181.0 
-1132.0 -1094.0 -1102.0 -1113.0 -1031.0 -969.0 -977.0 
-962.0 -923.0 -885.0 -847.0 -821.0 -803.0 -790.0 
-764.0 -693.0 -664.0 -656.0 -591.0 -563.0 -548.0 
-508.0 -500.0 -482.0 -430.0 -397.0 -382.0 -359.0 
-343.0 -330.0 -322.0 -301.0 -268.0 -274.0 -265.0 
-255.0 -262.0 -244.0 -240.0 -238.0 -235.0 -249.0 
-246.0 -248.0 -264.0 -267.0 -283.0 -298.0 -299.0 
-323.0 -336.0 -343.0 -366.0 -382.0 -393.0 -416.0 
-449.0 -474.0 -497.0 -519.0 -536.0 -558.0 -582.0 
-604.0 -627.0 -649.0 -668.0 -680.0 -697.0 -725.0 
-739.0 -743.0 -758.0 -776.0 -796.0 -812.0 -818.0 
-823.0 -834.0 -848.0 -865.0 -874.0 -874.0 -893.0 
-906.0 -909.0 -930.0 -936.0 -948.0 -972.0 -978.0 
-1002.0 -1028.0 -1035.0 -1047.0 -1066.0 -1083.0 -1100.0 
-1122.0 -1138.0 -1152.0 -1164.0 -1176.0 -1192.0 -1212.0 
-1230.0 -1246.0 -1264.0 -1282.0 -1303.0 -1315.0 -1328.0 
-1350.0 -1361.0 -1372.0 -1385.0 -1398.0 -1408.0 -1411.0 
-1418.0 -1429.0 -1433.0 -1434.0 -1430.0 -1427.0 -1427.0 
-1421.0 -1411.0 -1406.0 -1397.0 -1379.0 -1361.0 -1342.0 
-1323.0 -1303.0 -1277.0 -1253.0 -1230.0 -1195.0 -1161.0 
-1127.0 -1092.0 -1067.0 -1024.0 -982.0 -954.0 -918.0 
-885.0 -846.0 -811.0 -778.0 -740.0 -708.0 -670.0 
-632.0 -599.0 -563.0 -529.0 -495.0 -456.0 -420.0 
-391.0 -355.0 -319.0 -291.0 -262.0 -235.0 -207.0 
-182.0 -163.0 -141.0 -121.0 -105.0 -92.0 -76.0 
-46.0 -20.0 -15.0 -13.0 -12.0 -19.0 -17.0 
-28.0 -39.0 -42.0 -63.0 -73.0 -73.0 -103.0 
-140.0 -161.0 -179.0 -182.0 -202.0 -259.0 -283.0 
-298.0 -351.0 -388.0 -441.0 -489.0 -492.0 -540.0 
-575.0 -604.0 -681.0 -722.0 -751.0 -766.0 -798.0 
-878.0 -909.0 -922.0 -949.0 -990.0 -1053.0 -1081.0 
-1095.0 -1130.0 -1158.0 -1196.0 -1239.0 -1279.0 -1291.0 
-1281.0 -1316.0 -1347.0 -1363.0 -1375.0 -1391.0 -1430.0 
-1428.0 -1434.0 -1483.0 -1499.0 -1494.0 -1513.0 -1502.0 
-1479.0 -1501.0 -1514.0 -1518.0 -1518.0 -1500.0 -1481.0 
-1474.0 -1470.0 -1464.0 -1452.0 -1448.0 -1442.0 -1406.0 
-1384.0 -1366.0 -1339.0 -1323.0 -1298.0 -1270.0 -1238.0 
-1209.0 -1182.0 -1146.0 -1122.0 -1112.0 -1082.0 -1047.0 
-1023.0 -983.0 -949.0 -908.0 -867.0 -854.0 -833.0 
-807.0 -784.0 -760.0 -731.0 -714.0 -701.0 -672.0 
-647.0 -627.0 -603.0 -570.0 -551.0 -538.0 -522.0 
-509.0 -482.0 -462.0 -452.0 -435.0 -422.0 -406.0 
-394.0 -388.0 -378.0 -368.0 -361.0 -351.0 -340.0 
-341.0 -343.0 -348.0 -353.0 -356.0 -363.0 -360.0 
-361.0 -371.0 -374.0 -389.0 -399.0 -399.0 -402.0 
-397.0 -409.0 -420.0 -426.0 -436.0 -434.0 -439.0 
-450.0 -463.0 -464.0 -468.0 -479.0 -487.0 -508.0 
-519.0 -551.0 -568.0 -568.0 -605.0 -618.0 -627.0 
-668.0 -702.0 -728.0 -741.0 -763.0 -797.0 -828.0 
-859.0 -876.0 -891.0 -919.0 -955.0 -973.0 -988.0 
-1029.0 -1041.0 -1074.0 -1119.0 -1116.0 -1137.0 -1156.0 
-1164.0 -1191.0 -1203.0 -1208.0 -1218.0 -1222.0 -1223.0 
-1228.0 -1219.0 -1210.0 -1212.0 -1206.0 -1204.0 -1201.0 
-1185.0 -1178.0 -1173.0 -1156.0 -1139.0 -1124.0 -1106.0 
-1093.0 -1072.0 -1049.0 -1033.0 -1012.0 -988.0 -967.0 
-948.0 -930.0 -916.0 -898.0 -877.0 -865.0 -844.0 
-830.0 -819.0 -801.0 -785.0 -767.0 -765.0 -753.0 
-737.0 -746.0 -749.0 -739.0 -736.0 -742.0 -735.0 
-720.0 -717.0 -709.0 -716.0 -730.0 -729.0 -744.0 
-755.0 -767.0 -762.0 -763.0 -782.0 -776.0 -804.0 
-824.0 -822.0 -843.0 -851.0 -857.0 -863.0 -877.0 
-893.0 -913.0 -920.0 -911.0 -931.0 -938.0 -942.0 
-959.0 -962.0 -968.0 -967.0 -977.0 -981.0 -980.0 
-989.0 -987.0 -988.0 -1003.0 -998.0 -987.0 -988.0 
-970.0 -974.0 -995.0 -976.0 -967.0 -961.0 -953.0 
-956.0 -940.0 -931.0 -921.0 -899.0 -904.0 -900.0 
-873.0 -863.0 -857.0 -855.0 -856.0 -837.0 -819.0 
-813.0 -805.0 -800.0 -800.0 -795.0 -798.0 -805.0 
-801.0 -803.0 -801.0 -796.0 -796.0 -783.0 -774.0 
-764.0 -745.0 -738.0 -728.0 -715.0 -722.0 -713.0 
-698.0 -695.0 -684.0 -671.0 -651.0 -630.0 -620.0 
-603.0 -579.0 -564.0 -540.0 -519.0 -507.0 -494.0 
-481.0 -461.0 -448.0 -430.0 -418.0 -423.0 -414.0 
-400.0 -388.0 -380.0 -384.0 -386.0 -387.0 -391.0 
-395.0 -394.0 -399.0 -406.0 -405.0 -419.0 -439.0 
-452.0 -472.0 -492.0 -505.0 -528.0 -554.0 -568.0 
-597.0 -621.0 -638.0 -675.0 -701.0 -734.0 -777.0 
-811.0 -847.0 -869.0 -914.0 -966.0 -977.0 -1005.0 
-1062.0 -1098.0 -1116.0 -1138.0 -1157.0 -1180.0 -1198.0 
-1210.0 -1234.0 -1253.0 -1270.0 -1288.0 -1299.0 -1316.0 
-1330.0 -1339.0 -1348.0 -1354.0 -1361.0 -1368.0 -1373.0 
-1377.0 -1376.0 -1375.0 -1373.0 -1362.0 -1350.0 -1340.0 
-1324.0 -1306.0 -1299.0 -1283.0 -1262.0 -1248.0 -1230.0 
-1213.0 -1197.0 -1181.0 -1162.0 -1142.0 -1126.0 -1115.0 
-1110.0 -1094.0 -1067.0 -1050.0 -1040.0 -1033.0 -1013.0 
-988.0 -977.0 -967.0 -950.0 -931.0 -916.0 -900.0 
-884.0 -864.0 -843.0 -823.0 -798.0 -776.0 -749.0 
-723.0 -706.0 -681.0 -652.0 -626.0 -592.0 -561.0 
-540.0 -510.0 -484.0 -462.0 -433.0 -411.0 -389.0 
-361.0 -342.0 -321.0 -297.0 -284.0 -269.0 -255.0 
-247.0 -235.0 -226.0 -225.0 -213.0 -201.0 -200.0 
-196.0 -208.0 -216.0 -217.0 -231.0 -231.0 -241.0 
-256.0 -261.0 -281.0 -294.0 -305.0 -324.0 -343.0 
-364.0 -385.0 -399.0 -415.0 -453.0 -487.0 -504.0 
-532.0 -567.0 -593.0 -629.0 -668.0 -693.0 -725.0 
-754.0 -787.0 -827.0 -839.0 -859.0 -897.0 -918.0 
-944.0 -979.0 -1008.0 -1037.0 -1061.0 -1082.0 -1105.0 
-1134.0 -1152.0 -1169.0 -1203.0 -1220.0 -1233.0 -1262.0 
-1279.0 -1293.0 -1314.0 -1324.0 -1336.0 -1344.0 -1350.0 
-1353.0 -1353.0 -1364.0 -1368.0 -1360.0 -1366.0 -1373.0 
-1368.0 -1361.0 -1358.0 -1358.0 -1349.0 -1329.0 -1321.0 
-1319.0 -1317.0 -1305.0 -1280.0 -1264.0 -1251.0 -1241.0 
-1222.0 -1197.0 -1173.0 -1149.0 -1130.0 -1106.0 -1073.0 
-1046.0 -1025.0 -1015.0 -1000.0 -968.0 -949.0 -929.0 
-903.0 -890.0 -864.0 -831.0 -809.0 -790.0 -774.0 
-747.0 -713.0 -688.0 -658.0 -633.0 -615.0 -596.0 
-574.0 -538.0 -513.0 -490.0 -472.0 -456.0 -439.0 
-435.0 -422.0 -405.0 -393.0 -387.0 -381.0 -373.0 
-372.0 -373.0 -375.0 -388.0 -402.0 -398.0 -394.0 
-401.0 -416.0 -430.0 -439.0 -451.0 -462.0 -470.0 
-477.0 -490.0 -500.0 -511.0 -537.0 -554.0 -574.0 
-597.0 -608.0 -631.0 -653.0 -676.0 -702.0 -710.0 
-736.0 -768.0 -793.0 -831.0 -854.0 -870.0 -887.0 
-916.0 -951.0 -968.0 -982.0 -1002.0 -1034.0 -1064.0 
-1085.0 -1105.0 -1126.0 -1133.0 -1142.0 -1171.0 -1166.0 
-1169.0 -1202.0 -1194.0 -1170.0 -1177.0 -1186.0 -1181.0 
-1173.0 -1174.0 -1189.0 -1181.0 -1170.0 -1169.0 -1158.0 
-1155.0 -1162.0 -1159.0 -1143.0 -1117.0 -1103.0 -1104.0 
-1087.0 -1072.0 -1064.0 -1055.0 -1047.0 -1027.0 -1022.0 
-1028.0 -1016.0 -1010.0 -1011.0 -1011.0 -1028.0 -1005.0 
-980.0 -980.0 -956.0 -949.0 -948.0 -938.0 -923.0 
-905.0 -908.0 -900.0 -895.0 -896.0 -883.0 -867.0 
-851.0 -836.0 -832.0 -832.0 -813.0 -780.0 -764.0 
-761.0 -760.0 -749.0 -734.0 -728.0 -709.0 -692.0 
-686.0 -666.0 