552.0 534.0 528.0 530.0 535.0 543.0 557.0 
576.0 599.0 620.0 641.0 661.0 663.0 657.0 
653.0 644.0 637.0 627.0 620.0 618.0 606.0 
600.0 592.0 592.0 603.0 617.0 637.0 648.0 
659.0 669.0 674.0 675.0 655.0 632.0 601.0 
571.0 550.0 519.0 492.0 468.0 452.0 448.0 
445.0 451.0 476.0 493.0 502.0 521.0 524.0 
539.0 560.0 563.0 580.0 587.0 597.0 619.0 
637.0 652.0 656.0 669.0 678.0 671.0 666.0 
660.0 654.0 639.0 625.0 612.0 600.0 597.0 
594.0 589.0 584.0 587.0 589.0 591.0 607.0 
615.0 624.0 644.0 663.0 672.0 682.0 700.0 
710.0 729.0 742.0 739.0 741.0 741.0 737.0 
733.0 727.0 722.0 718.0 711.0 695.0 692.0 
684.0 668.0 660.0 647.0 637.0 630.0 628.0 
629.0 621.0 612.0 597.0 588.0 578.0 567.0 
560.0 546.0 538.0 533.0 536.0 538.0 539.0 
555.0 568.0 578.0 598.0 615.0 632.0 642.0 
649.0 659.0 664.0 668.0 672.0 670.0 660.0 
645.0 631.0 626.0 625.0 616.0 611.0 606.0 
597.0 578.0 553.0 533.0 503.0 473.0 447.0 
430.0 410.0 391.0 388.0 378.0 378.0 388.0 
395.0 408.0 432.0 459.0 483.0 507.0 526.0 
539.0 549.0 563.0 571.0 576.0 588.0 591.0 
600.0 615.0 618.0 626.0 629.0 629.0 645.0 
665.0 684.0 708.0 723.0 735.0 757.0 765.0 
780.0 787.0 773.0 773.0 760.0 748.0 742.0 
725.0 712.0 705.0 707.0 705.0 712.0 713.0 
709.0 717.0 714.0 716.0 713.0 711.0 699.0 
676.0 678.0 675.0 661.0 658.0 659.0 657.0 
666.0 674.0 677.0 676.0 679.0 682.0 677.0 
681.0 670.0 668.0 676.0 683.0 696.0 699.0 
705.0 704.0 684.0 657.0 630.0 587.0 555.0 
539.0 509.0 494.0 481.0 468.0 472.0 472.0 
477.0 485.0 481.0 485.0 486.0 488.0 500.0 
505.0 511.0 512.0 515.0 520.0 518.0 526.0 
539.0 553.0 571.0 580.0 588.0 606.0 626.0 
649.0 656.0 668.0 684.0 685.0 691.0 691.0 
690.0 690.0 673.0 663.0 654.0 640.0 637.0 
644.0 645.0 644.0 646.0 648.0 651.0 647.0 
647.0 657.0 668.0 674.0 686.0 695.0 695.0 
705.0 707.0 698.0 693.0 684.0 668.0 657.0 
653.0 650.0 653.0 652.0 652.0 639.0 637.0 
646.0 643.0 646.0 638.0 628.0 626.0 621.0 
612.0 606.0 611.0 602.0 602.0 606.0 604.0 
608.0 603.0 612.0 618.0 617.0 620.0 614.0 
610.0 611.0 607.0 599.0 593.0 586.0 579.0 
573.0 575.0 576.0 583.0 590.0 589.0 602.0 
615.0 619.0 634.0 640.0 651.0 659.0 646.0 
643.0 642.0 630.0 621.0 621.0 620.0 618.0 
621.0 618.0 613.0 608.0 600.0 602.0 602.0 
592.0 588.0 577.0 576.0 578.0 569.0 567.0 
575.0 576.0 577.0 580.0 574.0 583.0 593.0 
609.0 637.0 646.0 666.0 683.0 695.0 711.0 
713.0 717.0 718.0 719.0 712.0 696.0 693.0 
690.0 677.0 669.0 655.0 635.0 617.0 601.0 
587.0 570.0 556.0 547.0 536.0 516.0 506.0 
505.0 501.0 512.0 513.0 512.0 511.0 509.0 
512.0 513.0 515.0 516.0 531.0 547.0 561.0 
580.0 602.0 621.0 635.0 655.0 673.0 680.0 
677.0 683.0 678.0 661.0 657.0 641.0 623.0 
608.0 598.0 592.0 597.0 606.0 607.0 634.0 
643.0 637.0 640.0 636.0 648.0 656.0 652.0 
656.0 650.0 646.0 651.0 644.0 638.0 639.0 
637.0 642.0 646.0 650.0 652.0 646.0 652.0 
649.0 638.0 630.0 623.0 625.0 626.0 627.0 
628.0 635.0 646.0 651.0 649.0 638.0 632.0 
623.0 603.0 591.0 578.0 564.0 551.0 547.0 
545.0 532.0 540.0 546.0 544.0 554.0 554.0 
555.0 555.0 548.0 553.0 551.0 553.0 559.0 
553.0 547.0 541.0 548.0 556.0 564.0 579.0 
592.0 604.0 621.0 639.0 651.0 674.0 685.0 
692.0 714.0 724.0 750.0 767.0 770.0 784.0 
780.0 771.0 752.0 735.0 725.0 697.0 676.0 
651.0 626.0 621.0 602.0 581.0 574.0 571.0 
565.0 563.0 578.0 594.0 608.0 626.0 641.0 
659.0 673.0 672.0 674.0 680.0 692.0 706.0 
716.0 735.0 750.0 756.0 755.0 762.0 755.0 
740.0 723.0 691.0 668.0 633.0 592.0 560.0 
525.0 496.0 461.0 432.0 409.0 392.0 385.0 
384.0 384.0 400.0 414.0 423.0 441.0 446.0 
451.0 463.0 472.0 479.0 488.0 514.0 534.0 
545.0 564.0 584.0 597.0 610.0 627.0 653.0 
682.0 690.0 702.0 710.0 709.0 707.0 696.0 
683.0 668.0 659.0 645.0 619.0 599.0 581.0 
566.0 554.0 541.0 536.0 537.0 541.0 565.0 
594.0 622.0 643.0 661.0 686.0 708.0 734.0 
750.0 764.0 775.0 779.0 792.0 797.0 808.0 
815.0 810.0 805.0 788.0 771.0 753.0 724.0 
693.0 666.0 637.0 611.0 591.0 573.0 567.0 
563.0 556.0 555.0 558.0 566.0 579.0 592.0 
603.0 616.0 629.0 644.0 652.0 654.0 658.0 
654.0 651.0 641.0 625.0 614.0 602.0 578.0 
561.0 553.0 538.0 536.0 538.0 537.0 542.0 
545.0 558.0 577.0 593.0 605.0 606.0 603.0 
592.0 573.0 555.0 540.0 529.0 520.0 521.0 
529.0 545.0 570.0 591.0 605.0 623.0 641.0 
655.0 663.0 666.0 665.0 661.0 660.0 653.0 
656.0 651.0 638.0 631.0 620.0 616.0 598.0 
584.0 577.0 566.0 567.0 566.0 564.0 568.0 
566.0 559.0 560.0 564.0 571.0 597.0 624.0 
648.0 675.0 696.0 726.0 739.0 743.0 749.0 
742.0 744.0 737.0 728.0 711.0 695.0 687.0 
667.0 655.0 636.0 618.0 604.0 590.0 580.0 
570.0 568.0 561.0 563.0 559.0 554.0 554.0 
541.0 540.0 545.0 562.0 574.0 580.0 599.0 
604.0 622.0 636.0 634.0 636.0 626.0 622.0 
626.0 633.0 636.0 637.0 641.0 641.0 645.0 
646.0 654.0 662.0 665.0 669.0 675.0 684.0 
688.0 698.0 708.0 715.0 719.0 719.0 715.0 
714.0 718.0 714.0 716.0 717.0 712.0 706.0 
688.0 677.0 669.0 660.0 655.0 648.0 638.0 
620.0 605.0 586.0 563.0 542.0 522.0 500.0 
478.0 474.0 475.0 478.0 492.0 507.0 528.0 
535.0 553.0 579.0 573.0 574.0 577.0 574.0 
569.0 565.0 555.0 543.0 525.0 505.0 502.0 
490.0 490.0 490.0 496.0 502.0 491.0 499.0 
497.0 492.0 497.0 505.0 500.0 494.0 494.0 
491.0 495.0 491.0 505.0 519.0 538.0 561.0 
580.0 614.0 632.0 649.0 675.0 683.0 701.0 
708.0 714.0 740.0 747.0 756.0 763.0 768.0 
779.0 780.0 792.0 792.0 787.0 787.0 787.0 
786.0 765.0 745.0 716.0 693.0 678.0 652.0 
646.0 650.0 658.0 667.0 677.0 682.0 684.0 
696.0 694.0 696.0 698.0 694.0 696.0 695.0 
704.0 707.0 694.0 684.0 667.0 655.0 655.0 
654.0 660.0 652.0 631.0 626.0 617.0 596.0 
565.0 552.0 542.0 526.0 517.0 505.0 509.0 
513.0 512.0 506.0 521.0 556.0 549.0 555.0 
572.0 556.0 572.0 583.0 557.0 548.0 540.0 
508.0 506.0 522.0 490.0 495.0 525.0 510.0 
524.0 524.0 532.0 549.0 540.0 556.0 551.0 
565.0 579.0 578.0 605.0 609.0 614.0 622.0 
618.0 619.0 613.0 610.0 607.0 603.0 609.0 
602.0 587.0 590.0 588.0 580.0 592.0 601.0 
604.0 623.0 637.0 634.0 640.0 646.0 652.0 
650.0 640.0 655.0 665.0 684.0 699.0 694.0 
702.0 701.0 711.0 709.0 704.0 709.0 702.0 
706.0 696.0 689.0 689.0 687.0 685.0 679.0 
690.0 691.0 695.0 703.0 704.0 711.0 709.0 
706.0 697.0 679.0 662.0 643.0 613.0 593.0 
588.0 583.0 592.0 596.0 609.0 620.0 616.0 
637.0 657.0 667.0 677.0 693.0 696.0 689.0 
680.0 655.0 640.0 615.0 588.0 568.0 542.0 
524.0 505.0 494.0 487.0 484.0 489.0 484.0 
492.0 500.0 509.0 528.0 531.0 545.0 552.0 
554.0 561.0 554.0 551.0 550.0 551.0 554.0 
568.0 590.0 599.0 614.0 631.0 642.0 653.0 
653.0 647.0 641.0 623.0 609.0 593.0 584.0 
584.0 572.0 566.0 567.0 564.0 559.0 555.0 
549.0 551.0 563.0 568.0 580.0 574.0 559.0 
574.0 579.0 572.0 575.0 577.0 578.0 584.0 
591.0 607.0 628.0 647.0 660.0 673.0 696.0 
723.0 761.0 781.0 793.0 812.0 815.0 804.0 
799.0 793.0 780.0 772.0 760.0 745.0 736.0 
723.0 713.0 715.0 710.0 701.0 698.0 695.0 
704.0 712.0 704.0 693.0 690.0 693.0 692.0 
684.0 673.0 668.0 660.0 648.0 627.0 602.0 
582.0 550.0 512.0 482.0 447.0 420.0 406.0 
386.0 384.0 394.0 401.0 414.0 432.0 445.0 
459.0 479.0 484.0 491.0 500.0 503.0 513.0 
525.0 541.0 550.0 567.0 589.0 596.0 605.0 
611.0 619.0 626.0 627.0 635.0 635.0 630.0 
624.0 618.0 615.0 609.0 599.0 593.0 583.0 
576.0 573.0 570.0 580.0 586.0 587.0 580.0 
578.0 588.0 591.0 603.0 607.0 615.0 635.0 
643.0 651.0 657.0 666.0 675.0 684.0 701.0 
704.0 712.0 724.0 726.0 728.0 728.0 732.0 
724.0 716.0 711.0 705.0 706.0 699.0 678.0 
662.0 642.0 615.0 595.0 570.0 550.0 541.0 
545.0 542.0 541.0 556.0 574.0 598.0 616.0 
643.0 655.0 664.0 683.0 686.0 696.0 702.0 
697.0 687.0 682.0 677.0 661.0 662.0 659.0 
648.0 651.0 650.0 649.0 650.0 641.0 638.0 
638.0 632.0 624.0 618.0 609.0 600.0 599.0 
603.0 598.0 591.0 589.0 583.0 580.0 584.0 
596.0 609.0 620.0 635.0 646.0 659.0 662.0 
662.0 675.0 677.0 677.0 680.0 678.0 673.0 
666.0 659.0 640.0 621.0 600.0 570.0 534.0 
496.0 471.0 449.0 426.0 402.0 399.0 404.0 
402.0 408.0 411.0 426.0 442.0 452.0 475.0 
494.0 521.0 539.0 547.0 553.0 558.0 569.0 
562.0 564.0 557.0 555.0 564.0 570.0 594.0 
600.0 621.0 643.0 658.0 688.0 701.0 702.0 
702.0 701.0 691.0 674.0 659.0 649.0 646.0 
656.0 671.0 683.0 710.0 729.0 749.0 766.0 
766.0 763.0 750.0 739.0 719.0 696.0 695.0 
686.0 682.0 696.0 700.0 710.0 721.0 736.0 
757.0 775.0 799.0 805.0 809.0 815.0 806.0 
800.0 777.0 749.0 729.0 700.0 682.0 667.0 
648.0 626.0 609.0 602.0 597.0 596.0 585.0 
572.0 566.0 545.0 524.0 504.0 480.0 458.0 
436.0 415.0 390.0 381.0 383.0 390.0 407.0 
432.0 463.0 478.0 505.0 533.0 554.0 577.0 
585.0 603.0 603.0 601.0 600.0 590.0 597.0 
596.0 594.0 595.0 595.0 604.0 616.0 629.0 
632.0 636.0 641.0 632.0 620.0 610.0 596.0 
588.0 578.0 573.0 571.0 565.0 564.0 558.0 
559.0 565.0 571.0 582.0 597.0 615.0 631.0 
639.0 652.0 664.0 666.0 671.0 669.0 665.0 
664.0 663.0 656.0 648.0 647.0 639.0 637.0 
632.0 625.0 627.0 629.0 632.0 634.0 643.0 
657.0 675.0 695.0 710.0 718.0 726.0 729.0 
715.0 710.0 698.0 679.0 660.0 640.0 633.0 
624.0 624.0 621.0 620.0 626.0 623.0 624.0 
625.0 630.0 631.0 627.0 632.0 631.0 630.0 
631.0 629.0 624.0 619.0 619.0 612.0 604.0 
596.0 585.0 581.0 573.0 567.0 555.0 549.0 
550.0 544.0 540.0 537.0 545.0 545.0 541.0 
542.0 547.0 562.0 568.0 576.0 602.0 619.0 
639.0 661.0 663.0 677.0 683.0 679.0 677.0 
668.0 656.0 627.0 607.0 592.0 578.0 573.0 
559.0 546.0 537.0 531.0 528.0 521.0 517.0 
518.0 516.0 519.0 525.0 544.0 563.0 578.0 
596.0 612.0 632.0 643.0 657.0 672.0 671.0 
675.0 679.0 682.0 693.0 690.0 695.0 691.0 
683.0 693.0 695.0 701.0 702.0 705.0 705.0 
697.0 689.0 673.0 662.0 642.0 634.0 630.0 
623.0 627.0 628.0 631.0 639.0 652.0 665.0 
680.0 691.0 696.0 701.0 704.0 709.0 701.0 
689.0 680.0 670.0 662.0 659.0 650.0 641.0 
639.0 639.0 643.0 646.0 637.0 625.0 618.0 
607.0 594.0 582.0 573.0 557.0 535.0 519.0 
505.0 496.0 488.0 483.0 483.0 486.0 489.0 
491.0 496.0 504.0 507.0 511.0 519.0 522.0 
517.0 513.0 507.0 501.0 512.0 519.0 521.0 
532.0 548.0 555.0 556.0 576.0 593.0 608.0 
628.0 633.0 637.0 640.0 634.0 635.0 630.0 
615.0 609.0 610.0 610.0 618.0 626.0 640.0 
656.0 668.0 682.0 692.0 705.0 712.0 723.0 
735.0 737.0 748.0 753.0 758.0 766.0 769.0 
770.0 767.0 761.0 756.0 752.0 749.0 748.0 
745.0 733.0 719.0 718.0 722.0 717.0 703.0 
693.0 685.0 669.0 654.0 639.0 618.0 605.0 
586.0 556.0 534.0 520.0 504.0 479.0 461.0 
450.0 442.0 443.0 440.0 440.0 443.0 444.0 
453.0 465.0 476.0 484.0 490.0 492.0 501.0 
522.0 538.0 553.0 564.0 585.0 601.0 611.0 
628.0 641.0 659.0 671.0 664.0 658.0 653.0 
639.0 621.0 605.0 589.0 586.0 586.0 574.0 
564.0 547.0 533.0 523.0 506.0 495.0 489.0 
487.0 489.0 492.0 497.0 506.0 520.0 540.0 
560.0 574.0 597.0 617.0 636.0 660.0 688.0 
719.0 741.0 760.0 775.0 780.0 794.0 798.0 
795.0 798.0 792.0 789.0 786.0 785.0 781.0 
767.0 750.0 728.0 706.0 682.0 664.0 649.0 
629.0 621.0 618.0 599.0 586.0 590.0 584.0 
589.0 606.0 610.0 612.0 619.0 637.0 656.0 
669.0 685.0 700.0 710.0 723.0 732.0 721.0 
707.0 688.0 668.0 643.0 601.0 578.0 567.0 
546.0 532.0 524.0 511.0 504.0 508.0 512.0 
519.0 531.0 544.0 560.0 575.0 578.0 581.0 
577.0 568.0 559.0 545.0 534.0 519.0 508.0 
498.0 487.0 490.0 496.0 510.0 531.0 556.0 
581.0 598.0 608.0 616.0 626.0 635.0 640.0 
641.0 647.0 658.0 664.0 669.0 680.0 692.0 
704.0 720.0 738.0 747.0 754.0 763.0 764.0 
767.0 759.0 741.0 727.0 709.0 687.0 672.0 
662.0 655.0 646.0 635.0 635.0 623.0 618.0 
624.0 626.0 634.0 637.0 644.0 639.0 628.0 
623.0 615.0 610.0 608.0 610.0 606.0 608.0 
606.0 598.0 590.0 573.0 561.0 547.0 537.0 
541.0 541.0 542.0 537.0 536.0 545.0 543.0 
537.0 532.0 526.0 526.0 528.0 530.0 537.0 
546.0 554.0 566.0 589.0 613.0 620.0 630.0 
639.0 630.0 638.0 638.0 636.0 628.0 608.0 
602.0 585.0 579.0 571.0 555.0 547.0 534.0 
532.0 529.0 532.0 536.0 544.0 558.0 577.0 
609.0 637.0 658.0 682.0 694.0 700.0 707.0 
705.0 696.0 679.0 668.0 657.0 647.0 648.0 
646.0 631.0 619.0 624.0 616.0 610.0 622.0 
626.0 629.0 634.0 633.0 637.0 640.0 640.0 
644.0 638.0 648.0 661.0 674.0 693.0 706.0 
723.0 735.0 749.0 756.0 759.0 757.0 733.0 
718.0 712.0 689.0 669.0 644.0 614.0 598.0 
588.0 576.0 562.0 545.0 537.0 533.0 520.0 
512.0 503.0 497.0 497.0 499.0 513.0 522.0 
541.0 567.0 596.0 633.0 660.0 686.0 713.0 
738.0 754.0 754.0 743.0 740.0 727.0 706.0 
687.0 651.0 625.0 599.0 570.0 552.0 533.0 
523.0 509.0 495.0 485.0 470.0 467.0 455.0 
446.0 452.0 450.0 456.0 455.0 452.0 455.0 
461.0 478.0 497.0 522.0 544.0 564.0 596.0 
623.0 650.0 679.0 694.0 706.0 703.0 688.0 
673.0 642.0 616.0 586.0 558.0 542.0 523.0 
511.0 497.0 482.0 474.0 472.0 478.0 481.0 
493.0 508.0 525.0 555.0 576.0 597.0 625.0 
649.0 677.0 698.0 713.0 732.0 742.0 752.0 
768.0 777.0 790.0 806.0 811.0 814.0 808.0 
795.0 784.0 765.0 744.0 733.0 722.0 714.0 
709.0 699.0 694.0 696.0 699.0 693.0 692.0 
697.0 690.0 691.0 699.0 704.0 706.0 708.0 
719.0 723.0 730.0 741.0 744.0 755.0 755.0 
744.0 737.0 703.0 673.0 649.0 617.0 592.0 
563.0 544.0 531.0 522.0 511.0 508.0 508.0 
499.0 489.0 478.0 463.0 447.0 432.0 418.0 
406.0 391.0 384.0 384.0 379.0 386.0 394.0 
405.0 425.0 446.0 464.0 481.0 501.0 510.0 
510.0 507.0 505.0 505.0 499.0 492.0 501.0 
513.0 532.0 561.0 586.0 613.0 633.0 651.0 
663.0 674.0 678.0 678.0 671.0 640.0 615.0 
594.0 578.0 567.0 560.0 571.0 584.0 606.0 
630.0 656.0 702.0 746.0 782.0 815.0 840.0 
863.0 872.0 881.0 889.0 884.0 880.0 866.0 
842.0 818.0 801.0 789.0 770.0 748.0 736.0 
712.0 700.0 699.0 681.0 676.0 676.0 673.0 
673.0 681.0 688.0 686.0 687.0 686.0 691.0 
697.0 694.0 689.0 680.0 670.0 658.0 653.0 
655.0 652.0 639.0 633.0 626.0 617.0 610.0 
589.0 586.0 579.0 565.0 560.0 547.0 547.0 
542.0 539.0 541.0 534.0 541.0 542.0 539.0 
533.0 527.0 526.0 512.0 493.0 492.0 483.0 
473.0 467.0 447.0 439.0 431.0 427.0 426.0 
425.0 443.0 454.0 472.0 485.0 492.0 506.0 
514.0 529.0 540.0 549.0 563.0 565.0 569.0 
574.0 572.0 572.0 575.0 576.0 578.0 577.0 
578.0 579.0 575.0 576.0 581.0 587.0 594.0 
602.0 611.0 620.0 631.0 651.0 662.0 655.0 
663.0 678.0 685.0 691.0 698.0 711.0 725.0 
735.0 736.0 742.0 748.0 749.0 754.0 767.0 
776.0 776.0 781.0 799.0 816.0 812.0 806.0 
798.0 786.0 771.0 746.0 726.0 705.0 678.0 
658.0 640.0 619.0 598.0 588.0 585.0 579.0 
572.0 568.0 569.0 565.0 570.0 578.0 588.0 
598.0 603.0 625.0 642.0 645.0 656.0 663.0 
665.0 668.0 662.0 662.0 658.0 655.0 648.0 
637.0 634.0 617.0 608.0 593.0 571.0 558.0 
533.0 512.0 492.0 483.0 484.0 470.0 456.0 
445.0 432.0 422.0 412.0 412.0 410.0 419.0 
444.0 474.0 504.0 520.0 546.0 576.0 590.0 
600.0 610.0 615.0 611.0 608.0 601.0 585.0 
568.0 553.0 535.0 519.0 502.0 487.0 477.0 
475.0 482.0 496.0 519.0 538.0 564.0 594.0 
621.0 653.0 670.0 686.0 702.0 715.0 731.0 
738.0 745.0 742.0 730.0 724.0 721.0 710.0 
696.0 685.0 671.0 654.0 637.0 626.0 617.0 
610.0 607.0 600.0 601.0 609.0 622.0 648.0 
663.0 686.0 705.0 712.0 736.0 741.0 742.0 
752.0 754.0 753.0 751.0 752.0 748.0 742.0 
741.0 745.0 741.0 730.0 717.0 708.0 697.0 
678.0 654.0 632.0 611.0 589.0 577.0 565.0 
550.0 536.0 526.0 524.0 520.0 519.0 520.0 
534.0 553.0 559.0 562.0 569.0 577.0 583.0 
583.0 578.0 576.0 569.0 559.0 548.0 551.0 
551.0 548.0 552.0 552.0 569.0 593.0 605.0 
612.0 610.0 609.0 607.0 596.0 587.0 582.0 
572.0 559.0 555.0 546.0 534.0 525.0 511.0 
503.0 499.0 499.0 493.0 480.0 479.0 490.0 
496.0 496.0 501.0 512.0 528.0 551.0 579.0 
613.0 649.0 680.0 703.0 725.0 749.0 761.0 
760.0 749.0 745.0 747.0 730.0 720.0 706.0 
693.0 698.0 694.0 686.0 674.0 660.0 651.0 
640.0 629.0 621.0 612.0 600.0 581.0 578.0 
580.0 571.0 571.0 570.0 586.0 594.0 603.0 
622.0 634.0 660.0 671.0 686.0 700.0 700.0 
714.0 726.0 738.0 740.0 734.0 723.0 708.0 
702.0 687.0 672.0 661.0 649.0 640.0 623.0 
621.0 618.0 601.0 596.0 594.0 588.0 572.0 
553.0 550.0 540.0 528.0 525.0 517.0 517.0 
521.0 518.0 517.0 523.0 526.0 531.0 542.0 
555.0 574.0 598.0 612.0 624.0 647.0 668.0 
677.0 675.0 670.0 662.0 651.0 638.0 623.0 
607.0 581.0 562.0 544.0 527.0 510.0 494.0 
487.0 477.0 485.0 505.0 532.0 557.0 589.0 
620.0 629.0 640.0 654.0 664.0 670.0 684.0 
700.0 704.0 703.0 705.0 709.0 713.0 719.0 
708.0 695.0 697.0 700.0 695.0 679.0 664.0 
640.0 604.0 576.0 559.0 551.0 549.0 551.0 
563.0 583.0 606.0 626.0 642.0 651.0 654.0 
655.0 647.0 649.0 661.0 667.0 671.0 674.0 
675.0 672.0 670.0 671.0 680.0 684.0 683.0 
682.0 676.0 673.0 665.0 651.0 629.0 595.0 
562.0 531.0 508.0 482.0 458.0 451.0 436.0 
433.0 441.0 442.0 463.0 490.0 510.0 531.0 
552.0 577.0 594.0 611.0 628.0 636.0 649.0 
654.0 658.0 660.0 659.0 662.0 656.0 652.0 
642.0 634.0 635.0 630.0 629.0 626.0 622.0 
629.0 630.0 626.0 638.0 636.0 635.0 644.0 
644.0 653.0 649.0 651.0 653.0 640.0 637.0 
631.0 628.0 623.0 621.0 620.0 613.0 617.0 
620.0 621.0 631.0 639.0 637.0 646.0 663.0 
665.0 665.0 672.0 671.0 666.0 664.0 653.0 
637.0 625.0 610.0 593.0 585.0 581.0 579.0 
581.0 572.0 567.0 557.0 553.0 556.0 548.0 
551.0 545.0 548.0 552.0 534.0 529.0 517.0 
509.0 506.0 518.0 531.0 538.0 550.0 553.0 
568.0 575.0 577.0 586.0 593.0 606.0 614.0 
625.0 638.0 646.0 646.0 646.0 644.0 629.0 
624.0 621.0 606.0 599.0 595.0 589.0 585.0 
575.0 569.0 575.0 581.0 589.0 602.0 616.0 
631.0 644.0 651.0 652.0 653.0 647.0 629.0 
620.0 618.0 620.0 617.0 610.0 615.0 630.0 
641.0 649.0 655.0 652.0 647.0 639.0 618.0 
594.0 571.0 553.0 534.0 524.0 521.0 509.0 
515.0 525.0 543.0 568.0 586.0 608.0 624.0 
653.0 676.0 695.0 712.0 720.0 731.0 731.0 
740.0 745.0 742.0 745.0 752.0 764.0 764.0 
766.0 771.0 770.0 771.0 769.0 764.0 756.0 
741.0 717.0 690.0 668.0 633.0 604.0 587.0 
570.0 562.0 551.0 553.0 564.0 568.0 571.0 
573.0 576.0 578.0 582.0 577.0 570.0 576.0 
576.0 573.0 576.0 573.0 570.0 575.0 580.0 
577.0 585.0 598.0 597.0 596.0 591.0 576.0 
567.0 564.0 559.0 548.0 541.0 542.0 539.0 
530.0 529.0 532.0 532.0 529.0 532.0 540.0 
547.0 554.0 552.0 551.0 558.0 551.0 555.0 
562.0 557.0 562.0 563.0 561.0 561.0 562.0 
565.0 574.0 584.0 602.0 621.0 629.0 639.0 
649.0 661.0 677.0 683.0 685.0 680.0 674.0 
669.0 652.0 644.0 647.0 645.0 649.0 656.0 
664.0 682.0 701.0 716.0 731.0 747.0 760.0 
762.0 762.0 764.0 758.0 740.0 709.0 686.0 
666.0 639.0 624.0 615.0 616.0 613.0 602.0 
612.0 616.0 612.0 612.0 602.0 593.0 581.0 
574.0 564.0 554.0 560.0 565.0 569.0 580.0 
589.0 597.0 606.0 618.0 632.0 648.0 657.0 
663.0 680.0 690.0 702.0 718.0 724.0 727.0 
727.0 727.0 713.0 694.0 682.0 663.0 635.0 
605.0 580.0 562.0 539.0 523.0 517.0 509.0 
505.0 513.0 521.0 525.0 533.0 547.0 563.0 
580.0 590.0 611.0 636.0 655.0 674.0 689.0 
702.0 704.0 702.0 693.0 674.0 662.0 646.0 
630.0 614.0 602.0 597.0 590.0 589.0 577.0 
567.0 557.0 544.0 537.0 519.0 514.0 514.0 
509.0 517.0 528.0 537.0 554.0 567.0 574.0 
588.0 595.0 588.0 574.0 559.0 546.0 529.0 
516.0 509.0 501.0 495.0 495.0 499.0 503.0 
506.0 514.0 520.0 521.0 525.0 527.0 538.0 
540.0 536.0 542.0 549.0 566.0 583.0 599.0 
608.0 613.0 632.0 644.0 646.0 645.0 651.0 
663.0 663.0 659.0 648.0 642.0 638.0 627.0 
620.0 612.0 608.0 608.0 605.0 602.0 599.0 
610.0 622.0 623.0 627.0 631.0 649.0 667.0 
677.0 691.0 697.0 694.0 691.0 688.0 678.0 
669.0 661.0 653.0 650.0 648.0 650.0 652.0 
646.0 653.0 654.0 644.0 650.0 645.0 635.0 
625.0 612.0 612.0 611.0 612.0 620.0 634.0 
645.0 658.0 679.0 684.0 695.0 707.0 711.0 
716.0 710.0 702.0 690.0 681.0 673.0 664.0 
651.0 632.0 621.0 608.0 597.0 586.0 579.0 
583.0 587.0 596.0 601.0 605.0 598.0 590.0 
594.0 592.0 599.0 605.0 608.0 612.0 609.0 
610.0 614.0 615.0 616.0 617.0 602.0 595.0 
587.0 577.0 584.0 577.0 578.0 584.0 575.0 
575.0 579.0 581.0 582.0 579.0 583.0 586.0 
589.0 590.0 588.0 586.0 580.0 581.0 586.0 
583.0 577.0 572.0 569.0 571.0 578.0 589.0 
596.0 597.0 592.0 593.0 591.0 581.0 572.0 
575.0 582.0 577.0 584.0 594.0 611.0 622.0 
623.0 627.0 624.0 618.0 608.0 587.0 577.0 
576.0 568.0 572.0 577.0 581.0 593.0 603.0 
619.0 637.0 648.0 664.0 680.0 692.0 701.0 
701.0 704.0 713.0 722.0 725.0 732.0 738.0 
736.0 735.0 727.0 715.0 702.0 679.0 652.0 
629.0 602.0 580.0 569.0 560.0 552.0 548.0 
547.0 555.0 569.0 578.0 592.0 607.0 622.0 
646.0 668.0 685.0 703.0 724.0 746.0 763.0 
761.0 767.0 756.0 736.0 728.0 693.0 675.0 
657.0 630.0 615.0 595.0 587.0 568.0 545.0 
528.0 511.0 487.0 465.0 456.0 443.0 439.0 
434.0 427.0 431.0 433.0 448.0 466.0 475.0 
493.0 504.0 519.0 533.0 549.0 568.0 577.0 
605.0 614.0 611.0 627.0 625.0 623.0 616.0 
609.0 604.0 596.0 593.0 591.0 600.0 600.0 
593.0 594.0 593.0 593.0 589.0 590.0 586.0 
574.0 573.0 570.0 564.0 572.0 584.0 593.0 
601.0 610.0 635.0 660.0 678.0 708.0 714.0 
723.0 741.0 736.0 732.0 731.0 735.0 737.0 
734.0 729.0 720.0 709.0 695.0 671.0 652.0 
631.0 613.0 596.0 578.0 581.0 577.0 577.0 
587.0 598.0 617.0 628.0 636.0 654.0 675.0 
682.0 682.0 689.0 691.0 685.0 675.0 670.0 
671.0 669.0 663.0 654.0 652.0 650.0 641.0 
627.0 603.0 581.0 558.0 536.0 513.0 485.0 
463.0 442.0 429.0 417.0 402.0 396.0 395.0 
406.0 415.0 419.0 430.0 435.0 445.0 461.0 
470.0 477.0 484.0 493.0 501.0 517.0 537.0 
559.0 576.0 595.0 620.0 632.0 650.0 673.0 
687.0 692.0 698.0 702.0 704.0 703.0 685.0 
679.0 669.0 664.0 671.0 668.0 672.0 677.0 
688.0 696.0 707.0 712.0 716.0 728.0 725.0 
731.0 729.0 723.0 725.0 727.0 727.0 728.0 
731.0 727.0 732.0 734.0 729.0 730.0 723.0 
713.0 704.0 697.0 687.0 678.0 690.0 701.0 
707.0 711.0 697.0 685.0 667.0 645.0 633.0 
620.0 612.0 614.0 624.0 632.0 632.0 634.0 
633.0 628.0 623.0 613.0 597.0 579.0 559.0 
535.0 518.0 501.0 482.0 464.0 461.0 459.0 
456.0 469.0 478.0 489.0 509.0 526.0 539.0 
552.0 566.0 566.0 562.0 558.0 557.0 563.0 
561.0 558.0 560.0 557.0 562.0 576.0 576.0 
578.0 581.0 575.0 567.0 557.0 544.0 524.0 
498.0 484.0 475.0 463.0 463.0 467.0 467.0 
469.0 476.0 485.0 491.0 503.0 519.0 535.0 
556.0 574.0 597.0 617.0 641.0 672.0 702.0 
730.0 748.0 770.0 793.0 816.0 840.0 863.0 
887.0 899.0 904.0 912.0 911.0 895.0 874.0 
852.0 820.0 783.0 755.0 717.0 678.0 654.0 
625.0 600.0 584.0 570.0 557.0 553.0 555.0 
558.0 571.0 579.0 589.0 613.0 635.0 649.0 
664.0 678.0 681.0 682.0 683.0 672.0 654.0 
637.0 615.0 589.0 565.0 548.0 536.0 527.0 
522.0 516.0 512.0 512.0 518.0 523.0 524.0 
530.0 538.0 535.0 527.0 515.0 504.0 498.0 
483.0 483.0 481.0 476.0 481.0 476.0 482.0 
480.0 475.0 485.0 489.0 503.0 516.0 517.0 
530.0 544.0 557.0 564.0 562.0 569.0 575.0 
587.0 593.0 604.0 627.0 636.0 646.0 652.0 
663.0 675.0 676.0 666.0 651.0 645.0 633.0 
625.0 618.0 606.0 599.0 607.0 620.0 626.0 
642.0 662.0 689.0 714.0 731.0 750.0 760.0 
769.0 772.0 766.0 759.0 749.0 745.0 744.0 
745.0 745.0 742.0 737.0 723.0 714.0 705.0 
695.0 688.0 670.0 658.0 649.0 631.0 622.0 
624.0 623.0 622.0 626.0 629.0 625.0 614.0 
608.0 607.0 598.0 586.0 580.0 568.0 557.0 
548.0 537.0 530.0 521.0 513.0 508.0 498.0 
490.0 492.0 492.0 493.0 491.0 492.0 486.0 
473.0 485.0 481.0 474.0 489.0 499.0 516.0 
540.0 560.0 572.0 588.0 609.0 622.0 631.0 
629.0 613.0 600.0 590.0 572.0 552.0 544.0 
529.0 515.0 509.0 508.0 520.0 527.0 538.0 
559.0 570.0 579.0 599.0 613.0 627.0 647.0 
661.0 667.0 671.0 664.0 655.0 656.0 643.0 
636.0 634.0 635.0 642.0 651.0 666.0 676.0 
686.0 699.0 705.0 708.0 716.0 716.0 717.0 
713.0 705.0 708.0 712.0 724.0 734.0 744.0 
754.0 762.0 771.0 765.0 765.0 759.0 736.0 
713.0 700.0 680.0 672.0 674.0 666.0 660.0 
640.0 625.0 608.0 586.0 561.0 532.0 517.0 
492.0 479.0 487.0 480.0 491.0 515.0 524.0 
541.0 559.0 568.0 577.0 581.0 583.0 589.0 
579.0 563.0 561.0 555.0 551.0 557.0 554.0 
547.0 549.0 552.0 558.0 566.0 566.0 570.0 
571.0 572.0 569.0 553.0 552.0 540.0 525.0 
520.0 515.0 524.0 530.0 534.0 545.0 552.0 
552.0 561.0 574.0 596.0 626.0 657.0 683.0 
697.0 720.0 733.0 735.0 738.0 740.0 751.0 
752.0 758.0 765.0 770.0 787.0 797.0 808.0 
819.0 817.0 816.0 799.0 773.0 762.0 742.0 
718.0 691.0 658.0 630.0 603.0 583.0 566.0 
549.0 541.0 539.0 536.0 531.0 532.0 537.0 
542.0 544.0 545.0 560.0 565.0 564.0 568.0 
568.0 573.0 562.0 548.0 538.0 529.0 518.0 
504.0 507.0 509.0 507.0 509.0 523.0 536.0 
546.0 562.0 573.0 579.0 579.0 572.0 567.0 
551.0 534.0 525.0 512.0 503.0 491.0 487.0 
487.0 478.0 487.0 498.0 510.0 530.0 542.0 
561.0 588.0 605.0 625.0 644.0 661.0 682.0 
686.0 692.0 694.0 696.0 700.0 695.0 713.0 
727.0 733.0 740.0 737.0 727.0 711.0 703.0 
695.0 684.0 676.0 669.0 653.0 638.0 634.0 
626.0 630.0 639.0 647.0 663.0 676.0 690.0 
692.0 689.0 687.0 674.0 661.0 650.0 633.0 
619.0 609.0 594.0 590.0 595.0 598.0 602.0 
602.0 591.0 585.0 586.0 574.0 565.0 564.0 
562.0 569.0 574.0 573.0 581.0 591.0 599.0 
616.0 632.0 657.0 672.0 668.0 668.0 665.0 
651.0 633.0 617.0 601.0 580.0 556.0 548.0 
541.0 531.0 526.0 518.0 521.0 521.0 523.0 
540.0 551.0 555.0 551.0 547.0 559.0 564.0 
564.0 573.0 582.0 604.0 622.0 633.0 645.0 
655.0 666.0 672.0 681.0 686.0 677.0 666.0 
647.0 625.0 600.0 571.0 554.0 540.0 526.0 
519.0 530.0 537.0 544.0 569.0 587.0 606.0 
623.0 643.0 664.0 671.0 679.0 675.0 667.0 
662.0 650.0 641.0 629.0 622.0 631.0 636.0 
641.0 646.0 650.0 665.0 676.0 690.0 699.0 
697.0 708.0 715.0 719.0 724.0 719.0 705.0 
685.0 671.0 651.0 636.0 626.0 621.0 621.0 
612.0 610.0 613.0 617.0 616.0 613.0 610.0 
595.0 577.0 562.0 549.0 532.0 511.0 494.0 
479.0 472.0 471.0 475.0 486.0 492.0 501.0 
518.0 534.0 544.0 559.0 573.0 587.0 603.0 
621.0 643.0 663.0 684.0 706.0 719.0 731.0 
745.0 751.0 745.0 729.0 707.0 686.0 665.0 
642.0 621.0 600.0 580.0 561.0 544.0 550.0 
561.0 561.0 570.0 578.0 587.0 602.0 619.0 
633.0 640.0 650.0 660.0 662.0 662.0 664.0 
656.0 655.0 651.0 645.0 654.0 646.0 634.0 
623.0 607.0 597.0 580.0 566.0 551.0 545.0 
542.0 541.0 547.0 555.0 572.0 592.0 613.0 
630.0 641.0 652.0 665.0 673.0 660.0 663.0 
645.0 612.0 604.0 591.0 582.0 574.0 564.0 
553.0 547.0 542.0 534.0 541.0 541.0 547.0 
560.0 569.0 576.0 587.0 610.0 628.0 641.0 
646.0 650.0 660.0 662.0 661.0 660.0 657.0 
661.0 665.0 671.0 686.0 694.0 699.0 705.0 
711.0 710.0 688.0 670.0 651.0 625.0 608.0 
592.0 582.0 577.0 570.0 567.0 564.0 561.0 
554.0 557.0 567.0 565.0 583.0 595.0 595.0 
604.0 610.0 617.0 621.0 624.0 619.0 618.0 
621.0 618.0 618.0 620.0 620.0 626.0 635.0 
633.0 629.0 626.0 626.0 612.0 593.0 590.0 
576.0 562.0 558.0 560.0 564.0 574.0 603.0 
619.0 629.0 650.0 662.0 672.0 682.0 697.0 
705.0 710.0 717.0 719.0 729.0 723.0 714.0 
705.0 688.0 677.0 666.0 654.0 647.0 633.0 
610.0 599.0 602.0 591.0 586.0 597.0 592.0 
595.0 604.0 602.0 605.0 603.0 603.0 609.0 
609.0 603.0 599.0 596.0 589.0 583.0 585.0 
591.0 589.0 590.0 606.0 625.0 629.0 628.0 
629.0 622.0 611.0 594.0 576.0 556.0 545.0 
536.0 516.0 496.0 481.0 469.0 463.0 465.0 
471.0 484.0 494.0 504.0 525.0 542.0 554.0 
572.0 589.0 602.0 612.0 617.0 614.0 600.0 
599.0 594.0 593.0 596.0 599.0 611.0 617.0 
625.0 644.0 653.0 654.0 663.0 670.0 672.0 
682.0 690.0 688.0 683.0 676.0 674.0 665.0 
651.0 645.0 636.0 631.0 619.0 614.0 615.0 
618.0 624.0 624.0 637.0 647.0 651.0 668.0 
674.0 683.0 682.0 675.0 679.0 675.0 676.0 
687.0 696.0 704.0 714.0 722.0 720.0 721.0 
728.0 720.0 708.0 697.0 686.0 673.0 650.0 
644.0 634.0 620.0 605.0 584.0 568.0 550.0 
531.0 516.0 501.0 483.0 462.0 450.0 452.0 
454.0 454.0 468.0 485.0 494.0 501.0 512.0 
529.0 549.0 569.0 585.0 599.0 621.0 633.0 
635.0 635.0 637.0 640.0 633.0 633.0 634.0 
638.0 648.0 640.0 638.0 631.0 622.0 620.0 
603.0 592.0 584.0 569.0 557.0 558.0 563.0 
566.0 574.0 577.0 581.0 590.0 602.0 609.0 
614.0 617.0 607.0 608.0 619.0 612.0 602.0 
603.0 609.0 612.0 607.0 616.0 633.0 645.0 
672.0 698.0 714.0 740.0 750.0 751.0 749.0 
738.0 732.0 715.0 709.0 702.0 675.0 659.0 
640.0 623.0 610.0 599.0 597.0 597.0 596.0 
587.0 581.0 572.0 564.0 566.0 573.0 580.0 
596.0 613.0 621.0 632.0 633.0 629.0 632.0 
624.0 614.0 602.0 584.0 566.0 548.0 535.0 
518.0 504.0 494.0 495.0 498.0 505.0 524.0 
539.0 565.0 595.0 613.0 639.0 658.0 669.0 
687.0 700.0 707.0 711.0 707.0 701.0 687.0 
676.0 656.0 624.0 600.0 571.0 549.0 540.0 
520.0 508.0 510.0 507.0 504.0 506.0 505.0 
509.0 518.0 520.0 532.0 553.0 570.0 591.0 
617.0 643.0 661.0 679.0 697.0 706.0 713.0 
720.0 726.0 730.0 723.0 709.0 697.0 676.0 
660.0 650.0 615.0 593.0 588.0 575.0 570.0 
565.0 561.0 560.0 563.0 568.0 576.0 584.0 
591.0 608.0 616.0 621.0 631.0 647.0 653.0 
659.0 684.0 693.0 707.0 707.0 698.0 707.0 
692.0 682.0 676.0 665.0 655.0 643.0 638.0 
631.0 629.0 628.0 629.0 643.0 647.0 649.0 
657.0 659.0 661.0 668.0 669.0 670.0 673.0 
678.0 683.0 679.0 667.0 653.0 644.0 635.0 
610.0 594.0 585.0 571.0 575.0 576.0 582.0 
591.0 595.0 599.0 600.0 610.0 607.0 603.0 
608.0 593.0 584.0 578.0 563.0 552.0 542.0 
530.0 506.0 488.0 476.0 474.0 474.0 463.0 
479.0 496.0 504.0 520.0 531.0 546.0 561.0 
571.0 578.0 592.0 608.0 616.0 627.0 637.0 
645.0 648.0 657.0 666.0 661.0 660.0 655.0 
646.0 637.0 629.0 617.0 601.0 589.0 572.0 
564.0 556.0 553.0 556.0 552.0 559.0 565.0 
576.0 594.0 597.0 603.0 607.0 604.0 612.0 
621.0 633.0 646.0 646.0 655.0 663.0 665.0 
665.0 659.0 672.0 665.0 657.0 664.0 647.0 
644.0 645.0 642.0 635.0 623.0 617.0 608.0 
606.0 602.0 598.0 599.0 601.0 602.0 599.0 
607.0 613.0 613.0 622.0 626.0 634.0 645.0 
643.0 646.0 654.0 666.0 674.0 664.0 648.0 
630.0 613.0 599.0 577.0 569.0 568.0 563.0 
570.0 574.0 589.0 615.0 638.0 671.0 693.0 
710.0 731.0 736.0 745.0 750.0 739.0 731.0 
718.0 704.0 701.0 687.0 664.0 649.0 625.0 
604.0 586.0 575.0 574.0 566.0 563.0 566.0 
567.0 564.0 557.0 561.0 565.0 564.0 574.0 
580.0 587.0 599.0 602.0 603.0 594.0 586.0 
586.0 579.0 576.0 574.0 568.0 566.0 566.0 
571.0 560.0 541.0 530.0 513.0 501.0 493.0 
487.0 489.0 496.0 496.0 499.0 511.0 519.0 
522.0 535.0 559.0 577.0 593.0 616.0 637.0 
653.0 665.0 676.0 676.0 679.0 679.0 670.0 
669.0 662.0 661.0 657.0 655.0 651.0 640.0 
635.0 623.0 621.0 616.0 611.0 611.0 610.0 
607.0 603.0 609.0 619.0 638.0 652.0 661.0 
679.0 696.0 709.0 718.0 724.0 717.0 712.0 
713.0 703.0 699.0 709.0 711.0 707.0 712.0 
710.0 696.0 680.0 660.0 645.0 629.0 617.0 
611.0 608.0 609.0 605.0 604.0 598.0 592.0 
592.0 593.0 600.0 597.0 597.0 591.0 579.0 
572.0 561.0 560.0 550.0 542.0 531.0 510.0 
505.0 500.0 502.0 521.0 535.0 544.0 561.0 
579.0 590.0 590.0 593.0 609.0 619.0 631.0 
646.0 658.0 669.0 677.0 679.0 684.0 683.0 
671.0 654.0 630.0 619.0 608.0 595.0 595.0 
594.0 596.0 605.0 614.0 619.0 618.0 612.0 
602.0 592.0 587.0 580.0 578.0 586.0 586.0 
586.0 593.0 598.0 610.0 621.0 627.0 638.0 
645.0 647.0 648.0 650.0 660.0 665.0 671.0 
679.0 679.0 678.0 668.0 651.0 640.0 628.0 
617.0 609.0 604.0 601.0 596.0 596.0 584.0 
567.0 559.0 544.0 529.0 519.0 508.0 503.0 
504.0 509.0 517.0 520.0 527.0 548.0 559.0 
569.0 588.0 597.0 610.0 617.0 618.0 620.0 
609.0 602.0 588.0 578.0 572.0 570.0 569.0 
556.0 559.0 563.0 561.0 572.0 584.0 595.0 
597.0 594.0 591.0 591.0 586.0 566.0 559.0 
564.0 567.0 576.0 591.0 609.0 619.0 629.0 
650.0 669.0 688.0 709.0 727.0 738.0 742.0 
747.0 745.0 741.0 750.0 751.0 754.0 757.0 
753.0 760.0 756.0 747.0 736.0 722.0 703.0 
680.0 653.0 625.0 617.0 606.0 592.0 587.0 
588.0 593.0 594.0 603.0 612.0 625.0 642.0 
655.0 670.0 680.0 690.0 692.0 687.0 681.0 
665.0 651.0 638.0 629.0 621.0 612.0 606.0 
598.0 598.0 605.0 610.0 611.0 612.0 615.0 
615.0 615.0 606.0 599.0 589.0 573.0 564.0 
556.0 544.0 536.0 535.0 527.0 527.0 529.0 
522.0 518.0 518.0 525.0 530.0 542.0 560.0 
573.0 587.0 602.0 618.0 635.0 648.0 654.0 
653.0 659.0 663.0 665.0 670.0 668.0 663.0 
656.0 651.0 637.0 617.0 609.0 597.0 581.0 
564.0 559.0 551.0 534.0 533.0 526.0 534.0 
545.0 544.0 557.0 576.0 607.0 636.0 656.0 
677.0 693.0 714.0 725.0 724.0 725.0 722.0 
711.0 695.0 679.0 672.0 662.0 659.0 663.0 
661.0 664.0 670.0 681.0 693.0 697.0 705.0 
713.0 705.0 699.0 689.0 677.0 663.0 637.0 
617.0 584.0 557.0 539.0 531.0 528.0 519.0 
533.0 540.0 548.0 566.0 573.0 586.0 596.0 
603.0 602.0 599.0 598.0 588.0 589.0 586.0 
577.0 573.0 567.0 565.0 567.0 568.0 575.0 
588.0 594.0 608.0 612.0 606.0 610.0 599.0 
596.0 591.0 577.0 573.0 562.0 564.0 570.0 
565.0 563.0 565.0 557.0 546.0 548.0 547.0 
542.0 543.0 547.0 558.0 571.0 582.0 592.0 
609.0 625.0 635.0 659.0 678.0 688.0 712.0 
728.0 730.0 726.0 719.0 707.0 692.0 684.0 
673.0 656.0 652.0 646.0 634.0 636.0 632.0 
628.0 616.0 601.0 600.0 594.0 591.0 599.0 
609.0 622.0 642.0 658.0 677.0 701.0 719.0 
731.0 738.0 741.0 738.0 722.0 699.0 670.0 
639.0 616.0 602.0 586.0 566.0 546.0 532.0 
529.0 521.0 507.0 502.0 494.0 483.0 477.0 
482.0 489.0 487.0 489.0 495.0 504.0 518.0 
527.0 539.0 553.0 554.0 556.0 557.0 555.0 
555.0 548.0 546.0 536.0 532.0 537.0 540.0 
548.0 536.0 537.0 543.0 537.0 552.0 559.0 
563.0 574.0 580.0 596.0 612.0 626.0 644.0 
661.0 678.0 685.0 692.0 701.0 701.0 701.0 
700.0 698.0 701.0 697.0 683.0 670.0 663.0 
657.0 651.0 649.0 640.0 636.0 638.0 637.0 
641.0 648.0 657.0 665.0 681.0 701.0 719.0 
739.0 752.0 756.0 765.0 783.0 792.0 792.0 
792.0 791.0 783.0 767.0 751.0 737.0 718.0 
699.0 679.0 658.0 639.0 622.0 610.0 602.0 
590.0 581.0 578.0 563.0 550.0 540.0 521.0 
507.0 495.0 492.0 491.0 500.0 516.0 523.0 
548.0 567.0 580.0 592.0 601.0 610.0 609.0 
607.0 606.0 602.0 589.0 583.0 576.0 566.0 
559.0 555.0 558.0 564.0 574.0 581.0 586.0 
598.0 613.0 612.0 611.0 620.0 622.0 627.0 
624.0 611.0 607.0 602.0 592.0 572.0 553.0 
548.0 536.0 531.0 533.0 528.0 536.0 538.0 
542.0 563.0 575.0 581.0 592.0 605.0 620.0 
636.0 651.0 670.0 687.0 691.0 695.0 687.0 
675.0 667.0 652.0 642.0 636.0 631.0 628.0 
627.0 627.0 626.0 628.0 631.0 632.0 634.0 
633.0 624.0 625.0 624.0 617.0 624.0 637.0 
647.0 662.0 681.0 684.0 680.0 677.0 666.0 
661.0 648.0 641.0 644.0 639.0 641.0 637.0 
627.0 626.0 626.0 619.0 613.0 613.0 612.0 
619.0 632.0 651.0 665.0 674.0 686.0 701.0 
711.0 720.0 733.0 735.0 737.0 733.0 718.0 
708.0 701.0 687.0 668.0 658.0 648.0 642.0 
636.0 626.0 620.0 611.0 597.0 583.0 570.0 
560.0 553.0 544.0 547.0 550.0 546.0 549.0 
551.0 549.0 553.0 556.0 556.0 558.0 557.0 
558.0 565.0 557.0 545.0 534.0 529.0 528.0 
527.0 529.0 532.0 549.0 551.0 561.0 576.0 
567.0 566.0 563.0 558.0 558.0 560.0 565.0 
575.0 581.0 591.0 604.0 605.0 612.0 618.0 
616.0 612.0 597.0 582.0 573.0 560.0 551.0 
542.0 537.0 533.0 518.0 515.0 514.0 517.0 
531.0 545.0 571.0 594.0 622.0 654.0 679.0 
710.0 725.0 730.0 744.0 752.0 754.0 751.0 
735.0 720.0 712.0 708.0 700.0 691.0 681.0 
658.0 640.0 631.0 608.0 590.0 579.0 572.0 
568.0 561.0 570.0 573.0 565.0 563.0 560.0 
570.0 579.0 583.0 590.0 596.0 606.0 613.0 
617.0 629.0 638.0 641.0 656.0 668.0 679.0 
690.0 694.0 695.0 690.0 699.0 704.0 696.0 
694.0 687.0 679.0 664.0 655.0 645.0 625.0 
614.0 594.0 579.0 572.0 552.0 545.0 550.0 
549.0 546.0 550.0 573.0 601.0 623.0 644.0 
657.0 678.0 681.0 668.0 658.0 633.0 625.0 
619.0 607.0 614.0 617.0 617.0 629.0 639.0 
644.0 653.0 664.0 670.0 675.0 675.0 682.0 
688.0 675.0 664.0 649.0 634.0 618.0 602.0 
593.0 581.0 581.0 573.0 562.0 572.0 573.0 
567.0 569.0 569.0 576.0 569.0 554.0 548.0 
534.0 529.0 523.0 516.0 514.0 514.0 526.0 
543.0 559.0 568.0 582.0 593.0 590.0 591.0 
595.0 604.0 614.0 612.0 622.0 636.0 647.0 
662.0 665.0 676.0 678.0 664.0 664.0 668.0 
665.0 660.0 663.0 659.0 657.0 662.0 657.0 
653.0 652.0 657.0 651.0 636.0 630.0 621.0 
614.0 606.0 602.0 603.0 605.0 604.0 602.0 
612.0 616.0 614.0 614.0 615.0 616.0 613.0 
626.0 635.0 646.0 666.0 672.0 679.0 688.0 
693.0 691.0 682.0 669.0 658.0 656.0 642.0 
626.0 617.0 606.0 596.0 586.0 580.0 571.0 
556.0 550.0 542.0 529.0 525.0 525.0 524.0 
521.0 517.0 517.0 511.0 511.0 511.0 510.0 
512.0 514.0 531.0 538.0 548.0 569.0 582.0 
594.0 598.0 602.0 596.0 579.0 561.0 542.0 
537.0 530.0 517.0 526.0 539.0 544.0 563.0 
577.0 595.0 618.0 642.0 662.0 674.0 693.0 
697.0 696.0 703.0 701.0 693.0 693.0 700.0 
702.0 719.0 737.0 745.0 751.0 753.0 757.0 
761.0 761.0 765.0 765.0 754.0 748.0 742.0 
728.0 706.0 675.0 648.0 621.0 597.0 590.0 
576.0 569.0 563.0 552.0 548.0 546.0 551.0 
554.0 562.0 568.0 573.0 586.0 587.0 592.0 
603.0 604.0 602.0 597.0 586.0 575.0 555.0 
550.0 547.0 531.0 529.0 527.0 519.0 507.0 
501.0 495.0 489.0 490.0 491.0 496.0 501.0 
499.0 504.0 525.0 531.0 548.0 581.0 592.0 
612.0 634.0 660.0 680.0 680.0 682.0 676.0 
677.0 667.0 660.0 656.0 649.0 654.0 643.0 
637.0 629.0 621.0 619.0 618.0 627.0 622.0 
613.0 601.0 592.0 581.0 571.0 569.0 568.0 
577.0 576.0 580.0 580.0 585.0 603.0 601.0 
608.0 612.0 614.0 613.0 606.0 611.0 607.0 
601.0 604.0 606.0 602.0 608.0 621.0 627.0 
636.0 654.0 673.0 686.0 695.0 694.0 689.0 
682.0 676.0 674.0 675.0 679.0 680.0 680.0 
675.0 672.0 651.0 635.0 621.0 595.0 581.0 
564.0 553.0 538.0 521.0 518.0 513.0 513.0 
516.0 515.0 527.0 548.0 552.0 568.0 585.0 
591.0 609.0 620.0 640.0 667.0 686.0 713.0 
735.0 759.0 782.0 797.0 810.0 815.0 811.0 
799.0 787.0 772.0 753.0 727.0 712.0 702.0 
677.0 655.0 635.0 620.0 605.0 599.0 596.0 
595.0 605.0 606.0 627.0 645.0 648.0 654.0 
650.0 647.0 630.0 616.0 612.0 595.0 592.0 
595.0 598.0 598.0 596.0 609.0 613.0 615.0 
613.0 598.0 594.0 587.0 581.0 577.0 572.0 
573.0 565.0 566.0 569.0 567.0 566.0 559.0 
558.0 551.0 541.0 532.0 520.0 512.0 504.0 
497.0 493.0 491.0 491.0 494.0 502.0 519.0 
533.0 548.0 557.0 573.0 593.0 598.0 607.0 
610.0 609.0 611.0 608.0 614.0 625.0 628.0 
625.0 619.0 626.0 632.0 625.0 634.0 637.0 
631.0 629.0 623.0 626.0 627.0 623.0 627.0 
627.0 620.0 608.0 603.0 602.0 596.0 590.0 
593.0 601.0 608.0 615.0 620.0 626.0 631.0 
638.0 644.0 650.0 663.0 661.0 659.0 668.0 
671.0 672.0 679.0 677.0 673.0 664.0 646.0 
643.0 640.0 636.0 640.0 639.0 638.0 634.0 
631.0 628.0 630.0 631.0 630.0 631.0 625.0 
622.0 618.0 607.0 602.0 599.0 591.0 580.0 
571.0 568.0 569.0 561.0 547.0 535.0 526.0 
512.0 494.0 486.0 481.0 472.0 473.0 479.0 
468.0 470.0 480.0 472.0 481.0 492.0 506.0 
521.0 526.0 542.0 547.0 551.0 556.0 561.0 
581.0 594.0 610.0 625.0 633.0 652.0 658.0 
657.0 653.0 642.0 634.0 623.0 615.0 603.0 
600.0 602.0 599.0 611.0 629.0 645.0 660.0 
683.0 708.0 720.0 743.0 759.0 762.0 771.0 
770.0 759.0 746.0 731.0 719.0 703.0 682.0 
673.0 661.0 655.0 654.0 648.0 646.0 630.0 
616.0 606.0 601.0 596.0 583.0 577.0 579.0 
577.0 576.0 585.0 588.0 594.0 597.0 592.0 
603.0 613.0 621.0 615.0 606.0 599.0 590.0 
586.0 575.0 573.0 575.0 561.0 553.0 553.0 
546.0 537.0 539.0 550.0 563.0 574.0 584.0 
593.0 603.0 603.0 599.0 593.0 589.0 590.0 
585.0 580.0 578.0 572.0 566.0 563.0 555.0 
553.0 550.0 556.0 581.0 589.0 597.0 613.0 
625.0 631.0 636.0 643.0 641.0 635.0 630.0 
617.0 598.0 587.0 580.0 576.0 579.0 579.0 
581.0 593.0 599.0 610.0 622.0 633.0 650.0 
666.0 674.0 675.0 684.0 693.0 691.0 684.0 
676.0 663.0 640.0 630.0 620.0 610.0 612.0 
609.0 614.0 627.0 636.0 647.0 662.0 672.0 
669.0 661.0 648.0 641.0 623.0 603.0 594.0 
578.0 571.0 573.0 571.0 569.0 572.0 569.0 
571.0 584.0 592.0 593.0 596.0 599.0 605.0 
615.0 613.0 611.0 621.0 624.0 623.0 625.0 
628.0 627.0 625.0 625.0 616.0 621.0 630.0 
628.0 640.0 652.0 666.0 683.0 692.0 704.0 
716.0 722.0 722.0 724.0 734.0 731.0 719.0 
716.0 715.0 713.0 714.0 709.0 699.0 694.0 
688.0 677.0 670.0 665.0 659.0 645.0 638.0 
633.0 618.0 611.0 605.0 595.0 588.0 589.0 
590.0 579.0 575.0 573.0 572.0 566.0 553.0 
552.0 549.0 552.0 553.0 543.0 543.0 536.0 
531.0 525.0 518.0 516.0 508.0 514.0 521.0 
514.0 515.0 506.0 504.0 519.0 518.0 516.0 
521.0 516.0 503.0 498.0 500.0 500.0 495.0 
498.0 501.0 499.0 508.0 507.0 509.0 519.0 
526.0 522.0 513.0 514.0 509.0 508.0 514.0 
519.0 530.0 548.0 561.0 570.0 583.0 590.0 
601.0 601.0 596.0 604.0 613.0 619.0 628.0 
635.0 638.0 652.0 666.0 681.0 694.0 714.0 
746.0 757.0 763.0 771.0 778.0 784.0 784.0 
782.0 777.0 768.0 762.0 749.0 729.0 713.0 
697.0 696.0 708.0 710.0 704.0 697.0 691.0 
683.0 670.0 652.0 637.0 631.0 635.0 644.0 
656.0 658.0 659.0 664.0 651.0 633.0 627.0 
622.0 610.0 601.0 596.0 580.0 567.0 558.0 
544.0 534.0 530.0 528.0 536.0 542.0 536.0 
523.0 510.0 502.0 475.0 453.0 447.0 432.0 
424.0 417.0 426.0 440.0 439.0 453.0 466.0 
475.0 488.0 505.0 527.0 539.0 542.0 544.0 
536.0 532.0 537.0 529.0 534.0 540.0 546.0 
554.0 556.0 579.0 615.0 640.0 663.0 695.0 
715.0 741.0 766.0 774.0 786.0 783.0 777.0 
768.0 747.0 726.0 699.0 679.0 662.0 657.0 
662.0 653.0 651.0 662.0 671.0 678.0 689.0 
704.0 720.0 726.0 734.0 745.0 736.0 725.0 
714.0 700.0 680.0 647.0 624.0 605.0 591.0 
589.0 586.0 588.0 590.0 595.0 597.0 586.0 
579.0 574.0 564.0 558.0 552.0 541.0 525.0 
507.0 495.0 480.0 472.0 477.0 489.0 511.0 
533.0 546.0 549.0 551.0 559.0 565.0 571.0 
564.0 550.0 531.0 513.0 506.0 483.0 461.0 
453.0 435.0 423.0 425.0 431.0 437.0 441.0 
448.0 452.0 460.0 480.0 506.0 534.0 551.0 
565.0 584.0 599.0 623.0 639.0 655.0 672.0 
695.0 726.0 741.0 759.0 777.0 789.0 797.0 
802.0 813.0 802.0 795.0 796.0 774.0 761.0 
754.0 736.0 724.0 707.0 692.0 688.0 681.0 
672.0 669.0 670.0 674.0 670.0 668.0 679.0 
684.0 688.0 691.0 690.0 687.0 694.0 700.0 
703.0 709.0 714.0 714.0 718.0 720.0 711.0 
715.0 712.0 706.0 713.0 705.0 699.0 692.0 
679.0 659.0 642.0 630.0 603.0 590.0 568.0 
543.0 529.0 487.0 461.0 429.0 397.0 373.0 
353.0 363.0 362.0 361.0 373.0 396.0 419.0 
431.0 449.0 477.0 485.0 484.0 495.0 501.0 
516.0 528.0 527.0 537.0 555.0 558.0 569.0 
582.0 571.0 575.0 575.0 573.0 579.0 582.0 
592.0 599.0 622.0 628.0 623.0 638.0 645.0 
651.0 659.0 676.0 688.0 690.0 694.0 706.0 
718.0 715.0 714.0 707.0 700.0 704.0 706.0 
702.0 698.0 703.0 708.0 711.0 712.0 719.0 
725.0 723.0 728.0 739.0 746.0 743.0 737.0 
726.0 715.0 704.0 688.0 668.0 655.0 647.0 
633.0 620.0 605.0 585.0 564.0 555.0 551.0 
533.0 531.0 521.0 498.0 490.0 480.0 470.0 
469.0 467.0 457.0 458.0 469.0 466.0 464.0 
462.0 458.0 462.0 458.0 455.0 465.0 481.0 
501.0 520.0 541.0 561.0 570.0 581.0 591.0 
595.0 599.0 603.0 601.0 608.0 620.0 624.0 
625.0 635.0 637.0 633.0 638.0 646.0 651.0 
660.0 673.0 679.0 698.0 722.0 738.0 752.0 
761.0 765.0 749.0 728.0 705.0 676.0 649.0 
622.0 605.0 591.0 576.0 578.0 584.0 589.0 
594.0 601.0 607.0 603.0 603.0 603.0 600.0 
596.0 596.0 606.0 600.0 603.0 616.0 621.0 
634.0 631.0 627.0 633.0 621.0 612.0 599.0 
584.0 572.0 550.0 536.0 527.0 518.0 508.0 
502.0 507.0 502.0 506.0 517.0 525.0 538.0 
557.0 581.0 601.0 613.0 629.0 642.0 652.0 
658.0 661.0 666.0 668.0 672.0 679.0 682.0 
680.0 673.0 651.0 637.0 628.0 619.0 620.0 
611.0 611.0 615.0 610.0 615.0 621.0 615.0 
606.0 611.0 619.0 614.0 601.0 595.0 597.0 
578.0 558.0 544.0 539.0 536.0 525.0 540.0 
560.0 573.0 595.0 616.0 644.0 668.0 686.0 
707.0 715.0 714.0 720.0 719.0 711.0 702.0 
694.0 688.0 676.0 674.0 677.0 667.0 652.0 
650.0 658.0 664.0 662.0 653.0 656.0 652.0 
631.0 615.0 595.0 577.0 565.0 546.0 537.0 
536.0 536.0 534.0 527.0 528.0 535.0 538.0 
540.0 547.0 550.0 548.0 537.0 526.0 524.0 
521.0 518.0 515.0 511.0 514.0 517.0 520.0 
535.0 555.0 570.0 584.0 600.0 618.0 636.0 
647.0 663.0 674.0 668.0 663.0 659.0 650.0 
632.0 621.0 614.0 596.0 598.0 601.0 593.0 
587.0 581.0 573.0 565.0 568.0 569.0 569.0 
577.0 586.0 593.0 605.0 612.0 619.0 633.0 
632.0 642.0 650.0 652.0 660.0 663.0 676.0 
682.0 690.0 716.0 726.0 726.0 739.0 745.0 
733.0 727.0 723.0 719.0 712.0 706.0 697.0 
691.0 696.0 687.0 666.0 655.0 651.0 642.0 
625.0 615.0 607.0 590.0 580.0 564.0 560.0 
561.0 549.0 552.0 557.0 566.0 569.0 575.0 
601.0 610.0 615.0 627.0 639.0 647.0 651.0 
654.0 657.0 646.0 632.0 618.0 603.0 587.0 
560.0 529.0 501.0 481.0 460.0 436.0 439.0 
445.0 445.0 456.0 473.0 502.0 529.0 552.0 
575.0 591.0 601.0 599.0 591.0 585.0 586.0 
590.0 583.0 572.0 567.0 567.0 567.0 566.0 
563.0 573.0 591.0 598.0 612.0 627.0 628.0 
629.0 635.0 632.0 620.0 622.0 630.0 626.0 
627.0 627.0 634.0 639.0 637.0 640.0 646.0 
659.0 651.0 654.0 667.0 662.0 667.0 674.0 
677.0 676.0 678.0 683.0 680.0 665.0 653.0 
636.0 618.0 605.0 592.0 587.0 593.0 601.0 
604.0 630.0 652.0 654.0 666.0 677.0 687.0 
683.0 675.0 671.0 659.0 648.0 625.0 608.0 
606.0 599.0 587.0 582.0 579.0 574.0 584.0 
594.0 601.0 610.0 615.0 617.0 621.0 611.0 
590.0 570.0 547.0 532.0 515.0 489.0 472.0 
473.0 485.0 503.0 533.0 555.0 578.0 598.0 
616.0 644.0 665.0 685.0 682.0 674.0 671.0 
659.0 643.0 630.0 627.0 621.0 615.0 613.0 
621.0 637.0 639.0 635.0 650.0 681.0 707.0 
729.0 740.0 739.0 726.0 703.0 672.0 636.0 
600.0 574.0 560.0 555.0 550.0 544.0 539.0 
507.0 482.0 463.0 432.0 422.0 434.0 464.0 
516.0 587.0 647.0 679.0 684.0 658.0 624.0 
591.0 559.0 541.0 534.0 542.0 559.0 568.0 
566.0 560.0 569.0 586.0 607.0 608.0 581.0 
566.0 560.0 577.0 617.0 641.0 640.0 626.0 
614.0 593.0 564.0 552.0 548.0 570.0 618.0 
649.0 645.0 604.0 569.0 562.0 570.0 590.0 
606.0 634.0 677.0 730.0 767.0 778.0 765.0 
726.0 721.0 741.0 768.0 782.0 747.0 701.0 
670.0 638.0 591.0 545.0 541.0 575.0 618.0 
679.0 745.0 794.0 822.0 831.0 834.0 824.0 
792.0 741.0 694.0 659.0 651.0 668.0 676.0 
683.0 673.0 646.0 628.0 625.0 614.0 574.0 
528.0 507.0 513.0 520.0 511.0 491.0 474.0 
463.0 460.0 466.0 499.0 541.0 561.0 607.0 
663.0 655.0 604.0 557.0 523.0 497.0 468.0 
500.0 548.0 531.0 501.0 475.0 473.0 459.0 
447.0 463.0 457.0 453.0 460.0 456.0 444.0 
448.0 452.0 448.0 449.0 448.0 460.0 478.0 
494.0 507.0 527.0 569.0 610.0 634.0 661.0 
694.0 724.0 730.0 722.0 717.0 695.0 678.0 
684.0 693.0 697.0 707.0 730.0 726.0 704.0 
685.0 671.0 657.0 637.0 642.0 660.0 677.0 
677.0 666.0 685.0 703.0 714.0 734.0 757.0 
785.0 805.0 781.0 740.0 715.0 693.0 694.0 
697.0 713.0 712.0 677.0 663.0 669.0 709.0 
745.0 754.0 736.0 692.0 668.0 643.0 608.0 
585.0 564.0 555.0 557.0 554.0 544.0 541.0 
532.0 499.0 472.0 451.0 444.0 443.0 439.0 
454.0 468.0 492.0 528.0 565.0 583.0 551.0 
515.0 511.0 533.0 560.0 586.0 585.0 564.0 
559.0 572.0 614.0 643.0 642.0 634.0 622.0 
605.0 601.0 604.0 580.0 571.0 581.0 584.0 
558.0 514.0 493.0 497.0 517.0 534.0 559.0 
576.0 588.0 605.0 604.0 601.0 581.0 567.0 
571.0 580.0 610.0 646.0 678.0 708.0 748.0 
803.0 857.0 894.0 908.0 889.0 831.0 760.0 
695.0 619.0 549.0 492.0 461.0 455.0 445.0 
455.0 481.0 522.0 590.0 650.0 706.0 739.0 
739.0 735.0 712.0 672.0 629.0 616.0 624.0 
630.0 658.0 691.0 713.0 726.0 741.0 761.0 
768.0 764.0 748.0 724.0 691.0 657.0 614.0 
571.0 530.0 488.0 472.0 462.0 459.0 469.0 
483.0 506.0 534.0 559.0 577.0 590.0 593.0 
593.0 594.0 593.0 598.0 596.0 582.0 590.0 
605.0 608.0 606.0 588.0 555.0 525.0 509.0 
490.0 481.0 498.0 538.0 599.0 644.0 680.0 
698.0 697.0 701.0 700.0 691.0 664.0 637.0 
621.0 599.0 586.0 581.0 581.0 593.0 596.0 
589.0 575.0 553.0 552.0 575.0 604.0 637.0 
683.0 716.0 714.0 683.0 639.0 598.0 561.0 
528.0 515.0 494.0 470.0 457.0 458.0 474.0 
491.0 517.0 545.0 565.0 578.0 579.0 589.0 
608.0 634.0 661.0 686.0 713.0 736.0 753.0 
751.0 753.0 754.0 741.0 730.0 706.0 688.0 
686.0 669.0 629.0 598.0 573.0 555.0 559.0 
569.0 589.0 618.0 642.0 656.0 666.0 678.0 
694.0 714.0 726.0 743.0 756.0 738.0 705.0 
668.0 634.0 610.0 598.0 587.0 567.0 541.0 
521.0 509.0 509.0 537.0 567.0 593.0 612.0 
628.0 647.0 652.0 659.0 641.0 605.0 581.0 
558.0 533.0 502.0 468.0 436.0 421.0 425.0 
439.0 450.0 461.0 480.0 487.0 487.0 497.0 
516.0 541.0 556.0 550.0 553.0 556.0 535.0 
536.0 546.0 556.0 574.0 582.0 571.0 554.0 
557.0 570.0 595.0 606.0 604.0 624.0 637.0 
644.0 649.0 664.0 682.0 692.0 695.0 680.0 
685.0 691.0 683.0 683.0 673.0 673.0 674.0 
666.0 652.0 635.0 629.0 635.0 658.0 674.0 
661.0 645.0 630.0 627.0 630.0 615.0 596.0 
582.0 572.0 558.0 565.0 580.0 585.0 599.0 
593.0 595.0 594.0 574.0 561.0 541.0 543.0 
540.0 530.0 539.0 548.0 565.0 577.0 603.0 
650.0 688.0 729.0 760.0 765.0 754.0 742.0 
737.0 734.0 731.0 716.0 691.0 655.0 632.0 
630.0 623.0 610.0 606.0 619.0 630.0 649.0 
662.0 661.0 655.0 628.0 607.0 599.0 588.0 
577.0 568.0 561.0 573.0 595.0 600.0 610.0 
628.0 636.0 635.0 644.0 664.0 672.0 686.0 
692.0 677.0 657.0 621.0 604.0 582.0 549.0 
522.0 498.0 494.0 491.0 496.0 500.0 499.0 
511.0 524.0 540.0 555.0 568.0 567.0 579.0 
611.0 627.0 635.0 635.0 617.0 590.0 553.0 
515.0 498.0 499.0 513.0 532.0 551.0 560.0 
557.0 551.0 539.0 540.0 548.0 566.0 591.0 
605.0 614.0 622.0 633.0 630.0 627.0 637.0 
646.0 648.0 670.0 708.0 743.0 755.0 742.0 
729.0 713.0 685.0 652.0 629.0 611.0 604.0 
611.0 612.0 596.0 570.0 544.0 536.0 556.0 
578.0 593.0 609.0 616.0 625.0 633.0 643.0 
671.0 695.0 708.0 715.0 711.0 709.0 705.0 
695.0 683.0 673.0 652.0 620.0 613.0 615.0 
608.0 593.0 584.0 586.0 571.0 541.0 510.0 
486.0 473.0 461.0 449.0 440.0 432.0 441.0 
469.0 501.0 537.0 577.0 623.0 660.0 698.0 
728.0 745.0 759.0 764.0 772.0 772.0 777.0 
774.0 746.0 741.0 743.0 733.0 722.0 685.0 
629.0 592.0 567.0 539.0 522.0 502.0 476.0 
453.0 431.0 419.0 416.0 421.0 439.0 461.0 
481.0 510.0 541.0 580.0 625.0 667.0 711.0 
748.0 762.0 763.0 775.0 787.0 795.0 787.0 
759.0 721.0 664.0 617.0 581.0 552.0 548.0 
554.0 560.0 553.0 538.0 530.0 515.0 508.0 
520.0 541.0 550.0 560.0 569.0 563.0 564.0 
553.0 549.0 553.0 560.0 585.0 596.0 614.0 
638.0 650.0 670.0 692.0 710.0 718.0 713.0 
700.0 685.0 677.0 677.0 679.0 683.0 684.0 
679.0 669.0 653.0 632.0 608.0 574.0 551.0 
526.0 490.0 468.0 462.0 474.0 483.0 492.0 
496.0 489.0 491.0 500.0 520.0 531.0 534.0 
527.0 528.0 538.0 541.0 552.0 570.0 607.0 
645.0 688.0 742.0 779.0 808.0 830.0 840.0 
849.0 858.0 847.0 807.0 767.0 726.0 676.0 
645.0 615.0 583.0 554.0 522.0 505.0 486.0 
485.0 501.0 520.0 553.0 583.0 611.0 629.0 
640.0 646.0 656.0 665.0 656.0 636.0 629.0 
635.0 637.0 642.0 639.0 625.0 606.0 580.0 
561.0 544.0 540.0 548.0 551.0 546.0 554.0 
559.0 549.0 551.0 559.0 563.0 555.0 560.0 
560.0 536.0 527.0 515.0 505.0 510.0 511.0 
516.0 522.0 532.0 551.0 579.0 603.0 620.0 
642.0 652.0 663.0 679.0 690.0 702.0 721.0 
743.0 755.0 760.0 744.0 720.0 698.0 670.0 
659.0 632.0 603.0 599.0 601.0 615.0 628.0 
649.0 654.0 635.0 612.0 578.0 554.0 541.0 
540.0 543.0 545.0 565.0 573.0 578.0 575.0 
562.0 586.0 609.0 626.0 635.0 613.0 603.0 
604.0 600.0 591.0 569.0 560.0 562.0 570.0 
589.0 610.0 632.0 658.0 682.0 703.0 698.0 
677.0 664.0 643.0 620.0 606.0 605.0 608.0 
605.0 609.0 601.0 587.0 578.0 550.0 515.0 
506.0 511.0 517.0 528.0 531.0 537.0 552.0 
580.0 612.0 625.0 622.0 609.0 608.0 627.0 
654.0 669.0 662.0 644.0 615.0 606.0 603.0 
601.0 620.0 618.0 629.0 657.0 667.0 680.0 
664.0 626.0 589.0 552.0 533.0 530.0 527.0 
517.0 525.0 544.0 549.0 559.0 572.0 596.0 
609.0 604.0 610.0 619.0 627.0 641.0 665.0 
682.0 690.0 695.0 689.0 673.0 645.0 616.0 
595.0 583.0 567.0 549.0 545.0 546.0 556.0 
578.0 606.0 632.0 643.0 648.0 654.0 667.0 
675.0 688.0 700.0 685.0 657.0 613.0 578.0 
552.0 535.0 548.0 566.0 603.0 626.0 637.0 
653.0 662.0 702.0 748.0 776.0 785.0 763.0 
749.0 754.0 745.0 714.0 679.0 646.0 616.0 
596.0 585.0 573.0 549.0 530.0 515.0 514.0 
534.0 568.0 604.0 603.0 594.0 585.0 566.0 
557.0 547.0 546.0 565.0 590.0 627.0 648.0 
644.0 625.0 594.0 572.0 556.0 548.0 558.0 
567.0 556.0 526.0 482.0 446.0 424.0 434.0 
476.0 522.0 593.0 670.0 735.0 782.0 796.0 
787.0 756.0 713.0 666.0 614.0 558.0 509.0 
463.0 411.0 359.0 287.0 226.0 192.0 185.0 
222.0 259.0 302.0 357.0 421.0 497.0 555.0 
610.0 673.0 738.0 790.0 815.0 828.0 818.0 
789.0 748.0 697.0 659.0 637.0 639.0 652.0 
661.0 671.0 680.0 688.0 702.0 711.0 711.0 
716.0 712.0 695.0 684.0 669.0 656.0 645.0 
624.0 582.0 522.0 473.0 432.0 405.0 396.0 
408.0 443.0 483.0 549.0 624.0 698.0 775.0 
831.0 871.0 890.0 891.0 878.0 870.0 863.0 
848.0 849.0 825.0 772.0 707.0 630.0 557.0 
494.0 442.0 396.0 384.0 397.0 426.0 472.0 
510.0 548.0 567.0 567.0 571.0 579.0 603.0 
618.0 609.0 609.0 600.0 583.0 581.0 559.0 
534.0 515.0 492.0 478.0 472.0 487.0 487.0 
483.0 503.0 515.0 548.0 578.0 606.0 643.0 
662.0 680.0 686.0 693.0 699.0 692.0 694.0 
686.0 675.0 659.0 635.0 611.0 590.0 585.0 
569.0 554.0 551.0 535.0 518.0 514.0 512.0 
500.0 509.0 514.0 517.0 538.0 560.0 598.0 
630.0 665.0 692.0 711.0 734.0 737.0 728.0 
702.0 674.0 640.0 607.0 581.0 568.0 591.0 
622.0 652.0 683.0 708.0 744.0 779.0 786.0 
792.0 805.0 805.0 781.0 734.0 686.0 633.0 
567.0 501.0 450.0 402.0 363.0 335.0 305.0 
296.0 304.0 331.0 374.0 424.0 474.0 525.0 
578.0 609.0 636.0 663.0 673.0 686.0 699.0 
697.0 693.0 684.0 672.0 659.0 637.0 622.0 
614.0 623.0 627.0 614.0 620.0 626.0 644.0 
674.0 701.0 735.0 758.0 767.0 764.0 759.0 
756.0 734.0 714.0 699.0 677.0 667.0 646.0 
628.0 615.0 599.0 590.0 575.0 560.0 550.0 
539.0 518.0 516.0 523.0 523.0 546.0 586.0 
642.0 703.0 748.0 775.0 780.0 765.0 737.0 
706.0 678.0 641.0 610.0 575.0 531.0 497.0 
463.0 435.0 413.0 393.0 373.0 364.0 373.0 
382.0 399.0 432.0 466.0 497.0 532.0 571.0 
607.0 616.0 599.0 594.0 585.0 563.0 552.0 
545.0 534.0 533.0 536.0 540.0 539.0 540.0 
552.0 561.0 575.0 592.0 602.0 629.0 656.0 
668.0 684.0 692.0 704.0 717.0 723.0 729.0 
740.0 760.0 765.0 768.0 768.0 752.0 743.0 
722.0 707.0 710.0 694.0 698.0 717.0 724.0 
732.0 748.0 772.0 792.0 801.0 801.0 798.0 
777.0 746.0 717.0 684.0 662.0 636.0 593.0 
547.0 513.0 489.0 467.0 464.0 469.0 469.0 
475.0 481.0 474.0 451.0 421.0 397.0 393.0 
395.0 416.0 450.0 479.0 513.0 551.0 583.0 
609.0 639.0 662.0 681.0 698.0 697.0 697.0 
701.0 710.0 707.0 672.0 636.0 605.0 571.0 
543.0 520.0 511.0 499.0 483.0 473.0 448.0 
431.0 410.0 388.0 381.0 373.0 382.0 403.0 
430.0 470.0 509.0 557.0 605.0 649.0 685.0 
702.0 712.0 716.0 725.0 736.0 734.0 746.0 
749.0 748.0 750.0 732.0 713.0 683.0 661.0 
647.0 638.0 652.0 660.0 676.0 709.0 738.0 
755.0 763.0 757.0 745.0 738.0 727.0 712.0 
707.0 702.0 696.0 693.0 688.0 684.0 675.0 
655.0 633.0 603.0 555.0 515.0 479.0 443.0 
428.0 426.0 437.0 462.0 493.0 528.0 560.0 
586.0 599.0 615.0 616.0 606.0 591.0 578.0 
594.0 610.0 626.0 640.0 647.0 653.0 669.0 
702.0 732.0 769.0 816.0 859.0 890.0 912.0 
911.0 885.0 860.0 825.0 791.0 756.0 714.0 
690.0 666.0 645.0 628.0 610.0 593.0 580.0 
565.0 537.0 513.0 490.0 466.0 447.0 443.0 
452.0 476.0 512.0 547.0 570.0 581.0 573.0 
563.0 550.0 524.0 489.0 449.0 431.0 423.0 
419.0 425.0 434.0 453.0 491.0 534.0 577.0 
623.0 652.0 667.0 674.0 681.0 682.0 672.0 
656.0 640.0 626.0 617.0 619.0 626.0 636.0 
631.0 625.0 611.0 590.0 571.0 547.0 525.0 
494.0 469.0 453.0 442.0 442.0 455.0 480.0 
498.0 530.0 564.0 588.0 620.0 642.0 676.0 
701.0 713.0 745.0 760.0 771.0 782.0 790.0 
794.0 790.0 798.0 801.0 799.0 784.0 768.0 
756.0 734.0 705.0 663.0 620.0 571.0 525.0 
496.0 481.0 480.0 491.0 503.0 523.0 551.0 
577.0 598.0 596.0 600.0 610.0 607.0 592.0 
576.0 572.0 559.0 556.0 552.0 539.0 548.0 
559.0 562.0 572.0 583.0 592.0 603.0 601.0 
575.0 553.0 530.0 513.0 499.0 476.0 468.0 
458.0 460.0 468.0 475.0 483.0 475.0 476.0 
464.0 450.0 451.0 451.0 442.0 429.0 429.0 
435.0 449.0 460.0 481.0 509.0 530.0 555.0 
586.0 624.0 671.0 717.0 755.0 783.0 802.0 
813.0 811.0 807.0 789.0 771.0 763.0 755.0 
750.0 730.0 700.0 673.0 651.0 628.0 597.0 
577.0 561.0 543.0 534.0 527.0 519.0 532.0 
549.0 551.0 555.0 558.0 569.0 587.0 600.0 
619.0 622.0 615.0 621.0 627.0 631.0 637.0 
641.0 640.0 649.0 669.0 689.0 701.0 702.0 
699.0 684.0 661.0 625.0 588.0 558.0 521.0 
503.0 491.0 479.0 485.0 486.0 489.0 505.0 
509.0 513.0 529.0 537.0 537.0 541.0 539.0 
531.0 523.0 518.0 506.0 505.0 515.0 523.0 
544.0 553.0 582.0 623.0 631.0 633.0 637.0 
654.0 664.0 660.0 657.0 651.0 658.0 673.0 
677.0 679.0 690.0 703.0 710.0 715.0 725.0 
729.0 732.0 748.0 762.0 770.0 777.0 783.0 
784.0 781.0 784.0 782.0 773.0 761.0 741.0 
725.0 709.0 683.0 658.0 631.0 609.0 591.0 
571.0 563.0 547.0 524.0 508.0 502.0 503.0 
497.0 497.0 495.0 505.0 511.0 510.0 522.0 
525.0 531.0 534.0 537.0 551.0 562.0 573.0 
581.0 590.0 601.0 606.0 605.0 594.0 588.0 
591.0 595.0 597.0 598.0 604.0 608.0 608.0 
608.0 609.0 604.0 601.0 607.0 623.0 644.0 
641.0 642.0 653.0 649.0 637.0 626.0 629.0 
623.0 620.0 625.0 623.0 623.0 614.0 622.0 
625.0 611.0 608.0 606.0 605.0 602.0 612.0 
637.0 673.0 700.0 710.0 715.0 702.0 698.0 
686.0 661.0 648.0 628.0 613.0 604.0 605.0 
605.0 606.0 609.0 613.0 619.0 623.0 627.0 
618.0 622.0 623.0 609.0 599.0 582.0 571.0 
563.0 563.0 556.0 540.0 531.0 521.0 527.0 
530.0 521.0 529.0 543.0 552.0 570.0 576.0 
579.0 599.0 592.0 570.0 558.0 557.0 553.0 
530.0 527.0 524.0 495.0 488.0 506.0 504.0 
490.0 496.0 511.0 520.0 528.0 546.0 557.0 
564.0 597.0 626.0 647.0 674.0 686.0 697.0 
717.0 731.0 745.0 754.0 761.0 770.0 762.0 
752.0 727.0 699.0 672.0 637.0 608.0 568.0 
544.0 522.0 509.0 521.0 526.0 531.0 531.0 
536.0 539.0 549.0 560.0 570.0 573.0 578.0 
604.0 612.0 631.0 650.0 648.0 644.0 632.0 
623.0 608.0 609.0 613.0 614.0 633.0 656.0 
671.0 697.0 729.0 739.0 766.0 781.0 776.0 
787.0 774.0 763.0 749.0 729.0 714.0 689.0 
671.0 641.0 624.0 612.0 597.0 588.0 586.0 
596.0 597.0 601.0 606.0 609.0 623.0 630.0 
625.0 619.0 617.0 609.0 592.0 579.0 564.0 
545.0 538.0 533.0 536.0 544.0 553.0 575.0 
594.0 599.0 591.0 591.0 583.0 566.0 554.0 
535.0 516.0 492.0 476.0 468.0 456.0 443.0 
436.0 434.0 420.0 411.0 405.0 397.0 392.0 
399.0 410.0 422.0 440.0 447.0 452.0 452.0 
451.0 460.0 472.0 486.0 504.0 516.0 525.0 
543.0 562.0 573.0 588.0 599.0 605.0 619.0 
619.0 619.0 623.0 612.0 605.0 600.0 594.0 
591.0 586.0 588.0 599.0 602.0 603.0 615.0 
626.0 628.0 635.0 647.0 661.0 665.0 662.0 
662.0 662.0 667.0 672.0 679.0 692.0 701.0 
708.0 732.0 758.0 764.0 772.0 777.0 775.0 
772.0 761.0 752.0 751.0 747.0 734.0 727.0 
734.0 740.0 747.0 736.0 719.0 717.0 721.0 
718.0 704.0 699.0 690.0 686.0 686.0 674.0 
659.0 639.0 630.0 622.0 609.0 601.0 591.0 
593.0 602.0 606.0 616.0 621.0 613.0 612.0 
607.0 602.0 602.0 600.0 602.0 598.0 594.0 
598.0 594.0 577.0 565.0 554.0 527.0 506.0 
486.0 461.0 456.0 448.0 425.0 410.0 406.0 
400.0 403.0 423.0 426.0 434.0 461.0 477.0 
493.0 504.0 516.0 527.0 526.0 523.0 509.0 
499.0 497.0 485.0 473.0 472.0 479.0 468.0 
460.0 473.0 484.0 499.0 513.0 530.0 556.0 
568.0 586.0 607.0 633.0 668.0 707.0 747.0 
780.0 817.0 850.0 873.0 888.0 888.0 865.0 
840.0 810.0 769.0 742.0 715.0 682.0 649.0 
632.0 629.0 621.0 614.0 614.0 615.0 618.0 
615.0 613.0 619.0 621.0 627.0 634.0 638.0 
643.0 657.0 674.0 685.0 702.0 716.0 728.0 
748.0 751.0 750.0 749.0 736.0 732.0 726.0 
709.0 697.0 687.0 674.0 658.0 630.0 599.0 
580.0 564.0 545.0 526.0 509.0 490.0 471.0 
449.0 434.0 431.0 421.0 419.0 429.0 440.0 
458.0 483.0 514.0 547.0 578.0 614.0 643.0 
665.0 696.0 708.0 715.0 720.0 708.0 705.0 
699.0 685.0 670.0 665.0 653.0 638.0 636.0 
633.0 634.0 624.0 620.0 621.0 603.0 594.0 
587.0 574.0 572.0 578.0 577.0 585.0 598.0 
599.0 597.0 607.0 617.0 618.0 628.0 625.0 
628.0 641.0 648.0 657.0 657.0 660.0 664.0 
667.0 660.0 656.0 647.0 634.0 627.0 615.0 
612.0 607.0 606.0 597.0 589.0 581.0 561.0 
552.0 533.0 518.0 507.0 489.0 467.0 452.0 
439.0 423.0 418.0 408.0 404.0 412.0 410.0 
423.0 438.0 444.0 464.0 491.0 519.0 548.0 
570.0 591.0 606.0 623.0 630.0 633.0 647.0 
659.0 659.0 663.0 677.0 676.0 679.0 681.0 
680.0 692.0 700.0 712.0 726.0 738.0 749.0 
753.0 753.0 738.0 726.0 709.0 679.0 663.0 
644.0 622.0 608.0 595.0 581.0 578.0 583.0 
585.0 590.0 597.0 594.0 589.0 588.0 587.0 
592.0 588.0 587.0 593.0 605.0 623.0 629.0 
646.0 661.0 675.0 693.0 700.0 706.0 696.0 
676.0 657.0 626.0 595.0 571.0 543.0 516.0 
493.0 476.0 455.0 448.0 450.0 451.0 465.0 
471.0 490.0 516.0 532.0 552.0 555.0 556.0 
556.0 554.0 550.0 543.0 546.0 554.0 561.0 
562.0 567.0 579.0 590.0 593.0 606.0 624.0 
633.0 649.0 657.0 672.0 684.0 681.0 687.0 
679.0 665.0 653.0 633.0 619.0 604.0 588.0 
570.0 552.0 544.0 540.0 530.0 526.0 527.0 
529.0 540.0 554.0 564.0 578.0 602.0 619.0 
628.0 651.0 664.0 674.0 694.0 697.0 707.0 
710.0 705.0 715.0 712.0 711.0 720.0 711.0 
703.0 705.0 706.0 717.0 720.0 716.0 720.0 
712.0 703.0 702.0 696.0 686.0 673.0 669.0 
658.0 642.0 629.0 606.0 589.0 573.0 558.0 
547.0 522.0 498.0 488.0 475.0 456.0 436.0 
412.0 404.0 400.0 400.0 404.0 409.0 436.0 
458.0 481.0 512.0 536.0 563.0 590.0 614.0 
637.0 658.0 685.0 714.0 731.0 739.0 745.0 
743.0 737.0 733.0 725.0 717.0 711.0 707.0 
706.0 697.0 686.0 670.0 649.0 632.0 621.0 
609.0 602.0 611.0 617.0 621.0 626.0 632.0 
640.0 644.0 648.0 648.0 652.0 665.0 665.0 
664.0 663.0 654.0 641.0 625.0 607.0 582.0 
556.0 541.0 532.0 520.0 518.0 517.0 512.0 
517.0 522.0 525.0 544.0 554.0 559.0 574.0 
582.0 592.0 596.0 595.0 593.0 583.0 565.0 
553.0 546.0 529.0 524.0 521.0 514.0 510.0 
509.0 509.0 506.0 499.0 483.0 484.0 489.0 
497.0 523.0 530.0 543.0 561.0 575.0 589.0 
595.0 602.0 609.0 610.0 608.0 618.0 623.0 
622.0 621.0 617.0 622.0 631.0 633.0 639.0 
637.0 631.0 631.0 623.0 621.0 609.0 598.0 
601.0 589.0 589.0 595.0 602.0 614.0 615.0 
631.0 648.0 653.0 660.0 664.0 673.0 680.0 
676.0 677.0 672.0 657.0 655.0 644.0 632.0 
629.0 626.0 629.0 619.0 619.0 629.0 636.0 
654.0 666.0 679.0 700.0 723.0 735.0 740.0 
752.0 763.0 758.0 745.0 725.0 700.0 675.0 
651.0 633.0 610.0 587.0 569.0 561.0 554.0 
553.0 557.0 557.0 562.0 567.0 583.0 603.0 
616.0 634.0 645.0 648.0 651.0 647.0 644.0 
638.0 615.0 597.0 587.0 572.0 547.0 522.0 
502.0 471.0 451.0 436.0 418.0 413.0 415.0 
420.0 428.0 442.0 448.0 463.0 479.0 481.0 
489.0 495.0 503.0 515.0 541.0 562.0 586.0 
614.0 632.0 665.0 685.0 700.0 711.0 722.0 
732.0 722.0 716.0 707.0 696.0 679.0 656.0 
638.0 620.0 607.0 589.0 571.0 571.0 568.0 
566.0 571.0 583.0 601.0 601.0 599.0 600.0 
610.0 620.0 633.0 665.0 687.0 705.0 736.0 
756.0 760.0 761.0 751.0 743.0 739.0 718.0 
711.0 713.0 703.0 697.0 694.0 696.0 690.0 
681.0 674.0 658.0 648.0 634.0 627.0 619.0 
607.0 603.0 603.0 606.0 601.0 600.0 605.0 
616.0 631.0 637.0 646.0 654.0 664.0 666.0 
661.0 649.0 631.0 623.0 606.0 591.0 580.0 
564.0 556.0 545.0 531.0 522.0 514.0 505.0 
490.0 470.0 457.0 449.0 450.0 443.0 440.0 
452.0 452.0 456.0 463.0 464.0 465.0 461.0 
471.0 482.0 487.0 510.0 534.0 553.0 572.0 
586.0 606.0 616.0 630.0 643.0 644.0 650.0 
644.0 628.0 617.0 608.0 600.0 595.0 592.0 
589.0 598.0 606.0 598.0 591.0 588.0 585.0 
575.0 571.0 565.0 557.0 566.0 577.0 588.0 
606.0 626.0 639.0 651.0 672.0 686.0 703.0 
714.0 718.0 725.0 718.0 714.0 707.0 696.0 
691.0 680.0 675.0 663.0 647.0 635.0 624.0 
609.0 590.0 583.0 573.0 558.0 554.0 558.0 
571.0 584.0 599.0 610.0 618.0 622.0 621.0 
627.0 623.0 621.0 617.0 621.0 629.0 620.0 
623.0 621.0 617.0 613.0 604.0 593.0 588.0 
592.0 580.0 577.0 575.0 575.0 580.0 578.0 
585.0 585.0 585.0 586.0 580.0 581.0 575.0 
575.0 583.0 585.0 596.0 616.0 628.0 640.0 
664.0 679.0 691.0 712.0 721.0 720.0 715.0 
711.0 695.0 673.0 651.0 620.0 595.0 573.0 
561.0 564.0 570.0 588.0 609.0 629.0 642.0 
659.0 677.0 685.0 694.0 689.0 678.0 663.0 
641.0 614.0 584.0 555.0 522.0 501.0 482.0 
471.0 476.0 478.0 497.0 519.0 532.0 549.0 
565.0 589.0 611.0 631.0 647.0 654.0 667.0 
675.0 673.0 671.0 663.0 652.0 645.0 624.0 
600.0 582.0 555.0 545.0 526.0 511.0 508.0 
508.0 518.0 530.0 539.0 549.0 569.0 588.0 
605.0 616.0 624.0 632.0 633.0 640.0 642.0 
636.0 631.0 628.0 627.0 625.0 617.0 605.0 
602.0 593.0 579.0 576.0 575.0 575.0 571.0 
576.0 584.0 579.0 584.0 587.0 593.0 600.0 
603.0 616.0 621.0 626.0 633.0 633.0 641.0 
650.0 656.0 655.0 646.0 651.0 647.0 641.0 
648.0 649.0 654.0 653.0 639.0 630.0 618.0 
603.0 589.0 577.0 567.0 558.0 542.0 526.0 
518.0 515.0 515.0 510.0 514.0 513.0 511.0 
515.0 511.0 508.0 504.0 495.0 492.0 492.0 
494.0 500.0 509.0 527.0 548.0 566.0 589.0 
614.0 643.0 669.0 686.0 708.0 725.0 731.0 
736.0 728.0 716.0 706.0 702.0 700.0 700.0 
700.0 693.0 697.0 693.0 691.0 691.0 682.0 
676.0 672.0 663.0 650.0 644.0 632.0 628.0 
633.0 636.0 644.0 646.0 660.0 673.0 685.0 
701.0 710.0 723.0 724.0 725.0 731.0 728.0 
719.0 703.0 689.0 664.0 634.0 601.0 573.0 
546.0 514.0 491.0 465.0 452.0 438.0 428.0 
437.0 428.0 440.0 463.0 473.0 505.0 527.0 
542.0 568.0 588.0 605.0 614.0 617.0 615.0 
607.0 594.0 584.0 569.0 549.0 534.0 519.0 
518.0 503.0 492.0 497.0 485.0 487.0 501.0 
506.0 516.0 512.0 514.0 530.0 543.0 562.0 
570.0 578.0 593.0 604.0 625.0 643.0 652.0 
667.0 673.0 683.0 703.0 710.0 728.0 739.0 
742.0 753.0 758.0 773.0 777.0 775.0 777.0 
767.0 770.0 760.0 750.0 740.0 708.0 691.0 
666.0 643.0 620.0 590.0 585.0 573.0 558.0 
555.0 551.0 537.0 532.0 522.0 498.0 493.0 
484.0 475.0 479.0 481.0 487.0 496.0 503.0 
514.0 530.0 545.0 552.0 549.0 555.0 553.0 
551.0 562.0 560.0 559.0 547.0 533.0 534.0 
532.0 535.0 536.0 533.0 537.0 538.0 535.0 
535.0 522.0 512.0 514.0 499.0 487.0 487.0 
482.0 488.0 494.0 490.0 496.0 514.0 524.0 
527.0 545.0 571.0 579.0 593.0 612.0 629.0 
648.0 661.0 671.0 676.0 676.0 682.0 694.0 
695.0 694.0 705.0 703.0 697.0 688.0 683.0 
689.0 683.0 682.0 688.0 692.0 705.0 701.0 
690.0 685.0 675.0 673.0 675.0 672.0 678.0 
684.0 686.0 691.0 692.0 704.0 713.0 725.0 
746.0 755.0 772.0 783.0 792.0 806.0 810.0 
808.0 802.0 785.0 766.0 751.0 716.0 680.0 
660.0 630.0 604.0 593.0 592.0 592.0 598.0 
598.0 582.0 576.0 566.0 548.0 532.0 526.0 
516.0 498.0 491.0 476.0 461.0 461.0 454.0 
453.0 462.0 469.0 482.0 499.0 515.0 528.0 
543.0 554.0 568.0 581.0 576.0 573.0 563.0 
555.0 553.0 546.0 529.0 515.0 516.0 504.0 
500.0 504.0 501.0 498.0 496.0 500.0 497.0 
499.0 518.0 538.0 565.0 601.0 633.0 667.0 
699.0 717.0 728.0 736.0 737.0 722.0 709.0 
698.0 680.0 677.0 672.0 660.0 654.0 656.0 
658.0 661.0 667.0 678.0 679.0 667.0 663.0 
655.0 645.0 631.0 612.0 603.0 580.0 563.0 
550.0 538.0 540.0 535.0 539.0 559.0 571.0 
578.0 596.0 617.0 630.0 641.0 644.0 645.0 
644.0 651.0 654.0 651.0 660.0 661.0 657.0 
649.0 640.0 629.0 618.0 605.0 585.0 572.0 
562.0 550.0 541.0 536.0 533.0 540.0 544.0 
542.0 552.0 563.0 574.0 577.0 581.0 593.0 
607.0 621.0 625.0 633.0 643.0 653.0 668.0 
679.0 691.0 703.0 707.0 715.0 719.0 715.0 
714.0 712.0 706.0 696.0 678.0 656.0 636.0 
613.0 597.0 582.0 568.0 561.0 555.0 559.0 
568.0 573.0 573.0 564.0 560.0 550.0 530.0 
523.0 512.0 505.0 511.0 517.0 520.0 518.0 
530.0 544.0 555.0 557.0 569.0 593.0 602.0 
615.0 625.0 633.0 633.0 625.0 615.0 589.0 
568.0 552.0 533.0 525.0 517.0 509.0 506.0 
503.0 499.0 498.0 505.0 507.0 507.0 501.0 
503.0 505.0 492.0 496.0 511.0 526.0 545.0 
567.0 590.0 609.0 623.0 632.0 639.0 639.0 
640.0 641.0 634.0 633.0 632.0 630.0 629.0 
628.0 633.0 641.0 654.0 668.0 679.0 686.0 
694.0 697.0 704.0 715.0 719.0 718.0 717.0 
723.0 729.0 736.0 746.0 753.0 761.0 760.0 
761.0 768.0 768.0 764.0 760.0 761.0 761.0 
763.0 749.0 738.0 731.0 709.0 701.0 686.0 
670.0 661.0 647.0 640.0 632.0 621.0 609.0 
602.0 592.0 576.0 561.0 551.0 546.0 533.0 
540.0 550.0 537.0 536.0 536.0 530.0 523.0 
499.0 471.0 450.0 438.0 424.0 412.0 411.0 
415.0 425.0 427.0 423.0 428.0 419.0 399.0 
388.0 388.0 383.0 379.0 378.0 380.0 391.0 
406.0 426.0 452.0 478.0 497.0 521.0 545.0 
560.0 576.0 588.0 601.0 621.0 642.0 664.0 
690.0 708.0 726.0 757.0 775.0 790.0 806.0 
814.0 828.0 823.0 820.0 813.0 799.0 786.0 
756.0 735.0 708.0 683.0 663.0 637.0 608.0 
575.0 556.0 539.0 526.0 526.0 518.0 515.0 
523.0 530.0 536.0 535.0 539.0 550.0 566.0 
578.0 591.0 617.0 637.0 659.0 682.0 700.0 
710.0 704.0 701.0 691.0 676.0 656.0 631.0 
610.0 586.0 563.0 541.0 515.0 491.0 475.0 
458.0 441.0 435.0 437.0 440.0 439.0 440.0 
443.0 443.0 450.0 463.0 476.0 497.0 513.0 
538.0 559.0 572.0 603.0 627.0 646.0 664.0 
676.0 699.0 714.0 723.0 740.0 740.0 737.0 
743.0 735.0 719.0 698.0 683.0 681.0 675.0 
659.0 656.0 666.0 666.0 674.0 691.0 696.0 
706.0 714.0 709.0 701.0 687.0 678.0 654.0 
631.0 610.0 580.0 566.0 548.0 543.0 548.0 
552.0 559.0 566.0 577.0 576.0 581.0 590.0 
583.0 574.0 561.0 556.0 565.0 563.0 563.0 
568.0 570.0 576.0 594.0 620.0 646.0 666.0 
692.0 718.0 734.0 743.0 734.0 728.0 715.0 
692.0 683.0 657.0 639.0 633.0 626.0 619.0 
607.0 612.0 615.0 616.0 628.0 638.0 658.0 
671.0 676.0 693.0 702.0 704.0 710.0 711.0 
707.0 708.0 701.0 681.0 658.0 632.0 615.0 
605.0 585.0 568.0 555.0 548.0 545.0 530.0 
515.0 510.0 507.0 506.0 512.0 526.0 537.0 
550.0 566.0 579.0 600.0 618.0 629.0 636.0 
635.0 627.0 612.0 598.0 588.0 574.0 564.0 
567.0 575.0 580.0 595.0 611.0 634.0 655.0 
662.0 669.0 673.0 677.0 679.0 670.0 665.0 
659.0 637.0 609.0 593.0 583.0 561.0 544.0 
536.0 525.0 519.0 511.0 505.0 498.0 502.0 
504.0 494.0 498.0 503.0 505.0 509.0 515.0 
521.0 524.0 534.0 545.0 561.0 575.0 587.0 
594.0 592.0 601.0 606.0 602.0 595.0 589.0 
574.0 559.0 560.0 560.0 566.0 572.0 572.0 
584.0 592.0 598.0 605.0 612.0 631.0 637.0 
631.0 631.0 631.0 631.0 621.0 599.0 576.0 
556.0 535.0 516.0 498.0 482.0 485.0 500.0 
521.0 547.0 575.0 601.0 618.0 639.0 654.0 
669.0 682.0 686.0 694.0 692.0 688.0 682.0 
683.0 691.0 700.0 722.0 736.0 743.0 753.0 
757.0 758.0 745.0 730.0 723.0 701.0 674.0 
658.0 640.0 626.0 608.0 601.0 607.0 598.0 
604.0 615.0 622.0 639.0 641.0 637.0 634.0 
622.0 613.0 596.0 577.0 568.0 552.0 537.0 
519.0 503.0 491.0 477.0 478.0 484.0 482.0 
481.0 490.0 500.0 509.0 527.0 544.0 547.0 
555.0 562.0 564.0 571.0 566.0 566.0 573.0 
573.0 578.0 583.0 587.0 596.0 600.0 599.0 
610.0 621.0 617.0 612.0 608.0 600.0 591.0 
578.0 567.0 560.0 555.0 551.0 539.0 540.0 
560.0 575.0 592.0 611.0 627.0 638.0 653.0 
662.0 665.0 669.0 656.0 649.0 649.0 642.0 
638.0 642.0 655.0 671.0 680.0 677.0 680.0 
683.0 683.0 686.0 685.0 689.0 690.0 696.0 
690.0 678.0 675.0 659.0 648.0 640.0 626.0 
611.0 612.0 614.0 608.0 608.0 607.0 611.0 
604.0 599.0 599.0 597.0 595.0 586.0 583.0 
576.0 574.0 574.0 573.0 577.0 578.0 584.0 
592.0 596.0 589.0 586.0 584.0 557.0 529.0 
507.0 486.0 473.0 446.0 432.0 434.0 430.0 
442.0 449.0 463.0 483.0 505.0 536.0 559.0 
596.0 635.0 659.0 679.0 691.0 709.0 713.0 
711.0 717.0 704.0 689.0 685.0 674.0 660.0 
648.0 633.0 610.0 596.0 590.0 576.0 563.0 
558.0 550.0 541.0 537.0 523.0 515.0 517.0 
516.0 525.0 540.0 567.0 584.0 606.0 634.0 
647.0 671.0 692.0 711.0 722.0 729.0 728.0 
722.0 727.0 716.0 707.0 693.0 679.0 665.0 
650.0 639.0 625.0 614.0 584.0 561.0 547.0 
531.0 509.0 470.0 455.0 448.0 435.0 425.0 
422.0 436.0 449.0 466.0 490.0 530.0 574.0 
600.0 631.0 662.0 686.0 707.0 728.0 745.0 
755.0 760.0 767.0 775.0 769.0 763.0 746.0 
717.0 683.0 642.0 619.0 594.0 559.0 537.0 
519.0 509.0 496.0 480.0 472.0 469.0 469.0 
468.0 484.0 510.0 532.0 553.0 570.0 606.0 
640.0 661.0 679.0 689.0 701.0 703.0 694.0 
682.0 667.0 646.0 617.0 603.0 597.0 573.0 
549.0 539.0 528.0 520.0 517.0 521.0 530.0 
533.0 545.0 562.0 571.0 587.0 597.0 602.0 
613.0 625.0 641.0 650.0 665.0 688.0 694.0 
700.0 713.0 722.0 719.0 718.0 725.0 721.0 
717.0 721.0 712.0 703.0 704.0 698.0 686.0 
679.0 671.0 667.0 656.0 645.0 638.0 624.0 
623.0 620.0 623.0 630.0 624.0 626.0 619.0 
623.0 619.0 605.0 603.0 588.0 586.0 582.0 
589.0 599.0 592.0 598.0 603.0 608.0 613.0 
623.0 633.0 635.0 634.0 640.0 642.0 633.0 
629.0 617.0 607.0 597.0 578.0 567.0 554.0 
538.0 527.0 516.0 506.0 496.0 486.0 477.0 
470.0 464.0 468.0 482.0 487.0 498.0 511.0 
518.0 550.0 580.0 602.0 632.0 650.0 677.0 
692.0 693.0 692.0 675.0 657.0 633.0 603.0 
575.0 549.0 521.0 496.0 478.0 459.0 449.0 
455.0 468.0 492.0 523.0 548.0 572.0 597.0 
610.0 616.0 629.0 633.0 624.0 608.0 594.0 
594.0 592.0 585.0 585.0 594.0 616.0 633.0 
664.0 700.0 719.0 730.0 729.0 731.0 729.0 
723.0 715.0 710.0 713.0 695.0 671.0 658.0 
641.0 622.0 594.0 581.0 575.0 563.0 556.0 
548.0 539.0 527.0 520.0 521.0 518.0 529.0 
540.0 560.0 583.0 599.0 624.0 641.0 665.0 
674.0 670.0 672.0 660.0 639.0 610.0 598.0 
596.0 587.0 579.0 563.0 556.0 547.0 545.0 
560.0 559.0 559.0 562.0 564.0 572.0 579.0 
587.0 594.0 603.0 603.0 599.0 595.0 584.0 
573.0 568.0 576.0 581.0 573.0 580.0 589.0 
590.0 596.0 592.0 596.0 600.0 587.0 581.0 
574.0 563.0 561.0 557.0 553.0 547.0 549.0 
567.0 576.0 596.0 611.0 615.0 623.0 626.0 
630.0 630.0 631.0 635.0 633.0 630.0 622.0 
614.0 605.0 592.0 579.0 564.0 552.0 546.0 
543.0 544.0 555.0 564.0 572.0 585.0 592.0 
599.0 604.0 610.0 610.0 605.0 611.0 618.0 
620.0 625.0 628.0 629.0 634.0 633.0 627.0 
632.0 623.0 616.0 620.0 603.0 602.0 603.0 
589.0 586.0 588.0 586.0 587.0 602.0 608.0 
618.0 627.0 625.0 637.0 640.0 639.0 647.0 
648.0 630.0 620.0 613.0 603.0 605.0 600.0 
601.0 610.0 620.0 640.0 651.0 664.0 686.0 
695.0 713.0 727.0 721.0 720.0 717.0 708.0 
695.0 691.0 683.0 666.0 650.0 623.0 595.0 
569.0 546.0 524.0 500.0 490.0 490.0 485.0 
484.0 494.0 503.0 514.0 526.0 524.0 530.0 
535.0 542.0 555.0 556.0 565.0 583.0 597.0 
599.0 606.0 610.0 601.0 587.0 568.0 558.0 
545.0 526.0 519.0 522.0 524.0 522.0 522.0 
523.0 524.0 523.0 519.0 522.0 527.0 521.0 
521.0 516.0 503.0 504.0 498.0 500.0 521.0 
541.0 561.0 580.0 600.0 620.0 632.0 649.0 
667.0 694.0 729.0 751.0 773.0 783.0 773.0 
767.0 759.0 750.0 739.0 727.0 726.0 725.0 
725.0 726.0 714.0 709.0 715.0 713.0 710.0 
707.0 711.0 711.0 708.0 728.0 738.0 748.0 
760.0 755.0 767.0 768.0 758.0 757.0 756.0 
751.0 733.0 717.0 706.0 695.0 685.0 667.0 
650.0 647.0 635.0 618.0 609.0 603.0 595.0 
587.0 582.0 581.0 588.0 589.0 595.0 602.0 
599.0 593.0 575.0 568.0 558.0 529.0 504.0 
477.0 447.0 417.0 388.0 360.0 341.0 329.0 
318.0 322.0 340.0 362.0 383.0 413.0 442.0 
474.0 520.0 547.0 562.0 585.0 597.0 595.0 
588.0 577.0 574.0 566.0 545.0 531.0 524.0 
511.0 501.0 498.0 485.0 474.0 475.0 470.0 
475.0 482.0 488.0 514.0 532.0 556.0 583.0 
602.0 637.0 662.0 686.0 705.0 717.0 746.0 
759.0 762.0 767.0 768.0 772.0 771.0 775.0 
771.0 765.0 765.0 761.0 766.0 767.0 767.0 
767.0 768.0 777.0 781.0 783.0 785.0 775.0 
761.0 745.0 722.0 705.0 682.0 659.0 646.0 
635.0 620.0 601.0 600.0 597.0 585.0 572.0 
565.0 558.0 538.0 538.0 534.0 532.0 543.0 
548.0 556.0 557.0 563.0 565.0 561.0 562.0 
552.0 542.0 539.0 531.0 524.0 527.0 536.0 
546.0 562.0 568.0 573.0 574.0 564.0 559.0 
538.0 518.0 502.0 481.0 471.0 452.0 435.0 
434.0 426.0 431.0 440.0 448.0 473.0 490.0 
514.0 543.0 573.0 600.0 616.0 632.0 645.0 
659.0 674.0 672.0 660.0 656.0 642.0 618.0 
603.0 588.0 578.0 565.0 549.0 555.0 566.0 
566.0 573.0 575.0 580.0 590.0 604.0 622.0 
632.0 652.0 665.0 664.0 671.0 675.0 680.0 
674.0 666.0 668.0 668.0 668.0 672.0 679.0 
682.0 679.0 684.0 682.0 684.0 680.0 667.0 
671.0 651.0 634.0 623.0 601.0 600.0 589.0 
578.0 580.0 575.0 577.0 586.0 589.0 599.0 
601.0 597.0 595.0 592.0 586.0 572.0 561.0 
546.0 539.0 529.0 528.0 536.0 543.0 562.0 
577.0 606.0 630.0 639.0 652.0 654.0 653.0 
649.0 633.0 623.0 609.0 591.0 586.0 580.0 
577.0 567.0 550.0 551.0 549.0 542.0 543.0 
540.0 541.0 538.0 537.0 535.0 529.0 536.0 
542.0 556.0 561.0 556.0 570.0 577.0 577.0 
579.0 579.0 594.0 610.0 613.0 633.0 656.0 
675.0 696.0 704.0 719.0 742.0 754.0 753.0 
746.0 743.0 736.0 724.0 706.0 683.0 675.0 
669.0 652.0 631.0 612.0 612.0 611.0 602.0 
596.0 598.0 604.0 617.0 620.0 620.0 631.0 
638.0 646.0 651.0 660.0 673.0 688.0 697.0 
699.0 715.0 712.0 711.0 714.0 693.0 695.0 
701.0 693.0 694.0 687.0 671.0 654.0 631.0 
613.0 594.0 567.0 542.0 517.0 490.0 465.0 
443.0 423.0 414.0 410.0 405.0 405.0 414.0 
426.0 443.0 457.0 463.0 481.0 509.0 522.0 
540.0 567.0 579.0 591.0 599.0 601.0 610.0 
607.0 597.0 593.0 590.0 584.0 567.0 555.0 
543.0 535.0 535.0 520.0 520.0 532.0 532.0 
542.0 551.0 552.0 561.0 578.0 586.0 590.0 
601.0 605.0 620.0 638.0 643.0 654.0 675.0 
677.0 673.0 677.0 664.0 658.0 655.0 646.0 
657.0 666.0 675.0 687.0 697.0 710.0 720.0 
729.0 732.0 732.0 733.0 729.0 711.0 698.0 
683.0 661.0 658.0 646.0 631.0 624.0 613.0 
605.0 590.0 573.0 573.0 559.0 545.0 547.0 
548.0 556.0 567.0 576.0 584.0 599.0 608.0 
614.0 625.0 629.0 631.0 634.0 632.0 632.0 
641.0 647.0 653.0 660.0 667.0 676.0 680.0 
689.0 688.0 683.0 675.0 654.0 632.0 601.0 
570.0 550.0 