805.0 813.0 810.0 799.0 724.0 731.0 766.0 
706.0 825.0 675.0 559.0 820.0 731.0 649.0 
688.0 613.0 677.0 690.0 664.0 634.0 580.0 
673.0 693.0 627.0 621.0 600.0 644.0 733.0 
688.0 650.0 696.0 700.0 790.0 766.0 642.0 
753.0 766.0 763.0 818.0 725.0 773.0 777.0 
808.0 898.0 805.0 812.0 758.0 854.0 980.0 
831.0 863.0 878.0 878.0 975.0 981.0 897.0 
891.0 1020.0 1000.0 935.0 976.0 980.0 965.0 
1008.0 1000.0 998.0 984.0 984.0 1058.0 948.0 
1027.0 1102.0 945.0 1074.0 1075.0 1062.0 1087.0 
975.0 1107.0 1056.0 1015.0 1058.0 938.0 984.0 
996.0 919.0 853.0 911.0 951.0 867.0 865.0 
833.0 859.0 835.0 759.0 851.0 789.0 785.0 
855.0 693.0 751.0 794.0 655.0 680.0 684.0 
696.0 695.0 646.0 637.0 588.0 621.0 659.0 
615.0 626.0 622.0 586.0 631.0 677.0 622.0 
561.0 615.0 698.0 652.0 600.0 629.0 622.0 
571.0 624.0 674.0 579.0 562.0 641.0 685.0 
666.0 643.0 646.0 637.0 770.0 808.0 668.0 
721.0 758.0 751.0 866.0 810.0 693.0 784.0 
872.0 848.0 889.0 915.0 826.0 901.0 1056.0 
976.0 950.0 1004.0 974.0 1034.0 1050.0 965.0 
941.0 1016.0 1054.0 989.0 1023.0 977.0 889.0 
1053.0 1067.0 990.0 997.0 937.0 1010.0 1043.0 
1040.0 1038.0 916.0 982.0 1028.0 984.0 1007.0 
959.0 948.0 941.0 936.0 964.0 923.0 856.0 
885.0 906.0 884.0 877.0 813.0 832.0 871.0 
856.0 843.0 781.0 719.0 799.0 894.0 784.0 
719.0 735.0 736.0 819.0 809.0 646.0 661.0 
793.0 769.0 769.0 683.0 608.0 696.0 684.0 
767.0 688.0 516.0 648.0 654.0 696.0 689.0 
502.0 615.0 654.0 610.0 672.0 585.0 621.0 
684.0 696.0 730.0 632.0 707.0 760.0 723.0 
827.0 766.0 771.0 828.0 814.0 876.0 824.0 
863.0 892.0 843.0 886.0 884.0 887.0 909.0 
957.0 929.0 949.0 1008.0 920.0 987.0 975.0 
910.0 1040.0 953.0 899.0 961.0 908.0 966.0 
941.0 806.0 874.0 957.0 902.0 840.0 848.0 
867.0 866.0 909.0 894.0 876.0 873.0 858.0 
919.0 920.0 866.0 840.0 843.0 899.0 917.0 
825.0 805.0 835.0 823.0 853.0 815.0 778.0 
772.0 808.0 854.0 798.0 757.0 762.0 837.0 
855.0 803.0 760.0 751.0 831.0 777.0 748.0 
765.0 692.0 796.0 787.0 683.0 708.0 666.0 
779.0 788.0 627.0 745.0 815.0 773.0 796.0 
739.0 759.0 825.0 774.0 824.0 784.0 774.0 
903.0 735.0 768.0 800.0 660.0 932.0 832.0 
647.0 858.0 746.0 820.0 877.0 724.0 887.0 
843.0 867.0 954.0 814.0 900.0 903.0 827.0 
954.0 932.0 825.0 894.0 866.0 850.0 894.0 
806.0 869.0 853.0 796.0 903.0 845.0 885.0 
888.0 785.0 929.0 931.0 906.0 949.0 900.0 
988.0 968.0 889.0 970.0 965.0 917.0 978.0 
964.0 893.0 957.0 945.0 885.0 901.0 862.0 
887.0 897.0 870.0 885.0 774.0 796.0 870.0 
762.0 758.0 745.0 724.0 761.0 703.0 725.0 
705.0 637.0 743.0 698.0 629.0 726.0 693.0 
664.0 666.0 697.0 684.0 595.0 695.0 689.0 
604.0 650.0 624.0 647.0 741.0 670.0 598.0 
685.0 752.0 782.0 695.0 701.0 788.0 736.0 
832.0 808.0 736.0 866.0 883.0 918.0 875.0 
800.0 980.0 986.0 948.0 1017.0 887.0 1005.0 
1072.0 901.0 996.0 1005.0 992.0 1014.0 915.0 
1014.0 1034.0 914.0 956.0 934.0 984.0 992.0 
882.0 981.0 884.0 908.0 1056.0 835.0 906.0 
973.0 833.0 980.0 914.0 870.0 996.0 807.0 
831.0 983.0 886.0 860.0 837.0 829.0 868.0 
827.0 811.0 787.0 800.0 770.0 724.0 804.0 
779.0 719.0 662.0 682.0 782.0 711.0 673.0 
693.0 657.0 679.0 696.0 665.0 674.0 658.0 
690.0 726.0 639.0 722.0 727.0 653.0 790.0 
695.0 687.0 802.0 676.0 753.0 798.0 688.0 
774.0 741.0 699.0 840.0 778.0 734.0 821.0 
801.0 804.0 872.0 850.0 757.0 843.0 871.0 
802.0 885.0 820.0 775.0 816.0 817.0 889.0 
838.0 844.0 814.0 788.0 980.0 887.0 860.0 
990.0 874.0 936.0 1005.0 920.0 983.0 1011.0 
974.0 1019.0 1024.0 1015.0 1036.0 1051.0 1070.0 
1010.0 1016.0 1030.0 995.0 1046.0 1018.0 987.0 
994.0 939.0 941.0 989.0 940.0 895.0 931.0 
895.0 875.0 857.0 832.0 837.0 798.0 846.0 
816.0 726.0 762.0 791.0 810.0 746.0 682.0 
736.0 730.0 709.0 718.0 681.0 649.0 603.0 
605.0 632.0 612.0 557.0 503.0 599.0 638.0 
553.0 593.0 605.0 574.0 664.0 715.0 653.0 
682.0 743.0 720.0 736.0 729.0 785.0 748.0 
672.0 807.0 687.0 777.0 860.0 613.0 800.0 
770.0 769.0 947.0 724.0 809.0 912.0 866.0 
996.0 895.0 840.0 1004.0 973.0 937.0 954.0 
879.0 956.0 994.0 936.0 919.0 870.0 925.0 
946.0 893.0 926.0 931.0 911.0 925.0 909.0 
922.0 1003.0 988.0 907.0 928.0 958.0 973.0 
954.0 874.0 879.0 864.0 888.0 938.0 810.0 
784.0 786.0 805.0 923.0 797.0 800.0 777.0 
669.0 907.0 834.0 698.0 766.0 712.0 802.0 
824.0 734.0 713.0 701.0 778.0 847.0 732.0 
726.0 800.0 710.0 824.0 842.0 674.0 834.0 
854.0 788.0 914.0 811.0 798.0 923.0 843.0 
894.0 906.0 762.0 926.0 974.0 807.0 938.0 
914.0 786.0 957.0 895.0 824.0 965.0 858.0 
803.0 847.0 861.0 916.0 815.0 786.0 856.0 
856.0 892.0 873.0 802.0 831.0 918.0 886.0 
889.0 920.0 823.0 885.0 908.0 844.0 865.0 
806.0 871.0 836.0 739.0 848.0 750.0 748.0 
853.0 696.0 708.0 759.0 699.0 762.0 725.0 
706.0 781.0 698.0 732.0 764.0 666.0 776.0 
801.0 707.0 732.0 729.0 736.0 741.0 736.0 
746.0 719.0 755.0 761.0 750.0 815.0 779.0 
745.0 776.0 841.0 905.0 818.0 802.0 886.0 
902.0 935.0 936.0 896.0 937.0 991.0 959.0 
988.0 1004.0 930.0 985.0 972.0 922.0 1015.0 
977.0 909.0 948.0 984.0 921.0 908.0 997.0 
887.0 901.0 958.0 853.0 913.0 879.0 856.0 
893.0 851.0 847.0 784.0 838.0 879.0 790.0 
803.0 816.0 806.0 839.0 754.0 703.0 825.0 
750.0 704.0 774.0 681.0 724.0 739.0 708.0 
732.0 678.0 751.0 757.0 688.0 727.0 758.0 
752.0 743.0 819.0 737.0 704.0 832.0 710.0 
746.0 820.0 715.0 791.0 785.0 728.0 851.0 
839.0 808.0 823.0 764.0 947.0 945.0 801.0 
841.0 826.0 940.0 931.0 882.0 900.0 819.0 
894.0 961.0 914.0 869.0 870.0 918.0 989.0 
959.0 826.0 935.0 1015.0 951.0 1002.0 892.0 
952.0 1074.0 934.0 973.0 971.0 974.0 1058.0 
956.0 939.0 992.0 984.0 929.0 912.0 937.0 
864.0 858.0 821.0 786.0 799.0 681.0 787.0 
760.0 654.0 778.0 627.0 708.0 792.0 669.0 
794.0 733.0 728.0 720.0 663.0 785.0 664.0 
687.0 759.0 612.0 643.0 682.0 694.0 659.0 
635.0 711.0 711.0 721.0 749.0 744.0 792.0 
843.0 822.0 841.0 881.0 898.0 867.0 834.0 
893.0 896.0 850.0 805.0 806.0 842.0 823.0 
821.0 809.0 770.0 807.0 840.0 802.0 829.0 
837.0 850.0 906.0 819.0 863.0 933.0 821.0 
915.0 925.0 803.0 894.0 842.0 858.0 905.0 
783.0 822.0 808.0 882.0 868.0 748.0 879.0 
821.0 815.0 855.0 822.0 921.0 844.0 803.0 
845.0 886.0 918.0 807.0 867.0 893.0 832.0 
929.0 856.0 818.0 862.0 828.0 871.0 787.0 
809.0 894.0 760.0 783.0 835.0 757.0 763.0 
815.0 784.0 760.0 786.0 723.0 784.0 794.0 
720.0 825.0 792.0 856.0 868.0 740.0 910.0 
896.0 821.0 879.0 798.0 822.0 860.0 827.0 
796.0 734.0 819.0 842.0 684.0 719.0 796.0 
793.0 799.0 727.0 754.0 796.0 767.0 827.0 
824.0 826.0 898.0 843.0 890.0 927.0 846.0 
981.0 957.0 907.0 996.0 905.0 945.0 966.0 
913.0 954.0 940.0 956.0 921.0 873.0 935.0 
958.0 917.0 896.0 911.0 930.0 933.0 891.0 
814.0 852.0 910.0 808.0 794.0 783.0 723.0 
824.0 771.0 672.0 722.0 746.0 756.0 700.0 
738.0 780.0 712.0 764.0 792.0 766.0 822.0 
814.0 793.0 884.0 841.0 806.0 887.0 881.0 
898.0 827.0 823.0 922.0 885.0 878.0 866.0 
896.0 927.0 904.0 949.0 898.0 916.0 999.0 
909.0 906.0 916.0 888.0 934.0 892.0 867.0 
876.0 816.0 818.0 846.0 774.0 766.0 772.0 
748.0 755.0 697.0 766.0 736.0 666.0 775.0 
731.0 705.0 728.0 766.0 762.0 691.0 781.0 
755.0 718.0 801.0 708.0 674.0 817.0 787.0 
725.0 793.0 775.0 760.0 763.0 826.0 855.0 
758.0 866.0 866.0 774.0 880.0 849.0 850.0 
884.0 841.0 840.0 818.0 855.0 862.0 863.0 
846.0 851.0 895.0 879.0 905.0 902.0 939.0 
912.0 934.0 1031.0 949.0 966.0 955.0 956.0 
1024.0 925.0 938.0 901.0 882.0 993.0 888.0 
890.0 863.0 832.0 982.0 842.0 856.0 928.0 
829.0 929.0 862.0 854.0 946.0 820.0 809.0 
864.0 863.0 863.0 840.0 845.0 845.0 823.0 
848.0 852.0 818.0 852.0 832.0 792.0 838.0 
793.0 758.0 795.0 754.0 712.0 723.0 705.0 
700.0 718.0 695.0 697.0 695.0 721.0 741.0 
707.0 764.0 767.0 761.0 810.0 813.0 845.0 
831.0 807.0 817.0 843.0 817.0 805.0 830.0 
763.0 817.0 815.0 735.0 788.0 761.0 814.0 
845.0 749.0 778.0 828.0 889.0 841.0 828.0 
904.0 809.0 871.0 887.0 815.0 901.0 869.0 
865.0 832.0 809.0 909.0 853.0 845.0 887.0 
860.0 883.0 860.0 881.0 939.0 870.0 855.0 
923.0 932.0 937.0 887.0 882.0 980.0 978.0 
922.0 900.0 889.0 858.0 893.0 910.0 869.0 
843.0 795.0 849.0 834.0 811.0 843.0 772.0 
809.0 814.0 790.0 796.0 723.0 825.0 825.0 
695.0 800.0 763.0 728.0 784.0 698.0 775.0 
717.0 644.0 780.0 684.0 727.0 747.0 641.0 
770.0 765.0 750.0 733.0 736.0 842.0 795.0 
798.0 787.0 761.0 828.0 830.0 825.0 811.0 
809.0 821.0 817.0 800.0 791.0 819.0 788.0 
833.0 842.0 778.0 837.0 805.0 843.0 856.0 
764.0 847.0 791.0 849.0 935.0 739.0 854.0 
940.0 837.0 907.0 863.0 875.0 965.0 898.0 
897.0 876.0 884.0 936.0 881.0 910.0 867.0 
831.0 906.0 861.0 862.0 870.0 833.0 851.0 
859.0 832.0 827.0 884.0 805.0 788.0 870.0 
773.0 804.0 838.0 775.0 858.0 789.0 731.0 
789.0 732.0 807.0 756.0 669.0 769.0 706.0 
716.0 738.0 694.0 725.0 708.0 746.0 750.0 
666.0 756.0 807.0 682.0 755.0 770.0 733.0 
792.0 740.0 825.0 800.0 734.0 845.0 787.0 
794.0 867.0 823.0 852.0 886.0 853.0 889.0 
916.0 879.0 938.0 943.0 909.0 929.0 908.0 
990.0 975.0 869.0 964.0 1005.0 933.0 935.0 
936.0 920.0 906.0 899.0 949.0 891.0 855.0 
898.0 862.0 917.0 874.0 846.0 894.0 864.0 
947.0 844.0 824.0 925.0 822.0 914.0 942.0 
828.0 814.0 863.0 953.0 845.0 804.0 922.0 
852.0 870.0 894.0 771.0 833.0 861.0 810.0 
799.0 794.0 803.0 708.0 748.0 803.0 712.0 
745.0 740.0 706.0 760.0 791.0 792.0 733.0 
767.0 831.0 770.0 814.0 808.0 756.0 829.0 
776.0 770.0 821.0 764.0 799.0 805.0 749.0 
815.0 818.0 734.0 779.0 801.0 767.0 738.0 
728.0 805.0 782.0 744.0 743.0 729.0 807.0 
765.0 761.0 855.0 750.0 773.0 847.0 774.0 
811.0 823.0 828.0 830.0 825.0 882.0 838.0 
854.0 900.0 855.0 855.0 856.0 883.0 923.0 
870.0 836.0 901.0 938.0 912.0 889.0 866.0 
919.0 968.0 928.0 926.0 894.0 902.0 960.0 
961.0 926.0 883.0 954.0 891.0 900.0 976.0 
805.0 941.0 982.0 822.0 923.0 856.0 833.0 
924.0 881.0 849.0 849.0 873.0 854.0 816.0 
837.0 821.0 793.0 828.0 770.0 751.0 792.0 
727.0 838.0 824.0 697.0 817.0 763.0 820.0 
918.0 729.0 827.0 923.0 814.0 887.0 870.0 
812.0 899.0 871.0 888.0 886.0 816.0 886.0 
832.0 802.0 846.0 818.0 838.0 809.0 804.0 
807.0 777.0 830.0 822.0 807.0 845.0 808.0 
832.0 805.0 742.0 813.0 819.0 809.0 761.0 
710.0 762.0 709.0 711.0 770.0 714.0 684.0 
702.0 763.0 741.0 713.0 737.0 687.0 769.0 
798.0 735.0 805.0 780.0 767.0 868.0 841.0 
787.0 838.0 877.0 885.0 864.0 837.0 856.0 
864.0 877.0 884.0 883.0 887.0 878.0 867.0 
905.0 909.0 849.0 882.0 911.0 883.0 856.0 
862.0 829.0 824.0 883.0 816.0 825.0 872.0 
789.0 807.0 834.0 782.0 819.0 819.0 816.0 
839.0 793.0 848.0 847.0 802.0 882.0 864.0 
839.0 885.0 879.0 883.0 893.0 897.0 866.0 
876.0 975.0 922.0 928.0 1005.0 880.0 936.0 
982.0 888.0 992.0 943.0 901.0 956.0 891.0 
927.0 923.0 909.0 887.0 823.0 907.0 893.0 
846.0 863.0 800.0 862.0 861.0 783.0 878.0 
837.0 838.0 930.0 769.0 825.0 916.0 796.0 
915.0 840.0 734.0 884.0 805.0 804.0 832.0 
715.0 750.0 751.0 714.0 682.0 631.0 677.0 
675.0 653.0 613.0 578.0 687.0 674.0 601.0 
660.0 665.0 676.0 691.0 661.0 703.0 742.0 
732.0 719.0 748.0 809.0 761.0 765.0 824.0 
741.0 785.0 841.0 760.0 838.0 845.0 763.0 
851.0 857.0 838.0 878.0 825.0 859.0 899.0 
870.0 859.0 873.0 924.0 923.0 955.0 920.0 
884.0 961.0 995.0 1026.0 985.0 1017.0 1021.0 
1015.0 1137.0 991.0 990.0 1092.0 964.0 1054.0 
1086.0 984.0 1000.0 998.0 968.0 986.0 998.0 
915.0 940.0 913.0 841.0 956.0 854.0 740.0 
890.0 874.0 741.0 746.0 764.0 768.0 747.0 
702.0 748.0 722.0 688.0 743.0 712.0 712.0 
703.0 630.0 714.0 762.0 632.0 632.0 724.0 
654.0 689.0 731.0 615.0 763.0 746.0 648.0 
808.0 723.0 765.0 790.0 722.0 857.0 745.0 
793.0 841.0 736.0 883.0 773.0 756.0 878.0 
753.0 822.0 822.0 778.0 865.0 786.0 828.0 
836.0 778.0 906.0 850.0 823.0 876.0 839.0 
914.0 890.0 879.0 879.0 819.0 929.0 894.0 
833.0 910.0 837.0 841.0 952.0 880.0 831.0 
894.0 905.0 929.0 904.0 859.0 901.0 980.0 
920.0 849.0 925.0 880.0 871.0 924.0 852.0 
830.0 849.0 812.0 823.0 850.0 820.0 871.0 
876.0 832.0 871.0 834.0 858.0 954.0 846.0 
778.0 881.0 830.0 842.0 866.0 725.0 816.0 
811.0 770.0 854.0 701.0 772.0 829.0 734.0 
834.0 788.0 795.0 837.0 788.0 842.0 788.0 
735.0 825.0 833.0 783.0 818.0 788.0 807.0 
888.0 820.0 872.0 893.0 845.0 922.0 902.0 
910.0 946.0 898.0 936.0 968.0 940.0 940.0 
911.0 949.0 970.0 913.0 935.0 921.0 916.0 
928.0 898.0 899.0 863.0 881.0 896.0 825.0 
835.0 847.0 766.0 726.0 715.0 699.0 704.0 
588.0 604.0 702.0 550.0 586.0 662.0 541.0 
631.0 673.0 589.0 707.0 700.0 647.0 757.0 
720.0 725.0 763.0 767.0 841.0 774.0 798.0 
829.0 760.0 858.0 855.0 795.0 862.0 888.0 
916.0 874.0 849.0 959.0 901.0 918.0 994.0 
915.0 1019.0 998.0 925.0 1024.0 995.0 989.0 
1000.0 992.0 1020.0 970.0 945.0 972.0 943.0 
953.0 955.0 928.0 952.0 914.0 921.0 954.0 
877.0 869.0 903.0 871.0 882.0 880.0 853.0 
833.0 779.0 832.0 813.0 748.0 819.0 734.0 
691.0 751.0 726.0 697.0 647.0 661.0 717.0 
695.0 611.0 646.0 682.0 596.0 665.0 642.0 
557.0 662.0 601.0 588.0 680.0 589.0 571.0 
644.0 696.0 718.0 724.0 717.0 700.0 778.0 
820.0 812.0 846.0 855.0 892.0 929.0 915.0 
935.0 929.0 955.0 1003.0 1007.0 1010.0 926.0 
1016.0 1114.0 1014.0 1041.0 1033.0 1014.0 1016.0 
1039.0 1070.0 965.0 1023.0 1045.0 984.0 1044.0 
1011.0 970.0 961.0 1020.0 1003.0 903.0 967.0 
931.0 885.0 934.0 864.0 837.0 845.0 794.0 
805.0 777.0 686.0 722.0 713.0 688.0 753.0 
679.0 672.0 699.0 607.0 706.0 720.0 613.0 
698.0 628.0 642.0 720.0 636.0 718.0 685.0 
734.0 809.0 723.0 834.0 807.0 817.0 890.0 
809.0 863.0 811.0 807.0 906.0 829.0 870.0 
870.0 775.0 832.0 842.0 856.0 904.0 845.0 
833.0 888.0 907.0 922.0 920.0 893.0 909.0 
922.0 905.0 941.0 933.0 879.0 884.0 883.0 
909.0 876.0 858.0 879.0 814.0 865.0 822.0 
806.0 896.0 776.0 803.0 843.0 768.0 817.0 
795.0 770.0 749.0 734.0 777.0 734.0 740.0 
744.0 729.0 776.0 752.0 691.0 725.0 810.0 
773.0 789.0 776.0 726.0 823.0 811.0 846.0 
817.0 789.0 886.0 819.0 864.0 853.0 795.0 
862.0 860.0 871.0 885.0 842.0 821.0 915.0 
883.0 858.0 894.0 865.0 925.0 893.0 897.0 
917.0 838.0 866.0 916.0 910.0 894.0 889.0 
874.0 880.0 913.0 897.0 892.0 937.0 914.0 
898.0 931.0 911.0 979.0 1013.0 909.0 947.0 
994.0 987.0 1011.0 957.0 980.0 1012.0 910.0 
892.0 978.0 963.0 924.0 903.0 841.0 859.0 
869.0 866.0 853.0 819.0 819.0 764.0 827.0 
831.0 704.0 763.0 747.0 729.0 777.0 678.0 
687.0 701.0 664.0 674.0 593.0 603.0 641.0 
601.0 613.0 585.0 588.0 638.0 638.0 668.0 
655.0 677.0 749.0 715.0 756.0 809.0 779.0 
805.0 840.0 830.0 839.0 861.0 846.0 888.0 
901.0 837.0 876.0 885.0 823.0 898.0 905.0 
862.0 899.0 835.0 865.0 942.0 868.0 902.0 
931.0 863.0 948.0 935.0 874.0 988.0 921.0 
894.0 985.0 896.0 926.0 1004.0 927.0 929.0 
944.0 926.0 976.0 959.0 917.0 975.0 944.0 
913.0 993.0 927.0 899.0 958.0 935.0 918.0 
899.0 917.0 902.0 884.0 930.0 892.0 861.0 
913.0 888.0 868.0 898.0 824.0 813.0 850.0 
808.0 824.0 793.0 758.0 787.0 774.0 768.0 
733.0 759.0 818.0 783.0 795.0 791.0 812.0 
843.0 809.0 857.0 828.0 793.0 870.0 842.0 
803.0 832.0 820.0 799.0 800.0 783.0 729.0 
718.0 734.0 674.0 690.0 708.0 636.0 653.0 
667.0 640.0 634.0 664.0 683.0 648.0 653.0 
681.0 694.0 654.0 702.0 737.0 697.0 763.0 
731.0 733.0 813.0 760.0 749.0 849.0 845.0 
809.0 811.0 824.0 888.0 845.0 871.0 881.0 
831.0 900.0 887.0 887.0 887.0 850.0 901.0 
899.0 872.0 916.0 905.0 921.0 950.0 906.0 
964.0 974.0 969.0 1017.0 961.0 1013.0 1085.0 
990.0 945.0 999.0 1001.0 995.0 999.0 952.0 
944.0 968.0 984.0 959.0 907.0 903.0 934.0 
956.0 918.0 895.0 876.0 871.0 922.0 876.0 
820.0 816.0 799.0 790.0 778.0 757.0 705.0 
709.0 691.0 635.0 646.0 647.0 653.0 656.0 
678.0 681.0 636.0 710.0 738.0 675.0 749.0 
744.0 715.0 771.0 726.0 727.0 751.0 734.0 
726.0 706.0 746.0 760.0 709.0 753.0 785.0 
719.0 799.0 844.0 772.0 867.0 855.0 820.0 
914.0 876.0 851.0 900.0 921.0 858.0 875.0 
963.0 889.0 887.0 923.0 873.0 936.0 947.0 
859.0 914.0 927.0 860.0 881.0 846.0 862.0 
895.0 837.0 868.0 856.0 849.0 895.0 869.0 
908.0 927.0 882.0 961.0 963.0 882.0 979.0 
961.0 893.0 969.0 922.0 934.0 978.0 889.0 
937.0 889.0 845.0 955.0 821.0 889.0 939.0 
755.0 902.0 848.0 785.0 925.0 791.0 847.0 
889.0 758.0 882.0 858.0 788.0 882.0 823.0 
813.0 829.0 800.0 858.0 828.0 818.0 842.0 
791.0 848.0 860.0 827.0 906.0 836.0 829.0 
943.0 869.0 851.0 865.0 875.0 935.0 855.0 
833.0 883.0 807.0 819.0 827.0 755.0 829.0 
802.0 778.0 812.0 737.0 818.0 800.0 769.0 
874.0 830.0 828.0 851.0 893.0 878.0 812.0 
869.0 872.0 842.0 827.0 860.0 849.0 823.0 
857.0 779.0 790.0 809.0 740.0 825.0 824.0 
738.0 776.0 757.0 762.0 788.0 737.0 722.0 
694.0 757.0 807.0 761.0 722.0 661.0 714.0 
728.0 706.0 755.0 735.0 717.0 742.0 764.0 
774.0 775.0 720.0 750.0 811.0 780.0 826.0 
795.0 809.0 888.0 813.0 858.0 894.0 839.0 
887.0 912.0 931.0 939.0 884.0 926.0 975.0 
906.0 924.0 883.0 853.0 963.0 889.0 909.0 
946.0 830.0 913.0 925.0 908.0 959.0 884.0 
905.0 940.0 946.0 937.0 903.0 979.0 916.0 
894.0 978.0 886.0 931.0 951.0 852.0 896.0 
883.0 882.0 850.0 773.0 836.0 784.0 744.0 
838.0 791.0 765.0 781.0 768.0 823.0 765.0 
768.0 813.0 760.0 847.0 815.0 813.0 903.0 
831.0 850.0 797.0 803.0 922.0 845.0 834.0 
844.0 818.0 863.0 839.0 735.0 780.0 814.0 
740.0 828.0 751.0 747.0 806.0 673.0 772.0 
719.0 723.0 818.0 676.0 808.0 817.0 741.0 
890.0 802.0 807.0 897.0 819.0 836.0 853.0 
865.0 882.0 880.0 855.0 822.0 893.0 895.0 
879.0 914.0 832.0 822.0 906.0 886.0 866.0 
855.0 863.0 870.0 843.0 868.0 834.0 872.0 
902.0 855.0 926.0 888.0 885.0 903.0 839.0 
852.0 808.0 790.0 842.0 860.0 777.0 769.0 
839.0 770.0 752.0 810.0 812.0 771.0 816.0 
879.0 800.0 812.0 868.0 814.0 855.0 877.0 
823.0 880.0 922.0 894.0 870.0 843.0 916.0 
989.0 898.0 951.0 955.0 883.0 1033.0 911.0 
889.0 968.0 875.0 954.0 851.0 865.0 906.0 
826.0 925.0 832.0 814.0 883.0 793.0 841.0 
839.0 749.0 862.0 836.0 739.0 781.0 740.0 
784.0 820.0 765.0 769.0 766.0 780.0 799.0 
761.0 750.0 773.0 774.0 757.0 718.0 714.0 
716.0 727.0 737.0 687.0 722.0 771.0 718.0 
747.0 774.0 715.0 733.0 742.0 784.0 787.0 
741.0 780.0 768.0 852.0 823.0 727.0 852.0 
821.0 818.0 844.0 790.0 870.0 864.0 830.0 
841.0 875.0 925.0 863.0 844.0 884.0 896.0 
944.0 963.0 858.0 854.0 1014.0 949.0 843.0 
919.0 873.0 914.0 1008.0 845.0 845.0 988.0 
938.0 995.0 1018.0 869.0 947.0 999.0 926.0 
1011.0 1001.0 919.0 945.0 919.0 922.0 990.0 
984.0 938.0 856.0 907.0 982.0 890.0 915.0 
905.0 847.0 892.0 849.0 837.0 825.0 778.0 
818.0 800.0 746.0 751.0 732.0 767.0 819.0 
749.0 747.0 782.0 775.0 827.0 766.0 732.0 
808.0 759.0 770.0 805.0 708.0 708.0 750.0 
762.0 763.0 737.0 745.0 730.0 730.0 778.0 
804.0 779.0 778.0 789.0 775.0 803.0 837.0 
827.0 799.0 833.0 838.0 847.0 872.0 813.0 
864.0 896.0 837.0 857.0 795.0 827.0 900.0 
784.0 810.0 832.0 789.0 790.0 756.0 844.0 
801.0 741.0 855.0 796.0 799.0 865.0 757.0 
876.0 938.0 784.0 933.0 938.0 907.0 1074.0 
898.0 979.0 1134.0 904.0 1096.0 1115.0 898.0 
1178.0 1030.0 936.0 1212.0 944.0 999.0 1080.0 
908.0 1082.0 902.0 893.0 1024.0 860.0 949.0 
822.0 815.0 944.0 795.0 845.0 767.0 760.0 
806.0 708.0 779.0 663.0 686.0 768.0 630.0 
672.0 661.0 670.0 644.0 621.0 757.0 617.0 
669.0 762.0 633.0 766.0 747.0 778.0 798.0 
717.0 900.0 785.0 777.0 870.0 742.0 900.0 
856.0 798.0 885.0 808.0 944.0 862.0 780.0 
919.0 793.0 854.0 871.0 823.0 868.0 774.0 
881.0 815.0 846.0 905.0 720.0 902.0 796.0 
772.0 949.0 749.0 836.0 869.0 812.0 862.0 
831.0 863.0 827.0 868.0 813.0 768.0 873.0 
793.0 861.0 819.0 737.0 856.0 726.0 856.0 
873.0 681.0 922.0 787.0 772.0 948.0 754.0 
913.0 848.0 747.0 892.0 777.0 868.0 781.0 
757.0 932.0 754.0 807.0 791.0 771.0 920.0 
747.0 839.0 839.0 724.0 906.0 807.0 813.0 
849.0 792.0 908.0 813.0 870.0 942.0 823.0 
922.0 912.0 909.0 920.0 886.0 981.0 937.0 
944.0 887.0 902.0 1013.0 867.0 931.0 928.0 
854.0 944.0 896.0 940.0 900.0 878.0 951.0 
866.0 984.0 959.0 843.0 924.0 868.0 935.0 
878.0 813.0 863.0 759.0 884.0 811.0 735.0 
854.0 693.0 800.0 811.0 707.0 863.0 732.0 
810.0 891.0 770.0 892.0 796.0 814.0 872.0 
785.0 872.0 754.0 766.0 833.0 734.0 822.0 
787.0 768.0 798.0 775.0 818.0 754.0 862.0 
884.0 772.0 872.0 813.0 922.0 1003.0 846.0 
962.0 874.0 899.0 1004.0 800.0 971.0 927.0 
774.0 939.0 805.0 823.0 894.0 787.0 830.0 
800.0 815.0 782.0 783.0 867.0 730.0 832.0 
847.0 751.0 904.0 830.0 816.0 813.0 835.0 
891.0 768.0 871.0 819.0 809.0 896.0 757.0 
867.0 824.0 835.0 932.0 759.0 875.0 835.0 
811.0 917.0 734.0 858.0 863.0 763.0 877.0 
790.0 842.0 799.0 780.0 915.0 781.0 854.0 
831.0 756.0 898.0 808.0 858.0 848.0 783.0 
920.0 853.0 861.0 877.0 874.0 903.0 838.0 
932.0 880.0 878.0 929.0 809.0 932.0 891.0 
876.0 979.0 828.0 923.0 889.0 879.0 1035.0 
811.0 902.0 924.0 806.0 1004.0 834.0 847.0 
962.0 814.0 918.0 863.0 809.0 846.0 822.0 
854.0 749.0 796.0 740.0 716.0 823.0 667.0 
765.0 702.0 623.0 811.0 651.0 688.0 709.0 
634.0 763.0 679.0 719.0 723.0 717.0 814.0 
705.0 846.0 838.0 774.0 943.0 827.0 901.0 
939.0 896.0 1028.0 926.0 1018.0 1037.0 931.0 
1051.0 970.0 1011.0 1013.0 920.0 1012.0 883.0 
974.0 994.0 827.0 1036.0 917.0 871.0 1012.0 
887.0 956.0 890.0 922.0 953.0 842.0 1015.0 
893.0 873.0 952.0 854.0 977.0 847.0 850.0 
896.0 753.0 900.0 776.0 759.0 863.0 722.0 
860.0 789.0 766.0 881.0 703.0 832.0 821.0 
716.0 878.0 734.0 728.0 816.0 734.0 788.0 
741.0 710.0 720.0 747.0 778.0 683.0 705.0 
715.0 706.0 730.0 738.0 760.0 687.0 757.0 
761.0 681.0 816.0 754.0 699.0 767.0 782.0 
812.0 702.0 798.0 856.0 731.0 889.0 835.0 
790.0 892.0 815.0 938.0 862.0 844.0 979.0 
799.0 938.0 952.0 830.0 988.0 883.0 879.0 
906.0 876.0 960.0 851.0 925.0 929.0 857.0 
1002.0 905.0 892.0 926.0 921.0 974.0 892.0 
967.0 880.0 866.0 1005.0 837.0 957.0 914.0 
806.0 984.0 841.0 908.0 865.0 781.0 947.0 
820.0 865.0 786.0 780.0 956.0 761.0 836.0 
802.0 742.0 922.0 765.0 836.0 847.0 761.0 
860.0 722.0 848.0 799.0 686.0 884.0 685.0 
719.0 767.0 622.0 731.0 719.0 719.0 673.0 
690.0 719.0 734.0 860.0 709.0 742.0 863.0 
762.0 863.0 824.0 773.0 916.0 799.0 877.0 
918.0 772.0 943.0 818.0 865.0 966.0 748.0 
939.0 847.0 852.0 965.0 764.0 977.0 877.0 
865.0 1019.0 779.0 951.0 927.0 898.0 1005.0 
755.0 921.0 943.0 832.0 948.0 855.0 920.0 
847.0 847.0 954.0 801.0 876.0 865.0 894.0 
934.0 870.0 939.0 874.0 994.0 948.0 873.0 
1007.0 863.0 930.0 884.0 827.0 927.0 760.0 
879.0 795.0 706.0 897.0 706.0 800.0 829.0 
700.0 848.0 733.0 785.0 803.0 725.0 872.0 
761.0 795.0 835.0 737.0 853.0 795.0 791.0 
824.0 774.0 843.0 789.0 822.0 828.0 796.0 
849.0 757.0 890.0 870.0 790.0 942.0 777.0 
907.0 979.0 820.0 1024.0 902.0 918.0 1022.0 
860.0 983.0 895.0 881.0 960.0 821.0 905.0 
861.0 865.0 905.0 826.0 920.0 846.0 843.0 
887.0 852.0 929.0 836.0 839.0 848.0 795.0 
894.0 827.0 832.0 818.0 754.0 874.0 775.0 
780.0 828.0 760.0 857.0 815.0 831.0 821.0 
807.0 891.0 804.0 892.0 864.0 792.0 882.0 
783.0 853.0 825.0 763.0 897.0 731.0 763.0 
852.0 759.0 828.0 731.0 761.0 781.0 728.0 
824.0 682.0 791.0 822.0 696.0 887.0 773.0 
772.0 839.0 758.0 909.0 812.0 790.0 875.0 
815.0 869.0 796.0 809.0 802.0 793.0 877.0 
710.0 782.0 766.0 728.0 876.0 669.0 808.0 
834.0 741.0 976.0 800.0 868.0 918.0 798.0 
998.0 896.0 916.0 953.0 856.0 1008.0 920.0 
912.0 967.0 896.0 973.0 902.0 957.0 964.0 
908.0 1033.0 925.0 1020.0 1040.0 947.0 1099.0 
957.0 966.0 997.0 911.0 1004.0 875.0 889.0 
885.0 807.0 914.0 805.0 835.0 850.0 795.0 
858.0 761.0 865.0 826.0 769.0 928.0 772.0 
843.0 864.0 760.0 885.0 752.0 795.0 777.0 
706.0 878.0 671.0 711.0 846.0 726.0 812.0 
751.0 774.0 792.0 802.0 883.0 739.0 880.0 
844.0 786.0 925.0 753.0 901.0 823.0 732.0 
969.0 734.0 822.0 855.0 700.0 910.0 790.0 
816.0 889.0 801.0 895.0 840.0 907.0 894.0 
863.0 961.0 842.0 971.0 921.0 798.0 992.0 
842.0 875.0 918.0 786.0 904.0 836.0 841.0 
818.0 783.0 849.0 728.0 817.0 786.0 732.0 
833.0 721.0 792.0 799.0 783.0 837.0 738.0 
854.0 796.0 778.0 887.0 701.0 862.0 854.0 
740.0 959.0 727.0 811.0 932.0 683.0 892.0 
787.0 715.0 876.0 726.0 817.0 783.0 746.0 
857.0 738.0 774.0 822.0 799.0 775.0 768.0 
810.0 733.0 849.0 885.0 749.0 815.0 794.0 
828.0 858.0 852.0 880.0 788.0 917.0 908.0 
881.0 961.0 793.0 977.0 973.0 867.0 1048.0 
891.0 964.0 990.0 900.0 1007.0 885.0 957.0 
940.0 889.0 999.0 866.0 937.0 904.0 864.0 
1011.0 866.0 916.0 895.0 832.0 925.0 841.0 
953.0 801.0 744.0 958.0 821.0 886.0 788.0 
734.0 847.0 689.0 841.0 740.0 669.0 848.0 
703.0 863.0 786.0 684.0 863.0 723.0 830.0 
755.0 693.0 824.0 606.0 760.0 741.0 623.0 
802.0 655.0 768.0 784.0 683.0 833.0 751.0 
878.0 846.0 766.0 947.0 857.0 929.0 905.0 
876.0 968.0 837.0 954.0 907.0 874.0 967.0 
826.0 954.0 936.0 875.0 994.0 902.0 976.0 
999.0 909.0 976.0 925.0 979.0 980.0 908.0 
960.0 872.0 1010.0 971.0 838.0 988.0 843.0 
923.0 972.0 879.0 962.0 772.0 856.0 899.0 
782.0 875.0 762.0 774.0 798.0 773.0 778.0 
708.0 783.0 774.0 812.0 759.0 659.0 841.0 
775.0 753.0 849.0 717.0 799.0 825.0 807.0 
875.0 742.0 855.0 917.0 814.0 901.0 817.0 
823.0 855.0 800.0 840.0 696.0 742.0 803.0 
707.0 779.0 694.0 740.0 791.0 713.0 825.0 
732.0 798.0 850.0 727.0 890.0 830.0 821.0 
910.0 890.0 914.0 826.0 959.0 921.0 843.0 
1014.0 902.0 938.0 958.0 877.0 979.0 952.0 
960.0 936.0 983.0 1029.0 889.0 1031.0 1022.0 
882.0 1010.0 917.0 937.0 1071.0 890.0 883.0 
952.0 891.0 995.0 955.0 811.0 897.0 906.0 
874.0 897.0 813.0 761.0 829.0 831.0 802.0 
835.0 763.0 779.0 781.0 758.0 886.0 769.0 
731.0 803.0 726.0 839.0 824.0 738.0 770.0 
750.0 843.0 799.0 744.0 799.0 773.0 896.0 
836.0 782.0 891.0 847.0 933.0 835.0 846.0 
956.0 747.0 850.0 847.0 808.0 878.0 712.0 
811.0 787.0 756.0 881.0 759.0 798.0 786.0 
787.0 836.0 742.0 873.0 772.0 743.0 915.0 
741.0 824.0 836.0 739.0 913.0 801.0 798.0 
799.0 747.0 918.0 794.0 824.0 851.0 764.0 
908.0 827.0 842.0 808.0 765.0 908.0 768.0 
855.0 890.0 695.0 877.0 894.0 846.0 888.0 
815.0 906.0 824.0 858.0 947.0 802.0 918.0 
846.0 861.0 985.0 834.0 923.0 895.0 877.0 
974.0 905.0 903.0 836.0 902.0 936.0 871.0 
976.0 845.0 867.0 1003.0 898.0 971.0 924.0 
920.0 1010.0 943.0 1000.0 904.0 920.0 1019.0 
900.0 965.0 936.0 890.0 875.0 813.0 945.0 
811.0 738.0 858.0 762.0 828.0 786.0 710.0 
795.0 740.0 782.0 715.0 690.0 778.0 663.0 
727.0 715.0 681.0 757.0 641.0 742.0 748.0 
684.0 749.0 657.0 760.0 697.0 705.0 809.0 
676.0 838.0 737.0 787.0 965.0 728.0 879.0 
886.0 868.0 955.0 787.0 955.0 888.0 841.0 
1029.0 797.0 901.0 978.0 826.0 940.0 833.0 
902.0 890.0 798.0 983.0 774.0 827.0 933.0 
799.0 945.0 850.0 889.0 890.0 846.0 1009.0 
768.0 925.0 1018.0 778.0 984.0 877.0 888.0 
1037.0 878.0 969.0 931.0 909.0 983.0 891.0 
977.0 923.0 911.0 996.0 879.0 981.0 918.0 
866.0 985.0 850.0 874.0 827.0 804.0 889.0 
799.0 847.0 818.0 791.0 798.0 745.0 796.0 
691.0 692.0 746.0 662.0 719.0 638.0 649.0 
730.0 623.0 733.0 640.0 633.0 834.0 638.0 
709.0 735.0 650.0 818.0 718.0 735.0 785.0 
699.0 745.0 742.0 826.0 799.0 723.0 818.0 
785.0 849.0 882.0 830.0 895.0 871.0 941.0 
937.0 945.0 1020.0 874.0 973.0 1020.0 914.0 
1008.0 924.0 952.0 983.0 902.0 1019.0 941.0 
946.0 1011.0 911.0 980.0 941.0 934.0 988.0 
862.0 960.0 895.0 781.0 970.0 830.0 864.0 
911.0 734.0 913.0 841.0 782.0 874.0 839.0 
892.0 803.0 873.0 905.0 834.0 927.0 872.0 
895.0 882.0 863.0 916.0 831.0 928.0 860.0 
815.0 985.0 814.0 917.0 902.0 697.0 960.0 
822.0 809.0 904.0 708.0 867.0 784.0 796.0 
835.0 693.0 842.0 691.0 750.0 836.0 621.0 
782.0 743.0 698.0 736.0 622.0 823.0 784.0 
707.0 841.0 704.0 794.0 829.0 755.0 875.0 
727.0 773.0 875.0 753.0 854.0 824.0 772.0 
846.0 824.0 853.0 801.0 802.0 864.0 820.0 
857.0 843.0 852.0 891.0 890.0 920.0 863.0 
912.0 880.0 830.0 926.0 846.0 939.0 933.0 
834.0 986.0 926.0 938.0 913.0 925.0 1015.0 
813.0 957.0 960.0 829.0 991.0 815.0 877.0 
995.0 858.0 948.0 903.0 904.0 978.0 924.0 
945.0 923.0 948.0 947.0 951.0 963.0 845.0 
924.0 918.0 840.0 898.0 824.0 840.0 803.0 
826.0 900.0 775.0 848.0 837.0 844.0 946.0 
806.0 861.0 875.0 823.0 950.0 866.0 856.0 
874.0 809.0 905.0 807.0 798.0 851.0 700.0 
783.0 727.0 712.0 804.0 602.0 736.0 779.0 
642.0 776.0 721.0 732.0 746.0 738.0 804.0 
717.0 848.0 808.0 796.0 973.0 776.0 895.0 
933.0 831.0 1030.0 855.0 894.0 951.0 819.0 
1021.0 930.0 864.0 932.0 915.0 1008.0 905.0 
931.0 968.0 828.0 967.0 950.0 846.0 948.0 
855.0 885.0 949.0 801.0 899.0 905.0 784.0 
945.0 858.0 734.0 894.0 789.0 798.0 898.0 
724.0 804.0 842.0 762.0 919.0 773.0 746.0 
945.0 784.0 838.0 917.0 807.0 887.0 927.0 
866.0 858.0 918.0 922.0 900.0 866.0 868.0 
878.0 836.0 917.0 912.0 817.0 867.0 898.0 
841.0 851.0 856.0 803.0 864.0 842.0 788.0 
838.0 804.0 812.0 815.0 785.0 794.0 783.0 
758.0 738.0 803.0 761.0 690.0 760.0 723.0 
734.0 791.0 712.0 701.0 793.0 800.0 782.0 
831.0 795.0 799.0 855.0 870.0 846.0 784.0 
901.0 895.0 802.0 888.0 822.0 825.0 862.0 
800.0 805.0 752.0 821.0 814.0 724.0 805.0 
741.0 716.0 850.0 836.0 806.0 852.0 855.0 
898.0 914.0 891.0 938.0 933.0 941.0 943.0 
920.0 964.0 902.0 897.0 952.0 906.0 925.0 
946.0 910.0 893.0 929.0 899.0 881.0 951.0 
893.0 871.0 898.0 875.0 906.0 868.0 854.0 
894.0 844.0 877.0 937.0 864.0 875.0 941.0 
886.0 904.0 948.0 879.0 860.0 941.0 940.0 
844.0 902.0 904.0 854.0 952.0 862.0 825.0 
866.0 756.0 840.0 824.0 727.0 779.0 717.0 
774.0 767.0 663.0 749.0 741.0 753.0 775.0 
729.0 791.0 778.0 799.0 813.0 786.0 863.0 
835.0 829.0 818.0 816.0 891.0 813.0 840.0 
877.0 791.0 846.0 860.0 840.0 865.0 846.0 
888.0 910.0 892.0 906.0 869.0 891.0 946.0 
897.0 857.0 878.0 875.0 856.0 866.0 825.0 
792.0 804.0 834.0 881.0 815.0 782.0 837.0 
846.0 855.0 840.0 815.0 829.0 844.0 867.0 
869.0 782.0 806.0 887.0 841.0 868.0 890.0 
838.0 867.0 916.0 894.0 915.0 947.0 905.0 
948.0 955.0 951.0 983.0 935.0 978.0 987.0 
962.0 1029.0 965.0 963.0 1055.0 969.0 976.0 
977.0 904.0 970.0 944.0 901.0 921.0 857.0 
884.0 861.0 726.0 850.0 837.0 717.0 843.0 
709.0 676.0 821.0 676.0 664.0 747.0 668.0 
627.0 703.0 709.0 653.0 669.0 669.0 659.0 
654.0 662.0 675.0 699.0 712.0 643.0 699.0 
760.0 693.0 799.0 809.0 738.0 872.0 831.0 
822.0 903.0 803.0 874.0 899.0 831.0 935.0 
899.0 890.0 952.0 896.0 954.0 951.0 908.0 
975.0 941.0 994.0 964.0 862.0 1041.0 978.0 
920.0 1070.0 969.0 987.0 1037.0 964.0 984.0 
981.0 964.0 982.0 1016.0 978.0 952.0 1007.0 
989.0 987.0 1019.0 965.0 954.0 993.0 931.0 
899.0 925.0 906.0 875.0 823.0 815.0 805.0 
829.0 817.0 697.0 733.0 718.0 702.0 772.0 
731.0 701.0 656.0 725.0 798.0 780.0 743.0 
645.0 732.0 777.0 730.0 749.0 716.0 709.0 
728.0 787.0 777.0 763.0 794.0 770.0 820.0 
842.0 829.0 839.0 830.0 830.0 869.0 868.0 
830.0 905.0 875.0 813.0 886.0 825.0 820.0 
873.0 815.0 863.0 856.0 796.0 908.0 867.0 
804.0 943.0 855.0 830.0 941.0 845.0 868.0 
915.0 893.0 924.0 898.0 912.0 940.0 939.0 
881.0 859.0 902.0 835.0 888.0 897.0 783.0 
861.0 857.0 841.0 918.0 819.0 832.0 895.0 
871.0 931.0 835.0 836.0 923.0 882.0 942.0 
917.0 905.0 939.0 910.0 974.0 920.0 843.0 
914.0 862.0 875.0 968.0 828.0 795.0 884.0 
857.0 837.0 775.0 795.0 811.0 774.0 836.0 
715.0 727.0 814.0 724.0 781.0 769.0 730.0 
732.0 732.0 761.0 713.0 719.0 708.0 686.0 
775.0 782.0 717.0 718.0 736.0 766.0 786.0 
769.0 744.0 742.0 762.0 794.0 812.0 781.0 
821.0 843.0 824.0 874.0 854.0 867.0 883.0 
879.0 919.0 875.0 882.0 878.0 932.0 995.0 
892.0 892.0 884.0 893.0 938.0 947.0 905.0 
789.0 910.0 973.0 891.0 949.0 948.0 940.0 
979.0 1007.0 981.0 956.0 979.0 908.0 933.0 
1007.0 882.0 873.0 931.0 853.0 894.0 870.0 
788.0 812.0 799.0 863.0 831.0 765.0 815.0 
771.0 819.0 914.0 847.0 781.0 811.0 857.0 
864.0 829.0 799.0 837.0 875.0 837.0 847.0 
903.0 882.0 875.0 857.0 816.0 875.0 912.0 
846.0 792.0 799.0 844.0 899.0 851.0 755.0 
831.0 888.0 858.0 855.0 837.0 891.0 906.0 
916.0 899.0 846.0 922.0 936.0 934.0 930.0 
852.0 880.0 904.0 841.0 901.0 861.0 764.0 
863.0 865.0 850.0 788.0 775.0 906.0 870.0 
889.0 843.0 785.0 883.0 820.0 859.0 867.0 
781.0 888.0 836.0 798.0 857.0 786.0 846.0 
877.0 784.0 793.0 800.0 822.0 886.0 795.0 
746.0 851.0 819.0 825.0 855.0 769.0 836.0 
854.0 749.0 796.0 809.0 767.0 832.0 785.0 
754.0 833.0 790.0 812.0 842.0 760.0 817.0 
862.0 821.0 877.0 822.0 827.0 944.0 858.0 
883.0 937.0 823.0 878.0 956.0 869.0 833.0 
905.0 905.0 886.0 915.0 914.0 919.0 902.0 
946.0 897.0 840.0 967.0 903.0 852.0 953.0 
944.0 951.0 990.0 952.0 945.0 988.0 954.0 
991.0 1045.0 949.0 959.0 994.0 944.0 977.0 
1008.0 965.0 921.0 944.0 927.0 932.0 889.0 
805.0 864.0 811.0 808.0 835.0 740.0 765.0 
692.0 705.0 780.0 605.0 659.0 741.0 595.0 
637.0 661.0 603.0 649.0 639.0 636.0 660.0 
648.0 686.0 680.0 659.0 727.0 738.0 695.0 
753.0 796.0 783.0 797.0 785.0 824.0 845.0 
794.0 862.0 837.0 825.0 903.0 826.0 867.0 
895.0 874.0 957.0 970.0 964.0 930.0 957.0 
976.0 964.0 1004.0 947.0 965.0 965.0 923.0 
1023.0 921.0 878.0 991.0 878.0 885.0 902.0 
809.0 861.0 852.0 864.0 867.0 784.0 827.0 
836.0 793.0 791.0 771.0 738.0 737.0 774.0 
736.0 718.0 732.0 725.0 804.0 810.0 785.0 
836.0 797.0 798.0 897.0 888.0 825.0 843.0 
879.0 886.0 908.0 891.0 834.0 825.0 881.0 
875.0 834.0 850.0 857.0 887.0 855.0 775.0 
831.0 923.0 906.0 877.0 869.0 835.0 866.0 
918.0 927.0 847.0 828.0 906.0 920.0 927.0 
839.0 862.0 915.0 820.0 854.0 759.0 712.0 
765.0 713.0 814.0 739.0 677.0 744.0 711.0 
809.0 762.0 694.0 789.0 775.0 810.0 826.0 
805.0 844.0 862.0 945.0 897.0 843.0 949.0 
910.0 927.0 949.0 833.0 860.0 926.0 889.0 
843.0 848.0 894.0 882.0 851.0 908.0 864.0 
812.0 882.0 854.0 882.0 905.0 807.0 840.0 
877.0 866.0 831.0 815.0 914.0 862.0 885.0 
965.0 843.0 952.0 993.0 884.0 982.0 938.0 
928.0 1003.0 947.0 946.0 902.0 901.0 960.0 
902.0 937.0 993.0 914.0 875.0 923.0 959.0 
874.0 868.0 960.0 846.0 871.0 956.0 771.0 
822.0 900.0 815.0 835.0 812.0 847.0 787.0 
797.0 933.0 786.0 777.0 875.0 808.0 807.0 
815.0 818.0 816.0 781.0 777.0 781.0 777.0 
759.0 758.0 701.0 757.0 823.0 644.0 714.0 
815.0 672.0 712.0 766.0 714.0 743.0 775.0 
750.0 779.0 786.0 807.0 820.0 797.0 921.0 
881.0 859.0 954.0 877.0 949.0 976.0 930.0 
965.0 936.0 998.0 1020.0 986.0 1038.0 996.0 
993.0 1132.0 1084.0 1008.0 1058.0 1029.0 1066.0 
1027.0 936.0 964.0 919.0 963.0 943.0 866.0 
871.0 799.0 898.0 886.0 765.0 799.0 767.0 
812.0 822.0 781.0 768.0 743.0 819.0 819.0 
797.0 802.0 794.0 836.0 827.0 884.0 871.0 
798.0 886.0 874.0 862.0 887.0 797.0 842.0 
878.0 805.0 827.0 783.0 746.0 800.0 777.0 
762.0 757.0 777.0 785.0 742.0 756.0 754.0 
722.0 740.0 770.0 743.0 744.0 700.0 688.0 
823.0 766.0 727.0 754.0 725.0 854.0 829.0 
789.0 856.0 830.0 884.0 918.0 902.0 921.0 
884.0 916.0 984.0 937.0 989.0 992.0 938.0 
987.0 974.0 1021.0 998.0 960.0 940.0 841.0 
916.0 932.0 848.0 841.0 864.0 831.0 806.0 
858.0 817.0 827.0 836.0 822.0 824.0 807.0 
846.0 766.0 799.0 857.0 833.0 852.0 760.0 
848.0 883.0 799.0 912.0 909.0 843.0 892.0 
917.0 858.0 867.0 922.0 853.0 858.0 901.0 
821.0 836.0 872.0 823.0 844.0 869.0 861.0 
849.0 838.0 873.0 884.0 834.0 835.0 862.0 
848.0 859.0 817.0 786.0 832.0 822.0 816.0 
800.0 797.0 874.0 851.0 812.0 875.0 851.0 
833.0 873.0 838.0 837.0 845.0 838.0 833.0 
837.0 846.0 792.0 800.0 853.0 861.0 838.0 
805.0 851.0 845.0 785.0 847.0 858.0 828.0 
885.0 827.0 784.0 856.0 810.0 780.0 834.0 
776.0 748.0 804.0 767.0 789.0 783.0 726.0 
787.0 811.0 847.0 845.0 813.0 834.0 854.0 
920.0 905.0 848.0 904.0 961.0 925.0 913.0 
895.0 850.0 920.0 920.0 894.0 919.0 815.0 
846.0 914.0 860.0 839.0 800.0 843.0 828.0 
844.0 876.0 751.0 829.0 845.0 766.0 835.0 
788.0 783.0 848.0 815.0 787.0 784.0 844.0 
855.0 753.0 807.0 854.0 775.0 787.0 783.0 
803.0 849.0 797.0 784.0 801.0 828.0 857.0 
805.0 786.0 829.0 801.0 823.0 885.0 804.0 
854.0 840.0 741.0 882.0 839.0 799.0 860.0 
829.0 858.0 828.0 861.0 869.0 851.0 931.0 
888.0 889.0 883.0 885.0 944.0 877.0 944.0 
919.0 852.0 970.0 917.0 904.0 946.0 904.0 
943.0 967.0 959.0 935.0 953.0 1019.0 981.0 
994.0 1006.0 947.0 984.0 963.0 947.0 973.0 
936.0 929.0 914.0 881.0 895.0 903.0 832.0 
891.0 914.0 829.0 912.0 854.0 860.0 946.0 
858.0 908.0 909.0 849.0 893.0 830.0 821.0 
978.0 870.0 793.0 927.0 863.0 870.0 891.0 
815.0 854.0 864.0 853.0 842.0 784.0 849.0 
832.0 775.0 910.0 825.0 768.0 825.0 759.0 
832.0 777.0 730.0 774.0 697.0 779.0 780.0 
701.0 763.0 717.0 734.0 809.0 756.0 754.0 
804.0 865.0 824.0 772.0 827.0 799.0 818.0 
900.0 825.0 796.0 840.0 784.0 873.0 856.0 
751.0 851.0 822.0 855.0 907.0 789.0 857.0 
892.0 829.0 924.0 911.0 853.0 869.0 904.0 
945.0 894.0 896.0 892.0 907.0 966.0 910.0 
903.0 924.0 886.0 932.0 947.0 892.0 903.0 
932.0 957.0 956.0 968.0 973.0 983.0 1036.0 
991.0 1017.0 1055.0 969.0 1013.0 1037.0 1005.0 
1025.0 988.0 947.0 930.0 993.0 927.0 853.0 
944.0 828.0 822.0 903.0 803.0 842.0 847.0 
782.0 800.0 781.0 791.0 748.0 690.0 774.0 
736.0 662.0 737.0 696.0 610.0 630.0 655.0 
658.0 638.0 618.0 613.0 641.0 636.0 615.0 
675.0 662.0 653.0 725.0 712.0 722.0 753.0 
722.0 788.0 794.0 755.0 832.0 765.0 839.0 
964.0 835.0 941.0 991.0 866.0 993.0 995.0 
891.0 975.0 977.0 948.0 990.0 944.0 915.0 
948.0 998.0 994.0 964.0 1014.0 958.0 995.0 
1029.0 918.0 1039.0 981.0 940.0 1042.0 935.0 
1038.0 965.0 878.0 1009.0 901.0 954.0 922.0 
817.0 929.0 873.0 888.0 931.0 870.0 909.0 
925.0 889.0 909.0 945.0 894.0 872.0 878.0 
879.0 854.0 842.0 874.0 805.0 833.0 843.0 
768.0 809.0 783.0 784.0 804.0 752.0 790.0 
730.0 673.0 733.0 686.0 743.0 743.0 648.0 
682.0 667.0 710.0 738.0 680.0 650.0 675.0 
700.0 684.0 743.0 675.0 612.0 740.0 783.0 
736.0 710.0 759.0 784.0 792.0 880.0 819.0 
755.0 892.0 907.0 906.0 984.0 903.0 931.0 
1031.0 1033.0 1073.0 972.0 969.0 1085.0 988.0 
1006.0 1061.0 970.0 1016.0 1038.0 1008.0 1056.0 
983.0 960.0 1002.0 966.0 1018.0 1012.0 899.0 
927.0 1004.0 952.0 947.0 959.0 915.0 910.0 
910.0 990.0 945.0 825.0 872.0 824.0 819.0 
865.0 780.0 744.0 755.0 780.0 756.0 757.0 
723.0 655.0 740.0 733.0 679.0 675.0 709.0 
710.0 646.0 729.0 720.0 690.0 735.0 698.0 
780.0 755.0 724.0 827.0 761.0 799.0 861.0 
806.0 863.0 880.0 849.0 866.0 881.0 907.0 
908.0 872.0 900.0 903.0 874.0 947.0 890.0 
850.0 906.0 880.0 951.0 875.0 857.0 949.0 
851.0 915.0 922.0 898.0 954.0 889.0 930.0 
925.0 867.0 902.0 888.0 851.0 912.0 951.0 
800.0 910.0 1031.0 885.0 952.0 910.0 855.0 
958.0 946.0 923.0 886.0 890.0 910.0 910.0 
899.0 884.0 911.0 890.0 867.0 899.0 906.0 
873.0 892.0 911.0 845.0 853.0 893.0 842.0 
850.0 883.0 843.0 853.0 825.0 780.0 833.0 
803.0 779.0 779.0 748.0 819.0 794.0 745.0 
803.0 771.0 785.0 831.0 793.0 801.0 784.0 
772.0 813.0 780.0 761.0 787.0 755.0 765.0 
765.0 724.0 790.0 823.0 761.0 784.0 804.0 
803.0 854.0 814.0 841.0 890.0 846.0 890.0 
854.0 882.0 964.0 875.0 917.0 952.0 932.0 
1008.0 937.0 917.0 990.0 933.0 934.0 962.0 
889.0 889.0 917.0 887.0 907.0 862.0 867.0 
926.0 869.0 884.0 900.0 914.0 934.0 944.0 
957.0 917.0 992.0 960.0 901.0 998.0 937.0 
919.0 944.0 845.0 894.0 912.0 852.0 848.0 
811.0 866.0 827.0 731.0 803.0 808.0 756.0 
786.0 772.0 762.0 821.0 752.0 719.0 802.0 
806.0 775.0 724.0 726.0 752.0 765.0 763.0 
694.0 728.0 720.0 688.0 789.0 752.0 721.0 
766.0 752.0 823.0 823.0 788.0 857.0 842.0 
861.0 905.0 837.0 877.0 938.0 879.0 936.0 
925.0 837.0 926.0 876.0 829.0 903.0 841.0 
851.0 880.0 826.0 838.0 873.0 861.0 897.0 
926.0 883.0 930.0 920.0 905.0 972.0 926.0 
898.0 927.0 951.0 964.0 936.0 910.0 934.0 
907.0 906.0 945.0 846.0 901.0 908.0 838.0 
915.0 799.0 822.0 856.0 770.0 849.0 768.0 
774.0 823.0 761.0 811.0 812.0 822.0 809.0 
810.0 857.0 847.0 841.0 826.0 881.0 896.0 
857.0 904.0 887.0 870.0 921.0 933.0 944.0 
942.0 931.0 918.0 926.0 945.0 934.0 958.0 
924.0 900.0 962.0 890.0 843.0 933.0 881.0 
869.0 932.0 811.0 816.0 878.0 800.0 829.0 
772.0 743.0 844.0 747.0 754.0 782.0 665.0 
793.0 783.0 660.0 788.0 761.0 731.0 797.0 
743.0 733.0 742.0 769.0 772.0 766.0 814.0 
744.0 746.0 815.0 747.0 777.0 781.0 742.0 
831.0 816.0 804.0 834.0 809.0 868.0 893.0 
881.0 917.0 922.0 934.0 978.0 997.0 997.0 
986.0 997.0 1075.0 1048.0 1008.0 1067.0 1063.0 
1061.0 1028.0 1015.0 1023.0 995.0 1034.0 975.0 
944.0 1023.0 970.0 936.0 968.0 977.0 935.0 
941.0 1014.0 915.0 926.0 980.0 861.0 887.0 
894.0 853.0 861.0 812.0 804.0 793.0 794.0 
799.0 746.0 757.0 776.0 709.0 728.0 736.0 
678.0 749.0 708.0 672.0 739.0 677.0 707.0 
738.0 690.0 678.0 734.0 808.0 709.0 664.0 
795.0 796.0 752.0 810.0 743.0 781.0 860.0 
769.0 823.0 786.0 792.0 875.0 777.0 888.0 
890.0 819.0 944.0 895.0 980.0 1025.0 892.0 
988.0 1044.0 1029.0 1034.0 993.0 982.0 1022.0 
1042.0 979.0 994.0 999.0 922.0 928.0 975.0 
926.0 857.0 911.0 875.0 837.0 903.0 876.0 
869.0 862.0 876.0 891.0 828.0 920.0 929.0 
818.0 907.0 869.0 831.0 927.0 868.0 889.0 
923.0 850.0 866.0 876.0 846.0 847.0 822.0 
853.0 828.0 720.0 807.0 815.0 720.0 731.0 
706.0 777.0 771.0 706.0 728.0 692.0 772.0 
753.0 705.0 769.0 717.0 767.0 795.0 747.0 
765.0 749.0 784.0 805.0 788.0 797.0 795.0 
847.0 866.0 840.0 876.0 893.0 926.0 944.0 
894.0 922.0 932.0 891.0 941.0 953.0 893.0 
909.0 927.0 906.0 953.0 959.0 886.0 921.0 
965.0 942.0 962.0 916.0 921.0 1015.0 956.0 
909.0 943.0 932.0 956.0 936.0 893.0 897.0 
849.0 868.0 862.0 848.0 843.0 721.0 808.0 
843.0 761.0 797.0 741.0 807.0 796.0 763.0 
811.0 678.0 774.0 805.0 689.0 766.0 703.0 
722.0 775.0 725.0 803.0 749.0 770.0 866.0 
817.0 861.0 798.0 792.0 943.0 889.0 869.0 
898.0 866.0 901.0 945.0 937.0 905.0 1016.0 
983.0 902.0 1049.0 969.0 952.0 1038.0 979.0 
1016.0 994.0 1033.0 1011.0 911.0 1089.0 1033.0 
928.0 1005.0 898.0 986.0 953.0 883.0 980.0 
811.0 898.0 915.0 818.0 927.0 780.0 806.0 
861.0 763.0 830.0 756.0 733.0 782.0 732.0 
797.0 749.0 695.0 777.0 738.0 726.0 743.0 
750.0 753.0 735.0 769.0 731.0 705.0 737.0 
750.0 746.0 682.0 703.0 773.0 740.0 730.0 
742.0 784.0 822.0 779.0 779.0 807.0 839.0 
856.0 836.0 845.0 862.0 828.0 843.0 896.0 
848.0 830.0 858.0 867.0 899.0 865.0 847.0 
893.0 874.0 902.0 938.0 920.0 920.0 912.0 
965.0 951.0 936.0 993.0 914.0 907.0 997.0 
938.0 917.0 965.0 908.0 894.0 949.0 961.0 
900.0 893.0 943.0 896.0 912.0 914.0 883.0 
944.0 932.0 926.0 940.0 919.0 943.0 925.0 
924.0 1010.0 937.0 855.0 941.0 926.0 863.0 
866.0 893.0 840.0 838.0 929.0 832.0 839.0 
865.0 814.0 879.0 855.0 900.0 863.0 806.0 
893.0 819.0 800.0 810.0 784.0 817.0 741.0 
716.0 787.0 685.0 680.0 811.0 752.0 772.0 
767.0 769.0 917.0 831.0 798.0 871.0 859.0 
885.0 858.0 880.0 857.0 857.0 926.0 819.0 
924.0 989.0 814.0 922.0 914.0 863.0 935.0 
818.0 886.0 882.0 807.0 935.0 844.0 838.0 
901.0 814.0 877.0 885.0 796.0 846.0 825.0 
776.0 841.0 784.0 819.0 842.0 729.0 851.0 
863.0 788.0 826.0 768.0 804.0 813.0 755.0 
828.0 803.0 767.0 830.0 797.0 816.0 849.0 
803.0 849.0 841.0 806.0 846.0 830.0 807.0 
785.0 767.0 793.0 809.0 791.0 753.0 771.0 
802.0 810.0 814.0 788.0 825.0 881.0 862.0 
840.0 849.0 931.0 946.0 901.0 970.0 961.0 
995.0 1016.0 977.0 1075.0 992.0 1013.0 1109.0 
1055.0 1109.0 1055.0 1107.0 1131.0 1045.0 1116.0 
1063.0 1094.0 1084.0 984.0 1030.0 991.0 982.0 
999.0 946.0 909.0 917.0 901.0 838.0 839.0 
856.0 791.0 769.0 796.0 745.0 765.0 763.0 
726.0 775.0 728.0 780.0 787.0 720.0 791.0 
699.0 718.0 785.0 686.0 700.0 712.0 676.0 
704.0 749.0 703.0 706.0 706.0 728.0 805.0 
708.0 715.0 734.0 748.0 829.0 763.0 805.0 
789.0 780.0 859.0 753.0 860.0 872.0 726.0 
895.0 834.0 770.0 934.0 775.0 809.0 964.0 
840.0 904.0 912.0 889.0 966.0 896.0 959.0 
980.0 922.0 1014.0 983.0 948.0 1016.0 906.0 
877.0 1041.0 994.0 872.0 866.0 899.0 934.0 
913.0 865.0 865.0 911.0 940.0 952.0 903.0 
939.0 984.0 952.0 1006.0 962.0 937.0 971.0 
975.0 965.0 929.0 957.0 930.0 939.0 931.0 
834.0 913.0 931.0 831.0 898.0 884.0 821.0 
866.0 853.0 883.0 876.0 797.0 822.0 852.0 
847.0 832.0 816.0 836.0 804.0 759.0 798.0 
773.0 792.0 817.0 688.0 726.0 752.0 714.0 
759.0 655.0 679.0 776.0 701.0 720.0 757.0 
720.0 753.0 842.0 839.0 741.0 816.0 897.0 
817.0 865.0 881.0 842.0 867.0 856.0 918.0 
878.0 815.0 907.0 894.0 861.0 849.0 826.0 
900.0 924.0 830.0 844.0 920.0 867.0 897.0 
922.0 860.0 920.0 892.0 861.0 965.0 877.0 
819.0 939.0 883.0 882.0 960.0 841.0 857.0 
893.0 870.0 939.0 862.0 922.0 959.0 818.0 
901.0 921.0 920.0 945.0 899.0 946.0 926.0 
955.0 938.0 891.0 978.0 935.0 959.0 965.0 
883.0 924.0 905.0 933.0 914.0 833.0 890.0 
891.0 898.0 906.0 846.0 855.0 893.0 914.0 
868.0 848.0 866.0 884.0 925.0 818.0 804.0 
923.0 853.0 793.0 847.0 841.0 815.0 821.0 
769.0 748.0 768.0 722.0 686.0 751.0 809.0 
717.0 666.0 728.0 770.0 772.0 774.0 787.0 
743.0 789.0 881.0 854.0 814.0 775.0 831.0 
954.0 937.0 881.0 844.0 824.0 961.0 1008.0 
851.0 835.0 879.0 897.0 963.0 924.0 866.0 
847.0 834.0 925.0 985.0 916.0 843.0 810.0 
943.0 1049.0 914.0 855.0 861.0 946.0 1020.0 
902.0 867.0 896.0 945.0 936.0 918.0 940.0 
804.0 852.0 944.0 869.0 846.0 771.0 819.0 
853.0 848.0 856.0 716.0 809.0 921.0 838.0 
793.0 800.0 864.0 863.0 869.0 832.0 757.0 
843.0 834.0 826.0 849.0 738.0 801.0 828.0 
810.0 866.0 778.0 740.0 799.0 884.0 880.0 
825.0 844.0 819.0 854.0 926.0 896.0 854.0 
897.0 913.0 899.0 908.0 870.0 903.0 872.0 
843.0 970.0 885.0 863.0 894.0 759.0 911.0 
897.0 768.0 887.0 798.0 824.0 883.0 804.0 
853.0 820.0 848.0 884.0 826.0 900.0 897.0 
853.0 886.0 847.0 906.0 900.0 820.0 870.0 
859.0 906.0 855.0 817.0 941.0 842.0 835.0 
876.0 837.0 924.0 840.0 844.0 941.0 806.0 
875.0 914.0 797.0 936.0 952.0 884.0 953.0 
932.0 953.0 1009.0 972.0 942.0 996.0 1039.0 
964.0 948.0 996.0 939.0 953.0 983.0 908.0 
941.0 925.0 864.0 901.0 855.0 861.0 862.0 
807.0 820.0 745.0 805.0 858.0 781.0 782.0 
683.0 712.0 770.0 747.0 760.0 674.0 664.0 
693.0 772.0 770.0 626.0 657.0 699.0 766.0 
830.0 671.0 657.0 799.0 820.0 834.0 800.0 
758.0 813.0 855.0 922.0 875.0 804.0 883.0 
867.0 936.0 945.0 834.0 957.0 958.0 886.0 
921.0 879.0 933.0 934.0 888.0 983.0 919.0 
873.0 953.0 892.0 917.0 961.0 869.0 907.0 
969.0 896.0 880.0 915.0 912.0 932.0 878.0 
855.0 887.0 857.0 965.0 939.0 855.0 925.0 
829.0 878.0 985.0 886.0 831.0 802.0 896.0 
925.0 856.0 858.0 743.0 809.0 900.0 845.0 
889.0 785.0 802.0 896.0 876.0 890.0 745.0 
802.0 924.0 905.0 928.0 763.0 787.0 955.0 
883.0 829.0 871.0 830.0 837.0 901.0 805.0 
820.0 794.0 698.0 849.0 851.0 751.0 711.0 
726.0 863.0 853.0 794.0 804.0 809.0 864.0 
897.0 862.0 871.0 928.0 870.0 823.0 926.0 
927.0 844.0 842.0 854.0 871.0 820.0 783.0 
817.0 800.0 799.0 797.0 772.0 808.0 849.0 
804.0 843.0 908.0 846.0 871.0 962.0 959.0 
922.0 957.0 929.0 939.0 1090.0 1002.0 957.0 
1011.0 897.0 1004.0 1052.0 901.0 929.0 944.0 
967.0 1004.0 924.0 907.0 915.0 951.0 1005.0 
893.0 874.0 1012.0 977.0 922.0 930.0 949.0 
1035.0 954.0 954.0 1012.0 906.0 973.0 993.0 
935.0 927.0 891.0 923.0 942.0 919.0 839.0 
817.0 863.0 840.0 829.0 789.0 767.0 795.0 
794.0 791.0 748.0 694.0 715.0 738.0 751.0 
737.0 649.0 645.0 688.0 699.0 725.0 633.0 
590.0 705.0 673.0 673.0 727.0 623.0 702.0 
750.0 701.0 753.0 687.0 747.0 806.0 753.0 
855.0 828.0 733.0 825.0 898.0 887.0 863.0 
840.0 859.0 890.0 920.0 943.0 882.0 895.0 
976.0 995.0 1022.0 986.0 966.0 1001.0 973.0 
1047.0 1126.0 975.0 966.0 1081.0 1031.0 1040.0 
1044.0 1014.0 1024.0 975.0 1008.0 1025.0 931.0 
936.0 935.0 967.0 1013.0 877.0 839.0 911.0 
885.0 904.0 922.0 764.0 763.0 966.0 949.0 
824.0 751.0 795.0 901.0 883.0 855.0 782.0 
699.0 780.0 915.0 809.0 631.0 784.0 815.0 
713.0 865.0 790.0 646.0 812.0 872.0 790.0 
742.0 748.0 808.0 806.0 816.0 796.0 719.0 
822.0 866.0 761.0 841.0 841.0 764.0 914.0 
882.0 762.0 911.0 937.0 832.0 878.0 876.0 
831.0 895.0 875.0 830.0 843.0 805.0 864.0 
877.0 756.0 785.0 835.0 853.0 920.0 821.0 
785.0 912.0 942.0 935.0 913.0 909.0 931.0 
946.0 965.0 948.0 895.0 908.0 913.0 860.0 
936.0 897.0 781.0 912.0 897.0 796.0 890.0 
836.0 873.0 942.0 772.0 876.0 929.0 839.0 
922.0 879.0 915.0 964.0 865.0 840.0 836.0 
857.0 849.0 833.0 840.0 738.0 774.0 840.0 
797.0 871.0 776.0 756.0 933.0 875.0 870.0 
889.0 831.0 931.0 902.0 842.0 904.0 826.0 
847.0 873.0 766.0 805.0 818.0 791.0 805.0 
748.0 750.0 812.0 822.0 821.0 830.0 808.0 
774.0 827.0 881.0 872.0 833.0 838.0 928.0 
884.0 879.0 906.0 833.0 971.0 926.0 812.0 
974.0 937.0 912.0 971.0 899.0 946.0 1032.0 
987.0 987.0 1042.0 973.0 976.0 1049.0 968.0 
975.0 1040.0 975.0 1002.0 996.0 923.0 998.0 
972.0 951.0 990.0 906.0 909.0 919.0 918.0 
908.0 818.0 819.0 824.0 808.0 860.0 810.0 
710.0 812.0 861.0 742.0 778.0 828.0 794.0 
847.0 821.0 763.0 824.0 799.0 768.0 797.0 
788.0 793.0 747.0 753.0 799.0 728.0 757.0 
812.0 706.0 756.0 826.0 767.0 823.0 753.0 
749.0 871.0 807.0 850.0 875.0 840.0 847.0 
861.0 944.0 850.0 848.0 923.0 866.0 934.0 
856.0 777.0 914.0 881.0 822.0 868.0 832.0 
825.0 870.0 842.0 805.0 799.0 826.0 821.0 
760.0 804.0 805.0 776.0 826.0 792.0 813.0 
803.0 777.0 885.0 835.0 845.0 904.0 827.0 
877.0 875.0 901.0 946.0 909.0 930.0 880.0 
947.0 954.0 877.0 998.0 974.0 906.0 951.0 
945.0 937.0 975.0 966.0 926.0 975.0 1024.0 
1047.0 1017.0 954.0 997.0 1056.0 1033.0 1016.0 
1025.0 997.0 997.0 1034.0 1030.0 983.0 958.0 
1004.0 1020.0 956.0 910.0 954.0 961.0 894.0 
925.0 860.0 803.0 918.0 831.0 772.0 811.0 
700.0 736.0 791.0 735.0 664.0 615.0 759.0 
727.0 594.0 704.0 692.0 604.0 684.0 702.0 
608.0 678.0 685.0 639.0 683.0 646.0 693.0 
653.0 677.0 774.0 658.0 712.0 761.0 708.0 
789.0 795.0 755.0 786.0 811.0 812.0 798.0 
796.0 774.0 776.0 813.0 850.0 855.0 764.0 
772.0 830.0 867.0 869.0 830.0 888.0 862.0 
955.0 996.0 860.0 974.0 997.0 992.0 1072.0 
1019.0 993.0 994.0 1053.0 1114.0 1037.0 1018.0 
1043.0 1024.0 1079.0 1021.0 1049.0 1135.0 995.0 
1026.0 1049.0 1007.0 1029.0 951.0 986.0 1006.0 
945.0 948.0 896.0 896.0 958.0 877.0 894.0 
906.0 785.0 872.0 895.0 804.0 856.0 883.0 
803.0 801.0 902.0 838.0 795.0 875.0 825.0 
831.0 848.0 816.0 881.0 812.0 827.0 904.0 
784.0 875.0 882.0 737.0 872.0 855.0 758.0 
857.0 789.0 720.0 772.0 688.0 693.0 707.0 
649.0 695.0 630.0 641.0 709.0 622.0 650.0 
700.0 677.0 692.0 669.0 671.0 736.0 744.0 
724.0 749.0 769.0 793.0 867.0 871.0 858.0 
895.0 944.0 997.0 963.0 975.0 1048.0 1020.0 
1010.0 1087.0 1053.0 982.0 1032.0 1027.0 974.0 
995.0 946.0 937.0 973.0 877.0 925.0 942.0 
903.0 950.0 863.0 923.0 943.0 859.0 969.0 
921.0 901.0 942.0 863.0 956.0 913.0 833.0 
929.0 854.0 833.0 943.0 866.0 766.0 886.0 
901.0 809.0 853.0 835.0 822.0 816.0 824.0 
859.0 792.0 854.0 851.0 767.0 841.0 875.0 
883.0 835.0 825.0 891.0 824.0 814.0 902.0 
828.0 791.0 884.0 788.0 803.0 883.0 778.0 
825.0 821.0 858.0 917.0 792.0 902.0 914.0 
844.0 964.0 890.0 900.0 945.0 855.0 940.0 
911.0 841.0 949.0 892.0 857.0 947.0 886.0 
869.0 888.0 867.0 896.0 895.0 867.0 846.0 
887.0 897.0 886.0 884.0 830.0 858.0 902.0 
826.0 840.0 935.0 847.0 834.0 891.0 820.0 
860.0 858.0 805.0 877.0 863.0 852.0 820.0 
795.0 918.0 874.0 843.0 896.0 820.0 880.0 
948.0 897.0 946.0 930.0 901.0 993.0 959.0 
949.0 945.0 881.0 967.0 960.0 869.0 890.0 
884.0 837.0 886.0 894.0 822.0 839.0 850.0 
857.0 870.0 839.0 844.0 863.0 844.0 856.0 
898.0 855.0 821.0 846.0 861.0 887.0 885.0 
831.0 860.0 927.0 893.0 878.0 882.0 928.0 
958.0 878.0 955.0 983.0 901.0 979.0 898.0 
896.0 977.0 819.0 887.0 890.0 792.0 880.0 
781.0 787.0 826.0 738.0 828.0 797.0 726.0 
802.0 778.0 732.0 773.0 761.0 748.0 786.0 
717.0 720.0 747.0 714.0 726.0 669.0 745.0 
738.0 645.0 776.0 722.0 721.0 820.0 718.0 
780.0 791.0 787.0 864.0 785.0 850.0 824.0 
800.0 949.0 841.0 841.0 948.0 873.0 884.0 
890.0 904.0 940.0 884.0 974.0 997.0 944.0 
1012.0 961.0 1017.0 1099.0 1040.0 1083.0 1101.0 
1123.0 1077.0 1025.0 1095.0 1017.0 1009.0 1060.0 
997.0 946.0 945.0 951.0 861.0 894.0 900.0 
832.0 866.0 859.0 884.0 814.0 825.0 838.0 
784.0 909.0 809.0 838.0 947.0 775.0 870.0 
930.0 845.0 890.0 855.0 900.0 924.0 857.0 
913.0 870.0 801.0 893.0 878.0 815.0 893.0 
857.0 805.0 907.0 830.0 796.0 865.0 750.0 
802.0 842.0 799.0 835.0 749.0 792.0 759.0 
698.0 823.0 736.0 746.0 844.0 737.0 737.0 
744.0 723.0 779.0 707.0 688.0 791.0 734.0 
690.0 726.0 689.0 696.0 693.0 719.0 713.0 
643.0 751.0 714.0 661.0 778.0 670.0 727.0 
837.0 733.0 800.0 781.0 797.0 873.0 819.0 
882.0 847.0 859.0 955.0 885.0 900.0 944.0 
905.0 957.0 1045.0 983.0 995.0 1081.0 1043.0 
1139.0 1130.0 1072.0 1168.0 1111.0 1162.0 1123.0 
1044.0 1162.0 1080.0 1144.0 1131.0 981.0 1139.0 
1083.0 1045.0 1104.0 989.0 1069.0 1086.0 1009.0 
1033.0 990.0 995.0 996.0 936.0 935.0 880.0 
881.0 921.0 831.0 849.0 808.0 746.0 859.0 
777.0 723.0 762.0 709.0 739.0 736.0 690.0 
675.0 668.0 702.0 697.0 665.0 696.0 679.0 
690.0 703.0 673.0 706.0 697.0 722.0 703.0 
718.0 748.0 708.0 772.0 734.0 714.0 769.0 
786.0 774.0 750.0 782.0 779.0 784.0 743.0 
757.0 829.0 820.0 811.0 815.0 847.0 808.0 
836.0 854.0 820.0 891.0 836.0 861.0 907.0 
844.0 924.0 892.0 862.0 932.0 898.0 952.0 
954.0 881.0 941.0 918.0 898.0 955.0 890.0 
894.0 925.0 906.0 897.0 890.0 936.0 893.0 
924.0 955.0 871.0 962.0 976.0 890.0 949.0 
952.0 925.0 974.0 951.0 891.0 925.0 960.0 
923.0 919.0 881.0 882.0 917.0 834.0 891.0 
900.0 826.0 902.0 876.0 843.0 900.0 914.0 
847.0 840.0 950.0 904.0 891.0 972.0 848.0 
881.0 1042.0 905.0 926.0 977.0 892.0 1001.0 
933.0 934.0 978.0 878.0 975.0 907.0 917.0 
1010.0 870.0 936.0 948.0 871.0 921.0 900.0 
897.0 894.0 940.0 902.0 815.0 934.0 888.0 
848.0 946.0 832.0 895.0 964.0 882.0 953.0 
885.0 903.0 962.0 862.0 914.0 935.0 879.0 
851.0 825.0 804.0 775.0 757.0 740.0 735.0 
695.0 733.0 775.0 665.0 702.0 754.0 666.0 
741.0 799.0 709.0 744.0 815.0 756.0 772.0 
838.0 804.0 860.0 850.0 816.0 955.0 898.0 
913.0 961.0 883.0 987.0 921.0 929.0 971.0 
899.0 1001.0 896.0 872.0 977.0 934.0 932.0 
882.0 872.0 901.0 952.0 938.0 844.0 936.0 
926.0 889.0 977.0 894.0 901.0 950.0 910.0 
999.0 952.0 878.0 948.0 929.0 941.0 910.0 
849.0 942.0 944.0 911.0 922.0 870.0 933.0 
967.0 905.0 930.0 930.0 924.0 911.0 899.0 
889.0 839.0 878.0 854.0 806.0 816.0 779.0 
807.0 774.0 717.0 754.0 751.0 762.0 754.0 
722.0 716.0 690.0 742.0 788.0 746.0 707.0 
684.0 776.0 790.0 722.0 738.0 708.0 775.0 
797.0 754.0 762.0 745.0 810.0 735.0 753.0 
843.0 731.0 800.0 837.0 798.0 814.0 812.0 
859.0 843.0 892.0 915.0 804.0 848.0 925.0 
900.0 945.0 909.0 893.0 1004.0 984.0 999.0 
971.0 934.0 1048.0 1027.0 1056.0 1043.0 994.0 
1122.0 1055.0 985.0 997.0 955.0 1037.0 1028.0 
935.0 945.0 932.0 938.0 954.0 882.0 863.0 
896.0 852.0 830.0 876.0 819.0 773.0 787.0 
755.0 783.0 747.0 701.0 742.0 774.0 766.0 
673.0 729.0 777.0 736.0 789.0 726.0 736.0 
772.0 750.0 788.0 772.0 791.0 744.0 765.0 
843.0 736.0 760.0 852.0 840.0 850.0 864.0 
849.0 869.0 967.0 905.0 882.0 964.0 905.0 
974.0 975.0 886.0 953.0 960.0 961.0 999.0 
967.0 930.0 964.0 1023.0 1035.0 1013.0 976.0 
1021.0 1067.0 1008.0 983.0 1022.0 1023.0 956.0 
1001.0 999.0 862.0 924.0 914.0 844.0 904.0 
818.0 802.0 845.0 822.0 830.0 770.0 789.0 
816.0 802.0 818.0 770.0 783.0 849.0 820.0 
763.0 833.0 845.0 750.0 824.0 841.0 789.0 
840.0 823.0 838.0 805.0 788.0 831.0 759.0 
790.0 767.0 788.0 868.0 764.0 795.0 801.0 
813.0 881.0 792.0 811.0 849.0 816.0 818.0 
804.0 808.0 816.0 768.0 780.0 816.0 752.0 
751.0 754.0 775.0 839.0 784.0 786.0 795.0 
797.0 912.0 878.0 853.0 918.0 863.0 914.0 
909.0 901.0 982.0 886.0 962.0 1026.0 932.0 
1004.0 1036.0 999.0 1044.0 1099.0 1039.0 1041.0 
1124.0 1090.0 1098.0 1097.0 1083.0 1092.0 1083.0 
1161.0 1097.0 1008.0 1060.0 1043.0 1061.0 1025.0 
946.0 968.0 930.0 909.0 910.0 831.0 841.0 
866.0 794.0 805.0 809.0 791.0 792.0 744.0 
767.0 749.0 769.0 797.0 711.0 796.0 779.0 
679.0 809.0 774.0 709.0 772.0 710.0 762.0 
784.0 715.0 783.0 728.0 712.0 775.0 732.0 
764.0 756.0 723.0 747.0 788.0 801.0 769.0 
821.0 834.0 819.0 856.0 859.0 862.0 843.0 
913.0 923.0 853.0 939.0 898.0 904.0 984.0 
910.0 971.0 985.0 963.0 987.0 939.0 1012.0 
985.0 966.0 1042.0 932.0 980.0 1030.0 972.0 
1015.0 969.0 1032.0 1018.0 968.0 1054.0 954.0 
987.0 1004.0 953.0 1011.0 884.0 929.0 946.0 
829.0 924.0 881.0 809.0 826.0 819.0 853.0 
789.0 755.0 815.0 765.0 779.0 825.0 746.0 
803.0 839.0 756.0 803.0 786.0 773.0 828.0 
776.0 816.0 802.0 747.0 861.0 827.0 737.0 
785.0 830.0 869.0 805.0 787.0 851.0 818.0 
847.0 825.0 797.0 850.0 845.0 834.0 802.0 
841.0 826.0 826.0 915.0 838.0 848.0 904.0 
853.0 878.0 903.0 912.0 894.0 826.0 895.0 
971.0 896.0 889.0 890.0 906.0 967.0 932.0 
956.0 937.0 947.0 1010.0 902.0 970.0 1007.0 
893.0 972.0 948.0 916.0 931.0 894.0 942.0 
918.0 928.0 966.0 894.0 885.0 977.0 976.0 
922.0 946.0 910.0 949.0 1044.0 977.0 913.0 
925.0 996.0 945.0 879.0 984.0 943.0 910.0 
908.0 899.0 958.0 903.0 916.0 892.0 875.0 
977.0 889.0 830.0 905.0 886.0 871.0 841.0 
786.0 857.0 865.0 777.0 773.0 729.0 721.0 
758.0 675.0 705.0 715.0 654.0 712.0 642.0 
636.0 709.0 691.0 739.0 648.0 686.0 797.0 
632.0 711.0 759.0 621.0 741.0 785.0 712.0 
694.0 740.0 791.0 747.0 778.0 750.0 746.0 
849.0 784.0 755.0 815.0 794.0 813.0 887.0 
866.0 818.0 894.0 953.0 904.0 898.0 958.0 
948.0 933.0 992.0 972.0 934.0 1009.0 987.0 
958.0 1016.0 950.0 992.0 1066.0 959.0 985.0 
1021.0 986.0 1048.0 1041.0 1025.0 1050.0 1055.0 
1053.0 1043.0 1074.0 1065.0 1057.0 1089.0 1069.0 
1085.0 1106.0 1071.0 1075.0 1094.0 1068.0 1048.0 
1050.0 1001.0 984.0 997.0 976.0 940.0 862.0 
911.0 904.0 804.0 852.0 796.0 773.0 808.0 
741.0 790.0 799.0 741.0 766.0 780.0 738.0 
753.0 797.0 721.0 701.0 752.0 739.0 699.0 
690.0 697.0 651.0 694.0 710.0 587.0 660.0 
695.0 638.0 744.0 624.0 621.0 795.0 684.0 
726.0 737.0 655.0 802.0 772.0 698.0 775.0 
772.0 746.0 761.0 825.0 819.0 752.0 809.0 
850.0 806.0 810.0 901.0 894.0 794.0 890.0 
941.0 863.0 952.0 982.0 876.0 944.0 1029.0 
939.0 979.0 998.0 925.0 1049.0 1006.0 912.0 
961.0 911.0 990.0 998.0 924.0 1002.0 948.0 
997.0 1093.0 1004.0 1057.0 1046.0 1009.0 1097.0 
1072.0 1064.0 1068.0 1049.0 1041.0 1030.0 1060.0 
1004.0 948.0 970.0 982.0 989.0 964.0 946.0 
887.0 872.0 998.0 967.0 864.0 861.0 873.0 
910.0 912.0 869.0 840.0 854.0 870.0 893.0 
857.0 799.0 809.0 820.0 826.0 796.0 820.0 
762.0 697.0 824.0 769.0 713.0 775.0 703.0 
704.0 760.0 751.0 708.0 733.0 766.0 735.0 
802.0 792.0 740.0 823.0 869.0 860.0 810.0 
835.0 893.0 841.0 885.0 867.0 801.0 843.0 
835.0 860.0 841.0 804.0 819.0 803.0 819.0 
842.0 907.0 891.0 832.0 876.0 902.0 969.0 
943.0 910.0 944.0 913.0 1029.0 992.0 887.0 
992.0 968.0 922.0 1011.0 983.0 843.0 934.0 
993.0 909.0 941.0 908.0 893.0 862.0 907.0 
997.0 854.0 879.0 908.0 780.0 947.0 965.0 
807.0 958.0 926.0 879.0 1021.0 904.0 832.0 
962.0 1018.0 911.0 902.0 940.0 824.0 899.0 
949.0 822.0 855.0 870.0 805.0 812.0 805.0 
800.0 805.0 720.0 734.0 829.0 762.0 750.0 
760.0 730.0 809.0 855.0 804.0 748.0 829.0 
830.0 810.0 939.0 812.0 777.0 934.0 803.0 
808.0 894.0 770.0 811.0 875.0 783.0 804.0 
826.0 769.0 828.0 824.0 814.0 844.0 783.0 
819.0 832.0 836.0 870.0 803.0 785.0 876.0 
941.0 857.0 869.0 894.0 886.0 1015.0 939.0 
928.0 997.0 909.0 959.0 973.0 946.0 949.0 
961.0 976.0 959.0 1035.0 1016.0 998.0 1037.0 
991.0 1065.0 1049.0 1021.0 1093.0 1012.0 1014.0 
1035.0 1020.0 1012.0 951.0 957.0 968.0 971.0 
964.0 950.0 869.0 878.0 960.0 833.0 874.0 
898.0 784.0 863.0 791.0 784.0 812.0 674.0 
777.0 798.0 712.0 736.0 709.0 773.0 775.0 
705.0 749.0 709.0 713.0 786.0 701.0 650.0 
699.0 656.0 627.0 675.0 626.0 633.0 694.0 
664.0 710.0 762.0 747.0 747.0 797.0 880.0 
859.0 840.0 924.0 913.0 879.0 932.0 928.0 
923.0 911.0 865.0 897.0 930.0 891.0 890.0 
888.0 840.0 893.0 871.0 836.0 904.0 859.0 
921.0 910.0 821.0 952.0 953.0 903.0 971.0 
1003.0 960.0 927.0 1029.0 1030.0 966.0 1019.0 
983.0 936.0 994.0 1021.0 985.0 914.0 908.0 
987.0 958.0 915.0 1009.0 960.0 868.0 975.0 
947.0 857.0 955.0 943.0 883.0 969.0 957.0 
902.0 956.0 974.0 958.0 929.0 905.0 915.0 
878.0 911.0 893.0 745.0 798.0 845.0 757.0 
780.0 762.0 704.0 715.0 739.0 757.0 730.0 
712.0 701.0 753.0 783.0 690.0 737.0 697.0 
675.0 837.0 706.0 681.0 789.0 683.0 753.0 
825.0 749.0 789.0 844.0 844.0 866.0 851.0 
845.0 913.0 904.0 935.0 976.0 898.0 967.0 
948.0 909.0 1033.0 956.0 947.0 1008.0 964.0 
1002.0 1026.0 1007.0 997.0 1011.0 1020.0 1027.0 
1057.0 1074.0 1048.0 1006.0 1101.0 1100.0 982.0 
1041.0 1035.0 1048.0 1059.0 932.0 1001.0 992.0 
961.0 1038.0 928.0 929.0 931.0 920.0 990.0 
863.0 852.0 908.0 883.0 898.0 836.0 851.0 
891.0 868.0 910.0 861.0 788.0 849.0 858.0 
833.0 837.0 779.0 773.0 778.0 758.0 750.0 
717.0 746.0 713.0 721.0 745.0 666.0 745.0 
761.0 723.0 774.0 770.0 801.0 812.0 815.0 
836.0 824.0 845.0 837.0 848.0 847.0 820.0 
890.0 853.0 812.0 902.0 861.0 850.0 898.0 
862.0 902.0 941.0 905.0 934.0 958.0 937.0 
964.0 962.0 971.0 1019.0 1005.0 984.0 1004.0 
1010.0 1004.0 1034.0 1008.0 972.0 1000.0 991.0 
966.0 942.0 919.0 919.0 939.0 919.0 876.0 
913.0 901.0 855.0 888.0 850.0 838.0 920.0 
853.0 796.0 879.0 830.0 804.0 850.0 822.0 
811.0 796.0 838.0 827.0 816.0 841.0 767.0 
826.0 839.0 805.0 845.0 777.0 805.0 839.0 
822.0 798.0 770.0 869.0 845.0 819.0 888.0 
815.0 814.0 884.0 830.0 833.0 889.0 835.0 
804.0 860.0 829.0 766.0 857.0 847.0 782.0 
863.0 765.0 745.0 853.0 750.0 773.0 868.0 
809.0 782.0 843.0 860.0 844.0 926.0 942.0 
916.0 964.0 982.0 1015.0 991.0 1021.0 1069.0 
970.0 1019.0 1010.0 978.0 1028.0 939.0 978.0 
942.0 902.0 940.0 888.0 930.0 843.0 847.0 
894.0 813.0 860.0 809.0 833.0 862.0 811.0 
849.0 801.0 860.0 909.0 830.0 826.0 790.0 
795.0 851.0 812.0 785.0 800.0 799.0 819.0 
819.0 770.0 786.0 832.0 837.0 881.0 865.0 
840.0 897.0 916.0 939.0 950.0 913.0 951.0 
1010.0 969.0 948.0 958.0 944.0 973.0 978.0 
968.0 964.0 914.0 947.0 994.0 885.0 893.0 
934.0 846.0 872.0 855.0 852.0 905.0 780.0 
776.0 834.0 764.0 777.0 775.0 788.0 793.0 
741.0 799.0 835.0 813.0 805.0 810.0 850.0 
859.0 846.0 873.0 836.0 849.0 895.0 810.0 
884.0 875.0 804.0 902.0 832.0 852.0 895.0 
826.0 865.0 871.0 885.0 875.0 846.0 869.0 
864.0 873.0 885.0 843.0 791.0 865.0 909.0 
819.0 864.0 903.0 820.0 873.0 934.0 882.0 
856.0 829.0 861.0 923.0 894.0 895.0 862.0 
841.0 918.0 891.0 891.0 891.0 847.0 918.0 
903.0 910.0 961.0 846.0 867.0 1017.0 923.0 
846.0 965.0 940.0 886.0 939.0 902.0 843.0 
920.0 911.0 833.0 932.0 925.0 825.0 871.0 
912.0 867.0 837.0 844.0 837.0 838.0 832.0 
839.0 790.0 758.0 842.0 817.0 826.0 840.0 
787.0 876.0 878.0 873.0 893.0 817.0 874.0 
964.0 887.0 842.0 930.0 819.0 783.0 903.0 
795.0 792.0 834.0 778.0 810.0 825.0 788.0 
811.0 862.0 830.0 860.0 883.0 841.0 862.0 
906.0 911.0 850.0 897.0 896.0 838.0 943.0 
913.0 857.0 896.0 896.0 930.0 934.0 922.0 
926.0 947.0 969.0 977.0 992.0 951.0 956.0 
1000.0 951.0 944.0 950.0 933.0 988.0 946.0 
866.0 908.0 894.0 894.0 911.0 822.0 868.0 
889.0 855.0 885.0 836.0 842.0 893.0 902.0 
894.0 980.0 982.0 894.0 1005.0 1007.0 957.0 
972.0 918.0 995.0 1020.0 911.0 862.0 864.0 
874.0 846.0 812.0 790.0 778.0 801.0 822.0 
783.0 784.0 844.0 809.0 769.0 852.0 865.0 
832.0 900.0 855.0 833.0 914.0 831.0 816.0 
909.0 827.0 822.0 883.0 797.0 801.0 832.0 
832.0 829.0 810.0 843.0 848.0 878.0 874.0 
884.0 941.0 912.0 972.0 978.0 918.0 1012.0 
1020.0 974.0 1006.0 950.0 962.0 1015.0 929.0 
967.0 937.0 879.0 972.0 888.0 886.0 856.0 
812.0 934.0 801.0 859.0 946.0 776.0 880.0 
922.0 864.0 897.0 905.0 887.0 889.0 932.0 
858.0 863.0 912.0 843.0 817.0 842.0 854.0 
807.0 816.0 797.0 742.0 811.0 840.0 821.0 
737.0 756.0 839.0 753.0 782.0 772.0 734.0 
785.0 757.0 779.0 756.0 792.0 845.0 776.0 
800.0 774.0 793.0 859.0 827.0 871.0 868.0 
855.0 857.0 882.0 955.0 879.0 904.0 968.0 
901.0 978.0 979.0 937.0 1016.0 945.0 927.0 
1011.0 1037.0 1025.0 983.0 1021.0 1012.0 1007.0 
1001.0 960.0 1041.0 984.0 933.0 974.0 923.0 
958.0 944.0 860.0 847.0 884.0 869.0 806.0 
828.0 818.0 819.0 829.0 847.0 820.0 764.0 
871.0 862.0 853.0 907.0 848.0 876.0 850.0 
886.0 932.0 815.0 885.0 940.0 880.0 940.0 
930.0 852.0 914.0 976.0 898.0 888.0 933.0 
875.0 876.0 879.0 820.0 843.0 855.0 826.0 
835.0 817.0 799.0 812.0 739.0 777.0 876.0 
794.0 792.0 850.0 855.0 826.0 860.0 918.0 
797.0 860.0 933.0 779.0 868.0 909.0 772.0 
819.0 882.0 826.0 767.0 841.0 885.0 839.0 
905.0 909.0 857.0 892.0 963.0 977.0 894.0 
891.0 946.0 922.0 898.0 900.0 830.0 819.0 
852.0 830.0 806.0 808.0 864.0 787.0 799.0 
854.0 800.0 880.0 863.0 855.0 909.0 880.0 
845.0 827.0 931.0 945.0 835.0 845.0 883.0 
875.0 894.0 846.0 822.0 909.0 835.0 846.0 
888.0 782.0 889.0 880.0 789.0 912.0 861.0 
786.0 897.0 844.0 808.0 874.0 791.0 853.0 
857.0 749.0 841.0 791.0 815.0 853.0 769.0 
907.0 839.0 782.0 947.0 900.0 890.0 940.0 
890.0 920.0 981.0 929.0 911.0 922.0 899.0 
935.0 926.0 893.0 850.0 854.0 915.0 896.0 
862.0 853.0 913.0 911.0 885.0 940.0 914.0 
929.0 930.0 939.0 1037.0 958.0 907.0 998.0 
994.0 1016.0 1018.0 971.0 981.0 964.0 990.0 
988.0 941.0 978.0 986.0 949.0 924.0 949.0 
951.0 884.0 876.0 891.0 952.0 915.0 828.0 
911.0 878.0 848.0 883.0 805.0 841.0 864.0 
771.0 807.0 818.0 749.0 814.0 770.0 717.0 
831.0 816.0 755.0 754.0 805.0 817.0 763.0 
772.0 781.0 796.0 780.0 812.0 811.0 742.0 
804.0 796.0 818.0 852.0 775.0 800.0 814.0 
822.0 871.0 871.0 846.0 851.0 886.0 889.0 
916.0 936.0 944.0 962.0 937.0 960.0 960.0 
971.0 1014.0 970.0 959.0 924.0 916.0 974.0 
961.0 939.0 903.0 877.0 902.0 900.0 890.0 
882.0 901.0 896.0 820.0 877.0 950.0 891.0 
874.0 893.0 905.0 890.0 908.0 937.0 893.0 
929.0 957.0 936.0 944.0 930.0 992.0 961.0 
898.0 940.0 885.0 920.0 947.0 860.0 855.0 
859.0 905.0 890.0 818.0 853.0 878.0 843.0 
832.0 893.0 906.0 858.0 882.0 922.0 878.0 
877.0 899.0 840.0 882.0 915.0 808.0 791.0 
852.0 837.0 809.0 845.0 857.0 817.0 835.0 
857.0 838.0 895.0 887.0 803.0 865.0 892.0 
847.0 847.0 828.0 879.0 870.0 803.0 827.0 
813.0 833.0 830.0 818.0 837.0 798.0 866.0 
862.0 831.0 889.0 871.0 924.0 904.0 862.0 
926.0 855.0 892.0 977.0 861.0 890.0 915.0 
866.0 906.0 863.0 843.0 870.0 865.0 829.0 
832.0 860.0 818.0 832.0 862.0 846.0 845.0 
860.0 854.0 838.0 929.0 885.0 765.0 929.0 
947.0 844.0 942.0 925.0 918.0 980.0 918.0 
930.0 983.0 950.0 908.0 947.0 977.0 934.0 
930.0 907.0 937.0 946.0 872.0 901.0 917.0 
938.0 908.0 854.0 914.0 906.0 915.0 881.0 
847.0 923.0 902.0 902.0 883.0 891.0 935.0 
908.0 951.0 916.0 905.0 925.0 882.0 965.0 
906.0 838.0 923.0 881.0 897.0 896.0 854.0 
881.0 859.0 928.0 931.0 867.0 900.0 892.0 
916.0 926.0 902.0 950.0 916.0 883.0 942.0 
940.0 897.0 889.0 915.0 885.0 834.0 856.0 
832.0 738.0 778.0 815.0 715.0 723.0 712.0 
707.0 726.0 645.0 742.0 754.0 689.0 795.0 
744.0 728.0 818.0 764.0 790.0 816.0 756.0 
828.0 782.0 740.0 834.0 780.0 778.0 800.0 
812.0 825.0 776.0 846.0 903.0 873.0 866.0 
921.0 974.0 913.0 917.0 983.0 944.0 975.0 
992.0 925.0 948.0 954.0 958.0 937.0 909.0 
964.0 928.0 934.0 973.0 932.0 973.0 969.0 
928.0 991.0 986.0 954.0 983.0 961.0 982.0 
950.0 902.0 1001.0 955.0 895.0 985.0 927.0 
888.0 953.0 900.0 862.0 892.0 903.0 910.0 
863.0 822.0 862.0 884.0 853.0 835.0 867.0 
836.0 856.0 949.0 843.0 846.0 944.0 868.0 
878.0 905.0 852.0 886.0 909.0 861.0 876.0 
862.0 841.0 859.0 797.0 862.0 903.0 839.0 
914.0 878.0 879.0 938.0 919.0 975.0 934.0 
947.0 993.0 943.0 971.0 974.0 943.0 927.0 
946.0 937.0 915.0 938.0 897.0 891.0 906.0 
876.0 880.0 881.0 848.0 853.0 860.0 813.0 
852.0 847.0 793.0 822.0 819.0 825.0 840.0 
844.0 824.0 844.0 879.0 809.0 833.0 863.0 
836.0 876.0 832.0 819.0 851.0 842.0 877.0 
834.0 805.0 834.0 835.0 877.0 842.0 823.0 
841.0 841.0 871.0 819.0 859.0 853.0 821.0 
930.0 867.0 840.0 875.0 839.0 892.0 859.0 
893.0 900.0 808.0 964.0 923.0 823.0 952.0 
874.0 885.0 959.0 885.0 917.0 932.0 949.0 
961.0 928.0 923.0 968.0 986.0 920.0 963.0 
933.0 907.0 959.0 868.0 899.0 920.0 850.0 
899.0 871.0 827.0 839.0 778.0 814.0 874.0 
786.0 770.0 801.0 804.0 835.0 809.0 756.0 
811.0 869.0 787.0 835.0 897.0 785.0 817.0 
865.0 816.0 868.0 857.0 770.0 855.0 886.0 
808.0 847.0 826.0 810.0 873.0 812.0 783.0 
817.0 810.0 797.0 788.0 856.0 776.0 731.0 
860.0 807.0 806.0 839.0 806.0 831.0 844.0 
873.0 866.0 871.0 864.0 905.0 964.0 906.0 
975.0 986.0 961.0 1019.0 1006.0 1080.0 1028.0 
1018.0 1125.0 1051.0 1093.0 1109.0 1028.0 1074.0 
1080.0 1097.0 1080.0 978.0 980.0 1017.0 991.0 
965.0 980.0 939.0 880.0 921.0 861.0 837.0 
870.0 776.0 785.0 750.0 725.0 750.0 659.0 
673.0 704.0 698.0 700.0 673.0 692.0 704.0 
681.0 700.0 725.0 700.0 702.0 743.0 757.0 
735.0 776.0 799.0 742.0 780.0 813.0 798.0 
850.0 835.0 825.0 868.0 868.0 891.0 884.0 
880.0 927.0 930.0 940.0 936.0 895.0 981.0 
998.0 912.0 977.0 1009.0 995.0 1012.0 1017.0 
998.0 1008.0 1073.0 1011.0 994.0 1060.0 1018.0 
1031.0 1074.0 1027.0 1008.0 1034.0 1036.0 1062.0 
1019.0 968.0 1033.0 1015.0 1012.0 1037.0 950.0 
984.0 1028.0 931.0 969.0 1012.0 888.0 866.0 
921.0 860.0 878.0 886.0 808.0 867.0 802.0 
775.0 854.0 790.0 803.0 797.0 808.0 771.0 
739.0 805.0 761.0 822.0 805.0 725.0 790.0 
799.0 798.0 776.0 780.0 781.0 770.0 771.0 
736.0 781.0 784.0 754.0 776.0 768.0 780.0 
789.0 771.0 824.0 856.0 835.0 845.0 852.0 
900.0 911.0 926.0 940.0 889.0 961.0 945.0 
930.0 1037.0 971.0 922.0 969.0 990.0 965.0 
968.0 987.0 913.0 962.0 1025.0 968.0 961.0 
962.0 1015.0 1045.0 1028.0 1070.0 1018.0 979.0 
1057.0 1043.0 955.0 958.0 982.0 932.0 958.0 
960.0 863.0 883.0 872.0 850.0 892.0 833.0 
826.0 836.0 837.0 848.0 824.0 838.0 802.0 
855.0 867.0 787.0 888.0 820.0 759.0 866.0 
770.0 766.0 793.0 714.0 744.0 765.0 749.0 
718.0 742.0 765.0 728.0 791.0 822.0 770.0 
774.0 837.0 853.0 765.0 862.0 936.0 764.0 
862.0 921.0 804.0 912.0 880.0 829.0 951.0 
914.0 868.0 938.0 958.0 894.0 930.0 998.0 
896.0 906.0 915.0 871.0 974.0 951.0 903.0 
896.0 877.0 919.0 919.0 923.0 932.0 910.0 
918.0 954.0 957.0 967.0 933.0 924.0 1034.0 
1038.0 1020.0 985.0 974.0 1053.0 984.0 983.0 
1033.0 948.0 926.0 973.0 927.0 844.0 867.0 
846.0 823.0 832.0 771.0 742.0 720.0 792.0 
750.0 686.0 802.0 694.0 716.0 823.0 747.0 
785.0 786.0 786.0 763.0 788.0 883.0 761.0 
799.0 877.0 768.0 895.0 900.0 814.0 908.0 
897.0 932.0 903.0 921.0 986.0 933.0 1012.0 
955.0 914.0 986.0 952.0 978.0 939.0 866.0 
928.0 899.0 859.0 910.0 830.0 840.0 843.0 
798.0 838.0 770.0 819.0 825.0 791.0 831.0 
768.0 798.0 790.0 836.0 861.0 763.0 866.0 
842.0 801.0 862.0 855.0 845.0 831.0 974.0 
879.0 811.0 945.0 870.0 985.0 957.0 861.0 
996.0 937.0 1019.0 1035.0 883.0 1044.0 1049.0 
959.0 973.0 993.0 1091.0 978.0 988.0 1055.0 
933.0 1011.0 1023.0 962.0 1034.0 1066.0 1011.0 
937.0 1012.0 1013.0 933.0 959.0 975.0 926.0 
893.0 949.0 856.0 834.0 894.0 836.0 816.0 
782.0 860.0 821.0 737.0 749.0 728.0 844.0 
707.0 655.0 732.0 629.0 742.0 638.0 642.0 
678.0 523.0 677.0 602.0 579.0 624.0 600.0 
644.0 621.0 758.0 556.0 694.0 866.0 545.0 
816.0 762.0 759.0 872.0 613.0 1006.0 796.0 
665.0 1048.0 666.0 935.0 1033.0 760.0 1030.0 
854.0 1064.0 1084.0 886.0 1224.0 1021.0 1096.0 
1141.0 934.0 1231.0 1174.0 1070.0 1101.0 1054.0 
1124.0 1007.0 1040.0 1153.0 1006.0 1059.0 1034.0 
1071.0 1146.0 833.0 1147.0 1141.0 818.0 1250.0 
1026.0 852.0 1098.0 1060.0 896.0 869.0 1080.0 
803.0 976.0 1046.0 639.0 995.0 872.0 658.0 
963.0 866.0 732.0 837.0 775.0 748.0 877.0 
652.0 730.0 859.0 654.0 820.0 741.0 719.0 
846.0 680.0 847.0 819.0 673.0 890.0 807.0 
783.0 882.0 726.0 830.0 835.0 804.0 951.0 
713.0 806.0 924.0 798.0 918.0 782.0 886.0 
857.0 696.0 967.0 845.0 777.0 871.0 840.0 
860.0 800.0 856.0 898.0 832.0 856.0 998.0 
827.0 889.0 1146.0 730.0 1017.0 1208.0 691.0 
1071.0 1108.0 789.0 1105.0 1039.0 773.0 1053.0 
1027.0 760.0 1035.0 992.0 766.0 1005.0 932.0 
788.0 982.0 846.0 878.0 950.0 783.0 1015.0 
819.0 805.0 981.0 715.0 968.0 846.0 787.0 
975.0 746.0 953.0 884.0 781.0 991.0 853.0 
862.0 1073.0 894.0 743.0 1119.0 920.0 834.0 
1153.0 811.0 969.0 1002.0 813.0 1033.0 867.0 
938.0 883.0 846.0 1089.0 800.0 828.0 1025.0 
773.0 941.0 1020.0 740.0 862.0 882.0 936.0 
798.0 798.0 1103.0 595.0 869.0 1166.0 590.0 
875.0 1047.0 779.0 909.0 1036.0 724.0 849.0 
1027.0 717.0 929.0 895.0 651.0 965.0 953.0 
547.0 1029.0 973.0 466.0 1180.0 749.0 664.0 
1243.0 619.0 890.0 1003.0 681.0 1004.0 903.0 
665.0 966.0 944.0 607.0 976.0 847.0 630.0 
1050.0 764.0 767.0 992.0 758.0 848.0 891.0 
873.0 827.0 954.0 973.0 734.0 1070.0 897.0 
684.0 1109.0 897.0 830.0 1084.0 799.0 852.0 
1164.0 823.0 904.0 1105.0 830.0 970.0 1097.0 
888.0 860.0 1103.0 822.0 889.0 1144.0 628.0 
977.0 996.0 576.0 1030.0 810.0 660.0 984.0 
758.0 677.0 916.0 802.0 717.0 953.0 775.0 
824.0 935.0 783.0 911.0 810.0 969.0 917.0 
846.0 1020.0 768.0 1048.0 962.0 767.0 1013.0 
851.0 940.0 918.0 867.0 889.0 837.0 852.0 
812.0 894.0 715.0 834.0 865.0 684.0 956.0 
765.0 765.0 987.0 777.0 892.0 858.0 794.0 
931.0 766.0 843.0 879.0 767.0 825.0 841.0 
792.0 840.0 889.0 700.0 970.0 878.0 706.0 
1125.0 741.0 888.0 1119.0 810.0 1044.0 964.0 
979.0 1017.0 983.0 1004.0 943.0 1064.0 877.0 
983.0 1006.0 763.0 1033.0 818.0 784.0 1045.0 
667.0 807.0 902.0 693.0 910.0 810.0 720.0 
834.0 724.0 769.0 877.0 722.0 807.0 897.0 
684.0 823.0 856.0 752.0 859.0 832.0 866.0 
812.0 855.0 919.0 818.0 1009.0 892.0 838.0 
1037.0 878.0 1006.0 1065.0 930.0 1014.0 1026.0 
1026.0 1085.0 1036.0 988.0 1091.0 1022.0 1028.0 
1036.0 980.0 1024.0 958.0 1038.0 955.0 948.0 
974.0 905.0 1041.0 882.0 904.0 955.0 835.0 
1000.0 927.0 880.0 911.0 841.0 956.0 848.0 
880.0 1013.0 739.0 855.0 977.0 810.0 921.0 
823.0 814.0 863.0 813.0 902.0 790.0 871.0 
778.0 753.0 903.0 700.0 883.0 814.0 714.0 
865.0 643.0 743.0 793.0 703.0 735.0 619.0 
711.0 671.0 559.0 678.0 668.0 666.0 685.0 
650.0 663.0 762.0 734.0 752.0 875.0 770.0 
794.0 898.0 856.0 890.0 890.0 837.0 914.0 
870.0 887.0 962.0 870.0 958.0 945.0 880.0 
1014.0 968.0 914.0 1087.0 994.0 979.0 1072.0 
879.0 1082.0 1104.0 911.0 1087.0 992.0 929.0 
1107.0 1030.0 939.0 1026.0 988.0 1011.0 1120.0 
1020.0 1028.0 1116.0 994.0 1089.0 1114.0 972.0 
1132.0 963.0 964.0 1131.0 889.0 971.0 956.0 
910.0 954.0 878.0 905.0 816.0 935.0 863.0 
808.0 957.0 753.0 822.0 847.0 793.0 866.0 
758.0 808.0 775.0 701.0 757.0 692.0 715.0 
699.0 604.0 663.0 671.0 686.0 645.0 634.0 
687.0 709.0 753.0 716.0 834.0 761.0 757.0 
904.0 789.0 849.0 824.0 820.0 902.0 854.0 
820.0 836.0 865.0 857.0 929.0 870.0 914.0 
907.0 887.0 1025.0 898.0 980.0 987.0 918.0 
1055.0 996.0 1032.0 1072.0 994.0 1019.0 1063.0 
966.0 1009.0 1089.0 960.0 1010.0 1010.0 949.0 
1045.0 996.0 942.0 992.0 980.0 988.0 923.0 
937.0 1013.0 876.0 952.0 956.0 846.0 921.0 
893.0 875.0 841.0 859.0 818.0 796.0 832.0 
773.0 836.0 770.0 735.0 807.0 786.0 797.0 
850.0 811.0 821.0 879.0 804.0 927.0 847.0 
779.0 892.0 795.0 867.0 794.0 739.0 770.0 
730.0 750.0 744.0 756.0 706.0 783.0 731.0 
775.0 811.0 689.0 904.0 803.0 728.0 882.0 
792.0 816.0 807.0 795.0 855.0 779.0 825.0 
849.0 756.0 872.0 882.0 759.0 856.0 920.0 
853.0 948.0 925.0 859.0 1010.0 957.0 962.0 
1028.0 938.0 1023.0 1030.0 936.0 980.0 968.0 
953.0 1023.0 970.0 905.0 949.0 911.0 945.0 
1000.0 908.0 910.0 895.0 916.0 992.0 921.0 
911.0 898.0 886.0 994.0 962.0 844.0 929.0 
963.0 859.0 937.0 964.0 877.0 909.0 927.0 
906.0 945.0 924.0 871.0 904.0 911.0 905.0 
841.0 827.0 895.0 856.0 879.0 862.0 862.0 
933.0 850.0 875.0 962.0 921.0 927.0 980.0 
927.0 938.0 1008.0 932.0 936.0 955.0 909.0 
875.0 883.0 890.0 827.0 835.0 804.0 773.0 
764.0 766.0 797.0 740.0 778.0 798.0 787.0 
823.0 751.0 817.0 850.0 824.0 895.0 808.0 
811.0 867.0 879.0 859.0 818.0 845.0 825.0 
910.0 882.0 880.0 916.0 817.0 966.0 911.0 
878.0 1000.0 876.0 982.0 1019.0 934.0 961.0 
899.0 980.0 963.0 910.0 928.0 842.0 942.0 
931.0 873.0 903.0 801.0 869.0 900.0 848.0 
891.0 875.0 881.0 944.0 951.0 860.0 902.0 
982.0 924.0 929.0 914.0 912.0 967.0 939.0 
910.0 903.0 899.0 965.0 989.0 881.0 937.0 
986.0 871.0 978.0 977.0 869.0 984.0 996.0 
949.0 972.0 945.0 919.0 921.0 944.0 952.0 
890.0 884.0 912.0 870.0 874.0 881.0 831.0 
858.0 876.0 817.0 817.0 824.0 844.0 813.0 
795.0 826.0 779.0 817.0 824.0 807.0 807.0 
800.0 797.0 800.0 827.0 826.0 892.0 799.0 
824.0 856.0 715.0 879.0 846.0 795.0 887.0 
765.0 812.0 840.0 791.0 861.0 831.0 808.0 
778.0 751.0 853.0 769.0 728.0 803.0 687.0 
753.0 804.0 662.0 711.0 738.0 693.0 739.0 
754.0 733.0 739.0 764.0 797.0 821.0 784.0 
824.0 903.0 894.0 923.0 879.0 874.0 962.0 
928.0 975.0 974.0 877.0 978.0 1012.0 958.0 
1021.0 978.0 982.0 1055.0 983.0 1055.0 1095.0 
1024.0 1051.0 1041.0 1092.0 1101.0 1068.0 1103.0 
1091.0 1083.0 1074.0 1065.0 1088.0 1101.0 1052.0 
1081.0 1028.0 951.0 1083.0 983.0 955.0 1039.0 
922.0 956.0 904.0 925.0 997.0 811.0 884.0 
954.0 866.0 908.0 868.0 880.0 821.0 781.0 
919.0 745.0 686.0 804.0 677.0 682.0 672.0 
635.0 660.0 608.0 623.0 614.0 620.0 564.0 
570.0 638.0 544.0 621.0 585.0 525.0 629.0 
549.0 613.0 667.0 656.0 672.0 622.0 749.0 
764.0 780.0 817.0 754.0 840.0 831.0 904.0 
956.0 866.0 982.0 980.0 953.0 1060.0 1054.0 
1067.0 1103.0 1128.0 1111.0 1127.0 1172.0 1173.0 
1157.0 1090.0 1207.0 1205.0 1079.0 1121.0 1096.0 
1106.0 1065.0 1082.0 1097.0 985.0 1046.0 991.0 
994.0 1051.0 932.0 1029.0 979.0 922.0 995.0 
860.0 923.0 889.0 865.0 917.0 788.0 868.0 
801.0 808.0 841.0 733.0 845.0 768.0 784.0 
807.0 789.0 835.0 709.0 869.0 847.0 742.0 
893.0 798.0 819.0 878.0 826.0 831.0 818.0 
842.0 791.0 839.0 834.0 791.0 867.0 785.0 
882.0 899.0 839.0 952.0 847.0 971.0 980.0 
830.0 1057.0 946.0 900.0 1029.0 899.0 1007.0 
957.0 883.0 946.0 876.0 957.0 885.0 845.0 
935.0 857.0 858.0 934.0 834.0 756.0 947.0 
868.0 822.0 940.0 792.0 912.0 938.0 875.0 
924.0 795.0 973.0 885.0 756.0 974.0 719.0 
763.0 948.0 722.0 773.0 777.0 735.0 833.0 
764.0 781.0 801.0 815.0 894.0 854.0 938.0 
877.0 847.0 1020.0 958.0 966.0 982.0 930.0 
975.0 1010.0 964.0 956.0 1000.0 893.0 987.0 
1016.0 924.0 1016.0 850.0 940.0 1039.0 886.0 
1009.0 933.0 932.0 940.0 860.0 959.0 856.0 
868.0 854.0 860.0 939.0 795.0 861.0 831.0 
865.0 912.0 777.0 933.0 826.0 866.0 940.0 
764.0 974.0 858.0 842.0 905.0 804.0 1003.0 
829.0 876.0 863.0 684.0 946.0 787.0 777.0 
840.0 673.0 786.0 745.0 770.0 758.0 691.0 
790.0 757.0 809.0 786.0 783.0 875.0 789.0 
861.0 864.0 790.0 882.0 889.0 873.0 862.0 
868.0 899.0 910.0 912.0 912.0 944.0 941.0 
953.0 977.0 1004.0 1023.0 962.0 1036.0 1092.0 
1001.0 1076.0 1047.0 1005.0 1111.0 969.0 991.0 
1057.0 959.0 1023.0 918.0 903.0 999.0 921.0 
961.0 945.0 911.0 930.0 910.0 970.0 961.0 
884.0 874.0 936.0 920.0 894.0 895.0 855.0 
953.0 850.0 854.0 985.0 810.0 947.0 966.0 
875.0 967.0 871.0 981.0 942.0 902.0 998.0 
836.0 898.0 916.0 860.0 848.0 778.0 828.0 
759.0 795.0 792.0 693.0 767.0 692.0 727.0 
796.0 694.0 712.0 722.0 733.0 720.0 705.0 
722.0 693.0 783.0 736.0 697.0 795.0 746.0 
804.0 768.0 745.0 877.0 792.0 860.0 878.0 
802.0 918.0 834.0 867.0 939.0 916.0 933.0 
879.0 1013.0 943.0 894.0 1023.0 931.0 1008.0 
1018.0 966.0 1023.0 996.0 1012.0 1024.0 1042.0 
1052.0 1066.0 1070.0 1072.0 1125.0 1083.0 1118.0 
1121.0 1038.0 1163.0 1070.0 1027.0 1146.0 979.0 
1024.0 1007.0 918.0 1019.0 959.0 934.0 914.0 
930.0 974.0 896.0 882.0 888.0 880.0 884.0 
822.0 802.0 790.0 757.0 788.0 726.0 696.0 
730.0 670.0 675.0 727.0 678.0 611.0 680.0 
726.0 646.0 677.0 687.0 653.0 697.0 675.0 
703.0 740.0 723.0 671.0 719.0 835.0 759.0 
772.0 752.0 834.0 901.0 735.0 891.0 907.0 
857.0 931.0 870.0 974.0 945.0 861.0 944.0 
941.0 895.0 915.0 923.0 894.0 938.0 887.0 
888.0 1021.0 904.0 878.0 976.0 944.0 976.0 
903.0 957.0 1016.0 889.0 973.0 943.0 965.0 
993.0 867.0 1014.0 951.0 945.0 1066.0 948.0 
1046.0 1037.0 1062.0 1110.0 1027.0 1140.0 1020.0 
1069.0 1157.0 996.0 1083.0 1040.0 1056.0 1051.0 
942.0 1042.0 966.0 968.0 986.0 933.0 992.0 
915.0 940.0 915.0 897.0 994.0 844.0 871.0 
908.0 840.0 871.0 772.0 806.0 813.0 827.0 
815.0 682.0 781.0 745.0 769.0 832.0 700.0 
763.0 745.0 753.0 815.0 755.0 792.0 775.0 
796.0 817.0 815.0 809.0 762.0 842.0 767.0 
773.0 848.0 717.0 811.0 816.0 707.0 792.0 
787.0 788.0 756.0 740.0 805.0 738.0 782.0 
773.0 712.0 835.0 768.0 775.0 834.0 760.0 
825.0 776.0 815.0 833.0 800.0 913.0 804.0 
880.0 929.0 847.0 947.0 941.0 964.0 938.0 
1005.0 1022.0 952.0 1082.0 1016.0 1044.0 1094.0 
1050.0 1144.0 1118.0 1159.0 1129.0 1135.0 1171.0 
1144.0 1258.0 1085.0 1114.0 1209.0 1101.0 1201.0 
1030.0 1097.0 1136.0 886.0 1138.0 1088.0 911.0 
985.0 952.0 972.0 862.0 909.0 896.0 770.0 
856.0 792.0 798.0 801.0 721.0 770.0 737.0 
738.0 766.0 650.0 680.0 770.0 629.0 684.0 
729.0 554.0 686.0 681.0 558.0 717.0 633.0 
600.0 755.0 616.0 630.0 774.0 691.0 713.0 
744.0 683.0 738.0 762.0 732.0 723.0 740.0 
738.0 741.0 840.0 787.0 792.0 888.0 803.0 
891.0 968.0 897.0 944.0 1009.0 1003.0 1028.0 
1028.0 1006.0 1117.0 1081.0 1091.0 1145.0 1006.0 
1135.0 1132.0 1071.0 1187.0 1038.0 1100.0 1162.0 
1050.0 1127.0 1121.0 1089.0 1068.0 1059.0 1067.0 
1053.0 1104.0 999.0 980.0 1089.0 997.0 1000.0 
985.0 942.0 981.0 912.0 953.0 915.0 860.0 
906.0 809.0 836.0 854.0 814.0 821.0 778.0 
822.0 776.0 759.0 831.0 771.0 762.0 759.0 
769.0 756.0 689.0 747.0 718.0 718.0 759.0 
691.0 718.0 694.0 716.0 786.0 749.0 772.0 
799.0 809.0 812.0 852.0 863.0 827.0 883.0 
858.0 869.0 917.0 847.0 897.0 901.0 897.0 
933.0 879.0 946.0 900.0 925.0 991.0 878.0 
994.0 915.0 888.0 1043.0 882.0 952.0 973.0 
921.0 1039.0 941.0 959.0 1001.0 933.0 941.0 
951.0 964.0 934.0 932.0 928.0 938.0 913.0 
874.0 949.0 889.0 885.0 905.0 871.0 920.0 
789.0 848.0 922.0 797.0 891.0 817.0 812.0 
897.0 787.0 892.0 792.0 753.0 893.0 761.0 
873.0 851.0 751.0 877.0 876.0 904.0 838.0 
912.0 945.0 900.0 1054.0 935.0 990.0 1049.0 
945.0 1044.0 1008.0 1046.0 1043.0 993.0 994.0 
1005.0 1089.0 950.0 980.0 1018.0 933.0 1057.0 
951.0 912.0 936.0 855.0 954.0 874.0 819.0 
835.0 727.0 820.0 828.0 705.0 697.0 671.0 
709.0 695.0 628.0 655.0 606.0 616.0 687.0 
621.0 564.0 651.0 704.0 657.0 737.0 731.0 
706.0 850.0 842.0 880.0 865.0 877.0 989.0 
903.0 1016.0 965.0 930.0 1052.0 955.0 1073.0 
972.0 931.0 1067.0 974.0 1043.0 1005.0 1010.0 
1048.0 993.0 1099.0 1002.0 999.0 1100.0 1029.0 
1085.0 1015.0 981.0 1084.0 1039.0 1042.0 1049.0 
1062.0 1000.0 1007.0 1088.0 939.0 982.0 1004.0 
938.0 992.0 940.0 968.0 910.0 920.0 934.0 
873.0 1029.0 900.0 874.0 960.0 816.0 934.0 
862.0 797.0 889.0 762.0 858.0 840.0 728.0 
782.0 733.0 814.0 778.0 727.0 793.0 731.0 
805.0 779.0 784.0 795.0 731.0 847.0 796.0 
848.0 846.0 791.0 885.0 807.0 907.0 928.0 
882.0 944.0 863.0 924.0 933.0 903.0 941.0 
893.0 923.0 889.0 903.0 937.0 828.0 838.0 
847.0 921.0 907.0 812.0 938.0 790.0 853.0 
1017.0 778.0 873.0 854.0 780.0 907.0 843.0 
825.0 747.0 790.0 862.0 836.0 860.0 744.0 
800.0 868.0 876.0 949.0 782.0 811.0 949.0 
884.0 942.0 880.0 823.0 900.0 920.0 958.0 
846.0 870.0 951.0 921.0 963.0 892.0 925.0 
920.0 954.0 1067.0 949.0 986.0 1024.0 1021.0 
1045.0 1013.0 1042.0 980.0 1033.0 1036.0 952.0 
1000.0 945.0 955.0 950.0 921.0 965.0 890.0 
933.0 942.0 899.0 968.0 937.0 942.0 909.0 
927.0 959.0 870.0 960.0 904.0 864.0 965.0 
865.0 906.0 908.0 827.0 875.0 815.0 843.0 
841.0 742.0 776.0 771.0 769.0 758.0 738.0 
714.0 746.0 817.0 730.0 813.0 846.0 766.0 
858.0 853.0 893.0 863.0 858.0 916.0 800.0 
889.0 855.0 810.0 889.0 768.0 855.0 820.0 
837.0 971.0 781.0 854.0 894.0 870.0 974.0 
866.0 898.0 900.0 923.0 957.0 827.0 904.0 
888.0 899.0 938.0 883.0 982.0 914.0 984.0 
1076.0 976.0 1059.0 1067.0 1145.0 1139.0 1030.0 
1138.0 1109.0 1095.0 1085.0 1070.0 1065.0 986.0 
1103.0 1019.0 947.0 1040.0 908.0 943.0 922.0 
897.0 978.0 828.0 837.0 881.0 852.0 849.0 
820.0 830.0 800.0 855.0 860.0 803.0 813.0 
832.0 903.0 817.0 825.0 935.0 813.0 858.0 
888.0 818.0 897.0 878.0 875.0 864.0 839.0 
869.0 844.0 884.0 859.0 839.0 832.0 787.0 
875.0 803.0 802.0 830.0 745.0 858.0 749.0 
752.0 882.0 755.0 782.0 789.0 796.0 820.0 
774.0 810.0 785.0 795.0 789.0 784.0 842.0 
836.0 837.0 781.0 846.0 871.0 807.0 944.0 
868.0 856.0 968.0 852.0 941.0 953.0 916.0 
1024.0 914.0 967.0 1031.0 963.0 1015.0 975.0 
1025.0 1034.0 1009.0 1006.0 932.0 1054.0 1042.0 
1025.0 1044.0 972.0 1043.0 981.0 1030.0 1091.0 
995.0 1029.0 977.0 1018.0 1073.0 989.0 969.0 
966.0 1045.0 958.0 931.0 954.0 785.0 949.0 
910.0 763.0 888.0 754.0 799.0 844.0 763.0 
811.0 698.0 756.0 796.0 774.0 814.0 681.0 
752.0 754.0 740.0 831.0 704.0 735.0 768.0 
784.0 831.0 734.0 754.0 771.0 824.0 883.0 
791.0 767.0 793.0 903.0 867.0 803.0 892.0 
786.0 870.0 923.0 871.0 947.0 791.0 941.0 
972.0 837.0 1053.0 899.0 904.0 1001.0 878.0 
1013.0 953.0 889.0 930.0 934.0 957.0 896.0 
922.0 887.0 914.0 958.0 880.0 935.0 916.0 
892.0 911.0 925.0 979.0 916.0 949.0 965.0 
946.0 1036.0 921.0 955.0 1040.0 937.0 1050.0 
979.0 936.0 1045.0 954.0 1004.0 955.0 958.0 
1004.0 906.0 1016.0 931.0 919.0 1010.0 865.0 
939.0 900.0 862.0 914.0 795.0 854.0 799.0 
748.0 820.0 780.0 783.0 755.0 771.0 792.0 
808.0 791.0 802.0 892.0 775.0 838.0 916.0 
802.0 845.0 799.0 871.0 880.0 769.0 854.0 
774.0 855.0 912.0 776.0 892.0 871.0 900.0 
928.0 880.0 963.0 903.0 1002.0 949.0 896.0 
1011.0 830.0 954.0 963.0 860.0 1004.0 851.0 
894.0 944.0 912.0 983.0 906.0 1019.0 956.0 
933.0 1061.0 979.0 1053.0 1019.0 1005.0 1051.0 
982.0 1112.0 1073.0 1002.0 1057.0 952.0 992.0 
1050.0 1008.0 911.0 883.0 981.0 856.0 871.0 
904.0 789.0 831.0 812.0 853.0 784.0 748.0 
825.0 716.0 842.0 826.0 733.0 802.0 697.0 
798.0 815.0 764.0 782.0 686.0 836.0 768.0 
703.0 833.0 689.0 802.0 849.0 729.0 803.0 
813.0 801.0 798.0 900.0 823.0 798.0 941.0 
814.0 900.0 891.0 825.0 1012.0 846.0 863.0 
1001.0 882.0 924.0 938.0 971.0 943.0 957.0 
1060.0 922.0 1021.0 1050.0 928.0 1064.0 1025.0 
972.0 968.0 1063.0 1044.0 912.0 1098.0 908.0 
948.0 1168.0 863.0 993.0 990.0 905.0 1072.0 
857.0 916.0 935.0 849.0 1016.0 894.0 861.0 
916.0 918.0 970.0 905.0 924.0 961.0 962.0 
968.0 954.0 910.0 919.0 937.0 908.0 952.0 
856.0 883.0 891.0 749.0 915.0 815.0 751.0 
932.0 751.0 831.0 913.0 728.0 859.0 862.0 
836.0 951.0 819.0 849.0 900.0 787.0 893.0 
898.0 852.0 865.0 821.0 904.0 915.0 887.0 
913.0 864.0 894.0 970.0 910.0 899.0 936.0 
893.0 918.0 882.0 869.0 948.0 905.0 865.0 
913.0 901.0 877.0 952.0 884.0 849.0 946.0 
881.0 877.0 890.0 809.0 851.0 895.0 877.0 
863.0 825.0 855.0 912.0 861.0 916.0 929.0 
814.0 971.0 982.0 853.0 969.0 939.0 909.0 
987.0 952.0 901.0 961.0 1020.0 907.0 907.0 
986.0 957.0 989.0 925.0 899.0 987.0 915.0 
941.0 1016.0 924.0 940.0 962.0 918.0 972.0 
919.0 886.0 945.0 888.0 911.0 907.0 855.0 
902.0 839.0 860.0 890.0 787.0 801.0 811.0 
824.0 788.0 757.0 802.0 738.0 800.0 835.0 
776.0 790.0 788.0 896.0 871.0 853.0 942.0 
881.0 903.0 935.0 945.0 923.0 894.0 935.0 
905.0 910.0 891.0 848.0 859.0 842.0 891.0 
856.0 774.0 861.0 842.0 836.0 931.0 836.0 
798.0 965.0 994.0 880.0 915.0 914.0 903.0 
1012.0 978.0 939.0 951.0 910.0 905.0 938.0 
952.0 919.0 859.0 895.0 986.0 871.0 906.0 
998.0 806.0 924.0 1044.0 898.0 944.0 932.0 
881.0 930.0 925.0 914.0 893.0 890.0 899.0 
917.0 925.0 920.0 971.0 940.0 950.0 1023.0 
955.0 973.0 992.0 904.0 991.0 997.0 877.0 
930.0 893.0 830.0 924.0 856.0 784.0 821.0 
776.0 861.0 837.0 775.0 895.0 803.0 826.0 
888.0 797.0 869.0 898.0 873.0 828.0 810.0 
840.0 826.0 873.0 779.0 726.0 866.0 821.0 
839.0 865.0 783.0 865.0 867.0 852.0 931.0 
956.0 911.0 840.0 917.0 936.0 885.0 942.0 
864.0 828.0 895.0 857.0 856.0 850.0 777.0 
805.0 900.0 858.0 818.0 843.0 845.0 894.0 
898.0 928.0 917.0 892.0 986.0 940.0 943.0 
996.0 946.0 984.0 996.0 995.0 969.0 941.0 
1018.0 1004.0 982.0 981.0 949.0 1012.0 1010.0 
990.0 1012.0 990.0 1024.0 1037.0 1003.0 993.0 
962.0 994.0 1037.0 967.0 917.0 900.0 872.0 
916.0 899.0 819.0 851.0 798.0 818.0 873.0 
746.0 850.0 841.0 750.0 877.0 746.0 754.0 
881.0 760.0 782.0 743.0 674.0 741.0 688.0 
737.0 735.0 625.0 710.0 711.0 728.0 816.0 
696.0 727.0 820.0 792.0 861.0 807.0 797.0 
857.0 831.0 919.0 887.0 844.0 900.0 890.0 
968.0 959.0 901.0 959.0 972.0 990.0 960.0 
921.0 1020.0 1027.0 979.0 1044.0 995.0 996.0 
1084.0 1032.0 1065.0 1007.0 958.0 1082.0 1001.0 
1006.0 997.0 913.0 1022.0 935.0 911.0 1040.0 
962.0 933.0 986.0 969.0 946.0 949.0 936.0 
965.0 999.0 920.0 942.0 958.0 924.0 990.0 
903.0 887.0 982.0 938.0 923.0 958.0 928.0 
859.0 952.0 967.0 875.0 922.0 884.0 884.0 
939.0 842.0 834.0 927.0 861.0 793.0 835.0 
816.0 796.0 795.0 810.0 837.0 760.0 726.0 
790.0 805.0 852.0 821.0 712.0 804.0 811.0 
782.0 889.0 759.0 778.0 910.0 749.0 808.0 
881.0 807.0 872.0 847.0 878.0 915.0 866.0 
914.0 914.0 898.0 943.0 901.0 853.0 913.0 
940.0 918.0 906.0 922.0 946.0 932.0 980.0 
996.0 947.0 1014.0 996.0 939.0 1090.0 1078.0 
1006.0 1037.0 949.0 1017.0 1038.0 974.0 1028.0 
944.0 1016.0 1032.0 878.0 1055.0 983.0 857.0 
1070.0 922.0 923.0 1047.0 844.0 961.0 966.0 
870.0 987.0 904.0 967.0 958.0 883.0 955.0 
822.0 914.0 936.0 857.0 956.0 758.0 876.0 
965.0 742.0 842.0 787.0 809.0 865.0 767.0 
823.0 732.0 788.0 850.0 757.0 803.0 778.0 
764.0 797.0 814.0 800.0 800.0 802.0 785.0 
846.0 798.0 781.0 834.0 781.0 839.0 888.0 
821.0 844.0 867.0 863.0 923.0 919.0 898.0 
945.0 910.0 932.0 985.0 914.0 929.0 933.0 
934.0 965.0 903.0 922.0 940.0 901.0 946.0 
953.0 925.0 945.0 965.0 947.0 930.0 1019.0 
993.0 906.0 1012.0 1009.0 979.0 997.0 957.0 
1000.0 988.0 983.0 973.0 917.0 1017.0 1009.0 
900.0 995.0 1013.0 891.0 924.0 945.0 910.0 
935.0 901.0 906.0 919.0 895.0 925.0 883.0 
887.0 942.0 876.0 921.0 957.0 866.0 891.0 
915.0 907.0 896.0 853.0 873.0 902.0 873.0 
840.0 854.0 851.0 832.0 803.0 786.0 853.0 
824.0 751.0 846.0 821.0 790.0 881.0 777.0 
813.0 871.0 815.0 875.0 786.0 866.0 894.0 
768.0 942.0 866.0 787.0 940.0 860.0 896.0 
938.0 833.0 916.0 921.0 898.0 916.0 874.0 
954.0 937.0 890.0 908.0 921.0 968.0 915.0 
977.0 1002.0 922.0 961.0 928.0 977.0 1007.0 
917.0 903.0 947.0 986.0 902.0 914.0 938.0 
853.0 909.0 931.0 884.0 900.0 885.0 835.0 
907.0 950.0 859.0 896.0 908.0 895.0 967.0 
947.0 926.0 907.0 934.0 969.0 910.0 950.0 
925.0 882.0 933.0 897.0 919.0 890.0 853.0 
889.0 826.0 859.0 894.0 852.0 846.0 829.0 
843.0 838.0 852.0 800.0 759.0 834.0 773.0 
760.0 781.0 737.0 738.0 754.0 778.0 750.0 
799.0 773.0 771.0 878.0 802.0 847.0 886.0 
843.0 913.0 904.0 911.0 882.0 910.0 953.0 
893.0 933.0 918.0 936.0 1018.0 984.0 947.0 
964.0 985.0 1015.0 991.0 953.0 1050.0 936.0 
902.0 1083.0 937.0 972.0 1023.0 903.0 991.0 
961.0 985.0 1025.0 956.0 972.0 979.0 964.0 
953.0 978.0 910.0 929.0 996.0 903.0 944.0 
936.0 877.0 956.0 921.0 907.0 938.0 928.0 
943.0 906.0 903.0 924.0 927.0 945.0 901.0 
883.0 919.0 925.0 896.0 872.0 891.0 909.0 
922.0 923.0 879.0 856.0 900.0 924.0 885.0 
870.0 878.0 849.0 849.0 859.0 852.0 859.0 
815.0 831.0 902.0 884.0 879.0 882.0 905.0 
906.0 920.0 980.0 899.0 859.0 924.0 915.0 
856.0 869.0 856.0 774.0 854.0 884.0 783.0 
800.0 843.0 800.0 836.0 883.0 808.0 868.0 
871.0 803.0 900.0 838.0 800.0 905.0 846.0 
889.0 935.0 816.0 897.0 912.0 890.0 985.0 
887.0 927.0 974.0 889.0 975.0 940.0 886.0 
962.0 969.0 956.0 918.0 942.0 1007.0 962.0 
1002.0 1046.0 962.0 1028.0 1093.0 990.0 1027.0 
1087.0 1046.0 1064.0 1030.0 1012.0 1004.0 983.0 
1005.0 927.0 921.0 978.0 910.0 884.0 909.0 
897.0 888.0 864.0 856.0 899.0 874.0 827.0 
847.0 820.0 815.0 847.0 822.0 806.0 782.0 
819.0 821.0 752.0 808.0 806.0 764.0 800.0 
817.0 824.0 791.0 792.0 856.0 855.0 846.0 
862.0 812.0 870.0 925.0 845.0 887.0 860.0 
861.0 962.0 868.0 904.0 932.0 844.0 977.0 
940.0 849.0 972.0 922.0 903.0 964.0 923.0 
937.0 964.0 983.0 975.0 932.0 952.0 962.0 
917.0 978.0 986.0 877.0 922.0 912.0 876.0 
917.0 816.0 853.0 894.0 776.0 821.0 803.0 
762.0 823.0 773.0 787.0 850.0 809.0 835.0 
862.0 851.0 900.0 911.0 945.0 920.0 864.0 
943.0 925.0 981.0 1008.0 860.0 965.0 1010.0 
897.0 957.0 1016.0 970.0 965.0 1006.0 938.0 
972.0 1076.0 1010.0 973.0 989.0 1021.0 1055.0 
1005.0 