174.0 147.0 442.0 374.0 134.0 252.0 227.0 
252.0 456.0 409.0 149.0 181.0 363.0 460.0 
359.0 163.0 242.0 294.0 362.0 322.0 172.0 
289.0 187.0 132.0 400.0 294.0 134.0 168.0 
178.0 292.0 197.0 177.0 196.0 66.0 314.0 
310.0 -13.0 109.0 204.0 17.0 204.0 299.0 
15.0 38.0 122.0 157.0 145.0 98.0 143.0 
110.0 182.0 86.0 -19.0 96.0 102.0 256.0 
95.0 -85.0 218.0 7.0 -136.0 170.0 177.0 
192.0 82.0 -155.0 -52.0 182.0 321.0 123.0 
-60.0 34.0 2.0 255.0 459.0 115.0 2.0 
157.0 228.0 288.0 474.0 407.0 195.0 356.0 
315.0 320.0 393.0 310.0 643.0 618.0 216.0 
117.0 272.0 660.0 640.0 338.0 191.0 187.0 
561.0 594.0 285.0 320.0 282.0 283.0 471.0 
336.0 134.0 389.0 438.0 37.0 87.0 197.0 
151.0 380.0 243.0 8.0 15.0 -71.0 113.0 
423.0 247.0 -170.0 -66.0 144.0 192.0 382.0 
15.0 -198.0 155.0 148.0 191.0 172.0 1.0 
102.0 157.0 116.0 -23.0 29.0 213.0 169.0 
192.0 64.0 -110.0 -11.0 249.0 441.0 121.0 
-201.0 -149.0 141.0 487.0 351.0 7.0 -111.0 
29.0 331.0 431.0 248.0 30.0 17.0 275.0 
394.0 89.0 5.0 294.0 311.0 133.0 93.0 
91.0 131.0 295.0 317.0 173.0 36.0 42.0 
367.0 397.0 162.0 235.0 124.0 160.0 455.0 
382.0 321.0 214.0 177.0 384.0 438.0 461.0 
290.0 214.0 444.0 423.0 347.0 372.0 350.0 
387.0 504.0 371.0 112.0 276.0 434.0 371.0 
350.0 275.0 185.0 139.0 273.0 401.0 238.0 
81.0 185.0 305.0 231.0 215.0 218.0 200.0 
292.0 109.0 101.0 437.0 195.0 24.0 272.0 
208.0 157.0 183.0 168.0 172.0 36.0 68.0 
221.0 357.0 340.0 -170.0 -277.0 261.0 507.0 
304.0 -94.0 -79.0 283.0 448.0 310.0 -52.0 
77.0 379.0 441.0 480.0 12.0 -78.0 412.0 
498.0 550.0 197.0 -183.0 286.0 631.0 616.0 
274.0 -104.0 208.0 579.0 591.0 329.0 93.0 
129.0 218.0 546.0 534.0 122.0 116.0 188.0 
359.0 465.0 241.0 172.0 279.0 385.0 295.0 
205.0 194.0 249.0 486.0 402.0 150.0 126.0 
178.0 390.0 436.0 154.0 74.0 189.0 268.0 
217.0 257.0 401.0 235.0 172.0 114.0 135.0 
584.0 567.0 185.0 22.0 241.0 514.0 429.0 
301.0 101.0 231.0 541.0 409.0 232.0 130.0 
182.0 383.0 447.0 390.0 179.0 75.0 453.0 
649.0 316.0 61.0 222.0 662.0 614.0 375.0 
403.0 234.0 482.0 683.0 290.0 410.0 508.0 
305.0 523.0 493.0 354.0 317.0 255.0 596.0 
486.0 267.0 468.0 314.0 322.0 411.0 363.0 
456.0 361.0 259.0 323.0 421.0 432.0 321.0 
167.0 253.0 487.0 349.0 213.0 243.0 249.0 
339.0 327.0 239.0 241.0 297.0 289.0 303.0 
324.0 250.0 205.0 254.0 370.0 299.0 193.0 
231.0 251.0 313.0 316.0 221.0 170.0 300.0 
432.0 337.0 228.0 265.0 339.0 386.0 424.0 
378.0 437.0 444.0 346.0 450.0 413.0 490.0 
592.0 355.0 481.0 587.0 378.0 413.0 488.0 
593.0 480.0 301.0 520.0 462.0 401.0 596.0 
460.0 326.0 377.0 447.0 521.0 474.0 364.0 
256.0 461.0 671.0 216.0 250.0 541.0 359.0 
549.0 394.0 259.0 484.0 430.0 509.0 366.0 
293.0 484.0 545.0 542.0 440.0 375.0 421.0 
559.0 537.0 422.0 227.0 337.0 732.0 356.0 
196.0 439.0 260.0 423.0 415.0 274.0 370.0 
166.0 318.0 421.0 320.0 319.0 6.0 108.0 
402.0 454.0 294.0 29.0 207.0 164.0 275.0 
654.0 115.0 -91.0 481.0 499.0 402.0 331.0 
76.0 372.0 532.0 381.0 563.0 423.0 280.0 
423.0 587.0 650.0 341.0 317.0 614.0 778.0 
682.0 336.0 264.0 552.0 786.0 758.0 539.0 
247.0 437.0 772.0 559.0 489.0 588.0 534.0 
422.0 485.0 656.0 546.0 502.0 435.0 368.0 
584.0 532.0 379.0 572.0 477.0 304.0 560.0 
452.0 274.0 527.0 674.0 493.0 271.0 470.0 
543.0 389.0 516.0 561.0 489.0 343.0 280.0 
483.0 571.0 441.0 301.0 299.0 255.0 378.0 
588.0 391.0 357.0 323.0 133.0 401.0 549.0 
387.0 321.0 222.0 336.0 551.0 406.0 413.0 
455.0 371.0 551.0 490.0 432.0 567.0 594.0 
564.0 486.0 532.0 564.0 615.0 559.0 571.0 
688.0 444.0 419.0 603.0 672.0 597.0 440.0 
501.0 483.0 525.0 545.0 525.0 593.0 457.0 
452.0 444.0 527.0 611.0 467.0 481.0 374.0 
406.0 573.0 580.0 517.0 307.0 391.0 593.0 
464.0 386.0 423.0 409.0 567.0 509.0 298.0 
428.0 387.0 431.0 666.0 418.0 277.0 489.0 
432.0 531.0 618.0 288.0 307.0 523.0 608.0 
443.0 274.0 521.0 409.0 440.0 529.0 248.0 
543.0 473.0 329.0 577.0 458.0 515.0 331.0 
325.0 742.0 513.0 315.0 419.0 535.0 785.0 
595.0 299.0 428.0 486.0 690.0 772.0 513.0 
495.0 398.0 547.0 736.0 507.0 601.0 550.0 
440.0 689.0 608.0 488.0 601.0 598.0 422.0 
476.0 673.0 497.0 522.0 610.0 573.0 615.0 
225.0 323.0 702.0 640.0 723.0 342.0 90.0 
455.0 512.0 514.0 521.0 322.0 262.0 450.0 
639.0 521.0 255.0 381.0 631.0 526.0 479.0 
591.0 549.0 534.0 514.0 407.0 648.0 786.0 
431.0 351.0 552.0 702.0 734.0 435.0 236.0 
437.0 568.0 638.0 625.0 302.0 270.0 569.0 
641.0 455.0 261.0 301.0 550.0 732.0 380.0 
68.0 368.0 567.0 556.0 413.0 354.0 371.0 
201.0 495.0 787.0 515.0 202.0 166.0 539.0 
719.0 593.0 585.0 346.0 182.0 421.0 649.0 
696.0 358.0 144.0 407.0 495.0 443.0 429.0 
395.0 382.0 276.0 352.0 553.0 410.0 332.0 
486.0 515.0 478.0 325.0 403.0 530.0 436.0 
656.0 586.0 249.0 323.0 488.0 616.0 631.0 
499.0 273.0 252.0 550.0 666.0 496.0 275.0 
295.0 497.0 530.0 425.0 442.0 475.0 387.0 
454.0 432.0 416.0 563.0 469.0 470.0 499.0 
447.0 430.0 343.0 433.0 510.0 539.0 458.0 
319.0 404.0 410.0 490.0 542.0 410.0 448.0 
487.0 562.0 578.0 332.0 375.0 677.0 702.0 
470.0 424.0 596.0 601.0 705.0 729.0 556.0 
574.0 525.0 763.0 876.0 584.0 642.0 603.0 
609.0 715.0 567.0 579.0 651.0 556.0 529.0 
628.0 374.0 343.0 697.0 531.0 433.0 561.0 
316.0 265.0 582.0 592.0 498.0 366.0 281.0 
522.0 455.0 448.0 525.0 487.0 475.0 289.0 
558.0 520.0 356.0 651.0 409.0 498.0 616.0 
335.0 567.0 667.0 533.0 365.0 443.0 721.0 
466.0 407.0 607.0 484.0 510.0 488.0 270.0 
371.0 567.0 526.0 318.0 281.0 488.0 355.0 
344.0 559.0 404.0 454.0 485.0 433.0 664.0 
569.0 447.0 427.0 526.0 824.0 483.0 419.0 
614.0 339.0 641.0 607.0 331.0 568.0 615.0 
678.0 362.0 365.0 750.0 610.0 694.0 623.0 
562.0 552.0 424.0 881.0 844.0 437.0 431.0 
622.0 828.0 612.0 485.0 510.0 576.0 741.0 
604.0 544.0 647.0 665.0 676.0 708.0 742.0 
684.0 593.0 647.0 865.0 825.0 535.0 499.0 
700.0 872.0 673.0 348.0 533.0 806.0 582.0 
388.0 478.0 527.0 546.0 462.0 460.0 477.0 
347.0 363.0 481.0 537.0 348.0 331.0 518.0 
483.0 448.0 297.0 452.0 634.0 384.0 490.0 
470.0 380.0 583.0 428.0 445.0 609.0 411.0 
347.0 460.0 578.0 518.0 294.0 405.0 552.0 
537.0 562.0 407.0 512.0 616.0 344.0 563.0 
741.0 598.0 625.0 433.0 503.0 783.0 704.0 
710.0 632.0 488.0 687.0 758.0 726.0 731.0 
643.0 677.0 633.0 769.0 927.0 685.0 646.0 
757.0 895.0 901.0 656.0 765.0 914.0 827.0 
841.0 706.0 736.0 938.0 694.0 744.0 862.0 
667.0 706.0 594.0 813.0 957.0 604.0 596.0 
545.0 685.0 924.0 790.0 621.0 480.0 618.0 
756.0 779.0 769.0 611.0 596.0 610.0 627.0 
749.0 707.0 505.0 577.0 757.0 685.0 521.0 
503.0 745.0 751.0 641.0 715.0 625.0 669.0 
778.0 748.0 860.0 783.0 579.0 733.0 866.0 
863.0 760.0 614.0 730.0 711.0 836.0 948.0 
618.0 627.0 718.0 792.0 939.0 774.0 682.0 
753.0 848.0 832.0 831.0 824.0 649.0 818.0 
1033.0 922.0 755.0 654.0 740.0 948.0 1017.0 
740.0 544.0 666.0 913.0 961.0 735.0 690.0 
636.0 739.0 951.0 871.0 804.0 672.0 787.0 
958.0 818.0 820.0 831.0 887.0 896.0 799.0 
874.0 957.0 861.0 775.0 940.0 944.0 822.0 
802.0 837.0 958.0 953.0 869.0 723.0 801.0 
955.0 919.0 974.0 864.0 645.0 703.0 947.0 
927.0 890.0 901.0 687.0 790.0 897.0 811.0 
867.0 888.0 778.0 661.0 847.0 907.0 786.0 
841.0 728.0 749.0 907.0 789.0 854.0 876.0 
597.0 814.0 962.0 615.0 684.0 858.0 835.0 
718.0 650.0 736.0 694.0 900.0 864.0 623.0 
858.0 772.0 705.0 928.0 882.0 844.0 723.0 
720.0 944.0 972.0 921.0 701.0 716.0 990.0 
858.0 891.0 916.0 692.0 777.0 917.0 1035.0 
892.0 628.0 821.0 1032.0 943.0 785.0 824.0 
967.0 939.0 906.0 921.0 915.0 935.0 880.0 
1004.0 1164.0 841.0 768.0 1015.0 933.0 1000.0 
1042.0 787.0 691.0 834.0 1008.0 933.0 736.0 
643.0 727.0 846.0 849.0 838.0 662.0 661.0 
902.0 852.0 838.0 855.0 700.0 801.0 873.0 
794.0 793.0 677.0 780.0 892.0 695.0 654.0 
607.0 662.0 854.0 657.0 620.0 739.0 544.0 
579.0 670.0 708.0 761.0 569.0 490.0 595.0 
782.0 790.0 560.0 554.0 722.0 719.0 620.0 
766.0 743.0 559.0 667.0 787.0 839.0 639.0 
433.0 626.0 894.0 846.0 502.0 481.0 681.0 
769.0 859.0 710.0 475.0 558.0 764.0 819.0 
762.0 599.0 563.0 635.0 597.0 792.0 809.0 
578.0 639.0 696.0 703.0 582.0 601.0 781.0 
655.0 655.0 644.0 579.0 626.0 552.0 701.0 
668.0 515.0 684.0 532.0 520.0 696.0 633.0 
639.0 472.0 537.0 652.0 563.0 696.0 532.0 
509.0 728.0 575.0 467.0 476.0 627.0 655.0 
552.0 615.0 522.0 499.0 524.0 604.0 649.0 
639.0 740.0 534.0 533.0 604.0 728.0 872.0 
569.0 620.0 556.0 594.0 896.0 572.0 558.0 
732.0 465.0 488.0 736.0 558.0 527.0 708.0 
459.0 321.0 391.0 595.0 669.0 444.0 412.0 
303.0 329.0 521.0 433.0 463.0 645.0 309.0 
86.0 439.0 482.0 619.0 550.0 166.0 305.0 
529.0 515.0 314.0 504.0 650.0 378.0 403.0 
512.0 461.0 531.0 720.0 467.0 272.0 525.0 
616.0 649.0 621.0 403.0 356.0 550.0 595.0 
607.0 644.0 451.0 369.0 510.0 621.0 641.0 
520.0 388.0 467.0 501.0 494.0 607.0 542.0 
354.0 414.0 573.0 314.0 351.0 707.0 493.0 
335.0 403.0 472.0 405.0 477.0 633.0 376.0 
389.0 348.0 395.0 659.0 437.0 421.0 397.0 
292.0 487.0 478.0 462.0 410.0 272.0 347.0 
302.0 379.0 534.0 239.0 224.0 354.0 234.0 
374.0 307.0 227.0 480.0 325.0 71.0 315.0 
544.0 340.0 99.0 249.0 457.0 343.0 281.0 
328.0 369.0 388.0 300.0 444.0 447.0 320.0 
500.0 493.0 434.0 421.0 477.0 699.0 470.0 
296.0 513.0 490.0 533.0 634.0 502.0 393.0 
432.0 614.0 611.0 490.0 543.0 554.0 642.0 
643.0 348.0 462.0 778.0 566.0 394.0 562.0 
584.0 482.0 555.0 616.0 454.0 427.0 508.0 
550.0 634.0 492.0 462.0 569.0 484.0 568.0 
569.0 577.0 752.0 573.0 504.0 634.0 674.0 
666.0 495.0 695.0 754.0 471.0 638.0 625.0 
519.0 665.0 611.0 513.0 566.0 677.0 607.0 
511.0 552.0 552.0 620.0 611.0 580.0 623.0 
509.0 662.0 774.0 497.0 524.0 712.0 692.0 
672.0 711.0 551.0 546.0 804.0 731.0 668.0 
537.0 484.0 830.0 818.0 676.0 526.0 520.0 
784.0 656.0 742.0 827.0 565.0 618.0 561.0 
660.0 987.0 751.0 550.0 701.0 710.0 801.0 
771.0 670.0 916.0 829.0 661.0 735.0 748.0 
944.0 883.0 782.0 899.0 788.0 727.0 731.0 
999.0 1118.0 657.0 785.0 971.0 733.0 924.0 
1003.0 919.0 781.0 627.0 899.0 1017.0 859.0 
740.0 685.0 731.0 748.0 887.0 979.0 741.0 
543.0 613.0 889.0 1034.0 751.0 626.0 901.0 
934.0 714.0 645.0 811.0 982.0 884.0 750.0 
662.0 688.0 859.0 854.0 814.0 689.0 605.0 
756.0 695.0 678.0 844.0 704.0 544.0 617.0 
626.0 619.0 710.0 749.0 662.0 609.0 528.0 
566.0 847.0 709.0 559.0 691.0 624.0 652.0 
678.0 716.0 769.0 673.0 669.0 687.0 807.0 
830.0 569.0 613.0 796.0 769.0 803.0 653.0 
610.0 838.0 687.0 622.0 694.0 593.0 813.0 
797.0 539.0 663.0 625.0 571.0 794.0 793.0 
579.0 612.0 742.0 620.0 714.0 792.0 511.0 
562.0 770.0 790.0 735.0 620.0 632.0 650.0 
667.0 704.0 725.0 768.0 646.0 621.0 722.0 
620.0 545.0 680.0 709.0 555.0 608.0 655.0 
485.0 599.0 589.0 497.0 760.0 557.0 497.0 
683.0 503.0 665.0 658.0 541.0 519.0 548.0 
932.0 639.0 299.0 611.0 723.0 721.0 643.0 
587.0 696.0 723.0 687.0 588.0 571.0 777.0 
792.0 589.0 542.0 590.0 657.0 741.0 672.0 
462.0 458.0 656.0 660.0 470.0 461.0 587.0 
561.0 442.0 389.0 514.0 519.0 448.0 585.0 
467.0 394.0 527.0 420.0 507.0 643.0 501.0 
359.0 392.0 614.0 584.0 445.0 489.0 353.0 
416.0 624.0 456.0 425.0 507.0 443.0 474.0 
490.0 363.0 283.0 516.0 699.0 477.0 222.0 
234.0 512.0 610.0 423.0 319.0 327.0 487.0 
465.0 337.0 365.0 375.0 604.0 486.0 160.0 
345.0 486.0 569.0 416.0 132.0 314.0 466.0 
399.0 343.0 257.0 280.0 340.0 211.0 150.0 
256.0 370.0 292.0 161.0 296.0 114.0 -17.0 
385.0 389.0 173.0 228.0 140.0 -33.0 145.0 
346.0 268.0 137.0 -61.0 40.0 197.0 151.0 
205.0 -19.0 3.0 130.0 -71.0 190.0 292.0 
8.0 -40.0 63.0 268.0 169.0 -45.0 118.0 
240.0 299.0 87.0 -203.0 206.0 231.0 36.0 
245.0 -68.0 -30.0 185.0 78.0 193.0 -37.0 
-7.0 198.0 132.0 185.0 38.0 88.0 175.0 
123.0 241.0 184.0 100.0 129.0 222.0 259.0 
107.0 111.0 280.0 207.0 114.0 36.0 25.0 
379.0 240.0 -98.0 155.0 115.0 -34.0 110.0 
98.0 129.0 15.0 -145.0 73.0 139.0 -9.0 
-91.0 -49.0 111.0 52.0 -90.0 -85.0 42.0 
179.0 31.0 -123.0 -57.0 8.0 190.0 309.0 
-53.0 -204.0 72.0 79.0 244.0 310.0 -72.0 
-88.0 111.0 193.0 149.0 33.0 90.0 283.0 
161.0 -45.0 158.0 73.0 87.0 401.0 150.0 
-85.0 133.0 311.0 195.0 203.0 200.0 62.0 
201.0 230.0 247.0 410.0 318.0 122.0 228.0 
354.0 245.0 385.0 489.0 269.0 219.0 372.0 
401.0 362.0 352.0 220.0 288.0 426.0 312.0 
267.0 331.0 346.0 206.0 186.0 262.0 266.0 
279.0 115.0 157.0 148.0 -76.0 61.0 106.0 
88.0 43.0 -133.0 -35.0 -76.0 -149.0 -34.0 
-5.0 1.0 -208.0 -200.0 116.0 -19.0 -117.0 
-93.0 -236.0 -59.0 45.0 32.0 16.0 -210.0 
-30.0 111.0 -99.0 14.0 74.0 -20.0 45.0 
156.0 121.0 14.0 132.0 84.0 21.0 357.0 
339.0 10.0 98.0 236.0 225.0 290.0 219.0 
238.0 262.0 120.0 349.0 370.0 -15.0 136.0 
349.0 220.0 264.0 223.0 82.0 190.0 320.0 
287.0 180.0 205.0 293.0 254.0 279.0 410.0 
293.0 37.0 179.0 361.0 323.0 376.0 134.0 
63.0 302.0 115.0 190.0 395.0 245.0 91.0 
119.0 382.0 147.0 -45.0 282.0 269.0 169.0 
91.0 -1.0 18.0 78.0 195.0 125.0 -51.0 
-46.0 -5.0 -50.0 73.0 71.0 -52.0 2.0 
-45.0 -47.0 106.0 205.0 38.0 -24.0 164.0 
104.0 95.0 218.0 286.0 268.0 151.0 77.0 
58.0 298.0 379.0 163.0 240.0 310.0 160.0 
111.0 249.0 406.0 362.0 266.0 265.0 195.0 
253.0 510.0 446.0 231.0 271.0 265.0 282.0 
386.0 296.0 261.0 266.0 134.0 161.0 275.0 
204.0 159.0 299.0 335.0 153.0 -10.0 170.0 
397.0 299.0 297.0 107.0 5.0 279.0 202.0 
364.0 337.0 -64.0 185.0 246.0 269.0 458.0 
196.0 196.0 227.0 226.0 414.0 287.0 367.0 
376.0 143.0 290.0 264.0 242.0 441.0 354.0 
288.0 210.0 116.0 267.0 399.0 474.0 284.0 
101.0 204.0 304.0 410.0 338.0 324.0 251.0 
95.0 240.0 434.0 412.0 208.0 302.0 159.0 
1.0 384.0 425.0 320.0 133.0 93.0 243.0 
114.0 311.0 450.0 194.0 50.0 147.0 306.0 
292.0 229.0 153.0 276.0 315.0 14.0 114.0 
417.0 363.0 232.0 240.0 156.0 107.0 408.0 
523.0 428.0 329.0 176.0 263.0 426.0 615.0 
586.0 357.0 200.0 270.0 645.0 571.0 354.0 
315.0 306.0 451.0 482.0 468.0 388.0 467.0 
410.0 249.0 394.0 351.0 457.0 510.0 301.0 
272.0 151.0 210.0 447.0 397.0 343.0 351.0 
222.0 200.0 330.0 513.0 568.0 388.0 221.0 
181.0 429.0 672.0 564.0 195.0 53.0 416.0 
542.0 459.0 363.0 211.0 226.0 225.0 379.0 
331.0 148.0 275.0 301.0 350.0 233.0 92.0 
288.0 373.0 325.0 94.0 105.0 404.0 310.0 
246.0 247.0 107.0 166.0 195.0 213.0 290.0 
288.0 283.0 15.0 -38.0 280.0 328.0 398.0 
327.0 163.0 232.0 208.0 371.0 510.0 403.0 
329.0 336.0 496.0 429.0 408.0 566.0 513.0 
521.0 481.0 538.0 562.0 373.0 573.0 735.0 
546.0 358.0 397.0 534.0 483.0 609.0 597.0 
294.0 294.0 420.0 556.0 484.0 366.0 480.0 
455.0 492.0 445.0 368.0 483.0 499.0 558.0 
484.0 366.0 455.0 450.0 415.0 498.0 419.0 
336.0 454.0 399.0 398.0 421.0 220.0 219.0 
432.0 474.0 267.0 164.0 219.0 294.0 317.0 
243.0 211.0 231.0 264.0 301.0 381.0 258.0 
107.0 255.0 274.0 245.0 342.0 363.0 263.0 
156.0 246.0 313.0 271.0 374.0 426.0 311.0 
326.0 387.0 417.0 472.0 483.0 520.0 571.0 
498.0 372.0 579.0 703.0 519.0 659.0 699.0 
532.0 542.0 628.0 721.0 683.0 732.0 511.0 
362.0 761.0 690.0 585.0 587.0 366.0 563.0 
640.0 463.0 434.0 468.0 589.0 504.0 371.0 
432.0 328.0 485.0 711.0 361.0 323.0 395.0 
378.0 582.0 417.0 459.0 474.0 264.0 459.0 
453.0 493.0 485.0 272.0 428.0 389.0 339.0 
438.0 286.0 320.0 414.0 379.0 290.0 112.0 
288.0 502.0 368.0 310.0 236.0 251.0 445.0 
517.0 486.0 305.0 320.0 460.0 389.0 538.0 
506.0 297.0 463.0 516.0 450.0 407.0 426.0 
535.0 437.0 441.0 508.0 411.0 452.0 559.0 
548.0 413.0 442.0 515.0 406.0 582.0 574.0 
433.0 570.0 361.0 355.0 627.0 557.0 465.0 
453.0 506.0 509.0 398.0 462.0 529.0 472.0 
515.0 412.0 456.0 611.0 421.0 536.0 511.0 
339.0 549.0 506.0 527.0 461.0 346.0 517.0 
400.0 448.0 506.0 297.0 398.0 471.0 398.0 
342.0 329.0 439.0 416.0 395.0 454.0 453.0 
403.0 366.0 485.0 500.0 501.0 434.0 412.0 
718.0 509.0 361.0 574.0 406.0 590.0 676.0 
415.0 442.0 359.0 533.0 617.0 406.0 574.0 
395.0 330.0 550.0 439.0 612.0 455.0 226.0 
659.0 528.0 234.0 549.0 588.0 536.0 486.0 
420.0 594.0 444.0 585.0 707.0 481.0 667.0 
527.0 521.0 686.0 558.0 706.0 548.0 430.0 
632.0 616.0 554.0 411.0 446.0 546.0 475.0 
534.0 433.0 371.0 574.0 433.0 369.0 536.0 
313.0 335.0 517.0 358.0 407.0 454.0 357.0 
327.0 390.0 501.0 384.0 290.0 360.0 534.0 
521.0 296.0 425.0 501.0 374.0 457.0 563.0 
460.0 338.0 377.0 436.0 572.0 478.0 274.0 
474.0 571.0 459.0 348.0 358.0 612.0 650.0 
479.0 440.0 475.0 520.0 655.0 693.0 509.0 
447.0 552.0 702.0 668.0 461.0 474.0 588.0 
709.0 557.0 387.0 698.0 625.0 419.0 632.0 
534.0 465.0 681.0 630.0 568.0 570.0 399.0 
546.0 751.0 567.0 485.0 544.0 583.0 549.0 
568.0 678.0 639.0 541.0 425.0 517.0 686.0 
558.0 569.0 616.0 404.0 461.0 619.0 559.0 
548.0 434.0 293.0 468.0 619.0 393.0 248.0 
466.0 534.0 325.0 271.0 369.0 315.0 305.0 
367.0 275.0 316.0 317.0 251.0 360.0 288.0 
213.0 179.0 179.0 391.0 231.0 93.0 336.0 
227.0 131.0 309.0 379.0 265.0 99.0 229.0 
355.0 456.0 642.0 360.0 158.0 390.0 500.0 
588.0 495.0 386.0 595.0 562.0 496.0 534.0 
536.0 693.0 575.0 503.0 685.0 595.0 592.0 
729.0 715.0 575.0 476.0 688.0 716.0 550.0 
706.0 729.0 547.0 568.0 643.0 679.0 704.0 
621.0 509.0 454.0 499.0 632.0 661.0 469.0 
262.0 324.0 470.0 499.0 377.0 253.0 353.0 
330.0 294.0 358.0 369.0 488.0 394.0 255.0 
343.0 480.0 519.0 339.0 281.0 480.0 544.0 
391.0 395.0 418.0 404.0 452.0 390.0 404.0 
443.0 544.0 582.0 406.0 366.0 327.0 352.0 
542.0 564.0 426.0 300.0 365.0 459.0 403.0 
414.0 461.0 374.0 328.0 475.0 536.0 473.0 
416.0 381.0 458.0 526.0 538.0 363.0 280.0 
573.0 607.0 418.0 412.0 394.0 341.0 551.0 
627.0 409.0 525.0 437.0 370.0 591.0 405.0 
482.0 557.0 487.0 524.0 318.0 499.0 542.0 
383.0 500.0 378.0 484.0 551.0 191.0 284.0 
552.0 540.0 463.0 178.0 318.0 589.0 305.0 
322.0 468.0 503.0 435.0 241.0 392.0 391.0 
302.0 482.0 525.0 399.0 248.0 228.0 424.0 
540.0 468.0 372.0 293.0 400.0 466.0 388.0 
413.0 380.0 407.0 436.0 289.0 352.0 474.0 
401.0 377.0 290.0 239.0 434.0 480.0 315.0 
349.0 384.0 211.0 364.0 459.0 280.0 500.0 
436.0 174.0 406.0 414.0 316.0 615.0 547.0 
75.0 209.0 589.0 580.0 413.0 282.0 327.0 
407.0 416.0 451.0 579.0 539.0 336.0 401.0 
412.0 461.0 666.0 509.0 451.0 444.0 283.0 
541.0 668.0 450.0 370.0 387.0 506.0 563.0 
531.0 422.0 380.0 531.0 442.0 374.0 372.0 
377.0 645.0 430.0 133.0 347.0 437.0 504.0 
485.0 338.0 348.0 300.0 325.0 484.0 552.0 
425.0 243.0 283.0 375.0 453.0 473.0 366.0 
288.0 174.0 248.0 491.0 436.0 227.0 253.0 
402.0 313.0 225.0 377.0 407.0 360.0 334.0 
270.0 304.0 325.0 410.0 476.0 330.0 340.0 
354.0 341.0 602.0 511.0 334.0 367.0 319.0 
550.0 466.0 388.0 499.0 293.0 378.0 296.0 
391.0 636.0 296.0 308.0 379.0 334.0 510.0 
431.0 402.0 422.0 326.0 394.0 401.0 378.0 
478.0 471.0 361.0 228.0 255.0 415.0 468.0 
410.0 169.0 180.0 385.0 263.0 316.0 341.0 
240.0 403.0 228.0 284.0 652.0 261.0 265.0 
550.0 214.0 641.0 687.0 73.0 567.0 483.0 
251.0 668.0 268.0 395.0 607.0 273.0 435.0 
240.0 361.0 577.0 262.0 427.0 357.0 289.0 
371.0 381.0 562.0 191.0 348.0 501.0 238.0 
658.0 399.0 426.0 489.0 86.0 681.0 488.0 
434.0 607.0 45.0 464.0 394.0 453.0 745.0 
164.0 431.0 318.0 374.0 718.0 176.0 567.0 
463.0 177.0 542.0 238.0 556.0 436.0 196.0 
578.0 159.0 344.0 371.0 237.0 634.0 165.0 
215.0 261.0 227.0 651.0 147.0 268.0 386.0 
128.0 480.0 317.0 375.0 294.0 354.0 550.0 
80.0 451.0 448.0 416.0 643.0 23.0 351.0 
494.0 434.0 642.0 197.0 470.0 339.0 288.0 
695.0 265.0 564.0 346.0 128.0 722.0 306.0 
569.0 477.0 91.0 702.0 326.0 409.0 511.0 
264.0 688.0 263.0 455.0 489.0 35.0 725.0 
451.0 361.0 459.0 41.0 649.0 451.0 356.0 
519.0 180.0 586.0 260.0 449.0 816.0 234.0 
487.0 385.0 407.0 554.0 390.0 692.0 287.0 
283.0 457.0 403.0 709.0 231.0 405.0 674.0 
204.0 444.0 402.0 550.0 704.0 226.0 491.0 
411.0 388.0 707.0 445.0 637.0 395.0 230.0 
550.0 547.0 784.0 366.0 305.0 600.0 313.0 
625.0 464.0 440.0 709.0 254.0 375.0 323.0 
494.0 728.0 302.0 564.0 343.0 347.0 659.0 
354.0 806.0 527.0 208.0 516.0 372.0 789.0 
566.0 358.0 584.0 281.0 595.0 368.0 391.0 
879.0 257.0 335.0 440.0 415.0 792.0 459.0 
624.0 457.0 314.0 844.0 512.0 682.0 622.0 
411.0 755.0 386.0 701.0 618.0 369.0 853.0 
323.0 522.0 640.0 347.0 840.0 482.0 453.0 
422.0 326.0 673.0 395.0 791.0 415.0 -20.0 
632.0 228.0 573.0 662.0 19.0 435.0 249.0 
399.0 469.0 229.0 642.0 83.0 305.0 633.0 
106.0 562.0 353.0 384.0 650.0 123.0 417.0 
371.0 486.0 767.0 326.0 486.0 373.0 473.0 
767.0 477.0 627.0 465.0 529.0 642.0 320.0 
671.0 560.0 563.0 720.0 266.0 543.0 655.0 
670.0 614.0 304.0 772.0 614.0 555.0 702.0 
395.0 814.0 605.0 503.0 729.0 493.0 823.0 
557.0 655.0 930.0 383.0 690.0 701.0 828.0 
949.0 380.0 713.0 642.0 792.0 1027.0 456.0 
750.0 628.0 671.0 1002.0 577.0 770.0 620.0 
683.0 885.0 497.0 846.0 537.0 568.0 967.0 
415.0 725.0 580.0 379.0 764.0 511.0 644.0 
345.0 332.0 701.0 390.0 578.0 344.0 363.0 
606.0 278.0 715.0 465.0 322.0 671.0 298.0 
729.0 580.0 275.0 790.0 490.0 511.0 565.0 
504.0 659.0 414.0 653.0 524.0 518.0 758.0 
327.0 705.0 597.0 476.0 958.0 425.0 670.0 
712.0 498.0 972.0 515.0 643.0 674.0 618.0 
1131.0 475.0 541.0 778.0 663.0 1073.0 522.0 
602.0 885.0 635.0 991.0 696.0 660.0 804.0 
628.0 1011.0 815.0 736.0 751.0 582.0 963.0 
770.0 808.0 836.0 543.0 1006.0 780.0 582.0 
885.0 797.0 887.0 660.0 692.0 829.0 783.0 
931.0 557.0 878.0 882.0 452.0 936.0 657.0 
811.0 899.0 427.0 879.0 579.0 572.0 831.0 
622.0 842.0 424.0 583.0 746.0 455.0 850.0 
478.0 575.0 795.0 423.0 718.0 488.0 651.0 
789.0 320.0 620.0 530.0 673.0 684.0 309.0 
813.0 604.0 546.0 719.0 489.0 931.0 590.0 
559.0 935.0 502.0 691.0 704.0 886.0 854.0 
343.0 937.0 762.0 672.0 998.0 511.0 873.0 
770.0 740.0 989.0 415.0 915.0 960.0 810.0 
936.0 430.0 984.0 966.0 750.0 982.0 646.0 
972.0 825.0 840.0 1018.0 562.0 955.0 841.0 
833.0 942.0 555.0 945.0 687.0 732.0 930.0 
555.0 769.0 540.0 760.0 898.0 487.0 736.0 
627.0 672.0 797.0 581.0 724.0 599.0 707.0 
878.0 464.0 667.0 759.0 648.0 825.0 561.0 
742.0 657.0 563.0 950.0 579.0 629.0 640.0 
661.0 948.0 547.0 758.0 715.0 625.0 1009.0 
615.0 669.0 759.0 824.0 1046.0 563.0 662.0 
813.0 822.0 908.0 614.0 777.0 639.0 718.0 
958.0 613.0 804.0 689.0 743.0 916.0 632.0 
875.0 625.0 785.0 1045.0 548.0 913.0 805.0 
698.0 919.0 565.0 903.0 698.0 626.0 991.0 
515.0 723.0 652.0 566.0 875.0 502.0 719.0 
619.0 492.0 786.0 544.0 805.0 660.0 580.0 
817.0 438.0 727.0 621.0 588.0 898.0 431.0 
707.0 640.0 504.0 826.0 483.0 763.0 633.0 
446.0 761.0 477.0 764.0 619.0 512.0 809.0 
392.0 729.0 660.0 560.0 874.0 368.0 682.0 
642.0 472.0 819.0 383.0 611.0 615.0 471.0 
684.0 297.0 599.0 597.0 453.0 658.0 305.0 
570.0 516.0 518.0 773.0 293.0 620.0 664.0 
501.0 663.0 420.0 752.0 583.0 458.0 814.0 
585.0 687.0 546.0 598.0 906.0 566.0 692.0 
651.0 637.0 877.0 544.0 650.0 667.0 620.0 
736.0 554.0 751.0 566.0 529.0 749.0 481.0 
695.0 534.0 373.0 664.0 528.0 616.0 429.0 
482.0 695.0 449.0 686.0 442.0 485.0 796.0 
557.0 795.0 490.0 551.0 812.0 536.0 821.0 
422.0 637.0 927.0 325.0 776.0 531.0 478.0 
880.0 395.0 722.0 538.0 428.0 888.0 537.0 
704.0 435.0 419.0 922.0 417.0 646.0 619.0 
348.0 675.0 436.0 650.0 554.0 438.0 697.0 
345.0 631.0 608.0 457.0 707.0 488.0 739.0 
668.0 625.0 736.0 487.0 942.0 741.0 523.0 
714.0 412.0 844.0 797.0 495.0 552.0 354.0 
775.0 597.0 477.0 659.0 234.0 688.0 645.0 
437.0 697.0 357.0 592.0 533.0 516.0 633.0 
230.0 613.0 583.0 427.0 444.0 296.0 664.0 
422.0 483.0 522.0 175.0 655.0 492.0 525.0 
655.0 284.0 671.0 514.0 589.0 769.0 365.0 
735.0 549.0 483.0 752.0 454.0 689.0 542.0 
597.0 717.0 282.0 681.0 557.0 498.0 806.0 
398.0 544.0 515.0 603.0 728.0 378.0 680.0 
479.0 489.0 593.0 356.0 825.0 328.0 309.0 
720.0 343.0 658.0 421.0 496.0 664.0 267.0 
706.0 488.0 584.0 716.0 243.0 738.0 524.0 
544.0 789.0 301.0 719.0 505.0 395.0 802.0 
489.0 738.0 486.0 408.0 740.0 467.0 799.0 
531.0 417.0 747.0 479.0 752.0 507.0 454.0 
773.0 462.0 656.0 477.0 481.0 756.0 494.0 
647.0 392.0 461.0 678.0 381.0 668.0 386.0 
325.0 486.0 298.0 707.0 294.0 226.0 556.0 
167.0 457.0 448.0 417.0 457.0 236.0 553.0 
316.0 484.0 663.0 256.0 556.0 391.0 500.0 
629.0 304.0 660.0 365.0 428.0 667.0 291.0 
544.0 412.0 573.0 561.0 178.0 600.0 389.0 
587.0 576.0 82.0 577.0 353.0 495.0 694.0 
255.0 494.0 242.0 557.0 686.0 94.0 548.0 
487.0 574.0 572.0 207.0 753.0 412.0 432.0 
767.0 377.0 632.0 435.0 513.0 724.0 382.0 
585.0 413.0 556.0 683.0 381.0 697.0 437.0 
565.0 733.0 312.0 624.0 499.0 727.0 774.0 
272.0 635.0 501.0 786.0 814.0 275.0 744.0 
546.0 580.0 748.0 352.0 644.0 549.0 597.0 
635.0 325.0 711.0 533.0 530.0 659.0 202.0 
572.0 598.0 522.0 616.0 264.0 550.0 468.0 
421.0 660.0 437.0 620.0 576.0 485.0 367.0 
366.0 873.0 577.0 446.0 437.0 249.0 678.0 
631.0 641.0 439.0 169.0 589.0 411.0 598.0 
613.0 247.0 651.0 381.0 378.0 568.0 387.0 
573.0 321.0 623.0 548.0 100.0 761.0 618.0 
567.0 674.0 295.0 682.0 696.0 806.0 713.0 
304.0 729.0 572.0 732.0 803.0 366.0 836.0 
492.0 394.0 834.0 587.0 782.0 503.0 510.0 
770.0 436.0 813.0 692.0 641.0 746.0 264.0 
645.0 654.0 683.0 770.0 307.0 664.0 485.0 
469.0 726.0 348.0 731.0 488.0 330.0 773.0 
388.0 550.0 608.0 522.0 708.0 320.0 485.0 
559.0 637.0 838.0 224.0 410.0 559.0 521.0 
903.0 401.0 368.0 506.0 467.0 759.0 411.0 
517.0 572.0 381.0 613.0 384.0 509.0 448.0 
415.0 694.0 224.0 369.0 417.0 321.0 602.0 
311.0 524.0 325.0 75.0 615.0 451.0 594.0 
542.0 106.0 393.0 471.0 763.0 704.0 221.0 
442.0 459.0 637.0 623.0 301.0 551.0 502.0 
645.0 484.0 191.0 600.0 442.0 651.0 588.0 
219.0 531.0 247.0 638.0 742.0 231.0 476.0 
149.0 477.0 644.0 288.0 634.0 125.0 353.0 
545.0 138.0 825.0 302.0 84.0 600.0 317.0 
599.0 320.0 372.0 574.0 220.0 757.0 339.0 
225.0 596.0 143.0 726.0 556.0 52.0 392.0 
338.0 616.0 360.0 157.0 443.0 217.0 525.0 
425.0 232.0 529.0 125.0 308.0 594.0 493.0 
453.0 51.0 419.0 514.0 351.0 560.0 67.0 
299.0 435.0 290.0 571.0 -4.0 158.0 495.0 
372.0 494.0 -52.0 264.0 538.0 247.0 579.0 
174.0 156.0 436.0 474.0 567.0 13.0 235.0 
379.0 286.0 570.0 102.0 100.0 142.0 192.0 
568.0 124.0 90.0 192.0 126.0 403.0 214.0 
281.0 204.0 49.0 454.0 302.0 394.0 257.0 
2.0 609.0 340.0 256.0 384.0 130.0 574.0 
276.0 167.0 414.0 173.0 463.0 295.0 253.0 
341.0 143.0 401.0 242.0 410.0 348.0 3.0 
467.0 154.0 157.0 447.0 204.0 400.0 -20.0 
179.0 394.0 -101.0 494.0 245.0 15.0 178.0 
-156.0 508.0 259.0 62.0 389.0 -95.0 493.0 
338.0 -21.0 577.0 143.0 226.0 335.0 260.0 
483.0 32.0 414.0 399.0 80.0 498.0 55.0 
334.0 545.0 55.0 384.0 228.0 296.0 351.0 
178.0 492.0 192.0 383.0 309.0 42.0 572.0 
211.0 264.0 374.0 155.0 506.0 203.0 316.0 
392.0 127.0 385.0 251.0 432.0 300.0 41.0 
417.0 102.0 274.0 410.0 78.0 387.0 106.0 
236.0 342.0 -87.0 381.0 329.0 258.0 290.0 
46.0 378.0 175.0 309.0 513.0 124.0 397.0 
171.0 254.0 690.0 203.0 231.0 290.0 385.0 
459.0 145.0 477.0 299.0 199.0 492.0 286.0 
416.0 186.0 275.0 506.0 123.0 421.0 238.0 
167.0 483.0 92.0 228.0 100.0 252.0 582.0 
-73.0 206.0 200.0 6.0 462.0 85.0 285.0 
163.0 -105.0 471.0 162.0 289.0 205.0 -47.0 
493.0 114.0 219.0 301.0 74.0 564.0 138.0 
232.0 464.0 68.0 515.0 267.0 298.0 440.0 
-53.0 543.0 393.0 353.0 542.0 -92.0 436.0 
418.0 371.0 615.0 53.0 416.0 294.0 308.0 
660.0 149.0 581.0 366.0 94.0 576.0 205.0 
616.0 513.0 130.0 533.0 98.0 468.0 578.0 
176.0 530.0 95.0 341.0 574.0 170.0 519.0 
250.0 286.0 378.0 47.0 524.0 379.0 263.0 
354.0 92.0 367.0 130.0 289.0 556.0 -10.0 
103.0 89.0 233.0 364.0 79.0 359.0 57.0 
63.0 340.0 197.0 412.0 -22.0 106.0 371.0 
-23.0 390.0 166.0 141.0 448.0 -9.0 311.0 
307.0 315.0 441.0 13.0 485.0 277.0 179.0 
598.0 102.0 425.0 387.0 195.0 487.0 157.0 
495.0 396.0 258.0 469.0 66.0 551.0 461.0 
234.0 527.0 83.0 519.0 477.0 159.0 455.0 
196.0 592.0 326.0 86.0 548.0 106.0 418.0 
454.0 255.0 480.0 -38.0 413.0 568.0 167.0 
420.0 158.0 443.0 432.0 206.0 547.0 112.0 
506.0 661.0 101.0 412.0 188.0 422.0 614.0 
303.0 529.0 48.0 416.0 760.0 203.0 556.0 
247.0 298.0 648.0 272.0 678.0 453.0 249.0 
439.0 235.0 744.0 482.0 209.0 539.0 229.0 
444.0 386.0 259.0 428.0 204.0 539.0 316.0 
2.0 380.0 397.0 502.0 188.0 -66.0 284.0 
266.0 360.0 357.0 147.0 252.0 141.0 263.0 
560.0 274.0 239.0 358.0 275.0 450.0 399.0 
399.0 553.0 282.0 336.0 579.0 349.0 448.0 
631.0 421.0 549.0 464.0 203.0 563.0 699.0 
638.0 578.0 247.0 450.0 734.0 558.0 648.0 
543.0 340.0 649.0 569.0 467.0 731.0 579.0 
457.0 535.0 589.0 568.0 466.0 551.0 621.0 
632.0 456.0 291.0 582.0 718.0 618.0 565.0 
418.0 449.0 645.0 591.0 548.0 606.0 490.0 
568.0 638.0 477.0 491.0 642.0 696.0 565.0 
425.0 417.0 674.0 763.0 564.0 532.0 416.0 
589.0 768.0 532.0 531.0 530.0 576.0 645.0 
538.0 488.0 471.0 623.0 566.0 527.0 554.0 
338.0 523.0 583.0 411.0 504.0 495.0 359.0 
395.0 589.0 490.0 351.0 399.0 537.0 595.0 
458.0 481.0 424.0 490.0 698.0 520.0 294.0 
342.0 552.0 617.0 575.0 484.0 340.0 360.0 
490.0 587.0 489.0 349.0 373.0 425.0 499.0 
397.0 301.0 533.0 509.0 361.0 500.0 493.0 
388.0 458.0 604.0 687.0 520.0 345.0 586.0 
680.0 599.0 688.0 516.0 512.0 618.0 622.0 
727.0 601.0 607.0 545.0 516.0 839.0 747.0 
617.0 562.0 455.0 769.0 714.0 433.0 613.0 
573.0 503.0 569.0 522.0 643.0 511.0 412.0 
618.0 479.0 379.0 524.0 631.0 588.0 466.0 
506.0 555.0 577.0 554.0 597.0 630.0 537.0 
529.0 500.0 580.0 625.0 563.0 528.0 478.0 
514.0 434.0 494.0 614.0 452.0 362.0 336.0 
377.0 504.0 462.0 212.0 196.0 368.0 349.0 
476.0 373.0 70.0 209.0 388.0 463.0 385.0 
231.0 223.0 337.0 462.0 264.0 259.0 389.0 
292.0 422.0 319.0 196.0 423.0 315.0 359.0 
573.0 298.0 239.0 463.0 483.0 514.0 505.0 
434.0 435.0 542.0 629.0 595.0 617.0 547.0 
471.0 592.0 642.0 661.0 665.0 581.0 534.0 
573.0 641.0 623.0 630.0 589.0 485.0 534.0 
533.0 504.0 544.0 506.0 439.0 493.0 593.0 
365.0 296.0 594.0 529.0 422.0 450.0 335.0 
379.0 573.0 613.0 386.0 358.0 462.0 323.0 
529.0 617.0 399.0 380.0 195.0 433.0 636.0 
383.0 424.0 360.0 453.0 462.0 306.0 416.0 
293.0 462.0 505.0 178.0 349.0 324.0 255.0 
514.0 379.0 364.0 358.0 89.0 448.0 641.0 
406.0 325.0 224.0 413.0 540.0 618.0 515.0 
205.0 405.0 469.0 524.0 618.0 323.0 341.0 
536.0 591.0 500.0 311.0 359.0 557.0 633.0 
557.0 397.0 282.0 442.0 607.0 592.0 470.0 
356.0 476.0 471.0 489.0 606.0 508.0 371.0 
348.0 555.0 606.0 498.0 382.0 331.0 559.0 
589.0 471.0 380.0 380.0 541.0 545.0 523.0 
472.0 366.0 448.0 541.0 476.0 567.0 512.0 
270.0 535.0 641.0 535.0 515.0 296.0 461.0 
515.0 508.0 747.0 419.0 239.0 482.0 531.0 
541.0 490.0 391.0 393.0 402.0 390.0 450.0 
475.0 363.0 359.0 498.0 405.0 321.0 427.0 
374.0 474.0 568.0 395.0 411.0 383.0 412.0 
715.0 619.0 344.0 397.0 508.0 564.0 527.0 
566.0 545.0 299.0 524.0 785.0 611.0 507.0 
375.0 559.0 691.0 526.0 686.0 446.0 383.0 
661.0 472.0 555.0 461.0 431.0 668.0 412.0 
494.0 510.0 293.0 406.0 396.0 549.0 510.0 
184.0 383.0 509.0 383.0 432.0 367.0 386.0 
334.0 273.0 583.0 474.0 215.0 312.0 356.0 
434.0 449.0 450.0 387.0 208.0 364.0 497.0 
469.0 488.0 287.0 256.0 563.0 569.0 317.0 
314.0 517.0 517.0 302.0 326.0 497.0 482.0 
459.0 482.0 466.0 378.0 352.0 495.0 569.0 
596.0 448.0 227.0 417.0 515.0 498.0 490.0 
252.0 361.0 525.0 369.0 274.0 379.0 510.0 
293.0 191.0 424.0 365.0 206.0 258.0 467.0 
501.0 103.0 141.0 488.0 583.0 519.0 116.0 
225.0 500.0 388.0 544.0 396.0 233.0 388.0 
403.0 531.0 553.0 238.0 131.0 431.0 566.0 
463.0 314.0 227.0 379.0 490.0 450.0 342.0 
310.0 390.0 420.0 424.0 346.0 278.0 285.0 
330.0 490.0 433.0 236.0 294.0 277.0 359.0 
506.0 291.0 244.0 226.0 238.0 533.0 493.0 
332.0 191.0 168.0 465.0 497.0 416.0 369.0 
294.0 314.0 292.0 561.0 618.0 259.0 245.0 
291.0 586.0 644.0 223.0 407.0 486.0 475.0 
560.0 346.0 495.0 474.0 463.0 622.0 388.0 
580.0 533.0 270.0 738.0 688.0 260.0 266.0 
475.0 757.0 639.0 285.0 148.0 381.0 629.0 
509.0 475.0 392.0 193.0 381.0 574.0 480.0 
389.0 374.0 413.0 386.0 411.0 533.0 370.0 
307.0 568.0 500.0 405.0 464.0 318.0 444.0 
634.0 486.0 372.0 394.0 557.0 555.0 434.0 
445.0 325.0 457.0 635.0 392.0 297.0 331.0 
379.0 525.0 469.0 246.0 222.0 390.0 385.0 
309.0 253.0 232.0 457.0 408.0 121.0 191.0 
297.0 390.0 361.0 130.0 246.0 334.0 268.0 
262.0 209.0 370.0 449.0 336.0 225.0 183.0 
423.0 618.0 472.0 306.0 329.0 385.0 411.0 
462.0 554.0 418.0 331.0 519.0 449.0 485.0 
565.0 431.0 459.0 456.0 451.0 455.0 505.0 
536.0 357.0 353.0 517.0 506.0 473.0 488.0 
356.0 419.0 493.0 272.0 372.0 556.0 474.0 
381.0 249.0 243.0 414.0 505.0 385.0 259.0 
293.0 238.0 294.0 423.0 245.0 247.0 363.0 
311.0 316.0 251.0 281.0 406.0 315.0 187.0 
311.0 425.0 234.0 319.0 457.0 187.0 309.0 
430.0 262.0 415.0 407.0 314.0 373.0 352.0 
395.0 392.0 448.0 511.0 336.0 352.0 488.0 
473.0 467.0 347.0 293.0 408.0 438.0 518.0 
446.0 252.0 331.0 426.0 486.0 510.0 314.0 
193.0 394.0 465.0 312.0 350.0 341.0 324.0 
342.0 254.0 273.0 286.0 295.0 281.0 263.0 
202.0 49.0 213.0 400.0 220.0 55.0 149.0 
261.0 257.0 274.0 193.0 109.0 226.0 318.0 
267.0 226.0 222.0 221.0 350.0 409.0 277.0 
201.0 227.0 301.0 432.0 430.0 93.0 103.0 
466.0 402.0 184.0 229.0 432.0 354.0 231.0 
209.0 136.0 439.0 436.0 181.0 280.0 248.0 
324.0 418.0 318.0 364.0 322.0 332.0 446.0 
328.0 334.0 409.0 418.0 525.0 409.0 290.0 
368.0 526.0 659.0 387.0 209.0 477.0 545.0 
503.0 477.0 330.0 398.0 435.0 515.0 613.0 
383.0 372.0 269.0 317.0 672.0 407.0 317.0 
267.0 138.0 477.0 290.0 200.0 254.0 34.0 
364.0 135.0 -110.0 326.0 163.0 160.0 218.0 
65.0 149.0 44.0 323.0 330.0 35.0 264.0 
33.0 95.0 509.0 243.0 145.0 142.0 153.0 
295.0 298.0 424.0 214.0 108.0 318.0 90.0 
284.0 546.0 210.0 148.0 172.0 228.0 326.0 
268.0 333.0 214.0 260.0 466.0 248.0 284.0 
404.0 354.0 510.0 491.0 350.0 341.0 494.0 
593.0 507.0 468.0 356.0 422.0 554.0 521.0 
598.0 345.0 263.0 500.0 387.0 603.0 554.0 
76.0 296.0 515.0 508.0 504.0 229.0 275.0 
489.0 451.0 550.0 451.0 192.0 411.0 725.0 
594.0 223.0 229.0 537.0 637.0 568.0 392.0 
264.0 346.0 532.0 642.0 448.0 269.0 380.0 
463.0 558.0 552.0 240.0 215.0 440.0 493.0 
506.0 306.0 223.0 451.0 467.0 361.0 279.0 
293.0 370.0 436.0 480.0 362.0 304.0 305.0 
436.0 568.0 385.0 359.0 392.0 373.0 585.0 
520.0 339.0 411.0 476.0 647.0 569.0 322.0 
491.0 646.0 634.0 533.0 445.0 617.0 578.0 
465.0 621.0 600.0 576.0 545.0 465.0 677.0 
584.0 463.0 736.0 569.0 430.0 652.0 672.0 
629.0 527.0 604.0 635.0 464.0 667.0 683.0 
512.0 532.0 466.0 640.0 715.0 431.0 467.0 
556.0 501.0 559.0 466.0 459.0 492.0 501.0 
668.0 508.0 381.0 350.0 397.0 780.0 609.0 
321.0 345.0 318.0 579.0 608.0 366.0 306.0 
369.0 407.0 417.0 431.0 300.0 401.0 452.0 
375.0 456.0 299.0 279.0 482.0 554.0 451.0 
346.0 348.0 402.0 505.0 492.0 534.0 501.0 
494.0 551.0 456.0 696.0 790.0 550.0 586.0 
690.0 622.0 646.0 857.0 756.0 553.0 649.0 
745.0 773.0 735.0 646.0 677.0 756.0 704.0 
756.0 777.0 643.0 684.0 610.0 711.0 869.0 
504.0 505.0 795.0 696.0 500.0 429.0 513.0 
611.0 730.0 695.0 385.0 295.0 555.0 705.0 
658.0 565.0 377.0 355.0 605.0 640.0 387.0 
427.0 539.0 436.0 488.0 399.0 393.0 538.0 
416.0 491.0 495.0 353.0 513.0 574.0 537.0 
575.0 516.0 563.0 589.0 540.0 660.0 628.0 
551.0 492.0 510.0 737.0 705.0 657.0 570.0 
401.0 655.0 783.0 630.0 575.0 552.0 643.0 
606.0 534.0 626.0 647.0 713.0 548.0 459.0 
742.0 650.0 601.0 682.0 585.0 664.0 550.0 
600.0 814.0 591.0 635.0 776.0 587.0 516.0 
610.0 765.0 703.0 549.0 642.0 592.0 489.0 
710.0 854.0 677.0 438.0 504.0 814.0 810.0 
604.0 614.0 712.0 678.0 579.0 580.0 651.0 
723.0 614.0 551.0 723.0 591.0 506.0 719.0 
654.0 597.0 621.0 575.0 543.0 597.0 729.0 
570.0 504.0 537.0 506.0 662.0 570.0 510.0 
600.0 599.0 596.0 468.0 577.0 736.0 640.0 
582.0 564.0 673.0 660.0 453.0 650.0 858.0 
539.0 465.0 674.0 586.0 592.0 692.0 607.0 
562.0 573.0 619.0 658.0 599.0 599.0 609.0 
583.0 623.0 677.0 713.0 607.0 598.0 700.0 
600.0 594.0 630.0 595.0 740.0 705.0 441.0 
530.0 597.0 635.0 852.0 638.0 539.0 545.0 
472.0 780.0 788.0 647.0 635.0 523.0 619.0 
784.0 744.0 598.0 657.0 740.0 597.0 589.0 
663.0 693.0 851.0 721.0 502.0 727.0 728.0 
644.0 820.0 841.0 777.0 623.0 696.0 753.0 
672.0 900.0 742.0 622.0 737.0 540.0 706.0 
858.0 755.0 674.0 504.0 593.0 761.0 757.0 
598.0 494.0 571.0 590.0 602.0 563.0 465.0 
484.0 572.0 487.0 403.0 554.0 450.0 409.0 
626.0 451.0 288.0 395.0 626.0 699.0 430.0 
324.0 342.0 448.0 650.0 619.0 450.0 432.0 
540.0 499.0 541.0 732.0 623.0 427.0 549.0 
697.0 612.0 593.0 623.0 611.0 780.0 730.0 
487.0 654.0 843.0 776.0 701.0 642.0 756.0 
740.0 669.0 927.0 769.0 571.0 846.0 771.0 
611.0 696.0 807.0 785.0 626.0 725.0 753.0 
680.0 742.0 706.0 753.0 761.0 677.0 665.0 
672.0 687.0 652.0 671.0 707.0 635.0 601.0 
583.0 525.0 642.0 637.0 526.0 567.0 480.0 
559.0 629.0 475.0 473.0 458.0 543.0 659.0 
564.0 471.0 408.0 509.0 651.0 498.0 534.0 
637.0 409.0 564.0 627.0 350.0 548.0 588.0 
559.0 662.0 432.0 371.0 477.0 678.0 696.0 
423.0 559.0 601.0 403.0 593.0 624.0 550.0 
715.0 577.0 468.0 515.0 554.0 662.0 606.0 
748.0 572.0 300.0 580.0 550.0 655.0 723.0 
424.0 446.0 385.0 469.0 726.0 602.0 464.0 
498.0 459.0 448.0 599.0 653.0 556.0 545.0 
561.0 464.0 557.0 752.0 643.0 531.0 650.0 
639.0 441.0 510.0 769.0 799.0 624.0 503.0 
489.0 543.0 743.0 782.0 613.0 484.0 466.0 
607.0 696.0 677.0 562.0 523.0 631.0 638.0 
689.0 602.0 493.0 714.0 759.0 593.0 470.0 
536.0 722.0 699.0 603.0 518.0 502.0 602.0 
628.0 601.0 550.0 466.0 554.0 613.0 515.0 
597.0 589.0 442.0 504.0 668.0 723.0 557.0 
430.0 550.0 659.0 597.0 520.0 565.0 573.0 
503.0 642.0 676.0 480.0 497.0 555.0 624.0 
603.0 453.0 595.0 676.0 564.0 571.0 607.0 
652.0 703.0 669.0 604.0 762.0 854.0 656.0 
645.0 748.0 741.0 736.0 767.0 664.0 603.0 
820.0 864.0 656.0 579.0 747.0 697.0 650.0 
847.0 587.0 505.0 686.0 593.0 682.0 632.0 
558.0 568.0 521.0 679.0 463.0 448.0 744.0 
497.0 501.0 568.0 493.0 531.0 376.0 578.0 
663.0 415.0 465.0 464.0 506.0 629.0 514.0 
476.0 508.0 406.0 559.0 607.0 494.0 556.0 
350.0 365.0 600.0 610.0 534.0 401.0 556.0 
552.0 369.0 546.0 637.0 521.0 407.0 457.0 
602.0 611.0 566.0 506.0 572.0 693.0 607.0 
537.0 743.0 899.0 698.0 522.0 655.0 703.0 
646.0 822.0 906.0 704.0 549.0 551.0 724.0 
918.0 860.0 628.0 526.0 788.0 913.0 675.0 
697.0 722.0 661.0 780.0 750.0 690.0 670.0 
678.0 687.0 547.0 578.0 630.0 580.0 606.0 
506.0 494.0 488.0 412.0 563.0 602.0 472.0 
364.0 400.0 516.0 498.0 561.0 483.0 318.0 
414.0 407.0 407.0 543.0 487.0 377.0 434.0 
491.0 445.0 455.0 555.0 595.0 497.0 424.0 
473.0 527.0 604.0 621.0 459.0 408.0 530.0 
588.0 610.0 512.0 468.0 584.0 568.0 597.0 
552.0 518.0 593.0 496.0 567.0 529.0 520.0 
689.0 469.0 465.0 583.0 531.0 669.0 653.0 
660.0 571.0 436.0 753.0 729.0 653.0 789.0 
522.0 561.0 742.0 703.0 639.0 536.0 732.0 
728.0 486.0 539.0 590.0 620.0 653.0 573.0 
521.0 492.0 489.0 609.0 734.0 604.0 340.0 
400.0 593.0 571.0 522.0 410.0 414.0 567.0 
405.0 374.0 552.0 373.0 295.0 468.0 515.0 
386.0 317.0 461.0 415.0 440.0 565.0 315.0 
267.0 465.0 531.0 525.0 392.0 361.0 438.0 
525.0 622.0 454.0 356.0 520.0 507.0 464.0 
475.0 492.0 523.0 453.0 444.0 400.0 425.0 
529.0 427.0 425.0 522.0 479.0 361.0 362.0 
574.0 566.0 379.0 432.0 521.0 478.0 499.0 
557.0 464.0 471.0 503.0 457.0 533.0 544.0 
561.0 488.0 499.0 525.0 382.0 592.0 577.0 
456.0 514.0 412.0 572.0 492.0 487.0 686.0 
380.0 457.0 633.0 464.0 519.0 493.0 481.0 
532.0 399.0 419.0 496.0 441.0 411.0 339.0 
431.0 473.0 336.0 431.0 362.0 386.0 496.0 
359.0 402.0 348.0 488.0 502.0 170.0 406.0 
549.0 472.0 408.0 268.0 497.0 528.0 428.0 
532.0 473.0 570.0 536.0 478.0 711.0 504.0 
449.0 667.0 605.0 622.0 480.0 488.0 662.0 
500.0 562.0 664.0 437.0 403.0 565.0 654.0 
527.0 348.0 520.0 515.0 399.0 518.0 370.0 
341.0 510.0 499.0 398.0 342.0 331.0 293.0 
551.0 589.0 223.0 283.0 479.0 437.0 380.0 
428.0 469.0 471.0 426.0 308.0 492.0 589.0 
383.0 410.0 500.0 555.0 546.0 449.0 496.0 
590.0 582.0 539.0 571.0 508.0 474.0 670.0 
590.0 450.0 531.0 447.0 532.0 623.0 438.0 
439.0 529.0 551.0 505.0 437.0 524.0 559.0 
513.0 487.0 489.0 650.0 602.0 426.0 546.0 
563.0 571.0 578.0 448.0 549.0 579.0 531.0 
462.0 500.0 725.0 484.0 437.0 669.0 505.0 
568.0 560.0 482.0 758.0 718.0 562.0 490.0 
488.0 769.0 799.0 625.0 531.0 550.0 676.0 
570.0 604.0 734.0 567.0 581.0 651.0 549.0 
514.0 597.0 666.0 602.0 585.0 473.0 409.0 
668.0 740.0 525.0 477.0 569.0 499.0 646.0 
721.0 372.0 487.0 634.0 503.0 619.0 526.0 
443.0 534.0 545.0 564.0 365.0 516.0 728.0 
449.0 526.0 517.0 522.0 783.0 653.0 616.0 
574.0 630.0 855.0 734.0 774.0 867.0 701.0 
764.0 823.0 835.0 905.0 756.0 858.0 914.0 
754.0 856.0 866.0 888.0 867.0 714.0 856.0 
959.0 771.0 773.0 950.0 875.0 775.0 835.0 
865.0 848.0 876.0 844.0 703.0 837.0 1010.0 
867.0 689.0 648.0 850.0 938.0 793.0 801.0 
811.0 720.0 680.0 750.0 835.0 820.0 691.0 
575.0 716.0 736.0 556.0 638.0 737.0 655.0 
564.0 580.0 624.0 701.0 696.0 642.0 757.0 
671.0 553.0 701.0 856.0 840.0 715.0 702.0 
662.0 729.0 833.0 757.0 857.0 784.0 546.0 
674.0 818.0 837.0 825.0 723.0 605.0 666.0 
854.0 762.0 661.0 787.0 757.0 698.0 714.0 
715.0 737.0 665.0 771.0 874.0 675.0 668.0 
771.0 807.0 834.0 794.0 765.0 763.0 807.0 
782.0 894.0 876.0 696.0 782.0 679.0 873.0 
993.0 631.0 689.0 759.0 908.0 846.0 673.0 
805.0 614.0 819.0 937.0 676.0 785.0 722.0 
720.0 829.0 859.0 954.0 667.0 594.0 1015.0 
864.0 639.0 735.0 733.0 808.0 745.0 762.0 
672.0 551.0 816.0 770.0 727.0 754.0 466.0 
596.0 863.0 692.0 618.0 624.0 621.0 711.0 
693.0 652.0 599.0 623.0 645.0 694.0 767.0 
588.0 609.0 724.0 550.0 549.0 666.0 580.0 
606.0 726.0 569.0 484.0 586.0 646.0 744.0 
670.0 528.0 548.0 666.0 720.0 671.0 745.0 
630.0 592.0 778.0 661.0 716.0 801.0 701.0 
779.0 695.0 568.0 755.0 946.0 780.0 642.0 
794.0 690.0 620.0 926.0 922.0 698.0 656.0 
657.0 797.0 858.0 724.0 692.0 624.0 715.0 
841.0 637.0 656.0 743.0 694.0 742.0 729.0 
664.0 546.0 763.0 967.0 656.0 553.0 672.0 
732.0 798.0 776.0 686.0 631.0 704.0 740.0 
716.0 816.0 715.0 551.0 742.0 731.0 640.0 
734.0 708.0 704.0 588.0 578.0 718.0 668.0 
634.0 629.0 687.0 634.0 479.0 648.0 723.0 
583.0 574.0 498.0 495.0 617.0 614.0 519.0 
442.0 555.0 586.0 529.0 652.0 492.0 417.0 
686.0 597.0 600.0 686.0 505.0 625.0 633.0 
546.0 682.0 666.0 764.0 675.0 489.0 625.0 
613.0 764.0 782.0 539.0 704.0 675.0 507.0 
672.0 871.0 819.0 608.0 626.0 640.0 641.0 
827.0 829.0 544.0 444.0 710.0 760.0 582.0 
546.0 645.0 769.0 572.0 429.0 692.0 754.0 
662.0 589.0 554.0 625.0 561.0 666.0 704.0 
551.0 615.0 542.0 584.0 710.0 637.0 645.0 
521.0 549.0 743.0 617.0 489.0 594.0 641.0 
500.0 454.0 532.0 568.0 531.0 424.0 496.0 
563.0 429.0 441.0 506.0 526.0 497.0 407.0 
403.0 415.0 551.0 587.0 357.0 362.0 506.0 
527.0 529.0 544.0 594.0 420.0 362.0 720.0 
723.0 588.0 589.0 498.0 628.0 700.0 682.0 
708.0 629.0 598.0 622.0 681.0 643.0 607.0 
713.0 640.0 463.0 604.0 730.0 550.0 581.0 
631.0 562.0 614.0 483.0 508.0 744.0 663.0 
597.0 620.0 477.0 556.0 760.0 710.0 599.0 
564.0 479.0 542.0 827.0 634.0 453.0 701.0 
564.0 592.0 640.0 417.0 717.0 636.0 343.0 
550.0 588.0 631.0 459.0 373.0 568.0 458.0 
620.0 544.0 259.0 546.0 529.0 531.0 642.0 
305.0 378.0 607.0 658.0 616.0 346.0 468.0 
620.0 555.0 588.0 496.0 546.0 594.0 554.0 
620.0 474.0 551.0 715.0 574.0 648.0 572.0 
393.0 562.0 679.0 590.0 522.0 593.0 544.0 
580.0 671.0 600.0 700.0 631.0 484.0 616.0 
755.0 780.0 646.0 534.0 652.0 758.0 651.0 
739.0 773.0 579.0 697.0 741.0 728.0 754.0 
657.0 710.0 719.0 731.0 762.0 684.0 636.0 
636.0 712.0 720.0 598.0 597.0 657.0 563.0 
515.0 597.0 582.0 542.0 634.0 537.0 350.0 
467.0 500.0 460.0 518.0 365.0 229.0 345.0 
509.0 510.0 335.0 309.0 389.0 392.0 497.0 
469.0 343.0 490.0 598.0 418.0 344.0 458.0 
387.0 485.0 688.0 447.0 277.0 385.0 562.0 
640.0 467.0 389.0 437.0 567.0 665.0 576.0 
596.0 545.0 484.0 614.0 655.0 675.0 569.0 
467.0 511.0 583.0 709.0 557.0 500.0 625.0 
522.0 578.0 521.0 437.0 722.0 674.0 462.0 
498.0 480.0 619.0 643.0 524.0 675.0 495.0 
384.0 570.0 538.0 632.0 496.0 451.0 570.0 
403.0 593.0 517.0 360.0 654.0 498.0 309.0 
355.0 402.0 578.0 505.0 383.0 312.0 263.0 
465.0 417.0 412.0 495.0 250.0 237.0 350.0 
486.0 450.0 177.0 301.0 417.0 354.0 307.0 
173.0 235.0 322.0 257.0 195.0 115.0 227.0 
331.0 171.0 136.0 161.0 169.0 227.0 191.0 
231.0 201.0 148.0 219.0 137.0 131.0 277.0 
355.0 145.0 -114.0 72.0 336.0 371.0 174.0 
-58.0 61.0 330.0 308.0 100.0 56.0 203.0 
320.0 126.0 7.0 129.0 168.0 400.0 378.0 
-44.0 -64.0 196.0 409.0 411.0 224.0 89.0 
34.0 270.0 470.0 317.0 150.0 79.0 300.0 
393.0 191.0 265.0 311.0 252.0 231.0 214.0 
253.0 254.0 261.0 201.0 249.0 262.0 20.0 
69.0 335.0 342.0 126.0 48.0 158.0 93.0 
123.0 218.0 62.0 117.0 88.0 -180.0 -48.0 
236.0 205.0 -164.0 -408.0 -191.0 137.0 168.0 
-127.0 -216.0 -151.0 -244.0 -52.0 152.0 -82.0 
-272.0 -246.0 -30.0 140.0 -134.0 -298.0 -146.0 
6.0 134.0 -94.0 -313.0 -135.0 25.0 219.0 
-8.0 -447.0 -178.0 143.0 160.0 -95.0 -352.0 
-191.0 -48.0 100.0 61.0 -277.0 -337.0 -88.0 
178.0 135.0 -98.0 -273.0 -174.0 234.0 163.0 
-193.0 -124.0 6.0 136.0 168.0 -158.0 -187.0 
123.0 161.0 105.0 43.0 -103.0 -157.0 13.0 
309.0 220.0 -184.0 -419.0 -222.0 359.0 400.0 
-173.0 -445.0 -320.0 152.0 447.0 -67.0 -444.0 
-84.0 150.0 5.0 -136.0 -223.0 -80.0 154.0 
50.0 -177.0 -294.0 -280.0 126.0 435.0 -130.0 
-603.0 -297.0 148.0 417.0 49.0 -415.0 -274.0 
15.0 248.0 50.0 -251.0 -99.0 96.0 51.0 
-235.0 -236.0 41.0 -22.0 -144.0 -102.0 -202.0 
-204.0 -61.0 -13.0 -32.0 -310.0 -380.0 -19.0 
203.0 3.0 -343.0 -298.0 -197.0 -82.0 57.0 
-195.0 -306.0 -178.0 -129.0 -91.0 -165.0 -260.0 
-155.0 -29.0 -178.0 -189.0 -111.0 -275.0 -75.0 
79.0 -170.0 -277.0 -299.0 -52.0 162.0 -91.0 
-256.0 -287.0 -137.0 214.0 111.0 -156.0 -212.0 
-115.0 140.0 113.0 56.0 -79.0 -189.0 236.0 
193.0 -94.0 -33.0 39.0 261.0 186.0 -8.0 
-194.0 -206.0 373.0 372.0 -124.0 -254.0 -237.0 
62.0 232.0 30.0 -152.0 -326.0 -144.0 96.0 
49.0 -1.0 -281.0 -239.0 15.0 -88.0 -79.0 
-160.0 -181.0 4.0 -15.0 -205.0 -352.0 -75.0 
96.0 -61.0 -75.0 -221.0 -300.0 -112.0 31.0 
-97.0 -294.0 -313.0 -274.0 -46.0 -25.0 -376.0 
-470.0 -196.0 -59.0 -231.0 -250.0 -281.0 -316.0 
-67.0 -134.0 -475.0 -185.0 160.0 -279.0 -366.0 
-61.0 -128.0 -107.0 -181.0 -238.0 5.0 -70.0 
-251.0 -30.0 -2.0 -187.0 -75.0 -9.0 30.0 
37.0 -218.0 -292.0 -39.0 169.0 46.0 -154.0 
-282.0 -233.0 72.0 52.0 -121.0 -123.0 -208.0 
-182.0 -31.0 56.0 -153.0 -462.0 -57.0 254.0 
-197.0 -360.0 -306.0 1.0 307.0 -216.0 -502.0 
-258.0 28.0 220.0 -69.0 -395.0 -449.0 -163.0 
139.0 47.0 -177.0 -323.0 -287.0 -243.0 70.0 
152.0 -253.0 -232.0 -174.0 -47.0 45.0 -78.0 
24.0 -140.0 -52.0 117.0 -150.0 -67.0 5.0 
66.0 92.0 -194.0 -96.0 -97.0 -112.0 179.0 
-69.0 -205.0 -225.0 -358.0 53.0 137.0 -97.0 
-307.0 -450.0 -132.0 -61.0 49.0 74.0 -442.0 
-359.0 -65.0 -44.0 100.0 -90.0 -291.0 -78.0 
-48.0 -188.0 -87.0 34.0 -107.0 -200.0 -76.0 
-153.0 -171.0 -33.0 -59.0 -68.0 -228.0 -230.0 
-23.0 -137.0 -173.0 -6.0 2.0 -163.0 -278.0 
-182.0 45.0 113.0 -94.0 -263.0 -245.0 0.0 
147.0 -47.0 -133.0 -216.0 -205.0 82.0 155.0 
19.0 -297.0 -428.0 5.0 269.0 2.0 -234.0 
-197.0 -41.0 150.0 71.0 -140.0 -75.0 -43.0 
55.0 271.0 103.0 -151.0 -207.0 162.0 479.0 
16.0 -155.0 37.0 100.0 352.0 250.0 -58.0 
-152.0 -14.0 426.0 483.0 68.0 -165.0 -121.0 
235.0 561.0 303.0 -105.0 -144.0 190.0 428.0 
254.0 161.0 16.0 -85.0 282.0 325.0 148.0 
189.0 -10.0 38.0 292.0 195.0 167.0 113.0 
1.0 87.0 216.0 291.0 -23.0 -192.0 157.0 
239.0 185.0 -65.0 -312.0 152.0 302.0 5.0 
17.0 -118.0 -168.0 142.0 270.0 142.0 -111.0 
-255.0 -8.0 315.0 371.0 92.0 -282.0 -16.0 
346.0 235.0 242.0 159.0 104.0 103.0 270.0 
572.0 216.0 200.0 393.0 264.0 515.0 431.0 
262.0 330.0 394.0 610.0 440.0 224.0 263.0 
298.0 519.0 603.0 351.0 107.0 279.0 570.0 
422.0 443.0 412.0 40.0 363.0 758.0 489.0 
260.0 141.0 282.0 671.0 610.0 234.0 79.0 
299.0 514.0 505.0 382.0 82.0 262.0 578.0 
296.0 252.0 345.0 242.0 351.0 416.0 299.0 
268.0 269.0 241.0 336.0 386.0 261.0 260.0 
298.0 244.0 308.0 380.0 319.0 181.0 152.0 
347.0 535.0 375.0 136.0 231.0 361.0 469.0 
466.0 370.0 382.0 303.0 393.0 497.0 407.0 
521.0 522.0 333.0 414.0 559.0 573.0 598.0 
562.0 506.0 573.0 581.0 554.0 612.0 666.0 
663.0 491.0 503.0 633.0 515.0 658.0 814.0 
609.0 471.0 429.0 667.0 943.0 680.0 490.0 
582.0 554.0 684.0 784.0 609.0 510.0 570.0 
634.0 569.0 647.0 665.0 439.0 541.0 566.0 
455.0 581.0 546.0 451.0 411.0 540.0 588.0 
249.0 357.0 661.0 565.0 454.0 297.0 361.0 
633.0 664.0 556.0 324.0 301.0 554.0 632.0 
672.0 517.0 280.0 387.0 494.0 598.0 726.0 
602.0 320.0 351.0 606.0 559.0 615.0 674.0 
471.0 499.0 484.0 384.0 623.0 736.0 487.0 
478.0 488.0 380.0 536.0 605.0 639.0 507.0 
339.0 564.0 512.0 534.0 644.0 490.0 606.0 
422.0 282.0 604.0 598.0 553.0 493.0 323.0 
436.0 512.0 530.0 605.0 497.0 439.0 476.0 
519.0 626.0 637.0 524.0 429.0 532.0 676.0 
724.0 656.0 545.0 738.0 786.0 581.0 594.0 
737.0 966.0 792.0 520.0 776.0 733.0 691.0 
845.0 623.0 621.0 714.0 703.0 643.0 549.0 
709.0 627.0 479.0 547.0 548.0 662.0 657.0 
486.0 556.0 536.0 427.0 506.0 572.0 635.0 
467.0 336.0 411.0 361.0 477.0 517.0 462.0 
396.0 228.0 326.0 491.0 592.0 508.0 272.0 
302.0 358.0 433.0 517.0 409.0 516.0 475.0 
156.0 260.0 460.0 505.0 520.0 366.0 218.0 
309.0 431.0 379.0 405.0 385.0 326.0 468.0 
460.0 478.0 437.0 302.0 567.0 502.0 467.0 
682.0 462.0 628.0 625.0 427.0 659.0 611.0 
749.0 763.0 600.0 710.0 529.0 623.0 891.0 
864.0 777.0 465.0 410.0 732.0 883.0 822.0 
613.0 484.0 552.0 629.0 688.0 640.0 547.0 
603.0 507.0 442.0 644.0 557.0 474.0 511.0 
443.0 491.0 420.0 483.0 592.0 463.0 504.0 
451.0 332.0 476.0 623.0 608.0 476.0 368.0 
431.0 568.0 632.0 574.0 465.0 434.0 389.0 
392.0 591.0 683.0 338.0 195.0 533.0 485.0 
329.0 502.0 604.0 509.0 328.0 375.0 543.0 
546.0 551.0 542.0 433.0 503.0 544.0 533.0 
641.0 562.0 522.0 589.0 671.0 671.0 641.0 
767.0 628.0 635.0 792.0 638.0 737.0 752.0 
594.0 761.0 726.0 586.0 692.0 659.0 594.0 
676.0 616.0 504.0 550.0 696.0 693.0 438.0 
428.0 653.0 672.0 650.0 611.0 463.0 506.0 
625.0 613.0 672.0 644.0 551.0 491.0 567.0 
768.0 593.0 502.0 657.0 675.0 648.0 467.0 
529.0 634.0 562.0 717.0 577.0 389.0 534.0 
559.0 644.0 639.0 469.0 492.0 429.0 567.0 
727.0 450.0 492.0 519.0 458.0 627.0 541.0 
535.0 413.0 419.0 731.0 490.0 424.0 652.0 
577.0 501.0 467.0 627.0 632.0 483.0 622.0 
539.0 492.0 635.0 527.0 603.0 693.0 514.0 
545.0 656.0 609.0 574.0 635.0 762.0 642.0 
475.0 640.0 750.0 741.0 642.0 580.0 799.0 
743.0 574.0 672.0 743.0 821.0 775.0 616.0 
617.0 794.0 867.0 642.0 639.0 784.0 705.0 
674.0 633.0 665.0 753.0 704.0 706.0 636.0 
605.0 663.0 619.0 829.0 891.0 563.0 538.0 
724.0 836.0 627.0 477.0 788.0 735.0 531.0 
636.0 600.0 536.0 539.0 607.0 613.0 406.0 
469.0 540.0 538.0 790.0 589.0 242.0 449.0 
699.0 705.0 598.0 561.0 592.0 484.0 540.0 
756.0 675.0 570.0 593.0 555.0 605.0 764.0 
700.0 508.0 610.0 747.0 704.0 705.0 743.0 
740.0 706.0 697.0 719.0 786.0 859.0 765.0 
717.0 898.0 851.0 554.0 599.0 955.0 991.0 
728.0 618.0 699.0 791.0 706.0 775.0 923.0 
619.0 540.0 804.0 821.0 857.0 616.0 489.0 
859.0 794.0 781.0 739.0 535.0 828.0 789.0 
817.0 909.0 604.0 747.0 792.0 822.0 993.0 
718.0 595.0 736.0 933.0 985.0 679.0 538.0 
733.0 816.0 690.0 679.0 735.0 628.0 558.0 
616.0 639.0 591.0 521.0 496.0 573.0 657.0 
648.0 537.0 456.0 605.0 644.0 569.0 668.0 
611.0 606.0 779.0 725.0 613.0 717.0 761.0 
702.0 832.0 740.0 709.0 945.0 826.0 757.0 
716.0 734.0 925.0 781.0 762.0 823.0 721.0 
773.0 790.0 724.0 699.0 819.0 824.0 715.0 
778.0 748.0 793.0 815.0 726.0 804.0 762.0 
730.0 765.0 866.0 989.0 718.0 627.0 834.0 
835.0 865.0 763.0 730.0 891.0 801.0 818.0 
772.0 697.0 850.0 822.0 814.0 672.0 705.0 
947.0 752.0 789.0 853.0 696.0 722.0 696.0 
837.0 956.0 752.0 632.0 771.0 822.0 645.0 
755.0 923.0 679.0 481.0 707.0 949.0 710.0 
552.0 647.0 668.0 733.0 621.0 581.0 754.0 
677.0 632.0 767.0 578.0 466.0 681.0 740.0 
747.0 587.0 543.0 649.0 637.0 776.0 648.0 
609.0 650.0 588.0 888.0 769.0 579.0 712.0 
669.0 791.0 778.0 730.0 755.0 699.0 955.0 
797.0 661.0 962.0 733.0 776.0 1017.0 878.0 
981.0 874.0 769.0 997.0 923.0 854.0 962.0 
977.0 889.0 803.0 949.0 1030.0 846.0 843.0 
1013.0 988.0 889.0 918.0 992.0 1010.0 969.0 
940.0 864.0 815.0 968.0 1002.0 915.0 914.0 
833.0 769.0 802.0 909.0 945.0 917.0 848.0 
706.0 771.0 866.0 918.0 916.0 789.0 657.0 
732.0 1019.0 823.0 590.0 808.0 838.0 731.0 
712.0 682.0 810.0 931.0 749.0 728.0 737.0 
722.0 939.0 902.0 795.0 731.0 704.0 879.0 
958.0 938.0 772.0 686.0 890.0 960.0 966.0 
954.0 862.0 1017.0 1028.0 835.0 954.0 1127.0 
1104.0 1056.0 1047.0 925.0 929.0 1171.0 1115.0 
964.0 994.0 1035.0 1110.0 996.0 959.0 1059.0 
1000.0 1019.0 967.0 968.0 1000.0 900.0 1124.0 
1161.0 842.0 815.0 1067.0 1252.0 1039.0 866.0 
845.0 921.0 1248.0 1105.0 930.0 938.0 854.0 
1217.0 1099.0 805.0 1135.0 1090.0 1018.0 975.0 
881.0 1119.0 982.0 937.0 1070.0 966.0 967.0 
764.0 863.0 1116.0 913.0 905.0 858.0 722.0 
910.0 1069.0 984.0 792.0 832.0 1023.0 984.0 
902.0 919.0 932.0 978.0 1049.0 1146.0 1107.0 
783.0 825.0 1285.0 1197.0 909.0 991.0 1029.0 
1081.0 1163.0 1066.0 1086.0 1122.0 944.0 1012.0 
1254.0 1143.0 959.0 1105.0 1101.0 1023.0 1130.0 
909.0 967.0 1168.0 1017.0 1052.0 1052.0 1054.0 
991.0 1010.0 1148.0 1022.0 1027.0 1008.0 1066.0 
1278.0 1059.0 886.0 1058.0 1105.0 1083.0 1111.0 
1146.0 1091.0 1092.0 1208.0 1038.0 1116.0 1301.0 
1093.0 1159.0 1076.0 956.0 1164.0 1215.0 1111.0 
753.0 914.0 1253.0 1025.0 999.0 854.0 738.0 
1017.0 1199.0 1056.0 682.0 723.0 1098.0 1207.0 
972.0 784.0 966.0 1071.0 1009.0 1016.0 933.0 
948.0 1064.0 1042.0 1039.0 974.0 810.0 944.0 
1283.0 1223.0 885.0 792.0 944.0 1204.0 1251.0 
961.0 809.0 928.0 1172.0 1264.0 1006.0 974.0 
996.0 1022.0 1215.0 939.0 997.0 1241.0 1038.0 
1138.0 1049.0 882.0 1051.0 1165.0 1293.0 1094.0 
833.0 1089.0 1191.0 1075.0 1182.0 1132.0 975.0 
905.0 1086.0 1376.0 1144.0 978.0 958.0 971.0 
1316.0 1142.0 899.0 1107.0 1103.0 1046.0 993.0 
941.0 977.0 1071.0 1187.0 932.0 787.0 1025.0 
999.0 1016.0 1062.0 874.0 847.0 943.0 1097.0 
1031.0 838.0 946.0 958.0 956.0 1025.0 945.0 
1014.0 1111.0 1026.0 900.0 911.0 1077.0 1127.0 
1052.0 998.0 904.0 978.0 1190.0 1048.0 941.0 
1172.0 1112.0 874.0 1035.0 1267.0 1191.0 1050.0 
1007.0 1148.0 1157.0 1033.0 1149.0 1164.0 1064.0 
1039.0 1071.0 1130.0 1128.0 1123.0 1076.0 1037.0 
1145.0 1191.0 1033.0 1085.0 1164.0 1053.0 1204.0 
1147.0 963.0 1138.0 1087.0 1074.0 1222.0 1093.0 
1046.0 1107.0 1097.0 1126.0 1116.0 1035.0 1052.0 
1119.0 1156.0 1136.0 945.0 886.0 1085.0 1232.0 
1177.0 961.0 892.0 1002.0 1102.0 1170.0 1050.0 
944.0 1029.0 1077.0 1110.0 1054.0 948.0 999.0 
1056.0 1077.0 1065.0 996.0 1030.0 1087.0 1131.0 
1040.0 853.0 1104.0 1313.0 1015.0 899.0 1021.0 
1099.0 1073.0 998.0 1102.0 1038.0 1030.0 1150.0 
922.0 1057.0 1240.0 1076.0 1166.0 1062.0 1066.0 
1238.0 1081.0 1224.0 1246.0 1036.0 1121.0 1158.0 
1326.0 1245.0 928.0 1138.0 1286.0 1201.0 1190.0 
1150.0 1166.0 1154.0 1188.0 1249.0 1212.0 1191.0 
1073.0 1137.0 1350.0 1187.0 1023.0 1002.0 999.0 
1234.0 1229.0 878.0 815.0 1034.0 1129.0 993.0 
906.0 946.0 912.0 985.0 1078.0 927.0 874.0 
901.0 931.0 1062.0 975.0 912.0 940.0 903.0 
1034.0 1034.0 887.0 958.0 1154.0 1091.0 974.0 
1129.0 1127.0 1015.0 1104.0 1237.0 1193.0 1103.0 
1132.0 1067.0 1114.0 1253.0 1187.0 1161.0 1156.0 
1007.0 1035.0 1265.0 1269.0 1144.0 981.0 943.0 
1209.0 1261.0 1096.0 990.0 1050.0 1175.0 1094.0 
1068.0 1083.0 1106.0 1123.0 978.0 1095.0 1190.0 
998.0 1092.0 1204.0 1084.0 1014.0 954.0 1100.0 
1299.0 1199.0 1050.0 913.0 919.0 1056.0 1099.0 
1174.0 1153.0 883.0 672.0 967.0 1217.0 987.0 
902.0 933.0 964.0 945.0 931.0 1040.0 963.0 
963.0 985.0 923.0 946.0 954.0 1002.0 971.0 
992.0 940.0 810.0 950.0 979.0 971.0 1014.0 
840.0 889.0 963.0 862.0 1023.0 949.0 824.0 
1013.0 888.0 946.0 1110.0 845.0 912.0 1089.0 
1050.0 994.0 959.0 1183.0 1064.0 871.0 1116.0 
1143.0 1130.0 1078.0 910.0 977.0 1028.0 1122.0 
1191.0 950.0 790.0 907.0 1078.0 1081.0 960.0 
945.0 930.0 944.0 1023.0 932.0 953.0 1074.0 
913.0 920.0 1059.0 926.0 943.0 1100.0 1032.0 
903.0 925.0 964.0 916.0 1087.0 1210.0 863.0 
809.0 990.0 908.0 1103.0 1175.0 826.0 786.0 
1028.0 1012.0 896.0 997.0 994.0 858.0 872.0 
931.0 967.0 998.0 877.0 828.0 954.0 911.0 
827.0 854.0 990.0 1003.0 790.0 746.0 847.0 
989.0 933.0 782.0 905.0 889.0 862.0 884.0 
821.0 982.0 933.0 675.0 719.0 976.0 1007.0 
738.0 736.0 810.0 762.0 873.0 830.0 821.0 
889.0 695.0 797.0 922.0 677.0 771.0 952.0 
910.0 887.0 702.0 717.0 956.0 928.0 838.0 
839.0 840.0 770.0 773.0 891.0 815.0 718.0 
826.0 830.0 711.0 770.0 775.0 714.0 802.0 
754.0 712.0 821.0 807.0 801.0 688.0 600.0 
895.0 887.0 637.0 634.0 754.0 963.0 796.0 
569.0 688.0 845.0 1044.0 750.0 542.0 968.0 
871.0 861.0 1021.0 702.0 806.0 926.0 830.0 
910.0 947.0 966.0 802.0 802.0 1007.0 915.0 
895.0 889.0 737.0 850.0 866.0 751.0 764.0 
714.0 753.0 714.0 624.0 695.0 691.0 720.0 
745.0 643.0 592.0 590.0 717.0 816.0 712.0 
617.0 528.0 650.0 829.0 692.0 564.0 613.0 
757.0 718.0 536.0 614.0 730.0 695.0 720.0 
646.0 533.0 680.0 718.0 679.0 749.0 635.0 
564.0 672.0 740.0 671.0 586.0 652.0 701.0 
705.0 582.0 496.0 681.0 741.0 624.0 511.0 
640.0 711.0 447.0 579.0 675.0 599.0 743.0 
518.0 478.0 687.0 691.0 729.0 571.0 552.0 
756.0 852.0 735.0 542.0 761.0 855.0 725.0 
793.0 704.0 738.0 908.0 791.0 659.0 615.0 
711.0 845.0 827.0 757.0 493.0 492.0 802.0 
774.0 627.0 441.0 486.0 688.0 549.0 431.0 
451.0 557.0 541.0 492.0 486.0 265.0 507.0 
732.0 329.0 347.0 536.0 352.0 449.0 543.0 
441.0 550.0 342.0 316.0 687.0 553.0 452.0 
459.0 497.0 552.0 504.0 708.0 490.0 402.0 
671.0 472.0 562.0 674.0 342.0 396.0 727.0 
582.0 430.0 529.0 473.0 636.0 628.0 364.0 
466.0 600.0 607.0 579.0 501.0 387.0 423.0 
593.0 608.0 510.0 382.0 401.0 561.0 597.0 
509.0 457.0 471.0 437.0 424.0 535.0 535.0 
441.0 509.0 473.0 406.0 463.0 388.0 464.0 
551.0 523.0 506.0 332.0 342.0 474.0 637.0 
688.0 396.0 339.0 423.0 452.0 621.0 590.0 
326.0 215.0 397.0 488.0 401.0 501.0 377.0 
168.0 459.0 492.0 288.0 446.0 526.0 448.0 
406.0 453.0 486.0 493.0 521.0 434.0 609.0 
637.0 286.0 374.0 543.0 541.0 584.0 462.0 
288.0 306.0 438.0 539.0 543.0 259.0 154.0 
401.0 477.0 442.0 287.0 139.0 249.0 392.0 
424.0 396.0 177.0 109.0 434.0 446.0 339.0 
313.0 132.0 277.0 561.0 541.0 195.0 56.0 
444.0 556.0 418.0 410.0 233.0 183.0 436.0 
549.0 458.0 369.0 288.0 321.0 460.0 449.0 
374.0 404.0 385.0 333.0 459.0 458.0 306.0 
411.0 451.0 308.0 455.0 577.0 319.0 333.0 
506.0 421.0 505.0 505.0 326.0 364.0 476.0 
511.0 474.0 372.0 286.0 425.0 474.0 356.0 
550.0 489.0 147.0 272.0 569.0 705.0 508.0 
156.0 275.0 562.0 596.0 556.0 351.0 189.0 
447.0 611.0 381.0 319.0 391.0 291.0 441.0 
603.0 296.0 56.0 225.0 593.0 623.0 221.0 
87.0 268.0 430.0 523.0 429.0 249.0 224.0 
325.0 460.0 562.0 457.0 311.0 328.0 422.0 
498.0 447.0 378.0 303.0 465.0 580.0 244.0 
302.0 468.0 366.0 443.0 496.0 455.0 356.0 
349.0 441.0 543.0 541.0 346.0 311.0 414.0 
457.0 545.0 511.0 326.0 422.0 487.0 398.0 
585.0 548.0 345.0 517.0 632.0 485.0 504.0 
507.0 391.0 507.0 588.0 495.0 447.0 399.0 
330.0 512.0 662.0 413.0 289.0 431.0 524.0 
503.0 467.0 355.0 288.0 401.0 380.0 390.0 
419.0 257.0 232.0 341.0 318.0 276.0 357.0 
346.0 283.0 318.0 391.0 456.0 398.0 363.0 
397.0 436.0 518.0 471.0 444.0 491.0 452.0 
518.0 556.0 441.0 416.0 560.0 614.0 439.0 
386.0 464.0 512.0 544.0 464.0 392.0 408.0 
411.0 437.0 509.0 471.0 374.0 319.0 350.0 
499.0 478.0 362.0 407.0 392.0 304.0 404.0 
430.0 326.0 447.0 441.0 233.0 319.0 482.0 
400.0 344.0 351.0 264.0 287.0 410.0 462.0 
446.0 329.0 242.0 365.0 530.0 514.0 416.0 
385.0 452.0 501.0 412.0 414.0 517.0 528.0 
485.0 340.0 343.0 515.0 535.0 507.0 422.0 
364.0 415.0 491.0 550.0 569.0 648.0 476.0 
345.0 572.0 578.0 618.0 630.0 374.0 421.0 
565.0 559.0 518.0 466.0 522.0 523.0 471.0 
392.0 392.0 605.0 576.0 402.0 344.0 395.0 
579.0 476.0 361.0 408.0 337.0 382.0 512.0 
483.0 365.0 393.0 343.0 407.0 602.0 461.0 
408.0 429.0 556.0 594.0 364.0 556.0 644.0 
548.0 618.0 482.0 458.0 571.0 627.0 619.0 
533.0 456.0 315.0 500.0 719.0 515.0 381.0 
254.0 454.0 650.0 380.0 520.0 446.0 180.0 
489.0 602.0 489.0 425.0 418.0 528.0 530.0 
501.0 449.0 442.0 643.0 627.0 435.0 431.0 
474.0 608.0 639.0 534.0 508.0 469.0 511.0 
588.0 709.0 622.0 425.0 523.0 543.0 631.0 
710.0 509.0 517.0 588.0 527.0 617.0 621.0 
442.0 465.0 562.0 500.0 464.0 467.0 457.0 
525.0 532.0 447.0 423.0 429.0 514.0 592.0 
499.0 310.0 350.0 622.0 548.0 342.0 464.0 
522.0 498.0 517.0 438.0 499.0 586.0 473.0 
437.0 584.0 578.0 392.0 422.0 547.0 492.0 
445.0 519.0 444.0 400.0 516.0 482.0 449.0 
471.0 523.0 574.0 551.0 429.0 351.0 597.0 
685.0 520.0 447.0 369.0 532.0 722.0 519.0 
413.0 581.0 652.0 665.0 546.0 373.0 614.0 
807.0 581.0 523.0 556.0 530.0 712.0 756.0 
562.0 499.0 653.0 735.0 646.0 566.0 550.0 
771.0 771.0 455.0 485.0 624.0 699.0 665.0 
520.0 562.0 540.0 496.0 643.0 630.0 485.0 
541.0 546.0 509.0 606.0 423.0 394.0 664.0 
556.0 460.0 450.0 459.0 625.0 544.0 467.0 
496.0 503.0 587.0 565.0 537.0 607.0 564.0 
433.0 586.0 694.0 491.0 596.0 764.0 521.0 
378.0 594.0 691.0 591.0 655.0 564.0 354.0 
568.0 717.0 567.0 601.0 669.0 645.0 614.0 
619.0 674.0 669.0 724.0 693.0 589.0 640.0 
647.0 655.0 744.0 747.0 552.0 508.0 657.0 
606.0 645.0 671.0 556.0 561.0 534.0 639.0 
709.0 574.0 537.0 586.0 666.0 559.0 551.0 
714.0 557.0 512.0 663.0 661.0 657.0 583.0 
534.0 652.0 678.0 610.0 560.0 619.0 685.0 
599.0 623.0 651.0 543.0 528.0 645.0 659.0 
582.0 547.0 538.0 639.0 560.0 525.0 641.0 
528.0 586.0 642.0 504.0 513.0 592.0 548.0 
529.0 669.0 564.0 419.0 536.0 541.0 507.0 
619.0 642.0 510.0 454.0 426.0 520.0 715.0 
653.0 479.0 410.0 549.0 576.0 504.0 607.0 
501.0 488.0 542.0 487.0 574.0 511.0 481.0 
508.0 569.0 560.0 387.0 393.0 483.0 686.0 
573.0 275.0 406.0 573.0 525.0 465.0 580.0 
419.0 361.0 610.0 562.0 588.0 541.0 374.0 
478.0 665.0 722.0 597.0 483.0 514.0 566.0 
595.0 653.0 515.0 401.0 626.0 639.0 453.0 
489.0 553.0 548.0 555.0 580.0 570.0 471.0 
477.0 643.0 612.0 440.0 456.0 438.0 458.0 
670.0 494.0 310.0 595.0 574.0 387.0 476.0 
604.0 610.0 434.0 405.0 539.0 621.0 544.0 
324.0 399.0 545.0 461.0 456.0 531.0 470.0 
281.0 338.0 564.0 531.0 423.0 357.0 328.0 
503.0 523.0 317.0 379.0 443.0 354.0 388.0 
350.0 331.0 361.0 323.0 333.0 258.0 373.0 
463.0 180.0 257.0 459.0 352.0 356.0 337.0 
295.0 453.0 453.0 287.0 298.0 389.0 442.0 
469.0 395.0 281.0 306.0 414.0 458.0 415.0 
276.0 257.0 463.0 478.0 277.0 271.0 338.0 
402.0 443.0 355.0 392.0 426.0 371.0 436.0 
479.0 408.0 464.0 575.0 466.0 452.0 490.0 
453.0 526.0 461.0 334.0 377.0 469.0 439.0 
405.0 373.0 252.0 296.0 392.0 365.0 264.0 
266.0 371.0 280.0 249.0 343.0 303.0 265.0 
276.0 262.0 224.0 241.0 339.0 350.0 207.0 
209.0 283.0 156.0 234.0 363.0 227.0 185.0 
217.0 280.0 307.0 232.0 315.0 406.0 280.0 
267.0 437.0 406.0 341.0 399.0 361.0 361.0 
398.0 340.0 402.0 453.0 241.0 286.0 461.0 
246.0 194.0 375.0 374.0 244.0 134.0 148.0 
281.0 400.0 193.0 45.0 285.0 317.0 264.0 
293.0 148.0 232.0 436.0 295.0 134.0 237.0 
325.0 283.0 343.0 301.0 139.0 190.0 365.0 
463.0 287.0 186.0 345.0 343.0 296.0 342.0 
372.0 321.0 280.0 302.0 344.0 418.0 363.0 
271.0 312.0 476.0 404.0 222.0 442.0 452.0 
329.0 459.0 415.0 311.0 290.0 390.0 515.0 
408.0 275.0 278.0 338.0 460.0 436.0 253.0 
258.0 274.0 338.0 479.0 375.0 215.0 145.0 
285.0 378.0 270.0 251.0 232.0 304.0 339.0 
220.0 178.0 271.0 367.0 294.0 316.0 358.0 
198.0 188.0 327.0 370.0 334.0 241.0 226.0 
336.0 316.0 261.0 344.0 297.0 228.0 334.0 
334.0 261.0 279.0 229.0 213.0 327.0 260.0 
167.0 256.0 263.0 247.0 288.0 285.0 220.0 
227.0 336.0 320.0 294.0 241.0 201.0 331.0 
336.0 249.0 209.0 274.0 281.0 133.0 194.0 
331.0 314.0 148.0 119.0 294.0 250.0 276.0 
372.0 260.0 262.0 359.0 344.0 281.0 450.0 
520.0 211.0 249.0 436.0 352.0 415.0 381.0 
284.0 437.0 399.0 364.0 444.0 335.0 467.0 
597.0 458.0 346.0 289.0 562.0 675.0 422.0 
342.0 307.0 407.0 508.0 442.0 335.0 234.0 
345.0 354.0 293.0 345.0 268.0 201.0 255.0 
409.0 258.0 29.0 286.0 393.0 192.0 108.0 
175.0 247.0 230.0 221.0 126.0 150.0 298.0 
105.0 47.0 304.0 294.0 226.0 193.0 132.0 
244.0 300.0 320.0 325.0 272.0 337.0 241.0 
244.0 503.0 403.0 275.0 356.0 279.0 378.0 
575.0 370.0 266.0 407.0 389.0 404.0 451.0 
421.0 406.0 454.0 475.0 446.0 432.0 403.0 
463.0 534.0 481.0 278.0 327.0 551.0 363.0 
398.0 493.0 228.0 306.0 487.0 395.0 297.0 
421.0 556.0 399.0 275.0 420.0 496.0 445.0 
487.0 438.0 370.0 404.0 502.0 559.0 403.0 
365.0 377.0 420.0 483.0 346.0 375.0 350.0 
283.0 458.0 434.0 187.0 142.0 403.0 451.0 
270.0 310.0 303.0 166.0 311.0 486.0 327.0 
224.0 247.0 304.0 410.0 322.0 254.0 266.0 
231.0 381.0 477.0 242.0 146.0 398.0 440.0 
309.0 283.0 218.0 390.0 488.0 314.0 351.0 
267.0 150.0 367.0 492.0 415.0 306.0 268.0 
252.0 286.0 460.0 415.0 226.0 188.0 294.0 
415.0 295.0 231.0 327.0 331.0 339.0 301.0 
270.0 417.0 519.0 407.0 304.0 283.0 298.0 
445.0 525.0 396.0 264.0 350.0 476.0 340.0 
307.0 394.0 375.0 427.0 369.0 245.0 258.0 
363.0 467.0 276.0 202.0 363.0 268.0 367.0 
406.0 180.0 196.0 319.0 516.0 326.0 143.0 
399.0 297.0 264.0 429.0 391.0 308.0 237.0 
232.0 251.0 419.0 382.0 94.0 168.0 337.0 
262.0 171.0 175.0 310.0 350.0 154.0 145.0 
238.0 311.0 408.0 281.0 289.0 335.0 206.0 
254.0 398.0 455.0 231.0 189.0 373.0 295.0 
405.0 391.0 212.0 357.0 323.0 320.0 526.0 
395.0 280.0 474.0 416.0 265.0 438.0 486.0 
375.0 398.0 358.0 285.0 388.0 440.0 297.0 
280.0 337.0 275.0 287.0 365.0 282.0 168.0 
309.0 293.0 222.0 380.0 248.0 217.0 313.0 
290.0 379.0 248.0 213.0 406.0 394.0 220.0 
267.0 471.0 381.0 284.0 365.0 383.0 286.0 
305.0 398.0 410.0 440.0 234.0 226.0 426.0 
356.0 355.0 277.0 293.0 392.0 280.0 315.0 
324.0 353.0 407.0 165.0 154.0 441.0 406.0 
139.0 45.0 274.0 428.0 236.0 146.0 274.0 
382.0 185.0 114.0 442.0 418.0 145.0 155.0 
417.0 408.0 159.0 264.0 342.0 322.0 382.0 
279.0 240.0 367.0 458.0 360.0 306.0 411.0 
385.0 323.0 360.0 438.0 362.0 232.0 286.0 
327.0 356.0 360.0 276.0 185.0 255.0 350.0 
243.0 314.0 304.0 164.0 274.0 322.0 304.0 
245.0 246.0 290.0 221.0 293.0 314.0 231.0 
235.0 284.0 376.0 250.0 95.0 300.0 395.0 
222.0 212.0 266.0 205.0 218.0 321.0 298.0 
249.0 233.0 258.0 408.0 303.0 263.0 348.0 
146.0 325.0 575.0 331.0 181.0 339.0 402.0 
276.0 343.0 387.0 312.0 346.0 282.0 272.0 
449.0 428.0 262.0 293.0 368.0 353.0 339.0 
338.0 352.0 422.0 364.0 128.0 182.0 452.0 
453.0 272.0 161.0 245.0 399.0 321.0 230.0 
396.0 420.0 240.0 300.0 398.0 434.0 481.0 
203.0 176.0 500.0 451.0 337.0 324.0 366.0 
468.0 341.0 279.0 456.0 438.0 242.0 296.0 
582.0 589.0 250.0 121.0 417.0 608.0 467.0 
276.0 172.0 387.0 533.0 342.0 286.0 284.0 
251.0 254.0 278.0 396.0 381.0 140.0 92.0 
370.0 414.0 233.0 144.0 151.0 397.0 363.0 
98.0 175.0 258.0 298.0 274.0 181.0 206.0 
257.0 282.0 244.0 269.0 334.0 286.0 230.0 
312.0 524.0 451.0 207.0 308.0 466.0 505.0 
529.0 468.0 364.0 353.0 472.0 563.0 518.0 
464.0 506.0 455.0 359.0 464.0 590.0 480.0 
424.0 533.0 398.0 322.0 514.0 616.0 526.0 
394.0 416.0 394.0 472.0 610.0 469.0 422.0 
403.0 385.0 535.0 502.0 435.0 477.0 384.0 
296.0 431.0 524.0 410.0 415.0 387.0 212.0 
334.0 522.0 454.0 337.0 315.0 400.0 367.0 
306.0 409.0 390.0 274.0 306.0 349.0 264.0 
253.0 351.0 369.0 286.0 177.0 205.0 296.0 
352.0 354.0 260.0 206.0 175.0 207.0 359.0 
386.0 149.0 114.0 289.0 223.0 314.0 445.0 
242.0 74.0 209.0 449.0 376.0 278.0 422.0 
378.0 254.0 319.0 354.0 492.0 602.0 413.0 
372.0 430.0 363.0 458.0 646.0 605.0 389.0 
296.0 371.0 500.0 598.0 513.0 377.0 355.0 
340.0 458.0 559.0 515.0 485.0 398.0 429.0 
397.0 386.0 576.0 504.0 410.0 320.0 259.0 
414.0 445.0 492.0 405.0 157.0 269.0 520.0 
455.0 299.0 452.0 504.0 265.0 334.0 485.0 
458.0 492.0 449.0 417.0 445.0 403.0 416.0 
619.0 628.0 378.0 431.0 533.0 562.0 656.0 
622.0 517.0 470.0 626.0 656.0 526.0 599.0 
654.0 510.0 522.0 690.0 533.0 448.0 606.0 
627.0 564.0 426.0 438.0 567.0 512.0 492.0 
469.0 323.0 447.0 530.0 298.0 355.0 430.0 
316.0 434.0 366.0 251.0 484.0 425.0 264.0 
415.0 431.0 355.0 410.0 452.0 437.0 430.0 
345.0 349.0 488.0 389.0 439.0 581.0 400.0 
382.0 452.0 502.0 555.0 528.0 536.0 450.0 
513.0 649.0 603.0 559.0 562.0 621.0 602.0 
501.0 568.0 769.0 676.0 487.0 555.0 633.0 
648.0 578.0 647.0 689.0 515.0 521.0 544.0 
643.0 716.0 450.0 438.0 633.0 522.0 486.0 
505.0 438.0 505.0 429.0 417.0 537.0 465.0 
385.0 338.0 403.0 554.0 474.0 322.0 454.0 
580.0 442.0 432.0 596.0 531.0 488.0 624.0 
537.0 499.0 596.0 544.0 483.0 567.0 601.0 
445.0 496.0 513.0 463.0 632.0 554.0 467.0 
457.0 402.0 598.0 691.0 532.0 439.0 416.0 
466.0 646.0 702.0 513.0 405.0 546.0 603.0 
590.0 713.0 652.0 537.0 629.0 652.0 618.0 
506.0 520.0 771.0 649.0 547.0 538.0 356.0 
564.0 691.0 622.0 522.0 310.0 450.0 569.0 
523.0 524.0 390.0 394.0 474.0 469.0 571.0 
521.0 445.0 492.0 483.0 557.0 543.0 595.0 
702.0 546.0 465.0 652.0 696.0 550.0 736.0 
733.0 446.0 609.0 717.0 594.0 612.0 588.0 
574.0 639.0 612.0 498.0 556.0 702.0 522.0 
573.0 733.0 465.0 526.0 614.0 514.0 680.0 
593.0 367.0 489.0 651.0 541.0 444.0 479.0 
468.0 505.0 545.0 515.0 430.0 329.0 502.0 
730.0 469.0 256.0 478.0 495.0 403.0 487.0 
543.0 545.0 418.0 298.0 428.0 694.0 653.0 
426.0 429.0 495.0 676.0 673.0 494.0 565.0 
614.0 687.0 599.0 440.0 611.0 685.0 627.0 
596.0 457.0 370.0 542.0 742.0 648.0 442.0 
342.0 417.0 683.0 643.0 424.0 502.0 441.0 
487.0 664.0 535.0 540.0 596.0 520.0 502.0 
656.0 659.0 482.0 661.0 708.0 545.0 598.0 
515.0 489.0 697.0 619.0 447.0 480.0 483.0 
575.0 639.0 514.0 397.0 506.0 662.0 408.0 
453.0 666.0 414.0 466.0 472.0 386.0 565.0 
425.0 435.0 602.0 467.0 378.0 439.0 555.0 
583.0 547.0 512.0 512.0 594.0 646.0 582.0 
461.0 573.0 702.0 556.0 522.0 617.0 579.0 
546.0 593.0 518.0 505.0 664.0 557.0 480.0 
619.0 521.0 511.0 712.0 671.0 500.0 539.0 
619.0 622.0 610.0 611.0 630.0 535.0 595.0 
583.0 457.0 648.0 661.0 492.0 459.0 511.0 
561.0 444.0 434.0 602.0 576.0 412.0 420.0 
453.0 420.0 582.0 555.0 368.0 475.0 471.0 
473.0 567.0 491.0 538.0 573.0 441.0 455.0 
669.0 707.0 474.0 451.0 667.0 660.0 530.0 
562.0 737.0 727.0 517.0 534.0 545.0 693.0 
781.0 548.0 657.0 568.0 424.0 641.0 698.0 
670.0 620.0 543.0 453.0 564.0 723.0 678.0 
585.0 535.0 590.0 558.0 578.0 627.0 602.0 
616.0 514.0 508.0 503.0 476.0 635.0 592.0 
547.0 559.0 273.0 389.0 852.0 655.0 460.0 
538.0 383.0 604.0 705.0 592.0 551.0 296.0 
696.0 683.0 249.0 703.0 559.0 351.0 649.0 
566.0 621.0 532.0 512.0 660.0 573.0 653.0 
693.0 671.0 576.0 667.0 748.0 489.0 764.0 
693.0 556.0 956.0 519.0 487.0 805.0 749.0 
994.0 549.0 533.0 951.0 634.0 804.0 802.0 
729.0 734.0 473.0 862.0 767.0 572.0 694.0 
529.0 787.0 539.0 315.0 766.0 662.0 463.0 
559.0 523.0 418.0 555.0 653.0 433.0 463.0 
580.0 466.0 429.0 470.0 584.0 543.0 390.0 
535.0 545.0 404.0 527.0 554.0 361.0 507.0 
706.0 365.0 304.0 533.0 521.0 630.0 582.0 
405.0 516.0 644.0 587.0 617.0 754.0 674.0 
549.0 638.0 790.0 761.0 704.0 807.0 769.0 
747.0 790.0 896.0 928.0 678.0 889.0 970.0 
744.0 985.0 932.0 707.0 926.0 966.0 703.0 
850.0 1023.0 752.0 689.0 864.0 769.0 751.0 
734.0 706.0 888.0 587.0 564.0 726.0 619.0 
796.0 617.0 463.0 450.0 568.0 642.0 505.0 
618.0 396.0 529.0 574.0 307.0 715.0 653.0 
442.0 589.0 616.0 502.0 547.0 827.0 613.0 
486.0 607.0 608.0 726.0 853.0 572.0 321.0 
852.0 758.0 453.0 674.0 554.0 707.0 720.0 
483.0 667.0 746.0 563.0 710.0 706.0 607.0 
713.0 592.0 991.0 741.0 451.0 951.0 676.0 
716.0 872.0 861.0 699.0 628.0 964.0 806.0 
971.0 809.0 569.0 1012.0 902.0 712.0 955.0 
876.0 755.0 917.0 760.0 901.0 876.0 586.0 
888.0 1005.0 684.0 655.0 986.0 566.0 832.0 
1134.0 302.0 710.0 970.0 848.0 807.0 444.0 
733.0 776.0 823.0 888.0 750.0 724.0 599.0 
782.0 877.0 877.0 791.0 615.0 806.0 943.0 
741.0 598.0 872.0 862.0 907.0 905.0 357.0 
765.0 1087.0 771.0 757.0 706.0 745.0 774.0 
918.0 917.0 847.0 676.0 671.0 1019.0 928.0 
1017.0 920.0 582.0 677.0 1030.0 1090.0 694.0 
812.0 760.0 649.0 873.0 783.0 734.0 701.0 
784.0 633.0 672.0 789.0 625.0 836.0 651.0 
682.0 776.0 568.0 747.0 752.0 726.0 741.0 
807.0 580.0 625.0 935.0 681.0 922.0 804.0 
464.0 746.0 848.0 910.0 783.0 675.0 597.0 
822.0 1042.0 788.0 776.0 699.0 864.0 988.0 
821.0 884.0 698.0 730.0 930.0 882.0 867.0 
744.0 810.0 870.0 781.0 960.0 885.0 709.0 
817.0 918.0 964.0 841.0 774.0 856.0 1057.0 
1016.0 737.0 894.0 975.0 1020.0 1145.0 987.0 
918.0 940.0 997.0 1058.0 1087.0 1026.0 975.0 
1036.0 913.0 887.0 1005.0 980.0 1087.0 999.0 
699.0 805.0 943.0 969.0 941.0 797.0 895.0 
860.0 701.0 860.0 896.0 880.0 951.0 744.0 
657.0 837.0 877.0 868.0 943.0 917.0 712.0 
623.0 768.0 862.0 917.0 898.0 732.0 650.0 
617.0 801.0 1001.0 882.0 789.0 738.0 751.0 
768.0 863.0 999.0 976.0 865.0 654.0 754.0 
893.0 960.0 1143.0 934.0 627.0 694.0 901.0 
898.0 1015.0 1051.0 694.0 692.0 868.0 957.0 
1024.0 977.0 952.0 845.0 832.0 939.0 1055.0 
1122.0 998.0 809.0 862.0 977.0 938.0 1164.0 
1156.0 841.0 757.0 805.0 1093.0 1322.0 1185.0 
880.0 859.0 919.0 1041.0 1306.0 1098.0 963.0 
983.0 894.0 968.0 1066.0 1133.0 945.0 961.0 
919.0 707.0 982.0 987.0 1027.0 1029.0 747.0 
719.0 728.0 1020.0 1135.0 987.0 768.0 583.0 
772.0 920.0 1095.0 1026.0 736.0 783.0 755.0 
779.0 1103.0 998.0 769.0 791.0 694.0 839.0 
933.0 776.0 914.0 861.0 526.0 651.0 800.0 
774.0 872.0 727.0 608.0 712.0 707.0 674.0 
820.0 932.0 807.0 659.0 659.0 835.0 920.0 
907.0 969.0 762.0 695.0 976.0 860.0 964.0 
1186.0 789.0 731.0 860.0 1005.0 1255.0 1007.0 
856.0 908.0 971.0 1038.0 1048.0 1136.0 959.0 
923.0 1006.0 963.0 1058.0 1065.0 1067.0 1030.0 
1024.0 907.0 790.0 1091.0 1167.0 1026.0 981.0 
780.0 729.0 972.0 1078.0 1011.0 886.0 701.0 
712.0 891.0 961.0 963.0 832.0 656.0 743.0 
733.0 694.0 822.0 767.0 691.0 666.0 521.0 
486.0 704.0 776.0 724.0 627.0 451.0 492.0 
532.0 727.0 782.0 589.0 637.0 517.0 586.0 
722.0 618.0 716.0 794.0 656.0 468.0 628.0 
796.0 769.0 720.0 710.0 755.0 551.0 632.0 
868.0 887.0 864.0 699.0 649.0 771.0 990.0 
900.0 807.0 944.0 759.0 813.0 940.0 868.0 
1034.0 936.0 734.0 873.0 997.0 834.0 821.0 
1101.0 876.0 675.0 746.0 823.0 1132.0 905.0 
628.0 774.0 849.0 793.0 816.0 938.0 730.0 
804.0 778.0 543.0 821.0 744.0 742.0 774.0 
495.0 614.0 656.0 717.0 803.0 590.0 514.0 
565.0 603.0 754.0 770.0 538.0 619.0 715.0 
604.0 714.0 603.0 596.0 846.0 606.0 547.0 
675.0 528.0 688.0 739.0 596.0 629.0 537.0 
579.0 765.0 685.0 626.0 689.0 632.0 699.0 
745.0 737.0 717.0 609.0 825.0 869.0 595.0 
608.0 793.0 885.0 801.0 736.0 627.0 620.0 
868.0 873.0 732.0 761.0 793.0 693.0 723.0 
885.0 827.0 793.0 856.0 744.0 724.0 826.0 
779.0 855.0 931.0 799.0 764.0 758.0 824.0 
877.0 825.0 821.0 720.0 759.0 763.0 637.0 
799.0 848.0 732.0 694.0 578.0 624.0 842.0 
741.0 705.0 825.0 537.0 517.0 761.0 800.0 
830.0 716.0 628.0 565.0 642.0 775.0 597.0 
542.0 690.0 655.0 482.0 475.0 469.0 516.0 
622.0 449.0 437.0 449.0 436.0 534.0 538.0 
605.0 353.0 391.0 643.0 475.0 674.0 605.0 
269.0 434.0 597.0 696.0 648.0 385.0 381.0 
719.0 700.0 414.0 506.0 696.0 807.0 684.0 
489.0 603.0 754.0 834.0 801.0 676.0 609.0 
715.0 864.0 761.0 694.0 724.0 608.0 703.0 
826.0 575.0 603.0 861.0 633.0 510.0 704.0 
603.0 618.0 757.0 586.0 519.0 636.0 686.0 
680.0 670.0 629.0 663.0 695.0 577.0 672.0 
735.0 557.0 696.0 835.0 616.0 501.0 632.0 
699.0 691.0 771.0 651.0 359.0 492.0 823.0 
788.0 533.0 376.0 467.0 551.0 643.0 627.0 
400.0 519.0 577.0 413.0 477.0 504.0 502.0 
624.0 610.0 486.0 346.0 362.0 768.0 882.0 
560.0 360.0 358.0 551.0 752.0 769.0 592.0 
514.0 500.0 436.0 596.0 686.0 623.0 505.0 
417.0 623.0 554.0 443.0 697.0 556.0 541.0 
663.0 397.0 593.0 703.0 604.0 761.0 425.0 
340.0 577.0 606.0 717.0 492.0 388.0 361.0 
409.0 663.0 483.0 549.0 419.0 212.0 687.0 
673.0 485.0 553.0 465.0 499.0 590.0 684.0 
659.0 552.0 551.0 590.0 684.0 580.0 604.0 
756.0 539.0 545.0 627.0 558.0 681.0 775.0 
707.0 387.0 536.0 775.0 455.0 681.0 839.0 
590.0 405.0 282.0 688.0 876.0 639.0 356.0 
451.0 726.0 419.0 651.0 946.0 520.0 294.0 
386.0 940.0 904.0 376.0 637.0 659.0 528.0 
585.0 598.0 884.0 685.0 454.0 663.0 653.0 
606.0 572.0 681.0 729.0 599.0 583.0 521.0 
557.0 556.0 643.0 748.0 494.0 378.0 578.0 
806.0 610.0 429.0 587.0 589.0 692.0 628.0 
415.0 535.0 658.0 649.0 488.0 475.0 651.0 
564.0 570.0 666.0 599.0 548.0 443.0 539.0 
688.0 642.0 517.0 475.0 652.0 522.0 458.0 
648.0 585.0 580.0 547.0 552.0 585.0 594.0 
735.0 621.0 574.0 601.0 526.0 723.0 782.0 
609.0 480.0 455.0 546.0 615.0 661.0 593.0 
587.0 397.0 327.0 781.0 669.0 576.0 730.0 
515.0 607.0 540.0 611.0 888.0 592.0 578.0 
602.0 502.0 683.0 637.0 718.0 714.0 506.0 
559.0 585.0 729.0 788.0 656.0 607.0 596.0 
664.0 704.0 811.0 672.0 585.0 787.0 639.0 
643.0 690.0 764.0 848.0 530.0 609.0 716.0 
738.0 779.0 620.0 684.0 568.0 625.0 687.0 
582.0 911.0 698.0 358.0 645.0 784.0 789.0 
719.0 603.0 607.0 655.0 751.0 684.0 654.0 
741.0 632.0 621.0 791.0 660.0 343.0 664.0 
846.0 449.0 504.0 502.0 456.0 515.0 513.0 
608.0 303.0 415.0 617.0 387.0 501.0 394.0 
550.0 688.0 430.0 566.0 376.0 523.0 732.0 
448.0 593.0 378.0 469.0 732.0 427.0 547.0 
452.0 446.0 692.0 564.0 600.0 540.0 535.0 
649.0 701.0 795.0 571.0 602.0 759.0 749.0 
849.0 540.0 527.0 931.0 896.0 637.0 598.0 
795.0 624.0 660.0 955.0 778.0 611.0 474.0 
704.0 948.0 779.0 686.0 571.0 781.0 759.0 
633.0 836.0 738.0 710.0 598.0 685.0 818.0 
570.0 578.0 577.0 707.0 652.0 426.0 614.0 
613.0 670.0 580.0 401.0 671.0 627.0 570.0 
569.0 538.0 703.0 538.0 492.0 505.0 595.0 
709.0 360.0 533.0 665.0 362.0 507.0 583.0 
531.0 377.0 432.0 763.0 507.0 388.0 524.0 
446.0 561.0 542.0 607.0 656.0 322.0 345.0 
685.0 763.0 494.0 467.0 639.0 578.0 613.0 
592.0 722.0 703.0 505.0 835.0 761.0 606.0 
769.0 751.0 968.0 826.0 551.0 690.0 840.0 
987.0 842.0 620.0 644.0 823.0 818.0 712.0 
924.0 754.0 604.0 716.0 673.0 856.0 638.0 
597.0 750.0 548.0 653.0 479.0 689.0 782.0 
317.0 644.0 598.0 552.0 677.0 450.0 729.0 
538.0 440.0 615.0 499.0 839.0 600.0 331.0 
648.0 590.0 556.0 550.0 619.0 636.0 518.0 
469.0 424.0 774.0 686.0 387.0 580.0 566.0 
575.0 491.0 573.0 746.0 467.0 367.0 484.0 
828.0 762.0 289.0 440.0 639.0 750.0 654.0 
449.0 626.0 620.0 652.0 687.0 645.0 710.0 
638.0 721.0 715.0 700.0 628.0 528.0 948.0 
875.0 525.0 515.0 534.0 855.0 826.0 712.0 
664.0 432.0 644.0 721.0 780.0 802.0 567.0 
637.0 725.0 911.0 766.0 600.0 915.0 735.0 
748.0 846.0 577.0 725.0 728.0 806.0 849.0 
464.0 543.0 777.0 753.0 586.0 573.0 654.0 
589.0 701.0 595.0 569.0 614.0 478.0 713.0 
612.0 522.0 647.0 444.0 600.0 704.0 542.0 
466.0 537.0 680.0 498.0 455.0 499.0 542.0 
606.0 378.0 579.0 634.0 303.0 539.0 586.0 
565.0 604.0 353.0 553.0 598.0 484.0 624.0 
611.0 561.0 433.0 613.0 661.0 565.0 746.0 
607.0 581.0 668.0 720.0 712.0 618.0 758.0 
754.0 718.0 700.0 795.0 821.0 652.0 813.0 
757.0 783.0 840.0 652.0 958.0 767.0 545.0 
827.0 653.0 784.0 761.0 599.0 756.0 482.0 
655.0 795.0 653.0 718.0 440.0 675.0 753.0 
599.0 768.0 562.0 796.0 801.0 494.0 642.0 
757.0 897.0 644.0 604.0 803.0 671.0 757.0 
785.0 814.0 691.0 540.0 740.0 802.0 827.0 
620.0 557.0 793.0 637.0 619.0 596.0 613.0 
705.0 441.0 617.0 616.0 340.0 489.0 581.0 
712.0 499.0 313.0 487.0 484.0 691.0 582.0 
381.0 505.0 430.0 586.0 652.0 545.0 399.0 
378.0 668.0 486.0 583.0 675.0 439.0 615.0 
379.0 479.0 727.0 581.0 738.0 525.0 528.0 
629.0 534.0 739.0 682.0 787.0 599.0 391.0 
747.0 595.0 706.0 844.0 586.0 544.0 421.0 
732.0 905.0 647.0 564.0 515.0 674.0 654.0 
740.0 909.0 671.0 603.0 614.0 712.0 798.0 
830.0 770.0 530.0 797.0 766.0 563.0 777.0 
690.0 822.0 744.0 571.0 746.0 650.0 764.0 
698.0 710.0 765.0 413.0 678.0 709.0 633.0 
706.0 415.0 716.0 653.0 493.0 777.0 513.0 
577.0 698.0 520.0 576.0 597.0 604.0 479.0 
492.0 663.0 642.0 494.0 374.0 589.0 628.0 
490.0 557.0 421.0 437.0 601.0 496.0 406.0 
604.0 574.0 265.0 598.0 667.0 389.0 611.0 
437.0 470.0 642.0 394.0 627.0 677.0 459.0 
404.0 458.0 687.0 563.0 592.0 659.0 471.0 
549.0 435.0 654.0 873.0 520.0 648.0 644.0 
529.0 708.0 614.0 716.0 702.0 594.0 634.0 
604.0 710.0 625.0 709.0 627.0 426.0 667.0 
600.0 671.0 690.0 506.0 597.0 524.0 568.0 
661.0 651.0 563.0 471.0 560.0 592.0 640.0 
448.0 472.0 679.0 453.0 522.0 502.0 455.0 
652.0 493.0 494.0 505.0 478.0 560.0 513.0 
640.0 505.0 395.0 493.0 474.0 712.0 563.0 
479.0 572.0 378.0 655.0 608.0 416.0 468.0 
421.0 626.0 516.0 433.0 426.0 328.0 598.0 
555.0 425.0 400.0 354.0 552.0 564.0 590.0 
402.0 198.0 570.0 585.0 567.0 537.0 270.0 
473.0 564.0 621.0 505.0 399.0 710.0 551.0 
545.0 533.0 479.0 778.0 540.0 507.0 543.0 
431.0 633.0 510.0 605.0 678.0 367.0 381.0 
475.0 615.0 659.0 444.0 396.0 450.0 368.0 
445.0 659.0 443.0 302.0 403.0 313.0 509.0 
560.0 394.0 407.0 305.0 468.0 473.0 398.0 
602.0 489.0 487.0 404.0 439.0 619.0 455.0 
647.0 520.0 358.0 499.0 357.0 594.0 547.0 
413.0 451.0 284.0 608.0 592.0 359.0 495.0 
539.0 546.0 371.0 508.0 582.0 434.0 600.0 
499.0 476.0 468.0 440.0 555.0 551.0 702.0 
451.0 364.0 675.0 578.0 636.0 516.0 390.0 
661.0 616.0 527.0 474.0 553.0 550.0 346.0 
600.0 628.0 451.0 426.0 444.0 555.0 327.0 
491.0 618.0 306.0 393.0 320.0 451.0 533.0 
320.0 477.0 309.0 280.0 472.0 470.0 458.0 
259.0 487.0 499.0 317.0 530.0 320.0 421.0 
584.0 451.0 370.0 87.0 416.0 600.0 382.0 
338.0 143.0 296.0 337.0 299.0 380.0 241.0 
309.0 226.0 250.0 430.0 327.0 346.0 330.0 
325.0 281.0 361.0 592.0 360.0 332.0 393.0 
271.0 455.0 562.0 444.0 243.0 489.0 505.0 
127.0 586.0 598.0 349.0 640.0 383.0 379.0 
544.0 549.0 665.0 441.0 508.0 414.0 399.0 
800.0 444.0 452.0 585.0 245.0 500.0 593.0 
526.0 475.0 381.0 438.0 413.0 593.0 399.0 
377.0 648.0 331.0 398.0 570.0 425.0 442.0 
529.0 546.0 479.0 526.0 428.0 565.0 744.0 
411.0 502.0 566.0 438.0 635.0 565.0 564.0 
475.0 372.0 492.0 323.0 560.0 661.0 319.0 
255.0 292.0 598.0 469.0 253.0 396.0 335.0 
455.0 310.0 320.0 417.0 200.0 386.0 414.0 
362.0 161.0 166.0 483.0 249.0 367.0 275.0 
14.0 341.0 317.0 468.0 336.0 -11.0 384.0 
394.0 391.0 528.0 289.0 229.0 205.0 615.0 
696.0 171.0 270.0 369.0 548.0 561.0 308.0 
386.0 279.0 592.0 715.0 367.0 393.0 386.0 
553.0 579.0 551.0 556.0 394.0 464.0 394.0 
626.0 686.0 311.0 428.0 476.0 555.0 516.0 
295.0 481.0 529.0 488.0 451.0 274.0 332.0 
546.0 573.0 433.0 377.0 286.0 247.0 528.0 
589.0 437.0 378.0 158.0 302.0 640.0 502.0 
332.0 340.0 247.0 245.0 570.0 525.0 305.0 
323.0 242.0 465.0 405.0 316.0 617.0 390.0 
315.0 316.0 427.0 577.0 227.0 581.0 555.0 
208.0 494.0 359.0 662.0 684.0 274.0 432.0 
410.0 670.0 632.0 470.0 650.0 384.0 531.0 
546.0 555.0 832.0 350.0 433.0 660.0 405.0 
551.0 536.0 521.0 499.0 453.0 466.0 459.0 
628.0 418.0 454.0 576.0 427.0 605.0 458.0 
535.0 636.0 418.0 573.0 492.0 647.0 714.0 
451.0 579.0 484.0 549.0 561.0 497.0 820.0 
565.0 270.0 413.0 571.0 654.0 622.0 661.0 
370.0 329.0 613.0 588.0 776.0 521.0 300.0 
552.0 477.0 596.0 527.0 486.0 519.0 323.0 
579.0 446.0 283.0 609.0 624.0 451.0 257.0 
410.0 456.0 339.0 568.0 399.0 203.0 174.0 
208.0 518.0 403.0 277.0 174.0 -13.0 303.0 
481.0 428.0 310.0 203.0 262.0 260.0 445.0 
445.0 396.0 505.0 296.0 257.0 311.0 441.0 
596.0 448.0 430.0 281.0 323.0 580.0 503.0 
595.0 522.0 459.0 508.0 390.0 677.0 751.0 
576.0 424.0 423.0 775.0 634.0 507.0 600.0 
452.0 549.0 559.0 462.0 580.0 569.0 413.0 
390.0 496.0 483.0 485.0 411.0 341.0 508.0 
439.0 481.0 493.0 320.0 390.0 302.0 556.0 
628.0 315.0 366.0 215.0 576.0 703.0 208.0 
439.0 464.0 525.0 497.0 250.0 668.0 557.0 
397.0 453.0 336.0 521.0 400.0 472.0 488.0 
331.0 454.0 268.0 446.0 473.0 277.0 460.0 
339.0 480.0 452.0 314.0 530.0 371.0 431.0 
467.0 469.0 587.0 389.0 462.0 408.0 424.0 
575.0 411.0 567.0 445.0 314.0 541.0 408.0 
405.0 520.0 615.0 454.0 207.0 439.0 530.0 
635.0 565.0 344.0 425.0 380.0 595.0 683.0 
556.0 433.0 259.0 665.0 660.0 451.0 564.0 
445.0 648.0 529.0 471.0 726.0 460.0 517.0 
578.0 633.0 641.0 335.0 610.0 620.0 528.0 
670.0 463.0 570.0 533.0 533.0 760.0 599.0 
516.0 470.0 665.0 672.0 510.0 760.0 466.0 
424.0 655.0 443.0 604.0 527.0 392.0 582.0 
463.0 363.0 460.0 546.0 463.0 449.0 481.0 
389.0 554.0 523.0 360.0 438.0 401.0 486.0 
478.0 409.0 394.0 353.0 443.0 291.0 434.0 
509.0 364.0 515.0 225.0 348.0 546.0 479.0 
739.0 265.0 217.0 441.0 380.0 853.0 473.0 
163.0 327.0 317.0 598.0 343.0 437.0 544.0 
236.0 461.0 349.0 508.0 629.0 411.0 618.0 
425.0 466.0 635.0 666.0 840.0 552.0 616.0 
657.0 606.0 866.0 751.0 848.0 721.0 508.0 
664.0 772.0 1023.0 712.0 601.0 793.0 635.0 
804.0 747.0 790.0 763.0 500.0 749.0 719.0 
703.0 655.0 457.0 759.0 703.0 461.0 429.0 
501.0 722.0 531.0 370.0 358.0 401.0 586.0 
480.0 390.0 299.0 449.0 515.0 270.0 525.0 
443.0 381.0 477.0 276.0 625.0 468.0 272.0 
568.0 412.0 442.0 390.0 418.0 497.0 279.0 
477.0 566.0 494.0 426.0 270.0 468.0 687.0 
679.0 474.0 415.0 576.0 507.0 692.0 765.0 
475.0 572.0 644.0 633.0 652.0 723.0 772.0 
490.0 733.0 908.0 605.0 739.0 710.0 784.0 
814.0 576.0 853.0 804.0 713.0 879.0 745.0 
846.0 818.0 695.0 843.0 849.0 912.0 850.0 
644.0 823.0 823.0 754.0 919.0 688.0 631.0 
770.0 716.0 883.0 650.0 375.0 738.0 812.0 
669.0 596.0 478.0 679.0 644.0 466.0 641.0 
469.0 421.0 647.0 435.0 428.0 485.0 286.0 
442.0 612.0 393.0 282.0 476.0 456.0 449.0 
564.0 305.0 390.0 532.0 303.0 598.0 589.0 
194.0 392.0 555.0 504.0 521.0 525.0 449.0 
405.0 624.0 719.0 544.0 462.0 529.0 690.0 
684.0 504.0 561.0 689.0 605.0 556.0 651.0 
732.0 664.0 531.0 696.0 864.0 654.0 560.0 
677.0 763.0 739.0 666.0 702.0 679.0 669.0 
655.0 605.0 697.0 695.0 682.0 677.0 571.0 
651.0 706.0 635.0 646.0 657.0 715.0 652.0 
500.0 712.0 821.0 586.0 567.0 694.0 812.0 
707.0 535.0 726.0 832.0 684.0 563.0 726.0 
866.0 631.0 569.0 720.0 658.0 517.0 580.0 
705.0 651.0 454.0 486.0 630.0 526.0 523.0 
597.0 562.0 532.0 541.0 603.0 615.0 557.0 
508.0 614.0 647.0 532.0 581.0 536.0 531.0 
676.0 590.0 519.0 614.0 671.0 602.0 589.0 
546.0 487.0 739.0 748.0 530.0 584.0 547.0 
490.0 726.0 687.0 504.0 765.0 622.0 320.0 
640.0 714.0 472.0 455.0 598.0 597.0 501.0 
431.0 301.0 643.0 781.0 294.0 399.0 591.0 
530.0 635.0 550.0 526.0 540.0 537.0 593.0 
518.0 553.0 604.0 547.0 617.0 585.0 409.0 
597.0 775.0 615.0 502.0 498.0 698.0 886.0 
698.0 435.0 509.0 738.0 890.0 881.0 492.0 
361.0 754.0 780.0 726.0 847.0 538.0 510.0 
798.0 655.0 790.0 889.0 521.0 583.0 762.0 
663.0 634.0 737.0 700.0 417.0 485.0 703.0 
562.0 505.0 521.0 483.0 588.0 539.0 319.0 
483.0 779.0 509.0 315.0 402.0 275.0 590.0 
736.0 358.0 358.0 177.0 194.0 636.0 496.0 
258.0 196.0 205.0 312.0 271.0 338.0 276.0 
192.0 362.0 204.0 142.0 385.0 374.0 346.0 
281.0 171.0 321.0 472.0 404.0 329.0 421.0 
367.0 231.0 399.0 492.0 492.0 512.0 308.0 
376.0 525.0 415.0 622.0 645.0 352.0 461.0 
642.0 613.0 552.0 596.0 613.0 545.0 529.0 
524.0 612.0 553.0 406.0 428.0 451.0 490.0 
408.0 401.0 413.0 247.0 437.0 454.0 195.0 
355.0 415.0 378.0 359.0 230.0 344.0 344.0 
327.0 395.0 187.0 173.0 226.0 289.0 488.0 
170.0 -15.0 183.0 231.0 370.0 185.0 169.0 
325.0 34.0 220.0 315.0 195.0 408.0 230.0 
161.0 258.0 206.0 343.0 386.0 286.0 158.0 
221.0 332.0 234.0 337.0 362.0 213.0 276.0 
260.0 245.0 415.0 373.0 255.0 350.0 270.0 
197.0 405.0 312.0 132.0 250.0 221.0 142.0 
279.0 354.0 209.0 120.0 194.0 171.0 189.0 
345.0 346.0 244.0 185.0 114.0 256.0 519.0 
350.0 197.0 351.0 274.0 327.0 484.0 316.0 
314.0 350.0 309.0 425.0 393.0 418.0 446.0 
277.0 315.0 399.0 413.0 437.0 352.0 324.0 
323.0 259.0 319.0 396.0 344.0 329.0 281.0 
262.0 324.0 229.0 252.0 393.0 400.0 312.0 
132.0 205.0 431.0 404.0 291.0 241.0 225.0 
249.0 374.0 315.0 174.0 265.0 170.0 130.0 
380.0 436.0 238.0 64.0 204.0 352.0 338.0 
374.0 217.0 119.0 288.0 323.0 261.0 228.0 
265.0 220.0 241.0 444.0 170.0 32.0 358.0 
328.0 329.0 271.0 71.0 228.0 319.0 357.0 
358.0 155.0 204.0 222.0 234.0 464.0 346.0 
230.0 204.0 216.0 496.0 362.0 193.0 273.0 
257.0 361.0 320.0 281.0 309.0 233.0 381.0 
451.0 263.0 144.0 278.0 503.0 384.0 247.0 
355.0 318.0 310.0 425.0 393.0 266.0 305.0 
462.0 389.0 316.0 416.0 352.0 243.0 367.0 
427.0 388.0 425.0 274.0 280.0 442.0 318.0 
302.0 425.0 394.0 237.0 215.0 344.0 401.0 
380.0 177.0 98.0 253.0 323.0 332.0 189.0 
152.0 239.0 181.0 238.0 199.0 206.0 362.0 
215.0 109.0 250.0 358.0 202.0 67.0 274.0 
300.0 175.0 116.0 117.0 355.0 235.0 -13.0 
185.0 186.0 106.0 235.0 269.0 206.0 123.0 
125.0 234.0 372.0 293.0 82.0 151.0 318.0 
381.0 291.0 123.0 182.0 314.0 315.0 197.0 
108.0 222.0 270.0 226.0 191.0 120.0 129.0 
137.0 255.0 291.0 156.0 203.0 126.0 157.0 
280.0 138.0 129.0 183.0 269.0 191.0 69.0 
117.0 106.0 294.0 173.0 -16.0 166.0 104.0 
162.0 196.0 55.0 141.0 109.0 230.0 272.0 
46.0 197.0 160.0 168.0 379.0 199.0 182.0 
148.0 188.0 357.0 190.0 217.0 210.0 167.0 
279.0 170.0 238.0 182.0 31.0 296.0 201.0 
67.0 128.0 39.0 284.0 170.0 -77.0 92.0 
27.0 74.0 139.0 26.0 9.0 -43.0 -31.0 
41.0 72.0 -24.0 -144.0 4.0 66.0 -25.0 
44.0 -7.0 -36.0 58.0 47.0 116.0 112.0 
31.0 100.0 92.0 48.0 104.0 67.0 15.0 
75.0 150.0 70.0 -47.0 113.0 243.0 97.0 
-48.0 78.0 265.0 177.0 154.0 149.0 89.0 
152.0 111.0 203.0 309.0 82.0 8.0 230.0 
268.0 75.0 96.0 323.0 284.0 80.0 128.0 
262.0 240.0 165.0 163.0 222.0 224.0 237.0 
187.0 138.0 224.0 150.0 123.0 297.0 353.0 
155.0 25.0 232.0 288.0 166.0 242.0 303.0 
134.0 22.0 207.0 318.0 254.0 213.0 71.0 
124.0 290.0 204.0 211.0 221.0 163.0 130.0 
141.0 184.0 85.0 177.0 208.0 104.0 122.0 
-61.0 -19.0 287.0 293.0 113.0 -10.0 -40.0 
167.0 325.0 113.0 100.0 141.0 64.0 159.0 
103.0 107.0 175.0 118.0 186.0 80.0 -22.0 
156.0 156.0 126.0 188.0 78.0 -6.0 101.0 
201.0 139.0 209.0 238.0 -79.0 -36.0 277.0 
336.0 335.0 135.0 2.0 219.0 325.0 312.0 
321.0 306.0 292.0 211.0 246.0 380.0 358.0 
329.0 288.0 236.0 211.0 204.0 362.0 347.0 
191.0 266.0 293.0 283.0 266.0 210.0 358.0 
380.0 182.0 106.0 201.0 338.0 298.0 207.0 
136.0 79.0 225.0 263.0 111.0 195.0 288.0 
142.0 125.0 141.0 141.0 329.0 266.0 68.0 
167.0 264.0 263.0 272.0 196.0 186.0 321.0 
239.0 166.0 361.0 285.0 152.0 369.0 386.0 
82.0 67.0 419.0 421.0 178.0 144.0 77.0 
307.0 444.0 84.0 137.0 383.0 334.0 259.0 
242.0 312.0 355.0 398.0 502.0 380.0 217.0 
335.0 456.0 561.0 585.0 386.0 273.0 362.0 
548.0 559.0 501.0 452.0 370.0 536.0 550.0 
493.0 544.0 404.0 421.0 637.0 616.0 365.0 
421.0 556.0 449.0 511.0 495.0 310.0 415.0 
567.0 416.0 412.0 458.0 316.0 406.0 403.0 
379.0 500.0 348.0 326.0 362.0 403.0 510.0 
348.0 349.0 354.0 405.0 491.0 300.0 487.0 
366.0 161.0 541.0 391.0 408.0 474.0 133.0 
405.0 412.0 313.0 551.0 370.0 363.0 443.0 
396.0 475.0 442.0 570.0 570.0 409.0 556.0 
537.0 493.0 583.0 567.0 679.0 672.0 511.0 
491.0 609.0 724.0 620.0 532.0 569.0 632.0 
687.0 505.0 541.0 782.0 622.0 542.0 635.0 
658.0 764.0 664.0 444.0 579.0 856.0 711.0 
433.0 536.0 700.0 664.0 592.0 558.0 594.0 
611.0 539.0 574.0 602.0 575.0 613.0 479.0 
442.0 