59.0 52.0 93.0 112.0 93.0 120.0 122.0 
129.0 132.0 120.0 146.0 146.0 141.0 128.0 
122.0 135.0 117.0 120.0 121.0 114.0 112.0 
99.0 127.0 135.0 117.0 106.0 87.0 89.0 
102.0 88.0 79.0 77.0 80.0 88.0 59.0 
58.0 44.0 38.0 50.0 40.0 64.0 46.0 
31.0 31.0 16.0 21.0 16.0 12.0 -2.0 
8.0 -15.0 -46.0 -22.0 -49.0 -17.0 -8.0 
-59.0 -43.0 -68.0 -56.0 -32.0 -52.0 -18.0 
-18.0 -29.0 -10.0 -22.0 10.0 32.0 20.0 
56.0 46.0 50.0 74.0 60.0 88.0 84.0 
91.0 113.0 90.0 105.0 107.0 109.0 118.0 
109.0 115.0 118.0 128.0 108.0 105.0 99.0 
78.0 96.0 76.0 96.0 104.0 85.0 90.0 
56.0 56.0 45.0 39.0 52.0 40.0 45.0 
37.0 33.0 38.0 44.0 58.0 71.0 72.0 
71.0 68.0 65.0 62.0 51.0 62.0 63.0 
60.0 65.0 44.0 41.0 43.0 55.0 65.0 
41.0 42.0 42.0 39.0 45.0 26.0 7.0 
12.0 31.0 12.0 -4.0 -12.0 -30.0 -7.0 
-21.0 -32.0 -24.0 -26.0 -9.0 -13.0 6.0 
2.0 -7.0 -20.0 -22.0 31.0 30.0 38.0 
27.0 12.0 40.0 23.0 25.0 27.0 47.0 
90.0 85.0 74.0 62.0 76.0 95.0 88.0 
100.0 98.0 98.0 110.0 84.0 66.0 66.0 
67.0 72.0 72.0 63.0 51.0 64.0 71.0 
78.0 100.0 83.0 63.0 65.0 82.0 84.0 
70.0 66.0 53.0 53.0 49.0 38.0 52.0 
36.0 37.0 58.0 35.0 46.0 39.0 36.0 
45.0 36.0 51.0 34.0 46.0 55.0 30.0 
52.0 39.0 47.0 49.0 17.0 49.0 27.0 
43.0 61.0 35.0 77.0 58.0 55.0 52.0 
35.0 70.0 62.0 99.0 91.0 66.0 94.0 
74.0 97.0 97.0 116.0 147.0 133.0 146.0 
130.0 146.0 164.0 161.0 174.0 160.0 161.0 
179.0 162.0 147.0 152.0 155.0 161.0 174.0 
163.0 151.0 155.0 121.0 107.0 104.0 110.0 
140.0 99.0 90.0 81.0 57.0 68.0 41.0 
55.0 51.0 33.0 25.0 -8.0 -14.0 -32.0 
-27.0 -21.0 -44.0 -50.0 -50.0 -52.0 -59.0 
-54.0 -43.0 -40.0 -26.0 -32.0 -45.0 -43.0 
-46.0 -18.0 -21.0 -39.0 -19.0 -31.0 -19.0 
-18.0 -12.0 15.0 6.0 29.0 13.0 3.0 
41.0 51.0 68.0 52.0 60.0 84.0 66.0 
74.0 71.0 86.0 82.0 59.0 76.0 63.0 
68.0 70.0 62.0 76.0 72.0 78.0 65.0 
61.0 67.0 57.0 67.0 81.0 89.0 68.0 
61.0 72.0 74.0 88.0 77.0 92.0 104.0 
90.0 86.0 60.0 73.0 96.0 104.0 121.0 
87.0 61.0 77.0 90.0 99.0 93.0 86.0 
93.0 94.0 77.0 62.0 59.0 71.0 79.0 
58.0 44.0 29.0 15.0 14.0 20.0 21.0 
9.0 9.0 4.0 8.0 19.0 13.0 30.0 
59.0 49.0 58.0 71.0 70.0 89.0 98.0 
98.0 91.0 106.0 107.0 108.0 121.0 97.0 
94.0 89.0 103.0 101.0 80.0 91.0 60.0 
51.0 53.0 51.0 75.0 60.0 38.0 27.0 
19.0 11.0 6.0 6.0 4.0 9.0 13.0 
2.0 1.0 4.0 -11.0 10.0 5.0 16.0 
26.0 -3.0 20.0 9.0 20.0 38.0 20.0 
40.0 37.0 45.0 56.0 45.0 46.0 34.0 
55.0 70.0 62.0 77.0 65.0 56.0 64.0 
62.0 63.0 66.0 87.0 91.0 83.0 82.0 
65.0 69.0 79.0 91.0 106.0 104.0 92.0 
74.0 79.0 80.0 90.0 103.0 87.0 85.0 
85.0 82.0 64.0 48.0 50.0 45.0 50.0 
37.0 26.0 12.0 -14.0 -32.0 -42.0 -41.0 
-31.0 -37.0 -59.0 -70.0 -101.0 -103.0 -103.0 
-114.0 -103.0 -98.0 -107.0 -117.0 -132.0 -127.0 
-109.0 -99.0 -83.0 -83.0 -69.0 -60.0 -45.0 
-35.0 -29.0 -8.0 -11.0 18.0 38.0 48.0 
72.0 76.0 114.0 127.0 119.0 131.0 126.0 
136.0 152.0 151.0 147.0 143.0 131.0 119.0 
134.0 120.0 115.0 121.0 79.0 80.0 52.0 
31.0 54.0 37.0 39.0 12.0 -20.0 -22.0 
-35.0 -28.0 -35.0 -42.0 -21.0 -31.0 -47.0 
-36.0 -54.0 -54.0 -33.0 -46.0 -25.0 -37.0 
-58.0 -44.0 -60.0 -42.0 -40.0 -52.0 -44.0 
-49.0 -29.0 -21.0 -41.0 -37.0 -39.0 -45.0 
-33.0 -32.0 -25.0 -22.0 -27.0 -29.0 -28.0 
-8.0 19.0 8.0 4.0 28.0 17.0 26.0 
24.0 26.0 47.0 20.0 42.0 45.0 22.0 
48.0 33.0 43.0 54.0 35.0 47.0 38.0 
48.0 50.0 31.0 48.0 49.0 64.0 63.0 
52.0 65.0 52.0 52.0 44.0 28.0 40.0 
53.0 36.0 25.0 37.0 38.0 42.0 18.0 
17.0 45.0 33.0 43.0 38.0 35.0 49.0 
35.0 35.0 35.0 54.0 52.0 41.0 38.0 
21.0 14.0 -2.0 -3.0 4.0 1.0 -7.0 
-18.0 -24.0 -39.0 -70.0 -73.0 -58.0 -54.0 
-50.0 -70.0 -86.0 -84.0 -83.0 -54.0 -45.0 
-53.0 -33.0 -54.0 -42.0 -27.0 -66.0 -44.0 
-24.0 -9.0 2.0 -15.0 1.0 2.0 1.0 
-13.0 -12.0 23.0 14.0 21.0 28.0 14.0 
22.0 5.0 -13.0 10.0 -1.0 -15.0 -1.0 
-22.0 -25.0 -35.0 -61.0 -30.0 -16.0 -43.0 
-25.0 -15.0 -20.0 -2.0 -37.0 -42.0 -19.0 
-33.0 -18.0 -42.0 -44.0 -46.0 -65.0 -28.0 
-39.0 -14.0 -8.0 -29.0 -13.0 -12.0 22.0 
27.0 29.0 42.0 32.0 38.0 39.0 37.0 
53.0 63.0 57.0 53.0 28.0 18.0 24.0 
12.0 -2.0 -9.0 -25.0 -48.0 -34.0 -44.0 
-47.0 -62.0 -89.0 -74.0 -91.0 -82.0 -84.0 
-104.0 -92.0 -97.0 -84.0 -82.0 -76.0 -67.0 
-80.0 -53.0 -55.0 -48.0 -38.0 -73.0 -53.0 
-69.0 -70.0 -40.0 -61.0 -55.0 -61.0 -77.0 
-82.0 -67.0 -69.0 -65.0 -49.0 -76.0 -44.0 
-45.0 -57.0 -33.0 -54.0 -20.0 -32.0 -50.0 
-11.0 -34.0 -23.0 -31.0 -33.0 -6.0 -42.0 
-16.0 -45.0 -49.0 3.0 -41.0 1.0 -11.0 
-34.0 7.0 -17.0 -6.0 -9.0 3.0 24.0 
12.0 -4.0 -20.0 -7.0 -4.0 9.0 2.0 
-4.0 11.0 10.0 2.0 -33.0 -34.0 -37.0 
-46.0 -31.0 -41.0 -48.0 -58.0 -66.0 -84.0 
-87.0 -66.0 -77.0 -61.0 -87.0 -93.0 -63.0 
-90.0 -49.0 -48.0 -39.0 -2.0 -21.0 21.0 
0.0 6.0 31.0 -1.0 34.0 3.0 29.0 
46.0 0.0 46.0 12.0 24.0 43.0 8.0 
34.0 16.0 25.0 32.0 11.0 20.0 -2.0 
-2.0 20.0 17.0 13.0 17.0 -2.0 -20.0 
-12.0 -35.0 -55.0 -56.0 -75.0 -73.0 -95.0 
-116.0 -109.0 -134.0 -132.0 -126.0 -136.0 -140.0 
-136.0 -148.0 -162.0 -135.0 -151.0 -155.0 -152.0 
-161.0 -144.0 -151.0 -148.0 -163.0 -161.0 -147.0 
-156.0 -129.0 -137.0 -125.0 -103.0 -111.0 -88.0 
-105.0 -82.0 -69.0 -75.0 -29.0 -43.0 -25.0 
5.0 -19.0 15.0 13.0 19.0 54.0 16.0 
16.0 7.0 -2.0 19.0 16.0 16.0 4.0 
5.0 0.0 -22.0 -20.0 2.0 17.0 30.0 
29.0 12.0 22.0 0.0 10.0 46.0 19.0 
37.0 42.0 33.0 47.0 27.0 49.0 37.0 
39.0 81.0 26.0 34.0 30.0 5.0 44.0 
37.0 50.0 30.0 20.0 27.0 -2.0 -3.0 
-13.0 13.0 14.0 -26.0 -25.0 -71.0 -80.0 
-65.0 -79.0 -63.0 -82.0 -76.0 -87.0 -100.0 
-99.0 -103.0 -85.0 -116.0 -102.0 -122.0 -143.0 
-132.0 -169.0 -133.0 -137.0 -153.0 -141.0 -154.0 
-148.0 -170.0 -134.0 -122.0 -106.0 -85.0 -127.0 
-82.0 -96.0 -78.0 -31.0 -62.0 -26.0 -36.0 
-21.0 18.0 12.0 37.0 24.0 60.0 83.0 
77.0 120.0 90.0 122.0 136.0 96.0 160.0 
133.0 122.0 153.0 93.0 127.0 122.0 109.0 
133.0 74.0 103.0 84.0 79.0 74.0 42.0 
54.0 -19.0 25.0 5.0 -24.0 24.0 -55.0 
-11.0 -41.0 -95.0 -29.0 -96.0 -55.0 -59.0 
-122.0 -51.0 -109.0 -85.0 -83.0 -135.0 -70.0 
-128.0 -116.0 -95.0 -145.0 -109.0 -156.0 -162.0 
-119.0 -136.0 -117.0 -121.0 -143.0 -122.0 -110.0 
-127.0 -106.0 -85.0 -93.0 -69.0 -78.0 -92.0 
-63.0 -58.0 -44.0 -32.0 -35.0 -33.0 -37.0 
-45.0 -28.0 -29.0 -33.0 -2.0 -36.0 -30.0 
-27.0 -45.0 -8.0 -44.0 -42.0 -49.0 -65.0 
-39.0 -84.0 -60.0 -48.0 -83.0 -55.0 -79.0 
-86.0 -60.0 -82.0 -57.0 -61.0 -78.0 -46.0 
-71.0 -54.0 -55.0 -59.0 -11.0 -38.0 -5.0 
6.0 -25.0 9.0 5.0 14.0 34.0 34.0 
39.0 51.0 45.0 41.0 67.0 56.0 58.0 
70.0 59.0 83.0 62.0 54.0 61.0 40.0 
69.0 63.0 67.0 65.0 33.0 49.0 41.0 
31.0 18.0 4.0 13.0 -11.0 -33.0 -53.0 
-68.0 -69.0 -72.0 -76.0 -102.0 -101.0 -101.0 
-112.0 -90.0 -90.0 -92.0 -93.0 -95.0 -79.0 
-65.0 -63.0 -77.0 -65.0 -53.0 -68.0 -57.0 
-61.0 -60.0 -30.0 -46.0 -41.0 -48.0 -64.0 
-48.0 -64.0 -38.0 -39.0 -41.0 -18.0 -35.0 
-10.0 -1.0 10.0 22.0 28.0 63.0 50.0 
78.0 65.0 37.0 59.0 30.0 66.0 55.0 
30.0 25.0 -15.0 34.0 9.0 -6.0 19.0 
-17.0 3.0 -24.0 -28.0 7.0 -26.0 10.0 
-19.0 -38.0 -5.0 -45.0 4.0 -3.0 -8.0 
9.0 -19.0 28.0 13.0 35.0 21.0 -18.0 
26.0 0.0 30.0 9.0 -34.0 -7.0 -45.0 
-44.0 -62.0 -74.0 -68.0 -96.0 -108.0 -136.0 
-134.0 -133.0 -120.0 -114.0 -139.0 -142.0 -163.0 
-160.0 -144.0 -120.0 -108.0 -113.0 -93.0 -90.0 
-88.0 -88.0 -75.0 -81.0 -67.0 -55.0 -52.0 
-20.0 -43.0 -37.0 -40.0 -59.0 -43.0 -54.0 
-37.0 -30.0 -26.0 -38.0 -68.0 -49.0 -57.0 
-35.0 -22.0 -33.0 -21.0 -31.0 -13.0 -20.0 
-18.0 -8.0 -2.0 35.0 8.0 12.0 14.0 
-3.0 32.0 12.0 33.0 35.0 14.0 27.0 
-6.0 37.0 30.0 14.0 35.0 -19.0 13.0 
-4.0 0.0 24.0 -24.0 7.0 -30.0 -5.0 
3.0 -38.0 -7.0 -51.0 -16.0 -26.0 -40.0 
-20.0 -45.0 16.0 -30.0 -36.0 -34.0 -55.0 
6.0 -53.0 -23.0 -39.0 -66.0 -10.0 -50.0 
-18.0 -63.0 -60.0 -41.0 -78.0 -17.0 -66.0 
-59.0 -70.0 -82.0 -39.0 -87.0 -47.0 -85.0 
-100.0 -65.0 -106.0 -67.0 -90.0 -104.0 -105.0 
-125.0 -85.0 -101.0 -96.0 -109.0 -106.0 -93.0 
-96.0 -43.0 -88.0 -74.0 -72.0 -93.0 -40.0 
-77.0 -58.0 -59.0 -59.0 -15.0 -38.0 -10.0 
-28.0 -60.0 -12.0 4.0 14.0 14.0 -1.0 
-13.0 -8.0 3.0 25.0 26.0 -3.0 30.0 
13.0 10.0 24.0 -42.0 -11.0 3.0 2.0 
34.0 -5.0 7.0 -40.0 -79.0 -54.0 -83.0 
-41.0 -38.0 -32.0 -31.0 -83.0 -92.0 -99.0 
-77.0 -56.0 -49.0 -66.0 -58.0 -52.0 -43.0 
-36.0 -71.0 -28.0 -10.0 -2.0 19.0 0.0 
6.0 8.0 20.0 26.0 33.0 34.0 41.0 
42.0 29.0 23.0 -8.0 32.0 24.0 -3.0 
45.0 -19.0 0.0 -2.0 -47.0 9.0 -44.0 
-33.0 -34.0 -57.0 -21.0 -89.0 -81.0 -75.0 
-86.0 -53.0 -111.0 -98.0 -117.0 -154.0 -128.0 
-167.0 -149.0 -145.0 -162.0 -146.0 -180.0 -170.0 
-159.0 -169.0 -147.0 -160.0 -159.0 -181.0 -190.0 
-180.0 -199.0 -161.0 -169.0 -157.0 -167.0 -191.0 
-159.0 -189.0 -175.0 -180.0 -165.0 -126.0 -139.0 
-121.0 -143.0 -129.0 -98.0 -93.0 -66.0 -68.0 
-67.0 -61.0 -39.0 -1.0 11.0 19.0 21.0 
31.0 65.0 63.0 61.0 72.0 74.0 81.0 
82.0 80.0 46.0 53.0 45.0 31.0 43.0 
3.0 -2.0 -12.0 -22.0 -20.0 -27.0 -44.0 
-53.0 -52.0 -72.0 -69.0 -94.0 -87.0 -81.0 
-117.0 -114.0 -129.0 -138.0 -137.0 -141.0 -141.0 
-153.0 -139.0 -140.0 -157.0 -149.0 -160.0 -146.0 
-126.0 -142.0 -127.0 -145.0 -143.0 -128.0 -135.0 
-121.0 -129.0 -105.0 -96.0 -103.0 -83.0 -86.0 
-67.0 -43.0 -42.0 -26.0 -18.0 -39.0 -22.0 
1.0 0.0 25.0 26.0 41.0 47.0 15.0 
29.0 14.0 29.0 59.0 21.0 34.0 11.0 
17.0 33.0 3.0 33.0 19.0 24.0 27.0 
16.0 24.0 -4.0 2.0 -2.0 8.0 19.0 
-11.0 -30.0 -54.0 -34.0 -32.0 -35.0 -31.0 
-71.0 -60.0 -82.0 -84.0 -75.0 -96.0 -55.0 
-82.0 -92.0 -98.0 -131.0 -99.0 -119.0 -117.0 
-135.0 -135.0 -109.0 -148.0 -112.0 -154.0 -161.0 
-136.0 -159.0 -114.0 -139.0 -121.0 -128.0 -147.0 
-139.0 -157.0 -121.0 -145.0 -119.0 -116.0 -137.0 
-120.0 -147.0 -125.0 -116.0 -95.0 -94.0 -81.0 
-39.0 -68.0 -53.0 -42.0 -40.0 -3.0 1.0 
-1.0 -4.0 13.0 20.0 22.0 32.0 36.0 
61.0 62.0 96.0 98.0 77.0 113.0 84.0 
98.0 105.0 62.0 110.0 74.0 57.0 76.0 
34.0 64.0 39.0 35.0 40.0 -16.0 21.0 
8.0 -10.0 2.0 -29.0 -12.0 -39.0 -56.0 
-42.0 -82.0 -58.0 -52.0 -79.0 -84.0 -127.0 
-106.0 -97.0 -114.0 -88.0 -127.0 -128.0 -128.0 
-139.0 -111.0 -128.0 -116.0 -126.0 -126.0 -116.0 
-146.0 -135.0 -139.0 -125.0 -120.0 -151.0 -123.0 
-125.0 -119.0 -109.0 -150.0 -129.0 -112.0 -93.0 
-62.0 -87.0 -58.0 -62.0 -63.0 -17.0 -35.0 
10.0 21.0 17.0 69.0 62.0 85.0 113.0 
117.0 154.0 173.0 174.0 192.0 170.0 172.0 
203.0 197.0 226.0 204.0 174.0 182.0 169.0 
183.0 165.0 165.0 170.0 135.0 129.0 87.0 
62.0 69.0 66.0 62.0 11.0 -1.0 -21.0 
-65.0 -68.0 -97.0 -83.0 -65.0 -100.0 -121.0 
-132.0 -143.0 -156.0 -156.0 -136.0 -150.0 -163.0 
-139.0 -160.0 -168.0 -163.0 -173.0 -154.0 -125.0 
-119.0 -108.0 -111.0 -131.0 -98.0 -95.0 -79.0 
-52.0 -42.0 -12.0 -32.0 -17.0 -14.0 -23.0 
8.0 16.0 23.0 20.0 53.0 43.0 39.0 
61.0 23.0 61.0 60.0 75.0 108.0 69.0 
101.0 60.0 75.0 114.0 54.0 93.0 57.0 
56.0 90.0 24.0 55.0 20.0 11.0 45.0 
-21.0 9.0 9.0 -15.0 5.0 -22.0 -9.0 
-13.0 -6.0 31.0 27.0 31.0 8.0 3.0 
26.0 29.0 61.0 55.0 43.0 46.0 45.0 
49.0 47.0 65.0 57.0 81.0 60.0 40.0 
65.0 16.0 35.0 20.0 24.0 88.0 50.0 
48.0 15.0 0.0 19.0 -3.0 31.0 16.0 
20.0 37.0 19.0 25.0 -17.0 -7.0 14.0 
21.0 39.0 -11.0 6.0 23.0 -9.0 8.0 
2.0 -3.0 6.0 14.0 3.0 -45.0 -31.0 
-6.0 -6.0 6.0 -16.0 -20.0 -22.0 -31.0 
-32.0 -46.0 -1.0 3.0 -15.0 -29.0 -86.0 
-63.0 -45.0 -43.0 -26.0 -69.0 -56.0 -43.0 
-43.0 -14.0 -30.0 -16.0 10.0 28.0 40.0 
43.0 44.0 37.0 65.0 77.0 77.0 72.0 
73.0 97.0 93.0 106.0 107.0 128.0 144.0 
100.0 122.0 125.0 141.0 153.0 120.0 115.0 
86.0 124.0 143.0 117.0 129.0 91.0 69.0 
78.0 71.0 82.0 77.0 70.0 60.0 26.0 
35.0 7.0 4.0 49.0 23.0 30.0 23.0 
5.0 1.0 -9.0 13.0 11.0 29.0 22.0 
-6.0 6.0 -11.0 -21.0 -8.0 -13.0 -13.0 
-26.0 -32.0 -20.0 -48.0 -33.0 -26.0 -57.0 
-32.0 -42.0 -37.0 -25.0 -37.0 -25.0 -17.0 
2.0 13.0 12.0 6.0 16.0 28.0 38.0 
57.0 53.0 54.0 81.0 95.0 95.0 119.0 
118.0 110.0 151.0 149.0 153.0 182.0 187.0 
201.0 176.0 165.0 162.0 164.0 192.0 177.0 
165.0 161.0 140.0 114.0 120.0 122.0 109.0 
119.0 95.0 72.0 70.0 57.0 56.0 40.0 
37.0 43.0 18.0 29.0 35.0 26.0 34.0 
35.0 29.0 17.0 46.0 49.0 28.0 29.0 
10.0 6.0 5.0 8.0 12.0 3.0 -9.0 
-23.0 -31.0 -27.0 -14.0 -6.0 -6.0 -3.0 
0.0 1.0 7.0 9.0 6.0 8.0 24.0 
23.0 21.0 20.0 12.0 30.0 31.0 26.0 
38.0 67.0 92.0 81.0 76.0 78.0 86.0 
109.0 109.0 101.0 103.0 96.0 95.0 58.0 
42.0 52.0 32.0 43.0 33.0 13.0 20.0 
0.0 -17.0 -8.0 -3.0 -6.0 15.0 3.0 
-6.0 24.0 0.0 18.0 32.0 25.0 68.0 
63.0 59.0 53.0 55.0 72.0 66.0 109.0 
102.0 102.0 116.0 92.0 124.0 105.0 120.0 
128.0 88.0 142.0 118.0 113.0 130.0 103.0 
134.0 111.0 102.0 102.0 95.0 106.0 82.0 
69.0 53.0 45.0 70.0 55.0 18.0 11.0 
-7.0 -8.0 -20.0 -36.0 -22.0 -52.0 -59.0 
-53.0 -72.0 -63.0 -78.0 -69.0 -52.0 -67.0 
-54.0 -56.0 -59.0 -48.0 -29.0 4.0 -2.0 
0.0 1.0 -11.0 22.0 44.0 54.0 64.0 
64.0 83.0 82.0 73.0 82.0 92.0 100.0 
118.0 125.0 125.0 131.0 134.0 148.0 148.0 
158.0 169.0 171.0 169.0 154.0 154.0 151.0 
164.0 159.0 152.0 161.0 137.0 145.0 142.0 
129.0 152.0 139.0 126.0 130.0 111.0 101.0 
102.0 105.0 86.0 67.0 66.0 42.0 37.0 
30.0 19.0 23.0 2.0 -11.0 -27.0 -25.0 
-25.0 -24.0 -11.0 -24.0 -2.0 -12.0 -28.0 
-14.0 -19.0 3.0 9.0 7.0 0.0 -1.0 
16.0 22.0 35.0 25.0 22.0 33.0 26.0 
49.0 68.0 65.0 75.0 62.0 53.0 67.0 
64.0 75.0 75.0 79.0 90.0 54.0 47.0 
50.0 57.0 73.0 53.0 57.0 42.0 34.0 
50.0 34.0 48.0 60.0 70.0 77.0 51.0 
64.0 79.0 80.0 91.0 69.0 77.0 91.0 
86.0 90.0 85.0 82.0 76.0 87.0 91.0 
86.0 71.0 62.0 95.0 100.0 97.0 90.0 
65.0 81.0 101.0 113.0 111.0 95.0 95.0 
86.0 93.0 107.0 105.0 110.0 90.0 79.0 
75.0 65.0 87.0 89.0 88.0 90.0 66.0 
48.0 53.0 58.0 52.0 69.0 66.0 48.0 
57.0 42.0 37.0 48.0 59.0 68.0 50.0 
52.0 40.0 33.0 37.0 14.0 18.0 40.0 
50.0 34.0 21.0 13.0 14.0 28.0 8.0 
8.0 14.0 13.0 21.0 24.0 26.0 14.0 
19.0 30.0 29.0 30.0 30.0 54.0 62.0 
38.0 33.0 9.0 20.0 55.0 49.0 48.0 
20.0 12.0 18.0 17.0 33.0 7.0 0.0 
3.0 -13.0 -21.0 -35.0 -31.0 -20.0 -25.0 
-62.0 -70.0 -71.0 -66.0 -30.0 -53.0 -32.0 
-22.0 -53.0 -35.0 -58.0 -49.0 -31.0 -27.0 
1.0 -35.0 -30.0 -20.0 -24.0 9.0 -31.0 
-21.0 8.0 18.0 23.0 -22.0 -4.0 1.0 
13.0 39.0 24.0 54.0 56.0 56.0 75.0 
47.0 42.0 61.0 77.0 76.0 70.0 53.0 
41.0 59.0 61.0 64.0 65.0 73.0 67.0 
54.0 51.0 46.0 71.0 73.0 71.0 88.0 
84.0 95.0 86.0 82.0 96.0 116.0 140.0 
130.0 128.0 103.0 98.0 118.0 126.0 137.0 
116.0 115.0 110.0 112.0 127.0 98.0 105.0 
98.0 73.0 94.0 84.0 71.0 59.0 44.0 
45.0 43.0 41.0 29.0 38.0 34.0 7.0 
-20.0 -23.0 -14.0 -16.0 11.0 -8.0 -14.0 
-5.0 -26.0 -8.0 -25.0 -26.0 -4.0 -20.0 
-16.0 -19.0 -34.0 -32.0 -31.0 -19.0 -18.0 
-48.0 -52.0 -48.0 -49.0 -26.0 -39.0 -49.0 
-39.0 -45.0 -44.0 -53.0 -58.0 -48.0 -47.0 
-52.0 -51.0 -59.0 -49.0 -38.0 -50.0 -51.0 
-60.0 -61.0 -48.0 -46.0 -31.0 -26.0 -46.0 
-50.0 -51.0 -31.0 -7.0 -14.0 -22.0 -33.0 
-21.0 16.0 22.0 5.0 -8.0 -11.0 -7.0 
0.0 24.0 30.0 17.0 23.0 25.0 50.0 
54.0 49.0 60.0 48.0 80.0 77.0 60.0 
71.0 58.0 79.0 78.0 71.0 81.0 78.0 
91.0 89.0 112.0 126.0 102.0 97.0 77.0 
93.0 105.0 74.0 49.0 32.0 42.0 39.0 
21.0 -11.0 -33.0 -43.0 -50.0 -38.0 -32.0 
-32.0 -56.0 -80.0 -71.0 -55.0 -45.0 -49.0 
-58.0 -54.0 -66.0 -73.0 -64.0 -66.0 -43.0 
-55.0 -67.0 -56.0 -70.0 -53.0 -75.0 -66.0 
-36.0 -61.0 -68.0 -83.0 -66.0 -59.0 -75.0 
-65.0 -83.0 -93.0 -92.0 -89.0 -66.0 -50.0 
-58.0 -83.0 -87.0 -55.0 -30.0 -27.0 -30.0 
-40.0 -40.0 -46.0 -27.0 -19.0 -53.0 -71.0 
-82.0 -56.0 -48.0 -54.0 -41.0 -45.0 -47.0 
-66.0 -54.0 -38.0 -24.0 3.0 1.0 6.0 
20.0 44.0 46.0 42.0 60.0 69.0 86.0 
74.0 48.0 37.0 32.0 68.0 89.0 76.0 
63.0 22.0 6.0 21.0 35.0 36.0 21.0 
16.0 -10.0 -24.0 -41.0 -59.0 -36.0 -31.0 
-52.0 -71.0 -77.0 -78.0 -88.0 -97.0 -105.0 
-111.0 -106.0 -116.0 -119.0 -117.0 -149.0 -154.0 
-138.0 -148.0 -139.0 -144.0 -160.0 -145.0 -146.0 
-157.0 -157.0 -165.0 -174.0 -155.0 -136.0 -143.0 
-159.0 -161.0 -158.0 -129.0 -100.0 -125.0 -116.0 
-130.0 -120.0 -87.0 -117.0 -89.0 -101.0 -99.0 
-77.0 -103.0 -71.0 -88.0 -74.0 -40.0 -55.0 
-34.0 -29.0 -7.0 9.0 1.0 10.0 11.0 
23.0 39.0 53.0 68.0 65.0 50.0 39.0 
27.0 28.0 29.0 19.0 28.0 23.0 9.0 
12.0 -13.0 -48.0 -43.0 -41.0 -42.0 -26.0 
-37.0 -59.0 -79.0 -60.0 -54.0 -61.0 -47.0 
-72.0 -56.0 -43.0 -77.0 -85.0 -96.0 -105.0 
-88.0 -96.0 -111.0 -119.0 -148.0 -149.0 -144.0 
-160.0 -156.0 -152.0 -139.0 -129.0 -140.0 -150.0 
-146.0 -123.0 -122.0 -108.0 -110.0 -136.0 -129.0 
-137.0 -117.0 -109.0 -100.0 -77.0 -120.0 -125.0 
-119.0 -88.0 -53.0 -80.0 -78.0 -92.0 -93.0 
-61.0 -61.0 -56.0 -58.0 -68.0 -65.0 -82.0 
-90.0 -75.0 -86.0 -92.0 -96.0 -106.0 -101.0 
-106.0 -106.0 -101.0 -118.0 -127.0 -119.0 -108.0 
-104.0 -108.0 -103.0 -115.0 -128.0 -117.0 -105.0 
-108.0 -98.0 -91.0 -115.0 -110.0 -106.0 -96.0 
-60.0 -62.0 -70.0 -82.0 -84.0 -67.0 -51.0 
-36.0 -53.0 -59.0 -54.0 -59.0 -53.0 -42.0 
-21.0 -26.0 -56.0 -68.0 -75.0 -62.0 -39.0 
-60.0 -69.0 -66.0 -100.0 -91.0 -73.0 -86.0 
-54.0 -49.0 -94.0 -103.0 -95.0 -74.0 -58.0 
-70.0 -80.0 -89.0 -80.0 -74.0 -109.0 -107.0 
-96.0 -100.0 -110.0 -143.0 -148.0 -156.0 -160.0 
-178.0 -188.0 -171.0 -194.0 -207.0 -212.0 -217.0 
-205.0 -192.0 -185.0 -186.0 -194.0 -200.0 -194.0 
-184.0 -186.0 -175.0 -149.0 -142.0 -152.0 -169.0 
-173.0 -165.0 -153.0 -158.0 -161.0 -129.0 -131.0 
-149.0 -141.0 -133.0 -106.0 -99.0 -97.0 -98.0 
-119.0 -133.0 -135.0 -111.0 -105.0 -89.0 -88.0 
-115.0 -119.0 -117.0 -101.0 -105.0 -114.0 -98.0 
-79.0 -67.0 -68.0 -79.0 -79.0 -74.0 -75.0 
-64.0 -58.0 -56.0 -58.0 -66.0 -79.0 -98.0 
-96.0 -70.0 -62.0 -52.0 -54.0 -95.0 -95.0 
-94.0 -84.0 -63.0 -78.0 -74.0 -78.0 -77.0 
-90.0 -106.0 -94.0 -95.0 -77.0 -85.0 -105.0 
-109.0 -119.0 -114.0 -108.0 -108.0 -112.0 -109.0 
-96.0 -104.0 -101.0 -107.0 -128.0 -107.0 -102.0 
-97.0 -101.0 -117.0 -97.0 -132.0 -144.0 -135.0 
-145.0 -112.0 -120.0 -124.0 -127.0 -146.0 -141.0 
-168.0 -162.0 -134.0 -145.0 -144.0 -173.0 -201.0 
-193.0 -186.0 -154.0 -165.0 -189.0 -194.0 -196.0 
-160.0 -142.0 -154.0 -173.0 -184.0 -150.0 -132.0 
-145.0 -139.0 -166.0 -144.0 -116.0 -129.0 -123.0 
-168.0 -144.0 -116.0 -132.0 -100.0 -123.0 -101.0 
-70.0 -94.0 -89.0 -99.0 -75.0 -36.0 -36.0 
-39.0 -56.0 -60.0 -33.0 -8.0 -4.0 -28.0 
-36.0 -5.0 21.0 15.0 -3.0 -25.0 -23.0 
1.0 -9.0 -41.0 -69.0 -79.0 -66.0 -59.0 
-86.0 -95.0 -119.0 -144.0 -129.0 -145.0 -156.0 
-164.0 -181.0 -184.0 -176.0 -190.0 -226.0 -230.0 
-234.0 -218.0 -202.0 -226.0 -248.0 -263.0 -244.0 
-219.0 -214.0 -228.0 -241.0 -212.0 -203.0 -213.0 
-206.0 -200.0 -165.0 -139.0 -140.0 -144.0 -148.0 
-134.0 -111.0 -102.0 -111.0 -110.0 -106.0 -99.0 
-68.0 -78.0 -103.0 -106.0 -109.0 -97.0 -100.0 
-110.0 -101.0 -106.0 -132.0 -133.0 -138.0 -135.0 
-122.0 -145.0 -144.0 -140.0 -146.0 -140.0 -141.0 
-133.0 -120.0 -124.0 -116.0 -100.0 -105.0 -96.0 
-95.0 -108.0 -102.0 -98.0 -89.0 -81.0 -80.0 
-81.0 -84.0 -82.0 -79.0 -65.0 -69.0 -72.0 
-83.0 -103.0 -97.0 -115.0 -112.0 -101.0 -119.0 
-108.0 -119.0 -149.0 -150.0 -140.0 -138.0 -133.0 
-119.0 -118.0 -108.0 -109.0 -125.0 -104.0 -111.0 
-116.0 -80.0 -92.0 -90.0 -76.0 -94.0 -72.0 
-55.0 -66.0 -59.0 -57.0 -63.0 -47.0 -46.0 
-66.0 -62.0 -56.0 -55.0 -51.0 -60.0 -72.0 
-71.0 -42.0 -42.0 -53.0 -59.0 -71.0 -49.0 
-52.0 -42.0 -21.0 -29.0 -34.0 -45.0 -41.0 
-32.0 -20.0 -36.0 -53.0 -56.0 -48.0 -21.0 
-44.0 -56.0 -65.0 -78.0 -68.0 -85.0 -77.0 
-80.0 -92.0 -79.0 -92.0 -99.0 -111.0 -114.0 
-94.0 -115.0 -123.0 -120.0 -127.0 -135.0 -150.0 
-145.0 -146.0 -153.0 -160.0 -158.0 -159.0 -149.0 
-158.0 -187.0 -170.0 -156.0 -134.0 -135.0 -159.0 
-141.0 -136.0 -114.0 -98.0 -109.0 -86.0 -69.0 
-51.0 -53.0 -63.0 -40.0 -37.0 -36.0 -15.0 
-19.0 -18.0 -21.0 -31.0 -18.0 -14.0 -13.0 
-23.0 -35.0 -39.0 -38.0 -44.0 -56.0 -56.0 
-66.0 -66.0 -65.0 -68.0 -76.0 -90.0 -87.0 
-95.0 -92.0 -102.0 -120.0 -128.0 -161.0 -126.0 
-113.0 -140.0 -133.0 -155.0 -154.0 -137.0 -137.0 
-131.0 -131.0 -135.0 -139.0 -152.0 -150.0 -152.0 
-140.0 -120.0 -142.0 -150.0 -170.0 -176.0 -136.0 
-152.0 -164.0 -174.0 -210.0 -202.0 -186.0 -170.0 
-167.0 -185.0 -213.0 -222.0 -199.0 -176.0 -149.0 
-140.0 -150.0 -157.0 -163.0 -143.0 -117.0 -92.0 
-48.0 -37.0 -43.0 -44.0 -25.0 27.0 37.0 
40.0 55.0 63.0 92.0 104.0 109.0 114.0 
120.0 133.0 139.0 145.0 151.0 153.0 142.0 
148.0 146.0 125.0 127.0 124.0 122.0 107.0 
70.0 57.0 74.0 67.0 51.0 43.0 17.0 
-2.0 -14.0 -29.0 -52.0 -59.0 -72.0 -108.0 
-113.0 -128.0 -146.0 -157.0 -172.0 -169.0 -182.0 
-192.0 -205.0 -210.0 -199.0 -212.0 -233.0 -245.0 
-224.0 -215.0 -223.0 -212.0 -231.0 -241.0 -225.0 
-222.0 -237.0 -235.0 -219.0 -207.0 -206.0 -226.0 
-221.0 -221.0 -211.0 -180.0 -170.0 -158.0 -152.0 
-157.0 -159.0 -150.0 -138.0 -126.0 -116.0 -108.0 
-69.0 -52.0 -65.0 -58.0 -49.0 -26.0 -2.0 
9.0 31.0 41.0 50.0 61.0 66.0 88.0 
114.0 114.0 108.0 102.0 115.0 143.0 142.0 
150.0 151.0 123.0 99.0 73.0 83.0 88.0 
75.0 62.0 42.0 41.0 8.0 -8.0 -24.0 
-41.0 -31.0 -49.0 -61.0 -80.0 -94.0 -102.0 
-117.0 -111.0 -119.0 -128.0 -125.0 -132.0 -126.0 
-147.0 -171.0 -160.0 -165.0 -144.0 -123.0 -130.0 
-129.0 -136.0 -158.0 -155.0 -148.0 -144.0 -132.0 
-141.0 -125.0 -122.0 -110.0 -117.0 -134.0 -108.0 
-100.0 -84.0 -80.0 -89.0 -91.0 -95.0 -87.0 
-80.0 -72.0 -59.0 -61.0 -70.0 -79.0 -70.0 
-74.0 -75.0 -53.0 -49.0 -31.0 -40.0 -53.0 
-50.0 -49.0 -42.0 -55.0 -37.0 -30.0 -51.0 
-73.0 -72.0 -59.0 -74.0 -68.0 -82.0 -99.0 
-99.0 -95.0 -80.0 -88.0 -88.0 -100.0 -97.0 
-70.0 -49.0 -36.0 -66.0 -72.0 -61.0 -57.0 
-28.0 -1.0 15.0 23.0 9.0 -8.0 14.0 
39.0 50.0 47.0 25.0 21.0 16.0 18.0 
22.0 16.0 24.0 9.0 3.0 -7.0 -23.0 
-12.0 -16.0 -8.0 -21.0 -19.0 -2.0 -13.0 
-20.0 -55.0 -68.0 -62.0 -55.0 -52.0 -56.0 
-46.0 -76.0 -97.0 -95.0 -91.0 -71.0 -69.0 
-65.0 -87.0 -90.0 -68.0 -75.0 -52.0 -53.0 
-61.0 -45.0 -59.0 -67.0 -62.0 -60.0 -56.0 
-64.0 -79.0 -73.0 -77.0 -76.0 -76.0 -97.0 
-99.0 -103.0 -116.0 -115.0 -114.0 -115.0 -114.0 
-121.0 -129.0 -135.0 -133.0 -129.0 -140.0 -132.0 
-119.0 -125.0 -121.0 -123.0 -115.0 -84.0 -68.0 
-75.0 -77.0 -48.0 -25.0 -13.0 -19.0 -30.0 
-9.0 16.0 28.0 39.0 31.0 20.0 37.0 
34.0 21.0 16.0 13.0 25.0 27.0 4.0 
-11.0 -24.0 -31.0 -12.0 -48.0 -64.0 -53.0 
-84.0 -71.0 -90.0 -106.0 -89.0 -104.0 -96.0 
-106.0 -114.0 -113.0 -126.0 -139.0 -156.0 -139.0 
-119.0 -118.0 -105.0 -121.0 -140.0 -119.0 -112.0 
-96.0 -78.0 -73.0 -43.0 -41.0 -28.0 -21.0 
-12.0 29.0 24.0 39.0 42.0 23.0 40.0 
32.0 49.0 64.0 44.0 39.0 20.0 16.0 
20.0 13.0 22.0 14.0 2.0 -9.0 -15.0 
-16.0 -30.0 -26.0 -21.0 -27.0 -43.0 -59.0 
-55.0 -68.0 -75.0 -56.0 -61.0 -71.0 -82.0 
-112.0 -116.0 -104.0 -109.0 -118.0 -130.0 -133.0 
-133.0 -127.0 -135.0 -127.0 -93.0 -90.0 -80.0 
-90.0 -99.0 -76.0 -61.0 -31.0 -25.0 -20.0 
-16.0 -27.0 -23.0 -19.0 -8.0 -7.0 2.0 
1.0 3.0 9.0 -4.0 7.0 3.0 3.0 
4.0 -8.0 6.0 14.0 32.0 36.0 18.0 
40.0 52.0 47.0 66.0 62.0 49.0 50.0 
29.0 28.0 46.0 52.0 45.0 23.0 17.0 
15.0 12.0 14.0 4.0 -12.0 -14.0 -13.0 
-19.0 -20.0 -45.0 -52.0 -53.0 -68.0 -69.0 
-91.0 -86.0 -71.0 -89.0 -102.0 -112.0 -119.0 
-99.0 -92.0 -104.0 -100.0 -103.0 -98.0 -96.0 
-104.0 -95.0 -66.0 -47.0 -59.0 -67.0 -81.0 
-81.0 -65.0 -61.0 -66.0 -59.0 -55.0 -70.0 
-66.0 -69.0 -71.0 -62.0 -67.0 -77.0 -90.0 
-90.0 -88.0 -79.0 -80.0 -87.0 -83.0 -81.0 
-80.0 -73.0 -66.0 -68.0 -51.0 -43.0 -54.0 
-53.0 -39.0 -21.0 -9.0 -12.0 -20.0 -24.0 
-17.0 -1.0 7.0 14.0 12.0 1.0 -5.0 
2.0 21.0 22.0 1.0 1.0 9.0 8.0 
11.0 -3.0 0.0 6.0 1.0 15.0 -1.0 
5.0 21.0 -3.0 -9.0 -21.0 -31.0 -28.0 
-6.0 13.0 -9.0 -35.0 -48.0 -35.0 -18.0 
-16.0 -16.0 -9.0 -7.0 -8.0 1.0 -27.0 
-41.0 -20.0 4.0 -4.0 -28.0 -33.0 -40.0 
-13.0 -4.0 -25.0 -24.0 -21.0 -16.0 -10.0 
-14.0 -9.0 28.0 36.0 13.0 14.0 -2.0 
3.0 44.0 32.0 45.0 42.0 28.0 60.0 
39.0 34.0 47.0 50.0 49.0 43.0 30.0 
26.0 54.0 58.0 55.0 41.0 23.0 45.0 
57.0 38.0 23.0 35.0 53.0 60.0 39.0 
31.0 24.0 28.0 43.0 20.0 19.0 20.0 
37.0 38.0 7.0 0.0 -7.0 4.0 -4.0 
-9.0 -2.0 -24.0 -14.0 -37.0 -48.0 -19.0 
-26.0 -16.0 -41.0 -51.0 -37.0 -60.0 -59.0 
-61.0 -50.0 -41.0 -52.0 -58.0 -58.0 -56.0 
-50.0 -42.0 -58.0 -43.0 -18.0 -43.0 -48.0 
-50.0 -54.0 -25.0 -8.0 -21.0 -37.0 -23.0 
-4.0 15.0 26.0 18.0 40.0 48.0 40.0 
41.0 43.0 73.0 86.0 75.0 77.0 73.0 
59.0 60.0 62.0 65.0 79.0 72.0 59.0 
55.0 45.0 41.0 29.0 26.0 35.0 32.0 
28.0 18.0 5.0 -14.0 -17.0 -8.0 -6.0 
-16.0 -37.0 -28.0 -26.0 -33.0 -25.0 -36.0 
-44.0 -42.0 -43.0 -45.0 -25.0 -7.0 -23.0 
-16.0 0.0 3.0 22.0 22.0 21.0 27.0 
22.0 24.0 7.0 -5.0 9.0 7.0 9.0 
18.0 14.0 17.0 19.0 10.0 18.0 32.0 
19.0 24.0 42.0 60.0 62.0 34.0 47.0 
56.0 71.0 78.0 56.0 68.0 53.0 56.0 
76.0 67.0 77.0 71.0 46.0 59.0 86.0 
70.0 52.0 43.0 26.0 42.0 56.0 50.0 
62.0 57.0 55.0 36.0 -4.0 -1.0 22.0 
40.0 19.0 -2.0 4.0 3.0 9.0 -7.0 
-21.0 -12.0 -15.0 -14.0 -24.0 -44.0 -33.0 
-18.0 -13.0 -9.0 -20.0 -23.0 -32.0 -28.0 
-22.0 -32.0 -20.0 -24.0 -27.0 -36.0 -44.0 
-41.0 -44.0 -24.0 -19.0 -20.0 -27.0 -44.0 
-40.0 -39.0 -33.0 -24.0 -9.0 7.0 0.0 
-18.0 -27.0 -11.0 11.0 33.0 40.0 24.0 
17.0 31.0 48.0 60.0 45.0 48.0 83.0 
73.0 59.0 68.0 70.0 81.0 99.0 96.0 
73.0 68.0 85.0 109.0 113.0 89.0 62.0 
68.0 99.0 94.0 86.0 74.0 80.0 121.0 
108.0 77.0 48.0 42.0 76.0 88.0 65.0 
47.0 51.0 47.0 27.0 8.0 9.0 26.0 
41.0 38.0 33.0 29.0 16.0 18.0 30.0 
36.0 27.0 22.0 14.0 -7.0 -24.0 -32.0 
-39.0 -41.0 -19.0 -22.0 -54.0 -71.0 -76.0 
-63.0 -53.0 -52.0 -46.0 -51.0 -58.0 -60.0 
-69.0 -64.0 -65.0 -63.0 -32.0 -41.0 -59.0 
-57.0 -49.0 -40.0 -27.0 -12.0 -9.0 8.0 
11.0 0.0 9.0 18.0 31.0 57.0 60.0 
43.0 40.0 47.0 47.0 36.0 26.0 15.0 
22.0 22.0 16.0 28.0 10.0 15.0 39.0 
35.0 36.0 26.0 25.0 38.0 45.0 64.0 
69.0 69.0 66.0 66.0 65.0 51.0 62.0 
73.0 79.0 81.0 67.0 57.0 65.0 71.0 
58.0 57.0 66.0 53.0 39.0 26.0 24.0 
40.0 34.0 31.0 15.0 -7.0 -13.0 -26.0 
-17.0 -21.0 -38.0 -62.0 -76.0 -59.0 -55.0 
-66.0 -82.0 -106.0 -115.0 -102.0 -84.0 -70.0 
-82.0 -92.0 -96.0 -96.0 -89.0 -89.0 -81.0 
-71.0 -66.0 -79.0 -77.0 -71.0 -71.0 -50.0 
-31.0 -5.0 4.0 -4.0 -9.0 -8.0 10.0 
20.0 26.0 31.0 52.0 65.0 51.0 45.0 
41.0 57.0 77.0 85.0 93.0 81.0 69.0 
67.0 65.0 59.0 65.0 77.0 62.0 39.0 
24.0 25.0 30.0 42.0 62.0 65.0 51.0 
29.0 25.0 12.0 5.0 28.0 24.0 22.0 
32.0 34.0 20.0 3.0 18.0 12.0 -1.0 
6.0 -3.0 -9.0 -13.0 -30.0 -36.0 -49.0 
-63.0 -71.0 -92.0 -81.0 -75.0 -83.0 -87.0 
-129.0 -140.0 -137.0 -151.0 -130.0 -122.0 -138.0 
-152.0 -156.0 -154.0 -159.0 -157.0 -155.0 -142.0 
-130.0 -133.0 -125.0 -122.0 -115.0 -106.0 -103.0 
-82.0 -68.0 -61.0 -49.0 -49.0 -31.0 -19.0 
-26.0 -13.0 -8.0 12.0 11.0 -7.0 10.0 
24.0 32.0 30.0 28.0 42.0 59.0 44.0 
35.0 38.0 36.0 48.0 33.0 44.0 67.0 
56.0 26.0 -1.0 21.0 18.0 7.0 22.0 
14.0 16.0 1.0 -22.0 -13.0 -10.0 -2.0 
8.0 -2.0 -7.0 -19.0 -33.0 -10.0 27.0 
25.0 4.0 0.0 -6.0 -2.0 -8.0 -23.0 
-11.0 -12.0 -8.0 -20.0 -49.0 -47.0 -64.0 
-60.0 -59.0 -86.0 -75.0 -91.0 -81.0 -58.0 
-92.0 -91.0 -89.0 -101.0 -101.0 -102.0 -86.0 
-98.0 -120.0 -123.0 -125.0 -98.0 -81.0 -87.0 
-94.0 -113.0 -110.0 -121.0 -138.0 -145.0 -142.0 
-113.0 -102.0 -120.0 -139.0 -146.0 -151.0 -150.0 
-142.0 -131.0 -120.0 -116.0 -104.0 -111.0 -116.0 
-123.0 -128.0 -101.0 -95.0 -89.0 -90.0 -85.0 
-61.0 -50.0 -53.0 -52.0 -29.0 -4.0 31.0 
37.0 15.0 6.0 14.0 46.0 60.0 61.0 
59.0 66.0 73.0 48.0 35.0 43.0 70.0 
96.0 92.0 69.0 39.0 39.0 28.0 28.0 
55.0 59.0 62.0 36.0 25.0 27.0 12.0 
22.0 16.0 22.0 29.0 14.0 -4.0 -27.0 
-45.0 -49.0 -43.0 -40.0 -49.0 -63.0 -75.0 
-96.0 -102.0 -104.0 -120.0 -112.0 -99.0 -99.0 
-103.0 -134.0 -170.0 -173.0 -157.0 -131.0 -125.0 
-147.0 -152.0 -161.0 -176.0 -168.0 -143.0 -109.0 
-119.0 -129.0 -114.0 -124.0 -117.0 -116.0 -113.0 
-92.0 -94.0 -95.0 -94.0 -93.0 -95.0 -97.0 
-92.0 -69.0 -74.0 -118.0 -107.0 -92.0 -76.0 
-56.0 -93.0 -110.0 -120.0 -107.0 -75.0 -72.0 
-69.0 -73.0 -72.0 -72.0 -75.0 -84.0 -75.0 
-40.0 -22.0 -23.0 -41.0 -36.0 -40.0 -32.0 
-8.0 -9.0 21.0 19.0 11.0 27.0 18.0 
27.0 38.0 41.0 41.0 35.0 31.0 11.0 
-3.0 -3.0 -7.0 13.0 17.0 5.0 2.0 
-18.0 -32.0 -47.0 -34.0 -17.0 -12.0 -12.0 
-43.0 -47.0 -52.0 -48.0 -39.0 -71.0 -67.0 
-44.0 -28.0 -33.0 -57.0 -88.0 -83.0 -22.0 
-23.0 -42.0 -52.0 -66.0 -54.0 -54.0 -66.0 
-65.0 -47.0 -36.0 -33.0 -40.0 -52.0 -44.0 
-17.0 -22.0 -33.0 -23.0 -27.0 -10.0 -21.0 
-46.0 -59.0 -74.0 -62.0 -51.0 -49.0 -72.0 
-93.0 -92.0 -106.0 -102.0 -79.0 -71.0 -77.0 
-78.0 -80.0 -95.0 -101.0 -98.0 -77.0 -51.0 
-57.0 -59.0 -63.0 -69.0 -57.0 -21.0 -8.0 
-22.0 -11.0 -10.0 2.0 8.0 2.0 13.0 
38.0 61.0 48.0 51.0 48.0 48.0 90.0 
96.0 94.0 112.0 117.0 99.0 88.0 88.0 
89.0 129.0 128.0 98.0 97.0 75.0 77.0 
87.0 45.0 22.0 26.0 24.0 28.0 -3.0 
-45.0 -65.0 -72.0 -49.0 -50.0 -84.0 -115.0 
-145.0 -146.0 -135.0 -151.0 -163.0 -184.0 -206.0 
-192.0 -190.0 -194.0 -199.0 -228.0 -232.0 -212.0 
-193.0 -185.0 -193.0 -209.0 -197.0 -178.0 -196.0 
-205.0 -186.0 -174.0 -174.0 -157.0 -151.0 -143.0 
-149.0 -167.0 -127.0 -92.0 -52.0 -57.0 -100.0 
-74.0 -46.0 -15.0 -18.0 -42.0 -17.0 -5.0 
-2.0 -2.0 -6.0 2.0 -2.0 7.0 13.0 
7.0 4.0 -19.0 -14.0 12.0 8.0 -19.0 
-53.0 -42.0 -14.0 -4.0 -3.0 -28.0 -36.0 
-31.0 -35.0 -48.0 -57.0 -37.0 -29.0 -36.0 
-50.0 -74.0 -68.0 -52.0 -33.0 -7.0 -14.0 
-26.0 -28.0 -33.0 -17.0 -9.0 -20.0 -11.0 
0.0 2.0 12.0 1.0 -5.0 -17.0 -19.0 
-18.0 -25.0 0.0 -18.0 -34.0 -57.0 -82.0 
-64.0 -80.0 -72.0 -71.0 -103.0 -119.0 -130.0 
-121.0 -116.0 -128.0 -131.0 -138.0 -163.0 -159.0 
-140.0 -150.0 -159.0 -172.0 -167.0 -147.0 -141.0 
-146.0 -155.0 -149.0 -147.0 -145.0 -148.0 -130.0 
-95.0 -103.0 -116.0 -130.0 -122.0 -92.0 -98.0 
-95.0 -98.0 -101.0 -72.0 -68.0 -72.0 -69.0 
-65.0 -61.0 -55.0 -43.0 -39.0 0.0 8.0 
-31.0 -34.0 -21.0 24.0 55.0 30.0 12.0 
19.0 24.0 29.0 47.0 59.0 48.0 46.0 
35.0 10.0 42.0 48.0 32.0 41.0 32.0 
27.0 9.0 -17.0 -11.0 17.0 23.0 12.0 
-3.0 -12.0 -8.0 -17.0 -35.0 -31.0 -9.0 
-15.0 -30.0 -51.0 -75.0 -74.0 -79.0 -68.0 
-72.0 -109.0 -114.0 -112.0 -122.0 -128.0 -134.0 
-140.0 -144.0 -144.0 -149.0 -172.0 -192.0 -190.0 
-191.0 -197.0 -211.0 -233.0 -239.0 -249.0 -270.0 
-283.0 -283.0 -280.0 -290.0 -307.0 -292.0 -272.0 
-273.0 -266.0 -283.0 -288.0 -257.0 -244.0 -241.0 
-228.0 -200.0 -181.0 -182.0 -181.0 -160.0 -142.0 
-119.0 -97.0 -85.0 -67.0 -73.0 -57.0 -36.0 
-25.0 10.0 18.0 33.0 43.0 44.0 57.0 
60.0 67.0 86.0 117.0 124.0 121.0 110.0 
98.0 114.0 124.0 133.0 133.0 132.0 134.0 
107.0 91.0 80.0 72.0 67.0 40.0 21.0 
9.0 -13.0 -33.0 -45.0 -53.0 -58.0 -73.0 
-95.0 -104.0 -122.0 -130.0 -139.0 -147.0 -147.0 
-167.0 -177.0 -188.0 -185.0 -177.0 -193.0 -201.0 
-212.0 -214.0 -205.0 -210.0 -202.0 -189.0 -201.0 
-206.0 -200.0 -201.0 -185.0 -189.0 -190.0 -160.0 
-172.0 -171.0 -162.0 -154.0 -141.0 -139.0 -115.0 
-117.0 -126.0 -114.0 -99.0 -72.0 -66.0 -69.0 
-64.0 -57.0 -52.0 -27.0 -23.0 -33.0 -18.0 
-26.0 3.0 2.0 -19.0 -11.0 -8.0 5.0 
-19.0 -32.0 -26.0 -16.0 -5.0 -22.0 -36.0 
-44.0 -21.0 -6.0 -30.0 -37.0 -44.0 -26.0 
-18.0 -49.0 -55.0 -61.0 -35.0 -27.0 -31.0 
-11.0 -30.0 -39.0 -40.0 -48.0 -40.0 -29.0 
-11.0 -15.0 -51.0 -56.0 -55.0 -57.0 -57.0 
-63.0 -41.0 -49.0 -86.0 -83.0 -83.0 -93.0 
-95.0 -120.0 -107.0 -92.0 -126.0 -129.0 -148.0 
-153.0 -135.0 -171.0 -168.0 -160.0 -159.0 -153.0 
-174.0 -170.0 -186.0 -184.0 -170.0 -162.0 -141.0 
-152.0 -161.0 -159.0 -140.0 -141.0 -146.0 -131.0 
-133.0 -114.0 -109.0 -110.0 -98.0 -124.0 -119.0 
-94.0 -87.0 -88.0 -113.0 -124.0 -108.0 -92.0 
-108.0 -115.0 -110.0 -103.0 -108.0 -118.0 -90.0 
-92.0 -116.0 -123.0 -114.0 -83.0 -77.0 -89.0 
-93.0 -95.0 -94.0 -89.0 -91.0 -75.0 -66.0 
-84.0 -75.0 -62.0 -51.0 -45.0 -70.0 -45.0 
-18.0 -24.0 -23.0 -27.0 -5.0 14.0 10.0 
11.0 7.0 12.0 16.0 -6.0 -7.0 -6.0 
-10.0 -18.0 -50.0 -57.0 -56.0 -67.0 -74.0 
-72.0 -84.0 -102.0 -107.0 -108.0 -101.0 -119.0 
-146.0 -144.0 -144.0 -142.0 -136.0 -146.0 -153.0 
-157.0 -160.0 -161.0 -155.0 -158.0 -168.0 -163.0 
-168.0 -168.0 -157.0 -160.0 -159.0 -157.0 -156.0 
-148.0 -138.0 -131.0 -116.0 -129.0 -146.0 -125.0 
-122.0 -118.0 -109.0 -105.0 -81.0 -81.0 -96.0 
-103.0 -105.0 -77.0 -63.0 -58.0 -71.0 -89.0 
-82.0 -93.0 -70.0 -45.0 -43.0 -49.0 -57.0 
-41.0 -38.0 -27.0 -41.0 -43.0 -15.0 -14.0 
-2.0 -4.0 -12.0 4.0 4.0 -4.0 -6.0 
-9.0 -11.0 -22.0 -34.0 -46.0 -53.0 -52.0 
-52.0 -67.0 -97.0 -95.0 -86.0 -85.0 -92.0 
-96.0 -96.0 -117.0 -113.0 -124.0 -141.0 -132.0 
-144.0 -156.0 -147.0 -156.0 -156.0 -145.0 -160.0 
-149.0 -151.0 -153.0 -137.0 -138.0 -118.0 -102.0 
-86.0 -81.0 -92.0 -81.0 -70.0 -68.0 -44.0 
-44.0 -50.0 -58.0 -78.0 -62.0 -61.0 -56.0 
-49.0 -42.0 -39.0 -53.0 -60.0 -49.0 -36.0 
-61.0 -71.0 -79.0 -75.0 -69.0 -87.0 -99.0 
-107.0 -88.0 -98.0 -117.0 -121.0 -117.0 -100.0 
-123.0 -133.0 -133.0 -133.0 -112.0 -105.0 -100.0 
-98.0 -100.0 -102.0 -80.0 -57.0 -60.0 -43.0 
-28.0 -21.0 -16.0 -22.0 -13.0 10.0 20.0 
19.0 20.0 11.0 9.0 23.0 36.0 14.0 
-15.0 -17.0 -17.0 -13.0 -36.0 -49.0 -44.0 
-52.0 -62.0 -94.0 -110.0 -99.0 -101.0 -119.0 
-117.0 -108.0 -119.0 -126.0 -134.0 -128.0 -117.0 
-123.0 -127.0 -120.0 -104.0 -121.0 -135.0 -116.0 
-114.0 -111.0 -121.0 -125.0 -101.0 -105.0 -113.0 
-100.0 -82.0 -71.0 -74.0 -81.0 -87.0 -69.0 
-63.0 -48.0 -7.0 -26.0 -49.0 -41.0 -27.0 
0.0 -1.0 -11.0 0.0 6.0 -9.0 -38.0 
-21.0 11.0 5.0 -7.0 -22.0 -4.0 5.0 
-36.0 -32.0 -26.0 -24.0 -26.0 -54.0 -37.0 
-47.0 -75.0 -75.0 -69.0 -54.0 -69.0 -85.0 
-98.0 -105.0 -118.0 -132.0 -114.0 -100.0 -124.0 
-160.0 -150.0 -140.0 -151.0 -170.0 -180.0 -145.0 
-143.0 -150.0 -161.0 -154.0 -108.0 -111.0 -95.0 
-88.0 -79.0 -70.0 -96.0 -72.0 -53.0 -30.0 
-23.0 -45.0 -37.0 -52.0 -55.0 -38.0 -28.0 
-3.0 -19.0 -57.0 -61.0 -50.0 -44.0 -41.0 
-49.0 -67.0 -81.0 -85.0 -62.0 -46.0 -46.0 
-53.0 -68.0 -54.0 -36.0 -17.0 -3.0 -14.0 
5.0 16.0 -13.0 -1.0 13.0 6.0 29.0 
22.0 14.0 9.0 2.0 19.0 19.0 40.0 
48.0 3.0 4.0 4.0 -24.0 7.0 -2.0 
-30.0 -41.0 -67.0 -52.0 -43.0 -62.0 -91.0 
-107.0 -107.0 -95.0 -103.0 -118.0 -124.0 -128.0 
-122.0 -121.0 -106.0 -104.0 -105.0 -90.0 -88.0 
-73.0 -71.0 -79.0 -65.0 -60.0 -57.0 -65.0 
-59.0 -45.0 -64.0 -51.0 -39.0 -64.0 -73.0 
-71.0 -76.0 -56.0 -40.0 -58.0 -55.0 -58.0 
-63.0 -59.0 -58.0 -37.0 -39.0 -36.0 -37.0 
-67.0 -71.0 -54.0 -36.0 -38.0 -57.0 -58.0 
-55.0 -70.0 -78.0 -68.0 -50.0 -33.0 -49.0 
-75.0 -76.0 -70.0 -52.0 -47.0 -59.0 -62.0 
-50.0 -35.0 -47.0 -36.0 -22.0 -10.0 9.0 
-18.0 -23.0 -13.0 -1.0 9.0 2.0 6.0 
-3.0 -5.0 -24.0 -30.0 -27.0 -28.0 -30.0 
-47.0 -38.0 -41.0 -40.0 -48.0 -40.0 -12.0 
-24.0 -9.0 -11.0 -10.0 8.0 -24.0 -17.0 
-18.0 -22.0 1.0 -18.0 -4.0 -39.0 -53.0 
-5.0 -46.0 -31.0 -37.0 -64.0 -26.0 -50.0 
-45.0 -38.0 -46.0 -33.0 -39.0 -23.0 -9.0 
-1.0 -15.0 -33.0 -32.0 -32.0 -24.0 -29.0 
-49.0 -58.0 -43.0 -49.0 -52.0 -48.0 -66.0 
-54.0 -55.0 -61.0 -37.0 -54.0 -50.0 -46.0 
-70.0 -58.0 -86.0 -91.0 -65.0 -68.0 -62.0 
-85.0 -102.0 -88.0 -66.0 -47.0 -40.0 -45.0 
-68.0 -61.0 -52.0 -37.0 -8.0 -34.0 -19.0 
-7.0 -10.0 43.0 36.0 40.0 55.0 42.0 
60.0 60.0 67.0 58.0 43.0 39.0 39.0 
53.0 43.0 34.0 34.0 35.0 30.0 28.0 
43.0 49.0 58.0 64.0 59.0 66.0 66.0 
72.0 70.0 64.0 74.0 73.0 70.0 44.0 
26.0 22.0 8.0 -1.0 -22.0 -33.0 -40.0 
-47.0 -65.0 -89.0 -90.0 -81.0 -79.0 -101.0 
-111.0 -105.0 -119.0 -136.0 -135.0 -116.0 -108.0 
-122.0 -119.0 -108.0 -104.0 -106.0 -108.0 -86.0 
-86.0 -113.0 -118.0 -100.0 -90.0 -75.0 -82.0 
-99.0 -102.0 -103.0 -57.0 -38.0 -51.0 -63.0 
-66.0 -30.0 -20.0 -15.0 4.0 24.0 36.0 
38.0 45.0 59.0 71.0 66.0 68.0 81.0 
71.0 82.0 91.0 78.0 85.0 64.0 55.0 
58.0 49.0 59.0 49.0 32.0 44.0 38.0 
35.0 59.0 45.0 37.0 36.0 14.0 34.0 
32.0 36.0 65.0 28.0 6.0 3.0 5.0 
22.0 12.0 3.0 -15.0 -15.0 -29.0 -56.0 
-63.0 -70.0 -58.0 -72.0 -75.0 -83.0 -113.0 
-118.0 -120.0 -105.0 -101.0 -101.0 -98.0 -94.0 
-90.0 -105.0 -79.0 -64.0 -76.0 -73.0 -70.0 
-74.0 -75.0 -67.0 -84.0 -67.0 -57.0 -81.0 
-82.0 -99.0 -83.0 -57.0 -51.0 -47.0 -52.0 
-37.0 -38.0 -37.0 -9.0 -8.0 -2.0 3.0 
2.0 14.0 3.0 -1.0 7.0 27.0 45.0 
41.0 29.0 16.0 26.0 38.0 33.0 24.0 
19.0 14.0 24.0 49.0 52.0 41.0 8.0 
-8.0 19.0 10.0 23.0 32.0 16.0 34.0 
23.0 13.0 8.0 17.0 50.0 64.0 81.0 
94.0 63.0 55.0 72.0 82.0 112.0 105.0 
93.0 81.0 52.0 40.0 36.0 39.0 38.0 
26.0 4.0 -16.0 -38.0 -44.0 -54.0 -53.0 
-46.0 -67.0 -74.0 -85.0 -80.0 -58.0 -66.0 
-75.0 -84.0 -71.0 -57.0 -51.0 -28.0 -39.0 
-58.0 -39.0 -38.0 -36.0 -16.0 -34.0 -41.0 
-32.0 -33.0 -31.0 -49.0 -55.0 -63.0 -52.0 
-37.0 -49.0 -43.0 -47.0 -35.0 -15.0 -19.0 
-32.0 -37.0 -40.0 -13.0 12.0 1.0 27.0 
7.0 14.0 36.0 26.0 51.0 24.0 33.0 
55.0 31.0 38.0 37.0 38.0 58.0 66.0 
59.0 69.0 83.0 66.0 68.0 82.0 98.0 
81.0 52.0 71.0 56.0 68.0 90.0 62.0 
64.0 61.0 58.0 60.0 51.0 52.0 48.0 
54.0 56.0 38.0 48.0 42.0 22.0 32.0 
12.0 11.0 22.0 2.0 0.0 -11.0 -18.0 
-22.0 -32.0 -44.0 -63.0 -43.0 -47.0 -63.0 
-70.0 -113.0 -116.0 -113.0 -126.0 -118.0 -133.0 
-128.0 -134.0 -165.0 -174.0 -173.0 -158.0 -148.0 
-141.0 -149.0 -140.0 -125.0 -116.0 -88.0 -83.0 
-68.0 -61.0 -61.0 -46.0 -21.0 2.0 -6.0 
-7.0 -2.0 26.0 39.0 32.0 57.0 54.0 
41.0 48.0 59.0 69.0 79.0 78.0 49.0 
37.0 60.0 83.0 89.0 78.0 54.0 43.0 
69.0 89.0 81.0 76.0 64.0 64.0 81.0 
65.0 62.0 69.0 51.0 72.0 69.0 51.0 
43.0 18.0 23.0 9.0 -2.0 6.0 -2.0 
-13.0 -32.0 -48.0 -42.0 -27.0 -33.0 -61.0 
-58.0 -54.0 -56.0 -34.0 -49.0 -33.0 -8.0 
-15.0 2.0 -3.0 1.0 24.0 53.0 51.0 
49.0 72.0 50.0 64.0 70.0 60.0 85.0 
68.0 67.0 64.0 38.0 53.0 57.0 40.0 
43.0 28.0 8.0 6.0 -8.0 -13.0 -18.0 
-46.0 -69.0 -89.0 -91.0 -101.0 -110.0 -103.0 
-116.0 -126.0 -149.0 -149.0 -125.0 -114.0 -108.0 
-116.0 -110.0 -104.0 -110.0 -90.0 -71.0 -55.0 
-51.0 -51.0 -39.0 -44.0 -21.0 16.0 29.0 
23.0 10.0 10.0 19.0 53.0 63.0 65.0 
67.0 53.0 69.0 68.0 77.0 95.0 81.0 
73.0 57.0 51.0 68.0 87.0 106.0 69.0 
33.0 50.0 64.0 105.0 117.0 72.0 60.0 
55.0 55.0 96.0 101.0 77.0 84.0 58.0 
53.0 70.0 52.0 39.0 47.0 45.0 25.0 
18.0 -18.0 -17.0 22.0 -29.0 -72.0 -67.0 
-58.0 -25.0 -42.0 -74.0 -95.0 -109.0 -96.0 
-103.0 -76.0 -66.0 -89.0 -102.0 -131.0 -133.0 
-115.0 -107.0 -107.0 -119.0 -131.0 -108.0 -79.0 
-66.0 -60.0 -79.0 -90.0 -68.0 -26.0 -4.0 
-16.0 -24.0 -13.0 3.0 27.0 61.0 76.0 
63.0 60.0 71.0 92.0 109.0 113.0 126.0 
108.0 92.0 73.0 66.0 92.0 104.0 116.0 
86.0 49.0 50.0 52.0 58.0 68.0 57.0 
51.0 57.0 43.0 22.0 16.0 20.0 25.0 
28.0 16.0 5.0 3.0 8.0 -18.0 -36.0 
-15.0 -23.0 -18.0 -16.0 -52.0 -61.0 -51.0 
-46.0 -43.0 -55.0 -46.0 -37.0 -43.0 -59.0 
-74.0 -69.0 -63.0 -29.0 -30.0 -74.0 -93.0 
-88.0 -52.0 -45.0 -64.0 -69.0 -73.0 -83.0 
-83.0 -49.0 -52.0 -66.0 -61.0 -71.0 -37.0 
-25.0 -49.0 -47.0 -38.0 -28.0 -35.0 -31.0 
-26.0 -24.0 -17.0 -16.0 -11.0 -5.0 6.0 
13.0 22.0 43.0 50.0 54.0 34.0 25.0 
64.0 68.0 64.0 56.0 51.0 71.0 45.0 
54.0 62.0 26.0 48.0 44.0 35.0 62.0 
50.0 32.0 23.0 25.0 49.0 69.0 66.0 
51.0 43.0 49.0 66.0 93.0 83.0 43.0 
36.0 48.0 60.0 68.0 63.0 64.0 74.0 
66.0 67.0 80.0 80.0 87.0 92.0 73.0 
73.0 73.0 66.0 74.0 48.0 37.0 33.0 
25.0 25.0 9.0 2.0 -5.0 -12.0 -40.0 
-66.0 -83.0 -94.0 -71.0 -87.0 -98.0 -104.0 
-142.0 -131.0 -140.0 -149.0 -133.0 -141.0 -120.0 
-134.0 -161.0 -151.0 -138.0 -115.0 -111.0 -104.0 
-96.0 -80.0 -58.0 -54.0 -66.0 -78.0 -52.0 
-40.0 -25.0 -1.0 -9.0 -20.0 -31.0 -11.0 
-4.0 16.0 47.0 52.0 87.0 82.0 72.0 
75.0 97.0 147.0 163.0 181.0 178.0 181.0 
189.0 189.0 212.0 219.0 215.0 196.0 191.0 
201.0 196.0 191.0 183.0 173.0 173.0 146.0 
103.0 101.0 97.0 82.0 72.0 33.0 6.0 
20.0 25.0 15.0 -11.0 -27.0 -17.0 -35.0 
-51.0 -62.0 -72.0 -59.0 -68.0 -69.0 -56.0 
-58.0 -72.0 -106.0 -133.0 -132.0 -106.0 -111.0 
-133.0 -115.0 -112.0 -115.0 -117.0 -125.0 -114.0 
-102.0 -80.0 -81.0 -85.0 -61.0 -65.0 -41.0 
-35.0 -11.0 30.0 0.0 -3.0 -12.0 18.0 
39.0 25.0 40.0 17.0 26.0 20.0 30.0 
40.0 26.0 55.0 44.0 59.0 75.0 54.0 
42.0 39.0 68.0 64.0 37.0 36.0 36.0 
49.0 50.0 25.0 8.0 13.0 5.0 0.0 
6.0 3.0 4.0 -36.0 -57.0 -49.0 -48.0 
-35.0 -61.0 -77.0 -83.0 -94.0 -70.0 -80.0 
-96.0 -83.0 -106.0 -104.0 -81.0 -105.0 -77.0 
-64.0 -88.0 -82.0 -89.0 -59.0 -39.0 -34.0 
-19.0 -37.0 -25.0 -12.0 -12.0 9.0 4.0 
-16.0 -20.0 4.0 40.0 45.0 32.0 8.0 
-1.0 17.0 40.0 68.0 59.0 59.0 58.0 
39.0 54.0 51.0 39.0 25.0 23.0 26.0 
30.0 26.0 -10.0 -26.0 -27.0 -11.0 -1.0 
-22.0 -49.0 -58.0 -51.0 -50.0 -55.0 -92.0 
-91.0 -72.0 -69.0 -68.0 -118.0 -118.0 -118.0 
-145.0 -120.0 -139.0 -138.0 -122.0 -139.0 -140.0 
-167.0 -162.0 -124.0 -118.0 -102.0 -104.0 -99.0 
-68.0 -58.0 -52.0 -46.0 -25.0 -2.0 0.0 
12.0 29.0 35.0 40.0 36.0 45.0 66.0 
58.0 71.0 69.0 56.0 62.0 43.0 67.0 
112.0 103.0 73.0 71.0 79.0 83.0 97.0 
91.0 99.0 107.0 102.0 102.0 95.0 111.0 
107.0 101.0 105.0 105.0 111.0 79.0 70.0 
77.0 63.0 67.0 58.0 42.0 36.0 28.0 
-2.0 -5.0 8.0 -5.0 -16.0 -21.0 -7.0 
-14.0 -45.0 -93.0 -101.0 -72.0 -94.0 -122.0 
-148.0 -145.0 -124.0 -147.0 -162.0 -157.0 -155.0 
-164.0 -178.0 -166.0 -165.0 -144.0 -129.0 -146.0 
-104.0 -76.0 -71.0 -77.0 -98.0 -55.0 -30.0 
-8.0 10.0 1.0 15.0 0.0 0.0 15.0 
37.0 58.0 48.0 36.0 25.0 47.0 27.0 
18.0 64.0 66.0 70.0 55.0 32.0 37.0 
16.0 26.0 50.0 56.0 57.0 30.0 20.0 
-7.0 -2.0 13.0 -26.0 2.0 8.0 -24.0 
-31.0 -57.0 -56.0 -31.0 -24.0 -51.0 -69.0 
-51.0 -51.0 -48.0 -62.0 -73.0 -37.0 -25.0 
-24.0 -37.0 -45.0 -37.0 -33.0 -3.0 -9.0 
-19.0 19.0 39.0 44.0 42.0 38.0 50.0 
61.0 65.0 82.0 108.0 95.0 73.0 69.0 
83.0 109.0 103.0 99.0 100.0 77.0 32.0 
37.0 74.0 81.0 88.0 59.0 50.0 46.0 
26.0 33.0 31.0 64.0 52.0 9.0 18.0 
-3.0 12.0 28.0 -23.0 -29.0 -18.0 -36.0 
-35.0 -34.0 -56.0 -70.0 -93.0 -86.0 -57.0 
-53.0 -61.0 -119.0 -143.0 -105.0 -66.0 -40.0 
-71.0 -88.0 -84.0 -66.0 -17.0 -7.0 -23.0 
-52.0 -60.0 -23.0 5.0 33.0 32.0 7.0 
-10.0 -31.0 32.0 73.0 62.0 71.0 29.0 
21.0 41.0 53.0 88.0 76.0 48.0 30.0 
8.0 18.0 36.0 40.0 37.0 23.0 -10.0 
-32.0 -19.0 -1.0 -2.0 -14.0 -46.0 -87.0 
-75.0 -43.0 -30.0 -51.0 -92.0 -96.0 -96.0 
-83.0 -81.0 -92.0 -86.0 -114.0 -106.0 -91.0 
-106.0 -99.0 -112.0 -120.0 -114.0 -93.0 -81.0 
-105.0 -113.0 -101.0 -96.0 -79.0 -40.0 -55.0 
-65.0 -47.0 -51.0 -21.0 -17.0 0.0 14.0 
-13.0 0.0 -19.0 13.0 44.0 22.0 47.0 
27.0 28.0 42.0 41.0 69.0 51.0 60.0 
81.0 66.0 61.0 59.0 47.0 57.0 65.0 
78.0 90.0 69.0 64.0 59.0 48.0 31.0 
56.0 81.0 45.0 36.0 22.0 15.0 20.0 
7.0 2.0 -4.0 1.0 -6.0 -14.0 -22.0 
-25.0 -27.0 -31.0 -13.0 -20.0 -35.0 -61.0 
-68.0 -47.0 -42.0 -55.0 -61.0 -53.0 -55.0 
-79.0 -108.0 -89.0 -98.0 -111.0 -109.0 -142.0 
-137.0 -130.0 -142.0 -136.0 -112.0 -115.0 -120.0 
-120.0 -137.0 -113.0 -97.0 -74.0 -68.0 -91.0 
-81.0 -86.0 -60.0 -44.0 -64.0 -54.0 -66.0 
-77.0 -60.0 -68.0 -46.0 -28.0 -39.0 -43.0 
-56.0 -36.0 -26.0 -34.0 -34.0 -28.0 -1.0 
-5.0 -24.0 -9.0 -1.0 6.0 27.0 16.0 
28.0 34.0 35.0 51.0 44.0 57.0 54.0 
58.0 50.0 51.0 75.0 60.0 58.0 57.0 
30.0 21.0 33.0 31.0 29.0 20.0 4.0 
-4.0 -19.0 -25.0 -12.0 -14.0 -10.0 -8.0 
-32.0 -37.0 -54.0 -40.0 -8.0 -7.0 -17.0 
-54.0 -59.0 -45.0 -42.0 -36.0 -39.0 -44.0 
-48.0 -44.0 -48.0 -45.0 -44.0 -45.0 -26.0 
-39.0 -47.0 -20.0 -19.0 -9.0 -11.0 -18.0 
-11.0 -26.0 -2.0 4.0 0.0 16.0 -17.0 
-11.0 -6.0 0.0 27.0 9.0 1.0 -33.0 
-32.0 -16.0 -19.0 5.0 -10.0 -29.0 -49.0 
-44.0 -31.0 -14.0 -7.0 -34.0 -30.0 -39.0 
-23.0 -10.0 -23.0 4.0 -16.0 -26.0 -30.0 
-43.0 -8.0 -6.0 -4.0 -28.0 -49.0 -12.0 
-22.0 -7.0 -5.0 -38.0 -34.0 -46.0 -25.0 
5.0 10.0 4.0 -8.0 -28.0 -48.0 -39.0 
-32.0 -5.0 -4.0 -46.0 -51.0 -61.0 -59.0 
-37.0 -45.0 -32.0 -27.0 -37.0 -34.0 -44.0 
-31.0 -14.0 -8.0 12.0 5.0 8.0 19.0 
11.0 37.0 64.0 77.0 82.0 70.0 79.0 
60.0 54.0 95.0 90.0 94.0 73.0 49.0 
57.0 43.0 43.0 33.0 18.0 18.0 31.0 
1.0 -24.0 -27.0 -52.0 -31.0 -69.0 -76.0 
-53.0 -112.0 -83.0 -124.0 -143.0 -88.0 -135.0 
-126.0 -155.0 -171.0 -120.0 -144.0 -141.0 -146.0 
-130.0 -88.0 -123.0 -123.0 -116.0 -82.0 -62.0 
-90.0 -79.0 -84.0 -67.0 -63.0 -75.0 -76.0 
-70.0 -54.0 -79.0 -86.0 -77.0 -76.0 -63.0 
-63.0 -52.0 -45.0 -42.0 -26.0 -37.0 -23.0 
5.0 14.0 0.0 -15.0 3.0 13.0 33.0 
30.0 34.0 90.0 84.0 100.0 126.0 102.0 
128.0 126.0 137.0 170.0 146.0 150.0 121.0 
101.0 99.0 61.0 79.0 55.0 51.0 63.0 
17.0 17.0 -17.0 -28.0 -9.0 -25.0 -25.0 
-53.0 -60.0 -66.0 -70.0 -45.0 -69.0 -65.0 
-44.0 -64.0 -42.0 -43.0 -34.0 -13.0 -48.0 
-30.0 -32.0 -10.0 34.0 19.0 29.0 10.0 
-4.0 24.0 35.0 67.0 98.0 67.0 57.0 
54.0 47.0 67.0 67.0 68.0 51.0 43.0 
44.0 31.0 38.0 11.0 -2.0 23.0 -16.0 
-10.0 -28.0 -73.0 -33.0 -50.0 -40.0 -35.0 
-63.0 -73.0 -87.0 -54.0 -43.0 -47.0 -77.0 
-105.0 -82.0 -53.0 -32.0 -55.0 -73.0 -72.0 
-94.0 -81.0 -71.0 -94.0 -71.0 -56.0 -56.0 
-42.0 -62.0 -49.0 -29.0 -34.0 -34.0 -41.0 
-4.0 17.0 12.0 14.0 -14.0 26.0 53.0 
14.0 34.0 49.0 79.0 88.0 52.0 44.0 
67.0 115.0 130.0 104.0 88.0 83.0 57.0 
69.0 67.0 80.0 100.0 59.0 58.0 53.0 
42.0 63.0 53.0 57.0 37.0 4.0 45.0 
49.0 48.0 25.0 -12.0 15.0 12.0 17.0 
14.0 -16.0 16.0 30.0 -8.0 -18.0 -25.0 
-9.0 6.0 -19.0 -38.0 -22.0 -3.0 -47.0 
-53.0 -42.0 -22.0 -16.0 -74.0 -56.0 -53.0 
-29.0 -33.0 -77.0 -45.0 -64.0 -62.0 -48.0 
-53.0 -40.0 -46.0 -28.0 -44.0 -67.0 -28.0 
-7.0 14.0 -20.0 -44.0 -1.0 4.0 24.0 
13.0 35.0 33.0 1.0 15.0 -33.0 9.0 
26.0 -4.0 -5.0 -55.0 -9.0 -6.0 -16.0 
0.0 -13.0 16.0 -28.0 -35.0 -11.0 7.0 
55.0 28.0 12.0 2.0 32.0 76.0 69.0 
77.0 48.0 62.0 78.0 78.0 89.0 74.0 
90.0 61.0 27.0 14.0 8.0 30.0 -4.0 
-24.0 -19.0 -37.0 -32.0 -53.0 -41.0 -45.0 
-64.0 -48.0 -71.0 -58.0 -57.0 -38.0 -33.0 
-48.0 -30.0 -52.0 -24.0 2.0 -1.0 3.0 
-4.0 0.0 18.0 31.0 38.0 62.0 47.0 
22.0 36.0 58.0 55.0 65.0 50.0 36.0 
84.0 72.0 72.0 67.0 43.0 67.0 51.0 
61.0 95.0 61.0 53.0 0.0 5.0 72.0 
19.0 54.0 5.0 -14.0 42.0 -4.0 21.0 
-7.0 -24.0 -10.0 -25.0 -2.0 -1.0 -1.0 
-26.0 -47.0 -37.0 -13.0 53.0 48.0 36.0 
35.0 -4.0 28.0 66.0 91.0 111.0 107.0 
68.0 45.0 70.0 65.0 102.0 98.0 62.0 
61.0 40.0 67.0 54.0 21.0 12.0 -22.0 
-16.0 -8.0 -7.0 5.0 -30.0 -56.0 -95.0 
-116.0 -102.0 -74.0 -44.0 -92.0 -93.0 -123.0 
-127.0 -96.0 -112.0 -77.0 -101.0 -88.0 -92.0 
-110.0 -104.0 -121.0 -81.0 -69.0 -87.0 -87.0 
-87.0 -85.0 -54.0 -44.0 -34.0 -30.0 -28.0 
-20.0 2.0 41.0 52.0 33.0 15.0 39.0 
82.0 98.0 86.0 107.0 105.0 101.0 101.0 
87.0 106.0 135.0 119.0 99.0 119.0 92.0 
100.0 93.0 81.0 101.0 75.0 57.0 42.0 
60.0 63.0 52.0 31.0 13.0 29.0 16.0 
18.0 2.0 -7.0 1.0 -34.0 -31.0 -4.0 
-4.0 13.0 -25.0 -53.0 -46.0 -51.0 21.0 
21.0 -27.0 -48.0 -70.0 -27.0 -4.0 -22.0 
-27.0 -43.0 -48.0 -31.0 -63.0 -57.0 -25.0 
-39.0 -40.0 -48.0 -34.0 -36.0 -43.0 -64.0 
-83.0 -27.0 -36.0 -37.0 -53.0 -107.0 -72.0 
-69.0 -48.0 -45.0 -79.0 -49.0 -54.0 -35.0 
-37.0 -50.0 3.0 -5.0 7.0 8.0 -29.0 
23.0 53.0 35.0 16.0 0.0 24.0 59.0 
96.0 61.0 15.0 12.0 -3.0 46.0 74.0 
57.0 33.0 -2.0 22.0 30.0 30.0 34.0 
14.0 62.0 35.0 9.0 22.0 -16.0 42.0 
30.0 27.0 64.0 15.0 38.0 31.0 14.0 
32.0 24.0 71.0 67.0 44.0 60.0 31.0 
51.0 49.0 49.0 56.0 54.0 79.0 62.0 
91.0 86.0 83.0 81.0 63.0 89.0 101.0 
145.0 139.0 121.0 94.0 79.0 112.0 122.0 
136.0 100.0 103.0 117.0 83.0 99.0 67.0 
56.0 54.0 25.0 50.0 22.0 35.0 9.0 
-48.0 -41.0 -81.0 -59.0 -72.0 -61.0 -41.0 
-115.0 -110.0 -142.0 -138.0 -100.0 -122.0 -112.0 
-138.0 -151.0 -156.0 -148.0 -123.0 -134.0 -118.0 
-119.0 -112.0 -92.0 -99.0 -82.0 -64.0 -64.0 
-66.0 -65.0 -16.0 18.0 18.0 13.0 15.0 
60.0 69.0 76.0 109.0 112.0 112.0 114.0 
112.0 145.0 169.0 149.0 146.0 153.0 171.0 
169.0 142.0 150.0 152.0 133.0 113.0 102.0 
123.0 122.0 88.0 58.0 67.0 100.0 86.0 
45.0 35.0 50.0 57.0 37.0 16.0 14.0 
6.0 14.0 19.0 13.0 -11.0 -23.0 10.0 
6.0 19.0 2.0 -17.0 4.0 -29.0 -17.0 
-10.0 -2.0 17.0 -45.0 -45.0 -26.0 -38.0 
-38.0 -61.0 -36.0 -14.0 -15.0 -44.0 -98.0 
-62.0 -52.0 -51.0 -18.0 -64.0 -46.0 -56.0 
-97.0 -53.0 -48.0 -28.0 -52.0 -92.0 -54.0 
-61.0 -59.0 -55.0 -79.0 -64.0 -48.0 -30.0 
-18.0 -26.0 -48.0 -49.0 -20.0 -16.0 -3.0 
-7.0 -19.0 -14.0 -16.0 12.0 10.0 6.0 
29.0 31.0 44.0 38.0 44.0 63.0 79.0 
95.0 71.0 80.0 98.0 103.0 99.0 103.0 
147.0 130.0 101.0 104.0 110.0 121.0 113.0 
113.0 127.0 134.0 105.0 79.0 92.0 93.0 
91.0 106.0 93.0 76.0 54.0 52.0 59.0 
28.0 20.0 26.0 10.0 0.0 -15.0 -40.0 
-23.0 -29.0 -67.0 -81.0 -82.0 -56.0 -74.0 
-94.0 -68.0 -48.0 -58.0 -100.0 -94.0 -71.0 
-74.0 -67.0 -73.0 -71.0 -82.0 -117.0 -107.0 
-95.0 -100.0 -70.0 -78.0 -116.0 -106.0 -88.0 
-57.0 -35.0 -62.0 -56.0 -27.0 -10.0 13.0 
-2.0 -11.0 16.0 13.0 15.0 47.0 80.0 
56.0 23.0 27.0 44.0 90.0 59.0 70.0 
71.0 45.0 115.0 62.0 57.0 113.0 70.0 
82.0 49.0 20.0 82.0 54.0 40.0 37.0 
18.0 63.0 25.0 16.0 46.0 44.0 42.0 
0.0 8.0 40.0 51.0 20.0 1.0 21.0 
7.0 -23.0 -25.0 -3.0 -37.0 -56.0 -61.0 
-35.0 -9.0 -71.0 -81.0 -70.0 -64.0 -76.0 
-107.0 -85.0 -55.0 -40.0 -72.0 -91.0 -50.0 
-27.0 -34.0 -69.0 -52.0 -1.0 4.0 -12.0 
-35.0 -16.0 -6.0 -21.0 6.0 29.0 42.0 
28.0 8.0 10.0 23.0 35.0 26.0 34.0 
43.0 47.0 30.0 -1.0 5.0 2.0 15.0 
8.0 -12.0 24.0 -5.0 -35.0 -39.0 -16.0 
28.0 7.0 -19.0 -38.0 16.0 35.0 1.0 
-2.0 -19.0 31.0 15.0 -11.0 25.0 8.0 
25.0 22.0 -5.0 7.0 26.0 36.0 20.0 
24.0 28.0 21.0 17.0 13.0 16.0 25.0 
27.0 0.0 -1.0 16.0 21.0 24.0 10.0 
15.0 38.0 40.0 29.0 23.0 21.0 23.0 
8.0 22.0 30.0 7.0 1.0 -42.0 -39.0 
-35.0 -56.0 -44.0 -53.0 -65.0 -87.0 -98.0 
-88.0 -87.0 -81.0 -93.0 -113.0 -85.0 -59.0 
-49.0 -55.0 -53.0 -34.0 -45.0 -16.0 -11.0 
-10.0 21.0 35.0 38.0 6.0 36.0 71.0 
71.0 62.0 44.0 83.0 79.0 47.0 62.0 
86.0 127.0 106.0 57.0 46.0 55.0 116.0 
95.0 40.0 62.0 62.0 46.0 24.0 18.0 
40.0 30.0 2.0 -9.0 -11.0 -12.0 -27.0 
-72.0 -69.0 -52.0 -83.0 -91.0 -91.0 -109.0 
-118.0 -121.0 -108.0 -85.0 -102.0 -100.0 -89.0 
-97.0 -69.0 -67.0 -61.0 -50.0 -58.0 -43.0 
-29.0 -6.0 0.0 -6.0 -9.0 -2.0 10.0 
23.0 25.0 8.0 26.0 24.0 26.0 39.0 
56.0 99.0 63.0 22.0 32.0 56.0 96.0 
88.0 64.0 50.0 71.0 92.0 67.0 81.0 
77.0 91.0 113.0 97.0 106.0 91.0 91.0 
89.0 83.0 88.0 69.0 78.0 63.0 41.0 
45.0 26.0 45.0 40.0 20.0 28.0 12.0 
29.0 19.0 -4.0 -2.0 -22.0 -11.0 0.0 
-26.0 -37.0 -65.0 -74.0 -54.0 -69.0 -72.0 
-66.0 -77.0 -72.0 -81.0 -106.0 -92.0 -81.0 
-74.0 -53.0 -61.0 -75.0 -86.0 -97.0 -88.0 
-69.0 -53.0 -51.0 -68.0 -71.0 -52.0 -37.0 
-39.0 -26.0 -5.0 -4.0 -12.0 -11.0 10.0 
6.0 -3.0 16.0 14.0 21.0 27.0 23.0 
42.0 43.0 41.0 34.0 25.0 39.0 43.0 
47.0 39.0 41.0 56.0 23.0 12.0 18.0 
21.0 34.0 17.0 0.0 -7.0 -18.0 -21.0 
-33.0 -40.0 -33.0 -30.0 -17.0 -22.0 -30.0 
-41.0 -54.0 -28.0 -14.0 -21.0 -15.0 -16.0 
-20.0 -23.0 -45.0 -32.0 -10.0 -22.0 -32.0 
-61.0 -60.0 -58.0 -82.0 -62.0 -53.0 -63.0 
-66.0 -103.0 -101.0 -84.0 -77.0 -53.0 -102.0 
-122.0 -96.0 -89.0 -80.0 -96.0 -99.0 -97.0 
-87.0 -78.0 -81.0 -67.0 -65.0 -68.0 -79.0 
-56.0 -43.0 -64.0 -27.0 -37.0 -36.0 -7.0 
-35.0 -27.0 -45.0 -19.0 0.0 -17.0 27.0 
-10.0 -10.0 -11.0 -18.0 46.0 29.0 27.0 
22.0 18.0 46.0 24.0 17.0 32.0 60.0 
71.0 40.0 15.0 35.0 67.0 55.0 69.0 
69.0 46.0 43.0 32.0 54.0 40.0 25.0 
52.0 28.0 10.0 13.0 -21.0 -23.0 -29.0 
-57.0 -25.0 -38.0 -53.0 -28.0 -59.0 -48.0 
-56.0 -75.0 -40.0 -47.0 -30.0 -63.0 -89.0 
-55.0 -77.0 -68.0 -84.0 -96.0 -112.0 -124.0 
-101.0 -116.0 -94.0 -101.0 -115.0 -114.0 -129.0 
-101.0 -118.0 -118.0 -101.0 -122.0 -107.0 -110.0 
-99.0 -70.0 -55.0 -42.0 -49.0 -48.0 -11.0 
11.0 -5.0 1.0 5.0 34.0 79.0 58.0 
64.0 75.0 60.0 93.0 87.0 106.0 123.0 
105.0 103.0 62.0 76.0 92.0 86.0 75.0 
56.0 65.0 41.0 40.0 56.0 28.0 24.0 
20.0 -3.0 -11.0 -29.0 -39.0 -67.0 -89.0 
-87.0 -94.0 -109.0 -139.0 -157.0 -143.0 -122.0 
-123.0 -160.0 -167.0 -163.0 -157.0 -126.0 -145.0 
-146.0 -124.0 -134.0 -128.0 -135.0 -142.0 -113.0 
-112.0 -100.0 -102.0 -122.0 -88.0 -107.0 -98.0 
-87.0 -96.0 -48.0 -77.0 -65.0 -36.0 -56.0 
-39.0 -37.0 -12.0 11.0 20.0 25.0 15.0 
10.0 30.0 67.0 59.0 61.0 52.0 59.0 
71.0 52.0 78.0 52.0 44.0 80.0 58.0 
76.0 75.0 56.0 80.0 81.0 95.0 108.0 
115.0 114.0 96.0 89.0 91.0 103.0 98.0 
118.0 114.0 91.0 90.0 76.0 80.0 70.0 
57.0 45.0 16.0 26.0 15.0 -26.0 -35.0 
-55.0 -46.0 -48.0 -79.0 -76.0 -83.0 -106.0 
-120.0 -123.0 -134.0 -128.0 -140.0 -170.0 -154.0 
-176.0 -178.0 -173.0 -197.0 -168.0 -173.0 -143.0 
-148.0 -186.0 -149.0 -158.0 -150.0 -143.0 -154.0 
-150.0 -138.0 -131.0 -149.0 -135.0 -130.0 -123.0 
-108.0 -134.0 -133.0 -110.0 -123.0 -92.0 -75.0 
-92.0 -63.0 -79.0 -73.0 -65.0 -80.0 -50.0 
-53.0 -41.0 -37.0 -48.0 -39.0 -41.0 -27.0 
-24.0 -8.0 0.0 -24.0 -20.0 -22.0 6.0 
38.0 28.0 20.0 3.0 27.0 47.0 57.0 
54.0 19.0 34.0 38.0 60.0 47.0 31.0 
69.0 31.0 43.0 24.0 11.0 70.0 39.0 
66.0 51.0 31.0 49.0 16.0 89.0 79.0 
89.0 101.0 19.0 73.0 46.0 55.0 92.0 
39.0 71.0 41.0 34.0 26.0 -6.0 11.0 
-13.0 -4.0 -14.0 -43.0 -58.0 -87.0 -106.0 
-104.0 -82.0 -96.0 -126.0 -135.0 -170.0 -148.0 
-122.0 -157.0 -142.0 -147.0 -133.0 -123.0 -147.0 
-135.0 -146.0 -151.0 -120.0 -105.0 -95.0 -86.0 
-112.0 -118.0 -88.0 -78.0 -74.0 -54.0 -43.0 
-27.0 -16.0 -29.0 -35.0 -28.0 -24.0 7.0 
40.0 15.0 -12.0 -16.0 -16.0 26.0 48.0 
20.0 28.0 23.0 30.0 71.0 46.0 48.0 
59.0 69.0 94.0 55.0 70.0 70.0 55.0 
92.0 87.0 87.0 59.0 72.0 81.0 53.0 
65.0 30.0 38.0 54.0 43.0 41.0 -9.0 
-6.0 8.0 6.0 31.0 2.0 -25.0 -48.0 
-63.0 -18.0 -22.0 -63.0 -81.0 -100.0 -79.0 
-72.0 -90.0 -95.0 -106.0 -107.0 -96.0 -70.0 
-85.0 -94.0 -74.0 -71.0 -50.0 -70.0 -78.0 
-51.0 -57.0 -29.0 -34.0 -38.0 -18.0 -55.0 
-56.0 -53.0 -47.0 -40.0 -49.0 -26.0 -44.0 
-61.0 -59.0 -73.0 -51.0 -37.0 -50.0 -47.0 
-52.0 -54.0 -40.0 -51.0 -43.0 -50.0 -43.0 
-23.0 -51.0 -43.0 -61.0 -49.0 -25.0 -52.0 
-34.0 -62.0 -58.0 -35.0 -64.0 -41.0 -54.0 
-69.0 -50.0 -49.0 -34.0 -31.0 -16.0 1.0 
-12.0 7.0 5.0 -1.0 18.0 22.0 70.0 
76.0 58.0 54.0 63.0 98.0 109.0 112.0 
95.0 103.0 100.0 97.0 96.0 66.0 96.0 
71.0 42.0 78.0 41.0 37.0 33.0 1.0 
-3.0 -34.0 -22.0 -24.0 -55.0 -66.0 -95.0 
-95.0 -100.0 -118.0 -108.0 -128.0 -137.0 -133.0 
-155.0 -138.0 -150.0 -174.0 -152.0 -136.0 -125.0 
-123.0 -110.0 -115.0 -118.0 -99.0 -86.0 -67.0 
-51.0 -39.0 -44.0 -57.0 -49.0 -31.0 -25.0 
-32.0 -26.0 -20.0 -9.0 12.0 -7.0 -7.0 
-11.0 -8.0 11.0 5.0 27.0 5.0 -11.0 
4.0 6.0 5.0 -1.0 0.0 7.0 11.0 
4.0 16.0 16.0 3.0 16.0 27.0 25.0 
18.0 10.0 12.0 2.0 13.0 23.0 13.0 
23.0 9.0 24.0 47.0 15.0 -14.0 -33.0 
-31.0 -37.0 -29.0 -18.0 -33.0 -68.0 -114.0 
-92.0 -80.0 -86.0 -57.0 -62.0 -79.0 -83.0 
-103.0 -101.0 -73.0 -60.0 -55.0 -46.0 -59.0 
-74.0 -66.0 -43.0 -24.0 -31.0 -23.0 -23.0 
-5.0 15.0 -5.0 13.0 21.0 13.0 21.0 
25.0 30.0 16.0 26.0 52.0 57.0 63.0 
72.0 84.0 69.0 80.0 73.0 62.0 98.0 
92.0 85.0 88.0 98.0 85.0 75.0 94.0 
79.0 107.0 104.0 88.0 102.0 57.0 80.0 
71.0 48.0 70.0 41.0 64.0 52.0 38.0 
52.0 26.0 29.0 14.0 17.0 30.0 5.0 
11.0 2.0 -6.0 -4.0 -30.0 -33.0 -24.0 
-1.0 -4.0 -19.0 -29.0 -36.0 -17.0 -19.0 
-7.0 14.0 -16.0 -23.0 -16.0 -27.0 -14.0 
-40.0 -14.0 -5.0 -35.0 -14.0 -21.0 -5.0 
-35.0 -22.0 -2.0 -21.0 -12.0 -41.0 -24.0 
-9.0 -1.0 -9.0 -17.0 17.0 10.0 13.0 
-9.0 -18.0 7.0 -12.0 -20.0 -38.0 -24.0 
0.0 -22.0 -24.0 -31.0 -25.0 -11.0 -9.0 
-6.0 -8.0 -20.0 -22.0 -6.0 -1.0 16.0 
6.0 -12.0 16.0 9.0 25.0 30.0 13.0 
30.0 12.0 9.0 -12.0 -5.0 31.0 0.0 
12.0 2.0 -17.0 -2.0 -22.0 -16.0 -11.0 
24.0 21.0 -32.0 -43.0 -58.0 -40.0 -15.0 
-12.0 -42.0 -62.0 -54.0 -66.0 -55.0 -78.0 
-91.0 -64.0 -84.0 -84.0 -79.0 -76.0 -72.0 
-88.0 -84.0 -90.0 -59.0 -44.0 -77.0 -60.0 
-65.0 -54.0 -10.0 -16.0 -9.0 2.0 11.0 
24.0 12.0 12.0 41.0 47.0 26.0 47.0 
43.0 31.0 29.0 2.0 30.0 41.0 35.0 
29.0 2.0 48.0 68.0 59.0 63.0 42.0 
67.0 95.0 76.0 72.0 102.0 120.0 121.0 
112.0 98.0 128.0 153.0 142.0 123.0 113.0 
115.0 117.0 124.0 99.0 91.0 114.0 85.0 
72.0 86.0 53.0 25.0 7.0 -17.0 -11.0 
-27.0 -55.0 -75.0 -73.0 -53.0 -101.0 -130.0 
-113.0 -116.0 -83.0 -125.0 -146.0 -90.0 -106.0 
-98.0 -136.0 -152.0 -89.0 -113.0 -96.0 -80.0 
-114.0 -80.0 -102.0 -64.0 -9.0 -52.0 -31.0 
-32.0 -29.0 -16.0 -27.0 -9.0 12.0 18.0 
30.0 36.0 18.0 36.0 41.0 43.0 36.0 
35.0 47.0 13.0 22.0 30.0 32.0 36.0 
-6.0 4.0 15.0 36.0 52.0 6.0 13.0 
21.0 41.0 67.0 47.0 58.0 48.0 39.0 
69.0 76.0 53.0 22.0 31.0 53.0 53.0 
34.0 -3.0 -19.0 -24.0 -28.0 -14.0 -17.0 
-31.0 -56.0 -79.0 -99.0 -75.0 -31.0 -51.0 
-77.0 -116.0 -121.0 -77.0 -66.0 -89.0 -114.0 
-114.0 -124.0 -118.0 -91.0 -98.0 -103.0 -106.0 
-134.0 -131.0 -140.0 -147.0 -120.0 -128.0 -123.0 
-134.0 -146.0 -127.0 -132.0 -113.0 -121.0 -131.0 
-131.0 -144.0 -104.0 -107.0 -107.0 -82.0 -98.0 
-87.0 -105.0 -85.0 -44.0 -59.0 -38.0 -43.0 
-23.0 -21.0 -35.0 0.0 3.0 19.0 1.0 
-19.0 14.0 26.0 45.0 28.0 -17.0 12.0 
29.0 24.0 20.0 33.0 55.0 44.0 28.0 
11.0 39.0 73.0 61.0 53.0 65.0 70.0 
48.0 51.0 72.0 86.0 87.0 39.0 40.0 
78.0 74.0 64.0 43.0 32.0 36.0 38.0 
22.0 20.0 26.0 4.0 11.0 -22.0 -45.0 
-6.0 -27.0 -19.0 -22.0 -39.0 -29.0 -37.0 
-9.0 -4.0 -5.0 -21.0 -20.0 13.0 8.0 
43.0 53.0 26.0 37.0 35.0 45.0 57.0 
54.0 72.0 57.0 30.0 36.0 31.0 24.0 
18.0 8.0 7.0 1.0 -19.0 -32.0 -50.0 
-54.0 -39.0 -56.0 -55.0 -56.0 -81.0 -71.0 
-83.0 -88.0 -75.0 -103.0 -89.0 -70.0 -82.0 
-75.0 -95.0 -119.0 -115.0 -100.0 -76.0 -59.0 
-100.0 -125.0 -88.0 -76.0 -78.0 -102.0 -120.0 
-92.0 -66.0 -55.0 -62.0 -81.0 -69.0 -28.0 
-17.0 -9.0 -19.0 -18.0 24.0 24.0 34.0 
35.0 25.0 49.0 57.0 85.0 70.0 52.0 
79.0 64.0 86.0 45.0 23.0 76.0 60.0 
71.0 34.0 24.0 21.0 -12.0 23.0 -16.0 
-16.0 -4.0 -19.0 -1.0 -47.0 -69.0 -64.0 
-28.0 6.0 -20.0 -30.0 -72.0 -59.0 -26.0 
-59.0 -53.0 -63.0 -51.0 -32.0 -75.0 -106.0 
-115.0 -75.0 -58.0 -78.0 -70.0 -95.0 -81.0 
-74.0 -94.0 -63.0 -72.0 -67.0 -60.0 -86.0 
-98.0 -96.0 -74.0 -76.0 -89.0 -101.0 -101.0 
-80.0 -96.0 -97.0 -87.0 -88.0 -77.0 -84.0 
-75.0 -54.0 -35.0 -30.0 -29.0 -34.0 -37.0 
-19.0 4.0 27.0 13.0 1.0 9.0 2.0 
9.0 11.0 17.0 12.0 -22.0 -18.0 -31.0 
-31.0 -11.0 -30.0 -32.0 -58.0 -67.0 -62.0 
-35.0 -24.0 -53.0 -48.0 -69.0 -70.0 -36.0 
-22.0 -25.0 -28.0 -32.0 -25.0 -21.0 -19.0 
-2.0 -25.0 -5.0 18.0 6.0 22.0 -4.0 
6.0 25.0 9.0 22.0 9.0 24.0 31.0 
28.0 22.0 4.0 40.0 39.0 40.0 46.0 
44.0 56.0 59.0 57.0 54.0 94.0 103.0 
103.0 100.0 73.0 89.0 81.0 116.0 122.0 
65.0 82.0 55.0 35.0 40.0 19.0 21.0 
-15.0 -19.0 -39.0 -86.0 -86.0 -101.0 -77.0 
-88.0 -119.0 -128.0 -150.0 -121.0 -144.0 -155.0 
-155.0 -181.0 -138.0 -141.0 -141.0 -139.0 -149.0 
-137.0 -152.0 -128.0 -104.0 -82.0 -88.0 -103.0 
-85.0 -108.0 -93.0 -66.0 -66.0 -42.0 -39.0 
-55.0 -55.0 -43.0 -27.0 0.0 0.0 7.0 
28.0 25.0 32.0 16.0 41.0 67.0 57.0 
66.0 38.0 52.0 82.0 77.0 100.0 79.0 
67.0 64.0 54.0 74.0 60.0 72.0 68.0 
48.0 45.0 19.0 36.0 44.0 43.0 40.0 
8.0 13.0 5.0 1.0 16.0 -1.0 -9.0 
-33.0 -72.0 -75.0 -62.0 -56.0 -78.0 -87.0 
-102.0 -122.0 -112.0 -131.0 -134.0 -135.0 -160.0 
-148.0 -155.0 -170.0 -153.0 -167.0 -189.0 -174.0 
-170.0 -169.0 -167.0 -159.0 -152.0 -156.0 -132.0 
-142.0 -140.0 -89.0 -90.0 -101.0 -82.0 -87.0 
-88.0 -72.0 -58.0 -28.0 -33.0 -27.0 1.0 
-2.0 9.0 22.0 34.0 49.0 38.0 32.0 
57.0 74.0 89.0 77.0 81.0 83.0 68.0 
104.0 104.0 110.0 113.0 104.0 88.0 81.0 
99.0 91.0 114.0 100.0 54.0 23.0 6.0 
12.0 33.0 44.0 10.0 -7.0 -32.0 -47.0 
-45.0 -36.0 -39.0 -59.0 -54.0 -75.0 -76.0 
-73.0 -78.0 -73.0 -80.0 -84.0 -92.0 -82.0 
-79.0 -80.0 -86.0 -89.0 -80.0 -76.0 -67.0 
-66.0 -54.0 -53.0 -43.0 -32.0 -59.0 -42.0 
-27.0 -28.0 4.0 -20.0 -11.0 -6.0 -39.0 
-22.0 -42.0 -21.0 -13.0 -32.0 -3.0 -32.0 
-34.0 -20.0 -21.0 6.0 -1.0 8.0 21.0 
-8.0 -2.0 -21.0 -18.0 18.0 18.0 49.0 
46.0 40.0 39.0 25.0 30.0 26.0 58.0 
80.0 77.0 74.0 59.0 50.0 52.0 60.0 
66.0 70.0 64.0 44.0 25.0 24.0 39.0 
45.0 29.0 18.0 21.0 10.0 -7.0 -2.0 
7.0 13.0 -5.0 -22.0 3.0 -1.0 -16.0 
-4.0 -21.0 4.0 9.0 -22.0 15.0 -9.0 
-9.0 -4.0 -29.0 -8.0 -32.0 -33.0 -35.0 
-32.0 -42.0 -67.0 -48.0 -54.0 -37.0 -61.0 
-90.0 -73.0 -74.0 -67.0 -83.0 -59.0 -55.0 
-101.0 -105.0 -114.0 -93.0 -86.0 -106.0 -82.0 
-82.0 -65.0 -78.0 -91.0 -53.0 -63.0 -27.0 
-12.0 -15.0 -6.0 -43.0 -7.0 13.0 15.0 
39.0 28.0 43.0 37.0 26.0 27.0 25.0 
31.0 25.0 38.0 35.0 19.0 -4.0 -7.0 
11.0 15.0 -1.0 -9.0 5.0 -17.0 -22.0 
-25.0 -24.0 9.0 -6.0 1.0 -12.0 -15.0 
-2.0 -18.0 13.0 18.0 22.0 21.0 15.0 
16.0 2.0 15.0 19.0 17.0 6.0 -10.0 
8.0 18.0 7.0 -2.0 -18.0 -26.0 -38.0 
-45.0 -11.0 -5.0 -10.0 -12.0 -39.0 -36.0 
-26.0 -27.0 -14.0 17.0 -8.0 -36.0 -44.0 
-44.0 15.0 16.0 7.0 13.0 -28.0 -20.0 
-6.0 -13.0 23.0 35.0 32.0 25.0 -14.0 
-6.0 7.0 18.0 21.0 8.0 12.0 -11.0 
-33.0 -14.0 13.0 23.0 10.0 -8.0 -18.0 
-27.0 -20.0 -15.0 9.0 16.0 -1.0 4.0 
-15.0 8.0 25.0 28.0 38.0 13.0 23.0 
27.0 49.0 75.0 53.0 59.0 35.0 36.0 
68.0 48.0 77.0 75.0 64.0 58.0 37.0 
49.0 49.0 70.0 81.0 77.0 52.0 31.0 
29.0 30.0 60.0 69.0 62.0 47.0 44.0 
50.0 44.0 64.0 60.0 68.0 77.0 33.0 
41.0 40.0 29.0 37.0 19.0 46.0 31.0 
11.0 32.0 14.0 52.0 46.0 17.0 43.0 
38.0 73.0 70.0 46.0 66.0 49.0 59.0 
46.0 50.0 79.0 54.0 53.0 27.0 19.0 
25.0 16.0 44.0 19.0 -2.0 1.0 -10.0 
17.0 26.0 30.0 37.0 33.0 45.0 24.0 
39.0 55.0 22.0 56.0 60.0 54.0 85.0 
66.0 79.0 89.0 107.0 92.0 86.0 129.0 
105.0 131.0 132.0 131.0 147.0 85.0 93.0 
106.0 121.0 128.0 79.0 67.0 64.0 74.0 
74.0 69.0 69.0 50.0 58.0 46.0 40.0 
42.0 33.0 59.0 58.0 58.0 40.0 16.0 
51.0 55.0 76.0 75.0 55.0 83.0 53.0 
62.0 77.0 79.0 109.0 97.0 111.0 84.0 
91.0 99.0 78.0 110.0 87.0 111.0 98.0 
84.0 98.0 50.0 90.0 89.0 101.0 116.0 
49.0 93.0 83.0 92.0 125.0 67.0 118.0 
98.0 86.0 112.0 70.0 109.0 104.0 91.0 
114.0 113.0 112.0 79.0 64.0 68.0 85.0 
97.0 100.0 108.0 75.0 65.0 84.0 99.0 
104.0 99.0 84.0 68.0 92.0 115.0 106.0 
91.0 83.0 73.0 75.0 76.0 102.0 126.0 
90.0 84.0 70.0 78.0 131.0 98.0 92.0 
82.0 61.0 107.0 56.0 42.0 64.0 46.0 
65.0 35.0 37.0 52.0 36.0 43.0 27.0 
54.0 100.0 93.0 81.0 79.0 92.0 92.0 
97.0 122.0 140.0 156.0 132.0 126.0 157.0 
162.0 173.0 189.0 200.0 193.0 200.0 195.0 
183.0 225.0 224.0 208.0 191.0 164.0 190.0 
191.0 182.0 188.0 162.0 158.0 153.0 133.0 
145.0 142.0 143.0 147.0 139.0 132.0 102.0 
96.0 120.0 107.0 90.0 67.0 38.0 62.0 
39.0 27.0 23.0 -2.0 12.0 -13.0 3.0 
4.0 -3.0 -2.0 -25.0 15.0 -4.0 -8.0 
19.0 -1.0 35.0 35.0 22.0 44.0 53.0 
65.0 71.0 74.0 82.0 105.0 101.0 102.0 
107.0 111.0 129.0 138.0 151.0 146.0 151.0 
144.0 164.0 197.0 192.0 216.0 216.0 226.0 
241.0 259.0 285.0 263.0 307.0 314.0 299.0 
321.0 285.0 322.0 331.0 299.0 299.0 278.0 
289.0 256.0 246.0 238.0 210.0 233.0 199.0 
184.0 181.0 152.0 156.0 151.0 120.0 82.0 
68.0 61.0 61.0 50.0 23.0 12.0 0.0 
-8.0 -29.0 -32.0 -17.0 -36.0 -35.0 -34.0 
-58.0 -48.0 -46.0 -37.0 -13.0 -36.0 -40.0 
-25.0 -14.0 4.0 6.0 14.0 1.0 5.0 
39.0 42.0 55.0 62.0 44.0 55.0 86.0 
92.0 104.0 118.0 108.0 106.0 113.0 124.0 
122.0 114.0 124.0 131.0 150.0 140.0 130.0 
145.0 135.0 149.0 169.0 185.0 192.0 181.0 
175.0 192.0 193.0 191.0 209.0 205.0 222.0 
220.0 214.0 236.0 230.0 229.0 222.0 207.0 
221.0 229.0 210.0 196.0 183.0 198.0 204.0 
180.0 189.0 162.0 145.0 139.0 118.0 149.0 
142.0 125.0 120.0 96.0 91.0 88.0 83.0 
72.0 82.0 67.0 46.0 45.0 25.0 46.0 
36.0 16.0 29.0 9.0 17.0 17.0 1.0 
9.0 -13.0 -10.0 5.0 15.0 34.0 19.0 
27.0 31.0 24.0 42.0 51.0 76.0 81.0 
75.0 69.0 61.0 91.0 90.0 100.0 120.0 
94.0 106.0 101.0 113.0 139.0 110.0 140.0 
145.0 135.0 143.0 140.0 148.0 133.0 157.0 
161.0 147.0 147.0 145.0 176.0 172.0 168.0 
169.0 182.0 194.0 166.0 190.0 193.0 197.0 
206.0 174.0 190.0 167.0 170.0 175.0 165.0 
205.0 161.0 138.0 138.0 119.0 130.0 120.0 
140.0 151.0 109.0 94.0 87.0 88.0 91.0 
83.0 99.0 98.0 80.0 70.0 72.0 66.0 
54.0 70.0 79.0 87.0 78.0 75.0 85.0 
78.0 101.0 105.0 124.0 149.0 112.0 102.0 
114.0 122.0 150.0 170.0 180.0 176.0 138.0 
137.0 175.0 189.0 191.0 176.0 150.0 141.0 
148.0 153.0 154.0 136.0 101.0 93.0 102.0 
128.0 128.0 81.0 38.0 12.0 31.0 52.0 
59.0 41.0 -20.0 -54.0 -62.0 -26.0 35.0 
37.0 23.0 -11.0 -36.0 -1.0 12.0 29.0 
44.0 15.0 31.0 32.0 12.0 49.0 50.0 
54.0 50.0 25.0 52.0 54.0 83.0 121.0 
98.0 76.0 26.0 51.0 105.0 102.0 104.0 
76.0 58.0 59.0 54.0 59.0 66.0 81.0 
111.0 102.0 51.0 35.0 52.0 67.0 104.0 
122.0 97.0 96.0 73.0 79.0 121.0 107.0 
105.0 99.0 92.0 118.0 112.0 95.0 73.0 
80.0 113.0 127.0 149.0 118.0 94.0 99.0 
96.0 115.0 101.0 102.0 107.0 92.0 97.0 
83.0 66.0 66.0 67.0 69.0 90.0 89.0 
56.0 44.0 54.0 74.0 86.0 85.0 86.0 
74.0 57.0 67.0 70.0 78.0 95.0 80.0 
54.0 23.0 21.0 34.0 32.0 30.0 4.0 
-1.0 -4.0 -7.0 6.0 -18.0 -22.0 -12.0 
-21.0 -16.0 -28.0 -35.0 -33.0 -44.0 -23.0 
-14.0 -15.0 -15.0 -13.0 23.0 16.0 19.0 
36.0 35.0 66.0 64.0 75.0 83.0 77.0 
58.0 43.0 78.0 76.0 94.0 80.0 49.0 
74.0 68.0 65.0 66.0 81.0 91.0 69.0 
74.0 82.0 88.0 76.0 72.0 95.0 100.0 
111.0 84.0 88.0 122.0 102.0 105.0 103.0 
116.0 118.0 97.0 118.0 101.0 102.0 113.0 
103.0 112.0 103.0 102.0 98.0 82.0 79.0 
77.0 76.0 82.0 83.0 79.0 57.0 29.0 
26.0 46.0 58.0 65.0 64.0 55.0 48.0 
30.0 39.0 75.0 82.0 61.0 59.0 67.0 
67.0 72.0 46.0 41.0 60.0 44.0 34.0 
16.0 9.0 13.0 -12.0 14.0 29.0 25.0 
47.0 11.0 11.0 18.0 -5.0 22.0 21.0 
23.0 45.0 18.0 -4.0 -8.0 0.0 3.0 
17.0 31.0 -2.0 -2.0 -16.0 -13.0 7.0 
-7.0 -3.0 14.0 31.0 9.0 -7.0 -13.0 
-9.0 20.0 7.0 11.0 18.0 -9.0 7.0 
-11.0 2.0 36.0 11.0 16.0 7.0 12.0 
14.0 -12.0 15.0 34.0 31.0 32.0 32.0 
58.0 60.0 40.0 52.0 61.0 75.0 93.0 
82.0 89.0 101.0 83.0 70.0 84.0 88.0 
89.0 86.0 63.0 65.0 59.0 40.0 35.0 
52.0 69.0 48.0 29.0 37.0 42.0 56.0 
64.0 66.0 89.0 75.0 43.0 48.0 67.0 
76.0 93.0 85.0 78.0 70.0 34.0 55.0 
68.0 76.0 105.0 77.0 61.0 58.0 43.0 
59.0 72.0 59.0 42.0 38.0 23.0 18.0 
6.0 -7.0 19.0 8.0 -6.0 -3.0 -12.0 
-6.0 -20.0 -7.0 7.0 -9.0 0.0 -17.0 
0.0 16.0 8.0 23.0 6.0 35.0 46.0 
21.0 41.0 27.0 32.0 22.0 25.0 36.0 
5.0 29.0 6.0 -3.0 11.0 -22.0 -16.0 
-16.0 -29.0 -54.0 -38.0 -38.0 -84.0 -68.0 
-80.0 -55.0 -40.0 -79.0 -35.0 -53.0 -68.0 
-33.0 -42.0 -6.0 -18.0 -16.0 5.0 -4.0 
37.0 45.0 56.0 44.0 29.0 63.0 80.0 
96.0 93.0 95.0 98.0 96.0 107.0 117.0 
126.0 102.0 92.0 97.0 97.0 91.0 91.0 
122.0 109.0 104.0 93.0 79.0 96.0 78.0 
98.0 97.0 67.0 73.0 60.0 65.0 64.0 
62.0 74.0 71.0 70.0 44.0 40.0 31.0 
37.0 45.0 20.0 34.0 25.0 15.0 21.0 
11.0 20.0 30.0 36.0 50.0 36.0 26.0 
32.0 15.0 17.0 36.0 40.0 29.0 13.0 
-2.0 -9.0 -9.0 -29.0 -25.0 -6.0 -19.0 
-33.0 -36.0 -45.0 -57.0 -67.0 -62.0 -28.0 
-23.0 -30.0 -38.0 -58.0 -48.0 -59.0 -51.0 
-34.0 -44.0 -22.0 -17.0 -24.0 -47.0 -55.0 
-28.0 -9.0 11.0 9.0 8.0 -25.0 -54.0 
-35.0 -25.0 -5.0 7.0 10.0 3.0 -10.0 
-11.0 -16.0 -5.0 -1.0 3.0 14.0 5.0 
13.0 24.0 48.0 45.0 38.0 54.0 36.0 
41.0 35.0 42.0 67.0 54.0 61.0 45.0 
53.0 77.0 57.0 81.0 89.0 80.0 79.0 
69.0 90.0 81.0 61.0 43.0 37.0 43.0 
17.0 8.0 1.0 -2.0 -26.0 -60.0 -54.0 
-54.0 -59.0 -84.0 -93.0 -109.0 -127.0 -115.0 
-129.0 -124.0 -109.0 -115.0 -105.0 -123.0 -140.0 
-119.0 -124.0 -123.0 -99.0 -107.0 -104.0 -100.0 
-107.0 -69.0 -69.0 -60.0 -47.0 -66.0 -25.0 
-17.0 -15.0 15.0 22.0 31.0 31.0 44.0 
63.0 60.0 77.0 83.0 88.0 100.0 79.0 
94.0 88.0 79.0 87.0 87.0 96.0 59.0 
72.0 86.0 59.0 47.0 40.0 54.0 33.0 
18.0 32.0 15.0 15.0 16.0 -4.0 17.0 
-6.0 -17.0 0.0 -43.0 -5.0 0.0 -28.0 
-9.0 -37.0 -37.0 -20.0 -24.0 -34.0 -42.0 
-59.0 -68.0 -69.0 -82.0 -80.0 -80.0 -94.0 
-97.0 -96.0 -98.0 -93.0 -92.0 -66.0 -58.0 
-66.0 -71.0 -73.0 -54.0 -63.0 -40.0 -22.0 
-41.0 -28.0 -43.0 -43.0 -15.0 -10.0 -14.0 
-39.0 -33.0 -31.0 -43.0 -25.0 -42.0 -43.0 
-42.0 -56.0 -43.0 -50.0 -67.0 -59.0 -51.0 
-66.0 -48.0 -49.0 -55.0 -17.0 -27.0 -40.0 
-41.0 -43.0 -21.0 -15.0 -8.0 3.0 -4.0 
-23.0 -32.0 -23.0 -23.0 -7.0 -1.0 -20.0 
-10.0 -22.0 -33.0 -36.0 -26.0 13.0 14.0 
5.0 -5.0 -6.0 -7.0 -17.0 -11.0 -2.0 
5.0 -7.0 -28.0 -42.0 -60.0 -59.0 -42.0 
-59.0 -78.0 -87.0 -94.0 -96.0 -97.0 -110.0 
-120.0 -106.0 -108.0 -96.0 -74.0 -87.0 -91.0 
-92.0 -113.0 -94.0 -82.0 -79.0 -61.0 -83.0 
-77.0 -75.0 -90.0 -56.0 -65.0 -77.0 -62.0 
-70.0 -79.0 -85.0 -81.0 -79.0 -82.0 -69.0 
-64.0 -65.0 -56.0 -69.0 -79.0 -71.0 -68.0 
-37.0 -53.0 -84.0 -71.0 -73.0 -55.0 -54.0 
-63.0 -51.0 -44.0 -38.0 -53.0 -41.0 -35.0 
-34.0 -19.0 -32.0 -10.0 -14.0 -46.0 -31.0 
-15.0 -14.0 -46.0 -19.0 5.0 -34.0 -6.0 
-17.0 -19.0 12.0 -37.0 5.0 20.0 -28.0 
8.0 -14.0 -22.0 -17.0 -27.0 1.0 -35.0 
-51.0 -27.0 -62.0 -72.0 -51.0 -57.0 -62.0 
-86.0 -71.0 -51.0 -74.0 -66.0 -83.0 -72.0 
-44.0 -72.0 -72.0 -99.0 -114.0 -103.0 -124.0 
-120.0 -129.0 -154.0 -154.0 -152.0 -164.0 -182.0 
-191.0 -192.0 -203.0 -214.0 -187.0 -179.0 -203.0 
-201.0 -214.0 -200.0 -187.0 -190.0 -156.0 -147.0 
-140.0 -141.0 -148.0 -145.0 -135.0 -107.0 -97.0 
-82.0 -70.0 -78.0 -66.0 -54.0 -55.0 -37.0 
-39.0 -36.0 -32.0 -36.0 -26.0 -39.0 -33.0 
-17.0 -13.0 -12.0 -11.0 9.0 12.0 5.0 
1.0 1.0 18.0 34.0 26.0 9.0 17.0 
43.0 49.0 51.0 50.0 28.0 29.0 19.0 
24.0 23.0 5.0 27.0 5.0 -11.0 -35.0 
-71.0 -47.0 -51.0 -53.0 -49.0 -77.0 -91.0 
-111.0 -113.0 -102.0 -104.0 -112.0 -135.0 -148.0 
-140.0 -139.0 -151.0 -160.0 -166.0 -163.0 -172.0 
-189.0 -194.0 -216.0 -212.0 -205.0 -216.0 -233.0 
-254.0 -257.0 -261.0 -248.0 -266.0 -268.0 -261.0 
-271.0 -242.0 -249.0 -250.0 -242.0 -241.0 -215.0 
-207.0 -190.0 -161.0 -141.0 -129.0 -106.0 -81.0 
-69.0 -32.0 -11.0 -20.0 10.0 43.0 48.0 
58.0 71.0 87.0 98.0 97.0 106.0 119.0 
121.0 136.0 136.0 137.0 132.0 101.0 101.0 
104.0 117.0 141.0 126.0 113.0 103.0 83.0 
87.0 79.0 71.0 70.0 51.0 40.0 11.0 
-19.0 -26.0 -52.0 -66.0 -69.0 -97.0 -106.0 
-116.0 -142.0 -148.0 -157.0 -166.0 -167.0 -177.0 
-194.0 -200.0 -190.0 -187.0 -200.0 -217.0 -218.0 
-197.0 -186.0 -195.0 -188.0 -175.0 -169.0 -170.0 
-154.0 -144.0 -139.0 -120.0 -108.0 -89.0 -93.0 
-108.0 -100.0 -96.0 -86.0 -81.0 -68.0 -51.0 
-56.0 -59.0 -67.0 -55.0 -56.0 -76.0 -69.0 
-62.0 -43.0 -48.0 -66.0 -84.0 -103.0 -86.0 
-89.0 -73.0 -57.0 -78.0 -94.0 -113.0 -104.0 
-72.0 -70.0 -66.0 -50.0 -46.0 -23.0 -36.0 
-40.0 -3.0 -1.0 33.0 48.0 55.0 91.0 
87.0 94.0 101.0 92.0 102.0 111.0 127.0 
114.0 79.0 86.0 69.0 41.0 14.0 -5.0 
15.0 11.0 2.0 -2.0 -35.0 -60.0 -88.0 
-105.0 -60.0 -59.0 -98.0 -106.0 -137.0 -145.0 
-134.0 -146.0 -142.0 -123.0 -119.0 -132.0 -127.0 
-124.0 -113.0 -108.0 -129.0 -103.0 -100.0 -93.0 
-68.0 -87.0 -84.0 -87.0 -106.0 -88.0 -89.0 
-90.0 -78.0 -79.0 -73.0 -91.0 -92.0 -90.0 
-98.0 -67.0 -64.0 -51.0 -48.0 -64.0 -43.0 
-45.0 -41.0 -36.0 -41.0 -40.0 -33.0 -26.0 
-25.0 -31.0 -47.0 -30.0 -17.0 -20.0 -16.0 
-14.0 -3.0 -8.0 -5.0 -1.0 -2.0 19.0 
7.0 -14.0 -7.0 3.0 2.0 -16.0 -37.0 
-43.0 -29.0 -9.0 2.0 -44.0 -78.0 -68.0 
-61.0 -31.0 -19.0 -32.0 -48.0 -57.0 -48.0 
-40.0 -36.0 -36.0 -20.0 -9.0 -26.0 -35.0 
-42.0 -47.0 -40.0 -34.0 -34.0 -51.0 -66.0 
-69.0 -74.0 -67.0 -64.0 -80.0 -75.0 -76.0 
-83.0 -85.0 -95.0 -95.0 -90.0 -68.0 -77.0 
-89.0 -107.0 -136.0 -121.0 -112.0 -89.0 -87.0 
-104.0 -116.0 -129.0 -112.0 -99.0 -104.0 -109.0 
-107.0 -116.0 -91.0 -84.0 -113.0 -119.0 -121.0 
-96.0 -82.0 -85.0 -88.0 -106.0 -114.0 -105.0 
-80.0 -60.0 -51.0 -42.0 -45.0 -51.0 -41.0 
-39.0 -19.0 -4.0 -8.0 -15.0 -21.0 -25.0 
-33.0 -30.0 -41.0 -30.0 -28.0 -59.0 -48.0 
-31.0 -33.0 -25.0 -37.0 -41.0 -11.0 2.0 
4.0 8.0 24.0 37.0 29.0 41.0 64.0 
65.0 58.0 78.0 95.0 93.0 90.0 77.0 
105.0 118.0 105.0 99.0 86.0 110.0 135.0 
108.0 91.0 82.0 72.0 94.0 107.0 105.0 
85.0 34.0 14.0 41.0 37.0 32.0 16.0 
4.0 29.0 -18.0 -63.0 -74.0 -83.0 -69.0 
-63.0 -93.0 -132.0 -140.0 -153.0 -150.0 -153.0 
-177.0 -172.0 -188.0 -191.0 -191.0 -220.0 -193.0 
-193.0 -178.0 -177.0 -234.0 -178.0 -167.0 -168.0 
-149.0 -190.0 -165.0 -159.0 -139.0 -105.0 -116.0 
-114.0 -146.0 -127.0 -89.0 -104.0 -91.0 -100.0 
-86.0 -65.0 -79.0 -68.0 -84.0 -74.0 -38.0 
-40.0 -24.0 -23.0 -16.0 6.0 7.0 0.0 
-6.0 16.0 32.0 44.0 54.0 42.0 45.0 
53.0 44.0 32.0 43.0 61.0 66.0 86.0 
61.0 32.0 24.0 9.0 51.0 61.0 49.0 
53.0 55.0 56.0 31.0 8.0 27.0 48.0 
49.0 47.0 22.0 -5.0 -18.0 -13.0 -21.0 
-44.0 -29.0 -45.0 -88.0 -68.0 -94.0 -126.0 
-115.0 -116.0 -103.0 -115.0 -131.0 -135.0 -134.0 
-134.0 -167.0 -166.0 -142.0 -123.0 -98.0 -136.0 
-159.0 -140.0 -147.0 -137.0 -128.0 -108.0 -93.0 
-84.0 -96.0 -118.0 -104.0 -106.0 -84.0 -56.0 
-61.0 -72.0 -98.0 -104.0 -92.0 -88.0 -85.0 
-75.0 -56.0 -60.0 -75.0 -75.0 -58.0 -35.0 
-29.0 -13.0 -3.0 1.0 4.0 4.0 41.0 
70.0 77.0 77.0 86.0 114.0 125.0 136.0 
138.0 139.0 160.0 168.0 183.0 180.0 174.0 
178.0 176.0 192.0 176.0 161.0 161.0 137.0 
126.0 100.0 88.0 83.0 61.0 61.0 52.0 
47.0 14.0 -3.0 22.0 31.0 49.0 27.0 
10.0 17.0 -8.0 -2.0 -7.0 -7.0 9.0 
-4.0 -16.0 -36.0 -44.0 -58.0 -67.0 -62.0 
-51.0 -42.0 -66.0 -69.0 -71.0 -76.0 -68.0 
-76.0 -59.0 -35.0 -38.0 -17.0 -14.0 -21.0 
-20.0 -53.0 -33.0 -16.0 -1.0 17.0 -10.0 
-1.0 -25.0 -25.0 2.0 8.0 38.0 10.0 
-14.0 -16.0 -29.0 -8.0 1.0 2.0 20.0 
-4.0 -19.0 -13.0 -25.0 -13.0 -2.0 0.0 
13.0 2.0 -13.0 -11.0 -21.0 1.0 4.0 
-11.0 22.0 20.0 25.0 39.0 20.0 27.0 
47.0 62.0 74.0 78.0 67.0 45.0 41.0 
42.0 41.0 54.0 62.0 54.0 49.0 23.0 
8.0 31.0 43.0 59.0 56.0 38.0 25.0 
17.0 22.0 22.0 37.0 26.0 20.0 19.0 
8.0 12.0 1.0 19.0 13.0 2.0 -7.0 
-21.0 2.0 -19.0 -32.0 -50.0 -60.0 -39.0 
-58.0 -39.0 -23.0 -53.0 -44.0 -45.0 -50.0 
-30.0 -41.0 -40.0 -54.0 -62.0 -47.0 -64.0 
-53.0 -47.0 -33.0 -35.0 -50.0 -38.0 -52.0 
-31.0 -27.0 -28.0 0.0 -12.0 4.0 7.0 
-3.0 19.0 15.0 40.0 67.0 69.0 93.0 
90.0 98.0 113.0 120.0 152.0 173.0 182.0 
164.0 175.0 179.0 173.0 200.0 208.0 246.0 
221.0 183.0 181.0 153.0 165.0 153.0 155.0 
152.0 117.0 113.0 77.0 65.0 70.0 67.0 
90.0 67.0 58.0 61.0 46.0 54.0 39.0 
45.0 47.0 35.0 33.0 14.0 15.0 -8.0 
-23.0 -16.0 -17.0 -33.0 -62.0 -68.0 -87.0 
-66.0 -51.0 -61.0 -50.0 -68.0 -66.0 -70.0 
-56.0 -36.0 -48.0 -23.0 -24.0 -37.0 -39.0 
-35.0 -3.0 2.0 11.0 16.0 8.0 24.0 
18.0 22.0 33.0 31.0 39.0 42.0 55.0 
59.0 48.0 62.0 64.0 64.0 72.0 76.0 
100.0 89.0 105.0 113.0 90.0 114.0 105.0 
136.0 153.0 141.0 158.0 128.0 136.0 141.0 
155.0 183.0 163.0 159.0 156.0 142.0 132.0 
124.0 110.0 109.0 108.0 96.0 86.0 75.0 
82.0 66.0 62.0 67.0 59.0 67.0 57.0 
53.0 72.0 76.0 80.0 71.0 50.0 50.0 
33.0 51.0 65.0 40.0 35.0 10.0 14.0 
4.0 -9.0 -7.0 -30.0 -36.0 -50.0 -43.0 
-64.0 -84.0 -77.0 -81.0 -49.0 -35.0 -47.0 
-44.0 -43.0 -58.0 -36.0 -24.0 -11.0 33.0 
20.0 25.0 21.0 -1.0 12.0 27.0 55.0 
75.0 78.0 72.0 82.0 73.0 66.0 105.0 
116.0 128.0 135.0 120.0 111.0 129.0 138.0 
139.0 139.0 110.0 126.0 125.0 121.0 133.0 
103.0 112.0 90.0 88.0 121.0 97.0 98.0 
89.0 80.0 74.0 73.0 75.0 57.0 86.0 
77.0 67.0 77.0 42.0 52.0 59.0 57.0 
100.0 106.0 96.0 105.0 80.0 91.0 124.0 
124.0 148.0 141.0 127.0 146.0 125.0 117.0 
128.0 126.0 128.0 102.0 75.0 84.0 86.0 
50.0 35.0 8.0 9.0 28.0 12.0 13.0 
-15.0 -7.0 -24.0 -37.0 -22.0 -40.0 -11.0 
-34.0 -47.0 -31.0 -34.0 -29.0 -52.0 -40.0 
-8.0 7.0 6.0 -15.0 -14.0 3.0 16.0 
29.0 56.0 59.0 32.0 40.0 60.0 73.0 
89.0 78.0 88.0 99.0 87.0 109.0 107.0 
108.0 107.0 106.0 127.0 125.0 125.0 113.0 
102.0 95.0 83.0 104.0 115.0 99.0 82.0 
62.0 56.0 74.0 69.0 43.0 46.0 31.0 
28.0 40.0 12.0 16.0 5.0 -15.0 -1.0 
-16.0 -17.0 -18.0 -15.0 -12.0 -20.0 -19.0 
-31.0 -7.0 5.0 3.0 18.0 17.0 19.0 
23.0 46.0 70.0 78.0 81.0 81.0 75.0 
68.0 75.0 77.0 89.0 106.0 91.0 103.0 
108.0 71.0 93.0 112.0 108.0 129.0 120.0 
116.0 114.0 103.0 106.0 89.0 116.0 108.0 
86.0 97.0 64.0 64.0 52.0 48.0 52.0 
31.0 26.0 -8.0 -18.0 -9.0 -23.0 -24.0 
-37.0 -53.0 -61.0 -72.0 -48.0 -52.0 -64.0 
-55.0 -63.0 -47.0 -58.0 -54.0 -31.0 -28.0 
-4.0 12.0 34.0 34.0 42.0 54.0 56.0 
83.0 78.0 96.0 100.0 93.0 107.0 87.0 
95.0 100.0 95.0 102.0 87.0 84.0 72.0 
59.0 78.0 77.0 74.0 71.0 49.0 52.0 
48.0 49.0 61.0 52.0 54.0 40.0 47.0 
57.0 35.0 47.0 40.0 40.0 48.0 20.0 
25.0 41.0 40.0 33.0 18.0 19.0 45.0 
52.0 54.0 54.0 39.0 55.0 30.0 16.0 
42.0 30.0 43.0 33.0 18.0 23.0 8.0 
11.0 4.0 6.0 9.0 5.0 6.0 -3.0 
-3.0 -17.0 -8.0 -11.0 -11.0 -4.0 -44.0 
-30.0 -31.0 -39.0 2.0 -15.0 -18.0 -22.0 
-41.0 -19.0 -23.0 -22.0 -4.0 0.0 -3.0 
-11.0 -8.0 -17.0 -8.0 20.0 24.0 36.0 
20.0 9.0 23.0 18.0 30.0 45.0 56.0 
54.0 36.0 37.0 52.0 65.0 78.0 61.0 
48.0 65.0 69.0 81.0 74.0 59.0 75.0 
65.0 68.0 74.0 67.0 105.0 125.0 100.0 
99.0 99.0 99.0 133.0 136.0 141.0 146.0 
114.0 117.0 104.0 117.0 140.0 118.0 115.0 
86.0 83.0 101.0 101.0 110.0 97.0 89.0 
74.0 52.0 49.0 47.0 26.0 23.0 9.0 
-13.0 -13.0 -48.0 -48.0 -46.0 -77.0 -80.0 
-81.0 -84.0 -103.0 -121.0 -121.0 -130.0 -129.0 
-136.0 -142.0 -125.0 -127.0 -110.0 -111.0 -123.0 
-96.0 -93.0 -75.0 -49.0 -41.0 -37.0 -28.0 
6.0 11.0 10.0 16.0 24.0 51.0 33.0 
24.0 35.0 22.0 16.0 3.0 19.0 25.0 
19.0 37.0 20.0 33.0 39.0 28.0 42.0 
33.0 58.0 55.0 39.0 37.0 19.0 19.0 
12.0 32.0 33.0 20.0 25.0 0.0 4.0 
-12.0 -13.0 10.0 -7.0 5.0 -4.0 -17.0 
-15.0 -13.0 -9.0 -15.0 14.0 13.0 4.0 
-6.0 -20.0 -3.0 -4.0 6.0 2.0 -1.0 
9.0 -9.0 16.0 27.0 12.0 31.0 26.0 
41.0 57.0 47.0 52.0 55.0 53.0 44.0 
50.0 52.0 55.0 57.0 50.0 54.0 57.0 
52.0 46.0 69.0 73.0 67.0 79.0 67.0 
68.0 53.0 39.0 43.0 24.0 13.0 -9.0 
-28.0 -29.0 -47.0 -60.0 -59.0 -63.0 -75.0 
-52.0 -44.0 -80.0 -84.0 -86.0 -80.0 -70.0 
-70.0 -62.0 -58.0 -67.0 -74.0 -61.0 -48.0 
-44.0 -54.0 -46.0 -46.0 -54.0 -39.0 -42.0 
-40.0 -48.0 -52.0 -54.0 -59.0 -27.0 -41.0 
-49.0 -44.0 -65.0 -53.0 -42.0 -22.0 -24.0 
-29.0 -11.0 -30.0 -34.0 -29.0 -22.0 -6.0 
-13.0 -4.0 -5.0 -10.0 -9.0 -4.0 15.0 
18.0 27.0 31.0 24.0 28.0 37.0 45.0 
57.0 60.0 63.0 75.0 48.0 36.0 39.0 
33.0 44.0 49.0 57.0 51.0 34.0 35.0 
34.0 24.0 29.0 37.0 52.0 53.0 19.0 
30.0 34.0 11.0 25.0 19.0 31.0 30.0 
7.0 8.0 -15.0 -19.0 -15.0 -16.0 -16.0 
-48.0 -43.0 -35.0 -54.0 -67.0 -78.0 -72.0 
-71.0 -77.0 -86.0 -93.0 -91.0 -114.0 -109.0 
-108.0 -111.0 -82.0 -91.0 -78.0 -79.0 -90.0 
-80.0 -99.0 -66.0 -60.0 -70.0 -50.0 -70.0 
-65.0 -56.0 -75.0 -75.0 -66.0 -49.0 -40.0 
-59.0 -69.0 -74.0 -91.0 -105.0 -106.0 -92.0 
-85.0 -98.0 -103.0 -103.0 -104.0 -95.0 -77.0 
-71.0 -78.0 -71.0 -62.0 -59.0 -64.0 -53.0 
-40.0 -31.0 -21.0 -40.0 -31.0 -28.0 -44.0 
-30.0 -37.0 -15.0 -9.0 -25.0 3.0 -9.0 
-16.0 -4.0 -7.0 23.0 15.0 -3.0 23.0 
15.0 15.0 27.0 27.0 30.0 15.0 11.0 
8.0 10.0 13.0 0.0 4.0 10.0 1.0 
-16.0 -26.0 -38.0 -40.0 -26.0 -38.0 -50.0 
-62.0 -68.0 -72.0 -71.0 -59.0 -66.0 -63.0 
-63.0 -80.0 -98.0 -90.0 -87.0 -83.0 -80.0 
-108.0 -98.0 -98.0 -114.0 -114.0 -130.0 -128.0 
-123.0 -147.0 -168.0 -194.0 -206.0 -194.0 -200.0 
-195.0 -194.0 -213.0 -212.0 -216.0 -210.0 -200.0 
-190.0 -191.0 -195.0 -166.0 -168.0 -151.0 -133.0 
-129.0 -113.0 -99.0 -67.0 -67.0 -42.0 -26.0 
-15.0 14.0 13.0 35.0 37.0 39.0 59.0 
50.0 43.0 40.0 30.0 41.0 44.0 44.0 
51.0 28.0 28.0 29.0 24.0 28.0 18.0 
28.0 24.0 23.0 15.0 -18.0 -10.0 -18.0 
-20.0 -5.0 -19.0 -38.0 -58.0 -66.0 -71.0 
-80.0 -97.0 -107.0 -107.0 -135.0 -147.0 -162.0 
-181.0 -167.0 -189.0 -201.0 -204.0 -223.0 -223.0 
-227.0 -214.0 -209.0 -226.0 -231.0 -225.0 -217.0 
-216.0 -203.0 -202.0 -206.0 -189.0 -205.0 -186.0 
-173.0 -196.0 -164.0 -175.0 -166.0 -154.0 -180.0 
-160.0 -173.0 -167.0 -166.0 -174.0 -144.0 -147.0 
-139.0 -137.0 -132.0 -123.0 -134.0 -115.0 -97.0 
-82.0 -67.0 -78.0 -59.0 -34.0 -45.0 -37.0 
-36.0 -39.0 -28.0 -32.0 -11.0 -12.0 -14.0 
-2.0 -20.0 -12.0 -16.0 -13.0 2.0 -10.0 
-11.0 -22.0 -31.0 -25.0 -45.0 -51.0 -49.0 
-59.0 -60.0 -81.0 -104.0 -118.0 -112.0 -118.0 
-148.0 -141.0 -158.0 -161.0 -163.0 -185.0 -175.0 
-206.0 -196.0 -183.0 -207.0 -204.0 -212.0 -200.0 
-211.0 -203.0 -204.0 -207.0 -166.0 -197.0 -194.0 
-203.0 -201.0 -162.0 -175.0 -156.0 -179.0 -189.0 
-171.0 -171.0 -149.0 -157.0 -151.0 -146.0 -153.0 
-160.0 -179.0 -154.0 -159.0 -163.0 -152.0 -189.0 
-188.0 -188.0 -206.0 -182.0 -162.0 -158.0 -159.0 
-177.0 -192.0 -189.0 -180.0 -163.0 -130.0 -132.0 
-150.0 -134.0 -132.0 -127.0 -125.0 -123.0 -101.0 
-107.0 -107.0 -108.0 -99.0 -80.0 -100.0 -80.0 
-69.0 -85.0 -67.0 -78.0 -73.0 -72.0 -72.0 
-43.0 -61.0 -38.0 -33.0 -65.0 -46.0 -67.0 
-48.0 -14.0 -14.0 -16.0 -34.0 -16.0 -13.0 
-41.0 -48.0 -52.0 -26.0 -24.0 -44.0 -33.0 
-49.0 -46.0 -63.0 -77.0 -56.0 -65.0 -57.0 
-78.0 -105.0 -123.0 -141.0 -125.0 -146.0 -135.0 
-129.0 -155.0 -141.0 -178.0 -176.0 -169.0 -184.0 
-163.0 -200.0 -187.0 -185.0 -186.0 -160.0 -223.0 
-208.0 -190.0 -193.0 -166.0 -204.0 -181.0 -163.0 
-174.0 -151.0 -146.0 -119.0 -121.0 -113.0 -102.0 
-115.0 -89.0 -90.0 -81.0 -81.0 -72.0 -40.0 
-58.0 -59.0 -80.0 -79.0 -54.0 -80.0 -87.0 
-101.0 -109.0 -107.0 -116.0 -118.0 -127.0 -127.0 
-153.0 -155.0 -159.0 -195.0 -186.0 -206.0 -227.0 
-231.0 -243.0 -232.0 -244.0 -262.0 -273.0 -275.0 
-273.0 -270.0 -266.0 -279.0 -283.0 -289.0 -283.0 
-279.0 -292.0 -275.0 -272.0 -271.0 -254.0 -261.0 
-251.0 -264.0 -262.0 -232.0 -242.0 -231.0 -222.0 
-210.0 -201.0 -197.0 -172.0 -166.0 -160.0 -144.0 
-137.0 -119.0 -103.0 -86.0 -69.0 -66.0 -36.0 
-38.0 -41.0 -24.0 -43.0 -22.0 -22.0 -30.0 
-8.0 -22.0 -5.0 16.0 11.0 7.0 -9.0 
-9.0 -4.0 7.0 5.0 6.0 1.0 -23.0 
-14.0 -6.0 -12.0 1.0 3.0 -13.0 -21.0 
-27.0 -24.0 -19.0 -34.0 -59.0 -44.0 -56.0 
-75.0 -71.0 -96.0 -91.0 -120.0 -130.0 -109.0 
-126.0 -121.0 -139.0 -160.0 -159.0 -167.0 -169.0 
-194.0 -210.0 -209.0 -217.0 -216.0 -238.0 -239.0 
-243.0 -262.0 -255.0 -273.0 -258.0 -244.0 -260.0 
-249.0 -263.0 -247.0 -244.0 -241.0 -223.0 -230.0 
-203.0 -202.0 -176.0 -163.0 -172.0 -142.0 -144.0 
-122.0 -113.0 -121.0 -103.0 -98.0 -91.0 -75.0 
-60.0 -59.0 -51.0 -46.0 -52.0 -39.0 -26.0 
-13.0 -4.0 -18.0 -31.0 -28.0 -22.0 -20.0 
-11.0 -15.0 -20.0 -22.0 -35.0 -32.0 -39.0 
-29.0 -21.0 -36.0 -35.0 -56.0 -55.0 -56.0 
-65.0 -63.0 -90.0 -84.0 -92.0 -93.0 -92.0 
-115.0 -104.0 -124.0 -116.0 -109.0 -113.0 -75.0 
-107.0 -107.0 -100.0 -118.0 -95.0 -115.0 -105.0 
-91.0 -110.0 -100.0 -112.0 -120.0 -127.0 -140.0 
-123.0 -128.0 -129.0 -132.0 -142.0 -137.0 -143.0 
-134.0 -143.0 -134.0 -128.0 -130.0 -114.0 -127.0 
-110.0 -109.0 -123.0 -110.0 -117.0 -103.0 -99.0 
-100.0 -114.0 -126.0 -126.0 -141.0 -121.0 -123.0 
-138.0 -150.0 -158.0 -161.0 -164.0 -143.0 -159.0 
-153.0 -147.0 -160.0 -137.0 -160.0 -147.0 -135.0 
-156.0 -131.0 -146.0 -126.0 -146.0 -168.0 -129.0 
-159.0 -135.0 -135.0 -136.0 -103.0 -141.0 -127.0 
-131.0 -142.0 -125.0 -142.0 -125.0 -122.0 -128.0 
-120.0 -139.0 -142.0 -132.0 -126.0 -100.0 -70.0 
-71.0 -69.0 -63.0 -69.0 -53.0 -30.0 -9.0 
9.0 21.0 33.0 30.0 18.0 35.0 62.0 
62.0 78.0 66.0 46.0 72.0 36.0 45.0 
76.0 36.0 50.0 41.0 50.0 56.0 37.0 
44.0 17.0 35.0 17.0 9.0 14.0 -26.0 
-2.0 -36.0 -57.0 -68.0 -99.0 -83.0 -106.0 
-96.0 -118.0 -142.0 -139.0 -177.0 -161.0 -178.0 
-168.0 -165.0 -193.0 -183.0 -237.0 -216.0 -215.0 
-233.0 -200.0 -247.0 -232.0 -247.0 -272.0 -244.0 
-264.0 -245.0 -248.0 -248.0 -231.0 -250.0 -237.0 
-239.0 -209.0 -182.0 -191.0 -164.0 -178.0 -167.0 
-136.0 -140.0 -108.0 -102.0 -90.0 -74.0 -87.0 
-63.0 -61.0 -56.0 -35.0 -32.0 -4.0 10.0 
19.0 38.0 25.0 36.0 48.0 45.0 62.0 
63.0 61.0 71.0 61.0 54.0 55.0 29.0 
34.0 44.0 29.0 24.0 6.0 10.0 9.0 
-17.0 -24.0 -27.0 -36.0 -42.0 -31.0 -41.0 
-56.0 -52.0 -77.0 -73.0 -62.0 -93.0 -90.0 
-121.0 -135.0 -115.0 -136.0 -128.0 -147.0 -158.0 
-160.0 -168.0 -153.0 -156.0 -144.0 -135.0 -144.0 
-143.0 -134.0 -124.0 -114.0 -101.0 -104.0 -97.0 
-81.0 -102.0 -93.0 -84.0 -89.0 -61.0 -63.0 
-48.0 -58.0 -56.0 -44.0 -51.0 -21.0 -44.0 
-36.0 -35.0 -53.0 -29.0 -42.0 -29.0 -23.0 
-47.0 -53.0 -68.0 -74.0 -86.0 -86.0 -87.0 
-93.0 -98.0 -120.0 -126.0 -135.0 -133.0 -144.0 
-149.0 -142.0 -159.0 -142.0 -133.0 -130.0 -133.0 
-140.0 -117.0 -116.0 -103.0 -67.0 -62.0 -55.0 
-55.0 -49.0 -28.0 -45.0 -32.0 -16.0 -15.0 
6.0 -14.0 -22.0 -10.0 -20.0 -15.0 -19.0 
-8.0 -9.0 -24.0 -17.0 -41.0 -32.0 -32.0 
-42.0 -38.0 -55.0 -41.0 -50.0 -51.0 -60.0 
-67.0 -70.0 -89.0 -71.0 -81.0 -62.0 -67.0 
-90.0 -56.0 -95.0 -100.0 -88.0 -114.0 -85.0 
-102.0 -124.0 -110.0 -121.0 -110.0 -117.0 -131.0 
-143.0 -142.0 -125.0 -143.0 -130.0 -128.0 -131.0 
-107.0 -130.0 -151.0 -136.0 -135.0 -123.0 -115.0 
-128.0 -126.0 -130.0 -124.0 -113.0 -113.0 -106.0 
-94.0 -94.0 -103.0 -111.0 -118.0 -103.0 -97.0 
-88.0 -77.0 -94.0 -86.0 -95.0 -91.0 -97.0 
-120.0 -97.0 -104.0 -84.0 -88.0 -102.0 -75.0 
-103.0 -94.0 -81.0 -85.0 -56.0 -64.0 -59.0 
-53.0 -60.0 -48.0 -37.0 -18.0 -10.0 -6.0 
-10.0 -13.0 6.0 -5.0 3.0 15.0 11.0 
20.0 -5.0 0.0 8.0 -1.0 0.0 -29.0 
-35.0 -55.0 -50.0 -55.0 -94.0 -57.0 -94.0 
-104.0 -84.0 -114.0 -85.0 -114.0 -107.0 -109.0 
-116.0 -78.0 -105.0 -77.0 -83.0 -88.0 -86.0 
-94.0 -63.0 -75.0 -32.0 -24.0 -32.0 -20.0 
-33.0 -9.0 -12.0 -2.0 2.0 8.0 24.0 
-9.0 6.0 6.0 -3.0 27.0 4.0 28.0 
32.0 19.0 52.0 32.0 52.0 52.0 29.0 
44.0 23.0 35.0 41.0 19.0 22.0 -1.0 
4.0 -2.0 -35.0 -23.0 -39.0 -46.0 -32.0 
-61.0 -72.0 -84.0 -109.0 -78.0 -72.0 -88.0 
-88.0 -101.0 -91.0 -93.0 -89.0 -81.0 -89.0 
-77.0 -83.0 -81.0 -73.0 -78.0 -63.0 -65.0 
-61.0 -54.0 -46.0 -32.0 -39.0 -19.0 -12.0 
-18.0 -2.0 -3.0 1.0 9.0 12.0 19.0 
32.0 31.0 24.0 23.0 24.0 33.0 39.0 
47.0 50.0 38.0 24.0 38.0 55.0 43.0 
58.0 54.0 34.0 36.0 22.0 14.0 11.0 
23.0 30.0 18.0 3.0 -14.0 -2.0 -10.0 
-31.0 -13.0 -22.0 -30.0 -31.0 -53.0 -60.0 
-91.0 -111.0 -104.0 -113.0 -88.0 -101.0 -129.0 
-106.0 -132.0 -134.0 -123.0 -129.0 -116.0 -105.0 
-87.0 -91.0 -111.0 -113.0 -92.0 -83.0 -61.0 
-49.0 -54.0 -56.0 -71.0 -56.0 -52.0 -48.0 
-39.0 -24.0 -16.0 -32.0 -30.0 -34.0 -22.0 
-13.0 -10.0 -4.0 -7.0 3.0 -3.0 -5.0 
-6.0 1.0 30.0 33.0 43.0 49.0 50.0 
49.0 37.0 42.0 48.0 66.0 63.0 47.0 
48.0 34.0 40.0 52.0 48.0 51.0 44.0 
42.0 57.0 57.0 54.0 56.0 36.0 49.0 
54.0 51.0 86.0 74.0 83.0 105.0 78.0 
81.0 85.0 91.0 121.0 129.0 124.0 119.0 
111.0 109.0 130.0 134.0 105.0 93.0 89.0 
76.0 72.0 60.0 58.0 62.0 54.0 40.0 
10.0 6.0 0.0 -8.0 -11.0 -26.0 -33.0 
-55.0 -50.0 -55.0 -75.0 -50.0 -76.0 -96.0 
-86.0 -101.0 -81.0 -79.0 -77.0 -76.0 -95.0 
-87.0 -89.0 -93.0 -70.0 -43.0 -42.0 -29.0 
-20.0 -21.0 11.0 7.0 27.0 52.0 52.0 
83.0 78.0 93.0 117.0 134.0 154.0 156.0 
178.0 177.0 183.0 193.0 186.0 183.0 178.0 
182.0 184.0 175.0 159.0 149.0 140.0 140.0 
134.0 120.0 97.0 88.0 111.0 99.0 90.0 
74.0 62.0 83.0 67.0 67.0 44.0 36.0 
56.0 42.0 42.0 14.0 10.0 25.0 22.0 
23.0 10.0 -7.0 -19.0 3.0 9.0 14.0 
20.0 6.0 20.0 2.0 11.0 18.0 10.0 
43.0 35.0 46.0 31.0 10.0 35.0 24.0 
40.0 46.0 53.0 72.0 65.0 73.0 69.0 
83.0 110.0 115.0 122.0 127.0 135.0 145.0 
153.0 161.0 163.0 146.0 145.0 156.0 139.0 
139.0 125.0 115.0 123.0 97.0 92.0 78.0 
74.0 94.0 68.0 79.0 76.0 38.0 45.0 
33.0 38.0 41.0 14.0 10.0 7.0 0.0 
-11.0 -3.0 14.0 2.0 13.0 19.0 26.0 
36.0 40.0 63.0 76.0 105.0 112.0 116.0 
138.0 148.0 166.0 164.0 178.0 201.0 211.0 
225.0 212.0 216.0 211.0 208.0 244.0 237.0 
260.0 271.0 236.0 232.0 210.0 217.0 239.0 
238.0 250.0 235.0 224.0 211.0 196.0 195.0 
177.0 183.0 173.0 167.0 167.0 134.0 127.0 
93.0 88.0 102.0 85.0 95.0 89.0 82.0 
78.0 68.0 51.0 48.0 64.0 60.0 48.0 
32.0 29.0 15.0 6.0 1.0 2.0 21.0 
-8.0 -14.0 -24.0 -48.0 -16.0 -16.0 1.0 
16.0 9.0 23.0 -1.0 12.0 27.0 30.0 
47.0 33.0 44.0 28.0 30.0 64.0 60.0 
99.0 102.0 103.0 118.0 104.0 144.0 143.0 
159.0 180.0 171.0 197.0 190.0 200.0 206.0 
218.0 233.0 224.0 235.0 226.0 241.0 246.0 
247.0 265.0 268.0 278.0 265.0 266.0 270.0 
264.0 265.0 257.0 270.0 270.0 251.0 242.0 
209.0 183.0 186.0 176.0 161.0 149.0 141.0 
134.0 123.0 117.0 124.0 121.0 115.0 125.0 
121.0 122.0 144.0 136.0 144.0 158.0 143.0 
156.0 145.0 146.0 159.0 134.0 139.0 131.0 
143.0 157.0 133.0 129.0 121.0 128.0 135.0 
114.0 103.0 104.0 95.0 97.0 103.0 97.0 
113.0 109.0 96.0 87.0 70.0 81.0 77.0 
83.0 98.0 85.0 92.0 73.0 67.0 87.0 
73.0 90.0 86.0 80.0 99.0 70.0 73.0 
74.0 72.0 89.0 74.0 87.0 85.0 82.0 
101.0 79.0 98.0 99.0 94.0 131.0 116.0 
129.0 132.0 133.0 153.0 138.0 166.0 170.0 
161.0 182.0 176.0 183.0 202.0 207.0 237.0 
251.0 244.0 271.0 265.0 271.0 293.0 288.0 
310.0 312.0 316.0 330.0 332.0 333.0 314.0 
322.0 324.0 341.0 364.0 328.0 344.0 323.0 
284.0 312.0 275.0 276.0 274.0 245.0 259.0 
226.0 221.0 200.0 165.0 174.0 148.0 152.0 
161.0 135.0 135.0 128.0 114.0 124.0 111.0 
115.0 120.0 102.0 118.0 95.0 95.0 114.0 
89.0 109.0 104.0 90.0 102.0 82.0 96.0 
107.0 