12408.0 12361.0 12557.0 12236.0 12167.0 12390.0 12322.0 
12100.0 12385.0 12258.0 12371.0 12430.0 12202.0 12296.0 
12207.0 12088.0 12295.0 12249.0 12252.0 12237.0 12280.0 
12165.0 12227.0 12154.0 12252.0 12354.0 12393.0 12271.0 
12341.0 12312.0 12308.0 12385.0 12256.0 12349.0 12331.0 
12418.0 12639.0 12360.0 12273.0 12533.0 12436.0 12508.0 
12466.0 12589.0 12751.0 12670.0 12727.0 12790.0 12845.0 
12903.0 12981.0 12961.0 13038.0 12944.0 12902.0 13202.0 
13246.0 13035.0 13079.0 13220.0 13148.0 12955.0 12887.0 
13006.0 12696.0 12534.0 12478.0 12331.0 12224.0 12033.0 
11825.0 11757.0 11404.0 11361.0 11309.0 11045.0 11267.0 
11014.0 11111.0 11249.0 11210.0 11149.0 11048.0 11218.0 
11077.0 10986.0 10981.0 10892.0 11003.0 10916.0 10906.0 
11070.0 11221.0 10962.0 11125.0 11497.0 11190.0 11171.0 
11416.0 11408.0 11390.0 11448.0 11584.0 11532.0 11415.0 
11431.0 11465.0 11654.0 11371.0 11402.0 11407.0 11521.0 
11381.0 11538.0 11578.0 11558.0 11622.0 11430.0 11532.0 
11568.0 11467.0 11568.0 11493.0 11538.0 11802.0 11645.0 
11539.0 11698.0 11596.0 11331.0 11678.0 11620.0 11611.0 
11624.0 11621.0 11534.0 11681.0 11639.0 11511.0 11439.0 
11589.0 11738.0 11470.0 11841.0 11790.0 11713.0 11826.0 
11903.0 11863.0 11848.0 11821.0 11683.0 11784.0 11545.0 
11670.0 11591.0 11551.0 11661.0 11662.0 11540.0 11778.0 
11683.0 11570.0 11597.0 11794.0 11629.0 11706.0 11907.0 
11728.0 11741.0 11780.0 11858.0 11814.0 11598.0 11847.0 
11796.0 11545.0 11994.0 11726.0 11707.0 11736.0 11534.0 
11369.0 11430.0 11270.0 11355.0 11160.0 11410.0 11342.0 
11420.0 11532.0 11634.0 11650.0 11650.0 11857.0 11755.0 
11553.0 11960.0 11589.0 11492.0 11704.0 11787.0 11681.0 
11910.0 11834.0 11815.0 11921.0 11641.0 12080.0 11825.0 
12005.0 12082.0 11879.0 12338.0 12219.0 12045.0 12428.0 
12273.0 12282.0 12199.0 12274.0 12273.0 12260.0 12028.0 
11993.0 11864.0 11717.0 11509.0 11541.0 11372.0 11295.0 
11297.0 11050.0 11211.0 11019.0 11102.0 11019.0 11092.0 
11164.0 10960.0 11307.0 11014.0 11322.0 11225.0 11240.0 
11366.0 11375.0 11368.0 11338.0 11360.0 11338.0 11288.0 
11259.0 11464.0 11169.0 11364.0 11479.0 11210.0 11418.0 
11404.0 11405.0 11558.0 11586.0 11609.0 11978.0 11904.0 
11975.0 12308.0 11886.0 12422.0 12251.0 12388.0 12491.0 
12497.0 12792.0 12727.0 12758.0 12816.0 12881.0 12895.0 
12986.0 12969.0 12824.0 13069.0 12740.0 12779.0 12850.0 
12534.0 12628.0 12477.0 12528.0 12284.0 12195.0 12304.0 
11981.0 12018.0 11852.0 11783.0 11562.0 11473.0 11433.0 
11144.0 11390.0 11059.0 11322.0 10946.0 11200.0 11119.0 
11052.0 11138.0 10978.0 11245.0 11169.0 11150.0 11451.0 
11536.0 11438.0 11574.0 11864.0 11967.0 11993.0 12039.0 
12012.0 12340.0 12086.0 12204.0 12260.0 12288.0 12196.0 
12304.0 12314.0 12184.0 12383.0 12278.0 12068.0 12106.0 
11960.0 12008.0 12097.0 11949.0 12095.0 12264.0 12060.0 
12191.0 12117.0 11889.0 11971.0 12047.0 11853.0 11836.0 
12105.0 11880.0 11854.0 11985.0 11820.0 11784.0 11880.0 
11883.0 11789.0 11736.0 11976.0 11966.0 11864.0 11954.0 
12195.0 12046.0 12295.0 12259.0 12399.0 12546.0 12342.0 
12478.0 12543.0 12517.0 12403.0 12131.0 12199.0 12241.0 
12018.0 12143.0 12073.0 12127.0 11977.0 12161.0 12014.0 
11919.0 12084.0 12042.0 11924.0 12007.0 12207.0 12261.0 
12030.0 12239.0 12351.0 12328.0 12365.0 12615.0 12598.0 
12685.0 13002.0 13073.0 13034.0 13251.0 13240.0 13152.0 
13156.0 13336.0 13518.0 13219.0 13644.0 13558.0 13644.0 
13658.0 13843.0 13786.0 13731.0 13946.0 13730.0 13844.0 
13954.0 13759.0 13760.0 13771.0 13673.0 13729.0 13682.0 
13550.0 13422.0 13493.0 13247.0 13141.0 13292.0 13255.0 
12849.0 13262.0 13111.0 13084.0 13022.0 13216.0 13308.0 
13366.0 13499.0 13754.0 13725.0 13878.0 13937.0 13916.0 
13920.0 14007.0 14162.0 13993.0 14486.0 14284.0 14308.0 
14537.0 14400.0 14145.0 14287.0 14062.0 14076.0 14257.0 
14193.0 14222.0 14409.0 14170.0 14362.0 14189.0 13991.0 
13966.0 13926.0 13709.0 13751.0 13614.0 13857.0 13798.0 
13614.0 13738.0 13717.0 13878.0 13779.0 13931.0 13905.0 
14098.0 14289.0 14241.0 14442.0 14735.0 14582.0 14779.0 
14863.0 14730.0 15043.0 15003.0 14803.0 14966.0 14839.0 
14674.0 14825.0 14638.0 14531.0 14496.0 14470.0 14321.0 
14229.0 14132.0 14003.0 13957.0 13867.0 13902.0 13730.0 
13839.0 13792.0 13740.0 13808.0 13801.0 13785.0 13831.0 
13819.0 14063.0 13880.0 13737.0 13940.0 13625.0 13598.0 
13715.0 13701.0 13545.0 13775.0 13470.0 13457.0 13480.0 
13315.0 13086.0 13336.0 13113.0 13004.0 13237.0 13094.0 
13210.0 13230.0 13082.0 12978.0 13064.0 13039.0 12875.0 
12814.0 12844.0 12543.0 12732.0 12579.0 12602.0 12441.0 
12406.0 12549.0 12281.0 12437.0 12373.0 12445.0 12534.0 
12356.0 12648.0 12448.0 12707.0 12734.0 12694.0 12751.0 
12846.0 12822.0 12680.0 12992.0 12897.0 12891.0 13025.0 
13079.0 13143.0 13092.0 13267.0 13237.0 13030.0 13330.0 
13240.0 13078.0 13282.0 13308.0 13127.0 13357.0 13139.0 
13203.0 13188.0 13133.0 12967.0 13112.0 12808.0 12852.0 
13021.0 13005.0 13007.0 13041.0 13072.0 13038.0 13179.0 
13397.0 13196.0 13317.0 13569.0 13249.0 13341.0 13384.0 
13229.0 13511.0 13172.0 13198.0 13428.0 13280.0 13260.0 
13169.0 13204.0 13294.0 13467.0 13426.0 13220.0 13374.0 
13368.0 13186.0 13179.0 13340.0 13150.0 12923.0 13108.0 
13056.0 12931.0 12805.0 12965.0 12920.0 12755.0 12939.0 
13065.0 12792.0 12886.0 12955.0 12849.0 12870.0 12918.0 
12879.0 12915.0 12701.0 13108.0 12960.0 12911.0 13138.0 
13188.0 13012.0 13222.0 13173.0 13228.0 13313.0 13271.0 
13221.0 13299.0 12903.0 12975.0 13096.0 12565.0 12727.0 
12812.0 12791.0 12709.0 12721.0 12778.0 12870.0 12791.0 
12749.0 12913.0 12867.0 12880.0 12902.0 13039.0 13023.0 
12948.0 13024.0 12902.0 12547.0 12813.0 12628.0 12457.0 
12604.0 12556.0 12515.0 12338.0 12492.0 12116.0 12163.0 
12365.0 12066.0 12182.0 12284.0 12401.0 12290.0 12588.0 
12514.0 12485.0 12665.0 12755.0 12867.0 12897.0 13063.0 
13018.0 13151.0 13159.0 13046.0 12990.0 12929.0 12806.0 
12738.0 12657.0 12363.0 12196.0 12265.0 11906.0 11701.0 
11712.0 11553.0 11311.0 11287.0 11031.0 10996.0 10753.0 
10641.0 10535.0 10362.0 10324.0 10209.0 10185.0 10336.0 
10239.0 10344.0 10474.0 10410.0 10513.0 10621.0 10502.0 
10757.0 10965.0 10964.0 11219.0 11398.0 11578.0 11863.0 
11951.0 12190.0 12355.0 12252.0 12513.0 12407.0 12391.0 
12432.0 12466.0 12545.0 12376.0 12483.0 12628.0 12328.0 
12511.0 12521.0 12311.0 12430.0 12317.0 12154.0 12335.0 
12568.0 12322.0 12551.0 12507.0 12417.0 12467.0 12178.0 
12160.0 12116.0 12110.0 12056.0 12052.0 12117.0 11947.0 
11924.0 11800.0 11344.0 11619.0 11415.0 11312.0 11299.0 
11318.0 11625.0 11317.0 11606.0 11610.0 11628.0 11703.0 
11437.0 11656.0 11759.0 11466.0 11843.0 11820.0 11796.0 
12009.0 11872.0 11930.0 11930.0 11720.0 11689.0 11938.0 
11817.0 11978.0 12128.0 12091.0 12265.0 12448.0 12323.0 
12350.0 12272.0 12438.0 12186.0 12359.0 12323.0 12253.0 
12351.0 12284.0 12215.0 12182.0 12080.0 12224.0 12119.0 
12015.0 11953.0 11998.0 12043.0 11750.0 12027.0 11905.0 
11854.0 11769.0 11882.0 11838.0 11748.0 11840.0 11973.0 
11973.0 12069.0 12081.0 12059.0 12194.0 12246.0 12204.0 
12215.0 12318.0 12210.0 12255.0 12110.0 11996.0 12038.0 
11998.0 11825.0 12129.0 11981.0 12059.0 12226.0 12069.0 
12104.0 12118.0 11975.0 11839.0 11769.0 11797.0 11812.0 
11766.0 11812.0 11747.0 11743.0 11793.0 11669.0 11469.0 
11640.0 11585.0 11555.0 11517.0 11958.0 11954.0 12043.0 
12275.0 12532.0 12454.0 12610.0 12682.0 12771.0 12721.0 
12863.0 12934.0 13015.0 13047.0 13084.0 12921.0 13068.0 
12887.0 12795.0 12820.0 12695.0 12511.0 12432.0 12433.0 
12188.0 12238.0 12244.0 12057.0 12200.0 12187.0 12059.0 
12295.0 12060.0 12072.0 12177.0 12116.0 12021.0 11842.0 
11810.0 11645.0 11467.0 11565.0 11146.0 11112.0 11165.0 
11196.0 11021.0 11271.0 11387.0 11399.0 11649.0 11585.0 
11542.0 11543.0 11712.0 11810.0 11435.0 11857.0 11775.0 
11774.0 12009.0 11827.0 11899.0 12003.0 12090.0 12090.0 
12011.0 12272.0 12227.0 12211.0 12207.0 12169.0 12095.0 
12114.0 12108.0 12099.0 12100.0 12254.0 12328.0 12177.0 
12382.0 12357.0 12397.0 12516.0 12257.0 12379.0 12412.0 
12263.0 12400.0 12244.0 12189.0 12452.0 12292.0 12157.0 
12147.0 12259.0 12137.0 12015.0 11928.0 12160.0 11930.0 
11796.0 12037.0 11680.0 11788.0 11500.0 11629.0 11793.0 
11522.0 11486.0 11502.0 11578.0 11492.0 11099.0 11289.0 
11149.0 11030.0 11005.0 10972.0 10937.0 10830.0 10700.0 
10858.0 10657.0 10675.0 10831.0 10702.0 10745.0 10981.0 
10981.0 10941.0 11152.0 11119.0 11109.0 11276.0 11391.0 
11515.0 11771.0 11774.0 11759.0 12235.0 12269.0 12322.0 
12582.0 12517.0 12729.0 12790.0 12759.0 13015.0 13050.0 
13038.0 13458.0 13093.0 13246.0 13559.0 13142.0 13236.0 
13365.0 13058.0 13096.0 13113.0 13041.0 13075.0 13009.0 
13169.0 13106.0 13163.0 12877.0 13047.0 12985.0 12634.0 
12642.0 12623.0 12521.0 12268.0 12353.0 12262.0 12204.0 
12195.0 11986.0 12273.0 12163.0 12282.0 12311.0 12681.0 
12692.0 12958.0 13179.0 13216.0 13508.0 13595.0 13636.0 
13610.0 14056.0 13772.0 14019.0 13923.0 14106.0 14054.0 
13995.0 13831.0 13949.0 13920.0 13727.0 14055.0 13924.0 
14097.0 13988.0 13928.0 14059.0 13799.0 13803.0 13904.0 
13770.0 13933.0 13845.0 13781.0 13932.0 13925.0 13833.0 
14026.0 13842.0 14054.0 14023.0 14087.0 13940.0 13952.0 
13886.0 13760.0 13871.0 13779.0 13831.0 13640.0 13736.0 
13763.0 13708.0 13504.0 13599.0 13439.0 13352.0 13176.0 
13084.0 13127.0 13019.0 12971.0 13101.0 12860.0 12823.0 
12956.0 12845.0 12709.0 12723.0 12825.0 12936.0 12783.0 
12741.0 12836.0 12831.0 12814.0 12824.0 12757.0 12948.0 
12868.0 12925.0 13250.0 13298.0 13485.0 13458.0 13506.0 
13676.0 13654.0 13653.0 13830.0 13809.0 14043.0 14134.0 
14106.0 14291.0 14098.0 14303.0 14213.0 14141.0 14211.0 
14194.0 13937.0 14152.0 13861.0 13887.0 14226.0 13895.0 
13860.0 13935.0 13850.0 13578.0 13604.0 13718.0 13466.0 
13602.0 13621.0 13454.0 13651.0 13325.0 13379.0 13353.0 
13135.0 13234.0 13216.0 13106.0 13147.0 13107.0 13032.0 
13219.0 13079.0 13041.0 13004.0 12767.0 12924.0 12822.0 
12939.0 13016.0 12778.0 12867.0 12872.0 12703.0 12523.0 
12556.0 12666.0 12322.0 12455.0 12808.0 12482.0 12608.0 
12903.0 12555.0 12618.0 12506.0 12434.0 12555.0 12388.0 
12397.0 12331.0 12239.0 12538.0 12279.0 12272.0 12453.0 
12148.0 12013.0 12018.0 12048.0 11978.0 11733.0 11991.0 
11723.0 11866.0 11770.0 11806.0 11939.0 11764.0 11812.0 
12071.0 11758.0 12029.0 12121.0 11985.0 12101.0 12103.0 
12150.0 11968.0 12101.0 11962.0 12091.0 11931.0 11991.0 
11741.0 11858.0 11610.0 11451.0 11408.0 11465.0 11345.0 
11418.0 11272.0 11164.0 11290.0 11016.0 11100.0 10867.0 
10939.0 10867.0 10400.0 10486.0 10430.0 10200.0 10302.0 
10226.0 10119.0 10131.0 10068.0 9929.0 9886.0 9814.0 
9723.0 9694.0 9664.0 9584.0 9547.0 9823.0 9594.0 
9814.0 9974.0 10099.0 10160.0 10400.0 10392.0 10461.0 
10549.0 10871.0 10762.0 11114.0 11151.0 11177.0 11380.0 
11400.0 11508.0 11356.0 11524.0 11458.0 11363.0 11446.0 
11418.0 11234.0 11257.0 11273.0 11173.0 11310.0 11176.0 
11178.0 11215.0 10994.0 11121.0 10916.0 11037.0 11059.0 
11182.0 11118.0 11180.0 11086.0 11054.0 10875.0 10797.0 
10549.0 10554.0 10456.0 10543.0 10281.0 10519.0 10596.0 
10322.0 10557.0 10508.0 10466.0 10397.0 10557.0 10514.0 
10802.0 11088.0 10917.0 11113.0 11241.0 11322.0 11367.0 
11317.0 11375.0 11597.0 11475.0 11815.0 11724.0 11691.0 
11797.0 11679.0 11730.0 11472.0 11570.0 11481.0 11614.0 
11839.0 11791.0 11890.0 12115.0 11998.0 12312.0 12293.0 
12548.0 12610.0 12563.0 13114.0 13126.0 12877.0 13207.0 
13467.0 13430.0 13163.0 13418.0 13443.0 13515.0 13506.0 
13284.0 13362.0 13451.0 13464.0 13456.0 13342.0 13320.0 
13292.0 13076.0 13157.0 12934.0 12814.0 12800.0 12750.0 
12886.0 12784.0 12635.0 12835.0 12796.0 13208.0 12779.0 
12770.0 13199.0 12835.0 12820.0 12710.0 12855.0 12922.0 
12742.0 13100.0 13104.0 13154.0 13265.0 13388.0 13499.0 
13484.0 13546.0 13489.0 13684.0 13701.0 13745.0 13707.0 
14004.0 14091.0 14153.0 14160.0 14201.0 14164.0 14275.0 
14119.0 14392.0 14088.0 14103.0 14295.0 14218.0 14349.0 
14311.0 14192.0 14145.0 14130.0 14102.0 13937.0 14049.0 
14291.0 14059.0 14270.0 14151.0 14481.0 14627.0 14367.0 
14610.0 14751.0 14583.0 14780.0 14761.0 14899.0 14792.0 
14917.0 14995.0 15048.0 14757.0 14853.0 14864.0 14985.0 
14860.0 14741.0 14762.0 14904.0 14510.0 14477.0 14545.0 
14290.0 14188.0 13882.0 13951.0 13728.0 13449.0 13442.0 
13385.0 13207.0 13229.0 13260.0 13410.0 13339.0 13350.0 
13182.0 13277.0 13164.0 13126.0 13225.0 13124.0 13447.0 
13243.0 13284.0 13677.0 13619.0 13336.0 13410.0 13677.0 
13286.0 13549.0 13491.0 13619.0 13616.0 13714.0 13742.0 
13932.0 14091.0 14015.0 14334.0 14030.0 14205.0 14107.0 
13865.0 13970.0 14213.0 13729.0 13639.0 13918.0 13509.0 
13266.0 13326.0 13100.0 13163.0 12922.0 12758.0 12987.0 
12686.0 12539.0 12638.0 12446.0 12430.0 12411.0 12434.0 
12345.0 12369.0 12579.0 12227.0 12323.0 12362.0 12452.0 
12549.0 12634.0 12697.0 12769.0 12743.0 12772.0 12753.0 
12585.0 12665.0 12628.0 12370.0 12695.0 12464.0 12418.0 
12334.0 12586.0 12497.0 12567.0 12738.0 12491.0 12651.0 
12583.0 12733.0 12541.0 12574.0 12800.0 12923.0 12826.0 
12928.0 13057.0 12993.0 13021.0 12925.0 13152.0 13004.0 
13116.0 13362.0 13365.0 13176.0 13099.0 13134.0 12850.0 
12921.0 12612.0 12926.0 12917.0 12875.0 12879.0 12833.0 
12955.0 12890.0 12937.0 12883.0 12802.0 12905.0 12844.0 
12835.0 12832.0 12854.0 12925.0 12961.0 12846.0 12862.0 
12705.0 12708.0 12647.0 12521.0 12701.0 12643.0 12707.0 
12547.0 12425.0 12379.0 12256.0 12389.0 12448.0 12233.0 
12549.0 12684.0 12484.0 12617.0 12822.0 12715.0 12584.0 
12636.0 12735.0 12514.0 12466.0 12488.0 12451.0 12387.0 
12318.0 12253.0 12165.0 12062.0 12068.0 11905.0 12056.0 
11855.0 11711.0 11842.0 11817.0 11894.0 11891.0 11747.0 
11977.0 11910.0 11859.0 11801.0 11690.0 11741.0 11766.0 
11711.0 11667.0 11818.0 11888.0 12063.0 12134.0 12143.0 
12225.0 12299.0 12487.0 12646.0 12386.0 12757.0 12820.0 
12831.0 12960.0 13088.0 12961.0 13046.0 13263.0 13237.0 
13127.0 13402.0 13575.0 13403.0 13704.0 13764.0 13620.0 
13365.0 13760.0 13499.0 13392.0 13608.0 13436.0 13448.0 
13395.0 13451.0 13422.0 13270.0 13318.0 13422.0 13282.0 
13455.0 13430.0 13384.0 13551.0 13382.0 13347.0 13643.0 
13611.0 13456.0 13695.0 13835.0 13595.0 13823.0 14020.0 
13882.0 14080.0 14191.0 14253.0 14621.0 14538.0 14683.0 
15008.0 14603.0 14667.0 14794.0 14836.0 14787.0 14862.0 
14967.0 14988.0 15152.0 15247.0 15251.0 15338.0 15302.0 
15347.0 15317.0 15258.0 15275.0 15306.0 15409.0 15338.0 
15509.0 15580.0 15356.0 15493.0 15341.0 15370.0 15295.0 
15305.0 15195.0 15134.0 15411.0 15080.0 15385.0 15328.0 
15453.0 15439.0 15603.0 15576.0 15631.0 15638.0 15737.0 
15799.0 15658.0 15625.0 15780.0 15683.0 15745.0 15570.0 
15801.0 15785.0 15866.0 15921.0 15676.0 15932.0 15676.0 
15613.0 15789.0 15778.0 15784.0 15731.0 15798.0 15617.0 
15535.0 15466.0 15239.0 15163.0 15225.0 15041.0 15072.0 
15127.0 14965.0 14943.0 14988.0 15085.0 14943.0 14991.0 
14973.0 15272.0 15225.0 15254.0 15579.0 15463.0 15359.0 
15644.0 15527.0 15404.0 15479.0 15337.0 15061.0 15188.0 
15136.0 15020.0 15169.0 15084.0 14954.0 14966.0 14898.0 
14846.0 14800.0 14811.0 14805.0 15053.0 14839.0 14963.0 
15241.0 15173.0 15165.0 15359.0 15239.0 15282.0 15392.0 
15445.0 15359.0 15481.0 15313.0 15166.0 15281.0 15127.0 
15025.0 14914.0 15047.0 14889.0 14612.0 14849.0 14636.0 
14731.0 14546.0 14523.0 14465.0 14411.0 14212.0 14083.0 
14088.0 13925.0 13897.0 13796.0 14002.0 13874.0 13920.0 
13955.0 13977.0 13876.0 13827.0 13699.0 13832.0 13679.0 
13781.0 13739.0 13782.0 13946.0 13831.0 13875.0 13902.0 
13875.0 13999.0 14071.0 14020.0 13724.0 13931.0 13741.0 
13826.0 13695.0 13568.0 13645.0 13737.0 13566.0 13356.0 
13624.0 13536.0 13160.0 13418.0 13210.0 13208.0 13184.0 
13229.0 13218.0 13194.0 13172.0 12952.0 13052.0 12818.0 
12778.0 12659.0 12493.0 12370.0 12356.0 12243.0 12301.0 
12068.0 12233.0 11950.0 12271.0 11823.0 11704.0 11842.0 
11621.0 11530.0 11428.0 11666.0 11591.0 11606.0 11924.0 
11759.0 11881.0 12107.0 12034.0 12025.0 12141.0 12067.0 
11975.0 12238.0 12125.0 11994.0 12331.0 12213.0 12203.0 
12411.0 12135.0 12273.0 12140.0 12206.0 12041.0 12313.0 
12280.0 12475.0 12700.0 12773.0 12877.0 12949.0 13202.0 
13194.0 13350.0 13297.0 13267.0 13515.0 13223.0 13484.0 
13163.0 13368.0 13057.0 13188.0 13216.0 12953.0 12914.0 
12866.0 12690.0 12480.0 12600.0 12283.0 12467.0 12365.0 
12353.0 12562.0 12307.0 12552.0 12620.0 12558.0 12665.0 
12803.0 12783.0 12556.0 12939.0 12528.0 12800.0 12743.0 
12491.0 12796.0 12618.0 12783.0 12726.0 13030.0 12892.0 
13047.0 13229.0 12924.0 13321.0 13040.0 13242.0 13197.0 
13242.0 13479.0 13034.0 13433.0 13229.0 13194.0 12996.0 
12981.0 12975.0 12668.0 12871.0 12366.0 12524.0 12444.0 
12507.0 12403.0 12405.0 12620.0 12531.0 12323.0 12545.0 
12398.0 12432.0 12329.0 12552.0 12599.0 12530.0 12779.0 
12711.0 12756.0 12862.0 12945.0 13050.0 13099.0 13101.0 
13236.0 12737.0 13081.0 12834.0 12815.0 12880.0 12739.0 
12990.0 12772.0 12924.0 12884.0 13004.0 12963.0 12915.0 
13096.0 12994.0 13217.0 13247.0 13353.0 13259.0 13305.0 
13158.0 13253.0 12987.0 12980.0 13080.0 12890.0 12953.0 
13041.0 13278.0 12876.0 13029.0 12896.0 12785.0 12898.0 
12818.0 12732.0 12829.0 12684.0 12966.0 12934.0 12835.0 
13186.0 12899.0 12975.0 12850.0 12790.0 12793.0 12729.0 
12452.0 12576.0 12376.0 12200.0 12244.0 12128.0 12106.0 
12184.0 12102.0 12131.0 12172.0 12104.0 12193.0 12278.0 
12264.0 12422.0 12630.0 12430.0 12845.0 12644.0 12787.0 
12613.0 13007.0 12585.0 12727.0 12772.0 12681.0 12714.0 
12476.0 12799.0 12364.0 12583.0 12376.0 12573.0 12539.0 
12451.0 12452.0 12216.0 12414.0 12337.0 12499.0 12290.0 
12561.0 12680.0 12710.0 12579.0 12660.0 12561.0 12638.0 
12706.0 12874.0 12915.0 13031.0 13297.0 12869.0 13332.0 
13100.0 13050.0 13040.0 13066.0 12930.0 12639.0 13090.0 
12534.0 12651.0 12666.0 12333.0 12286.0 12329.0 12232.0 
12110.0 12200.0 12074.0 12231.0 11972.0 11905.0 11853.0 
12010.0 11681.0 12004.0 11880.0 11737.0 11992.0 11842.0 
11830.0 11988.0 11958.0 11975.0 12192.0 12081.0 12279.0 
12320.0 12498.0 12771.0 12745.0 12918.0 12837.0 13124.0 
13071.0 13128.0 13296.0 13494.0 13385.0 13554.0 13639.0 
13521.0 13631.0 13575.0 13585.0 13543.0 13590.0 13545.0 
13582.0 13472.0 13609.0 13703.0 13456.0 13598.0 13618.0 
13405.0 13490.0 13460.0 13291.0 13401.0 13316.0 13386.0 
13468.0 13539.0 13488.0 13282.0 13399.0 13117.0 13218.0 
13126.0 13077.0 13002.0 13103.0 13094.0 12998.0 13369.0 
13087.0 13259.0 13558.0 13418.0 13337.0 13500.0 13582.0 
13356.0 13420.0 13486.0 13421.0 13184.0 13334.0 13328.0 
13198.0 13357.0 13303.0 13317.0 13342.0 13599.0 13412.0 
13788.0 13733.0 13808.0 13863.0 13580.0 13811.0 13564.0 
13549.0 13677.0 13798.0 13675.0 13892.0 13921.0 13951.0 
14107.0 14174.0 14120.0 14304.0 14219.0 14250.0 14442.0 
14148.0 14381.0 14456.0 14518.0 14301.0 14554.0 14410.0 
14296.0 14405.0 14012.0 14268.0 13855.0 13917.0 14071.0 
13642.0 13394.0 13584.0 13406.0 12795.0 13046.0 12877.0 
12565.0 12744.0 12482.0 12596.0 12577.0 12462.0 12643.0 
12487.0 12670.0 12660.0 12819.0 13039.0 13001.0 13295.0 
13411.0 13304.0 13503.0 13744.0 13464.0 13743.0 13955.0 
13999.0 14035.0 14013.0 14178.0 14084.0 14071.0 13887.0 
13895.0 13867.0 13847.0 13749.0 13561.0 13617.0 13554.0 
13308.0 13468.0 13468.0 13476.0 13516.0 13523.0 13466.0 
13588.0 13708.0 13582.0 13659.0 13803.0 13606.0 13572.0 
13788.0 13696.0 13460.0 13735.0 13466.0 13281.0 13368.0 
13166.0 13105.0 13028.0 12897.0 12897.0 13020.0 12811.0 
12863.0 12797.0 12896.0 12901.0 13032.0 12857.0 13096.0 
12776.0 12674.0 12941.0 12482.0 12567.0 12720.0 12314.0 
12289.0 12260.0 12339.0 12119.0 12071.0 12045.0 12020.0 
11789.0 11906.0 11816.0 11797.0 11953.0 12027.0 11920.0 
12076.0 12119.0 12178.0 12351.0 12404.0 12578.0 12562.0 
12760.0 12671.0 12744.0 12603.0 12769.0 12703.0 12686.0 
12513.0 12555.0 12695.0 12604.0 12449.0 12428.0 12361.0 
12264.0 12372.0 12418.0 12379.0 12419.0 12462.0 12486.0 
12569.0 12389.0 12699.0 12665.0 12424.0 12424.0 12448.0 
12337.0 12350.0 12340.0 12176.0 12307.0 12230.0 12167.0 
12078.0 12186.0 11960.0 11927.0 12110.0 11946.0 11832.0 
11868.0 12041.0 11751.0 11839.0 12050.0 12039.0 12030.0 
12008.0 11984.0 12156.0 11802.0 11881.0 12063.0 11796.0 
11694.0 11802.0 11795.0 11612.0 11464.0 11351.0 11260.0 
11231.0 11176.0 11195.0 11266.0 11253.0 11304.0 11203.0 
11344.0 11222.0 11472.0 11690.0 11516.0 11697.0 11760.0 
11723.0 11826.0 11805.0 12105.0 11944.0 11941.0 11743.0 
11735.0 11884.0 11750.0 11601.0 11767.0 11451.0 11352.0 
11632.0 11198.0 11316.0 11363.0 11365.0 11281.0 11393.0 
11548.0 11245.0 11516.0 11470.0 11260.0 11342.0 11062.0 
11303.0 11182.0 10984.0 11088.0 11258.0 11143.0 11105.0 
11278.0 11295.0 11364.0 11512.0 11475.0 11434.0 11568.0 
11593.0 11635.0 11606.0 11571.0 11598.0 11337.0 11624.0 
11709.0 11552.0 11752.0 11487.0 11489.0 11712.0 11307.0 
11361.0 11490.0 11481.0 11551.0 11237.0 11387.0 11226.0 
11391.0 11276.0 11224.0 11458.0 11281.0 11640.0 11377.0 
11345.0 11555.0 11720.0 11529.0 11681.0 11935.0 11829.0 
12104.0 12016.0 12072.0 11888.0 12361.0 12128.0 12051.0 
12299.0 12184.0 12267.0 12392.0 12072.0 12163.0 12064.0 
11884.0 12113.0 11935.0 12339.0 12234.0 12294.0 12294.0 
12353.0 12240.0 12482.0 12185.0 12164.0 12220.0 11829.0 
12277.0 11763.0 12036.0 11995.0 12076.0 12246.0 11914.0 
12082.0 12246.0 12130.0 12240.0 12059.0 12213.0 12179.0 
12089.0 11915.0 11874.0 12057.0 11972.0 11832.0 11915.0 
11690.0 11469.0 11488.0 11339.0 11468.0 11349.0 11318.0 
11029.0 11470.0 11242.0 11089.0 11181.0 11322.0 11261.0 
11220.0 11255.0 11184.0 11245.0 11155.0 11252.0 11084.0 
11291.0 11313.0 11342.0 11434.0 11448.0 11508.0 11449.0 
11498.0 11556.0 11494.0 11762.0 11779.0 12076.0 12074.0 
12325.0 12238.0 12551.0 12404.0 12149.0 12414.0 12292.0 
12243.0 12260.0 12010.0 11894.0 12194.0 11561.0 11757.0 
11674.0 11576.0 11509.0 11597.0 11555.0 11714.0 11725.0 
11905.0 11840.0 12144.0 12250.0 12181.0 12293.0 12702.0 
12432.0 12811.0 12910.0 12822.0 13149.0 13176.0 13283.0 
13311.0 13360.0 13404.0 13359.0 13421.0 13625.0 13328.0 
13327.0 13429.0 13450.0 13325.0 13498.0 13535.0 13604.0 
13434.0 13706.0 13348.0 13588.0 13637.0 13414.0 13546.0 
13758.0 13616.0 13619.0 13549.0 13543.0 13685.0 13413.0 
13400.0 13636.0 13436.0 13343.0 13528.0 13397.0 13361.0 
13395.0 13371.0 13289.0 13464.0 13526.0 13656.0 13682.0 
13675.0 13632.0 13553.0 13459.0 13553.0 13622.0 13604.0 
13642.0 13796.0 13937.0 13819.0 13987.0 14122.0 14011.0 
14222.0 14456.0 14302.0 14584.0 14635.0 14415.0 14449.0 
14445.0 14486.0 14236.0 14446.0 14398.0 14448.0 14291.0 
14344.0 14407.0 14385.0 14503.0 14466.0 14463.0 14445.0 
14349.0 14403.0 14426.0 14302.0 14369.0 14561.0 14315.0 
14598.0 14444.0 14205.0 14245.0 14286.0 14267.0 14443.0 
14198.0 14131.0 14422.0 13974.0 14411.0 14228.0 14313.0 
14870.0 14441.0 14732.0 14546.0 14655.0 14826.0 14078.0 
14292.0 14233.0 14083.0 14195.0 14159.0 14215.0 13945.0 
14271.0 13822.0 14139.0 13839.0 13714.0 14000.0 13456.0 
14058.0 13486.0 13740.0 13909.0 13745.0 13764.0 14058.0 
13809.0 14010.0 13785.0 13995.0 14008.0 14012.0 14231.0 
13778.0 14462.0 14144.0 14607.0 14428.0 14433.0 14561.0 
14401.0 14675.0 14449.0 14587.0 14896.0 14402.0 14271.0 
14432.0 14369.0 13910.0 14321.0 14363.0 13950.0 14023.0 
14357.0 13732.0 14279.0 13927.0 13905.0 13746.0 13473.0 
14055.0 13509.0 13802.0 13179.0 13262.0 13091.0 13120.0 
13136.0 12921.0 13025.0 13051.0 12983.0 12677.0 12883.0 
13209.0 12944.0 12771.0 13236.0 13176.0 12613.0 13075.0 
13046.0 12603.0 13309.0 12849.0 12697.0 13162.0 13400.0 
12960.0 13058.0 13239.0 12798.0 13186.0 12595.0 12796.0 
12931.0 12906.0 12667.0 12773.0 12855.0 12565.0 12487.0 
12861.0 12534.0 12540.0 12757.0 12464.0 12307.0 12411.0 
12335.0 12511.0 12713.0 12524.0 12954.0 12826.0 12626.0 
12912.0 12510.0 12842.0 12850.0 12609.0 12498.0 12674.0 
12958.0 12319.0 12677.0 13028.0 12288.0 12590.0 12215.0 
12332.0 11942.0 11824.0 12135.0 11290.0 11955.0 11192.0 
10761.0 11160.0 10214.0 9995.0 9892.0 9906.0 9738.0 
9336.0 9669.0 9165.0 8866.0 9259.0 8808.0 8732.0 
8529.0 8352.0 8743.0 8094.0 8467.0 8135.0 8379.0 
8038.0 8477.0 8711.0 8556.0 8712.0 8615.0 9157.0 
9224.0 9178.0 9943.0 9855.0 9285.0 10099.0 9703.0 
10357.0 9726.0 10259.0 10431.0 10442.0 10492.0 10692.0 
11077.0 10692.0 10904.0 11351.0 11398.0 11227.0 11713.0 
11536.0 12167.0 11760.0 12205.0 12669.0 12438.0 12514.0 
12828.0 12570.0 12651.0 12577.0 12695.0 12841.0 12878.0 
13103.0 12908.0 13085.0 13160.0 13096.0 12867.0 12805.0 
13311.0 12832.0 13101.0 13145.0 13192.0 13170.0 13074.0 
13709.0 13556.0 13382.0 12963.0 13339.0 13070.0 13225.0 
13605.0 13459.0 13652.0 13597.0 13387.0 13379.0 13371.0 
13782.0 13808.0 13747.0 13770.0 13916.0 13783.0 14285.0 
14432.0 13979.0 14365.0 14661.0 13999.0 14661.0 14606.0 
14821.0 14756.0 14809.0 15524.0 14950.0 15509.0 15003.0 
14766.0 15394.0 15028.0 14984.0 15304.0 15003.0 15296.0 
15382.0 14926.0 15369.0 15276.0 15375.0 15365.0 15269.0 
15121.0 15377.0 15089.0 15260.0 15386.0 15310.0 15902.0 
15400.0 15429.0 15304.0 15538.0 15391.0 15608.0 15294.0 
15177.0 14887.0 14815.0 14580.0 14507.0 14569.0 14235.0 
14152.0 14278.0 14196.0 14266.0 14401.0 14487.0 14257.0 
14306.0 14655.0 14429.0 14601.0 14649.0 14856.0 14650.0 
14593.0 14873.0 14929.0 15069.0 15025.0 14939.0 15430.0 
15147.0 15303.0 15372.0 15375.0 15175.0 15371.0 15445.0 
15141.0 15306.0 15869.0 15541.0 15265.0 15515.0 15320.0 
15218.0 14815.0 15156.0 15185.0 15030.0 15131.0 15295.0 
15378.0 15003.0 15263.0 15173.0 14870.0 15155.0 14892.0 
14852.0 14513.0 14458.0 14342.0 14186.0 14266.0 14283.0 
14383.0 13786.0 14166.0 13826.0 13628.0 13721.0 13597.0 
13754.0 13154.0 13527.0 13695.0 13836.0 13580.0 14048.0 
13947.0 13474.0 13698.0 13702.0 13744.0 13374.0 13254.0 
13128.0 13043.0 13030.0 13023.0 12668.0 13024.0 12990.0 
12547.0 12502.0 12427.0 12264.0 12279.0 12294.0 12599.0 
12402.0 12236.0 12494.0 12434.0 12723.0 12739.0 12677.0 
12762.0 12996.0 13062.0 13262.0 13373.0 13138.0 13232.0 
13705.0 13473.0 13583.0 13553.0 13500.0 13706.0 13211.0 
13591.0 13286.0 13207.0 13401.0 13260.0 13184.0 13003.0 
12956.0 13024.0 12707.0 12797.0 12677.0 12255.0 12425.0 
11917.0 11999.0 12020.0 11794.0 12009.0 11798.0 11903.0 
11784.0 11751.0 11690.0 12075.0 11806.0 11903.0 12070.0 
12032.0 12267.0 12168.0 11909.0 12191.0 12265.0 12111.0 
12436.0 12509.0 12605.0 12824.0 12558.0 12791.0 12768.0 
12601.0 12814.0 12806.0 12991.0 12700.0 12919.0 13140.0 
12801.0 12693.0 13071.0 12879.0 13121.0 13138.0 13231.0 
13129.0 13264.0 13326.0 13200.0 13631.0 13217.0 13459.0 
13727.0 13319.0 13874.0 13699.0 13970.0 14171.0 13742.0 
13935.0 13881.0 13584.0 13887.0 13664.0 13778.0 13755.0 
13633.0 13727.0 13759.0 13964.0 14008.0 13792.0 13867.0 
13709.0 13990.0 14041.0 13816.0 13918.0 13753.0 13925.0 
13587.0 13782.0 14108.0 13678.0 14106.0 13845.0 13634.0 
14515.0 13815.0 14014.0 14220.0 14390.0 14072.0 14321.0 
14521.0 14338.0 14698.0 14601.0 14555.0 14674.0 14801.0 
14624.0 15096.0 14957.0 14915.0 15165.0 15011.0 15256.0 
15270.0 14802.0 15021.0 14819.0 14807.0 15161.0 14921.0 
15183.0 15275.0 15174.0 14848.0 15188.0 15421.0 15228.0 
15175.0 15451.0 15377.0 15527.0 15639.0 15495.0 15619.0 
15640.0 15936.0 15681.0 15588.0 15837.0 15604.0 15405.0 
15677.0 15611.0 15461.0 15512.0 15522.0 15192.0 15019.0 
15322.0 15453.0 15183.0 15322.0 15380.0 15317.0 15345.0 
15677.0 15039.0 15337.0 15416.0 15285.0 15446.0 15324.0 
15473.0 15269.0 15926.0 15282.0 15616.0 15579.0 15589.0 
15376.0 15304.0 15297.0 15219.0 15457.0 15225.0 15408.0 
15573.0 15336.0 15321.0 15358.0 15273.0 15045.0 15285.0 
15390.0 15097.0 15610.0 15832.0 15499.0 15747.0 15838.0 
15469.0 15056.0 15497.0 15385.0 14912.0 15280.0 15304.0 
15382.0 15436.0 15365.0 15080.0 15775.0 15305.0 15500.0 
15476.0 15659.0 15526.0 15339.0 15767.0 15324.0 15781.0 
15545.0 15622.0 15628.0 15313.0 15360.0 15139.0 15380.0 
15235.0 14897.0 14982.0 14858.0 14270.0 14517.0 14736.0 
14148.0 14488.0 14253.0 14229.0 14409.0 14079.0 14340.0 
14259.0 14062.0 14492.0 14502.0 14690.0 14690.0 14721.0 
14562.0 14552.0 14388.0 14642.0 14665.0 14344.0 14881.0 
14488.0 14422.0 14670.0 14440.0 14319.0 14555.0 14385.0 
14410.0 14697.0 14829.0 14892.0 14776.0 15134.0 14806.0 
14829.0 14966.0 14794.0 14887.0 14991.0 14486.0 14773.0 
14844.0 14510.0 14717.0 14486.0 14638.0 14295.0 14479.0 
14385.0 14046.0 13921.0 13926.0 13627.0 13513.0 13812.0 
13559.0 13471.0 14002.0 13666.0 13403.0 13491.0 13547.0 
13875.0 13728.0 13644.0 14097.0 14036.0 14009.0 14058.0 
13773.0 14200.0 14295.0 14285.0 14240.0 14148.0 14272.0 
14225.0 14203.0 14268.0 14357.0 14416.0 14258.0 14415.0 
14360.0 14340.0 14583.0 14407.0 14452.0 14651.0 14396.0 
14710.0 14555.0 14669.0 14508.0 14486.0 14701.0 14284.0 
14814.0 14280.0 15084.0 14610.0 14687.0 15000.0 14898.0 
14948.0 14591.0 15694.0 14823.0 15467.0 15158.0 15237.0 
15497.0 15372.0 15315.0 15495.0 15418.0 15401.0 15596.0 
15208.0 15736.0 15279.0 15651.0 15164.0 15236.0 15325.0 
15187.0 15176.0 15010.0 15064.0 14852.0 14902.0 14732.0 
14338.0 14542.0 14339.0 14041.0 14402.0 13569.0 14264.0 
13814.0 13429.0 14218.0 13531.0 13955.0 13554.0 13919.0 
13652.0 14058.0 13816.0 13765.0 14104.0 13818.0 14071.0 
13492.0 13929.0 13794.0 13661.0 13584.0 13966.0 13556.0 
13745.0 13901.0 13496.0 13559.0 13879.0 13790.0 13641.0 
14240.0 13798.0 13835.0 14371.0 14128.0 13893.0 14588.0 
14548.0 14370.0 14722.0 14447.0 14791.0 14160.0 14595.0 
14802.0 14538.0 14905.0 14830.0 14730.0 14713.0 14854.0 
14890.0 14887.0 15009.0 15114.0 15207.0 15498.0 15398.0 
15551.0 15645.0 15922.0 15779.0 16313.0 16280.0 16346.0 
16701.0 16776.0 16844.0 16735.0 16917.0 16473.0 16860.0 
16805.0 16395.0 16503.0 16628.0 16465.0 16591.0 16683.0 
16418.0 16668.0 16345.0 16592.0 16272.0 16323.0 16583.0 
16378.0 16558.0 16679.0 16966.0 16727.0 17094.0 17416.0 
17499.0 17560.0 17682.0 17527.0 17498.0 17733.0 17915.0 
17733.0 17780.0 18185.0 17927.0 17770.0 17875.0 17907.0 
17898.0 18003.0 17953.0 17914.0 17928.0 17767.0 17719.0 
17627.0 17834.0 17493.0 17404.0 17612.0 17474.0 17265.0 
17497.0 17376.0 17018.0 17290.0 17280.0 17104.0 16828.0 
16867.0 16802.0 16578.0 16613.0 16703.0 16507.0 16553.0 
16830.0 16391.0 16533.0 16615.0 16848.0 16342.0 16833.0 
16969.0 16695.0 16895.0 16869.0 17253.0 16807.0 17280.0 
16846.0 16971.0 16816.0 16773.0 16506.0 16622.0 16662.0 
16178.0 16049.0 16058.0 15745.0 15652.0 15809.0 15609.0 
15623.0 15379.0 15619.0 15611.0 15736.0 15680.0 15687.0 
15742.0 15745.0 15732.0 15765.0 15602.0 15731.0 15669.0 
15646.0 15882.0 15885.0 16096.0 15880.0 15747.0 16218.0 
15639.0 15908.0 16187.0 16136.0 16541.0 16701.0 16421.0 
16484.0 16545.0 16561.0 16320.0 16555.0 16626.0 16353.0 
16614.0 16582.0 16694.0 16241.0 16586.0 16557.0 16008.0 
15880.0 15849.0 15427.0 15237.0 15153.0 15199.0 14897.0 
14938.0 14874.0 14954.0 14605.0 14886.0 14560.0 14537.0 
14710.0 14453.0 14660.0 14632.0 14741.0 14576.0 14707.0 
14909.0 14965.0 14895.0 14938.0 14797.0 14726.0 14716.0 
14499.0 14834.0 14808.0 14867.0 14921.0 15060.0 14965.0 
14929.0 14959.0 14856.0 15018.0 15069.0 15157.0 15058.0 
15231.0 15416.0 15292.0 15330.0 15796.0 15763.0 15618.0 
15538.0 15642.0 15494.0 15426.0 15335.0 15121.0 15051.0 
15013.0 14625.0 14698.0 14438.0 14333.0 14286.0 14272.0 
13925.0 14182.0 13809.0 13956.0 13887.0 13837.0 13917.0 
13792.0 13730.0 13826.0 13606.0 13515.0 13621.0 13379.0 
13453.0 13280.0 13412.0 13170.0 13117.0 13243.0 13226.0 
13094.0 13456.0 13082.0 13254.0 13043.0 13082.0 13368.0 
13176.0 13244.0 13587.0 13416.0 13460.0 13791.0 13435.0 
13554.0 13690.0 13656.0 13743.0 13843.0 13834.0 13926.0 
14059.0 13931.0 13963.0 13879.0 13932.0 13747.0 14039.0 
13694.0 13871.0 13875.0 13738.0 13859.0 13765.0 13930.0 
13848.0 14025.0 13865.0 13947.0 13819.0 13841.0 13734.0 
13782.0 13783.0 13657.0 13765.0 13856.0 13481.0 13608.0 
13533.0 13458.0 13244.0 13278.0 13211.0 13267.0 13073.0 
13117.0 12972.0 13002.0 12638.0 12440.0 12801.0 12502.0 
12405.0 12234.0 12670.0 12783.0 12574.0 12532.0 12507.0 
12397.0 12794.0 12484.0 12246.0 12151.0 12341.0 12533.0 
12946.0 12758.0 12924.0 13393.0 13315.0 13162.0 13389.0 
13291.0 13390.0 13617.0 13137.0 13491.0 13758.0 13820.0 
13412.0 13537.0 14299.0 14133.0 14629.0 14193.0 14155.0 
15163.0 14725.0 13769.0 14281.0 13411.0 13642.0 13540.0 
13625.0 13567.0 14303.0 14708.0 13653.0 14135.0 13398.0 
12922.0 13870.0 13015.0 12912.0 13535.0 12644.0 13510.0 
12819.0 12791.0 12824.0 13807.0 13139.0 12244.0 13725.0 
13837.0 13308.0 13823.0 13231.0 13525.0 13939.0 13717.0 
13220.0 13741.0 13478.0 13408.0 13539.0 12947.0 13122.0 
14080.0 13456.0 13662.0 13557.0 13624.0 13801.0 13971.0 
13691.0 13017.0 14468.0 14026.0 12625.0 12654.0 13970.0 
13809.0 13204.0 13863.0 14453.0 13433.0 13431.0 14053.0 
13904.0 14327.0 13742.0 13446.0 13865.0 13657.0 14291.0 
13747.0 13850.0 13726.0 14062.0 13838.0 14034.0 14731.0 
14350.0 14570.0 14256.0 14362.0 14072.0 14058.0 13996.0 
14324.0 13741.0 13581.0 14738.0 14757.0 14524.0 14545.0 
15250.0 14402.0 13426.0 15128.0 14415.0 13687.0 14784.0 
14645.0 14561.0 13847.0 14380.0 14352.0 14136.0 13357.0 
13978.0 13822.0 13281.0 13772.0 13316.0 12832.0 12922.0 
13451.0 12876.0 12898.0 13237.0 12989.0 13340.0 13057.0 
12577.0 12928.0 12755.0 13125.0 12582.0 12443.0 13117.0 
12967.0 12978.0 13167.0 12696.0 12741.0 12618.0 13643.0 
12945.0 12880.0 13231.0 13192.0 12887.0 12492.0 13325.0 
13064.0 12794.0 13001.0 13304.0 13300.0 13875.0 13356.0 
13232.0 14014.0 14206.0 13956.0 13765.0 14091.0 14103.0 
14240.0 13877.0 13765.0 13772.0 14088.0 14454.0 13850.0 
13578.0 14114.0 14500.0 14219.0 14031.0 14436.0 14471.0 
14329.0 14036.0 14397.0 14029.0 13917.0 13971.0 13661.0 
13855.0 13790.0 14094.0 13600.0 13116.0 13566.0 13575.0 
13102.0 13276.0 13513.0 13376.0 13230.0 13308.0 13174.0 
13537.0 13142.0 12729.0 13231.0 13397.0 13198.0 13502.0 
13749.0 13078.0 13395.0 13825.0 13228.0 13552.0 13631.0 
13869.0 13749.0 14170.0 14429.0 14176.0 14371.0 13971.0 
13957.0 14131.0 14017.0 14386.0 14243.0 13778.0 14017.0 
13924.0 13932.0 13779.0 13453.0 14020.0 13769.0 13483.0 
13502.0 13775.0 13382.0 13591.0 13307.0 13399.0 13597.0 
13515.0 13226.0 13471.0 13433.0 13214.0 13298.0 13175.0 
13293.0 13204.0 12580.0 12799.0 12514.0 12175.0 12537.0 
12513.0 12208.0 12450.0 12021.0 11827.0 12097.0 11428.0 
12281.0 12243.0 11792.0 12122.0 12282.0 11489.0 11768.0 
11440.0 11917.0 11647.0 11402.0 11347.0 11724.0 11724.0 
11527.0 11729.0 11543.0 11612.0 11857.0 11482.0 11071.0 
11576.0 11759.0 11392.0 11377.0 11765.0 11448.0 11308.0 
11140.0 11594.0 11283.0 11458.0 11990.0 11915.0 11782.0 
12314.0 12447.0 12185.0 12788.0 12323.0 12078.0 12743.0 
12816.0 12833.0 12469.0 12938.0 13214.0 12673.0 12711.0 
12635.0 12398.0 12487.0 12089.0 12137.0 12807.0 11837.0 
11858.0 12065.0 11710.0 11903.0 12083.0 11628.0 11689.0 
11847.0 11798.0 12071.0 11735.0 12531.0 12392.0 12343.0 
12500.0 12543.0 12544.0 12611.0 12892.0 12918.0 13247.0 
13251.0 13188.0 13273.0 13358.0 13228.0 13152.0 13553.0 
13478.0 13565.0 13539.0 13693.0 13715.0 13935.0 13764.0 
13761.0 13780.0 13583.0 13614.0 13697.0 13647.0 13530.0 
13538.0 13391.0 13432.0 13503.0 13773.0 13523.0 13581.0 
13248.0 13196.0 13516.0 13247.0 13744.0 13853.0 13377.0 
13822.0 13422.0 13326.0 13636.0 13344.0 13725.0 13645.0 
13717.0 13709.0 13715.0 13889.0 13433.0 13658.0 13414.0 
13737.0 13362.0 13341.0 13412.0 13564.0 13367.0 13228.0 
13179.0 13197.0 12731.0 12851.0 13360.0 13234.0 12989.0 
13261.0 13347.0 12992.0 13201.0 13287.0 13669.0 13864.0 
13263.0 13479.0 13449.0 13635.0 13851.0 13259.0 13264.0 
13742.0 13197.0 13539.0 13823.0 13241.0 13972.0 13840.0 
13367.0 13362.0 13097.0 12936.0 13246.0 12847.0 13215.0 
13375.0 12935.0 13320.0 13056.0 13132.0 13537.0 13477.0 
13399.0 13695.0 13925.0 13685.0 13793.0 13835.0 14077.0 
13830.0 13825.0 14094.0 13979.0 13625.0 13952.0 13573.0 
13699.0 13840.0 13718.0 13984.0 13780.0 13399.0 13811.0 
13849.0 13872.0 13869.0 13549.0 13836.0 13869.0 13989.0 
14254.0 14124.0 13905.0 14212.0 13926.0 13828.0 13751.0 
13789.0 13960.0 14161.0 14104.0 14245.0 14717.0 14409.0 
14498.0 14555.0 14234.0 14516.0 14022.0 14018.0 14676.0 
14202.0 14169.0 14252.0 14077.0 14048.0 14134.0 14270.0 
13917.0 14107.0 14300.0 14290.0 14447.0 14451.0 14360.0 
14143.0 14681.0 14855.0 14420.0 14769.0 14828.0 14507.0 
14560.0 14360.0 14129.0 14152.0 14087.0 14239.0 14156.0 
13883.0 13959.0 14081.0 13941.0 13615.0 13664.0 13678.0 
13726.0 13941.0 14093.0 14203.0 14137.0 14222.0 14432.0 
14545.0 14734.0 15021.0 15108.0 15470.0 15137.0 15361.0 
15449.0 15692.0 15864.0 15569.0 15838.0 15945.0 15715.0 
16129.0 16236.0 15906.0 16060.0 16162.0 16218.0 15696.0 
15942.0 16098.0 15813.0 16114.0 15789.0 15897.0 15918.0 
15672.0 15682.0 15431.0 15702.0 15736.0 15672.0 15680.0 
15949.0 15782.0 15608.0 16027.0 15838.0 15684.0 16282.0 
16423.0 16287.0 16585.0 16704.0 16418.0 16536.0 16838.0 
16626.0 16771.0 16827.0 16842.0 16685.0 16554.0 16681.0 
16364.0 16466.0 16457.0 16302.0 16228.0 16346.0 15850.0 
15829.0 15924.0 15706.0 15656.0 15768.0 15693.0 15651.0 
15760.0 15441.0 15698.0 15643.0 15504.0 15531.0 15789.0 
15740.0 15848.0 15844.0 15642.0 15929.0 16075.0 16046.0 
15889.0 16249.0 16304.0 16350.0 16285.0 16124.0 16502.0 
16542.0 16338.0 17018.0 16845.0 16818.0 17139.0 17101.0 
17192.0 16961.0 16780.0 17112.0 16875.0 16861.0 16771.0 
16628.0 16721.0 16814.0 16314.0 16627.0 16611.0 16252.0 
16223.0 16071.0 15821.0 15959.0 15711.0 15368.0 15262.0 
15149.0 15110.0 14596.0 14884.0 14701.0 14466.0 14463.0 
14390.0 14323.0 14109.0 14001.0 14271.0 13640.0 13960.0 
13836.0 13514.0 13626.0 13337.0 13288.0 13299.0 13481.0 
13238.0 13193.0 13218.0 13140.0 13361.0 13402.0 13276.0 
13488.0 13152.0 13085.0 13289.0 12860.0 13071.0 13083.0 
13109.0 13080.0 12790.0 12873.0 13278.0 13160.0 12689.0 
12864.0 12594.0 12553.0 12852.0 12911.0 12798.0 12512.0 
12479.0 12306.0 12052.0 11811.0 11909.0 11601.0 11663.0 
11649.0 11421.0 11647.0 11634.0 11296.0 11345.0 11274.0 
11040.0 11294.0 10935.0 10996.0 11204.0 11007.0 10971.0 
11169.0 11115.0 10992.0 10919.0 10662.0 10914.0 10496.0 
10670.0 10485.0 10311.0 10479.0 10124.0 10350.0 10037.0 
9989.0 10099.0 9968.0 9476.0 9924.0 9935.0 9730.0 
9895.0 9554.0 9572.0 9716.0 9637.0 9678.0 9851.0 
9609.0 9812.0 9779.0 10098.0 9834.0 9982.0 9909.0 
10128.0 10212.0 10088.0 10303.0 10531.0 10416.0 10810.0 
10720.0 10866.0 10980.0 10933.0 11413.0 11272.0 11440.0 
11482.0 11875.0 11426.0 11010.0 11405.0 11215.0 11233.0 
11347.0 11283.0 11207.0 10964.0 11202.0 11144.0 11064.0 
10772.0 10898.0 10995.0 10779.0 10698.0 10898.0 11028.0 
10920.0 10941.0 10989.0 10932.0 10973.0 11111.0 10923.0 
10958.0 10915.0 10713.0 10929.0 10605.0 10742.0 10738.0 
10528.0 10714.0 10985.0 10580.0 10900.0 10933.0 10904.0 
10874.0 10779.0 10904.0 11040.0 11348.0 11188.0 11211.0 
11476.0 11418.0 11308.0 11782.0 11561.0 11554.0 11778.0 
11787.0 11710.0 11893.0 11797.0 11886.0 12192.0 11945.0 
12063.0 12282.0 12434.0 12298.0 12407.0 12661.0 12746.0 
12765.0 13013.0 13047.0 13079.0 13351.0 13247.0 13058.0 
13339.0 13530.0 13346.0 13431.0 13532.0 13564.0 13612.0 
13642.0 13964.0 13760.0 13559.0 13952.0 13609.0 13296.0 
13700.0 13206.0 13278.0 13407.0 13094.0 12993.0 13208.0 
12976.0 12844.0 12819.0 12742.0 12995.0 12949.0 12819.0 
13028.0 13322.0 13095.0 13242.0 13378.0 13498.0 13302.0 
13453.0 13854.0 13561.0 13746.0 13632.0 13637.0 13741.0 
13492.0 13373.0 13692.0 13465.0 13577.0 13467.0 13203.0 
13354.0 13127.0 13191.0 13011.0 13282.0 13074.0 13126.0 
13282.0 13502.0 13379.0 13601.0 13564.0 13510.0 13863.0 
13688.0 13608.0 13514.0 13571.0 13476.0 13551.0 13580.0 
13616.0 13931.0 13905.0 13882.0 14009.0 14216.0 14003.0 
14182.0 14281.0 14536.0 14412.0 14542.0 14604.0 14336.0 
14518.0 14444.0 14567.0 14290.0 14552.0 14440.0 14117.0 
14302.0 14314.0 14432.0 14111.0 14310.0 14267.0 14288.0 
13893.0 14021.0 13922.0 13701.0 13749.0 13682.0 13546.0 
13653.0 13431.0 13356.0 13303.0 13341.0 13122.0 13110.0 
13320.0 13268.0 13469.0 13484.0 13469.0 13616.0 13797.0 
13555.0 13686.0 13860.0 13780.0 13794.0 14343.0 13935.0 
14248.0 14250.0 14277.0 14401.0 14313.0 14346.0 14278.0 
14378.0 14356.0 14428.0 14521.0 14337.0 14485.0 14484.0 
14231.0 13917.0 14085.0 13792.0 13946.0 13738.0 13551.0 
13615.0 13636.0 13992.0 13581.0 13698.0 13757.0 13879.0 
13696.0 13521.0 13436.0 13434.0 13157.0 13419.0 13433.0 
13310.0 13251.0 13483.0 13582.0 13482.0 13466.0 13680.0 
13557.0 13486.0 13786.0 13592.0 13563.0 13505.0 13735.0 
14031.0 13582.0 13548.0 13915.0 13701.0 13855.0 13944.0 
13740.0 13837.0 14000.0 13678.0 13786.0 13678.0 13742.0 
13478.0 13354.0 13400.0 13261.0 12889.0 12861.0 12900.0 
12453.0 12570.0 12354.0 12193.0 12427.0 12438.0 12375.0 
12676.0 12766.0 12688.0 12535.0 12543.0 12769.0 12602.0 
12813.0 13078.0 13034.0 13323.0 13492.0 13574.0 13567.0 
13879.0 13572.0 13570.0 13507.0 13399.0 13327.0 13043.0 
13401.0 12983.0 13115.0 13362.0 13167.0 13400.0 13293.0 
13568.0 13672.0 13695.0 13889.0 13771.0 13994.0 13785.0 
13850.0 13775.0 13760.0 13743.0 13568.0 13569.0 13545.0 
13606.0 13567.0 13566.0 13570.0 13546.0 13349.0 13532.0 
13423.0 13638.0 13651.0 13402.0 13596.0 13744.0 13457.0 
13573.0 13531.0 13463.0 13614.0 13441.0 13726.0 13647.0 
13560.0 13793.0 13634.0 13554.0 13780.0 13536.0 13645.0 
13702.0 13678.0 13856.0 13778.0 13975.0 14326.0 14038.0 
14241.0 14097.0 14107.0 14427.0 14433.0 14626.0 14754.0 
14530.0 14681.0 14957.0 14767.0 14639.0 14821.0 14812.0 
14757.0 14800.0 14888.0 14790.0 14702.0 14671.0 14567.0 
14631.0 14693.0 14783.0 14813.0 15025.0 15061.0 15059.0 
15135.0 15100.0 15063.0 15019.0 15039.0 15313.0 15431.0 
15341.0 15350.0 15423.0 15285.0 15110.0 15253.0 15159.0 
15074.0 15165.0 15137.0 15121.0 15134.0 15178.0 15259.0 
15272.0 15381.0 15469.0 15358.0 15380.0 15327.0 15226.0 
15486.0 15316.0 15126.0 15624.0 15424.0 15281.0 15381.0 
15192.0 15106.0 14782.0 14644.0 14644.0 14326.0 14414.0 
14346.0 14297.0 14264.0 14367.0 14133.0 14296.0 14285.0 
14121.0 14209.0 14280.0 14286.0 14245.0 14595.0 14314.0 
14521.0 14599.0 14568.0 14730.0 15032.0 14828.0 15031.0 
14889.0 14589.0 14803.0 14686.0 14523.0 14604.0 14671.0 
14520.0 14722.0 14668.0 14695.0 14793.0 14980.0 14866.0 
14836.0 15196.0 14832.0 14962.0 15242.0 14852.0 15066.0 
15020.0 14963.0 14997.0 14934.0 14739.0 14711.0 14703.0 
14323.0 14530.0 14355.0 14309.0 14202.0 14278.0 14302.0 
14256.0 14442.0 14305.0 14334.0 14484.0 14541.0 14547.0 
14520.0 14745.0 14624.0 14759.0 14900.0 14842.0 15003.0 
14710.0 14805.0 15001.0 14848.0 14684.0 14881.0 14959.0 
14986.0 15217.0 15203.0 15147.0 15273.0 15433.0 15454.0 
15659.0 15666.0 15803.0 15984.0 16219.0 16286.0 16385.0 
16460.0 16691.0 16720.0 16577.0 16889.0 16504.0 16604.0 
16704.0 16730.0 16676.0 16620.0 16861.0 16807.0 16837.0 
16961.0 17116.0 17199.0 17272.0 17311.0 16873.0 17100.0 
17171.0 16926.0 17064.0 16971.0 16807.0 16947.0 17063.0 
16674.0 16863.0 16636.0 16747.0 16702.0 16762.0 16617.0 
16536.0 16450.0 16455.0 16530.0 16476.0 16594.0 16376.0 
16606.0 16838.0 16782.0 16667.0 17028.0 16976.0 17049.0 
16944.0 16977.0 16816.0 17002.0 16961.0 16878.0 17076.0 
16931.0 17217.0 17005.0 17065.0 17082.0 16958.0 16997.0 
16893.0 16905.0 16764.0 16520.0 16630.0 16524.0 16448.0 
16383.0 16525.0 16524.0 16493.0 16507.0 16350.0 16267.0 
16319.0 16105.0 16153.0 16267.0 16188.0 16125.0 16217.0 
16209.0 16279.0 16258.0 16301.0 16494.0 16385.0 16521.0 
16252.0 16231.0 16149.0 15911.0 15902.0 15989.0 15850.0 
15749.0 15894.0 15963.0 15922.0 15910.0 15798.0 15793.0 
15800.0 15872.0 15880.0 16039.0 15942.0 16111.0 15844.0 
15747.0 15910.0 15666.0 15583.0 15394.0 15311.0 15260.0 
15095.0 15041.0 15094.0 15089.0 15188.0 15024.0 14933.0 
15135.0 15193.0 15233.0 15265.0 15453.0 15545.0 15492.0 
15886.0 15731.0 15582.0 15718.0 15514.0 15511.0 15415.0 
15453.0 15305.0 15275.0 15218.0 15423.0 15376.0 15411.0 
15422.0 15370.0 15439.0 15507.0 15301.0 15395.0 15561.0 
15395.0 15454.0 15417.0 15408.0 15392.0 15230.0 15211.0 
15268.0 15300.0 15159.0 15255.0 15416.0 15221.0 15521.0 
15319.0 15417.0 15491.0 15444.0 15368.0 15532.0 15477.0 
15480.0 15719.0 15781.0 15776.0 15650.0 15971.0 16170.0 
16078.0 16211.0 16156.0 16003.0 15996.0 15788.0 15784.0 
15793.0 15823.0 15653.0 15491.0 15533.0 15339.0 15189.0 
15113.0 15147.0 15058.0 15139.0 15132.0 14956.0 15082.0 
14978.0 14862.0 15036.0 15067.0 14768.0 15018.0 15124.0 
14764.0 14964.0 15195.0 14964.0 15037.0 14950.0 15007.0 
15297.0 15020.0 15223.0 15505.0 15511.0 15752.0 15755.0 
15990.0 15865.0 15808.0 16119.0 16084.0 16019.0 16100.0 
16256.0 16286.0 16321.0 16431.0 16283.0 16218.0 16084.0 
16288.0 16210.0 16030.0 16064.0 15985.0 15889.0 15815.0 
15857.0 15804.0 15830.0 15916.0 15746.0 15690.0 15663.0 
15659.0 15579.0 15774.0 15758.0 15746.0 15852.0 15830.0 
15816.0 15671.0 15794.0 15835.0 15701.0 15787.0 15798.0 
15635.0 15788.0 15538.0 15604.0 15423.0 15483.0 15361.0 
15640.0 15476.0 15436.0 15474.0 15392.0 15116.0 15139.0 
15147.0 15110.0 15256.0 15133.0 15219.0 15140.0 15151.0 
14981.0 14972.0 14974.0 15055.0 15127.0 15098.0 15276.0 
15322.0 15222.0 15214.0 15167.0 15067.0 15100.0 15242.0 
15006.0 15106.0 15060.0 15168.0 15200.0 15239.0 15081.0 
15161.0 15341.0 15128.0 15044.0 15162.0 15097.0 15038.0 
15165.0 14953.0 15293.0 14925.0 15037.0 14922.0 14757.0 
14766.0 14556.0 14419.0 14501.0 14351.0 14134.0 14404.0 
14294.0 14275.0 14425.0 14264.0 14506.0 14488.0 14410.0 
14511.0 14651.0 14437.0 14593.0 14461.0 14102.0 14448.0 
14195.0 14008.0 14072.0 13969.0 13923.0 13740.0 13507.0 
13735.0 13571.0 13356.0 13622.0 13592.0 13443.0 13391.0 
13437.0 13594.0 13627.0 13599.0 13638.0 13749.0 13883.0 
13962.0 13965.0 14137.0 14363.0 14447.0 14694.0 14702.0 
14922.0 14955.0 14868.0 15055.0 15121.0 15001.0 15329.0 
15277.0 15294.0 15364.0 15446.0 15375.0 15384.0 15467.0 
15275.0 15563.0 15425.0 15562.0 15402.0 15446.0 15381.0 
15545.0 15552.0 15717.0 15748.0 15554.0 15476.0 15542.0 
15435.0 15367.0 15563.0 15335.0 15417.0 15566.0 15478.0 
15596.0 15496.0 15704.0 15537.0 15628.0 15839.0 15711.0 
15880.0 16139.0 16158.0 16132.0 16437.0 16374.0 16493.0 
16792.0 16501.0 16529.0 16571.0 16450.0 16552.0 16543.0 
16240.0 16481.0 16394.0 16156.0 16153.0 16259.0 15989.0 
15914.0 15843.0 15806.0 15924.0 15861.0 15755.0 15898.0 
15850.0 15969.0 15889.0 15828.0 15958.0 15904.0 16100.0 
15896.0 16094.0 16059.0 16185.0 15977.0 16027.0 16034.0 
16069.0 16062.0 16109.0 16104.0 16128.0 16233.0 16205.0 
16048.0 16099.0 16035.0 15928.0 16287.0 16334.0 16229.0 
16386.0 16502.0 16605.0 16562.0 16529.0 16411.0 16335.0 
16420.0 16163.0 16110.0 16362.0 16344.0 16246.0 16235.0 
16457.0 16493.0 16273.0 16327.0 16441.0 16349.0 16291.0 
16184.0 16146.0 16079.0 16147.0 15920.0 16061.0 16045.0 
16057.0 15963.0 15998.0 15857.0 15902.0 15835.0 15650.0 
15724.0 15795.0 15533.0 15722.0 15653.0 15573.0 15651.0 
15484.0 15718.0 15420.0 15455.0 15506.0 15605.0 15451.0 
15743.0 15922.0 15804.0 16114.0 16217.0 15949.0 16200.0 
16314.0 16132.0 16369.0 16529.0 16304.0 16478.0 16495.0 
16344.0 16561.0 16538.0 16210.0 16552.0 16504.0 16254.0 
16539.0 16449.0 16431.0 16338.0 16385.0 16264.0 16512.0 
16316.0 16399.0 16564.0 16253.0 16493.0 16469.0 16392.0 
16574.0 16664.0 16493.0 16742.0 16368.0 16447.0 16434.0 
16387.0 16194.0 16702.0 16444.0 16225.0 16523.0 16247.0 
16159.0 16116.0 16306.0 16204.0 16455.0 16330.0 16360.0 
16527.0 16469.0 16433.0 16405.0 16334.0 16413.0 16490.0 
16365.0 16446.0 16552.0 16577.0 16354.0 16140.0 16310.0 
15994.0 16075.0 16097.0 15982.0 15837.0 16082.0 15870.0 
16193.0 16071.0 15936.0 16159.0 15878.0 15917.0 15815.0 
15704.0 15779.0 15720.0 15768.0 15772.0 16109.0 16042.0 
16071.0 16448.0 16242.0 16180.0 16163.0 16379.0 16257.0 
16192.0 16362.0 16486.0 16366.0 16497.0 16625.0 16663.0 
16515.0 16667.0 16417.0 16252.0 16182.0 16348.0 15851.0 
16010.0 16295.0 15895.0 16172.0 16050.0 15952.0 15849.0 
15735.0 15598.0 15881.0 15524.0 15467.0 15688.0 15485.0 
15519.0 15320.0 15525.0 15368.0 15535.0 15699.0 15753.0 
15605.0 15527.0 15673.0 15650.0 15782.0 15384.0 15332.0 
15506.0 15335.0 15263.0 15700.0 15235.0 15604.0 15635.0 
15567.0 15764.0 15434.0 15747.0 15790.0 16196.0 16243.0 
16465.0 16397.0 16669.0 16973.0 16592.0 16849.0 16603.0 
17026.0 16683.0 16878.0 17030.0 16611.0 16941.0 16912.0 
16730.0 16985.0 16861.0 16734.0 16928.0 16766.0 16739.0 
16838.0 16465.0 16562.0 16513.0 16227.0 16165.0 16155.0 
16065.0 15847.0 15825.0 16026.0 15879.0 15892.0 16218.0 
15935.0 16262.0 16052.0 15967.0 16036.0 16066.0 16274.0 
16049.0 16320.0 16472.0 16344.0 16475.0 16352.0 16801.0 
16457.0 16803.0 17072.0 16970.0 16924.0 17171.0 17417.0 
16959.0 17786.0 17065.0 17580.0 17793.0 17373.0 18107.0 
17222.0 18540.0 17530.0 18125.0 17843.0 17870.0 18020.0 
17455.0 18187.0 17446.0 17818.0 17512.0 17765.0 17591.0 
17462.0 17497.0 17382.0 17306.0 17092.0 17179.0 17094.0 
17051.0 17106.0 17086.0 16932.0 17007.0 16966.0 16588.0 
17063.0 16638.0 16706.0 16439.0 16443.0 16559.0 16245.0 
16378.0 16246.0 16174.0 16278.0 15923.0 16390.0 16094.0 
16019.0 16408.0 16177.0 16678.0 15911.0 16553.0 16054.0 
16362.0 16234.0 16248.0 16506.0 16293.0 16411.0 16474.0 
16577.0 16240.0 16633.0 16410.0 16830.0 16298.0 16580.0 
16473.0 16467.0 16526.0 16570.0 16589.0 16845.0 16949.0 
16909.0 17109.0 17080.0 17138.0 17310.0 17181.0 17405.0 
17303.0 17278.0 17522.0 17297.0 17281.0 17385.0 17181.0 
17319.0 16805.0 17221.0 17120.0 16947.0 17014.0 17112.0 
17133.0 17213.0 17174.0 17090.0 17152.0 17455.0 17281.0 
16974.0 17670.0 17417.0 17428.0 17631.0 17656.0 17390.0 
17880.0 17638.0 17421.0 17570.0 17530.0 17499.0 17401.0 
17295.0 17204.0 17028.0 17307.0 17002.0 17088.0 17130.0 
17379.0 16909.0 17157.0 16935.0 17008.0 17019.0 16910.0 
17170.0 17053.0 17283.0 17345.0 17260.0 17591.0 17550.0 
17553.0 17557.0 17490.0 17463.0 17434.0 17488.0 17309.0 
17568.0 17458.0 17526.0 17724.0 17585.0 17550.0 17604.0 
17647.0 17642.0 17375.0 17715.0 17303.0 17393.0 17329.0 
17175.0 17063.0 17359.0 17421.0 17320.0 17474.0 17348.0 
17411.0 17321.0 17409.0 17176.0 17101.0 17133.0 17109.0 
17104.0 17074.0 17119.0 17126.0 16915.0 16992.0 16847.0 
16272.0 16589.0 16453.0 16324.0 16524.0 16453.0 16514.0 
16275.0 16514.0 15951.0 16270.0 16106.0 16117.0 16001.0 
15840.0 16106.0 15870.0 15866.0 15600.0 15765.0 15385.0 
15370.0 15294.0 15014.0 15453.0 15290.0 15288.0 15620.0 
15663.0 15501.0 15619.0 15495.0 15443.0 15440.0 15385.0 
15565.0 15547.0 15773.0 15824.0 15838.0 16062.0 15973.0 
15655.0 16127.0 15918.0 15694.0 15965.0 15825.0 15651.0 
15775.0 15574.0 15629.0 15415.0 15514.0 15403.0 15718.0 
15501.0 15455.0 15818.0 15672.0 15730.0 15676.0 15562.0 
15779.0 15866.0 15682.0 15772.0 15986.0 15846.0 15739.0 
15735.0 15525.0 15725.0 15533.0 15479.0 15521.0 15344.0 
15356.0 15072.0 15167.0 15234.0 14948.0 14861.0 14831.0 
14785.0 14865.0 14856.0 14818.0 15078.0 15023.0 15270.0 
15187.0 15022.0 15242.0 15192.0 15205.0 15322.0 15300.0 
15370.0 15461.0 15592.0 15433.0 15593.0 15742.0 15884.0 
15688.0 16009.0 15998.0 15780.0 16024.0 16348.0 16196.0 
15921.0 16614.0 16220.0 16346.0 16482.0 16468.0 16569.0 
16561.0 16602.0 16383.0 16414.0 16216.0 15913.0 16140.0 
15919.0 15761.0 15638.0 15618.0 15521.0 15224.0 15382.0 
15105.0 15118.0 15064.0 14999.0 14922.0 14982.0 14818.0 
15033.0 14737.0 14916.0 14872.0 14820.0 14736.0 14729.0 
14753.0 14604.0 14772.0 14828.0 14871.0 14849.0 15067.0 
14917.0 15085.0 15300.0 15113.0 15224.0 15140.0 15057.0 
15072.0 15135.0 15286.0 15086.0 15175.0 15147.0 15017.0 
15017.0 15069.0 15104.0 15169.0 15225.0 15265.0 15416.0 
15600.0 15264.0 15486.0 15637.0 15613.0 15535.0 15777.0 
15767.0 15929.0 15794.0 15868.0 15897.0 15911.0 15626.0 
15932.0 15559.0 15335.0 15538.0 15174.0 14871.0 15091.0 
14928.0 14638.0 14977.0 14619.0 14724.0 14665.0 14647.0 
14420.0 14499.0 14368.0 14543.0 14364.0 14579.0 14637.0 
14571.0 14817.0 14783.0 14802.0 14689.0 14705.0 14644.0 
14459.0 14524.0 14631.0 14511.0 14472.0 14549.0 14383.0 
14358.0 14281.0 14225.0 14122.0 14099.0 14235.0 14212.0 
14197.0 14101.0 14373.0 14249.0 14213.0 14565.0 14393.0 
14386.0 14688.0 14755.0 14684.0 14827.0 15054.0 14911.0 
15243.0 15387.0 15298.0 15269.0 15195.0 15272.0 15532.0 
15499.0 15465.0 15650.0 15539.0 15673.0 15411.0 15496.0 
15407.0 15402.0 15267.0 15292.0 15319.0 15165.0 15252.0 
15209.0 14988.0 14949.0 14997.0 14582.0 14594.0 14350.0 
14341.0 14217.0 14185.0 14024.0 13957.0 14166.0 13971.0 
14135.0 14070.0 14260.0 14299.0 14434.0 14704.0 14603.0 
15023.0 15170.0 15064.0 15232.0 15363.0 15291.0 15331.0 
15414.0 15314.0 15139.0 15266.0 15384.0 15184.0 15213.0 
15293.0 15157.0 14901.0 15127.0 14959.0 14969.0 15065.0 
15232.0 15252.0 15493.0 15269.0 15384.0 15552.0 15568.0 
15429.0 15730.0 15671.0 15348.0 15596.0 15512.0 15455.0 
15333.0 15597.0 15327.0 15308.0 15340.0 15451.0 15307.0 
15465.0 15476.0 15345.0 15476.0 15408.0 15341.0 15374.0 
15360.0 15249.0 15279.0 15284.0 14976.0 15222.0 15203.0 
15093.0 15035.0 15023.0 15004.0 14860.0 14803.0 14767.0 
14764.0 14906.0 14786.0 14804.0 14765.0 14716.0 14874.0 
14934.0 15020.0 15175.0 14933.0 15205.0 15302.0 15054.0 
15389.0 15275.0 15329.0 15553.0 15434.0 15457.0 15377.0 
15423.0 15483.0 15396.0 15391.0 15207.0 15328.0 15272.0 
15260.0 15276.0 15250.0 15366.0 15460.0 15284.0 15323.0 
15239.0 15056.0 14799.0 14660.0 14627.0 14470.0 14349.0 
14456.0 14384.0 14303.0 14143.0 14297.0 13974.0 13753.0 
13850.0 13629.0 13564.0 13502.0 13573.0 13542.0 13551.0 
13750.0 13769.0 13681.0 13721.0 13939.0 13566.0 13587.0 
13813.0 13469.0 13734.0 13732.0 13663.0 13729.0 13525.0 
13526.0 13734.0 13490.0 13506.0 13721.0 13573.0 13572.0 
13601.0 13710.0 13594.0 13613.0 13623.0 13614.0 13700.0 
13618.0 13584.0 13766.0 13581.0 13581.0 13625.0 13581.0 
13602.0 13583.0 13720.0 13680.0 13739.0 13869.0 13707.0 
13738.0 13876.0 13742.0 13750.0 13848.0 13815.0 13785.0 
13970.0 13771.0 13969.0 13908.0 14055.0 14056.0 13991.0 
14132.0 14034.0 14127.0 14060.0 13988.0 14076.0 14048.0 
14018.0 13978.0 14023.0 13885.0 13870.0 13959.0 13941.0 
13796.0 13777.0 13801.0 13878.0 13938.0 13926.0 14084.0 
14330.0 14413.0 14496.0 14626.0 14576.0 15080.0 15000.0 
15026.0 15404.0 15613.0 15703.0 15850.0 16016.0 16038.0 
15971.0 16237.0 16129.0 16112.0 16142.0 16007.0 16145.0 
16060.0 16021.0 16150.0 16123.0 15960.0 15969.0 15869.0 
15722.0 15900.0 15568.0 15413.0 15615.0 15441.0 15377.0 
15419.0 15510.0 15537.0 15367.0 15414.0 15728.0 15551.0 
15518.0 15894.0 15868.0 15774.0 15764.0 15721.0 15805.0 
15699.0 15699.0 15815.0 16024.0 15938.0 16130.0 16386.0 
16094.0 16205.0 16350.0 16217.0 16051.0 16139.0 16125.0 
15889.0 16145.0 16079.0 15908.0 16303.0 16096.0 16022.0 
16055.0 15930.0 15848.0 15798.0 15749.0 15690.0 15734.0 
15621.0 15639.0 15602.0 15583.0 15755.0 15518.0 15553.0 
15849.0 15455.0 15665.0 15731.0 15577.0 15654.0 15651.0 
15418.0 15680.0 15419.0 15311.0 15383.0 15701.0 15462.0 
15630.0 15842.0 15763.0 15960.0 15965.0 16011.0 16095.0 
16317.0 16123.0 16288.0 16326.0 16438.0 16213.0 16210.0 
16092.0 16135.0 15942.0 15792.0 15886.0 15915.0 15793.0 
15817.0 15800.0 15689.0 15807.0 15598.0 15612.0 15649.0 
15515.0 15637.0 15537.0 15664.0 15769.0 15628.0 16036.0 
16026.0 16213.0 16256.0 16254.0 16489.0 16349.0 16481.0 
16621.0 16572.0 16647.0 16736.0 16732.0 16845.0 16870.0 
16997.0 16997.0 16782.0 16905.0 16906.0 17059.0 16957.0 
17196.0 17199.0 17225.0 17412.0 17432.0 17274.0 17519.0 
17214.0 17262.0 17288.0 17208.0 17190.0 17070.0 16954.0 
16676.0 16844.0 16697.0 16633.0 16451.0 16595.0 16538.0 
16652.0 16529.0 16419.0 16821.0 16871.0 16852.0 17108.0 
17015.0 17188.0 17307.0 17363.0 17470.0 17547.0 17715.0 
17647.0 17501.0 17758.0 17719.0 17527.0 17841.0 17619.0 
17737.0 17709.0 17479.0 17623.0 17549.0 17109.0 17148.0 
17187.0 17049.0 17148.0 16966.0 17082.0 16968.0 17108.0 
17005.0 17122.0 17082.0 17126.0 16972.0 17111.0 17331.0 
17256.0 17042.0 17377.0 17352.0 17331.0 17503.0 17127.0 
17528.0 17253.0 17469.0 17402.0 17341.0 17529.0 17387.0 
17635.0 17178.0 17217.0 17138.0 17177.0 17007.0 16878.0 
16964.0 16859.0 16745.0 16772.0 16643.0 16838.0 16665.0 
16624.0 16704.0 16323.0 16484.0 16237.0 16520.0 16357.0 
16407.0 16285.0 16148.0 16384.0 16260.0 16176.0 16046.0 
16411.0 16129.0 16221.0 16381.0 16101.0 16473.0 16401.0 
16413.0 16381.0 16782.0 16562.0 16708.0 16855.0 16928.0 
16910.0 16868.0 17317.0 16980.0 17201.0 17164.0 17273.0 
17206.0 17128.0 17155.0 17146.0 17049.0 17132.0 17058.0 
16897.0 17186.0 16888.0 17065.0 17013.0 16879.0 17109.0 
16825.0 16932.0 16630.0 16696.0 16535.0 16391.0 16510.0 
16374.0 16681.0 16548.0 16620.0 16672.0 16625.0 16654.0 
16670.0 16631.0 16590.0 16610.0 16575.0 16725.0 16450.0 
16726.0 16731.0 16588.0 16775.0 16607.0 16355.0 16509.0 
16475.0 16251.0 16393.0 16478.0 16460.0 16435.0 16452.0 
16446.0 16466.0 16298.0 16316.0 16464.0 16432.0 16559.0 
16576.0 16621.0 16793.0 16762.0 16792.0 16578.0 16717.0 
16800.0 16791.0 16732.0 16803.0 16495.0 16614.0 16502.0 
16324.0 16347.0 16291.0 16218.0 16368.0 16300.0 16391.0 
16576.0 16483.0 16784.0 16693.0 16566.0 16901.0 16626.0 
16832.0 17120.0 16962.0 17034.0 17039.0 17012.0 17145.0 
16949.0 17049.0 17014.0 16986.0 16855.0 17037.0 17285.0 
17239.0 17303.0 17331.0 17108.0 17211.0 17208.0 17246.0 
17176.0 16983.0 17291.0 17060.0 17124.0 17029.0 16842.0 
16854.0 16761.0 16589.0 16632.0 16488.0 16404.0 16297.0 
16243.0 16023.0 16013.0 15960.0 15788.0 15694.0 15750.0 
15651.0 15433.0 15508.0 15679.0 15325.0 15413.0 15360.0 
15436.0 15430.0 15628.0 15592.0 15696.0 15806.0 15734.0 
15858.0 15907.0 15967.0 15964.0 16218.0 16088.0 16150.0 
16242.0 16281.0 16206.0 16231.0 16198.0 16186.0 16183.0 
16041.0 16240.0 16315.0 16119.0 16436.0 16490.0 16518.0 
16378.0 16556.0 16264.0 16414.0 16263.0 16169.0 16140.0 
15978.0 16096.0 15824.0 15824.0 15727.0 15476.0 15632.0 
15234.0 15357.0 15208.0 15100.0 14804.0 15054.0 14932.0 
14805.0 15092.0 14820.0 14788.0 15092.0 15131.0 15006.0 
15125.0 15296.0 15229.0 15228.0 15332.0 15209.0 15609.0 
15356.0 15614.0 15527.0 15667.0 15592.0 15688.0 15511.0 
15589.0 15394.0 15278.0 15393.0 15426.0 15342.0 15317.0 
15274.0 15165.0 15287.0 15157.0 15068.0 15091.0 15060.0 
15072.0 14993.0 14943.0 14944.0 15155.0 15101.0 15138.0 
15190.0 15171.0 15255.0 15166.0 15246.0 15085.0 15206.0 
15113.0 15038.0 15294.0 15161.0 15304.0 15130.0 15349.0 
15259.0 15434.0 15304.0 15206.0 15521.0 15053.0 15320.0 
15108.0 15115.0 15101.0 15005.0 14960.0 14762.0 14830.0 
14753.0 14544.0 14781.0 14801.0 14745.0 14769.0 14628.0 
14828.0 14622.0 14434.0 14507.0 14704.0 14488.0 14494.0 
14479.0 14661.0 14318.0 14526.0 14407.0 14353.0 14333.0 
14099.0 14324.0 14107.0 14166.0 14180.0 14367.0 14022.0 
14359.0 14227.0 14308.0 14165.0 14240.0 14339.0 14172.0 
14317.0 14463.0 14490.0 14526.0 14789.0 14703.0 14737.0 
14946.0 14578.0 14954.0 14909.0 14780.0 14966.0 14810.0 
14827.0 14670.0 14591.0 14450.0 14396.0 14327.0 14440.0 
14329.0 14454.0 14361.0 14251.0 14363.0 14326.0 14062.0 
14009.0 14037.0 14046.0 13950.0 13797.0 13915.0 14015.0 
13869.0 13987.0 13914.0 13922.0 13983.0 13942.0 13966.0 
13799.0 13981.0 14028.0 13842.0 13870.0 