773.0 1107.0 1100.0 834.0 810.0 800.0 949.0 
1243.0 991.0 626.0 704.0 978.0 1258.0 1080.0 
612.0 573.0 1080.0 1482.0 1161.0 551.0 509.0 
1102.0 1539.0 1301.0 489.0 303.0 1125.0 1528.0 
1183.0 509.0 290.0 1002.0 1347.0 1017.0 805.0 
439.0 514.0 1215.0 1225.0 912.0 493.0 232.0 
1003.0 1351.0 981.0 734.0 361.0 659.0 1382.0 
1223.0 616.0 457.0 910.0 1409.0 1190.0 665.0 
547.0 811.0 1307.0 1444.0 985.0 638.0 677.0 
1016.0 1426.0 1277.0 825.0 781.0 906.0 1143.0 
1307.0 1062.0 873.0 872.0 1051.0 1192.0 922.0 
795.0 1098.0 1192.0 830.0 532.0 700.0 1026.0 
1111.0 964.0 588.0 379.0 636.0 987.0 1034.0 
791.0 725.0 642.0 517.0 879.0 1136.0 837.0 
489.0 606.0 976.0 994.0 818.0 665.0 674.0 
942.0 1060.0 707.0 504.0 934.0 1086.0 893.0 
832.0 624.0 592.0 909.0 1212.0 1116.0 699.0 
441.0 562.0 1175.0 1418.0 881.0 420.0 411.0 
929.0 1371.0 1151.0 596.0 271.0 687.0 1280.0 
1182.0 666.0 365.0 612.0 1107.0 1253.0 861.0 
324.0 481.0 1176.0 1339.0 860.0 403.0 518.0 
1037.0 1309.0 1202.0 603.0 141.0 747.0 1487.0 
1423.0 767.0 253.0 577.0 1217.0 1512.0 1127.0 
450.0 453.0 1001.0 1501.0 1246.0 590.0 626.0 
904.0 1170.0 1291.0 937.0 705.0 661.0 1018.0 
1445.0 948.0 561.0 719.0 1054.0 1451.0 980.0 
490.0 651.0 911.0 1415.0 1276.0 662.0 408.0 
438.0 1266.0 1638.0 851.0 373.0 317.0 799.0 
1589.0 1189.0 224.0 174.0 722.0 1276.0 1227.0 
328.0 -146.0 606.0 1297.0 1018.0 356.0 -166.0 
287.0 1291.0 1087.0 388.0 126.0 162.0 898.0 
1273.0 749.0 238.0 126.0 791.0 1339.0 931.0 
406.0 255.0 685.0 1261.0 1141.0 630.0 306.0 
462.0 987.0 1239.0 934.0 467.0 375.0 758.0 
1233.0 1166.0 526.0 268.0 742.0 1347.0 1271.0 
518.0 307.0 839.0 1253.0 1199.0 739.0 404.0 
627.0 1021.0 1133.0 901.0 553.0 540.0 839.0 
1063.0 1067.0 847.0 537.0 567.0 1089.0 1400.0 
1049.0 499.0 465.0 1047.0 1311.0 937.0 611.0 
637.0 812.0 937.0 928.0 626.0 500.0 831.0 
949.0 850.0 740.0 542.0 542.0 857.0 1145.0 
907.0 372.0 412.0 791.0 1056.0 1144.0 469.0 
232.0 862.0 852.0 784.0 672.0 449.0 719.0 
750.0 722.0 568.0 542.0 882.0 633.0 603.0 
595.0 437.0 977.0 750.0 276.0 580.0 669.0 
830.0 640.0 159.0 495.0 873.0 770.0 390.0 
149.0 523.0 1000.0 1013.0 335.0 -71.0 632.0 
1122.0 880.0 582.0 223.0 357.0 982.0 1102.0 
724.0 254.0 339.0 962.0 1172.0 870.0 382.0 
345.0 871.0 1110.0 979.0 700.0 553.0 743.0 
938.0 1033.0 896.0 627.0 645.0 848.0 1014.0 
981.0 698.0 631.0 815.0 878.0 937.0 793.0 
564.0 709.0 906.0 929.0 721.0 457.0 559.0 
818.0 910.0 593.0 266.0 557.0 786.0 703.0 
596.0 336.0 424.0 801.0 719.0 365.0 405.0 
611.0 550.0 487.0 370.0 450.0 738.0 511.0 
287.0 411.0 368.0 536.0 766.0 415.0 197.0 
361.0 528.0 545.0 471.0 596.0 402.0 228.0 
447.0 571.0 708.0 430.0 142.0 500.0 739.0 
626.0 320.0 161.0 554.0 970.0 802.0 190.0 
-10.0 710.0 1286.0 836.0 139.0 190.0 851.0 
1238.0 825.0 288.0 553.0 890.0 956.0 1053.0 
661.0 487.0 881.0 1027.0 810.0 786.0 938.0 
711.0 789.0 891.0 763.0 1033.0 772.0 614.0 
913.0 899.0 1097.0 785.0 425.0 871.0 949.0 
910.0 813.0 417.0 527.0 801.0 894.0 793.0 
441.0 311.0 486.0 806.0 785.0 341.0 365.0 
630.0 585.0 603.0 476.0 397.0 628.0 479.0 
417.0 658.0 547.0 470.0 432.0 352.0 533.0 
721.0 634.0 220.0 307.0 882.0 820.0 390.0 
144.0 412.0 1013.0 901.0 295.0 179.0 522.0 
822.0 776.0 572.0 429.0 457.0 751.0 802.0 
664.0 708.0 643.0 626.0 776.0 824.0 770.0 
788.0 765.0 662.0 899.0 928.0 569.0 762.0 
987.0 774.0 775.0 832.0 816.0 839.0 810.0 
950.0 953.0 788.0 793.0 745.0 883.0 1054.0 
882.0 720.0 600.0 829.0 1071.0 782.0 755.0 
695.0 570.0 859.0 804.0 693.0 790.0 647.0 
566.0 686.0 744.0 639.0 584.0 655.0 628.0 
617.0 644.0 554.0 557.0 619.0 687.0 669.0 
484.0 493.0 727.0 908.0 658.0 339.0 507.0 
794.0 947.0 759.0 440.0 439.0 642.0 877.0 
845.0 596.0 527.0 676.0 773.0 726.0 756.0 
853.0 788.0 615.0 615.0 762.0 1034.0 962.0 
522.0 583.0 821.0 1012.0 840.0 414.0 685.0 
886.0 891.0 801.0 488.0 755.0 831.0 764.0 
1004.0 766.0 748.0 813.0 781.0 1190.0 971.0 
579.0 766.0 834.0 1092.0 1241.0 717.0 365.0 
713.0 1243.0 1202.0 729.0 447.0 722.0 1204.0 
1122.0 806.0 612.0 717.0 1116.0 1036.0 803.0 
730.0 735.0 1011.0 903.0 739.0 888.0 807.0 
810.0 719.0 652.0 990.0 917.0 652.0 534.0 
409.0 891.0 1316.0 759.0 134.0 287.0 940.0 
1304.0 827.0 89.0 108.0 800.0 1240.0 926.0 
210.0 13.0 671.0 1097.0 776.0 389.0 122.0 
403.0 1124.0 1022.0 451.0 202.0 261.0 924.0 
1297.0 827.0 304.0 157.0 847.0 1284.0 780.0 
583.0 462.0 551.0 1068.0 921.0 596.0 596.0 
587.0 823.0 1002.0 720.0 581.0 771.0 749.0 
760.0 944.0 754.0 563.0 698.0 795.0 881.0 
905.0 742.0 598.0 549.0 729.0 1070.0 941.0 
555.0 575.0 794.0 976.0 935.0 511.0 539.0 
993.0 943.0 849.0 550.0 401.0 1030.0 1028.0 
737.0 502.0 305.0 1047.0 1113.0 532.0 577.0 
446.0 672.0 1031.0 667.0 445.0 487.0 775.0 
975.0 547.0 282.0 450.0 886.0 925.0 350.0 
263.0 454.0 728.0 980.0 528.0 231.0 476.0 
664.0 744.0 612.0 519.0 574.0 622.0 701.0 
612.0 567.0 652.0 606.0 656.0 731.0 597.0 
505.0 509.0 674.0 875.0 644.0 369.0 488.0 
733.0 722.0 531.0 558.0 596.0 642.0 692.0 
529.0 605.0 653.0 652.0 798.0 532.0 498.0 
707.0 677.0 765.0 637.0 528.0 667.0 733.0 
664.0 565.0 665.0 675.0 654.0 592.0 442.0 
675.0 806.0 538.0 509.0 587.0 570.0 745.0 
597.0 388.0 781.0 847.0 561.0 515.0 578.0 
875.0 886.0 586.0 568.0 573.0 755.0 916.0 
739.0 621.0 457.0 694.0 964.0 632.0 563.0 
609.0 737.0 839.0 627.0 701.0 572.0 472.0 
810.0 869.0 791.0 516.0 200.0 538.0 958.0 
944.0 710.0 284.0 174.0 777.0 1267.0 791.0 
145.0 344.0 839.0 1034.0 649.0 167.0 551.0 
885.0 698.0 728.0 403.0 124.0 837.0 1006.0 
429.0 393.0 344.0 490.0 779.0 613.0 565.0 
357.0 374.0 727.0 572.0 500.0 502.0 540.0 
707.0 524.0 543.0 590.0 624.0 812.0 473.0 
468.0 836.0 732.0 658.0 518.0 509.0 847.0 
751.0 487.0 584.0 734.0 714.0 683.0 688.0 
515.0 625.0 965.0 900.0 758.0 517.0 476.0 
999.0 1112.0 748.0 599.0 558.0 759.0 1122.0 
828.0 473.0 779.0 969.0 843.0 641.0 655.0 
952.0 908.0 672.0 794.0 870.0 697.0 707.0 
792.0 881.0 832.0 536.0 545.0 703.0 769.0 
805.0 518.0 385.0 597.0 637.0 717.0 596.0 
317.0 591.0 792.0 589.0 500.0 405.0 525.0 
811.0 671.0 483.0 508.0 613.0 590.0 501.0 
614.0 565.0 628.0 668.0 451.0 599.0 699.0 
610.0 600.0 608.0 677.0 658.0 645.0 535.0 
567.0 886.0 726.0 528.0 710.0 698.0 679.0 
652.0 649.0 863.0 692.0 437.0 785.0 1079.0 
765.0 383.0 601.0 1020.0 979.0 780.0 705.0 
722.0 920.0 945.0 714.0 764.0 905.0 790.0 
680.0 637.0 774.0 954.0 633.0 472.0 743.0 
769.0 865.0 622.0 395.0 894.0 817.0 577.0 
653.0 534.0 636.0 730.0 774.0 600.0 316.0 
582.0 833.0 705.0 425.0 272.0 649.0 934.0 
608.0 398.0 381.0 599.0 943.0 648.0 499.0 
690.0 599.0 637.0 765.0 780.0 598.0 531.0 
667.0 682.0 768.0 580.0 369.0 613.0 746.0 
782.0 606.0 163.0 350.0 956.0 968.0 353.0 
47.0 533.0 839.0 770.0 481.0 93.0 493.0 
831.0 609.0 441.0 313.0 547.0 730.0 547.0 
392.0 516.0 838.0 676.0 337.0 408.0 623.0 
821.0 686.0 462.0 515.0 524.0 697.0 887.0 
584.0 380.0 661.0 873.0 785.0 528.0 519.0 
789.0 821.0 742.0 612.0 538.0 736.0 860.0 
836.0 648.0 493.0 753.0 883.0 679.0 712.0 
758.0 699.0 786.0 763.0 672.0 645.0 765.0 
855.0 618.0 567.0 680.0 759.0 782.0 479.0 
585.0 799.0 483.0 467.0 645.0 656.0 599.0 
568.0 594.0 534.0 513.0 596.0 738.0 623.0 
510.0 527.0 435.0 697.0 791.0 582.0 490.0 
440.0 707.0 732.0 666.0 705.0 292.0 595.0 
987.0 560.0 664.0 590.0 483.0 899.0 786.0 
608.0 441.0 649.0 1115.0 725.0 557.0 672.0 
565.0 876.0 991.0 822.0 645.0 456.0 803.0 
1092.0 915.0 636.0 458.0 725.0 1012.0 1068.0 
818.0 471.0 740.0 1021.0 940.0 854.0 768.0 
826.0 890.0 769.0 751.0 1057.0 1018.0 525.0 
575.0 903.0 889.0 776.0 676.0 657.0 760.0 
736.0 702.0 751.0 574.0 702.0 1021.0 769.0 
512.0 603.0 825.0 971.0 920.0 735.0 517.0 
668.0 970.0 1015.0 813.0 474.0 642.0 974.0 
773.0 697.0 767.0 700.0 799.0 820.0 752.0 
728.0 624.0 780.0 978.0 769.0 655.0 775.0 
797.0 842.0 856.0 766.0 711.0 737.0 824.0 
904.0 793.0 556.0 759.0 979.0 718.0 596.0 
768.0 918.0 816.0 687.0 641.0 668.0 966.0 
930.0 658.0 678.0 745.0 858.0 820.0 776.0 
878.0 779.0 688.0 743.0 956.0 1005.0 560.0 
560.0 1054.0 1001.0 667.0 549.0 745.0 980.0 
961.0 779.0 583.0 781.0 875.0 795.0 948.0 
670.0 604.0 875.0 701.0 911.0 867.0 413.0 
698.0 823.0 862.0 818.0 342.0 601.0 1032.0 
898.0 527.0 363.0 749.0 918.0 773.0 599.0 
452.0 605.0 812.0 854.0 613.0 351.0 488.0 
779.0 896.0 681.0 340.0 474.0 758.0 868.0 
792.0 379.0 510.0 880.0 810.0 779.0 658.0 
537.0 669.0 855.0 794.0 756.0 791.0 533.0 
571.0 947.0 912.0 603.0 595.0 747.0 909.0 
793.0 468.0 709.0 837.0 807.0 769.0 304.0 
585.0 1088.0 778.0 519.0 536.0 703.0 886.0 
655.0 580.0 893.0 779.0 601.0 602.0 760.0 
995.0 776.0 690.0 689.0 676.0 727.0 713.0 
816.0 702.0 748.0 599.0 420.0 722.0 799.0 
847.0 561.0 303.0 633.0 796.0 690.0 568.0 
532.0 506.0 606.0 737.0 564.0 426.0 617.0 
627.0 433.0 544.0 572.0 582.0 714.0 534.0 
398.0 514.0 709.0 775.0 633.0 478.0 482.0 
754.0 717.0 566.0 765.0 633.0 537.0 680.0 
667.0 732.0 682.0 649.0 594.0 630.0 785.0 
522.0 652.0 894.0 720.0 712.0 392.0 520.0 
1167.0 946.0 562.0 348.0 565.0 1245.0 929.0 
507.0 709.0 732.0 827.0 813.0 765.0 710.0 
566.0 858.0 842.0 503.0 605.0 627.0 697.0 
825.0 504.0 377.0 507.0 523.0 715.0 619.0 
305.0 401.0 494.0 558.0 565.0 307.0 333.0 
547.0 505.0 447.0 445.0 404.0 456.0 428.0 
442.0 659.0 589.0 461.0 495.0 495.0 628.0 
735.0 738.0 566.0 469.0 732.0 746.0 648.0 
651.0 563.0 681.0 829.0 711.0 494.0 590.0 
825.0 771.0 620.0 534.0 633.0 739.0 730.0 
678.0 579.0 573.0 644.0 842.0 722.0 367.0 
494.0 669.0 727.0 623.0 341.0 534.0 621.0 
440.0 569.0 541.0 469.0 428.0 463.0 631.0 
397.0 364.0 537.0 447.0 460.0 310.0 257.0 
530.0 612.0 506.0 184.0 111.0 582.0 822.0 
499.0 99.0 246.0 675.0 758.0 484.0 173.0 
327.0 717.0 739.0 435.0 249.0 474.0 684.0 
654.0 526.0 349.0 511.0 782.0 609.0 401.0 
530.0 718.0 674.0 549.0 524.0 541.0 766.0 
795.0 572.0 577.0 485.0 639.0 898.0 670.0 
574.0 548.0 527.0 780.0 782.0 618.0 635.0 
560.0 606.0 778.0 605.0 457.0 621.0 764.0 
626.0 370.0 365.0 585.0 803.0 649.0 356.0 
423.0 612.0 697.0 617.0 531.0 565.0 629.0 
614.0 546.0 615.0 637.0 647.0 682.0 540.0 
520.0 720.0 862.0 720.0 428.0 466.0 771.0 
1015.0 877.0 539.0 622.0 757.0 759.0 867.0 
784.0 759.0 847.0 662.0 664.0 790.0 751.0 
852.0 787.0 730.0 810.0 642.0 573.0 745.0 
956.0 882.0 533.0 475.0 723.0 888.0 934.0 
778.0 554.0 686.0 816.0 903.0 923.0 621.0 
666.0 864.0 821.0 839.0 637.0 537.0 829.0 
915.0 747.0 489.0 524.0 806.0 833.0 759.0 
518.0 525.0 932.0 802.0 525.0 656.0 703.0 
785.0 807.0 615.0 676.0 757.0 662.0 698.0 
714.0 598.0 677.0 845.0 665.0 484.0 613.0 
791.0 877.0 709.0 513.0 628.0 871.0 880.0 
674.0 582.0 668.0 949.0 940.0 573.0 575.0 
698.0 832.0 938.0 605.0 513.0 809.0 888.0 
714.0 558.0 747.0 740.0 654.0 905.0 729.0 
634.0 712.0 606.0 949.0 867.0 523.0 645.0 
671.0 841.0 850.0 628.0 588.0 602.0 751.0 
716.0 558.0 654.0 656.0 550.0 643.0 630.0 
585.0 757.0 669.0 433.0 605.0 801.0 666.0 
645.0 645.0 498.0 643.0 788.0 682.0 579.0 
534.0 700.0 759.0 614.0 570.0 518.0 636.0 
866.0 680.0 335.0 492.0 788.0 851.0 774.0 
388.0 383.0 892.0 988.0 709.0 341.0 381.0 
959.0 1045.0 579.0 446.0 623.0 845.0 941.0 
582.0 532.0 849.0 753.0 703.0 703.0 763.0 
811.0 553.0 676.0 857.0 714.0 590.0 510.0 
737.0 863.0 626.0 610.0 621.0 429.0 525.0 
926.0 890.0 387.0 241.0 549.0 850.0 817.0 
591.0 432.0 421.0 684.0 814.0 649.0 420.0 
410.0 819.0 790.0 363.0 373.0 608.0 855.0 
786.0 437.0 328.0 499.0 808.0 854.0 600.0 
403.0 389.0 668.0 823.0 606.0 536.0 547.0 
557.0 649.0 498.0 568.0 773.0 668.0 580.0 
365.0 524.0 868.0 714.0 749.0 629.0 408.0 
701.0 777.0 715.0 733.0 643.0 814.0 731.0 
414.0 653.0 832.0 777.0 698.0 567.0 623.0 
641.0 755.0 743.0 696.0 859.0 439.0 362.0 
969.0 925.0 615.0 434.0 401.0 843.0 982.0 
515.0 317.0 522.0 693.0 712.0 569.0 399.0 
467.0 706.0 651.0 378.0 443.0 648.0 677.0 
562.0 457.0 514.0 551.0 670.0 723.0 507.0 
436.0 551.0 716.0 723.0 484.0 459.0 679.0 
788.0 666.0 423.0 509.0 867.0 945.0 620.0 
330.0 627.0 1025.0 971.0 641.0 386.0 646.0 
900.0 916.0 854.0 495.0 561.0 807.0 700.0 
814.0 696.0 524.0 831.0 710.0 577.0 807.0 
623.0 709.0 965.0 753.0 576.0 569.0 855.0 
1012.0 782.0 672.0 650.0 729.0 746.0 821.0 
1006.0 768.0 566.0 695.0 820.0 829.0 815.0 
729.0 650.0 864.0 831.0 724.0 877.0 785.0 
752.0 823.0 736.0 725.0 872.0 954.0 830.0 
701.0 759.0 903.0 855.0 884.0 985.0 869.0 
733.0 653.0 916.0 1039.0 844.0 846.0 739.0 
813.0 797.0 731.0 1049.0 859.0 681.0 807.0 
754.0 838.0 815.0 848.0 894.0 727.0 771.0 
817.0 750.0 830.0 908.0 818.0 653.0 709.0 
877.0 768.0 828.0 958.0 647.0 650.0 926.0 
911.0 812.0 742.0 903.0 981.0 861.0 824.0 
798.0 929.0 1005.0 947.0 836.0 791.0 995.0 
986.0 909.0 997.0 952.0 883.0 869.0 911.0 
1064.0 1166.0 962.0 705.0 825.0 1082.0 1108.0 
935.0 799.0 819.0 1003.0 1102.0 921.0 685.0 
666.0 1050.0 1167.0 748.0 653.0 687.0 839.0 
1113.0 838.0 614.0 656.0 823.0 1040.0 887.0 
677.0 598.0 819.0 1013.0 922.0 864.0 566.0 
493.0 1013.0 1226.0 781.0 376.0 520.0 978.0 
1109.0 835.0 689.0 653.0 772.0 928.0 914.0 
918.0 759.0 781.0 954.0 985.0 1018.0 819.0 
736.0 975.0 1086.0 966.0 837.0 731.0 876.0 
1265.0 1111.0 753.0 722.0 805.0 1128.0 1220.0 
938.0 731.0 681.0 902.0 1148.0 1104.0 801.0 
636.0 853.0 1014.0 867.0 742.0 752.0 837.0 
939.0 790.0 725.0 727.0 749.0 1006.0 816.0 
721.0 848.0 665.0 840.0 959.0 924.0 867.0 
679.0 815.0 798.0 862.0 1108.0 808.0 614.0 
748.0 758.0 916.0 958.0 843.0 772.0 523.0 
710.0 1037.0 912.0 812.0 692.0 682.0 833.0 
887.0 777.0 714.0 871.0 856.0 746.0 628.0 
608.0 888.0 991.0 755.0 523.0 534.0 710.0 
911.0 902.0 674.0 607.0 597.0 658.0 807.0 
771.0 735.0 672.0 555.0 550.0 624.0 754.0 
700.0 589.0 550.0 411.0 477.0 745.0 809.0 
679.0 497.0 278.0 524.0 1072.0 952.0 554.0 
391.0 599.0 1024.0 976.0 701.0 611.0 836.0 
1069.0 926.0 596.0 589.0 1107.0 1245.0 986.0 
659.0 490.0 994.0 1286.0 1110.0 845.0 674.0 
832.0 986.0 1183.0 1107.0 755.0 716.0 877.0 
1031.0 984.0 854.0 903.0 900.0 721.0 745.0 
953.0 996.0 881.0 894.0 799.0 525.0 752.0 
973.0 937.0 805.0 553.0 612.0 602.0 643.0 
772.0 739.0 664.0 397.0 384.0 541.0 704.0 
848.0 596.0 327.0 342.0 656.0 851.0 694.0 
518.0 345.0 557.0 669.0 423.0 678.0 664.0 
409.0 566.0 519.0 554.0 553.0 592.0 886.0 
541.0 339.0 559.0 642.0 982.0 871.0 457.0 
336.0 467.0 981.0 1002.0 674.0 541.0 458.0 
741.0 854.0 733.0 780.0 652.0 639.0 751.0 
726.0 690.0 759.0 934.0 878.0 731.0 678.0 
712.0 914.0 1004.0 891.0 802.0 759.0 685.0 
826.0 1031.0 1023.0 832.0 573.0 668.0 901.0 
957.0 844.0 672.0 783.0 902.0 744.0 593.0 
774.0 1030.0 878.0 551.0 520.0 755.0 1015.0 
873.0 478.0 587.0 687.0 715.0 857.0 623.0 
592.0 643.0 659.0 781.0 573.0 532.0 678.0 
739.0 822.0 567.0 377.0 612.0 743.0 894.0 
803.0 314.0 390.0 795.0 929.0 796.0 487.0 
461.0 609.0 728.0 844.0 735.0 548.0 512.0 
649.0 860.0 807.0 542.0 598.0 747.0 658.0 
657.0 665.0 676.0 666.0 592.0 609.0 548.0 
626.0 681.0 600.0 668.0 538.0 496.0 675.0 
603.0 724.0 822.0 547.0 659.0 757.0 709.0 
853.0 799.0 825.0 689.0 657.0 957.0 774.0 
763.0 900.0 755.0 839.0 760.0 733.0 812.0 
708.0 977.0 884.0 617.0 857.0 703.0 775.0 
1022.0 821.0 781.0 630.0 615.0 904.0 1018.0 
954.0 619.0 557.0 858.0 881.0 923.0 956.0 
665.0 649.0 921.0 884.0 801.0 722.0 708.0 
926.0 774.0 704.0 811.0 657.0 711.0 801.0 
812.0 675.0 487.0 679.0 823.0 703.0 700.0 
683.0 462.0 544.0 818.0 819.0 607.0 377.0 
530.0 718.0 685.0 690.0 602.0 537.0 574.0 
684.0 808.0 733.0 622.0 703.0 732.0 760.0 
850.0 699.0 636.0 843.0 965.0 791.0 569.0 
744.0 977.0 946.0 812.0 665.0 682.0 832.0 
884.0 850.0 747.0 672.0 848.0 871.0 793.0 
820.0 756.0 966.0 873.0 655.0 976.0 939.0 
754.0 856.0 935.0 913.0 758.0 739.0 841.0 
844.0 819.0 839.0 706.0 692.0 1000.0 940.0 
644.0 683.0 920.0 1025.0 874.0 707.0 681.0 
907.0 1056.0 762.0 641.0 807.0 925.0 931.0 
645.0 547.0 844.0 946.0 802.0 661.0 642.0 
845.0 864.0 864.0 932.0 546.0 638.0 951.0 
874.0 1082.0 732.0 498.0 945.0 818.0 926.0 
957.0 567.0 823.0 870.0 834.0 887.0 665.0 
906.0 891.0 745.0 974.0 883.0 832.0 827.0 
858.0 943.0 746.0 677.0 813.0 915.0 904.0 
820.0 600.0 544.0 872.0 958.0 820.0 638.0 
584.0 897.0 905.0 712.0 807.0 765.0 683.0 
821.0 889.0 796.0 799.0 768.0 695.0 915.0 
858.0 669.0 913.0 851.0 733.0 959.0 888.0 
762.0 898.0 932.0 814.0 751.0 760.0 914.0 
1016.0 801.0 742.0 760.0 728.0 1015.0 926.0 
669.0 769.0 725.0 884.0 980.0 822.0 788.0 
626.0 785.0 1028.0 834.0 767.0 725.0 697.0 
887.0 867.0 791.0 673.0 543.0 846.0 1039.0 
779.0 514.0 537.0 910.0 1079.0 747.0 543.0 
653.0 835.0 910.0 856.0 879.0 683.0 610.0 
917.0 901.0 868.0 803.0 581.0 709.0 881.0 
950.0 820.0 588.0 653.0 908.0 1072.0 821.0 
533.0 646.0 934.0 1033.0 894.0 725.0 598.0 
819.0 1057.0 938.0 751.0 578.0 704.0 918.0 
953.0 840.0 611.0 725.0 773.0 789.0 977.0 
723.0 695.0 823.0 755.0 991.0 783.0 593.0 
863.0 762.0 833.0 849.0 625.0 769.0 869.0 
851.0 758.0 615.0 632.0 806.0 1022.0 935.0 
697.0 710.0 800.0 856.0 900.0 782.0 774.0 
888.0 900.0 752.0 649.0 907.0 961.0 794.0 
704.0 599.0 793.0 952.0 813.0 710.0 633.0 
781.0 972.0 700.0 590.0 920.0 909.0 743.0 
663.0 608.0 977.0 1008.0 657.0 673.0 742.0 
844.0 881.0 858.0 831.0 753.0 772.0 778.0 
875.0 895.0 864.0 786.0 621.0 793.0 845.0 
783.0 806.0 667.0 841.0 856.0 599.0 781.0 
770.0 700.0 938.0 678.0 464.0 770.0 934.0 
911.0 564.0 333.0 756.0 957.0 776.0 630.0 
509.0 670.0 824.0 666.0 526.0 557.0 677.0 
745.0 621.0 480.0 555.0 661.0 648.0 593.0 
604.0 652.0 642.0 646.0 685.0 620.0 555.0 
737.0 862.0 691.0 560.0 636.0 821.0 950.0 
873.0 668.0 542.0 773.0 1009.0 876.0 769.0 
594.0 679.0 1055.0 909.0 651.0 642.0 968.0 
1077.0 645.0 726.0 939.0 974.0 990.0 744.0 
822.0 904.0 941.0 1073.0 742.0 773.0 960.0 
761.0 892.0 821.0 812.0 1060.0 866.0 810.0 
743.0 758.0 1028.0 882.0 795.0 773.0 758.0 
929.0 766.0 664.0 691.0 713.0 865.0 719.0 
651.0 674.0 541.0 755.0 854.0 688.0 705.0 
657.0 682.0 715.0 662.0 825.0 742.0 500.0 
663.0 836.0 751.0 636.0 678.0 753.0 687.0 
698.0 678.0 629.0 760.0 829.0 718.0 553.0 
642.0 881.0 790.0 627.0 693.0 829.0 842.0 
565.0 565.0 1040.0 976.0 523.0 507.0 730.0 
982.0 1051.0 612.0 290.0 718.0 1102.0 1003.0 
749.0 446.0 635.0 995.0 870.0 771.0 768.0 
715.0 855.0 880.0 747.0 780.0 808.0 889.0 
949.0 782.0 758.0 866.0 874.0 874.0 848.0 
816.0 793.0 788.0 846.0 997.0 1029.0 683.0 
552.0 798.0 971.0 1110.0 939.0 581.0 555.0 
832.0 1073.0 1012.0 705.0 473.0 676.0 968.0 
921.0 744.0 592.0 696.0 975.0 825.0 645.0 
783.0 857.0 1058.0 927.0 560.0 670.0 816.0 
934.0 872.0 767.0 822.0 555.0 604.0 792.0 
739.0 988.0 697.0 325.0 688.0 911.0 1039.0 
777.0 383.0 699.0 920.0 934.0 797.0 559.0 
756.0 834.0 796.0 780.0 569.0 744.0 995.0 
768.0 594.0 669.0 819.0 894.0 831.0 810.0 
681.0 629.0 889.0 997.0 800.0 567.0 595.0 
890.0 994.0 697.0 543.0 782.0 861.0 880.0 
703.0 386.0 859.0 1143.0 750.0 604.0 568.0 
849.0 1046.0 667.0 704.0 831.0 600.0 859.0 
912.0 712.0 831.0 518.0 651.0 1056.0 813.0 
752.0 440.0 521.0 1051.0 760.0 644.0 540.0 
566.0 914.0 638.0 693.0 705.0 495.0 784.0 
603.0 627.0 816.0 524.0 816.0 811.0 514.0 
707.0 700.0 786.0 753.0 858.0 859.0 358.0 
777.0 967.0 765.0 983.0 640.0 639.0 751.0 
786.0 1017.0 643.0 680.0 845.0 779.0 877.0 
757.0 975.0 817.0 618.0 967.0 861.0 903.0 
870.0 855.0 1004.0 744.0 867.0 888.0 911.0 
990.0 748.0 856.0 674.0 816.0 1057.0 684.0 
817.0 697.0 740.0 1042.0 712.0 813.0 696.0 
720.0 1048.0 566.0 720.0 765.0 621.0 967.0 
538.0 718.0 793.0 424.0 880.0 691.0 611.0 
646.0 541.0 892.0 602.0 711.0 747.0 382.0 
704.0 657.0 840.0 824.0 312.0 551.0 818.0 
906.0 651.0 547.0 813.0 665.0 805.0 804.0 
646.0 876.0 773.0 852.0 902.0 563.0 777.0 
988.0 909.0 909.0 719.0 674.0 801.0 1088.0 
1129.0 699.0 777.0 854.0 844.0 1058.0 980.0 
948.0 707.0 688.0 924.0 908.0 911.0 554.0 
697.0 1007.0 841.0 777.0 452.0 723.0 1135.0 
896.0 740.0 480.0 623.0 1037.0 1013.0 731.0 
521.0 750.0 730.0 661.0 916.0 680.0 577.0 
554.0 484.0 873.0 648.0 525.0 810.0 561.0 
718.0 694.0 550.0 836.0 709.0 821.0 661.0 
452.0 789.0 745.0 918.0 789.0 611.0 813.0 
581.0 769.0 820.0 795.0 869.0 451.0 632.0 
754.0 793.0 940.0 640.0 711.0 546.0 573.0 
952.0 599.0 637.0 751.0 553.0 552.0 496.0 
862.0 787.0 497.0 689.0 417.0 604.0 838.0 
703.0 747.0 440.0 730.0 635.0 399.0 1062.0 
794.0 726.0 631.0 166.0 929.0 982.0 713.0 
851.0 425.0 685.0 921.0 800.0 822.0 623.0 
870.0 856.0 584.0 695.0 813.0 997.0 868.0 
767.0 813.0 686.0 782.0 948.0 1165.0 927.0 
535.0 842.0 863.0 929.0 1078.0 684.0 684.0 
775.0 786.0 750.0 663.0 884.0 758.0 609.0 
544.0 574.0 889.0 623.0 504.0 547.0 375.0 
698.0 667.0 525.0 458.0 289.0 637.0 502.0 
422.0 470.0 191.0 628.0 524.0 194.0 324.0 
201.0 537.0 644.0 407.0 191.0 121.0 651.0 
645.0 401.0 393.0 364.0 572.0 501.0 679.0 
722.0 384.0 633.0 612.0 644.0 767.0 562.0 
708.0 587.0 659.0 771.0 510.0 760.0 711.0 
624.0 744.0 585.0 732.0 696.0 690.0 837.0 
678.0 759.0 634.0 564.0 813.0 755.0 814.0 
674.0 481.0 609.0 751.0 940.0 584.0 377.0 
621.0 552.0 738.0 689.0 378.0 517.0 540.0 
597.0 588.0 479.0 508.0 338.0 569.0 583.0 
323.0 470.0 258.0 473.0 615.0 311.0 471.0 
210.0 369.0 696.0 282.0 351.0 328.0 278.0 
507.0 345.0 368.0 423.0 324.0 294.0 378.0 
556.0 500.0 371.0 216.0 394.0 604.0 394.0 
534.0 444.0 256.0 494.0 497.0 670.0 498.0 
202.0 421.0 408.0 668.0 536.0 201.0 465.0 
302.0 457.0 567.0 291.0 545.0 531.0 539.0 
501.0 334.0 597.0 519.0 700.0 822.0 399.0 
533.0 565.0 732.0 970.0 576.0 533.0 588.0 
689.0 714.0 558.0 812.0 592.0 504.0 729.0 
549.0 700.0 673.0 607.0 629.0 449.0 654.0 
618.0 620.0 753.0 475.0 460.0 470.0 655.0 
759.0 349.0 346.0 376.0 536.0 659.0 167.0 
222.0 493.0 530.0 440.0 137.0 315.0 450.0 
541.0 524.0 91.0 257.0 498.0 614.0 529.0 
70.0 315.0 505.0 446.0 462.0 273.0 398.0 
338.0 452.0 648.0 358.0 462.0 485.0 574.0 
691.0 301.0 473.0 699.0 650.0 690.0 415.0 
417.0 512.0 705.0 911.0 432.0 359.0 629.0 
819.0 820.0 511.0 588.0 502.0 698.0 953.0 
581.0 570.0 565.0 696.0 881.0 692.0 666.0 
497.0 679.0 981.0 640.0 531.0 587.0 748.0 
943.0 686.0 528.0 494.0 656.0 960.0 871.0 
565.0 355.0 660.0 910.0 719.0 652.0 535.0 
663.0 777.0 572.0 665.0 634.0 587.0 664.0 
563.0 587.0 469.0 604.0 769.0 476.0 590.0 
635.0 574.0 598.0 534.0 741.0 519.0 435.0 
615.0 477.0 611.0 490.0 457.0 526.0 288.0 
531.0 596.0 511.0 510.0 342.0 512.0 458.0 
561.0 754.0 412.0 556.0 591.0 485.0 675.0 
560.0 716.0 651.0 430.0 561.0 582.0 858.0 
660.0 411.0 723.0 603.0 742.0 748.0 513.0 
717.0 564.0 685.0 736.0 465.0 702.0 629.0 
651.0 759.0 514.0 598.0 678.0 790.0 772.0 
617.0 657.0 478.0 637.0 878.0 797.0 683.0 
398.0 701.0 953.0 709.0 654.0 454.0 643.0 
852.0 766.0 710.0 438.0 616.0 769.0 721.0 
691.0 480.0 699.0 729.0 594.0 659.0 454.0 
514.0 669.0 672.0 675.0 447.0 485.0 626.0 
640.0 654.0 425.0 513.0 701.0 605.0 599.0 
527.0 584.0 705.0 644.0 502.0 620.0 857.0 
548.0 563.0 678.0 550.0 839.0 645.0 679.0 
646.0 285.0 911.0 896.0 619.0 590.0 399.0 
916.0 884.0 744.0 659.0 342.0 994.0 992.0 
550.0 735.0 572.0 833.0 942.0 521.0 685.0 
656.0 621.0 806.0 784.0 808.0 562.0 534.0 
800.0 834.0 811.0 642.0 611.0 677.0 793.0 
959.0 655.0 576.0 736.0 712.0 810.0 710.0 
710.0 590.0 452.0 782.0 622.0 518.0 702.0 
633.0 638.0 506.0 580.0 634.0 537.0 638.0 
519.0 595.0 563.0 392.0 493.0 457.0 718.0 
638.0 284.0 499.0 552.0 616.0 575.0 404.0 
551.0 583.0 590.0 531.0 657.0 712.0 448.0 
698.0 726.0 587.0 631.0 559.0 793.0 689.0 
625.0 699.0 503.0 654.0 605.0 672.0 788.0 
467.0 596.0 601.0 605.0 848.0 458.0 379.0 
639.0 726.0 723.0 412.0 436.0 541.0 630.0 
622.0 338.0 579.0 545.0 522.0 745.0 352.0 
455.0 601.0 530.0 759.0 582.0 454.0 409.0 
513.0 765.0 695.0 603.0 356.0 564.0 775.0 
582.0 853.0 562.0 456.0 779.0 554.0 820.0 
630.0 380.0 784.0 537.0 640.0 700.0 419.0 
653.0 582.0 674.0 666.0 504.0 782.0 607.0 
579.0 636.0 537.0 761.0 693.0 697.0 634.0 
432.0 572.0 673.0 754.0 501.0 358.0 544.0 
498.0 683.0 513.0 256.0 524.0 518.0 610.0 
479.0 215.0 442.0 637.0 739.0 259.0 135.0 
628.0 669.0 712.0 266.0 110.0 572.0 632.0 
785.0 445.0 140.0 485.0 539.0 609.0 588.0 
440.0 442.0 444.0 617.0 638.0 553.0 501.0 
495.0 590.0 496.0 658.0 659.0 424.0 537.0 
459.0 722.0 801.0 377.0 447.0 493.0 782.0 
760.0 265.0 468.0 580.0 781.0 825.0 283.0 
342.0 591.0 876.0 837.0 393.0 468.0 394.0 
620.0 909.0 519.0 480.0 365.0 546.0 976.0 
555.0 363.0 483.0 583.0 745.0 587.0 407.0 
400.0 716.0 782.0 477.0 452.0 427.0 711.0 
858.0 524.0 483.0 392.0 593.0 820.0 594.0 
555.0 377.0 551.0 769.0 456.0 442.0 313.0 
442.0 794.0 527.0 350.0 140.0 296.0 897.0 
739.0 403.0 177.0 279.0 790.0 751.0 624.0 
485.0 255.0 540.0 910.0 765.0 447.0 519.0 
575.0 738.0 892.0 592.0 554.0 613.0 883.0 
1024.0 506.0 449.0 643.0 977.0 1143.0 529.0 
469.0 584.0 671.0 1181.0 811.0 552.0 720.0 
597.0 924.0 880.0 741.0 839.0 726.0 903.0 
791.0 720.0 789.0 795.0 1193.0 838.0 400.0 
767.0 1012.0 1139.0 844.0 630.0 716.0 664.0 
1062.0 975.0 682.0 809.0 672.0 804.0 742.0 
800.0 1004.0 707.0 746.0 615.0 685.0 866.0 
670.0 914.0 673.0 446.0 624.0 617.0 1011.0 
809.0 401.0 705.0 718.0 770.0 816.0 714.0 
839.0 718.0 794.0 751.0 605.0 995.0 1001.0 
801.0 600.0 570.0 1002.0 1017.0 898.0 703.0 
536.0 839.0 917.0 954.0 828.0 625.0 809.0 
799.0 951.0 945.0 686.0 828.0 772.0 868.0 
922.0 714.0 799.0 751.0 892.0 1004.0 836.0 
712.0 652.0 1009.0 1128.0 935.0 700.0 550.0 
1050.0 1199.0 1016.0 928.0 555.0 808.0 1159.0 
1055.0 989.0 713.0 757.0 941.0 905.0 960.0 
881.0 828.0 761.0 885.0 928.0 743.0 922.0 
664.0 736.0 1011.0 559.0 914.0 841.0 454.0 
904.0 742.0 803.0 735.0 410.0 791.0 812.0 
964.0 748.0 192.0 637.0 929.0 1061.0 758.0 
184.0 615.0 851.0 961.0 879.0 295.0 537.0 
838.0 999.0 902.0 309.0 612.0 834.0 787.0 
986.0 636.0 574.0 629.0 708.0 952.0 694.0 
599.0 557.0 705.0 902.0 625.0 763.0 668.0 
452.0 787.0 903.0 874.0 475.0 365.0 842.0 
851.0 920.0 655.0 254.0 674.0 942.0 1062.0 
653.0 108.0 588.0 868.0 967.0 742.0 263.0 
530.0 642.0 946.0 959.0 362.0 436.0 606.0 
927.0 957.0 598.0 579.0 494.0 804.0 995.0 
747.0 520.0 417.0 869.0 896.0 532.0 483.0 
579.0 867.0 699.0 586.0 765.0 478.0 630.0 
912.0 726.0 692.0 552.0 657.0 717.0 633.0 
927.0 670.0 550.0 636.0 532.0 798.0 645.0 
718.0 729.0 308.0 671.0 748.0 657.0 729.0 
552.0 758.0 743.0 635.0 519.0 610.0 1070.0 
655.0 518.0 608.0 491.0 989.0 741.0 568.0 
612.0 452.0 1050.0 731.0 443.0 812.0 486.0 
769.0 812.0 565.0 802.0 512.0 759.0 853.0 
501.0 679.0 581.0 872.0 725.0 305.0 759.0 
604.0 654.0 743.0 388.0 585.0 624.0 706.0 
595.0 365.0 542.0 608.0 745.0 534.0 411.0 
684.0 633.0 735.0 653.0 478.0 683.0 736.0 
875.0 697.0 419.0 755.0 866.0 871.0 791.0 
572.0 753.0 750.0 823.0 867.0 524.0 590.0 
723.0 796.0 775.0 667.0 709.0 448.0 623.0 
962.0 663.0 606.0 577.0 619.0 849.0 679.0 
635.0 616.0 792.0 963.0 670.0 674.0 671.0 
857.0 1034.0 829.0 769.0 637.0 921.0 969.0 
751.0 1085.0 801.0 675.0 950.0 802.0 908.0 
727.0 721.0 989.0 733.0 798.0 726.0 661.0 
850.0 719.0 906.0 645.0 347.0 745.0 737.0 
802.0 624.0 292.0 663.0 732.0 683.0 567.0 
365.0 699.0 788.0 724.0 474.0 351.0 874.0 
833.0 699.0 602.0 431.0 779.0 775.0 869.0 
856.0 458.0 619.0 683.0 1002.0 1078.0 540.0 
694.0 652.0 878.0 1135.0 627.0 831.0 826.0 
859.0 1070.0 506.0 769.0 1069.0 993.0 1054.0 
521.0 635.0 951.0 989.0 1169.0 713.0 617.0 
810.0 915.0 1170.0 744.0 648.0 852.0 778.0 
962.0 777.0 748.0 796.0 700.0 891.0 651.0 
716.0 765.0 631.0 1007.0 622.0 368.0 659.0 
777.0 1092.0 786.0 433.0 503.0 682.0 1078.0 
864.0 610.0 596.0 568.0 793.0 685.0 759.0 
793.0 553.0 736.0 599.0 633.0 940.0 849.0 
720.0 442.0 644.0 877.0 761.0 977.0 702.0 
571.0 703.0 607.0 946.0 783.0 519.0 667.0 
687.0 799.0 533.0 563.0 936.0 828.0 675.0 
496.0 680.0 783.0 705.0 1007.0 568.0 405.0 
923.0 828.0 890.0 729.0 616.0 927.0 625.0 
749.0 917.0 731.0 785.0 586.0 850.0 914.0 
764.0 931.0 548.0 717.0 953.0 776.0 881.0 
601.0 678.0 831.0 729.0 972.0 816.0 629.0 
541.0 635.0 1062.0 821.0 616.0 585.0 485.0 
960.0 953.0 615.0 537.0 536.0 900.0 937.0 
742.0 564.0 488.0 844.0 848.0 737.0 670.0 
431.0 771.0 1008.0 760.0 600.0 403.0 677.0 
1009.0 769.0 677.0 508.0 353.0 748.0 1064.0 
889.0 571.0 378.0 504.0 1019.0 1000.0 604.0 
592.0 508.0 826.0 1055.0 535.0 542.0 742.0 
808.0 997.0 582.0 513.0 866.0 831.0 1029.0 
669.0 275.0 853.0 977.0 899.0 725.0 376.0 
828.0 949.0 614.0 731.0 772.0 744.0 770.0 
643.0 619.0 758.0 783.0 800.0 715.0 459.0 
580.0 787.0 803.0 817.0 536.0 395.0 691.0 
961.0 886.0 558.0 482.0 664.0 878.0 919.0 
694.0 604.0 769.0 864.0 745.0 688.0 745.0 
747.0 850.0 872.0 698.0 621.0 662.0 784.0 
912.0 909.0 661.0 444.0 664.0 911.0 842.0 
693.0 567.0 544.0 796.0 967.0 644.0 406.0 
636.0 893.0 861.0 567.0 501.0 725.0 826.0 
780.0 633.0 579.0 693.0 789.0 742.0 602.0 
672.0 701.0 558.0 727.0 811.0 579.0 570.0 
577.0 690.0 920.0 779.0 686.0 564.0 592.0 
969.0 898.0 684.0 615.0 645.0 839.0 790.0 
707.0 748.0 699.0 641.0 557.0 692.0 877.0 
732.0 681.0 575.0 591.0 859.0 822.0 882.0 
719.0 516.0 919.0 801.0 664.0 884.0 652.0 
824.0 848.0 579.0 768.0 669.0 859.0 990.0 
549.0 554.0 739.0 927.0 911.0 737.0 745.0 
626.0 794.0 1009.0 868.0 788.0 711.0 743.0 
827.0 820.0 881.0 748.0 654.0 725.0 629.0 
707.0 798.0 784.0 756.0 445.0 462.0 844.0 
858.0 618.0 562.0 638.0 712.0 740.0 573.0 
552.0 741.0 817.0 743.0 597.0 613.0 704.0 
709.0 790.0 843.0 549.0 424.0 801.0 959.0 
786.0 509.0 321.0 660.0 1036.0 895.0 604.0 
419.0 477.0 780.0 1019.0 804.0 417.0 569.0 
856.0 865.0 839.0 754.0 662.0 746.0 882.0 
938.0 775.0 502.0 797.0 1151.0 840.0 530.0 
635.0 887.0 889.0 880.0 879.0 713.0 756.0 
832.0 942.0 1005.0 785.0 689.0 794.0 928.0 
934.0 800.0 771.0 783.0 791.0 852.0 822.0 
833.0 839.0 714.0 675.0 723.0 912.0 926.0 
669.0 663.0 740.0 725.0 712.0 721.0 728.0 
622.0 580.0 715.0 697.0 621.0 638.0 534.0 
801.0 872.0 453.0 557.0 608.0 815.0 1051.0 
557.0 482.0 566.0 818.0 1173.0 603.0 487.0 
800.0 756.0 878.0 716.0 620.0 836.0 907.0 
839.0 590.0 607.0 817.0 991.0 1085.0 653.0 
459.0 799.0 867.0 942.0 965.0 702.0 704.0 
746.0 820.0 1018.0 820.0 637.0 732.0 790.0 
758.0 808.0 864.0 676.0 664.0 703.0 661.0 
802.0 792.0 727.0 623.0 525.0 617.0 662.0 
733.0 680.0 451.0 540.0 853.0 810.0 498.0 
414.0 664.0 879.0 757.0 583.0 395.0 401.0 
849.0 980.0 639.0 377.0 398.0 675.0 936.0 
883.0 531.0 299.0 498.0 904.0 1037.0 685.0 
281.0 561.0 1058.0 999.0 705.0 388.0 539.0 
977.0 967.0 784.0 518.0 541.0 848.0 965.0 
964.0 691.0 569.0 779.0 868.0 1015.0 915.0 
523.0 703.0 1039.0 915.0 808.0 775.0 758.0 
854.0 874.0 896.0 847.0 700.0 763.0 956.0 
929.0 702.0 758.0 910.0 818.0 820.0 842.0 
774.0 713.0 686.0 721.0 753.0 772.0 697.0 
579.0 544.0 646.0 795.0 855.0 572.0 316.0 
628.0 761.0 783.0 690.0 328.0 466.0 645.0 
885.0 987.0 489.0 344.0 515.0 836.0 1078.0 
681.0 431.0 611.0 813.0 1048.0 910.0 652.0 
676.0 767.0 1109.0 977.0 664.0 833.0 756.0 
1004.0 1090.0 701.0 753.0 794.0 986.0 1131.0 
827.0 666.0 712.0 888.0 1009.0 988.0 836.0 
585.0 721.0 1032.0 1057.0 919.0 631.0 511.0 
869.0 1158.0 974.0 580.0 479.0 874.0 1155.0 
975.0 696.0 639.0 881.0 1125.0 1001.0 659.0 
645.0 886.0 1023.0 1062.0 945.0 695.0 526.0 
754.0 1180.0 1148.0 670.0 310.0 557.0 1127.0 
1202.0 734.0 399.0 582.0 906.0 1024.0 896.0 
618.0 546.0 620.0 914.0 1008.0 575.0 618.0 
800.0 799.0 950.0 853.0 669.0 685.0 1018.0 
1051.0 733.0 757.0 781.0 882.0 969.0 809.0 
773.0 681.0 660.0 877.0 960.0 924.0 726.0 
516.0 655.0 835.0 978.0 1017.0 786.0 652.0 
634.0 852.0 1143.0 991.0 796.0 641.0 609.0 
972.0 1164.0 913.0 524.0 554.0 1025.0 1142.0 
714.0 455.0 706.0 1045.0 1046.0 655.0 347.0 
517.0 1131.0 1348.0 722.0 392.0 459.0 773.0 
1381.0 1106.0 449.0 422.0 677.0 1179.0 1105.0 
512.0 589.0 818.0 1007.0 899.0 398.0 547.0 
1034.0 1227.0 640.0 102.0 698.0 1114.0 1056.0 
730.0 272.0 560.0 976.0 866.0 668.0 670.0 
698.0 661.0 699.0 585.0 551.0 889.0 840.0 
511.0 454.0 626.0 883.0 773.0 603.0 580.0 
516.0 735.0 882.0 627.0 477.0 686.0 1006.0 
894.0 462.0 448.0 805.0 1068.0 879.0 466.0 
449.0 773.0 1043.0 900.0 516.0 488.0 819.0 
1020.0 881.0 633.0 576.0 693.0 863.0 1011.0 
777.0 541.0 689.0 819.0 939.0 809.0 655.0 
805.0 734.0 812.0 936.0 665.0 796.0 966.0 
805.0 872.0 921.0 914.0 865.0 860.0 1026.0 
1086.0 934.0 712.0 924.0 1268.0 1148.0 819.0 
708.0 919.0 1098.0 1056.0 788.0 618.0 881.0 
1047.0 816.0 541.0 518.0 830.0 1100.0 827.0 
393.0 414.0 684.0 925.0 894.0 558.0 371.0 
419.0 770.0 1000.0 594.0 329.0 433.0 685.0 
894.0 563.0 426.0 697.0 737.0 785.0 506.0 
307.0 810.0 929.0 801.0 554.0 335.0 782.0 
852.0 840.0 873.0 495.0 697.0 817.0 775.0 
1041.0 733.0 674.0 885.0 815.0 1003.0 726.0 
569.0 870.0 729.0 790.0 846.0 625.0 623.0 
689.0 877.0 931.0 671.0 496.0 622.0 967.0 
1073.0 818.0 454.0 534.0 1128.0 1071.0 570.0 
650.0 888.0 958.0 933.0 689.0 602.0 875.0 
1093.0 1080.0 781.0 578.0 878.0 1045.0 898.0 
936.0 825.0 617.0 806.0 969.0 971.0 823.0 
515.0 655.0 1041.0 1001.0 691.0 595.0 709.0 
904.0 1105.0 856.0 397.0 565.0 1132.0 1236.0 
810.0 424.0 457.0 981.0 1328.0 941.0 487.0 
367.0 728.0 1318.0 1053.0 456.0 415.0 665.0 
1095.0 1031.0 497.0 443.0 619.0 850.0 1014.0 
645.0 326.0 621.0 1015.0 845.0 519.0 501.0 
605.0 795.0 757.0 635.0 644.0 557.0 695.0 
882.0 699.0 603.0 810.0 886.0 782.0 662.0 
681.0 880.0 899.0 835.0 810.0 736.0 794.0 
922.0 968.0 870.0 712.0 801.0 940.0 880.0 
865.0 750.0 743.0 1014.0 1091.0 901.0 562.0 
753.0 1142.0 1188.0 1194.0 583.0 476.0 1117.0 
1202.0 1215.0 796.0 528.0 969.0 1025.0 1097.0 
949.0 658.0 841.0 858.0 983.0 967.0 707.0 
839.0 848.0 866.0 883.0 644.0 698.0 797.0 
861.0 954.0 740.0 541.0 591.0 887.0 1171.0 
944.0 523.0 393.0 798.0 1300.0 1062.0 637.0 
512.0 649.0 1124.0 1215.0 793.0 530.0 727.0 
1107.0 1041.0 732.0 712.0 918.0 1093.0 994.0 
801.0 811.0 983.0 1066.0 997.0 941.0 781.0 
805.0 1079.0 984.0 902.0 987.0 818.0 757.0 
810.0 928.0 988.0 741.0 758.0 860.0 700.0 
818.0 971.0 915.0 805.0 656.0 812.0 980.0 
943.0 960.0 752.0 681.0 988.0 1058.0 926.0 
774.0 830.0 1083.0 1062.0 962.0 818.0 770.0 
989.0 1137.0 1163.0 830.0 565.0 916.0 1259.0 
1160.0 742.0 547.0 823.0 1177.0 1252.0 866.0 
541.0 675.0 1023.0 1248.0 985.0 604.0 689.0 
988.0 1084.0 1016.0 727.0 483.0 734.0 1061.0 
1101.0 667.0 314.0 708.0 1052.0 926.0 639.0 
455.0 664.0 929.0 906.0 797.0 460.0 515.0 
1083.0 972.0 859.0 709.0 479.0 894.0 916.0 
1029.0 998.0 391.0 684.0 1107.0 1029.0 931.0 
591.0 543.0 1017.0 1255.0 925.0 527.0 679.0 
989.0 1091.0 1020.0 705.0 754.0 1059.0 1055.0 
891.0 665.0 785.0 1020.0 965.0 908.0 627.0 
578.0 933.0 893.0 768.0 813.0 774.0 692.0 
587.0 743.0 991.0 896.0 759.0 633.0 499.0 
713.0 1058.0 1003.0 620.0 484.0 663.0 797.0 
844.0 759.0 642.0 663.0 616.0 698.0 843.0 
639.0 548.0 665.0 719.0 707.0 498.0 410.0 
580.0 758.0 700.0 433.0 336.0 415.0 701.0 
825.0 490.0 385.0 518.0 501.0 633.0 781.0 
613.0 474.0 448.0 570.0 802.0 703.0 610.0 
629.0 610.0 737.0 746.0 687.0 624.0 722.0 
852.0 699.0 655.0 563.0 682.0 980.0 763.0 
542.0 592.0 669.0 736.0 769.0 768.0 653.0 
502.0 602.0 838.0 782.0 616.0 583.0 608.0 
700.0 682.0 549.0 589.0 740.0 753.0 651.0 
459.0 451.0 797.0 796.0 501.0 505.0 482.0 
636.0 798.0 470.0 532.0 571.0 479.0 876.0 
683.0 463.0 585.0 510.0 822.0 702.0 324.0 
618.0 725.0 750.0 695.0 259.0 354.0 743.0 
864.0 678.0 341.0 431.0 569.0 767.0 912.0 
537.0 420.0 471.0 743.0 1060.0 656.0 490.0 
573.0 654.0 972.0 819.0 464.0 493.0 834.0 
1026.0 715.0 355.0 539.0 1052.0 1036.0 542.0 
425.0 778.0 951.0 769.0 566.0 643.0 880.0 
796.0 577.0 526.0 760.0 958.0 630.0 342.0 
559.0 975.0 837.0 325.0 395.0 770.0 912.0 
642.0 381.0 568.0 687.0 610.0 535.0 586.0 
706.0 494.0 338.0 586.0 721.0 595.0 422.0 
389.0 587.0 665.0 416.0 400.0 619.0 630.0 
552.0 388.0 433.0 655.0 686.0 635.0 441.0 
396.0 569.0 709.0 702.0 456.0 519.0 632.0 
460.0 588.0 633.0 511.0 604.0 524.0 424.0 
540.0 619.0 666.0 601.0 486.0 458.0 558.0 
730.0 649.0 538.0 524.0 447.0 539.0 660.0 
621.0 614.0 533.0 423.0 505.0 601.0 692.0 
642.0 516.0 560.0 523.0 584.0 578.0 573.0 
851.0 604.0 376.0 444.0 420.0 867.0 801.0 
386.0 434.0 271.0 561.0 771.0 434.0 502.0 
279.0 231.0 554.0 474.0 562.0 339.0 127.0 
564.0 608.0 291.0 105.0 359.0 833.0 627.0 
210.0 133.0 284.0 739.0 880.0 458.0 161.0 
239.0 613.0 872.0 626.0 255.0 228.0 536.0 
694.0 620.0 446.0 254.0 421.0 601.0 542.0 
412.0 226.0 363.0 540.0 477.0 477.0 266.0 
157.0 467.0 637.0 575.0 352.0 168.0 376.0 
660.0 706.0 487.0 199.0 346.0 671.0 712.0 
540.0 446.0 544.0 539.0 594.0 736.0 643.0 
490.0 565.0 802.0 777.0 587.0 592.0 613.0 
701.0 782.0 630.0 569.0 527.0 482.0 635.0 
664.0 524.0 390.0 423.0 552.0 476.0 500.0 
542.0 312.0 309.0 458.0 378.0 371.0 405.0 
372.0 364.0 229.0 379.0 539.0 264.0 347.0 
536.0 423.0 421.0 402.0 361.0 431.0 572.0 
728.0 614.0 297.0 280.0 706.0 904.0 606.0 
400.0 305.0 604.0 897.0 568.0 550.0 549.0 
415.0 665.0 694.0 648.0 621.0 504.0 529.0 
509.0 673.0 754.0 494.0 557.0 712.0 705.0 
616.0 456.0 710.0 881.0 697.0 692.0 438.0 
442.0 872.0 737.0 767.0 795.0 420.0 587.0 
751.0 750.0 814.0 702.0 611.0 552.0 649.0 
694.0 686.0 672.0 579.0 647.0 582.0 494.0 
542.0 610.0 690.0 529.0 320.0 409.0 547.0 
582.0 533.0 330.0 504.0 697.0 398.0 382.0 
508.0 686.0 868.0 525.0 286.0 420.0 711.0 
1069.0 954.0 506.0 360.0 510.0 853.0 1238.0 
1026.0 410.0 309.0 722.0 1049.0 994.0 733.0 
534.0 596.0 840.0 933.0 853.0 663.0 570.0 
801.0 1076.0 1022.0 584.0 436.0 777.0 1040.0 
1204.0 728.0 100.0 509.0 1093.0 1248.0 859.0 
211.0 294.0 842.0 1165.0 895.0 389.0 357.0 
630.0 967.0 990.0 604.0 473.0 641.0 845.0 
862.0 625.0 619.0 678.0 561.0 648.0 836.0 
741.0 595.0 598.0 531.0 717.0 1041.0 809.0 
427.0 540.0 742.0 932.0 1056.0 602.0 309.0 
592.0 1044.0 1302.0 739.0 230.0 650.0 1165.0 
1226.0 759.0 356.0 677.0 1035.0 1156.0 859.0 
360.0 659.0 934.0 975.0 942.0 516.0 604.0 
736.0 845.0 1030.0 612.0 637.0 769.0 596.0 
922.0 894.0 637.0 776.0 686.0 684.0 853.0 
815.0 752.0 623.0 672.0 886.0 797.0 561.0 
683.0 943.0 741.0 576.0 736.0 808.0 824.0 
676.0 657.0 811.0 789.0 812.0 701.0 661.0 
889.0 786.0 675.0 874.0 770.0 654.0 870.0 
904.0 843.0 749.0 591.0 793.0 1118.0 952.0 
553.0 506.0 769.0 1125.0 1032.0 483.0 550.0 
986.0 978.0 684.0 528.0 691.0 917.0 959.0 
645.0 421.0 607.0 820.0 885.0 676.0 516.0 
536.0 644.0 821.0 681.0 526.0 587.0 691.0 
714.0 551.0 563.0 770.0 791.0 505.0 435.0 
735.0 860.0 785.0 511.0 411.0 811.0 955.0 
690.0 604.0 771.0 882.0 771.0 714.0 849.0 
855.0 884.0 977.0 803.0 726.0 820.0 966.0 
1125.0 854.0 655.0 880.0 962.0 988.0 985.0 
796.0 799.0 940.0 965.0 940.0 846.0 795.0 
943.0 1059.0 841.0 685.0 875.0 1024.0 928.0 
788.0 751.0 761.0 846.0 907.0 844.0 657.0 
652.0 848.0 662.0 687.0 948.0 725.0 585.0 
560.0 758.0 950.0 585.0 601.0 611.0 423.0 
777.0 795.0 559.0 548.0 582.0 765.0 743.0 
594.0 570.0 626.0 860.0 812.0 511.0 552.0 
744.0 931.0 889.0 523.0 484.0 866.0 1068.0 
778.0 529.0 774.0 1002.0 855.0 653.0 703.0 
901.0 988.0 931.0 761.0 696.0 894.0 985.0 
898.0 809.0 752.0 806.0 972.0 1030.0 706.0 
608.0 924.0 1039.0 996.0 686.0 564.0 1010.0 
1169.0 1030.0 850.0 696.0 950.0 1201.0 1093.0 
939.0 874.0 1015.0 1116.0 1013.0 1003.0 932.0 
907.0 1069.0 1003.0 846.0 762.0 787.0 1054.0 
993.0 735.0 737.0 685.0 888.0 1067.0 777.0 
618.0 627.0 779.0 983.0 867.0 624.0 538.0 
767.0 955.0 794.0 688.0 738.0 758.0 739.0 
679.0 741.0 828.0 742.0 692.0 678.0 729.0 
818.0 801.0 739.0 727.0 806.0 791.0 788.0 
753.0 677.0 866.0 992.0 797.0 601.0 702.0 
852.0 975.0 930.0 607.0 687.0 910.0 1003.0 
1021.0 744.0 699.0 811.0 972.0 966.0 698.0 
912.0 954.0 851.0 894.0 641.0 925.0 1045.0 
748.0 966.0 740.0 672.0 1159.0 995.0 881.0 
825.0 662.0 1046.0 1135.0 890.0 743.0 651.0 
1009.0 1202.0 854.0 604.0 736.0 1103.0 1075.0 
740.0 681.0 791.0 1029.0 1014.0 776.0 772.0 
804.0 886.0 933.0 880.0 831.0 667.0 680.0 
907.0 915.0 786.0 658.0 622.0 866.0 1002.0 
804.0 609.0 632.0 886.0 986.0 839.0 740.0 
637.0 776.0 1017.0 826.0 682.0 807.0 843.0 
921.0 848.0 719.0 886.0 935.0 796.0 710.0 
750.0 806.0 839.0 818.0 602.0 671.0 886.0 
704.0 597.0 781.0 881.0 759.0 723.0 860.0 
790.0 731.0 807.0 832.0 938.0 808.0 699.0 
918.0 930.0 900.0 795.0 701.0 820.0 759.0 
798.0 792.0 729.0 836.0 691.0 653.0 847.0 
947.0 813.0 554.0 756.0 1034.0 983.0 806.0 
588.0 841.0 1189.0 960.0 670.0 744.0 1024.0 
1180.0 935.0 706.0 851.0 931.0 938.0 1038.0 
1003.0 805.0 693.0 816.0 992.0 983.0 717.0 
687.0 925.0 898.0 858.0 858.0 845.0 844.0 
832.0 867.0 791.0 922.0 909.0 798.0 930.0 
774.0 906.0 920.0 689.0 1020.0 865.0 699.0 
939.0 855.0 1027.0 896.0 699.0 978.0 883.0 
946.0 982.0 737.0 910.0 933.0 738.0 776.0 
904.0 1027.0 917.0 689.0 769.0 932.0 945.0 
900.0 863.0 813.0 697.0 854.0 920.0 694.0 
788.0 843.0 822.0 708.0 525.0 895.0 1003.0 
719.0 720.0 671.0 787.0 922.0 858.0 896.0 
661.0 617.0 999.0 998.0 860.0 793.0 730.0 
857.0 921.0 878.0 822.0 840.0 920.0 896.0 
893.0 896.0 911.0 973.0 964.0 932.0 887.0 
820.0 868.0 1031.0 1072.0 884.0 668.0 779.0 
1065.0 1145.0 1005.0 665.0 626.0 1077.0 1237.0 
849.0 664.0 931.0 975.0 959.0 919.0 691.0 
862.0 1063.0 1058.0 907.0 633.0 793.0 1052.0 
1129.0 1040.0 783.0 714.0 933.0 1288.0 1214.0 
890.0 866.0 986.0 1204.0 1234.0 1018.0 856.0 
941.0 1201.0 1197.0 922.0 706.0 873.0 1236.0 
1214.0 872.0 645.0 770.0 1143.0 1215.0 830.0 
671.0 750.0 909.0 1112.0 852.0 721.0 822.0 
829.0 1013.0 916.0 810.0 734.0 678.0 1020.0 
961.0 824.0 784.0 632.0 892.0 824.0 839.0 
1072.0 574.0 602.0 1010.0 869.0 836.0 722.0 
715.0 829.0 854.0 1040.0 765.0 644.0 993.0 
1011.0 1026.0 927.0 781.0 909.0 963.0 1106.0 
1068.0 704.0 750.0 1057.0 1112.0 890.0 764.0 
866.0 938.0 1094.0 1040.0 788.0 837.0 1009.0 
1040.0 942.0 860.0 885.0 1034.0 1050.0 838.0 
692.0 836.0 1119.0 1033.0 853.0 789.0 737.0 
991.0 1199.0 1026.0 805.0 835.0 1005.0 1062.0 
1039.0 975.0 887.0 908.0 1078.0 1040.0 717.0 
840.0 1166.0 1011.0 882.0 797.0 658.0 909.0 
1021.0 894.0 888.0 659.0 663.0 888.0 875.0 
1012.0 863.0 616.0 741.0 758.0 952.0 1026.0 
827.0 764.0 624.0 837.0 1050.0 874.0 817.0 
739.0 778.0 959.0 941.0 778.0 772.0 1012.0 
1032.0 818.0 743.0 869.0 1003.0 955.0 945.0 
940.0 731.0 724.0 994.0 991.0 891.0 902.0 
709.0 683.0 923.0 1020.0 1002.0 820.0 645.0 
768.0 980.0 1046.0 820.0 725.0 915.0 842.0 
857.0 933.0 836.0 826.0 684.0 910.0 1104.0 
651.0 696.0 890.0 940.0 1029.0 595.0 753.0 
1114.0 867.0 958.0 791.0 653.0 952.0 876.0 
929.0 936.0 769.0 780.0 746.0 983.0 1099.0 
845.0 711.0 728.0 857.0 944.0 945.0 815.0 
702.0 810.0 835.0 938.0 1152.0 900.0 663.0 
892.0 1079.0 1118.0 882.0 825.0 1086.0 948.0 
938.0 962.0 758.0 999.0 1141.0 904.0 757.0 
699.0 943.0 1064.0 751.0 805.0 862.0 625.0 
716.0 897.0 953.0 809.0 628.0 760.0 836.0 
814.0 844.0 773.0 789.0 811.0 697.0 728.0 
853.0 918.0 803.0 576.0 633.0 978.0 1035.0 
494.0 347.0 833.0 1007.0 799.0 426.0 520.0 
1009.0 942.0 703.0 634.0 671.0 891.0 977.0 
820.0 556.0 654.0 992.0 957.0 759.0 671.0 
732.0 834.0 857.0 869.0 842.0 765.0 770.0 
797.0 833.0 892.0 822.0 877.0 860.0 622.0 
744.0 988.0 955.0 767.0 661.0 762.0 841.0 
860.0 874.0 725.0 616.0 838.0 970.0 779.0 
570.0 744.0 1034.0 914.0 813.0 591.0 517.0 
917.0 955.0 844.0 632.0 467.0 733.0 840.0 
906.0 752.0 435.0 611.0 703.0 792.0 884.0 
565.0 562.0 698.0 753.0 1022.0 816.0 390.0 
517.0 928.0 1135.0 715.0 248.0 409.0 797.0 
1079.0 834.0 303.0 345.0 674.0 871.0 852.0 
665.0 452.0 460.0 932.0 962.0 687.0 681.0 
462.0 800.0 1268.0 807.0 440.0 574.0 899.0 
1204.0 928.0 481.0 596.0 841.0 1101.0 1204.0 
622.0 420.0 915.0 1131.0 1019.0 772.0 738.0 
921.0 895.0 800.0 790.0 906.0 974.0 822.0 
705.0 785.0 967.0 937.0 821.0 800.0 823.0 
970.0 826.0 621.0 792.0 940.0 968.0 748.0 
587.0 811.0 878.0 989.0 1038.0 671.0 637.0 
968.0 1255.0 1110.0 578.0 628.0 1129.0 1281.0 
1023.0 697.0 662.0 1002.0 1210.0 956.0 794.0 
748.0 735.0 1017.0 1110.0 834.0 687.0 825.0 
961.0 1053.0 968.0 634.0 723.0 1095.0 1158.0 
907.0 490.0 638.0 1241.0 1212.0 847.0 659.0 
734.0 1203.0 1169.0 860.0 919.0 844.0 912.0 
1094.0 1062.0 940.0 865.0 960.0 965.0 976.0 
1052.0 897.0 913.0 1040.0 961.0 1064.0 977.0 
786.0 945.0 1079.0 1320.0 1076.0 574.0 963.0 
1172.0 1122.0 1199.0 854.0 833.0 965.0 1058.0 
1283.0 1084.0 937.0 867.0 866.0 1218.0 1207.0 
907.0 881.0 1026.0 1163.0 1052.0 701.0 801.0 
1312.0 1269.0 817.0 635.0 724.0 1040.0 1299.0 
1041.0 714.0 778.0 815.0 954.0 1183.0 1042.0 
862.0 763.0 821.0 1149.0 1326.0 1060.0 613.0 
881.0 1489.0 1412.0 888.0 575.0 1091.0 1638.0 
1395.0 876.0 500.0 870.0 1660.0 1772.0 1004.0 
303.0 675.0 1480.0 1839.0 1411.0 413.0 279.0 
1259.0 1930.0 1563.0 639.0 249.0 959.0 1800.0 
1668.0 913.0 328.0 742.0 1768.0 1786.0 1034.0 
432.0 571.0 1521.0 1928.0 1315.0 472.0 373.0 
1218.0 1933.0 1617.0 576.0 141.0 1027.0 1941.0 
1617.0 731.0 344.0 836.0 1536.0 1618.0 1177.0 
562.0 594.0 1313.0 1637.0 1186.0 699.0 887.0 
1293.0 1460.0 1226.0 769.0 803.0 1278.0 1576.0 
1269.0 796.0 739.0 1108.0 1587.0 1416.0 1033.0 
889.0 837.0 1357.0 1670.0 1359.0 1069.0 867.0 
1216.0 1657.0 1482.0 1271.0 1070.0 1108.0 1448.0 
1478.0 1369.0 1032.0 956.0 1521.0 1557.0 1164.0 
874.0 904.0 1442.0 1579.0 1364.0 960.0 596.0 
1155.0 1708.0 1647.0 1122.0 576.0 1063.0 1614.0 
1490.0 1330.0 948.0 785.0 1285.0 1529.0 1270.0 
1031.0 961.0 1094.0 1250.0 1205.0 1108.0 1098.0 
1045.0 1125.0 1282.0 1199.0 1082.0 1031.0 1166.0 
1359.0 1276.0 1088.0 1053.0 1164.0 1315.0 1424.0 
1150.0 961.0 1261.0 1424.0 1319.0 1127.0 1190.0 
1243.0 1051.0 1198.0 1431.0 1240.0 944.0 1070.0 
1293.0 1319.0 1202.0 1032.0 1097.0 1171.0 1219.0 
1241.0 1121.0 1062.0 1265.0 1312.0 918.0 892.0 
1214.0 1541.0 1454.0 908.0 964.0 1055.0 1229.0 
1697.0 1420.0 1042.0 841.0 1044.0 1716.0 1708.0 
1163.0 814.0 1089.0 1595.0 1596.0 1229.0 886.0 
1119.0 1654.0 1519.0 962.0 752.0 1128.0 1663.0 
1646.0 1018.0 451.0 821.0 1591.0 1684.0 1190.0 
524.0 584.0 1346.0 1546.0 1174.0 757.0 667.0 
1071.0 1364.0 1176.0 771.0 792.0 1150.0 1252.0 
1090.0 797.0 978.0 1326.0 1178.0 1095.0 938.0 
905.0 1268.0 1342.0 1339.0 1058.0 715.0 1251.0 
1511.0 1339.0 1265.0 859.0 1051.0 1339.0 1285.0 
1427.0 985.0 836.0 1284.0 1418.0 1416.0 1077.0 
813.0 1084.0 1509.0 1631.0 1056.0 633.0 1066.0 
1661.0 1762.0 1131.0 495.0 930.0 1782.0 1858.0 
1327.0 658.0 561.0 1536.0 2141.0 1498.0 659.0 
497.0 1221.0 1961.0 1709.0 867.0 568.0 1128.0 
1650.0 1502.0 974.0 741.0 1080.0 1549.0 1515.0 
1000.0 779.0 968.0 1367.0 1606.0 1187.0 874.0 
867.0 1092.0 1698.0 1451.0 783.0 911.0 1087.0 
1268.0 1498.0 1221.0 978.0 1062.0 1126.0 1227.0 
1355.0 1356.0 1116.0 827.0 1060.0 1452.0 1343.0 
1018.0 905.0 1175.0 1361.0 1163.0 812.0 726.0 
1283.0 1453.0 940.0 650.0 776.0 1250.0 1261.0 
957.0 893.0 802.0 1083.0 1242.0 1123.0 1103.0 
824.0 861.0 1270.0 1435.0 1111.0 646.0 939.0 
1511.0 1529.0 988.0 559.0 1009.0 1584.0 1576.0 
1085.0 579.0 945.0 1595.0 1491.0 1068.0 828.0 
1017.0 1482.0 1432.0 1024.0 933.0 1047.0 1264.0 
1561.0 1161.0 567.0 976.0 1550.0 1627.0 936.0 
300.0 1021.0 1525.0 1373.0 993.0 459.0 902.0 
1205.0 970.0 1066.0 863.0 793.0 967.0 932.0 
1060.0 1008.0 842.0 926.0 1004.0 1116.0 1047.0 
905.0 1005.0 1183.0 1224.0 955.0 892.0 997.0 
1008.0 1301.0 1285.0 937.0 890.0 964.0 1119.0 
1346.0 1382.0 1170.0 853.0 835.0 1351.0 1612.0 
1380.0 1013.0 733.0 1153.0 1606.0 1440.0 1100.0 
775.0 983.0 1546.0 1566.0 1133.0 676.0 775.0 
1579.0 1768.0 985.0 519.0 776.0 1296.0 1713.0 
1387.0 540.0 424.0 1017.0 1631.0 1686.0 762.0 
147.0 603.0 1388.0 1833.0 1114.0 127.0 341.0 
1270.0 1810.0 1221.0 270.0 229.0 1053.0 1868.0 
1426.0 274.0 117.0 1028.0 1935.0 1451.0 297.0 
267.0 1008.0 1677.0 1552.0 594.0 260.0 1019.0 
1552.0 1337.0 849.0 616.0 1011.0 1328.0 1286.0 
1047.0 765.0 1030.0 1308.0 1198.0 1013.0 1026.0 
1260.0 1069.0 875.0 1114.0 1167.0 1210.0 1182.0 
754.0 745.0 1363.0 1484.0 987.0 804.0 868.0 
1053.0 1430.0 1402.0 960.0 677.0 1056.0 1576.0 
1394.0 929.0 777.0 1123.0 1569.0 1532.0 817.0 
492.0 1410.0 1741.0 1151.0 885.0 814.0 1120.0 
1456.0 1398.0 1064.0 672.0 1099.0 1414.0 915.0 
1056.0 1256.0 892.0 849.0 953.0 1100.0 1086.0 
931.0 987.0 871.0 849.0 1002.0 1024.0 1025.0 
834.0 745.0 921.0 1107.0 1099.0 730.0 750.0 
1115.0 1109.0 1008.0 820.0 716.0 1085.0 1273.0 
1005.0 800.0 674.0 883.0 1238.0 1051.0 875.0 
790.0 729.0 1111.0 1183.0 810.0 694.0 917.0 
1214.0 1157.0 772.0 613.0 930.0 1175.0 1060.0 
816.0 630.0 845.0 1064.0 956.0 854.0 802.0 
906.0 942.0 887.0 1057.0 963.0 851.0 971.0 
902.0 1006.0 1058.0 954.0 1024.0 992.0 959.0 
994.0 1009.0 1029.0 935.0 907.0 1056.0 1124.0 
1040.0 804.0 751.0 1064.0 1269.0 1227.0 835.0 
676.0 1062.0 1143.0 1226.0 1183.0 810.0 857.0 
1001.0 1142.0 1200.0 874.0 672.0 936.0 1280.0 
1051.0 576.0 669.0 1178.0 1226.0 795.0 580.0 
651.0 1058.0 1221.0 870.0 733.0 626.0 777.0 
1198.0 1007.0 794.0 946.0 769.0 748.0 1070.0 
1033.0 935.0 826.0 714.0 919.0 1055.0 953.0 
764.0 841.0 930.0 719.0 861.0 990.0 856.0 
852.0 751.0 860.0 955.0 869.0 1001.0 827.0 
842.0 1174.0 889.0 717.0 932.0 1173.0 1284.0 
822.0 569.0 887.0 1204.0 1306.0 983.0 570.0 
648.0 1181.0 1352.0 1071.0 911.0 722.0 857.0 
1161.0 998.0 972.0 1090.0 933.0 838.0 793.0 
843.0 1093.0 1027.0 837.0 887.0 772.0 746.0 
959.0 1005.0 1004.0 934.0 709.0 692.0 966.0 
1028.0 900.0 882.0 792.0 837.0 906.0 818.0 
939.0 1037.0 989.0 779.0 606.0 1044.0 1319.0 
997.0 822.0 673.0 787.0 1267.0 1308.0 1068.0 
708.0 646.0 1162.0 1283.0 1031.0 855.0 904.0 
1083.0 1068.0 1082.0 868.0 744.0 1158.0 1264.0 
885.0 602.0 790.0 1121.0 1120.0 918.0 724.0 
787.0 917.0 985.0 1038.0 931.0 851.0 801.0 
920.0 1073.0 961.0 928.0 943.0 906.0 992.0 
1083.0 953.0 770.0 900.0 1097.0 952.0 767.0 
847.0 1033.0 1086.0 925.0 797.0 666.0 743.0 
1180.0 1171.0 844.0 750.0 639.0 790.0 1172.0 
975.0 634.0 749.0 901.0 880.0 903.0 938.0 
718.0 859.0 1108.0 885.0 875.0 835.0 983.0 
1369.0 1057.0 857.0 847.0 728.0 1312.0 1376.0 
825.0 846.0 895.0 1074.0 1117.0 985.0 1034.0 
803.0 896.0 1098.0 929.0 1051.0 1168.0 948.0 
737.0 801.0 1122.0 1244.0 1054.0 887.0 827.0 
972.0 1135.0 1001.0 897.0 1004.0 1156.0 1012.0 
785.0 997.0 1005.0 1011.0 1168.0 781.0 778.0 
1077.0 1060.0 1000.0 866.0 990.0 946.0 863.0 
1109.0 1004.0 879.0 935.0 917.0 857.0 912.0 
1089.0 938.0 791.0 810.0 720.0 886.0 1020.0 
854.0 728.0 722.0 810.0 848.0 885.0 891.0 
751.0 769.0 806.0 796.0 921.0 826.0 770.0 
851.0 811.0 940.0 865.0 708.0 992.0 1039.0 
796.0 798.0 803.0 854.0 1042.0 983.0 857.0 
785.0 799.0 1044.0 1026.0 838.0 943.0 1089.0 
933.0 772.0 1042.0 1153.0 932.0 968.0 1003.0 
945.0 1031.0 1053.0 1015.0 863.0 817.0 1089.0 
1061.0 926.0 998.0 963.0 979.0 908.0 957.0 
1158.0 941.0 897.0 995.0 961.0 1151.0 1041.0 
897.0 1050.0 1029.0 1010.0 1032.0 1010.0 950.0 
923.0 1129.0 1074.0 792.0 911.0 920.0 875.0 
1130.0 895.0 684.0 814.0 861.0 1133.0 882.0 
687.0 982.0 750.0 860.0 1014.0 823.0 959.0 
873.0 821.0 832.0 791.0 981.0 878.0 746.0 
823.0 779.0 829.0 932.0 799.0 684.0 846.0 
924.0 856.0 878.0 863.0 903.0 920.0 841.0 
938.0 1025.0 970.0 925.0 911.0 969.0 1038.0 
972.0 975.0 1107.0 1022.0 846.0 849.0 983.0 
1059.0 1014.0 974.0 886.0 791.0 899.0 1096.0 
1037.0 951.0 939.0 839.0 991.0 1129.0 1068.0 
1026.0 885.0 933.0 1075.0 988.0 1013.0 1155.0 
1039.0 883.0 1023.0 1131.0 1039.0 894.0 927.0 
1239.0 1200.0 928.0 877.0 835.0 1082.0 1262.0 
1033.0 1063.0 1002.0 894.0 1217.0 1168.0 940.0 
985.0 946.0 1008.0 1218.0 1195.0 856.0 791.0 
1080.0 1215.0 1063.0 725.0 803.0 1104.0 1069.0 
1024.0 854.0 695.0 877.0 1013.0 1076.0 1017.0 
692.0 695.0 998.0 1020.0 929.0 797.0 770.0 
987.0 980.0 809.0 856.0 844.0 846.0 966.0 
833.0 931.0 994.0 727.0 902.0 1022.0 897.0 
815.0 777.0 1068.0 1032.0 769.0 860.0 788.0 
845.0 997.0 927.0 971.0 835.0 760.0 846.0 
901.0 1042.0 933.0 795.0 713.0 883.0 1115.0 
837.0 838.0 916.0 871.0 1003.0 900.0 894.0 
945.0 952.0 1002.0 926.0 944.0 1001.0 968.0 
932.0 1014.0 1111.0 1021.0 863.0 881.0 1103.0 
1097.0 897.0 965.0 976.0 848.0 959.0 997.0 
833.0 694.0 880.0 1231.0 936.0 610.0 862.0 
1002.0 959.0 922.0 846.0 825.0 925.0 933.0 
830.0 777.0 762.0 865.0 894.0 739.0 692.0 
849.0 923.0 663.0 609.0 885.0 834.0 691.0 
719.0 785.0 824.0 746.0 751.0 644.0 551.0 
914.0 1029.0 694.0 565.0 601.0 838.0 988.0 
807.0 782.0 601.0 551.0 911.0 912.0 828.0 
769.0 669.0 654.0 685.0 900.0 852.0 698.0 
723.0 783.0 881.0 784.0 766.0 916.0 934.0 
772.0 593.0 816.0 1065.0 889.0 686.0 691.0 
843.0 960.0 893.0 694.0 596.0 851.0 1097.0 
845.0 552.0 672.0 902.0 965.0 835.0 705.0 
743.0 813.0 872.0 886.0 830.0 729.0 761.0 
990.0 889.0 791.0 844.0 716.0 864.0 870.0 
812.0 853.0 658.0 847.0 958.0 808.0 832.0 
703.0 790.0 985.0 823.0 705.0 765.0 940.0 
978.0 728.0 702.0 768.0 857.0 957.0 636.0 
595.0 870.0 890.0 800.0 552.0 582.0 883.0 
825.0 661.0 689.0 674.0 647.0 856.0 795.0 
414.0 586.0 874.0 778.0 744.0 599.0 450.0 
690.0 900.0 777.0 546.0 548.0 690.0 757.0 
870.0 681.0 481.0 774.0 800.0 725.0 719.0 
478.0 761.0 1000.0 776.0 618.0 427.0 765.0 
1098.0 775.0 596.0 608.0 743.0 947.0 790.0 
620.0 749.0 852.0 873.0 745.0 598.0 782.0 
1047.0 942.0 562.0 644.0 976.0 965.0 932.0 
797.0 803.0 931.0 890.0 1068.0 990.0 780.0 
931.0 921.0 860.0 961.0 993.0 966.0 837.0 
779.0 843.0 832.0 984.0 1019.0 773.0 721.0 
827.0 959.0 921.0 736.0 786.0 1032.0 923.0 
557.0 753.0 1054.0 896.0 709.0 662.0 794.0 
851.0 709.0 657.0 706.0 816.0 708.0 494.0 
594.0 744.0 862.0 673.0 355.0 601.0 777.0 
718.0 619.0 464.0 702.0 697.0 558.0 702.0 
617.0 735.0 652.0 487.0 788.0 643.0 706.0 
859.0 538.0 706.0 709.0 688.0 913.0 679.0 
701.0 782.0 799.0 893.0 662.0 716.0 875.0 
894.0 997.0 651.0 500.0 947.0 1008.0 804.0 
745.0 781.0 790.0 741.0 868.0 874.0 726.0 
701.0 785.0 926.0 863.0 601.0 645.0 824.0 
768.0 804.0 639.0 512.0 728.0 711.0 752.0 
736.0 636.0 705.0 592.0 536.0 777.0 1041.0 
749.0 335.0 594.0 883.0 866.0 689.0 501.0 
603.0 762.0 836.0 686.0 355.0 515.0 862.0 
791.0 621.0 467.0 568.0 760.0 683.0 736.0 
529.0 405.0 762.0 785.0 719.0 591.0 536.0 
662.0 630.0 833.0 773.0 566.0 556.0 551.0 
954.0 878.0 362.0 448.0 768.0 866.0 661.0 
498.0 563.0 719.0 820.0 686.0 512.0 491.0 
640.0 838.0 773.0 539.0 506.0 650.0 692.0 
629.0 579.0 465.0 537.0 735.0 625.0 448.0 
364.0 487.0 711.0 602.0 397.0 269.0 410.0 
704.0 525.0 291.0 395.0 528.0 550.0 486.0 
457.0 421.0 538.0 722.0 566.0 392.0 288.0 
494.0 1025.0 699.0 158.0 339.0 512.0 839.0 
884.0 258.0 184.0 547.0 866.0 907.0 349.0 
141.0 549.0 947.0 751.0 169.0 255.0 690.0 
886.0 644.0 81.0 193.0 714.0 869.0 629.0 
255.0 248.0 530.0 738.0 645.0 422.0 382.0 
465.0 586.0 700.0 573.0 305.0 370.0 511.0 
640.0 676.0 284.0 214.0 632.0 788.0 566.0 
223.0 157.0 631.0 968.0 495.0 100.0 358.0 
631.0 729.0 537.0 249.0 325.0 493.0 644.0 
560.0 274.0 316.0 375.0 483.0 597.0 289.0 
229.0 440.0 463.0 544.0 344.0 142.0 451.0 
512.0 436.0 421.0 150.0 232.0 535.0 498.0 
261.0 136.0 360.0 539.0 431.0 304.0 251.0 
411.0 502.0 408.0 478.0 350.0 296.0 620.0 
589.0 328.0 253.0 466.0 753.0 604.0 307.0 
256.0 447.0 764.0 690.0 389.0 399.0 434.0 
624.0 818.0 582.0 465.0 590.0 677.0 726.0 
683.0 493.0 431.0 732.0 927.0 694.0 279.0 
258.0 825.0 977.0 462.0 161.0 351.0 782.0 
839.0 409.0 214.0 524.0 676.0 546.0 558.0 
376.0 477.0 752.0 434.0 456.0 536.0 413.0 
655.0 580.0 556.0 513.0 161.0 508.0 766.0 
521.0 372.0 297.0 523.0 414.0 312.0 596.0 
429.0 332.0 353.0 323.0 511.0 498.0 407.0 
348.0 245.0 454.0 622.0 362.0 255.0 380.0 
404.0 428.0 432.0 402.0 448.0 414.0 328.0 
508.0 535.0 235.0 353.0 659.0 559.0 362.0 
322.0 428.0 537.0 594.0 620.0 445.0 391.0 
505.0 562.0 657.0 616.0 600.0 420.0 289.0 
732.0 805.0 472.0 382.0 462.0 647.0 684.0 
621.0 472.0 416.0 707.0 748.0 560.0 487.0 
526.0 768.0 800.0 603.0 442.0 436.0 750.0 
918.0 718.0 513.0 454.0 605.0 827.0 691.0 
498.0 606.0 650.0 587.0 464.0 465.0 601.0 
549.0 461.0 314.0 274.0 477.0 540.0 467.0 
288.0 197.0 404.0 444.0 349.0 426.0 366.0 
277.0 331.0 379.0 459.0 491.0 403.0 316.0 
415.0 467.0 463.0 538.0 438.0 496.0 612.0 
509.0 462.0 495.0 678.0 683.0 525.0 521.0 
448.0 552.0 640.0 624.0 749.0 435.0 325.0 
627.0 664.0 801.0 499.0 312.0 808.0 688.0 
594.0 656.0 480.0 740.0 711.0 589.0 685.0 
587.0 668.0 661.0 636.0 685.0 551.0 660.0 
716.0 511.0 516.0 623.0 648.0 613.0 571.0 
428.0 408.0 689.0 713.0 431.0 334.0 515.0 
573.0 490.0 538.0 507.0 435.0 395.0 471.0 
598.0 423.0 391.0 656.0 636.0 372.0 304.0 
531.0 770.0 719.0 515.0 451.0 569.0 735.0 
715.0 623.0 511.0 502.0 826.0 776.0 364.0 
403.0 708.0 879.0 689.0 303.0 364.0 734.0 
884.0 727.0 356.0 320.0 734.0 792.0 605.0 
593.0 492.0 576.0 664.0 503.0 722.0 752.0 
400.0 515.0 669.0 739.0 701.0 371.0 420.0 
755.0 814.0 418.0 230.0 581.0 760.0 741.0 
464.0 338.0 678.0 731.0 726.0 678.0 518.0 
662.0 590.0 521.0 871.0 851.0 482.0 420.0 
630.0 906.0 827.0 421.0 382.0 679.0 925.0 
848.0 399.0 255.0 776.0 1079.0 671.0 307.0 
447.0 848.0 840.0 509.0 579.0 655.0 685.0 
601.0 370.0 706.0 830.0 665.0 553.0 371.0 
773.0 789.0 453.0 586.0 610.0 887.0 749.0 
290.0 696.0 754.0 558.0 674.0 516.0 643.0 
728.0 474.0 487.0 653.0 779.0 549.0 404.0 
623.0 608.0 729.0 678.0 346.0 595.0 885.0 
779.0 533.0 416.0 648.0 872.0 778.0 664.0 
651.0 563.0 733.0 961.0 789.0 623.0 737.0 
873.0 742.0 770.0 872.0 735.0 790.0 792.0 
741.0 804.0 707.0 702.0 878.0 835.0 620.0 
650.0 721.0 788.0 959.0 686.0 463.0 780.0 
911.0 857.0 687.0 536.0 847.0 956.0 678.0 
592.0 758.0 954.0 836.0 650.0 641.0 666.0 
877.0 922.0 681.0 730.0 768.0 657.0 737.0 
764.0 825.0 733.0 574.0 785.0 835.0 697.0 
653.0 715.0 729.0 630.0 782.0 746.0 483.0 
593.0 821.0 873.0 645.0 467.0 611.0 718.0 
805.0 795.0 609.0 588.0 757.0 838.0 644.0 
557.0 801.0 879.0 687.0 579.0 713.0 864.0 
801.0 592.0 521.0 809.0 997.0 744.0 581.0 
683.0 781.0 896.0 817.0 627.0 722.0 958.0 
972.0 621.0 616.0 961.0 921.0 980.0 978.0 
714.0 800.0 879.0 1013.0 1117.0 787.0 812.0 
913.0 762.0 948.0 953.0 923.0 952.0 602.0 
765.0 1069.0 950.0 881.0 658.0 708.0 944.0 
976.0 957.0 637.0 605.0 960.0 991.0 827.0 
672.0 655.0 864.0 935.0 848.0 798.0 615.0 
716.0 991.0 895.0 812.0 754.0 777.0 925.0 
987.0 928.0 732.0 785.0 924.0 1007.0 1041.0 
829.0 735.0 754.0 882.0 1056.0 943.0 814.0 
675.0 641.0 900.0 1050.0 1019.0 781.0 543.0 
676.0 957.0 1052.0 809.0 590.0 658.0 955.0 
1114.0 739.0 589.0 859.0 1082.0 1175.0 776.0 
482.0 753.0 1046.0 1205.0 910.0 455.0 561.0 
967.0 1147.0 849.0 624.0 748.0 689.0 726.0 
989.0 960.0 674.0 685.0 901.0 841.0 872.0 
896.0 838.0 1064.0 955.0 734.0 962.0 992.0 
925.0 1011.0 1005.0 972.0 861.0 852.0 980.0 
1021.0 958.0 951.0 970.0 817.0 835.0 1099.0 
1207.0 975.0 745.0 808.0 978.0 1206.0 1172.0 
754.0 636.0 1054.0 1339.0 1113.0 722.0 732.0 
1096.0 1157.0 958.0 840.0 820.0 961.0 1066.0 
953.0 890.0 871.0 698.0 798.0 1154.0 1127.0 
795.0 647.0 738.0 985.0 1246.0 1034.0 565.0 
654.0 1067.0 1167.0 1000.0 753.0 698.0 885.0 
963.0 959.0 887.0 745.0 795.0 919.0 948.0 
896.0 798.0 773.0 827.0 977.0 1050.0 798.0 
656.0 812.0 876.0 1036.0 1043.0 617.0 595.0 
869.0 979.0 1134.0 904.0 530.0 736.0 1014.0 
1032.0 949.0 717.0 675.0 968.0 1037.0 847.0 
828.0 773.0 877.0 1139.0 944.0 794.0 872.0 
849.0 954.0 1116.0 1079.0 813.0 655.0 839.0 
1119.0 1103.0 803.0 706.0 821.0 907.0 1017.0 
1053.0 892.0 709.0 846.0 1129.0 1021.0 824.0 
951.0 974.0 913.0 957.0 938.0 929.0 870.0 
955.0 993.0 725.0 773.0 1037.0 867.0 647.0 
989.0 1073.0 751.0 734.0 685.0 867.0 1113.0 
871.0 688.0 640.0 820.0 1085.0 924.0 727.0 
718.0 783.0 932.0 970.0 837.0 699.0 743.0 
891.0 956.0 964.0 732.0 625.0 1017.0 1147.0 
889.0 736.0 805.0 989.0 1136.0 1124.0 813.0 
725.0 1003.0 1207.0 1170.0 861.0 815.0 961.0 
949.0 1064.0 1195.0 1021.0 716.0 826.0 1111.0 
1084.0 973.0 929.0 913.0 910.0 922.0 1004.0 
1024.0 889.0 868.0 943.0 920.0 844.0 792.0 
931.0 990.0 830.0 829.0 772.0 746.0 938.0 
909.0 811.0 784.0 746.0 788.0 833.0 899.0 
994.0 963.0 687.0 671.0 1068.0 1165.0 973.0 
795.0 766.0 955.0 1045.0 1055.0 990.0 746.0 
818.0 1104.0 1031.0 901.0 951.0 907.0 882.0 
1023.0 1025.0 897.0 927.0 1065.0 1091.0 931.0 
808.0 953.0 1168.0 1205.0 1052.0 817.0 805.0 
1067.0 1238.0 1138.0 904.0 738.0 921.0 1191.0 
1038.0 882.0 895.0 863.0 901.0 925.0 1026.0 
1006.0 793.0 854.0 957.0 905.0 837.0 816.0 
917.0 988.0 900.0 625.0 533.0 855.0 1102.0 
913.0 498.0 488.0 752.0 779.0 875.0 809.0 
504.0 553.0 720.0 822.0 914.0 765.0 560.0 
595.0 724.0 842.0 926.0 782.0 713.0 757.0 
770.0 924.0 855.0 875.0 931.0 756.0 896.0 
912.0 893.0 923.0 853.0 1093.0 1053.0 826.0 
796.0 857.0 1233.0 1318.0 843.0 587.0 859.0 
1141.0 1171.0 1053.0 747.0 750.0 979.0 1028.0 
1032.0 878.0 789.0 894.0 971.0 830.0 747.0 
963.0 1050.0 900.0 708.0 789.0 942.0 965.0 
976.0 840.0 804.0 731.0 774.0 1041.0 951.0 
789.0 753.0 787.0 879.0 863.0 807.0 806.0 
946.0 844.0 657.0 897.0 1031.0 930.0 833.0 
733.0 757.0 837.0 860.0 827.0 827.0 736.0 
637.0 774.0 821.0 786.0 802.0 733.0 761.0 
797.0 790.0 843.0 847.0 857.0 808.0 788.0 
814.0 735.0 827.0 988.0 806.0 639.0 734.0 
747.0 808.0 888.0 730.0 572.0 694.0 904.0 
835.0 648.0 607.0 769.0 867.0 795.0 731.0 
610.0 729.0 929.0 846.0 765.0 728.0 871.0 
990.0 836.0 793.0 819.0 886.0 1017.0 1000.0 
871.0 763.0 849.0 976.0 1003.0 991.0 841.0 
884.0 997.0 852.0 976.0 1069.0 876.0 855.0 
860.0 966.0 1010.0 814.0 774.0 832.0 822.0 
845.0 885.0 707.0 610.0 855.0 934.0 674.0 
490.0 773.0 1015.0 812.0 673.0 700.0 796.0 
918.0 894.0 843.0 807.0 661.0 774.0 992.0 
812.0 792.0 869.0 678.0 720.0 825.0 781.0 
781.0 803.0 840.0 703.0 640.0 795.0 845.0 
941.0 830.0 609.0 776.0 837.0 761.0 814.0 
841.0 772.0 773.0 821.0 595.0 630.0 893.0 
871.0 896.0 701.0 388.0 695.0 1193.0 1064.0 
639.0 551.0 704.0 1078.0 1138.0 633.0 640.0 
921.0 889.0 962.0 768.0 516.0 897.0 1123.0 
876.0 626.0 507.0 815.0 1047.0 952.0 896.0 
690.0 685.0 924.0 981.0 948.0 817.0 755.0 
920.0 960.0 857.0 917.0 882.0 729.0 814.0 
848.0 890.0 1048.0 823.0 625.0 816.0 969.0 
924.0 794.0 754.0 762.0 857.0 926.0 767.0 
699.0 770.0 828.0 878.0 831.0 734.0 771.0 
823.0 759.0 896.0 977.0 695.0 626.0 832.0 
907.0 919.0 836.0 654.0 802.0 998.0 844.0 
825.0 872.0 718.0 842.0 1067.0 966.0 859.0 
775.0 707.0 917.0 1082.0 922.0 738.0 635.0 
701.0 1000.0 979.0 613.0 616.0 790.0 800.0 
815.0 653.0 579.0 698.0 710.0 751.0 715.0 
632.0 534.0 576.0 869.0 787.0 585.0 564.0 
469.0 755.0 968.0 630.0 511.0 595.0 731.0 
955.0 915.0 706.0 502.0 594.0 977.0 1058.0 
794.0 660.0 776.0 954.0 1037.0 913.0 888.0 
974.0 930.0 1051.0 1146.0 1033.0 972.0 917.0 
1055.0 1322.0 1108.0 796.0 957.0 1069.0 1101.0 
1151.0 860.0 687.0 980.0 1175.0 986.0 829.0 
758.0 822.0 1071.0 949.0 755.0 742.0 732.0 
926.0 981.0 809.0 697.0 667.0 755.0 898.0 
841.0 717.0 641.0 558.0 852.0 989.0 549.0 
540.0 838.0 766.0 714.0 800.0 791.0 721.0 
796.0 915.0 875.0 808.0 805.0 836.0 879.0 
1010.0 957.0 656.0 725.0 1001.0 984.0 804.0 
694.0 784.0 905.0 944.0 905.0 821.0 817.0 
867.0 934.0 859.0 833.0 928.0 938.0 965.0 
770.0 664.0 851.0 925.0 982.0 814.0 671.0 
787.0 834.0 1012.0 927.0 590.0 694.0 993.0 
1063.0 845.0 736.0 831.0 868.0 1032.0 1040.0 
705.0 564.0 880.0 1233.0 999.0 549.0 578.0 
902.0 1048.0 875.0 666.0 690.0 823.0 819.0 
787.0 812.0 751.0 706.0 769.0 789.0 806.0 
830.0 770.0 829.0 855.0 850.0 850.0 673.0 
871.0 1088.0 1022.0 1007.0 634.0 624.0 1131.0 
1159.0 978.0 761.0 671.0 985.0 1047.0 830.0 
828.0 886.0 855.0 832.0 896.0 879.0 794.0 
865.0 909.0 806.0 789.0 841.0 871.0 897.0 
797.0 725.0 735.0 745.0 852.0 908.0 763.0 
544.0 726.0 962.0 699.0 716.0 786.0 596.0 
832.0 799.0 616.0 831.0 777.0 815.0 851.0 
605.0 792.0 979.0 813.0 765.0 771.0 848.0 
1055.0 990.0 654.0 686.0 1034.0 1080.0 941.0 
796.0 715.0 937.0 1152.0 1020.0 787.0 750.0 
899.0 1086.0 1044.0 793.0 717.0 957.0 1158.0 
913.0 687.0 815.0 938.0 1070.0 1075.0 747.0 
677.0 960.0 1034.0 970.0 848.0 793.0 1028.0 
993.0 725.0 878.0 1050.0 951.0 844.0 717.0 
863.0 1022.0 833.0 822.0 801.0 820.0 1003.0 
799.0 726.0 1007.0 1070.0 840.0 727.0 923.0 
1079.0 1082.0 857.0 681.0 922.0 1101.0 928.0 
825.0 906.0 813.0 826.0 984.0 835.0 757.0 
862.0 838.0 928.0 1020.0 709.0 675.0 1058.0 
1063.0 950.0 811.0 614.0 925.0 1170.0 927.0 
720.0 602.0 819.0 1142.0 945.0 623.0 662.0 
935.0 1002.0 871.0 832.0 818.0 878.0 969.0 
934.0 896.0 919.0 996.0 963.0 818.0 885.0 
1024.0 982.0 993.0 940.0 788.0 1037.0 1180.0 
880.0 834.0 1055.0 1098.0 1005.0 1045.0 984.0 
807.0 966.0 1225.0 1059.0 753.0 815.0 1018.0 
1142.0 1083.0 825.0 661.0 913.0 1258.0 992.0 
738.0 850.0 940.0 1105.0 1049.0 737.0 651.0 
961.0 1082.0 781.0 713.0 866.0 808.0 715.0 
819.0 802.0 720.0 783.0 754.0 782.0 771.0 
692.0 774.0 783.0 866.0 843.0 583.0 673.0 
917.0 936.0 836.0 739.0 813.0 824.0 798.0 
1014.0 940.0 735.0 831.0 882.0 920.0 904.0 
843.0 908.0 974.0 972.0 826.0 762.0 986.0 
1218.0 1051.0 790.0 886.0 954.0 1037.0 1179.0 
1145.0 917.0 677.0 959.0 1260.0 1150.0 1002.0 
826.0 818.0 1041.0 1272.0 1145.0 830.0 831.0 
922.0 1089.0 1047.0 796.0 861.0 927.0 969.0 
924.0 687.0 642.0 865.0 1093.0 896.0 660.0 
673.0 684.0 910.0 972.0 801.0 678.0 538.0 
834.0 1068.0 825.0 718.0 730.0 781.0 767.0 
799.0 958.0 823.0 658.0 704.0 801.0 848.0 
800.0 783.0 741.0 727.0 857.0 849.0 699.0 
806.0 910.0 791.0 739.0 811.0 993.0 1026.0 
811.0 701.0 967.0 1172.0 942.0 774.0 888.0 
1118.0 1123.0 852.0 761.0 905.0 1145.0 1168.0 
834.0 653.0 864.0 1165.0 1110.0 800.0 694.0 
801.0 983.0 1079.0 1034.0 823.0 628.0 854.0 
1052.0 830.0 801.0 965.0 789.0 735.0 944.0 
889.0 809.0 815.0 812.0 862.0 824.0 791.0 
777.0 828.0 979.0 848.0 658.0 776.0 869.0 
884.0 928.0 882.0 755.0 751.0 936.0 997.0 
866.0 866.0 909.0 768.0 768.0 1023.0 1027.0 
784.0 788.0 862.0 900.0 962.0 722.0 740.0 
1125.0 967.0 680.0 730.0 790.0 959.0 1074.0 
895.0 686.0 785.0 974.0 921.0 840.0 848.0 
910.0 920.0 805.0 781.0 951.0 920.0 816.0 
951.0 846.0 751.0 843.0 873.0 989.0 952.0 
809.0 760.0 836.0 939.0 916.0 913.0 819.0 
808.0 885.0 715.0 805.0 1094.0 1012.0 763.0 
674.0 904.0 1050.0 937.0 869.0 802.0 860.0 
939.0 909.0 772.0 708.0 1045.0 994.0 619.0 
697.0 822.0 945.0 914.0 741.0 787.0 685.0 
733.0 1075.0 926.0 587.0 670.0 894.0 995.0 
781.0 602.0 810.0 931.0 877.0 721.0 670.0 
862.0 950.0 874.0 659.0 653.0 924.0 1024.0 
829.0 569.0 720.0 962.0 903.0 892.0 875.0 
686.0 694.0 953.0 1051.0 964.0 686.0 687.0 
1014.0 966.0 908.0 781.0 733.0 1064.0 925.0 
793.0 875.0 757.0 980.0 1022.0 746.0 780.0 
933.0 976.0 811.0 822.0 917.0 654.0 710.0 
1016.0 932.0 689.0 600.0 742.0 860.0 911.0 
838.0 547.0 633.0 988.0 919.0 664.0 629.0 
785.0 1001.0 936.0 638.0 616.0 882.0 1154.0 
971.0 546.0 733.0 1002.0 1006.0 1026.0 809.0 
714.0 828.0 962.0 1083.0 860.0 695.0 888.0 
917.0 834.0 934.0 846.0 668.0 775.0 891.0 
910.0 786.0 641.0 833.0 1019.0 915.0 762.0 
688.0 779.0 923.0 919.0 868.0 685.0 550.0 
822.0 1027.0 766.0 621.0 728.0 665.0 732.0 
882.0 874.0 704.0 566.0 781.0 919.0 959.0 
952.0 745.0 636.0 744.0 1034.0 1046.0 755.0 
749.0 895.0 865.0 771.0 820.0 885.0 816.0 
844.0 984.0 869.0 604.0 750.0 1099.0 1080.0 
802.0 712.0 807.0 881.0 1081.0 1102.0 785.0 
745.0 924.0 939.0 923.0 991.0 1082.0 934.0 
647.0 791.0 1208.0 1241.0 850.0 607.0 851.0 
1084.0 1000.0 841.0 722.0 766.0 892.0 908.0 
765.0 692.0 781.0 783.0 743.0 801.0 890.0 
718.0 541.0 827.0 1012.0 735.0 507.0 630.0 
887.0 961.0 756.0 565.0 649.0 951.0 1050.0 
687.0 627.0 924.0 978.0 932.0 751.0 766.0 
1015.0 912.0 819.0 868.0 778.0 841.0 986.0 
959.0 787.0 658.0 860.0 991.0 935.0 924.0 
765.0 834.0 1046.0 947.0 860.0 862.0 954.0 
989.0 788.0 815.0 1002.0 959.0 831.0 715.0 
681.0 861.0 999.0 867.0 727.0 681.0 692.0 
816.0 849.0 755.0 715.0 786.0 741.0 588.0 
727.0 884.0 773.0 653.0 675.0 644.0 598.0 
858.0 883.0 615.0 606.0 623.0 655.0 809.0 
928.0 809.0 568.0 610.0 834.0 929.0 846.0 
703.0 687.0 798.0 825.0 785.0 717.0 658.0 
778.0 826.0 638.0 542.0 679.0 893.0 901.0 
632.0 552.0 738.0 822.0 916.0 862.0 657.0 
767.0 898.0 834.0 808.0 867.0 949.0 869.0 
741.0 824.0 965.0 1016.0 923.0 781.0 796.0 
843.0 914.0 1013.0 883.0 632.0 718.0 930.0 
888.0 922.0 839.0 663.0 793.0 875.0 877.0 
810.0 701.0 855.0 912.0 787.0 724.0 606.0 
716.0 971.0 807.0 573.0 619.0 658.0 702.0 
797.0 767.0 691.0 577.0 466.0 631.0 783.0 
750.0 664.0 477.0 447.0 658.0 789.0 672.0 
583.0 594.0 623.0 640.0 723.0 810.0 601.0 
625.0 798.0 738.0 825.0 815.0 712.0 799.0 
810.0 800.0 887.0 826.0 776.0 875.0 882.0 
844.0 862.0 804.0 766.0 893.0 944.0 784.0 
611.0 650.0 908.0 1067.0 809.0 451.0 579.0 
873.0 935.0 864.0 629.0 503.0 710.0 955.0 
807.0 517.0 655.0 798.0 761.0 705.0 643.0 
769.0 624.0 572.0 961.0 762.0 455.0 677.0 
719.0 583.0 662.0 741.0 614.0 568.0 656.0 
708.0 627.0 577.0 737.0 699.0 575.0 650.0 
712.0 741.0 704.0 697.0 746.0 648.0 671.0 
892.0 814.0 674.0 753.0 807.0 822.0 703.0 
738.0 972.0 930.0 736.0 743.0 888.0 918.0 
929.0 928.0 853.0 791.0 797.0 965.0 976.0 
818.0 788.0 711.0 801.0 949.0 782.0 657.0 
748.0 848.0 688.0 626.0 755.0 722.0 852.0 
793.0 474.0 540.0 732.0 831.0 851.0 529.0 
350.0 665.0 744.0 686.0 646.0 432.0 461.0 
573.0 662.0 591.0 459.0 539.0 545.0 646.0 
614.0 545.0 616.0 523.0 659.0 771.0 624.0 
469.0 498.0 773.0 815.0 676.0 532.0 486.0 
748.0 944.0 787.0 587.0 584.0 722.0 1013.0 
902.0 583.0 744.0 756.0 739.0 896.0 801.0 
696.0 766.0 759.0 641.0 773.0 875.0 741.0 
655.0 671.0 776.0 779.0 662.0 674.0 749.0 
763.0 841.0 670.0 453.0 718.0 928.0 895.0 
753.0 541.0 577.0 778.0 967.0 921.0 556.0 
524.0 777.0 835.0 972.0 840.0 436.0 628.0 
895.0 784.0 787.0 728.0 670.0 768.0 714.0 
677.0 713.0 678.0 753.0 746.0 577.0 648.0 
723.0 633.0 689.0 685.0 552.0 603.0 654.0 
644.0 699.0 546.0 625.0 809.0 607.0 633.0 
647.0 743.0 891.0 584.0 642.0 814.0 751.0 
766.0 694.0 725.0 722.0 657.0 779.0 872.0 
733.0 586.0 615.0 615.0 777.0 927.0 619.0 
420.0 501.0 722.0 995.0 738.0 417.0 517.0 
549.0 740.0 1057.0 730.0 273.0 552.0 921.0 
900.0 756.0 478.0 568.0 993.0 930.0 676.0 
575.0 576.0 845.0 1098.0 900.0 403.0 361.0 
807.0 1043.0 1051.0 672.0 272.0 554.0 891.0 
1033.0 857.0 470.0 539.0 767.0 878.0 787.0 
679.0 685.0 594.0 734.0 832.0 700.0 707.0 
700.0 636.0 698.0 733.0 569.0 500.0 607.0 
781.0 753.0 498.0 477.0 568.0 752.0 831.0 
699.0 563.0 381.0 671.0 988.0 850.0 569.0 
332.0 641.0 939.0 870.0 645.0 360.0 698.0 
940.0 688.0 659.0 443.0 548.0 1026.0 832.0 
487.0 373.0 542.0 867.0 868.0 664.0 439.0 
529.0 823.0 820.0 623.0 610.0 687.0 693.0 
762.0 741.0 656.0 635.0 704.0 793.0 726.0 
579.0 596.0 795.0 698.0 633.0 717.0 612.0 
744.0 844.0 799.0 703.0 573.0 740.0 959.0 
939.0 733.0 569.0 575.0 859.0 1021.0 643.0 
458.0 710.0 806.0 725.0 512.0 478.0 916.0 
914.0 474.0 354.0 580.0 895.0 735.0 508.0 
585.0 582.0 534.0 508.0 640.0 731.0 570.0 
464.0 482.0 533.0 663.0 605.0 408.0 594.0 
755.0 507.0 328.0 518.0 840.0 749.0 506.0 
426.0 299.0 707.0 968.0 511.0 368.0 404.0 
600.0 713.0 503.0 541.0 615.0 603.0 520.0 
465.0 564.0 684.0 719.0 671.0 538.0 441.0 
666.0 694.0 660.0 794.0 508.0 525.0 636.0 
588.0 963.0 695.0 484.0 797.0 653.0 808.0 
771.0 743.0 1019.0 595.0 668.0 827.0 649.0 
845.0 680.0 774.0 682.0 379.0 844.0 849.0 
605.0 521.0 522.0 745.0 694.0 724.0 600.0 
475.0 578.0 579.0 713.0 442.0 415.0 807.0 
435.0 267.0 465.0 459.0 744.0 494.0 233.0 
495.0 225.0 491.0 775.0 469.0 554.0 353.0 
178.0 528.0 1047.0 661.0 114.0 505.0 457.0 
787.0 874.0 248.0 583.0 630.0 550.0 815.0 
552.0 433.0 733.0 798.0 633.0 691.0 462.0 
544.0 950.0 763.0 819.0 469.0 344.0 871.0 
742.0 967.0 696.0 135.0 746.0 934.0 736.0 
724.0 532.0 549.0 753.0 956.0 703.0 447.0 
751.0 788.0 839.0 810.0 445.0 616.0 923.0 
899.0 647.0 526.0 738.0 797.0 823.0 801.0 
589.0 712.0 880.0 636.0 831.0 1040.0 585.0 
709.0 910.0 675.0 891.0 902.0 719.0 728.0 
749.0 847.0 772.0 820.0 770.0 671.0 860.0 
795.0 791.0 741.0 693.0 966.0 897.0 729.0 
675.0 875.0 1038.0 833.0 1038.0 961.0 644.0 
843.0 1148.0 1178.0 872.0 896.0 830.0 803.0 
1199.0 1151.0 821.0 722.0 1012.0 1030.0 912.0 
1054.0 840.0 782.0 957.0 1086.0 1100.0 738.0 
737.0 918.0 1021.0 1235.0 762.0 602.0 968.0 
932.0 1193.0 991.0 588.0 733.0 935.0 1291.0 
897.0 614.0 830.0 784.0 1326.0 1158.0 479.0 
835.0 984.0 990.0 1275.0 999.0 648.0 900.0 
1236.0 1089.0 990.0 1095.0 825.0 928.0 1291.0 
1006.0 948.0 1015.0 1029.0 1165.0 743.0 1047.0 
1369.0 806.0 948.0 1005.0 1226.0 1308.0 691.0 
937.0 1241.0 1122.0 1028.0 1072.0 852.0 880.0 
1523.0 944.0 719.0 1164.0 715.0 1060.0 1476.0 
965.0 759.0 802.0 955.0 1435.0 1253.0 702.0 
919.0 1070.0 1142.0 1264.0 970.0 795.0 1171.0 
1355.0 926.0 1050.0 1079.0 994.0 1249.0 1152.0 
1206.0 944.0 910.0 1215.0 1311.0 1199.0 863.0 
1048.0 986.0 1267.0 1403.0 986.0 1194.0 873.0 
968.0 1402.0 1299.0 1243.0 943.0 827.0 1051.0 
1548.0 1338.0 851.0 917.0 1116.0 1469.0 1106.0 
996.0 1107.0 1135.0 1456.0 1170.0 1001.0 857.0 
1388.0 1654.0 973.0 1120.0 1023.0 1253.0 1458.0 
1212.0 1243.0 952.0 1269.0 1230.0 1227.0 1483.0 
932.0 1125.0 1231.0 1078.0 1406.0 1209.0 1111.0 
1192.0 1014.0 1252.0 1428.0 1109.0 1149.0 1216.0 
1026.0 1401.0 1408.0 926.0 1148.0 1292.0 1337.0 
1355.0 940.0 1009.0 1396.0 1423.0 1128.0 1007.0 
1089.0 1192.0 1444.0 1318.0 1014.0 980.0 1243.0 
1383.0 1257.0 1334.0 1124.0 1039.0 1307.0 1305.0 
1363.0 1269.0 1074.0 1253.0 1370.0 1179.0 1192.0 
1352.0 1328.0 1446.0 1297.0 1037.0 1248.0 1259.0 
1375.0 1623.0 1355.0 1034.0 1018.0 1322.0 1526.0 
1522.0 1324.0 974.0 1139.0 1414.0 1387.0 1241.0 
1155.0 1391.0 1329.0 1132.0 1205.0 1145.0 1273.0 
1461.0 1424.0 1076.0 805.0 1168.0 1517.0 1605.0 
1272.0 990.0 1117.0 1145.0 1479.0 1611.0 1382.0 
1134.0 926.0 1368.0 1610.0 1247.0 1297.0 1467.0 
1159.0 1148.0 1408.0 1258.0 1312.0 1535.0 1317.0 
1111.0 1181.0 1271.0 1458.0 1475.0 1282.0 1280.0 
1141.0 1198.0 1544.0 1594.0 1468.0 1201.0 1182.0 
1298.0 1525.0 1803.0 1470.0 1199.0 1202.0 1442.0 
1752.0 1600.0 1467.0 1484.0 1430.0 1317.0 1474.0 
1806.0 1786.0 1517.0 1143.0 1106.0 1641.0 1916.0 
1499.0 1201.0 1444.0 1399.0 1219.0 1430.0 1514.0 
1505.0 1419.0 1136.0 1151.0 1330.0 1375.0 1498.0 
1388.0 1204.0 1198.0 1050.0 1206.0 1495.0 1552.0 
1457.0 1014.0 877.0 1297.0 1680.0 1738.0 1258.0 
919.0 1237.0 1485.0 1560.0 1467.0 1249.0 1377.0 
1387.0 1296.0 1455.0 1376.0 1293.0 1551.0 1596.0 
1252.0 1160.0 1462.0 1582.0 1624.0 1514.0 1243.0 
1282.0 1382.0 1643.0 1653.0 1346.0 1348.0 1255.0 
1369.0 1643.0 1584.0 1386.0 1350.0 1455.0 1365.0 
1496.0 1639.0 1526.0 1645.0 1599.0 1257.0 1332.0 
1836.0 1950.0 1627.0 1401.0 1400.0 1623.0 1762.0 
1621.0 1555.0 1697.0 1557.0 1348.0 1530.0 1567.0 
1596.0 1651.0 1380.0 1415.0 1527.0 1412.0 1516.0 
1619.0 1705.0 1557.0 1195.0 1272.0 1646.0 1880.0 
1709.0 1384.0 1151.0 1387.0 1835.0 1656.0 1503.0 
1417.0 1371.0 1593.0 1517.0 1491.0 1606.0 1674.0 
1546.0 1302.0 1477.0 1617.0 1556.0 1674.0 1704.0 
1387.0 1291.0 1494.0 1494.0 1674.0 1722.0 1372.0 
1245.0 1409.0 1575.0 1431.0 1363.0 1543.0 1544.0 
1271.0 1173.0 1500.0 1483.0 1415.0 1566.0 1224.0 
1118.0 1536.0 1619.0 1405.0 1374.0 1457.0 1344.0 
1414.0 1564.0 1494.0 1588.0 1447.0 1327.0 1458.0 
1515.0 1645.0 1564.0 1430.0 1449.0 1651.0 1638.0 
1457.0 1599.0 1548.0 1751.0 1914.0 1391.0 1358.0 
1706.0 1887.0 1936.0 1522.0 1291.0 1571.0 1877.0 
1934.0 1615.0 1441.0 1596.0 1738.0 1784.0 1729.0 
1708.0 1701.0 1638.0 1747.0 1902.0 1785.0 1613.0 
1563.0 1744.0 2014.0 1743.0 1390.0 1584.0 1742.0 
1856.0 1845.0 1376.0 1333.0 1632.0 1612.0 1709.0 
1684.0 1378.0 1392.0 1527.0 1567.0 1597.0 1455.0 
1353.0 1497.0 1624.0 1554.0 1332.0 1226.0 1504.0 
1712.0 1587.0 1332.0 1076.0 1357.0 1779.0 1723.0 
1481.0 1215.0 1298.0 1626.0 1744.0 1588.0 1441.0 
1517.0 1524.0 1590.0 1626.0 1637.0 1705.0 1604.0 
1644.0 1601.0 1520.0 1673.0 1747.0 1730.0 1596.0 
1544.0 1552.0 1553.0 1741.0 1674.0 1502.0 1611.0 
1586.0 1453.0 1538.0 1638.0 1618.0 1663.0 1598.0 
1495.0 1603.0 1610.0 1606.0 1790.0 1728.0 1520.0 
1513.0 1530.0 1719.0 1884.0 1710.0 1515.0 1510.0 
1772.0 1867.0 1673.0 1641.0 1690.0 1841.0 1904.0 
1627.0 1593.0 1769.0 1815.0 1866.0 1813.0 1604.0 
1392.0 1654.0 2007.0 1883.0 1622.0 1210.0 1352.0 
1929.0 1898.0 1618.0 1225.0 1219.0 1750.0 1777.0 
1576.0 1494.0 1419.0 1558.0 1588.0 1601.0 1597.0 
1418.0 1546.0 1718.0 1639.0 1393.0 1207.0 1532.0 
1788.0 1530.0 1312.0 1286.0 1413.0 1608.0 1619.0 
1431.0 1242.0 1422.0 1662.0 1584.0 1481.0 1515.0 
1647.0 1585.0 1438.0 1475.0 1579.0 1746.0 1688.0 
1444.0 1377.0 1423.0 1714.0 1835.0 1490.0 1379.0 
1514.0 1626.0 1626.0 1495.0 1598.0 1656.0 1482.0 
1538.0 1619.0 1577.0 1697.0 1688.0 1505.0 1653.0 
1757.0 1564.0 1654.0 1830.0 1751.0 1651.0 1645.0 
1716.0 1763.0 1778.0 1867.0 1729.0 1528.0 1732.0 
1899.0 1779.0 1678.0 1801.0 1840.0 1637.0 1606.0 
1678.0 1774.0 1890.0 1712.0 1492.0 1485.0 1536.0 
1712.0 1824.0 1617.0 1307.0 1327.0 1514.0 1548.0 
1645.0 1449.0 1147.0 1273.0 1454.0 1545.0 1339.0 
1158.0 1462.0 1557.0 1370.0 1283.0 1301.0 1458.0 
1565.0 1632.0 1335.0 1060.0 1524.0 1671.0 1557.0 
1510.0 1125.0 1384.0 1607.0 1416.0 1656.0 1383.0 
1182.0 1542.0 1602.0 1664.0 1552.0 1303.0 1422.0 
1589.0 1604.0 1729.0 1635.0 1321.0 1489.0 1555.0 
1562.0 1793.0 1572.0 1398.0 1464.0 1532.0 1640.0 
1622.0 1526.0 1494.0 1723.0 1633.0 1287.0 1458.0 
1664.0 1807.0 1838.0 1506.0 1290.0 1338.0 1750.0 
2073.0 1714.0 1284.0 1293.0 1532.0 1680.0 1681.0 
1618.0 1483.0 1290.0 1313.0 1649.0 1624.0 1354.0 
1484.0 1526.0 1424.0 1405.0 1278.0 1422.0 1710.0 
1560.0 1299.0 1263.0 1278.0 1522.0 1742.0 1473.0 
1175.0 1304.0 1589.0 1450.0 1337.0 1470.0 1321.0 
1338.0 1485.0 1353.0 1205.0 1318.0 1463.0 1381.0 
1242.0 1133.0 1342.0 1466.0 1281.0 1277.0 1194.0 
1326.0 1533.0 1226.0 1155.0 1415.0 1489.0 1479.0 
1311.0 1137.0 1398.0 1745.0 1447.0 1091.0 1358.0 
1474.0 1354.0 1362.0 1447.0 1497.0 1309.0 1280.0 
1411.0 1377.0 1408.0 1565.0 1497.0 1214.0 1250.0 
1407.0 1429.0 1530.0 1533.0 1446.0 1203.0 1101.0 
1594.0 1813.0 1399.0 1090.0 1289.0 1544.0 1469.0 
1447.0 1381.0 1404.0 1476.0 1302.0 1353.0 1493.0 
1543.0 1540.0 1369.0 1216.0 1357.0 1660.0 1578.0 
1286.0 1367.0 1455.0 1289.0 1343.0 1529.0 1527.0 
1305.0 1174.0 1436.0 1490.0 1250.0 1404.0 1561.0 
1286.0 1187.0 1362.0 1446.0 1451.0 1328.0 1254.0 
1286.0 1221.0 1315.0 1403.0 1195.0 1214.0 1298.0 
1133.0 1220.0 1184.0 1041.0 1293.0 1214.0 1074.0 
1122.0 1012.0 1176.0 1253.0 1235.0 1050.0 960.0 
1308.0 1100.0 1138.0 1341.0 958.0 1127.0 1270.0 
1201.0 1373.0 1011.0 1049.0 1482.0 1281.0 1255.0 
1259.0 1208.0 1283.0 1397.0 1574.0 1266.0 1264.0 
1403.0 1218.0 1529.0 1584.0 1280.0 1173.0 1319.0 
1639.0 1314.0 1017.0 1310.0 1397.0 1393.0 1307.0 
1056.0 1104.0 1388.0 1403.0 1219.0 1176.0 1136.0 
1199.0 1379.0 1339.0 1238.0 1162.0 1106.0 1345.0 
1448.0 1151.0 1122.0 1306.0 1309.0 1260.0 1169.0 
1280.0 1439.0 1149.0 1091.0 1272.0 1224.0 1435.0 
1271.0 957.0 1175.0 1218.0 1254.0 1157.0 1081.0 
1289.0 1119.0 951.0 1051.0 1237.0 1211.0 942.0 
965.0 1090.0 1208.0 1110.0 861.0 1019.0 1056.0 
1178.0 1301.0 821.0 877.0 1243.0 1216.0 1192.0 
997.0 941.0 1110.0 1205.0 1280.0 1262.0 1093.0 
890.0 1152.0 1456.0 1163.0 1022.0 1208.0 1302.0 
1256.0 1262.0 1283.0 1013.0 1151.0 1556.0 1395.0 
1146.0 1081.0 1269.0 1428.0 1239.0 1217.0 1340.0 
1264.0 1173.0 1304.0 1332.0 1152.0 1254.0 1344.0 
1264.0 1188.0 1096.0 1358.0 1434.0 1115.0 1070.0 
1223.0 1311.0 1248.0 1166.0 1019.0 979.0 1170.0 
1322.0 1208.0 841.0 966.0 1245.0 1219.0 1158.0 
783.0 839.0 1146.0 1217.0 1320.0 752.0 624.0 
1167.0 1232.0 1186.0 853.0 709.0 907.0 1129.0 
1277.0 854.0 706.0 921.0 1088.0 1166.0 847.0 
804.0 1123.0 1136.0 990.0 1098.0 1065.0 852.0 
1092.0 1314.0 1127.0 967.0 941.0 1046.0 1213.0 
1222.0 1078.0 938.0 974.0 1105.0 1246.0 1247.0 
879.0 948.0 1328.0 1113.0 999.0 1101.0 1033.0 
1038.0 1154.0 1118.0 943.0 1065.0 1124.0 1076.0 
1033.0 917.0 1145.0 1150.0 1028.0 1079.0 948.0 
1005.0 1092.0 1167.0 1219.0 1017.0 966.0 1060.0 
1128.0 1146.0 1086.0 1113.0 1121.0 972.0 952.0 
1132.0 1074.0 925.0 1168.0 1189.0 825.0 866.0 
1177.0 1244.0 977.0 865.0 1081.0 1118.0 1143.0 
1128.0 924.0 1007.0 1231.0 1144.0 920.0 868.0 
1033.0 1254.0 1168.0 845.0 743.0 950.0 1221.0 
1120.0 788.0 861.0 996.0 917.0 1107.0 1060.0 
808.0 906.0 995.0 1108.0 1007.0 866.0 1016.0 
985.0 1006.0 988.0 954.0 1007.0 876.0 1056.0 
1035.0 855.0 1028.0 927.0 940.0 958.0 1002.0 
1158.0 836.0 931.0 1138.0 929.0 1066.0 1009.0 
961.0 1103.0 872.0 1094.0 1201.0 815.0 938.0 
957.0 975.0 1176.0 893.0 829.0 1035.0 878.0 
975.0 1113.0 817.0 920.0 1155.0 1003.0 909.0 
1030.0 1048.0 999.0 1119.0 934.0 885.0 1220.0 
1162.0 1028.0 857.0 781.0 1199.0 1269.0 981.0 
851.0 880.0 1060.0 1105.0 1118.0 979.0 883.0 
1173.0 1213.0 1036.0 911.0 963.0 1180.0 1186.0 
1154.0 1022.0 860.0 1034.0 1243.0 1230.0 984.0 
804.0 969.0 1141.0 1133.0 1052.0 933.0 863.0 
962.0 1202.0 1229.0 853.0 613.0 1042.0 1375.0 
973.0 767.0 949.0 969.0 990.0 1023.0 964.0 
823.0 811.0 894.0 1019.0 1021.0 683.0 798.0 
1011.0 963.0 1046.0 819.0 825.0 991.0 983.0 
1174.0 946.0 751.0 976.0 1023.0 1062.0 959.0 
891.0 1039.0 1008.0 922.0 866.0 1011.0 1039.0 
919.0 1065.0 893.0 772.0 1035.0 1085.0 1015.0 
911.0 891.0 949.0 965.0 1045.0 1060.0 1038.0 
1016.0 975.0 984.0 1021.0 1164.0 1174.0 1053.0 
1034.0 962.0 999.0 1119.0 1180.0 1132.0 949.0 
877.0 939.0 1090.0 1119.0 1103.0 994.0 782.0 
1002.0 1050.0 1016.0 1120.0 789.0 830.0 1026.0 
977.0 961.0 714.0 778.0 943.0 917.0 887.0 
601.0 658.0 953.0 826.0 778.0 769.0 601.0 
716.0 878.0 880.0 664.0 511.0 846.0 938.0 
753.0 790.0 700.0 666.0 943.0 1003.0 848.0 
756.0 711.0 1007.0 1092.0 809.0 877.0 872.0 
854.0 1127.0 1106.0 764.0 738.0 985.0 1039.0 
1108.0 937.0 809.0 1069.0 967.0 963.0 1037.0 
938.0 1087.0 1056.0 927.0 862.0 836.0 969.0 
1090.0 1087.0 864.0 738.0 846.0 902.0 1076.0 
1032.0 707.0 847.0 938.0 797.0 890.0 950.0 
967.0 841.0 728.0 921.0 976.0 875.0 897.0 
865.0 758.0 798.0 907.0 898.0 819.0 787.0 
773.0 696.0 778.0 842.0 720.0 718.0 748.0 
819.0 715.0 562.0 879.0 958.0 729.0 707.0 
701.0 800.0 725.0 713.0 977.0 790.0 589.0 
693.0 747.0 830.0 894.0 837.0 626.0 538.0 
821.0 1028.0 756.0 531.0 707.0 923.0 928.0 
742.0 710.0 709.0 750.0 1039.0 957.0 619.0 
720.0 955.0 881.0 881.0 845.0 605.0 669.0 
930.0 1162.0 938.0 604.0 683.0 864.0 1234.0 
1063.0 718.0 782.0 760.0 1136.0 1116.0 756.0 
901.0 818.0 910.0 981.0 691.0 878.0 864.0 
723.0 1004.0 778.0 446.0 703.0 978.0 911.0 
668.0 594.0 653.0 678.0 780.0 858.0 749.0 
636.0 634.0 731.0 749.0 609.0 821.0 922.0 
558.0 479.0 596.0 824.0 886.0 705.0 600.0 
487.0 688.0 904.0 916.0 682.0 445.0 810.0 
890.0 747.0 801.0 694.0 786.0 751.0 710.0 
835.0 720.0 735.0 756.0 730.0 807.0 811.0 
768.0 704.0 899.0 1004.0 756.0 745.0 767.0 
853.0 1012.0 845.0 801.0 665.0 620.0 1051.0 
1008.0 683.0 577.0 646.0 995.0 1048.0 788.0 
606.0 587.0 942.0 1228.0 869.0 469.0 651.0 
1013.0 1151.0 788.0 496.0 771.0 974.0 1045.0 
907.0 601.0 628.0 831.0 1070.0 1037.0 624.0 
564.0 830.0 1018.0 1006.0 804.0 779.0 869.0 
937.0 987.0 900.0 797.0 940.0 1102.0 856.0 
711.0 819.0 917.0 1075.0 925.0 651.0 581.0 
740.0 1003.0 980.0 790.0 490.0 501.0 931.0 
1025.0 729.0 444.0 727.0 941.0 672.0 653.0 
645.0 874.0 905.0 613.0 717.0 590.0 788.0 
918.0 591.0 778.0 578.0 578.0 881.0 577.0 
775.0 880.0 658.0 659.0 620.0 1010.0 1033.0 
809.0 873.0 625.0 874.0 1160.0 1068.0 1038.0 
608.0 688.0 1137.0 1141.0 1014.0 791.0 851.0 
966.0 992.0 1035.0 890.0 928.0 925.0 888.0 
1058.0 957.0 904.0 974.0 827.0 898.0 1026.0 
946.0 827.0 766.0 935.0 1002.0 821.0 672.0 
708.0 811.0 861.0 919.0 702.0 549.0 585.0 
567.0 919.0 909.0 436.0 430.0 566.0 743.0 
890.0 669.0 437.0 430.0 693.0 969.0 789.0 
480.0 564.0 682.0 689.0 934.0 815.0 341.0 
412.0 834.0 1090.0 774.0 316.0 419.0 763.0 
1094.0 953.0 458.0 320.0 632.0 1194.0 1072.0 
448.0 381.0 663.0 1027.0 1017.0 635.0 526.0 
627.0 891.0 1045.0 771.0 410.0 576.0 1089.0 
1010.0 661.0 673.0 796.0 831.0 833.0 852.0 
756.0 855.0 958.0 657.0 620.0 901.0 1002.0 
821.0 636.0 732.0 813.0 826.0 812.0 745.0 
789.0 705.0 615.0 719.0 707.0 751.0 675.0 
501.0 571.0 527.0 595.0 755.0 647.0 579.0 
489.0 370.0 577.0 789.0 819.0 585.0 128.0 
469.0 892.0 668.0 608.0 385.0 452.0 724.0 
481.0 491.0 593.0 659.0 586.0 314.0 496.0 
559.0 640.0 772.0 388.0 385.0 537.0 517.0 
688.0 653.0 547.0 395.0 362.0 627.0 788.0 
728.0 385.0 265.0 550.0 739.0 731.0 444.0 
291.0 543.0 655.0 614.0 494.0 389.0 593.0 
786.0 660.0 335.0 453.0 882.0 851.0 675.0 
476.0 487.0 857.0 805.0 637.0 695.0 587.0 
574.0 759.0 865.0 693.0 464.0 524.0 601.0 
681.0 766.0 544.0 407.0 570.0 664.0 571.0 
421.0 497.0 764.0 714.0 353.0 306.0 463.0 
613.0 765.0 472.0 184.0 350.0 579.0 622.0 
440.0 317.0 255.0 435.0 682.0 394.0 206.0 
335.0 538.0 601.0 220.0 92.0 370.0 567.0 
526.0 259.0 79.0 147.0 530.0 684.0 308.0 
182.0 272.0 324.0 468.0 509.0 481.0 426.0 
371.0 360.0 448.0 589.0 527.0 499.0 516.0 
323.0 340.0 544.0 688.0 586.0 217.0 389.0 
664.0 519.0 470.0 443.0 609.0 621.0 500.0 
599.0 392.0 532.0 885.0 685.0 376.0 278.0 
619.0 784.0 591.0 639.0 504.0 321.0 477.0 
644.0 818.0 744.0 343.0 242.0 509.0 848.0 
899.0 391.0 109.0 435.0 818.0 874.0 294.0 
-46.0 429.0 788.0 693.0 276.0 37.0 365.0 
580.0 443.0 348.0 310.0 236.0 335.0 541.0 
401.0 215.0 229.0 364.0 614.0 488.0 111.0 
29.0 355.0 636.0 492.0 229.0 -74.0 118.0 
693.0 547.0 132.0 1.0 57.0 425.0 646.0 
342.0 -97.0 -61.0 387.0 659.0 513.0 54.0 
-24.0 426.0 552.0 478.0 408.0 193.0 322.0 
477.0 435.0 507.0 349.0 290.0 549.0 583.0 
493.0 404.0 242.0 408.0 805.0 689.0 384.0 
301.0 366.0 683.0 720.0 472.0 361.0 463.0 
612.0 437.0 409.0 541.0 500.0 432.0 308.0 
426.0 535.0 386.0 335.0 347.0 359.0 337.0 
306.0 262.0 228.0 427.0 367.0 110.0 193.0 
135.0 338.0 596.0 130.0 -96.0 202.0 437.0 
347.0 151.0 139.0 241.0 239.0 122.0 295.0 
280.0 91.0 340.0 300.0 42.0 153.0 299.0 
363.0 299.0 140.0 231.0 284.0 265.0 513.0 
294.0 37.0 358.0 334.0 373.0 404.0 74.0 
332.0 347.0 182.0 425.0 134.0 226.0 461.0 
163.0 184.0 202.0 405.0 405.0 129.0 279.0 
163.0 249.0 502.0 287.0 221.0 207.0 245.0 
371.0 323.0 344.0 393.0 332.0 251.0 337.0 
526.0 391.0 354.0 550.0 328.0 165.0 429.0 
611.0 424.0 320.0 437.0 314.0 246.0 334.0 
589.0 618.0 183.0 80.0 142.0 470.0 679.0 
229.0 85.0 59.0 185.0 540.0 422.0 223.0 
84.0 117.0 345.0 404.0 407.0 259.0 148.0 
221.0 401.0 496.0 159.0 97.0 400.0 442.0 
248.0 40.0 134.0 255.0 367.0 373.0 36.0 
76.0 246.0 154.0 268.0 320.0 176.0 64.0 
77.0 192.0 194.0 217.0 269.0 189.0 56.0 
77.0 348.0 366.0 175.0 197.0 192.0 265.0 
396.0 368.0 251.0 158.0 398.0 658.0 404.0 
53.0 162.0 519.0 714.0 566.0 123.0 -1.0 
475.0 871.0 682.0 144.0 68.0 588.0 811.0 
521.0 151.0 311.0 697.0 637.0 434.0 210.0 
309.0 623.0 747.0 588.0 159.0 231.0 575.0 
695.0 600.0 300.0 266.0 373.0 484.0 629.0 
492.0 230.0 342.0 464.0 404.0 482.0 383.0 
261.0 184.0 313.0 663.0 410.0 -31.0 90.0 
398.0 440.0 349.0 148.0 135.0 338.0 183.0 
272.0 470.0 159.0 60.0 235.0 273.0 238.0 
216.0 192.0 133.0 241.0 288.0 46.0 94.0 
418.0 326.0 31.0 104.0 287.0 368.0 268.0 
82.0 290.0 482.0 268.0 123.0 263.0 481.0 
543.0 378.0 241.0 238.0 335.0 605.0 673.0 
427.0 224.0 289.0 668.0 825.0 502.0 269.0 
337.0 594.0 833.0 500.0 141.0 404.0 587.0 
625.0 486.0 228.0 436.0 502.0 461.0 497.0 
219.0 352.0 626.0 450.0 333.0 282.0 265.0 
373.0 495.0 530.0 345.0 230.0 373.0 441.0 
452.0 478.0 463.0 374.0 251.0 376.0 510.0 
518.0 467.0 270.0 293.0 459.0 419.0 450.0 
498.0 350.0 298.0 247.0 319.0 493.0 465.0 
366.0 145.0 183.0 385.0 485.0 493.0 278.0 
228.0 306.0 495.0 625.0 442.0 218.0 156.0 
478.0 741.0 565.0 220.0 74.0 454.0 811.0 
572.0 177.0 90.0 392.0 705.0 525.0 282.0 
122.0 167.0 737.0 673.0 238.0 184.0 102.0 
595.0 771.0 423.0 377.0 66.0 337.0 741.0 
621.0 614.0 188.0 154.0 501.0 502.0 749.0 
583.0 184.0 293.0 386.0 639.0 714.0 269.0 
310.0 635.0 544.0 478.0 424.0 305.0 550.0 
722.0 550.0 365.0 268.0 430.0 690.0 687.0 
517.0 346.0 268.0 482.0 763.0 688.0 321.0 
210.0 532.0 660.0 478.0 363.0 312.0 311.0 
395.0 544.0 505.0 129.0 31.0 378.0 609.0 
523.0 195.0 -9.0 278.0 608.0 535.0 276.0 
52.0 317.0 655.0 326.0 220.0 320.0 322.0 
557.0 355.0 221.0 410.0 418.0 447.0 287.0 
368.0 447.0 281.0 446.0 509.0 464.0 401.0 
284.0 307.0 413.0 643.0 630.0 254.0 154.0 
468.0 728.0 729.0 449.0 182.0 330.0 739.0 
874.0 471.0 244.0 341.0 608.0 968.0 532.0 
162.0 496.0 699.0 879.0 596.0 224.0 524.0 
725.0 862.0 762.0 255.0 272.0 715.0 846.0 
544.0 245.0 268.0 559.0 778.0 470.0 136.0 
285.0 471.0 639.0 545.0 214.0 246.0 388.0 
593.0 520.0 225.0 352.0 300.0 460.0 745.0 
333.0 265.0 414.0 495.0 747.0 432.0 292.0 
485.0 432.0 756.0 663.0 141.0 347.0 584.0 
609.0 517.0 365.0 447.0 343.0 463.0 690.0 
387.0 307.0 559.0 579.0 562.0 529.0 285.0 
376.0 733.0 799.0 683.0 275.0 186.0 723.0 
984.0 785.0 354.0 278.0 716.0 992.0 751.0 
336.0 500.0 882.0 878.0 583.0 312.0 579.0 
941.0 773.0 493.0 453.0 488.0 606.0 754.0 
606.0 384.0 369.0 444.0 650.0 681.0 392.0 
362.0 562.0 564.0 507.0 526.0 535.0 508.0 
607.0 694.0 422.0 356.0 686.0 803.0 639.0 
348.0 444.0 645.0 638.0 781.0 535.0 366.0 
577.0 654.0 762.0 671.0 564.0 536.0 522.0 
822.0 862.0 536.0 493.0 574.0 687.0 860.0 
697.0 520.0 537.0 616.0 802.0 741.0 551.0 
482.0 635.0 923.0 764.0 436.0 497.0 743.0 
805.0 619.0 539.0 652.0 696.0 594.0 581.0 
715.0 666.0 544.0 536.0 652.0 795.0 611.0 
412.0 548.0 750.0 802.0 608.0 509.0 595.0 
693.0 849.0 645.0 548.0 901.0 793.0 566.0 
582.0 787.0 1180.0 776.0 386.0 836.0 928.0 
984.0 976.0 540.0 774.0 1133.0 1079.0 963.0 
583.0 658.0 1257.0 1308.0 768.0 554.0 904.0 
1111.0 1095.0 1055.0 772.0 582.0 927.0 1174.0 
985.0 782.0 653.0 757.0 1034.0 1098.0 817.0 
609.0 720.0 947.0 1191.0 887.0 430.0 775.0 
1226.0 970.0 588.0 690.0 909.0 1097.0 969.0 
585.0 686.0 948.0 1004.0 930.0 870.0 772.0 
745.0 974.0 957.0 882.0 873.0 755.0 861.0 
1028.0 907.0 681.0 877.0 1139.0 977.0 785.0 
774.0 1011.0 1105.0 894.0 868.0 941.0 1005.0 
908.0 775.0 1039.0 1151.0 948.0 825.0 797.0 
1093.0 1297.0 999.0 886.0 1021.0 1063.0 1121.0 
1129.0 1110.0 1074.0 1022.0 993.0 1058.0 1222.0 
1121.0 1004.0 1027.0 1073.0 1258.0 1226.0 1079.0 
1087.0 1166.0 1166.0 1116.0 1165.0 1154.0 1126.0 
1056.0 1108.0 1248.0 1091.0 1000.0 1075.0 1201.0 
1220.0 965.0 963.0 1183.0 1126.0 1031.0 1116.0 
1157.0 1098.0 1043.0 1068.0 1172.0 1221.0 1098.0 
956.0 1003.0 1240.0 1391.0 1028.0 810.0 1136.0 
1272.0 1253.0 1116.0 971.0 1004.0 1153.0 1451.0 
1183.0 949.0 1153.0 1060.0 1372.0 1410.0 996.0 
1154.0 1219.0 1388.0 1419.0 1047.0 1128.0 1310.0 
1451.0 1369.0 1152.0 1288.0 1201.0 1241.0 1481.0 
1257.0 1148.0 1248.0 1329.0 1337.0 1228.0 1273.0 
1202.0 1218.0 1395.0 1295.0 1169.0 1143.0 1249.0 
1407.0 1335.0 1122.0 1098.0 1228.0 1356.0 1454.0 
1190.0 962.0 1156.0 1350.0 1465.0 1282.0 982.0 
1096.0 1328.0 1340.0 1284.0 1270.0 1049.0 982.0 
1259.0 1299.0 1268.0 1142.0 959.0 1121.0 1272.0 
1333.0 1312.0 1050.0 955.0 1277.0 1461.0 1198.0 
1079.0 1177.0 1227.0 1343.0 1265.0 1026.0 1113.0 
1327.0 1283.0 1070.0 991.0 1179.0 1222.0 1102.0 
1253.0 1260.0 1067.0 1150.0 1187.0 1279.0 1367.0 
1213.0 1235.0 1195.0 1164.0 1403.0 1478.0 1240.0 
1076.0 1209.0 1396.0 1469.0 1325.0 1123.0 1085.0 
1233.0 1504.0 1482.0 1184.0 1076.0 1242.0 1356.0 
1353.0 1384.0 1276.0 1170.0 1150.0 1232.0 1399.0 
1237.0 1122.0 1253.0 1205.0 1067.0 1108.0 1320.0 
1286.0 1084.0 1034.0 1135.0 1230.0 1083.0 1153.0 
1258.0 1156.0 1215.0 991.0 974.0 1318.0 1272.0 
1148.0 893.0 884.0 1149.0 1004.0 1080.0 1055.0 
873.0 1033.0 890.0 974.0 1115.0 896.0 1061.0 
1095.0 960.0 898.0 848.0 1215.0 1238.0 928.0 
954.0 880.0 987.0 1225.0 1079.0 950.0 913.0 
945.0 1108.0 1028.0 884.0 1037.0 1147.0 1065.0 
960.0 955.0 1091.0 1192.0 1188.0 1044.0 988.0 
1101.0 1146.0 1218.0 1114.0 1028.0 1263.0 1197.0 
898.0 1027.0 1330.0 1334.0 1122.0 891.0 951.0 
1301.0 1401.0 1168.0 915.0 935.0 1270.0 1448.0 
1185.0 841.0 986.0 1412.0 1388.0 1120.0 978.0 
1008.0 1276.0 1404.0 1229.0 995.0 1008.0 1251.0 
1309.0 1206.0 1189.0 1126.0 1023.0 1126.0 1222.0 
1230.0 1144.0 1040.0 1205.0 1069.0 862.0 1019.0 
1066.0 1135.0 1032.0 792.0 765.0 921.0 1073.0 
983.0 909.0 763.0 749.0 920.0 895.0 942.0 
885.0 719.0 753.0 882.0 868.0 783.0 862.0 
933.0 943.0 748.0 687.0 953.0 991.0 931.0 
878.0 915.0 904.0 807.0 980.0 1109.0 1037.0 
857.0 803.0 892.0 971.0 1051.0 926.0 773.0 
848.0 1003.0 910.0 829.0 905.0 828.0 897.0 
946.0 911.0 880.0 838.0 1026.0 951.0 961.0 
952.0 721.0 1159.0 1228.0 900.0 849.0 741.0 
1206.0 1289.0 864.0 951.0 868.0 945.0 1162.0 
1122.0 1046.0 816.0 956.0 1155.0 1081.0 1064.0 
869.0 862.0 1138.0 1113.0 889.0 788.0 816.0 
1028.0 1166.0 855.0 600.0 755.0 953.0 984.0 
830.0 738.0 754.0 721.0 749.0 859.0 855.0 
623.0 625.0 766.0 605.0 679.0 746.0 563.0 
736.0 750.0 549.0 714.0 762.0 773.0 831.0 
634.0 763.0 956.0 801.0 759.0 822.0 912.0 
888.0 702.0 767.0 986.0 933.0 762.0 697.0 
818.0 1018.0 941.0 700.0 659.0 866.0 1140.0 
952.0 