512.0 713.0 1095.0 675.0 733.0 849.0 884.0 
899.0 1050.0 1068.0 707.0 1398.0 1118.0 863.0 
1479.0 1171.0 906.0 1607.0 1282.0 974.0 1571.0 
822.0 1125.0 1756.0 638.0 1160.0 1366.0 174.0 
1354.0 1003.0 408.0 1145.0 722.0 731.0 721.0 
643.0 545.0 991.0 842.0 468.0 962.0 901.0 
409.0 1069.0 1212.0 743.0 1061.0 852.0 1188.0 
677.0 1069.0 1189.0 539.0 1426.0 595.0 1052.0 
1154.0 734.0 1369.0 1237.0 1263.0 752.0 1553.0 
1090.0 1073.0 2071.0 1043.0 1449.0 1671.0 1351.0 
1957.0 1643.0 1461.0 2356.0 1442.0 1420.0 2351.0 
1389.0 1638.0 1999.0 1601.0 1423.0 1680.0 1625.0 
1590.0 1672.0 1543.0 1795.0 1124.0 1646.0 1751.0 
1300.0 1812.0 1191.0 1416.0 1643.0 1343.0 1126.0 
1324.0 1364.0 1192.0 1269.0 705.0 1327.0 719.0 
730.0 1368.0 250.0 856.0 755.0 451.0 677.0 
551.0 793.0 483.0 374.0 430.0 694.0 624.0 
255.0 605.0 627.0 388.0 467.0 525.0 557.0 
474.0 367.0 660.0 475.0 477.0 673.0 351.0 
990.0 730.0 678.0 782.0 916.0 1016.0 499.0 
1099.0 849.0 989.0 773.0 861.0 1112.0 519.0 
1283.0 1017.0 725.0 1405.0 811.0 951.0 1672.0 
1310.0 1162.0 1493.0 1704.0 1107.0 1785.0 1823.0 
1339.0 2014.0 1425.0 1668.0 1881.0 1554.0 1600.0 
1716.0 1749.0 1586.0 1619.0 1296.0 1688.0 1691.0 
1152.0 1436.0 1312.0 1216.0 1427.0 1098.0 1624.0 
1314.0 862.0 1974.0 1128.0 1134.0 1787.0 1268.0 
1244.0 1262.0 1492.0 1212.0 1185.0 1057.0 1440.0 
1284.0 844.0 1599.0 1015.0 1297.0 1488.0 1156.0 
1546.0 961.0 1322.0 1475.0 1185.0 1136.0 934.0 
1254.0 768.0 899.0 926.0 551.0 775.0 529.0 
923.0 658.0 486.0 933.0 688.0 749.0 789.0 
854.0 470.0 805.0 1047.0 242.0 654.0 735.0 
251.0 462.0 781.0 393.0 292.0 725.0 570.0 
487.0 555.0 589.0 737.0 841.0 666.0 824.0 
856.0 745.0 984.0 874.0 1134.0 1006.0 867.0 
1294.0 1048.0 1025.0 1073.0 1300.0 1246.0 944.0 
1416.0 1133.0 1314.0 1498.0 1154.0 1611.0 1287.0 
1371.0 1540.0 1273.0 1666.0 1605.0 1416.0 1393.0 
1534.0 1560.0 1401.0 1529.0 1447.0 1268.0 1308.0 
1274.0 1302.0 1389.0 1129.0 1346.0 1515.0 1159.0 
1472.0 1602.0 1562.0 1577.0 1531.0 1532.0 1459.0 
1649.0 1423.0 1568.0 1818.0 1453.0 1393.0 1477.0 
1564.0 1352.0 1272.0 1371.0 966.0 1165.0 1176.0 
840.0 1060.0 1130.0 1063.0 735.0 750.0 893.0 
912.0 730.0 496.0 716.0 804.0 541.0 703.0 
907.0 380.0 669.0 1001.0 431.0 685.0 809.0 
600.0 844.0 523.0 918.0 939.0 453.0 1001.0 
1217.0 644.0 787.0 1569.0 915.0 1034.0 1327.0 
1068.0 1434.0 1026.0 1257.0 1627.0 994.0 1425.0 
1597.0 1031.0 1816.0 1426.0 1220.0 1756.0 1047.0 
1284.0 1466.0 1034.0 1120.0 1044.0 1002.0 979.0 
614.0 865.0 735.0 752.0 863.0 592.0 654.0 
476.0 885.0 779.0 708.0 844.0 724.0 949.0 
860.0 860.0 1214.0 1084.0 845.0 1447.0 1107.0 
1039.0 1355.0 1180.0 1344.0 1261.0 1279.0 1043.0 
991.0 1393.0 1349.0 789.0 1288.0 1215.0 771.0 
1508.0 1122.0 1119.0 1473.0 1342.0 1285.0 1203.0 
1434.0 1287.0 1676.0 1447.0 949.0 1519.0 983.0 
1207.0 1356.0 949.0 1298.0 728.0 1071.0 1198.0 
816.0 1025.0 956.0 1182.0 1059.0 1264.0 1087.0 
1220.0 1305.0 899.0 1899.0 749.0 795.0 1499.0 
751.0 1629.0 1110.0 1155.0 1242.0 1084.0 1650.0 
1351.0 1488.0 1322.0 1161.0 1782.0 1387.0 1085.0 
1602.0 1298.0 1267.0 1278.0 1127.0 1187.0 1014.0 
992.0 1308.0 829.0 495.0 904.0 943.0 935.0 
519.0 1006.0 684.0 463.0 949.0 627.0 1240.0 
602.0 871.0 1165.0 844.0 1328.0 707.0 1404.0 
1218.0 905.0 1312.0 878.0 1089.0 973.0 1310.0 
794.0 847.0 1079.0 378.0 1254.0 1023.0 793.0 
818.0 882.0 961.0 848.0 1268.0 780.0 1009.0 
1038.0 881.0 1268.0 1178.0 1025.0 1509.0 1250.0 
1046.0 1647.0 912.0 1281.0 1450.0 1101.0 1107.0 
886.0 1288.0 839.0 951.0 1231.0 868.0 739.0 
811.0 957.0 806.0 773.0 911.0 695.0 764.0 
1054.0 666.0 1165.0 822.0 655.0 1252.0 680.0 
1028.0 929.0 831.0 1266.0 1002.0 979.0 1477.0 
1070.0 1306.0 1416.0 1056.0 1787.0 796.0 1435.0 
1597.0 1077.0 1587.0 889.0 1515.0 1325.0 1450.0 
1274.0 1163.0 1468.0 946.0 1359.0 1162.0 1258.0 
1357.0 1389.0 1135.0 1140.0 1564.0 1477.0 1287.0 
1533.0 1780.0 1339.0 1609.0 1679.0 1819.0 1664.0 
1693.0 1775.0 1673.0 1606.0 1623.0 2026.0 1232.0 
1470.0 1237.0 1356.0 1411.0 649.0 1273.0 816.0 
949.0 869.0 640.0 1001.0 598.0 833.0 969.0 
278.0 900.0 840.0 309.0 1255.0 629.0 846.0 
646.0 468.0 1166.0 525.0 514.0 564.0 597.0 
229.0 504.0 368.0 131.0 738.0 175.0 239.0 
459.0 109.0 633.0 322.0 323.0 778.0 262.0 
643.0 496.0 684.0 983.0 675.0 1026.0 689.0 
1147.0 1020.0 770.0 1212.0 724.0 1234.0 919.0 
954.0 1265.0 869.0 1168.0 1240.0 1303.0 1126.0 
1278.0 1333.0 1644.0 1598.0 1256.0 1872.0 1663.0 
1528.0 1973.0 1575.0 1771.0 1900.0 1799.0 1954.0 
1784.0 1956.0 1620.0 1927.0 2078.0 1720.0 2087.0 
1934.0 1669.0 1989.0 2030.0 1652.0 1833.0 1719.0 
1841.0 1637.0 1294.0 1821.0 1330.0 1571.0 1473.0 
1507.0 1577.0 1001.0 1899.0 1174.0 1208.0 1432.0 
1316.0 1068.0 679.0 1428.0 825.0 785.0 592.0 
962.0 711.0 361.0 912.0 470.0 541.0 653.0 
678.0 347.0 473.0 838.0 318.0 124.0 762.0 
133.0 361.0 535.0 126.0 584.0 151.0 764.0 
206.0 541.0 442.0 338.0 896.0 -38.0 1190.0 
-15.0 734.0 840.0 77.0 1545.0 -82.0 1161.0 
997.0 380.0 1377.0 947.0 685.0 977.0 1631.0 
529.0 1437.0 1210.0 883.0 1887.0 799.0 1788.0 
1611.0 1074.0 2032.0 1430.0 1780.0 1591.0 1616.0 
1635.0 1356.0 2055.0 1185.0 1768.0 1567.0 1276.0 
1661.0 1310.0 1568.0 1176.0 1669.0 1422.0 1368.0 
1277.0 1516.0 1583.0 1128.0 1901.0 858.0 1355.0 
1606.0 923.0 1963.0 886.0 1067.0 1603.0 906.0 
1338.0 1524.0 1065.0 1052.0 1668.0 1171.0 1231.0 
1319.0 1441.0 1611.0 1309.0 1414.0 967.0 1456.0 
1669.0 963.0 1464.0 1564.0 875.0 1344.0 1452.0 
907.0 1223.0 1290.0 794.0 854.0 848.0 895.0 
691.0 531.0 964.0 411.0 537.0 524.0 409.0 
663.0 618.0 685.0 53.0 732.0 792.0 324.0 
1045.0 752.0 628.0 827.0 519.0 1090.0 810.0 
748.0 900.0 502.0 1186.0 736.0 928.0 964.0 
972.0 1114.0 832.0 1191.0 644.0 1073.0 1112.0 
733.0 989.0 655.0 898.0 941.0 751.0 1163.0 
1067.0 881.0 1300.0 1085.0 1410.0 1662.0 941.0 
1590.0 1299.0 1391.0 1434.0 1076.0 1559.0 1101.0 
1691.0 1135.0 1130.0 1609.0 1116.0 1719.0 1404.0 
1222.0 1725.0 1104.0 1663.0 1961.0 928.0 1976.0 
1522.0 1523.0 1845.0 1218.0 1746.0 1423.0 1679.0 
1537.0 1256.0 1454.0 1393.0 1251.0 1563.0 1195.0 
1099.0 1234.0 1064.0 1516.0 823.0 1260.0 1241.0 
952.0 1285.0 1013.0 1282.0 1041.0 1022.0 1094.0 
793.0 1053.0 1228.0 669.0 989.0 1029.0 820.0 
1272.0 595.0 810.0 1072.0 550.0 735.0 713.0 
592.0 753.0 835.0 128.0 448.0 813.0 333.0 
488.0 263.0 593.0 324.0 207.0 588.0 144.0 
622.0 537.0 217.0 808.0 661.0 581.0 1171.0 
785.0 995.0 1025.0 1023.0 1468.0 676.0 1480.0 
1415.0 989.0 1597.0 1147.0 1532.0 1726.0 1577.0 
1806.0 1768.0 1560.0 1803.0 2296.0 1732.0 1727.0 
2082.0 1734.0 1902.0 2023.0 1628.0 1721.0 1855.0 
1698.0 1759.0 1215.0 1790.0 1878.0 1183.0 1547.0 
1305.0 1018.0 1602.0 1245.0 835.0 1641.0 883.0 
1260.0 1571.0 771.0 1583.0 1424.0 1227.0 1367.0 
890.0 1575.0 1230.0 729.0 1436.0 1006.0 1112.0 
1217.0 663.0 1070.0 1224.0 841.0 1174.0 633.0 
972.0 1117.0 411.0 1259.0 409.0 215.0 1114.0 
374.0 474.0 528.0 138.0 590.0 394.0 99.0 
716.0 421.0 217.0 811.0 369.0 1116.0 339.0 
343.0 1594.0 339.0 785.0 1084.0 667.0 672.0 
1223.0 507.0 808.0 1424.0 269.0 1361.0 1010.0 
737.0 1583.0 825.0 1161.0 1572.0 829.0 1285.0 
1545.0 671.0 1429.0 1489.0 724.0 1068.0 1165.0 
946.0 1002.0 1095.0 486.0 1257.0 744.0 454.0 
1588.0 320.0 907.0 1363.0 625.0 1166.0 1105.0 
1218.0 1350.0 1283.0 1700.0 1564.0 1245.0 1864.0 
1874.0 1980.0 1571.0 1835.0 2059.0 1146.0 2652.0 
1387.0 1633.0 2277.0 766.0 2287.0 1588.0 1223.0 
1766.0 1869.0 1346.0 1459.0 1844.0 1211.0 1775.0 
1084.0 1604.0 1287.0 863.0 1441.0 843.0 1245.0 
975.0 927.0 539.0 740.0 1023.0 382.0 1141.0 
284.0 124.0 1486.0 351.0 171.0 921.0 737.0 
650.0 398.0 1058.0 844.0 407.0 1552.0 858.0 
979.0 1428.0 592.0 1251.0 1323.0 1000.0 1040.0 
1573.0 833.0 874.0 1542.0 901.0 1226.0 923.0 
1304.0 1133.0 1039.0 1623.0 929.0 1426.0 1873.0 
930.0 1436.0 1768.0 856.0 1562.0 1342.0 1078.0 
1082.0 880.0 1179.0 1078.0 907.0 722.0 1112.0 
683.0 789.0 902.0 710.0 843.0 735.0 596.0 
761.0 578.0 715.0 869.0 444.0 1159.0 430.0 
1062.0 669.0 777.0 1369.0 343.0 1554.0 237.0 
1237.0 1127.0 133.0 1499.0 181.0 927.0 606.0 
451.0 1520.0 405.0 858.0 1156.0 979.0 1428.0 
1078.0 1135.0 1413.0 1379.0 1139.0 1127.0 1423.0 
1149.0 1465.0 1365.0 937.0 1315.0 1203.0 1567.0 
1218.0 1191.0 1644.0 1064.0 1542.0 1508.0 1501.0 
1720.0 1614.0 1614.0 1433.0 2144.0 1861.0 1672.0 
1852.0 1871.0 2109.0 1721.0 1999.0 2003.0 1832.0 
1835.0 1865.0 1525.0 1484.0 1684.0 1656.0 1565.0 
851.0 1426.0 1336.0 902.0 1466.0 906.0 1028.0 
1286.0 763.0 1045.0 981.0 1001.0 902.0 1017.0 
766.0 627.0 1090.0 269.0 744.0 704.0 552.0 
521.0 163.0 690.0 444.0 508.0 309.0 726.0 
358.0 171.0 797.0 542.0 786.0 235.0 419.0 
735.0 292.0 174.0 554.0 93.0 226.0 734.0 
33.0 496.0 -30.0 334.0 1209.0 -250.0 304.0 
1120.0 213.0 553.0 831.0 881.0 803.0 591.0 
1360.0 1657.0 641.0 1131.0 2074.0 1275.0 905.0 
1490.0 2007.0 1167.0 943.0 1913.0 1727.0 1252.0 
1273.0 1866.0 1726.0 1172.0 2096.0 1400.0 1895.0 
1980.0 945.0 2476.0 2005.0 1212.0 1992.0 2363.0 
1491.0 2090.0 2194.0 1892.0 2290.0 1737.0 2176.0 
2140.0 1914.0 1714.0 2490.0 1581.0 1729.0 1902.0 
1642.0 2152.0 669.0 2381.0 995.0 1480.0 1830.0 
490.0 1998.0 648.0 1323.0 1025.0 408.0 1049.0 
693.0 309.0 765.0 428.0 -94.0 602.0 68.0 
136.0 444.0 -477.0 658.0 152.0 -518.0 1064.0 
-121.0 180.0 716.0 29.0 630.0 306.0 202.0 
947.0 122.0 806.0 445.0 204.0 1253.0 279.0 
649.0 833.0 687.0 657.0 780.0 1083.0 787.0 
804.0 1171.0 1032.0 1234.0 941.0 1225.0 1471.0 
1021.0 1781.0 1150.0 1612.0 1493.0 999.0 1917.0 
1258.0 1564.0 1128.0 1382.0 1712.0 773.0 1828.0 
1177.0 1176.0 1774.0 908.0 1581.0 1275.0 1362.0 
1773.0 1090.0 1575.0 1664.0 1490.0 1513.0 1712.0 
1664.0 1423.0 1730.0 1397.0 1716.0 1675.0 1340.0 
1761.0 1312.0 1469.0 1645.0 1389.0 1562.0 1368.0 
1448.0 1320.0 1343.0 1617.0 1068.0 1541.0 1449.0 
1116.0 1350.0 1037.0 1371.0 970.0 1114.0 1212.0 
675.0 874.0 934.0 882.0 703.0 1071.0 731.0 
526.0 1166.0 809.0 924.0 907.0 658.0 1071.0 
521.0 699.0 960.0 249.0 873.0 808.0 388.0 
540.0 586.0 556.0 456.0 809.0 467.0 520.0 
416.0 569.0 748.0 414.0 788.0 467.0 647.0 
848.0 821.0 727.0 932.0 1271.0 716.0 1038.0 
1254.0 897.0 1239.0 1315.0 1082.0 1245.0 1138.0 
1340.0 1254.0 1275.0 1272.0 1092.0 1540.0 1089.0 
1138.0 1474.0 1704.0 1212.0 1234.0 1928.0 1167.0 
1768.0 1419.0 1227.0 2100.0 1035.0 1324.0 1520.0 
1216.0 1627.0 1379.0 1466.0 1057.0 1188.0 1629.0 
1544.0 1049.0 1142.0 1711.0 527.0 1271.0 1334.0 
669.0 1332.0 790.0 1201.0 735.0 1010.0 1374.0 
660.0 1401.0 913.0 1053.0 1194.0 809.0 1391.0 
1203.0 1220.0 1247.0 1140.0 977.0 1177.0 1550.0 
1348.0 1042.0 1108.0 1254.0 990.0 1409.0 1498.0 
1241.0 1206.0 1196.0 1239.0 1194.0 1146.0 1219.0 
1300.0 994.0 1206.0 846.0 1008.0 1592.0 1047.0 
1205.0 1146.0 1024.0 1105.0 1086.0 1549.0 1278.0 
919.0 1219.0 1369.0 886.0 1233.0 1650.0 857.0 
1155.0 1023.0 757.0 1216.0 957.0 856.0 977.0 
876.0 536.0 781.0 786.0 1058.0 957.0 684.0 
879.0 585.0 981.0 799.0 1339.0 738.0 696.0 
1208.0 307.0 1379.0 858.0 1332.0 838.0 362.0 
1404.0 463.0 1459.0 639.0 834.0 1259.0 246.0 
1125.0 844.0 964.0 745.0 1042.0 912.0 568.0 
1212.0 977.0 1191.0 883.0 1275.0 834.0 867.0 
1397.0 737.0 1453.0 888.0 958.0 1413.0 1077.0 
1012.0 1210.0 1571.0 1021.0 1307.0 1384.0 1262.0 
1748.0 1316.0 1292.0 1687.0 1238.0 1384.0 1353.0 
1800.0 1400.0 1082.0 1723.0 1423.0 1672.0 1160.0 
1690.0 1575.0 1131.0 1639.0 1451.0 1316.0 1305.0 
1403.0 1192.0 1254.0 1240.0 1340.0 903.0 1203.0 
1166.0 1063.0 1073.0 740.0 1244.0 1050.0 1017.0 
748.0 1157.0 936.0 815.0 981.0 1163.0 671.0 
604.0 1272.0 203.0 1272.0 602.0 743.0 1002.0 
556.0 1086.0 476.0 1453.0 605.0 879.0 1411.0 
739.0 1224.0 1370.0 744.0 1569.0 1359.0 887.0 
1475.0 490.0 1796.0 886.0 1322.0 1300.0 332.0 
1899.0 577.0 1398.0 1540.0 803.0 1329.0 774.0 
1462.0 1419.0 623.0 1794.0 702.0 927.0 1613.0 
406.0 1600.0 722.0 996.0 1217.0 592.0 1315.0 
673.0 1056.0 1333.0 841.0 1124.0 933.0 675.0 
1532.0 1236.0 875.0 1301.0 737.0 1193.0 1310.0 
1027.0 1338.0 781.0 1245.0 869.0 877.0 1399.0 
889.0 917.0 1132.0 1111.0 573.0 1282.0 1238.0 
895.0 988.0 1346.0 927.0 675.0 1847.0 744.0 
1225.0 1527.0 580.0 1498.0 1295.0 1221.0 1199.0 
1072.0 1205.0 1207.0 1428.0 886.0 1068.0 977.0 
1490.0 1202.0 797.0 1183.0 480.0 1576.0 1223.0 
962.0 1199.0 924.0 968.0 1600.0 1281.0 682.0 
1365.0 857.0 1623.0 722.0 1265.0 1197.0 587.0 
1782.0 542.0 1453.0 1014.0 789.0 1357.0 1105.0 
1203.0 1120.0 1444.0 673.0 1751.0 1449.0 1160.0 
1730.0 949.0 1552.0 1387.0 1500.0 1127.0 962.0 
1353.0 1174.0 1241.0 891.0 1130.0 820.0 1165.0 
1020.0 776.0 857.0 842.0 1520.0 683.0 1183.0 
842.0 553.0 1594.0 1207.0 634.0 856.0 1550.0 
381.0 1238.0 1568.0 388.0 1597.0 822.0 801.0 
1597.0 920.0 657.0 1329.0 1396.0 328.0 1362.0 
865.0 363.0 1217.0 754.0 906.0 719.0 916.0 
669.0 1117.0 1700.0 629.0 1624.0 1283.0 667.0 
2184.0 755.0 928.0 1847.0 797.0 1588.0 1149.0 
898.0 1130.0 1206.0 1673.0 713.0 1330.0 1150.0 
934.0 1631.0 1085.0 1235.0 996.0 1386.0 1173.0 
1586.0 1402.0 629.0 1292.0 1324.0 2079.0 1136.0 
914.0 1514.0 1431.0 1103.0 882.0 1291.0 874.0 
1247.0 938.0 1062.0 721.0 525.0 1079.0 784.0 
1798.0 518.0 343.0 1336.0 138.0 1427.0 1479.0 
223.0 1278.0 835.0 825.0 1657.0 766.0 1117.0 
1347.0 911.0 1151.0 1079.0 750.0 1330.0 1219.0 
630.0 1321.0 536.0 812.0 1482.0 377.0 1072.0 
1248.0 522.0 990.0 982.0 1071.0 1068.0 797.0 
1210.0 1195.0 994.0 975.0 1181.0 1317.0 1177.0 
1360.0 968.0 1175.0 1050.0 982.0 1904.0 951.0 
1470.0 968.0 1003.0 2124.0 857.0 1963.0 1268.0 
1376.0 1696.0 1127.0 1886.0 770.0 1798.0 1636.0 
1301.0 1310.0 669.0 1848.0 1005.0 1431.0 1699.0 
489.0 1696.0 1463.0 750.0 1532.0 1159.0 998.0 
1329.0 973.0 931.0 1136.0 1246.0 1149.0 917.0 
835.0 863.0 595.0 1186.0 1084.0 88.0 1264.0 
325.0 301.0 1370.0 490.0 817.0 742.0 922.0 
638.0 962.0 953.0 893.0 1096.0 974.0 1279.0 
837.0 1085.0 834.0 1443.0 956.0 806.0 1274.0 
589.0 905.0 512.0 1126.0 861.0 431.0 562.0 
604.0 924.0 835.0 769.0 607.0 1186.0 608.0 
934.0 1072.0 647.0 1349.0 1163.0 851.0 1359.0 
1282.0 1165.0 1661.0 1036.0 1670.0 1342.0 1191.0 
2115.0 1345.0 1710.0 1846.0 1637.0 1652.0 1539.0 
1783.0 1667.0 1786.0 1469.0 1761.0 1664.0 1118.0 
1883.0 1521.0 1761.0 1482.0 1405.0 1885.0 1352.0 
1698.0 1454.0 1536.0 1739.0 1709.0 1068.0 1076.0 
1701.0 1666.0 1357.0 674.0 1059.0 1080.0 930.0 
618.0 647.0 815.0 320.0 635.0 635.0 182.0 
299.0 476.0 1037.0 709.0 -240.0 472.0 575.0 
562.0 101.0 387.0 801.0 -212.0 316.0 363.0 
654.0 255.0 351.0 886.0 254.0 730.0 72.0 
867.0 1170.0 427.0 961.0 407.0 986.0 1078.0 
788.0 1196.0 1263.0 888.0 925.0 1483.0 1299.0 
1645.0 997.0 1672.0 1552.0 1433.0 1968.0 1128.0 
2385.0 1355.0 2037.0 1874.0 1341.0 1876.0 1304.0 
2190.0 1168.0 1835.0 1179.0 1202.0 1713.0 1213.0 
1691.0 975.0 1561.0 1380.0 1139.0 1334.0 1026.0 
1519.0 1162.0 947.0 1409.0 1005.0 1242.0 1123.0 
1380.0 1647.0 1293.0 1428.0 1074.0 1515.0 1656.0 
1298.0 1580.0 1269.0 1132.0 1457.0 1253.0 1420.0 
1337.0 894.0 1280.0 1208.0 642.0 1362.0 1112.0 
1070.0 1085.0 659.0 1272.0 516.0 965.0 1236.0 
650.0 884.0 690.0 573.0 702.0 1051.0 780.0 
173.0 1239.0 464.0 391.0 1201.0 -2.0 1020.0 
357.0 654.0 512.0 292.0 976.0 371.0 1091.0 
727.0 1094.0 904.0 1088.0 1235.0 1219.0 1078.0 
1212.0 1442.0 719.0 1346.0 708.0 1531.0 1116.0 
494.0 1487.0 608.0 1233.0 837.0 1055.0 1407.0 
678.0 1161.0 943.0 1580.0 871.0 1367.0 1593.0 
686.0 1862.0 640.0 1653.0 1589.0 738.0 1828.0 
984.0 1271.0 1190.0 1390.0 1096.0 1310.0 1261.0 
772.0 1684.0 713.0 1245.0 1409.0 732.0 1351.0 
1059.0 931.0 1448.0 1209.0 1076.0 1558.0 852.0 
1833.0 1034.0 1281.0 2100.0 412.0 2374.0 1177.0 
920.0 2175.0 1054.0 1452.0 1466.0 1838.0 1147.0 
1414.0 1719.0 1292.0 1814.0 1047.0 1928.0 1472.0 
1053.0 1927.0 1063.0 1700.0 1280.0 1102.0 1460.0 
998.0 1088.0 1693.0 847.0 301.0 2010.0 629.0 
206.0 2239.0 387.0 15.0 2259.0 54.0 574.0 
1472.0 -303.0 1023.0 653.0 472.0 -85.0 163.0 
1176.0 -558.0 418.0 622.0 95.0 214.0 356.0 
996.0 -399.0 1207.0 552.0 -234.0 1871.0 52.0 
999.0 1082.0 546.0 1653.0 200.0 1529.0 1322.0 
473.0 1966.0 845.0 879.0 1804.0 920.0 788.0 
1890.0 875.0 587.0 1762.0 861.0 1067.0 1529.0 
1190.0 921.0 1240.0 1524.0 955.0 1356.0 2010.0 
892.0 1477.0 1959.0 842.0 1941.0 1520.0 1401.0 
1581.0 1403.0 1802.0 1140.0 1521.0 1597.0 1052.0 
1656.0 1488.0 1180.0 1670.0 1160.0 1325.0 1352.0 
1642.0 1478.0 896.0 1633.0 1440.0 1001.0 1498.0 
1467.0 645.0 1680.0 887.0 1076.0 1582.0 474.0 
1845.0 571.0 1484.0 1324.0 566.0 1567.0 531.0 
1518.0 477.0 1145.0 1119.0 384.0 1280.0 497.0 
885.0 784.0 894.0 739.0 274.0 939.0 1142.0 
307.0 1345.0 849.0 611.0 1701.0 364.0 1757.0 
1242.0 641.0 1747.0 974.0 1439.0 1079.0 1198.0 
1413.0 1065.0 1072.0 1117.0 1564.0 874.0 1297.0 
1377.0 1000.0 1493.0 1082.0 1220.0 1188.0 1148.0 
1330.0 1327.0 1033.0 1237.0 1284.0 1023.0 1618.0 
849.0 1259.0 1382.0 727.0 1264.0 1052.0 1091.0 
1018.0 1025.0 760.0 492.0 1014.0 773.0 568.0 
707.0 264.0 697.0 231.0 400.0 688.0 194.0 
753.0 121.0 515.0 785.0 664.0 530.0 1009.0 
787.0 444.0 1429.0 613.0 1038.0 1084.0 1143.0 
1254.0 703.0 1144.0 1092.0 941.0 1022.0 1495.0 
805.0 1214.0 1311.0 895.0 1757.0 1351.0 1580.0 
1590.0 1487.0 1654.0 1802.0 1833.0 1815.0 1830.0 
1999.0 1826.0 1396.0 2356.0 1653.0 1993.0 1869.0 
1651.0 2278.0 1181.0 1996.0 1722.0 1638.0 1744.0 
1157.0 1870.0 1362.0 1221.0 1634.0 1381.0 1281.0 
1036.0 1131.0 1188.0 963.0 1041.0 1073.0 842.0 
836.0 842.0 890.0 930.0 798.0 1095.0 416.0 
771.0 911.0 551.0 1135.0 616.0 729.0 718.0 
642.0 825.0 755.0 625.0 822.0 358.0 353.0 
902.0 88.0 738.0 448.0 265.0 750.0 -39.0 
784.0 485.0 230.0 1046.0 437.0 780.0 821.0 
569.0 1187.0 718.0 1067.0 1191.0 706.0 1117.0 
809.0 1060.0 1382.0 1007.0 1107.0 997.0 991.0 
1256.0 1353.0 1035.0 1223.0 1411.0 848.0 1637.0 
1404.0 1266.0 1547.0 1023.0 1644.0 1120.0 1176.0 
1587.0 1127.0 1326.0 1255.0 1360.0 1478.0 1249.0 
1777.0 1488.0 1480.0 1847.0 1296.0 2067.0 1213.0 
1608.0 2102.0 743.0 2001.0 1300.0 1151.0 1718.0 
863.0 1782.0 1351.0 883.0 1716.0 1351.0 806.0 
1520.0 1262.0 700.0 1548.0 543.0 1159.0 1073.0 
505.0 1474.0 559.0 1017.0 774.0 1121.0 796.0 
1023.0 960.0 578.0 1494.0 157.0 1573.0 621.0 
414.0 1567.0 346.0 1084.0 993.0 779.0 1074.0 
1358.0 769.0 1593.0 1323.0 741.0 1934.0 994.0 
1495.0 1581.0 969.0 1663.0 1185.0 1043.0 1903.0 
1360.0 829.0 1739.0 1235.0 1150.0 1440.0 947.0 
1687.0 848.0 1097.0 1565.0 503.0 1582.0 597.0 
1319.0 1197.0 245.0 1845.0 512.0 1084.0 869.0 
911.0 1326.0 201.0 904.0 755.0 705.0 493.0 
799.0 856.0 169.0 583.0 598.0 453.0 916.0 
709.0 315.0 661.0 823.0 454.0 962.0 1289.0 
268.0 1169.0 1038.0 569.0 1428.0 947.0 1054.0 
1046.0 1288.0 874.0 1452.0 1507.0 953.0 1993.0 
1235.0 1545.0 1617.0 1283.0 2269.0 1547.0 1218.0 
2532.0 1331.0 1582.0 2201.0 1622.0 2352.0 1434.0 
2194.0 1543.0 1686.0 2116.0 1175.0 2454.0 968.0 
1087.0 1586.0 783.0 1649.0 666.0 997.0 1542.0 
335.0 1083.0 746.0 587.0 1221.0 519.0 868.0 
547.0 635.0 788.0 1013.0 1170.0 329.0 1334.0 
738.0 803.0 1058.0 574.0 1629.0 191.0 662.0 
1084.0 333.0 1135.0 432.0 590.0 529.0 347.0 
684.0 722.0 715.0 382.0 1012.0 804.0 613.0 
1311.0 722.0 1231.0 1163.0 661.0 1250.0 798.0 
1965.0 975.0 853.0 2163.0 202.0 1696.0 2059.0 
577.0 1604.0 1448.0 1080.0 1543.0 1491.0 927.0 
1971.0 1418.0 1002.0 2264.0 821.0 1720.0 1600.0 
883.0 2361.0 895.0 1199.0 1723.0 609.0 1383.0 
1378.0 1148.0 876.0 98.0 1147.0 1143.0 632.0 
859.0 452.0 535.0 406.0 480.0 1020.0 634.0 
427.0 570.0 533.0 871.0 566.0 999.0 988.0 
599.0 1052.0 994.0 981.0 739.0 1263.0 1027.0 
977.0 1404.0 453.0 1259.0 1337.0 767.0 1657.0 
989.0 1119.0 1515.0 1085.0 1731.0 1636.0 1710.0 
1715.0 1359.0 1720.0 1374.0 1588.0 1871.0 1247.0 
1326.0 1201.0 1247.0 1605.0 1607.0 1112.0 1276.0 
1545.0 1022.0 1899.0 1430.0 1338.0 1913.0 761.0 
1661.0 1996.0 1232.0 1903.0 919.0 1311.0 2226.0 
629.0 1759.0 1558.0 853.0 1695.0 1333.0 1326.0 
1007.0 1101.0 934.0 1497.0 797.0 603.0 866.0 
11.0 1206.0 697.0 747.0 591.0 -75.0 1020.0 
524.0 461.0 1099.0 312.0 94.0 1174.0 918.0 
769.0 768.0 520.0 1238.0 916.0 404.0 1148.0 
1313.0 688.0 1091.0 981.0 1065.0 1033.0 598.0 
1556.0 1361.0 690.0 1194.0 905.0 797.0 1137.0 
631.0 912.0 941.0 596.0 640.0 1026.0 562.0 
557.0 1108.0 450.0 979.0 133.0 652.0 1327.0 
370.0 1374.0 290.0 373.0 1435.0 791.0 1061.0 
1044.0 1033.0 1032.0 1084.0 1449.0 1454.0 1250.0 
1067.0 1304.0 1910.0 1378.0 1417.0 2128.0 1098.0 
2128.0 2004.0 1549.0 2341.0 1191.0 2554.0 2099.0 
1366.0 2352.0 1349.0 2229.0 1968.0 1546.0 2788.0 
1157.0 1520.0 2491.0 1288.0 1644.0 1633.0 1739.0 
1545.0 1002.0 1331.0 1619.0 1251.0 613.0 1722.0 
1209.0 252.0 1429.0 483.0 1187.0 1629.0 533.0 
1106.0 414.0 654.0 698.0 1581.0 927.0 -128.0 
1186.0 65.0 828.0 621.0 419.0 981.0 380.0 
852.0 195.0 779.0 -274.0 782.0 1049.0 -433.0 
878.0 -844.0 654.0 887.0 -208.0 817.0 1088.0 
726.0 -533.0 1241.0 778.0 870.0 1202.0 497.0 
1640.0 170.0 774.0 1831.0 1064.0 1215.0 1231.0 
1492.0 1118.0 1599.0 1758.0 1650.0 1677.0 994.0 
1854.0 1923.0 1574.0 1601.0 1922.0 2070.0 1240.0 
1643.0 1801.0 1386.0 1911.0 1743.0 1453.0 1690.0 
1248.0 1612.0 1811.0 1195.0 1626.0 1448.0 851.0 
891.0 998.0 1872.0 825.0 501.0 1389.0 47.0 
982.0 1319.0 273.0 984.0 860.0 181.0 1052.0 
741.0 118.0 1404.0 756.0 376.0 900.0 705.0 
1018.0 838.0 222.0 1196.0 935.0 496.0 1423.0 
467.0 1025.0 1010.0 930.0 1605.0 760.0 892.0 
1079.0 1523.0 1094.0 1154.0 1097.0 941.0 1277.0 
780.0 2029.0 1117.0 98.0 1882.0 1734.0 605.0 
1566.0 1393.0 1240.0 1592.0 660.0 2184.0 1164.0 
829.0 1768.0 1285.0 1886.0 605.0 1440.0 1545.0 
901.0 1409.0 1774.0 1058.0 229.0 2191.0 1194.0 
1400.0 1061.0 529.0 2316.0 619.0 1294.0 1337.0 
743.0 1164.0 1116.0 1649.0 448.0 1163.0 1124.0 
603.0 1265.0 487.0 1484.0 1290.0 162.0 1299.0 
1167.0 866.0 991.0 946.0 926.0 1072.0 597.0 
448.0 1722.0 453.0 561.0 1504.0 696.0 904.0 
918.0 1298.0 1011.0 811.0 1053.0 1227.0 1204.0 
673.0 975.0 824.0 1200.0 1005.0 510.0 1084.0 
858.0 656.0 846.0 1018.0 817.0 1081.0 620.0 
983.0 1495.0 605.0 1622.0 928.0 874.0 1921.0 
496.0 1519.0 1456.0 583.0 1580.0 768.0 1363.0 
1307.0 898.0 1583.0 1062.0 1552.0 1239.0 1300.0 
1400.0 907.0 1721.0 1516.0 1081.0 1274.0 1111.0 
1179.0 1579.0 1123.0 1295.0 1229.0 906.0 1682.0 
1042.0 1515.0 1263.0 1214.0 2118.0 533.0 1551.0 
1717.0 1075.0 1673.0 1088.0 1393.0 944.0 1278.0 
1109.0 911.0 1590.0 758.0 1163.0 855.0 994.0 
1326.0 829.0 1228.0 603.0 864.0 1023.0 872.0 
1210.0 882.0 811.0 847.0 1263.0 899.0 832.0 
1246.0 595.0 1254.0 950.0 783.0 1238.0 684.0 
1199.0 967.0 1189.0 903.0 705.0 1096.0 1188.0 
1601.0 443.0 888.0 1411.0 1197.0 1417.0 1125.0 
1588.0 993.0 1015.0 1793.0 1375.0 1146.0 1114.0 
1274.0 1312.0 1067.0 1227.0 1410.0 1111.0 1045.0 
1347.0 1070.0 801.0 1022.0 697.0 1039.0 1144.0 
488.0 1054.0 633.0 771.0 1691.0 996.0 454.0 
1178.0 1288.0 701.0 1534.0 1073.0 1043.0 1208.0 
719.0 1679.0 940.0 920.0 1501.0 868.0 1290.0 
1172.0 877.0 1434.0 1324.0 986.0 1335.0 1649.0 
1058.0 1092.0 1343.0 1330.0 1503.0 592.0 1555.0 
1594.0 458.0 1633.0 1077.0 1120.0 1535.0 839.0 
1569.0 1335.0 879.0 1316.0 1319.0 1170.0 977.0 
1058.0 1029.0 1275.0 1057.0 708.0 977.0 1052.0 
877.0 797.0 1109.0 273.0 747.0 1048.0 626.0 
1022.0 473.0 467.0 383.0 1156.0 868.0 224.0 
839.0 316.0 857.0 1160.0 489.0 1101.0 720.0 
339.0 1792.0 1110.0 381.0 607.0 963.0 1446.0 
657.0 870.0 985.0 1062.0 1255.0 1128.0 1486.0 
1260.0 731.0 1420.0 1612.0 1001.0 1457.0 1232.0 
1122.0 1463.0 1540.0 1470.0 1434.0 1401.0 1402.0 
1628.0 1252.0 1409.0 1650.0 1285.0 1591.0 1864.0 
1602.0 1396.0 1502.0 2191.0 1803.0 1330.0 1777.0 
1959.0 1597.0 1486.0 2197.0 1813.0 1365.0 1344.0 
1620.0 1942.0 1380.0 1253.0 1532.0 1384.0 864.0 
1224.0 1281.0 910.0 1127.0 356.0 572.0 1089.0 
283.0 607.0 929.0 189.0 300.0 855.0 232.0 
299.0 812.0 357.0 692.0 457.0 91.0 527.0 
294.0 573.0 573.0 234.0 425.0 336.0 529.0 
420.0 416.0 929.0 565.0 164.0 626.0 1078.0 
514.0 777.0 687.0 684.0 1332.0 348.0 1136.0 
1184.0 783.0 1034.0 1109.0 1717.0 609.0 1318.0 
1464.0 1187.0 1816.0 619.0 1352.0 1948.0 866.0 
1139.0 1970.0 1399.0 1229.0 1651.0 1259.0 1798.0 
1792.0 1341.0 1827.0 1869.0 1537.0 1666.0 1935.0 
1918.0 1626.0 1710.0 1803.0 1486.0 1884.0 1531.0 
1466.0 1990.0 1466.0 1532.0 1666.0 1696.0 1381.0 
1293.0 1858.0 1496.0 1382.0 1274.0 1314.0 1703.0 
1054.0 1108.0 1393.0 885.0 1182.0 1042.0 1092.0 
1073.0 760.0 650.0 498.0 1291.0 261.0 400.0 
777.0 35.0 451.0 310.0 500.0 169.0 366.0 
126.0 417.0 504.0 -189.0 566.0 352.0 560.0 
316.0 320.0 559.0 403.0 916.0 386.0 708.0 
820.0 360.0 745.0 1163.0 1102.0 943.0 1085.0 
890.0 1529.0 1232.0 1333.0 1733.0 1004.0 1668.0 
1356.0 1601.0 1746.0 1461.0 1747.0 1524.0 1906.0 
1334.0 1436.0 1802.0 1741.0 1680.0 1480.0 1750.0 
1456.0 1596.0 1853.0 1813.0 1535.0 1459.0 1919.0 
1501.0 1291.0 1653.0 1564.0 1599.0 1721.0 1376.0 
1330.0 1752.0 1728.0 1391.0 1376.0 1427.0 1113.0 
1230.0 1327.0 1184.0 1113.0 870.0 1221.0 1107.0 
883.0 908.0 894.0 938.0 722.0 921.0 708.0 
438.0 552.0 762.0 470.0 485.0 612.0 423.0 
565.0 358.0 686.0 720.0 663.0 335.0 482.0 
1047.0 411.0 664.0 967.0 596.0 588.0 683.0 
758.0 903.0 862.0 566.0 803.0 840.0 288.0 
980.0 1075.0 592.0 920.0 707.0 991.0 1019.0 
984.0 992.0 998.0 1575.0 1024.0 984.0 1409.0 
1130.0 1375.0 1495.0 1452.0 1387.0 1252.0 1528.0 
1702.0 1877.0 1655.0 1551.0 1647.0 1636.0 1840.0 
1454.0 1708.0 1546.0 1172.0 1816.0 1437.0 1093.0 
1438.0 1225.0 1270.0 1466.0 1195.0 1060.0 1354.0 
1565.0 931.0 1650.0 1751.0 742.0 1702.0 1407.0 
1423.0 1639.0 1097.0 1458.0 1060.0 1510.0 1363.0 
1356.0 1554.0 783.0 1557.0 1546.0 1098.0 1157.0 
1294.0 1303.0 1017.0 1235.0 1204.0 1170.0 1236.0 
985.0 1191.0 1062.0 752.0 1176.0 622.0 915.0 
930.0 212.0 1098.0 601.0 541.0 848.0 349.0 
884.0 553.0 288.0 335.0 554.0 502.0 146.0 
424.0 296.0 438.0 150.0 411.0 646.0 76.0 
503.0 614.0 248.0 359.0 598.0 435.0 317.0 
1005.0 643.0 232.0 1175.0 684.0 762.0 1075.0 
758.0 1035.0 660.0 1048.0 1163.0 1074.0 1162.0 
1023.0 1641.0 1274.0 1546.0 1935.0 1464.0 1817.0 
1664.0 2055.0 1917.0 1704.0 2200.0 1776.0 2115.0 
2127.0 1764.0 2033.0 2110.0 1945.0 2209.0 2477.0 
1858.0 1835.0 2292.0 1937.0 2013.0 2308.0 1794.0 
1480.0 1748.0 1797.0 1465.0 1566.0 1230.0 1401.0 
1145.0 595.0 1413.0 871.0 685.0 903.0 891.0 
712.0 592.0 991.0 374.0 567.0 804.0 590.0 
508.0 185.0 501.0 307.0 210.0 922.0 136.0 
40.0 912.0 502.0 750.0 663.0 401.0 833.0 
572.0 669.0 1112.0 623.0 608.0 831.0 685.0 
1101.0 806.0 616.0 796.0 919.0 1117.0 933.0 
969.0 1085.0 893.0 1000.0 1307.0 1100.0 910.0 
997.0 1349.0 1272.0 1175.0 1321.0 1225.0 1157.0 
1271.0 1584.0 1458.0 1216.0 1068.0 1240.0 1483.0 
1336.0 1479.0 1283.0 1157.0 1356.0 1057.0 1659.0 
1594.0 925.0 1474.0 1172.0 1323.0 1438.0 1088.0 
1148.0 1162.0 1205.0 914.0 1428.0 827.0 891.0 
1379.0 850.0 1162.0 938.0 1110.0 1215.0 780.0 
1175.0 1453.0 814.0 1304.0 1146.0 980.0 1364.0 
827.0 1525.0 1146.0 973.0 1128.0 954.0 1274.0 
1098.0 1312.0 1131.0 875.0 1187.0 1399.0 1181.0 
1423.0 1170.0 990.0 1564.0 1222.0 1340.0 1362.0 
1073.0 1499.0 1114.0 1201.0 1352.0 1102.0 1435.0 
1091.0 1183.0 1243.0 842.0 861.0 1165.0 1344.0 
753.0 476.0 1246.0 920.0 723.0 1378.0 1120.0 
964.0 754.0 1231.0 1294.0 794.0 1133.0 1278.0 
887.0 470.0 1042.0 996.0 788.0 1417.0 997.0 
792.0 841.0 1033.0 1532.0 1019.0 1483.0 1356.0 
623.0 1648.0 1170.0 1114.0 1581.0 1152.0 1390.0 
624.0 1063.0 1543.0 913.0 1282.0 1162.0 754.0 
898.0 944.0 989.0 1411.0 948.0 770.0 940.0 
622.0 977.0 1043.0 989.0 903.0 800.0 924.0 
951.0 1112.0 1126.0 1010.0 1498.0 1138.0 606.0 
1373.0 906.0 1256.0 1246.0 649.0 1011.0 404.0 
984.0 1064.0 662.0 825.0 604.0 627.0 1018.0 
892.0 575.0 1192.0 956.0 560.0 938.0 1078.0 
949.0 913.0 1212.0 1433.0 1140.0 1256.0 1348.0 
1371.0 1589.0 1356.0 1408.0 1548.0 1150.0 1495.0 
2099.0 1184.0 1355.0 1673.0 1406.0 1883.0 1410.0 
1494.0 1773.0 1106.0 2003.0 1781.0 1008.0 1885.0 
1323.0 1472.0 1379.0 1103.0 1644.0 1192.0 1303.0 
1440.0 1218.0 1281.0 1306.0 1222.0 1458.0 1269.0 
781.0 1071.0 1305.0 1001.0 1042.0 1060.0 772.0 
698.0 731.0 1305.0 856.0 420.0 869.0 321.0 
703.0 706.0 355.0 775.0 283.0 555.0 885.0 
184.0 496.0 863.0 759.0 1043.0 663.0 545.0 
1131.0 1094.0 1122.0 1460.0 1135.0 990.0 851.0 
1399.0 1608.0 983.0 1448.0 1044.0 1036.0 1320.0 
1099.0 1507.0 1159.0 1091.0 1371.0 1331.0 1343.0 
1180.0 1097.0 1199.0 1379.0 1222.0 968.0 984.0 
1394.0 1080.0 1116.0 1517.0 825.0 1154.0 1369.0 
1138.0 1364.0 1246.0 1045.0 1086.0 1161.0 1032.0 
1238.0 1342.0 1021.0 1123.0 1157.0 944.0 1238.0 
1194.0 1132.0 1219.0 697.0 1034.0 1724.0 907.0 
1014.0 1295.0 804.0 1223.0 919.0 1214.0 1275.0 
621.0 904.0 1178.0 1040.0 810.0 1222.0 823.0 
794.0 996.0 770.0 1165.0 1175.0 1408.0 1195.0 
920.0 1083.0 1304.0 1408.0 1451.0 1634.0 934.0 
692.0 1195.0 1331.0 1241.0 1388.0 907.0 343.0 
1279.0 1050.0 861.0 1168.0 826.0 1051.0 713.0 
838.0 857.0 1202.0 1029.0 618.0 1119.0 515.0 
1063.0 1112.0 841.0 1302.0 955.0 865.0 830.0 
1446.0 1254.0 1072.0 1281.0 908.0 1222.0 1027.0 
1089.0 1334.0 1230.0 979.0 990.0 1106.0 873.0 
1299.0 1439.0 1492.0 1244.0 1005.0 1342.0 1441.0 
1494.0 1605.0 1439.0 887.0 1102.0 1397.0 1460.0 
1439.0 1188.0 992.0 1093.0 1425.0 1231.0 1195.0 
1082.0 1181.0 1213.0 1175.0 1163.0 1080.0 1444.0 
1179.0 891.0 979.0 1242.0 720.0 570.0 1239.0 
653.0 429.0 743.0 582.0 714.0 760.0 725.0 
780.0 397.0 1130.0 1124.0 696.0 1205.0 846.0 
1524.0 1211.0 1057.0 1435.0 1021.0 1418.0 1136.0 
1352.0 1213.0 1199.0 1117.0 1231.0 1530.0 935.0 
1319.0 1175.0 1714.0 1675.0 1027.0 1436.0 1430.0 
1585.0 1493.0 1625.0 1512.0 1276.0 1215.0 1255.0 
1584.0 1302.0 1112.0 1225.0 1091.0 873.0 1325.0 
1216.0 784.0 1366.0 988.0 793.0 1118.0 890.0 
1320.0 965.0 1103.0 1481.0 505.0 882.0 1447.0 
1016.0 835.0 884.0 750.0 837.0 933.0 667.0 
799.0 844.0 328.0 672.0 590.0 145.0 897.0 
306.0 663.0 770.0 189.0 982.0 514.0 686.0 
968.0 777.0 701.0 928.0 1203.0 1104.0 1268.0 
1206.0 983.0 1166.0 1655.0 1211.0 1351.0 1361.0 
1231.0 1566.0 1226.0 1370.0 1445.0 1387.0 1356.0 
1508.0 1416.0 1327.0 1706.0 1220.0 1562.0 1714.0 
1298.0 1928.0 1460.0 1243.0 1623.0 2000.0 1506.0 
1395.0 1872.0 1129.0 1740.0 1579.0 1717.0 1534.0 
928.0 1670.0 658.0 1276.0 1304.0 733.0 1541.0 
371.0 883.0 812.0 734.0 1318.0 394.0 1324.0 
814.0 637.0 853.0 470.0 1258.0 840.0 758.0 
567.0 744.0 798.0 459.0 1208.0 897.0 708.0 
746.0 539.0 824.0 859.0 1181.0 777.0 536.0 
1149.0 571.0 987.0 1051.0 786.0 1616.0 237.0 
743.0 1335.0 529.0 1466.0 824.0 934.0 1078.0 
632.0 1455.0 1078.0 1127.0 1631.0 1074.0 1270.0 
1534.0 1031.0 1538.0 1719.0 1287.0 1528.0 1119.0 
1267.0 1678.0 964.0 1582.0 1717.0 697.0 1557.0 
1385.0 941.0 1524.0 1258.0 1277.0 667.0 823.0 
1343.0 815.0 1017.0 1175.0 1141.0 746.0 531.0 
1225.0 1334.0 1137.0 893.0 996.0 988.0 913.0 
1188.0 994.0 1431.0 631.0 778.0 1494.0 576.0 
1092.0 748.0 895.0 1303.0 735.0 1110.0 490.0 
853.0 1308.0 671.0 1265.0 724.0 908.0 1462.0 
902.0 1702.0 1331.0 769.0 1197.0 1551.0 1559.0 
1045.0 1337.0 1446.0 1293.0 1071.0 1011.0 1358.0 
1159.0 1176.0 1536.0 1024.0 958.0 1435.0 1143.0 
1430.0 1374.0 1238.0 1443.0 1292.0 1329.0 1485.0 
1709.0 1099.0 1371.0 1737.0 1411.0 1452.0 1216.0 
1540.0 1412.0 1342.0 1392.0 1108.0 1124.0 1244.0 
1398.0 1491.0 1131.0 821.0 1629.0 1108.0 1069.0 
1268.0 933.0 1253.0 686.0 1249.0 937.0 682.0 
1159.0 1080.0 1005.0 928.0 1010.0 534.0 1048.0 
720.0 799.0 1089.0 298.0 630.0 700.0 501.0 
667.0 334.0 438.0 628.0 48.0 728.0 387.0 
191.0 452.0 195.0 853.0 284.0 451.0 732.0 
816.0 882.0 773.0 1020.0 976.0 1267.0 897.0 
1260.0 1177.0 947.0 1411.0 1097.0 1122.0 1198.0 
1443.0 1318.0 1242.0 1222.0 1276.0 1467.0 1294.0 
1473.0 1492.0 1343.0 1265.0 1644.0 1615.0 1641.0 
1629.0 1613.0 1927.0 1518.0 2041.0 1815.0 1769.0 
1966.0 1516.0 2005.0 1492.0 1652.0 1438.0 1446.0 
1766.0 1113.0 1374.0 1049.0 1307.0 1503.0 1292.0 
1226.0 1149.0 1401.0 1314.0 1509.0 1427.0 1296.0 
1247.0 1013.0 1133.0 1631.0 1315.0 690.0 992.0 
848.0 798.0 837.0 750.0 843.0 582.0 794.0 
560.0 488.0 881.0 833.0 710.0 555.0 770.0 
657.0 977.0 921.0 476.0 1150.0 485.0 364.0 
1174.0 593.0 775.0 671.0 567.0 825.0 407.0 
671.0 802.0 390.0 613.0 895.0 241.0 525.0 
798.0 726.0 1208.0 606.0 677.0 1036.0 1034.0 
1305.0 1215.0 1233.0 1004.0 1176.0 1536.0 1302.0 
1330.0 1483.0 1360.0 1428.0 1221.0 1268.0 1607.0 
1530.0 1467.0 953.0 1369.0 1466.0 1309.0 1800.0 
1269.0 1377.0 1377.0 1215.0 1247.0 1595.0 1828.0 
1093.0 1571.0 1392.0 1458.0 1950.0 1138.0 1742.0 
1610.0 1077.0 1287.0 1122.0 1638.0 1066.0 1017.0 
1496.0 671.0 794.0 1341.0 1096.0 814.0 1217.0 
851.0 546.0 1122.0 1282.0 1031.0 826.0 1381.0 
1262.0 1133.0 1255.0 852.0 1355.0 1202.0 1018.0 
1456.0 670.0 843.0 1114.0 990.0 753.0 548.0 
1405.0 345.0 -108.0 1051.0 1231.0 416.0 210.0 
1215.0 909.0 372.0 686.0 663.0 1142.0 1158.0 
255.0 1206.0 1255.0 733.0 927.0 1370.0 1954.0 
513.0 907.0 1733.0 1256.0 1036.0 826.0 1686.0 
1530.0 729.0 1356.0 1423.0 856.0 1528.0 1456.0 
780.0 1246.0 1541.0 770.0 1011.0 2147.0 867.0 
599.0 1548.0 1287.0 1319.0 896.0 1682.0 1333.0 
535.0 1911.0 1057.0 928.0 1946.0 847.0 1574.0 
1431.0 1169.0 1965.0 415.0 1772.0 1697.0 357.0 
1611.0 892.0 571.0 1501.0 1063.0 681.0 1348.0 
613.0 1035.0 1169.0 874.0 861.0 431.0 1906.0 
328.0 673.0 2008.0 -75.0 1461.0 1841.0 -128.0 
1840.0 1439.0 -162.0 2452.0 769.0 560.0 2325.0 
-313.0 1414.0 1504.0 131.0 2171.0 645.0 793.0 
1636.0 727.0 1081.0 1226.0 1231.0 821.0 1352.0 
1304.0 1007.0 977.0 1243.0 1249.0 975.0 1026.0 
997.0 1369.0 483.0 1222.0 1411.0 940.0 953.0 
825.0 1534.0 945.0 599.0 1162.0 1472.0 773.0 
1128.0 930.0 1034.0 1144.0 1072.0 1505.0 506.0 
1065.0 1131.0 842.0 1109.0 1222.0 649.0 727.0 
976.0 658.0 1323.0 653.0 667.0 1057.0 506.0 
1178.0 714.0 324.0 1224.0 627.0 882.0 792.0 
852.0 1035.0 893.0 1181.0 142.0 1403.0 999.0 
470.0 1600.0 587.0 1699.0 793.0 1184.0 1850.0 
317.0 2525.0 591.0 1754.0 1948.0 356.0 2599.0 
475.0 2122.0 1219.0 1161.0 1936.0 253.0 2017.0 
788.0 1362.0 1173.0 983.0 1755.0 810.0 1431.0 
866.0 1579.0 1339.0 783.0 1694.0 640.0 1626.0 
1304.0 1378.0 1512.0 966.0 1826.0 761.0 1754.0 
1198.0 1263.0 1803.0 984.0 1510.0 1190.0 1301.0 
1153.0 1603.0 643.0 1177.0 1553.0 160.0 1653.0 
710.0 962.0 842.0 408.0 1657.0 385.0 1176.0 
661.0 839.0 1366.0 683.0 1433.0 951.0 1217.0 
1196.0 1039.0 1025.0 1087.0 1420.0 729.0 967.0 
1553.0 575.0 1261.0 1142.0 494.0 1826.0 449.0 
1111.0 1343.0 397.0 1614.0 574.0 1123.0 1044.0 
683.0 1135.0 809.0 1110.0 735.0 1354.0 434.0 
954.0 1146.0 492.0 1436.0 600.0 1003.0 610.0 
1248.0 1059.0 555.0 1513.0 638.0 1402.0 1157.0 
849.0 1248.0 1329.0 1189.0 1168.0 1523.0 1079.0 
1430.0 1256.0 1389.0 1414.0 1283.0 1261.0 1209.0 
1640.0 1324.0 1301.0 1301.0 1199.0 1331.0 1203.0 
1222.0 1446.0 807.0 1032.0 1289.0 875.0 1355.0 
827.0 1135.0 1248.0 941.0 1300.0 854.0 1196.0 
760.0 1028.0 1317.0 614.0 971.0 866.0 891.0 
952.0 726.0 657.0 863.0 828.0 794.0 965.0 
820.0 678.0 973.0 1273.0 976.0 903.0 1010.0 
1114.0 1379.0 1176.0 1004.0 1297.0 1179.0 1335.0 
1426.0 1274.0 1339.0 1293.0 1367.0 1296.0 1403.0 
1059.0 1125.0 1378.0 1122.0 1316.0 1025.0 1069.0 
1266.0 1217.0 1214.0 1186.0 1283.0 1128.0 1252.0 
1235.0 1186.0 1205.0 1068.0 1258.0 1171.0 1083.0 
1175.0 1159.0 1359.0 1350.0 1205.0 976.0 966.0 
1229.0 1241.0 1077.0 797.0 876.0 977.0 894.0 
883.0 842.0 866.0 922.0 784.0 889.0 973.0 
808.0 1008.0 923.0 995.0 1120.0 989.0 999.0 
998.0 1041.0 867.0 1092.0 1028.0 841.0 1403.0 
1143.0 1029.0 1273.0 988.0 1081.0 1189.0 1174.0 
1072.0 1310.0 1083.0 858.0 1388.0 1004.0 1029.0 
1101.0 1116.0 1246.0 802.0 1197.0 1001.0 989.0 
1237.0 770.0 1226.0 946.0 903.0 1468.0 882.0 
1091.0 1228.0 911.0 1360.0 1131.0 927.0 1189.0 
989.0 1102.0 967.0 911.0 1030.0 881.0 892.0 
918.0 1052.0 708.0 890.0 962.0 665.0 1113.0 
892.0 672.0 1144.0 1114.0 947.0 1317.0 1297.0 
1027.0 1191.0 1495.0 1276.0 1255.0 1507.0 1280.0 
1696.0 1370.0 1419.0 1771.0 1430.0 1878.0 1469.0 
1685.0 1638.0 1292.0 1746.0 1363.0 1412.0 1396.0 
1312.0 1258.0 1161.0 1367.0 1161.0 1261.0 1160.0 
1103.0 1174.0 752.0 1298.0 1194.0 817.0 983.0 
1083.0 1149.0 710.0 1204.0 886.0 781.0 1156.0 
657.0 965.0 754.0 674.0 959.0 928.0 874.0 
711.0 876.0 662.0 750.0 979.0 742.0 967.0 
804.0 761.0 1243.0 883.0 910.0 1169.0 880.0 
1168.0 963.0 919.0 1072.0 643.0 1157.0 1003.0 
670.0 1089.0 785.0 874.0 1141.0 1016.0 1082.0 
1139.0 938.0 1125.0 1263.0 1061.0 1195.0 1027.0 
1189.0 1217.0 900.0 1344.0 1290.0 980.0 1419.0 
1292.0 1106.0 1388.0 1172.0 1072.0 1200.0 1324.0 
1163.0 1041.0 1206.0 1129.0 1298.0 1284.0 1103.0 
1273.0 1095.0 1093.0 1350.0 1129.0 1263.0 1265.0 
903.0 1235.0 1125.0 936.0 1008.0 786.0 885.0 
860.0 846.0 990.0 994.0 638.0 1013.0 1206.0 
934.0 1205.0 1056.0 1373.0 1195.0 1252.0 1379.0 
1290.0 1617.0 1282.0 1681.0 1550.0 1467.0 1771.0 
1536.0 1703.0 1476.0 1475.0 1759.0 1503.0 1545.0 
1563.0 1387.0 1558.0 1337.0 1459.0 1333.0 1133.0 
1620.0 1320.0 1391.0 1422.0 1131.0 1225.0 1228.0 
1284.0 937.0 951.0 964.0 756.0 816.0 670.0 
764.0 606.0 511.0 461.0 336.0 527.0 209.0 
337.0 556.0 306.0 530.0 230.0 243.0 583.0 
127.0 560.0 629.0 341.0 694.0 550.0 598.0 
726.0 703.0 710.0 853.0 805.0 883.0 1039.0 
891.0 1359.0 940.0 1085.0 1713.0 866.0 1514.0 
1468.0 1237.0 1722.0 1306.0 1456.0 1358.0 1418.0 
1357.0 1486.0 1437.0 1363.0 1581.0 1371.0 1413.0 
1390.0 1377.0 1410.0 1486.0 1446.0 1326.0 1337.0 
1505.0 1345.0 1584.0 1637.0 1331.0 1550.0 1336.0 
1469.0 1443.0 1416.0 1690.0 1462.0 1593.0 1594.0 
1472.0 1735.0 1385.0 1429.0 1759.0 1356.0 1468.0 
1534.0 1455.0 1403.0 1467.0 1303.0 1160.0 1414.0 
1160.0 1206.0 1223.0 917.0 969.0 907.0 723.0 
910.0 402.0 543.0 753.0 171.0 479.0 656.0 
583.0 242.0 596.0 607.0 297.0 537.0 325.0 
605.0 574.0 274.0 553.0 589.0 581.0 566.0 
664.0 745.0 326.0 618.0 723.0 664.0 611.0 
674.0 726.0 636.0 929.0 732.0 1078.0 905.0 
824.0 1126.0 1021.0 1050.0 1156.0 1335.0 1082.0 
1321.0 1373.0 1140.0 1407.0 1458.0 1337.0 1419.0 
1259.0 1187.0 1479.0 1249.0 1277.0 1576.0 1195.0 
1654.0 1605.0 1164.0 1794.0 1413.0 1497.0 1834.0 
1617.0 1542.0 1540.0 1717.0 1538.0 1478.0 1657.0 
1514.0 1335.0 1829.0 1456.0 1131.0 1687.0 1359.0 
1205.0 1629.0 1448.0 1371.0 1349.0 1124.0 1638.0 
1457.0 962.0 1272.0 1134.0 945.0 1118.0 1112.0 
1149.0 978.0 1015.0 1114.0 856.0 1101.0 959.0 
936.0 1089.0 610.0 1001.0 873.0 656.0 1084.0 
687.0 869.0 913.0 926.0 1123.0 995.0 1070.0 
1106.0 1181.0 1001.0 1043.0 1078.0 1006.0 1002.0 
837.0 727.0 816.0 662.0 704.0 840.0 611.0 
581.0 604.0 782.0 786.0 676.0 745.0 717.0 
780.0 902.0 874.0 1040.0 840.0 1025.0 1107.0 
814.0 1202.0 998.0 1035.0 1100.0 897.0 1083.0 
978.0 1063.0 1181.0 729.0 982.0 1119.0 630.0 
1037.0 991.0 697.0 817.0 898.0 936.0 784.0 
880.0 974.0 1006.0 1113.0 1010.0 982.0 1292.0 
1154.0 1244.0 1572.0 1335.0 1523.0 1676.0 1602.0 
1917.0 1813.0 1692.0 1973.0 1655.0 1840.0 1948.0 
1552.0 1745.0 1631.0 1665.0 1699.0 1573.0 1670.0 
1404.0 1622.0 1736.0 1446.0 1461.0 1529.0 1590.0 
1236.0 1576.0 1364.0 1024.0 1323.0 1230.0 1127.0 
929.0 1226.0 903.0 1132.0 954.0 861.0 1280.0 
439.0 1282.0 960.0 535.0 1144.0 491.0 1018.0 
749.0 639.0 849.0 564.0 951.0 664.0 809.0 
776.0 686.0 842.0 704.0 869.0 876.0 762.0 
863.0 867.0 765.0 869.0 857.0 741.0 695.0 
891.0 639.0 766.0 779.0 386.0 982.0 759.0 
399.0 862.0 908.0 629.0 863.0 866.0 609.0 
988.0 825.0 832.0 1123.0 800.0 1054.0 1380.0 
800.0 1140.0 1549.0 997.0 1577.0 1561.0 1104.0 
1754.0 1755.0 1353.0 1579.0 1667.0 1189.0 1386.0 
1636.0 1360.0 1098.0 1168.0 1379.0 1223.0 1338.0 
1041.0 995.0 1341.0 1095.0 1101.0 1087.0 1102.0 
1158.0 887.0 1068.0 1077.0 1054.0 1144.0 894.0 
1322.0 947.0 904.0 1505.0 695.0 1161.0 1531.0 
806.0 1226.0 995.0 1089.0 1585.0 923.0 1065.0 
1152.0 1106.0 1541.0 1146.0 1132.0 1603.0 1238.0 
1348.0 1545.0 771.0 1361.0 1733.0 915.0 1136.0 
1336.0 1177.0 1073.0 1207.0 1267.0 1011.0 1145.0 
1076.0 1221.0 1315.0 1193.0 1516.0 1367.0 1456.0 
1671.0 1626.0 1608.0 1598.0 1572.0 1614.0 1485.0 
1266.0 1642.0 1053.0 1322.0 1475.0 815.0 1325.0 
825.0 916.0 992.0 849.0 793.0 565.0 991.0 
706.0 850.0 615.0 619.0 891.0 459.0 769.0 
403.0 317.0 797.0 466.0 380.0 348.0 548.0 
563.0 319.0 396.0 353.0 605.0 272.0 267.0 
506.0 236.0 523.0 177.0 433.0 607.0 300.0 
572.0 494.0 840.0 809.0 721.0 784.0 922.0 
1164.0 852.0 1199.0 1407.0 938.0 1290.0 1640.0 
1214.0 1466.0 1846.0 1584.0 1495.0 1707.0 1925.0 
2078.0 1832.0 2044.0 1982.0 2060.0 2487.0 1847.0 
2367.0 2175.0 2203.0 2496.0 2089.0 2224.0 1959.0 
2244.0 1949.0 1824.0 1844.0 1940.0 1500.0 1355.0 
1816.0 1311.0 1582.0 1328.0 1145.0 1385.0 1064.0 
1114.0 1025.0 790.0 1026.0 755.0 323.0 765.0 
749.0 475.0 242.0 348.0 652.0 381.0 437.0 
303.0 741.0 720.0 386.0 864.0 509.0 1070.0 
797.0 505.0 1124.0 867.0 1213.0 752.0 902.0 
941.0 922.0 1222.0 457.0 1190.0 767.0 655.0 
1165.0 602.0 1013.0 885.0 898.0 969.0 987.0 
827.0 1056.0 991.0 827.0 966.0 689.0 1126.0 
543.0 902.0 679.0 681.0 1208.0 407.0 975.0 
867.0 928.0 972.0 897.0 1000.0 1058.0 915.0 
892.0 1528.0 702.0 939.0 1379.0 822.0 1296.0 
1285.0 858.0 1245.0 1213.0 1016.0 1095.0 1169.0 
1420.0 947.0 1199.0 1303.0 979.0 950.0 1428.0 
1483.0 905.0 1633.0 970.0 1570.0 1647.0 1044.0 
2019.0 1086.0 1530.0 1797.0 1480.0 1806.0 1490.0 
1545.0 1875.0 1566.0 1522.0 1932.0 1497.0 1435.0 
1730.0 1796.0 1291.0 1284.0 1299.0 1156.0 1437.0 
1122.0 1238.0 903.0 932.0 1674.0 999.0 1027.0 
1213.0 1060.0 1570.0 1209.0 1105.0 1194.0 1297.0 
1159.0 956.0 1523.0 948.0 860.0 1286.0 831.0 
991.0 773.0 912.0 1012.0 562.0 672.0 588.0 
715.0 508.0 733.0 805.0 348.0 535.0 743.0 
762.0 813.0 670.0 667.0 784.0 720.0 1036.0 
681.0 865.0 796.0 640.0 933.0 784.0 888.0 
802.0 970.0 593.0 877.0 930.0 835.0 880.0 
1039.0 1184.0 439.0 1145.0 904.0 822.0 1136.0 
584.0 1228.0 952.0 700.0 1368.0 895.0 1236.0 
1244.0 869.0 1401.0 627.0 1196.0 1294.0 679.0 
1209.0 903.0 1073.0 1093.0 958.0 1222.0 1091.0 
832.0 1427.0 1453.0 1347.0 1359.0 1324.0 1775.0 
1506.0 1655.0 1302.0 1851.0 1843.0 1494.0 1901.0 
1435.0 1971.0 1615.0 1851.0 1821.0 1560.0 1891.0 
1545.0 1913.0 1544.0 1669.0 1757.0 1441.0 1632.0 
1591.0 1367.0 1477.0 1595.0 1268.0 1386.0 1439.0 
1359.0 1257.0 1224.0 1360.0 1212.0 785.0 1092.0 
1070.0 784.0 1128.0 545.0 723.0 1038.0 651.0 
889.0 782.0 618.0 786.0 802.0 623.0 852.0 
711.0 650.0 996.0 682.0 960.0 856.0 635.0 
957.0 918.0 722.0 660.0 655.0 445.0 796.0 
501.0 454.0 720.0 521.0 632.0 581.0 508.0 
683.0 725.0 476.0 875.0 732.0 767.0 909.0 
916.0 778.0 790.0 1227.0 653.0 945.0 874.0 
944.0 1184.0 863.0 1056.0 891.0 926.0 990.0 
995.0 924.0 995.0 768.0 829.0 1211.0 852.0 
740.0 1022.0 1261.0 928.0 1005.0 1508.0 1046.0 
1196.0 1502.0 1463.0 1649.0 1295.0 1498.0 1563.0 
1828.0 1886.0 1414.0 1733.0 1837.0 1811.0 1715.0 
1840.0 1745.0 1911.0 1729.0 1776.0 1897.0 1442.0 
2151.0 1636.0 1991.0 2235.0 1449.0 2313.0 2013.0 
1851.0 2298.0 1733.0 1877.0 1928.0 1404.0 1803.0 
1333.0 1170.0 1592.0 810.0 955.0 1099.0 564.0 
776.0 909.0 287.0 543.0 451.0 -57.0 835.0 
262.0 -143.0 536.0 14.0 315.0 697.0 152.0 
368.0 310.0 477.0 925.0 259.0 558.0 905.0 
441.0 808.0 741.0 412.0 1246.0 1015.0 678.0 
1138.0 925.0 1202.0 945.0 1125.0 1364.0 992.0 
1159.0 980.0 1028.0 988.0 920.0 901.0 997.0 
1024.0 521.0 1123.0 1308.0 597.0 1328.0 1261.0 
839.0 1187.0 1298.0 1531.0 1173.0 1213.0 1240.0 
1158.0 1151.0 1083.0 1166.0 1118.0 1087.0 793.0 
1114.0 1050.0 1263.0 1412.0 1097.0 1253.0 1273.0 
1067.0 1113.0 1666.0 669.0 1640.0 1687.0 457.0 
2041.0 990.0 1322.0 1855.0 722.0 1724.0 1633.0 
1093.0 1407.0 1586.0 1196.0 1866.0 1749.0 1042.0 
1656.0 1280.0 1495.0 1752.0 1191.0 1208.0 1428.0 
1448.0 916.0 1533.0 1521.0 646.0 1478.0 459.0 
855.0 1453.0 244.0 1497.0 524.0 841.0 1415.0 
222.0 1271.0 204.0 1193.0 1526.0 58.0 1031.0 
179.0 1015.0 1204.0 574.0 896.0 585.0 852.0 
745.0 1277.0 628.0 765.0 897.0 667.0 1093.0 
542.0 1036.0 613.0 1203.0 1341.0 550.0 1321.0 
840.0 940.0 1295.0 1138.0 1002.0 997.0 935.0 
1123.0 1361.0 977.0 1071.0 1210.0 1088.0 835.0 
1435.0 1112.0 761.0 1294.0 922.0 958.0 1143.0 
857.0 1092.0 1424.0 978.0 1079.0 987.0 1207.0 
1453.0 1247.0 1594.0 1167.0 1117.0 1631.0 1394.0 
998.0 1648.0 1467.0 845.0 1461.0 1078.0 1329.0 
1557.0 1041.0 1595.0 1323.0 1021.0 1528.0 1375.0 
1168.0 1736.0 1524.0 1250.0 1293.0 959.0 1425.0 
1220.0 1147.0 1163.0 1161.0 1450.0 435.0 1480.0 
1503.0 843.0 1448.0 801.0 1420.0 1057.0 1102.0 
1415.0 1278.0 1298.0 808.0 1406.0 997.0 1115.0 
1185.0 1026.0 1045.0 936.0 1052.0 348.0 1111.0 
495.0 569.0 1014.0 -211.0 898.0 476.0 209.0 
552.0 426.0 718.0 218.0 675.0 903.0 536.0 
706.0 1637.0 680.0 198.0 1606.0 615.0 736.0 
1254.0 688.0 941.0 457.0 1129.0 1005.0 629.0 
1351.0 591.0 1045.0 1163.0 855.0 1052.0 1177.0 
1268.0 913.0 1653.0 1008.0 1135.0 1560.0 1268.0 
2003.0 1033.0 1307.0 1659.0 1202.0 1492.0 1359.0 
1479.0 1496.0 1080.0 1169.0 1853.0 1147.0 1423.0 
1824.0 1097.0 1515.0 1666.0 1361.0 1473.0 1999.0 
1308.0 1239.0 1977.0 1201.0 1638.0 1187.0 1370.0 
1847.0 596.0 1884.0 1181.0 1250.0 1183.0 958.0 
1475.0 495.0 1624.0 288.0 1067.0 1115.0 627.0 
1617.0 269.0 1277.0 919.0 1292.0 999.0 1000.0 
1495.0 679.0 1979.0 806.0 1361.0 1259.0 945.0 
1676.0 793.0 1434.0 920.0 980.0 1060.0 1172.0 
736.0 573.0 993.0 402.0 916.0 239.0 578.0 
593.0 173.0 1053.0 39.0 484.0 751.0 407.0 
767.0 550.0 525.0 411.0 919.0 581.0 705.0 
450.0 837.0 1293.0 -207.0 1369.0 1128.0 101.0 
1588.0 553.0 1125.0 1251.0 379.0 1623.0 631.0 
1227.0 1430.0 609.0 1410.0 1030.0 1060.0 1217.0 
1112.0 868.0 1655.0 1099.0 1043.0 2052.0 756.0 
1822.0 1867.0 950.0 2334.0 1249.0 1810.0 2257.0 
1110.0 2435.0 1787.0 1620.0 1861.0 1755.0 1837.0 
1525.0 1826.0 1368.0 1763.0 1525.0 1453.0 1499.0 
1319.0 1734.0 1316.0 1305.0 1539.0 1578.0 1355.0 
1456.0 1201.0 1258.0 1476.0 1156.0 1426.0 1092.0 
1275.0 1271.0 941.0 1226.0 910.0 967.0 1006.0 
881.0 730.0 663.0 800.0 550.0 895.0 645.0 
473.0 916.0 360.0 566.0 650.0 201.0 640.0 
422.0 196.0 508.0 297.0 717.0 429.0 421.0 
934.0 360.0 987.0 910.0 683.0 1043.0 863.0 
1076.0 800.0 907.0 1180.0 723.0 1261.0 984.0 
579.0 1444.0 685.0 1476.0 1128.0 649.0 1925.0 
875.0 1489.0 1176.0 1398.0 1683.0 839.0 1731.0 
783.0 1407.0 1504.0 636.0 1511.0 824.0 1095.0 
1283.0 700.0 1396.0 959.0 955.0 1033.0 769.0 
1312.0 927.0 1202.0 1189.0 1025.0 1277.0 1182.0 
1489.0 1287.0 1293.0 1396.0 1559.0 1358.0 1094.0 
1590.0 1569.0 1288.0 1380.0 1425.0 1274.0 1522.0 
1231.0 1332.0 1397.0 1091.0 1519.0 1159.0 1604.0 
1503.0 1134.0 1524.0 1246.0 1491.0 1426.0 1303.0 
1075.0 1298.0 1206.0 939.0 1224.0 745.0 1186.0 
906.0 990.0 1285.0 550.0 1374.0 850.0 927.0 
1594.0 633.0 1238.0 1015.0 1022.0 1330.0 1075.0 
1140.0 786.0 1418.0 862.0 1124.0 1279.0 858.0 
1334.0 961.0 1104.0 993.0 965.0 1224.0 1098.0 
997.0 1062.0 783.0 804.0 686.0 886.0 1084.0 
804.0 768.0 600.0 1077.0 777.0 588.0 809.0 
772.0 581.0 706.0 893.0 683.0 955.0 789.0 
1072.0 705.0 738.0 1370.0 877.0 1047.0 724.0 
844.0 1348.0 722.0 831.0 1062.0 887.0 1126.0 
882.0 989.0 1361.0 1110.0 1347.0 1059.0 1074.0 
1445.0 1152.0 1425.0 1005.0 1097.0 1528.0 893.0 
1019.0 1390.0 1396.0 863.0 940.0 1476.0 1274.0 
1400.0 1088.0 1571.0 1739.0 1138.0 1873.0 1159.0 
1435.0 1975.0 1347.0 1839.0 1261.0 1589.0 1654.0 
1504.0 1914.0 1264.0 1906.0 1347.0 1186.0 1581.0 
1157.0 1704.0 1211.0 1117.0 1145.0 1525.0 1431.0 
666.0 1549.0 1034.0 1054.0 1379.0 362.0 1524.0 
1073.0 626.0 1430.0 375.0 965.0 882.0 480.0 
877.0 513.0 765.0 659.0 689.0 545.0 572.0 
860.0 666.0 989.0 726.0 627.0 869.0 600.0 
861.0 1114.0 730.0 765.0 790.0 1036.0 1234.0 
803.0 1267.0 997.0 984.0 1060.0 523.0 1177.0 
748.0 834.0 1215.0 394.0 737.0 608.0 632.0 
962.0 783.0 1045.0 760.0 806.0 927.0 1094.0 
1121.0 1084.0 1380.0 1060.0 1315.0 1448.0 1428.0 
1715.0 1613.0 1513.0 1774.0 1413.0 1453.0 2066.0 
1531.0 1731.0 1404.0 1400.0 1717.0 1335.0 1542.0 
1312.0 1836.0 1307.0 1184.0 1905.0 1427.0 1480.0 
1268.0 1604.0 1520.0 1138.0 1576.0 1384.0 1369.0 
1416.0 1285.0 1225.0 1290.0 1424.0 1286.0 1213.0 
1229.0 1013.0 1039.0 1155.0 868.0 1114.0 1091.0 
808.0 821.0 561.0 943.0 981.0 784.0 1045.0 
665.0 760.0 916.0 792.0 738.0 313.0 722.0 
564.0 285.0 488.0 189.0 592.0 398.0 324.0 
604.0 409.0 574.0 537.0 656.0 687.0 665.0 
688.0 937.0 1054.0 1095.0 1257.0 955.0 1407.0 
1298.0 1222.0 1358.0 1257.0 1683.0 1267.0 1511.0 
1609.0 1521.0 1775.0 1491.0 1462.0 1362.0 1599.0 
1349.0 1127.0 1114.0 952.0 1247.0 1145.0 1312.0 
1021.0 948.0 1437.0 1047.0 1215.0 1120.0 1025.0 
1309.0 1092.0 1208.0 962.0 890.0 1297.0 1020.0 
1170.0 1229.0 818.0 1450.0 1316.0 1239.0 1360.0 
983.0 1372.0 1103.0 1005.0 1372.0 1113.0 948.0 
859.0 779.0 735.0 841.0 1260.0 771.0 870.0 
1122.0 888.0 1156.0 1139.0 1475.0 968.0 1227.0 
1280.0 828.0 1423.0 1147.0 1422.0 1231.0 1168.0 
1292.0 1030.0 1346.0 1398.0 1540.0 1152.0 1330.0 
1362.0 1224.0 1238.0 1059.0 1660.0 1103.0 1114.0 
1168.0 987.0 1252.0 954.0 1271.0 889.0 775.0 
917.0 939.0 950.0 950.0 949.0 857.0 995.0 
731.0 1141.0 874.0 1066.0 1086.0 749.0 1169.0 
763.0 1088.0 845.0 990.0 983.0 697.0 742.0 
588.0 826.0 321.0 1104.0 706.0 375.0 926.0 
657.0 1164.0 1093.0 1187.0 1087.0 1316.0 1399.0 
1397.0 1747.0 1461.0 1616.0 1469.0 1805.0 1795.0 
1409.0 1855.0 1872.0 1774.0 1460.0 1771.0 1796.0 
1519.0 1822.0 1783.0 1726.0 1427.0 1699.0 1747.0 
1415.0 1470.0 1533.0 1381.0 1105.0 1311.0 1295.0 
1086.0 1144.0 1151.0 1004.0 957.0 792.0 864.0 
763.0 617.0 742.0 74.0 348.0 410.0 -147.0 
455.0 158.0 92.0 100.0 -41.0 387.0 193.0 
340.0 308.0 295.0 450.0 431.0 516.0 575.0 
717.0 863.0 861.0 806.0 969.0 877.0 997.0 
1175.0 1039.0 1130.0 1137.0 1245.0 1219.0 1226.0 
1423.0 1192.0 1315.0 1300.0 1156.0 1353.0 1296.0 
1040.0 1282.0 1281.0 1153.0 1544.0 1228.0 1605.0 
1336.0 1043.0 1849.0 1350.0 1457.0 1659.0 1351.0 
1534.0 1601.0 1678.0 1833.0 1622.0 1410.0 1737.0 
1328.0 1653.0 1842.0 1309.0 1808.0 1603.0 1674.0 
1698.0 1509.0 1631.0 1588.0 1786.0 1598.0 1521.0 
1804.0 1717.0 1653.0 1806.0 1329.0 1792.0 1444.0 
1219.0 1860.0 697.0 1602.0 1262.0 643.0 1383.0 
442.0 1287.0 1133.0 328.0 744.0 656.0 548.0 
632.0 602.0 519.0 649.0 161.0 625.0 672.0 
341.0 985.0 378.0 558.0 786.0 409.0 995.0 
354.0 441.0 998.0 310.0 655.0 462.0 305.0 
785.0 470.0 634.0 568.0 227.0 1098.0 447.0 
369.0 1227.0 183.0 802.0 746.0 265.0 985.0 
548.0 480.0 893.0 583.0 689.0 1226.0 552.0 
1122.0 1343.0 656.0 1426.0 947.0 1321.0 1460.0 
910.0 1602.0 984.0 1112.0 2080.0 1252.0 1251.0 
1814.0 1081.0 1682.0 1882.0 1398.0 1958.0 1511.0 
1692.0 2233.0 1395.0 2194.0 1809.0 1328.0 2407.0 
1669.0 1890.0 1830.0 1227.0 2075.0 1684.0 1409.0 
1901.0 1306.0 1752.0 1521.0 1520.0 1617.0 1465.0 
1550.0 1295.0 1870.0 828.0 1725.0 1324.0 1102.0 
2076.0 507.0 1711.0 1132.0 1225.0 1919.0 790.0 
1776.0 1046.0 1352.0 1527.0 1015.0 1420.0 1193.0 
1112.0 947.0 1190.0 590.0 1179.0 481.0 893.0 
901.0 -70.0 1483.0 -255.0 672.0 751.0 -351.0 
1104.0 -331.0 148.0 722.0 -248.0 384.0 360.0 
-39.0 469.0 272.0 67.0 463.0 332.0 231.0 
479.0 321.0 404.0 667.0 460.0 961.0 581.0 
920.0 780.0 633.0 1438.0 669.0 1204.0 1108.0 
731.0 1407.0 1144.0 1239.0 1647.0 952.0 1195.0 
1601.0 1519.0 1211.0 1616.0 1882.0 1348.0 2000.0 
1602.0 2056.0 1792.0 1919.0 2330.0 1763.0 2473.0 
1797.0 2067.0 2343.0 1901.0 2176.0 1750.0 1989.0 
2000.0 1729.0 1969.0 1651.0 1901.0 1425.0 1478.0 
1570.0 1290.0 1641.0 817.0 1434.0 1153.0 1005.0 
1293.0 686.0 1377.0 892.0 899.0 1130.0 658.0 
954.0 740.0 938.0 816.0 541.0 907.0 442.0 
930.0 623.0 715.0 806.0 527.0 1109.0 258.0 
1076.0 772.0 538.0 875.0 490.0 970.0 436.0 
762.0 522.0 491.0 802.0 302.0 602.0 516.0 
475.0 768.0 593.0 748.0 718.0 650.0 1011.0 
661.0 829.0 788.0 728.0 1049.0 638.0 905.0 
734.0 1025.0 1020.0 895.0 1418.0 677.0 1223.0 
1210.0 1043.0 1385.0 1012.0 1029.0 1273.0 1308.0 
1035.0 1693.0 947.0 1401.0 1501.0 857.0 1834.0 
1134.0 1313.0 1315.0 1379.0 1114.0 1366.0 1346.0 
745.0 1845.0 1077.0 1379.0 1147.0 1054.0 1685.0 
1241.0 1526.0 1137.0 1560.0 1325.0 1472.0 1484.0 
1190.0 1474.0 1065.0 1559.0 1085.0 1177.0 1588.0 
985.0 1584.0 1340.0 1076.0 1760.0 1207.0 1629.0 
1774.0 992.0 1467.0 1559.0 1249.0 1407.0 1301.0 
1021.0 1267.0 1058.0 981.0 1130.0 1211.0 642.0 
885.0 1313.0 610.0 1175.0 637.0 1051.0 1033.0 
488.0 1113.0 515.0 955.0 674.0 1190.0 777.0 
506.0 1380.0 480.0 1148.0 898.0 638.0 1187.0 
946.0 823.0 946.0 1076.0 585.0 910.0 1147.0 
603.0 919.0 636.0 687.0 1116.0 674.0 882.0 
923.0 970.0 605.0 1327.0 1062.0 560.0 1622.0 
787.0 1195.0 1158.0 935.0 1373.0 1145.0 1521.0 
1264.0 1238.0 1375.0 1366.0 1527.0 1562.0 1623.0 
1593.0 1395.0 1340.0 1591.0 1679.0 1203.0 1489.0 
1560.0 1299.0 1214.0 1236.0 1728.0 1227.0 1386.0 
1287.0 963.0 1361.0 1253.0 940.0 983.0 1086.0 
685.0 865.0 559.0 774.0 838.0 400.0 794.0 
599.0 565.0 544.0 762.0 785.0 661.0 875.0 
656.0 949.0 948.0 1039.0 1287.0 907.0 1294.0 
968.0 1289.0 1485.0 799.0 1522.0 1281.0 1090.0 
1306.0 1393.0 1062.0 1160.0 1333.0 894.0 1179.0 
989.0 1044.0 1124.0 1146.0 957.0 1200.0 1095.0 
960.0 1350.0 1122.0 1237.0 973.0 1194.0 1231.0 
1351.0 1203.0 1050.0 1529.0 1194.0 1371.0 1390.0 
1212.0 1422.0 1305.0 1260.0 1373.0 1219.0 1335.0 
1197.0 1132.0 1032.0 1143.0 1319.0 909.0 1221.0 
978.0 1351.0 1401.0 992.0 1400.0 1179.0 1240.0 
1105.0 1215.0 1274.0 1178.0 1194.0 1188.0 1315.0 
1091.0 1355.0 1042.0 755.0 1272.0 993.0 699.0 
962.0 775.0 580.0 925.0 714.0 603.0 672.0 
699.0 838.0 508.0 1020.0 760.0 597.0 1270.0 
787.0 906.0 1138.0 1134.0 915.0 1024.0 1266.0 
1178.0 1296.0 1234.0 1358.0 1257.0 1235.0 1183.0 
1396.0 1290.0 1252.0 1298.0 1170.0 1239.0 1103.0 
1474.0 1222.0 1160.0 1156.0 1398.0 1289.0 1140.0 
1468.0 964.0 1470.0 1233.0 850.0 1156.0 1154.0 
1057.0 1036.0 1244.0 870.0 1111.0 1080.0 1027.0 
1286.0 1058.0 1167.0 1034.0 1105.0 1243.0 1123.0 
958.0 1154.0 1174.0 1038.0 1187.0 943.0 1187.0 
991.0 1413.0 1455.0 891.0 1550.0 1215.0 1413.0 
1463.0 1344.0 1203.0 993.0 1798.0 932.0 1109.0 
1413.0 686.0 1285.0 992.0 1085.0 1215.0 895.0 
1170.0 960.0 1206.0 1242.0 880.0 1180.0 1299.0 
1042.0 1072.0 1131.0 820.0 1052.0 1189.0 810.0 
1163.0 1270.0 919.0 1113.0 1389.0 1106.0 1032.0 
1350.0 1185.0 1115.0 1090.0 1065.0 1220.0 1140.0 
1111.0 971.0 1090.0 1154.0 844.0 1334.0 966.0 
789.0 1544.0 1033.0 1038.0 1238.0 1002.0 1130.0 
1181.0 1112.0 1143.0 868.0 941.0 1268.0 896.0 
1084.0 809.0 672.0 789.0 664.0 957.0 660.0 
591.0 693.0 724.0 581.0 647.0 827.0 860.0 
995.0 959.0 1012.0 1128.0 1163.0 1064.0 1320.0 
1270.0 1078.0 1196.0 1020.0 1082.0 1208.0 1047.0 
951.0 1046.0 1256.0 984.0 939.0 1210.0 1002.0 
1047.0 1095.0 1109.0 1049.0 1147.0 1346.0 1218.0 
1399.0 1284.0 1282.0 1464.0 1678.0 1786.0 1281.0 
1699.0 1666.0 1422.0 1794.0 1382.0 1544.0 1512.0 
1494.0 1540.0 1286.0 1690.0 1465.0 1401.0 1806.0 
1411.0 1329.0 1589.0 1351.0 1374.0 1326.0 1305.0 
1158.0 976.0 1112.0 1144.0 1160.0 914.0 1121.0 
1059.0 863.0 993.0 864.0 1076.0 796.0 722.0 
941.0 582.0 972.0 858.0 632.0 1043.0 668.0 
691.0 885.0 825.0 630.0 716.0 811.0 569.0 
649.0 584.0 725.0 518.0 663.0 642.0 292.0 
618.0 399.0 737.0 786.0 431.0 817.0 611.0 
569.0 979.0 1083.0 656.0 809.0 1213.0 623.0 
960.0 1360.0 1016.0 1053.0 1130.0 1249.0 1328.0 
1280.0 1232.0 1536.0 1385.0 1324.0 1573.0 1244.0 
1411.0 1511.0 1483.0 1491.0 1369.0 1647.0 1619.0 
1351.0 1666.0 1785.0 1414.0 1583.0 1586.0 1592.0 
1600.0 1540.0 1628.0 1205.0 1479.0 1439.0 1293.0 
1558.0 1043.0 1250.0 1278.0 1146.0 1243.0 1065.0 
1177.0 1097.0 1188.0 917.0 957.0 1086.0 851.0 
1067.0 860.0 908.0 950.0 867.0 824.0 729.0 
829.0 895.0 1084.0 587.0 704.0 828.0 834.0 
1078.0 767.0 984.0 757.0 984.0 1117.0 994.0 
1158.0 1214.0 1048.0 964.0 1479.0 923.0 1247.0 
1263.0 1010.0 1330.0 958.0 1227.0 925.0 974.0 
1082.0 1181.0 932.0 823.0 1207.0 911.0 1364.0 
1166.0 1112.0 1034.0 970.0 1288.0 949.0 1183.0 
999.0 778.0 1149.0 789.0 809.0 1376.0 942.0 
843.0 1026.0 963.0 1151.0 1164.0 1176.0 1208.0 
1141.0 994.0 1319.0 1331.0 989.0 1365.0 1394.0 
1052.0 1328.0 1336.0 1074.0 1162.0 1123.0 1197.0 
1174.0 966.0 968.0 1101.0 997.0 1133.0 1058.0 
703.0 1168.0 1012.0 1046.0 1294.0 823.0 1076.0 
1160.0 1080.0 1145.0 1182.0 1229.0 1115.0 1321.0 
1090.0 1287.0 1185.0 1226.0 1382.0 916.0 1295.0 
922.0 1208.0 1165.0 1139.0 1342.0 818.0 1226.0 
887.0 1054.0 1089.0 645.0 994.0 871.0 588.0 
828.0 850.0 622.0 757.0 812.0 714.0 579.0 
579.0 808.0 879.0 608.0 928.0 1112.0 623.0 
1030.0 1220.0 986.0 1216.0 1103.0 1309.0 1305.0 
1187.0 1338.0 1298.0 1549.0 1233.0 1264.0 1435.0 
1238.0 1371.0 1333.0 1252.0 1263.0 1314.0 1271.0 
1337.0 1282.0 1315.0 1360.0 1343.0 1307.0 1237.0 
1473.0 1343.0 1249.0 1335.0 1258.0 1422.0 1352.0 
1248.0 1353.0 1368.0 1418.0 1127.0 1420.0 1634.0 
1156.0 1411.0 1356.0 1298.0 1420.0 1241.0 1276.0 
1128.0 1243.0 1314.0 1096.0 944.0 1089.0 1027.0 
954.0 1125.0 908.0 925.0 1031.0 1085.0 998.0 
1036.0 923.0 1073.0 1206.0 816.0 1135.0 949.0 
785.0 1059.0 910.0 961.0 898.0 937.0 1038.0 
733.0 1086.0 1004.0 754.0 1250.0 723.0 783.0 
994.0 706.0 984.0 848.0 904.0 972.0 771.0 
965.0 1206.0 1017.0 1073.0 1242.0 968.0 1116.0 
1067.0 1094.0 1180.0 1017.0 1257.0 969.0 1076.0 
1131.0 1002.0 1178.0 774.0 1010.0 953.0 789.0 
1257.0 880.0 1040.0 1114.0 870.0 1187.0 896.0 
1046.0 988.0 1039.0 1035.0 720.0 1212.0 956.0 
1054.0 1403.0 1197.0 1343.0 1318.0 1304.0 1553.0 
1537.0 1434.0 1536.0 1460.0 1401.0 1472.0 1279.0 
1226.0 1460.0 1373.0 1082.0 1202.0 1225.0 968.0 
1191.0 1238.0 878.0 745.0 994.0 1043.0 914.0 
989.0 1002.0 1042.0 901.0 1136.0 1307.0 1194.0 
1440.0 1541.0 1407.0 1579.0 1755.0 1418.0 1587.0 
1929.0 1659.0 1293.0 1699.0 1954.0 1332.0 1599.0 
1728.0 1233.0 1490.0 1329.0 1147.0 1212.0 1165.0 
1324.0 852.0 1053.0 1079.0 661.0 1076.0 689.0 
647.0 819.0 290.0 661.0 644.0 235.0 549.0 
320.0 211.0 420.0 515.0 526.0 203.0 492.0 
344.0 258.0 621.0 305.0 648.0 385.0 351.0 
969.0 439.0 641.0 780.0 543.0 834.0 526.0 
716.0 787.0 475.0 860.0 716.0 740.0 587.0 
832.0 1066.0 572.0 1035.0 1098.0 1111.0 916.0 
1320.0 1756.0 979.0 1724.0 1617.0 1327.0 2060.0 
1707.0 1867.0 1826.0 1879.0 2103.0 1666.0 1886.0 
2144.0 1871.0 1956.0 2060.0 1814.0 1957.0 2043.0 
1819.0 1792.0 1894.0 1915.0 1678.0 1486.0 2051.0 
1784.0 1399.0 1701.0 1550.0 1657.0 1300.0 1332.0 
1385.0 1073.0 1105.0 1016.0 1195.0 953.0 944.0 
1243.0 772.0 909.0 1064.0 797.0 812.0 725.0 
953.0 649.0 852.0 633.0 505.0 895.0 400.0 
714.0 360.0 497.0 698.0 390.0 230.0 264.0 
582.0 162.0 309.0 244.0 428.0 347.0 187.0 
371.0 415.0 594.0 274.0 456.0 376.0 357.0 
432.0 495.0 526.0 326.0 748.0 501.0 399.0 
662.0 571.0 815.0 762.0 788.0 1177.0 1127.0 
988.0 1161.0 1306.0 1359.0 1447.0 1583.0 1610.0 
1654.0 1836.0 1725.0 1827.0 1805.0 1778.0 2155.0 
1681.0 1846.0 2153.0 1699.0 1929.0 2007.0 1986.0 
1853.0 1754.0 1834.0 1948.0 2080.0 1577.0 1680.0 
2062.0 1526.0 1646.0 1925.0 1367.0 1574.0 1598.0 
1389.0 1595.0 1215.0 1310.0 1607.0 1217.0 1102.0 
1366.0 857.0 924.0 1197.0 748.0 1239.0 841.0 
719.0 1050.0 566.0 900.0 834.0 810.0 688.0 
629.0 719.0 743.0 1003.0 572.0 864.0 949.0 
701.0 886.0 864.0 782.0 624.0 841.0 731.0 
477.0 608.0 599.0 591.0 586.0 374.0 733.0 
586.0 422.0 1163.0 590.0 695.0 1132.0 829.0 
1108.0 971.0 796.0 1010.0 1268.0 691.0 1020.0 
1267.0 773.0 1328.0 968.0 1154.0 968.0 838.0 
1429.0 991.0 1197.0 956.0 1369.0 1232.0 1088.0 
1840.0 906.0 1648.0 1542.0 1082.0 1774.0 1058.0 
1541.0 1285.0 1261.0 1290.0 1073.0 1440.0 822.0 
1395.0 1113.0 1003.0 1150.0 1037.0 1137.0 906.0 
1137.0 911.0 1155.0 675.0 1178.0 1078.0 722.0 
1422.0 810.0 1418.0 1108.0 1262.0 1515.0 924.0 
1613.0 1220.0 1136.0 1633.0 1382.0 990.0 1288.0 
1161.0 892.0 1289.0 1232.0 1360.0 1185.0 1169.0 
1323.0 1256.0 1278.0 1045.0 1505.0 1194.0 890.0 
1546.0 1125.0 984.0 1105.0 1147.0 1295.0 956.0 
1008.0 1286.0 847.0 850.0 1358.0 857.0 829.0 
957.0 806.0 1179.0 1028.0 660.0 958.0 1051.0 
781.0 946.0 846.0 969.0 927.0 685.0 1180.0 
992.0 954.0 1327.0 1228.0 1215.0 1112.0 1609.0 
1373.0 1236.0 1617.0 1203.0 1717.0 1106.0 1305.0 
1709.0 935.0 1290.0 1198.0 1342.0 912.0 1241.0 
1352.0 870.0 1259.0 1150.0 1219.0 907.0 1266.0 
928.0 967.0 1277.0 433.0 1121.0 799.0 623.0 
1101.0 639.0 819.0 970.0 575.0 739.0 1207.0 
583.0 977.0 848.0 537.0 1287.0 658.0 885.0 
1117.0 776.0 893.0 990.0 956.0 1012.0 1094.0 
1006.0 1373.0 877.0 1042.0 1290.0 1019.0 1295.0 
854.0 1345.0 1123.0 962.0 1216.0 800.0 1441.0 
1009.0 1082.0 1266.0 774.0 1406.0 1098.0 984.0 
1313.0 1161.0 1212.0 1216.0 1352.0 1155.0 1413.0 
1555.0 1097.0 1427.0 1279.0 1407.0 1568.0 1161.0 
1687.0 1160.0 1322.0 1774.0 1195.0 1674.0 1287.0 
1315.0 1392.0 1343.0 1554.0 909.0 1409.0 1317.0 
1211.0 1205.0 948.0 1373.0 1133.0 1265.0 1124.0 
1150.0 1115.0 1037.0 1390.0 987.0 1249.0 1277.0 
925.0 1086.0 1298.0 1434.0 883.0 983.0 1505.0 
812.0 1181.0 1418.0 866.0 1129.0 1106.0 1172.0 
762.0 1079.0 773.0 714.0 1228.0 345.0 835.0 
520.0 460.0 783.0 298.0 516.0 249.0 468.0 
482.0 319.0 614.0 366.0 516.0 400.0 306.0 
861.0 448.0 537.0 1026.0 749.0 1028.0 909.0 
1043.0 1391.0 1190.0 1202.0 1190.0 1579.0 1268.0 
1229.0 1454.0 1237.0 1229.0 1167.0 1186.0 1374.0 
1306.0 1025.0 1365.0 1136.0 1123.0 1295.0 1122.0 
1087.0 1382.0 1365.0 976.0 1441.0 1161.0 1187.0 
1222.0 1135.0 1193.0 1116.0 1301.0 1022.0 1352.0 
1248.0 1241.0 1308.0 1115.0 1111.0 1601.0 1592.0 
1151.0 1409.0 1437.0 1722.0 1488.0 1586.0 1637.0 
1492.0 1692.0 1650.0 1520.0 1562.0 1357.0 1366.0 
1618.0 1045.0 1189.0 1127.0 1008.0 1112.0 993.0 
931.0 840.0 837.0 982.0 1132.0 656.0 958.0 
950.0 818.0 1057.0 748.0 993.0 790.0 928.0 
897.0 828.0 1086.0 726.0 1080.0 839.0 990.0 
962.0 1057.0 1130.0 649.0 1277.0 974.0 986.0 
1027.0 1165.0 1171.0 1186.0 1226.0 774.0 1531.0 
1255.0 1173.0 1170.0 1149.0 1311.0 995.0 1550.0 
1017.0 860.0 1289.0 1178.0 913.0 784.0 1247.0 
1019.0 1047.0 1073.0 793.0 863.0 1089.0 1110.0 
1048.0 877.0 768.0 1355.0 955.0 965.0 1240.0 
1080.0 1085.0 1048.0 1333.0 1093.0 1301.0 1246.0 
1276.0 1352.0 1069.0 1437.0 1444.0 1175.0 1178.0 
1086.0 932.0 1013.0 809.0 1167.0 1126.0 819.0 
750.0 758.0 1019.0 777.0 899.0 368.0 916.0 
665.0 252.0 1024.0 361.0 1128.0 790.0 765.0 
956.0 658.0 1339.0 861.0 1523.0 1221.0 918.0 
1336.0 1120.0 1594.0 1371.0 1302.0 1587.0 1276.0 
1399.0 1613.0 1489.0 1587.0 1541.0 1584.0 1187.0 
1378.0 1438.0 1291.0 1687.0 1255.0 1400.0 1209.0 
1444.0 1784.0 1460.0 1607.0 1468.0 1478.0 1392.0 
1786.0 1455.0 1282.0 1745.0 1176.0 1288.0 1314.0 
1196.0 1267.0 1068.0 1000.0 1217.0 850.0 719.0 
933.0 744.0 1101.0 628.0 591.0 669.0 488.0 
866.0 358.0 723.0 648.0 65.0 951.0 431.0 
449.0 749.0 550.0 832.0 780.0 737.0 556.0 
981.0 668.0 1046.0 590.0 590.0 891.0 631.0 
1065.0 600.0 966.0 815.0 1036.0 1053.0 988.0 
878.0 1154.0 1008.0 987.0 1111.0 538.0 1515.0 
708.0 1116.0 1119.0 719.0 1413.0 894.0 1171.0 
1117.0 1281.0 1233.0 1034.0 1241.0 1532.0 1019.0 
1245.0 1509.0 1228.0 1658.0 1218.0 1687.0 1559.0 
1400.0 1635.0 1592.0 1751.0 1490.0 1663.0 1653.0 
1492.0 1503.0 1574.0 1341.0 1902.0 1379.0 1371.0 
1806.0 1136.0 1913.0 1442.0 1574.0 1530.0 1160.0 
1740.0 1414.0 1538.0 1300.0 1270.0 1327.0 1551.0 
1371.0 869.0 1340.0 1336.0 849.0 1111.0 1226.0 
738.0 1055.0 1041.0 930.0 736.0 691.0 959.0 
689.0 638.0 961.0 526.0 346.0 1156.0 338.0 
758.0 938.0 304.0 1017.0 530.0 642.0 825.0 
460.0 653.0 712.0 185.0 653.0 497.0 186.0 
1218.0 102.0 388.0 1070.0 5.0 1152.0 479.0 
479.0 1337.0 -137.0 1244.0 904.0 428.0 1298.0 
584.0 906.0 1010.0 957.0 936.0 1047.0 940.0 
1228.0 1230.0 931.0 1248.0 1355.0 1186.0 1187.0 
1621.0 1205.0 1334.0 1386.0 1443.0 1681.0 1370.0 
1618.0 1554.0 1889.0 1374.0 1621.0 2229.0 1282.0 
1504.0 1843.0 1637.0 1526.0 1447.0 1582.0 1741.0 
1342.0 1649.0 1815.0 1362.0 1790.0 1941.0 1722.0 
2064.0 1918.0 1656.0 2365.0 1723.0 2006.0 1999.0 
1577.0 2070.0 1386.0 1826.0 1557.0 1591.0 1609.0 
1511.0 1370.0 1018.0 1605.0 907.0 845.0 993.0 
429.0 596.0 639.0 41.0 581.0 -83.0 97.0 
628.0 -498.0 367.0 16.0 -25.0 184.0 28.0 
122.0 16.0 308.0 -47.0 652.0 312.0 371.0 
770.0 215.0 794.0 542.0 816.0 955.0 408.0 
817.0 751.0 570.0 837.0 695.0 538.0 1091.0 
1007.0 608.0 919.0 968.0 955.0 1080.0 1198.0 
1109.0 923.0 1376.0 1080.0 1284.0 1592.0 1141.0 
1635.0 1312.0 1422.0 1508.0 1505.0 1818.0 1370.0 
1796.0 1764.0 1800.0 1893.0 1873.0 2079.0 1871.0 
1922.0 1997.0 1951.0 1717.0 2082.0 1709.0 1891.0 
2098.0 1411.0 1995.0 1616.0 1657.0 1807.0 1488.0 
1664.0 1356.0 1333.0 1433.0 1305.0 1262.0 1396.0 
934.0 1341.0 1300.0 926.0 1486.0 1214.0 903.0 
1135.0 1299.0 764.0 1172.0 759.0 701.0 1000.0 
233.0 876.0 581.0 303.0 578.0 507.0 219.0 
415.0 400.0 188.0 583.0 168.0 377.0 297.0 
230.0 365.0 584.0 573.0 216.0 845.0 549.0 
746.0 954.0 798.0 1003.0 641.0 1065.0 1135.0 
795.0 1044.0 1116.0 906.0 1158.0 1105.0 738.0 
1068.0 1036.0 821.0 1288.0 955.0 488.0 1443.0 
754.0 824.0 1596.0 617.0 1120.0 1170.0 1010.0 
1373.0 1516.0 1405.0 1400.0 1432.0 1518.0 1647.0 
1447.0 2155.0 1439.0 1714.0 1952.0 1366.0 2104.0 
1623.0 1781.0 1716.0 1705.0 1785.0 1399.0 2106.0 
1569.0 1325.0 1783.0 1600.0 1505.0 1497.0 1735.0 
1450.0 1708.0 1601.0 1491.0 1637.0 1449.0 1891.0 
1194.0 1653.0 1663.0 976.0 1749.0 1220.0 1497.0 
1298.0 1091.0 1428.0 978.0 1289.0 1002.0 1262.0 
1044.0 913.0 961.0 871.0 1119.0 709.0 1032.0 
645.0 849.0 540.0 235.0 1022.0 317.0 668.0 
512.0 233.0 731.0 373.0 742.0 374.0 392.0 
631.0 468.0 557.0 497.0 725.0 312.0 520.0 
608.0 413.0 315.0 519.0 373.0 147.0 645.0 
40.0 444.0 418.0 134.0 706.0 321.0 406.0 
449.0 557.0 109.0 395.0 787.0 308.0 784.0 
578.0 748.0 349.0 864.0 1477.0 453.0 1018.0 
980.0 928.0 1190.0 1022.0 1588.0 1234.0 1339.0 
2242.0 1193.0 1476.0 2143.0 1538.0 2062.0 2278.0 
2112.0 2104.0 2251.0 2337.0 2704.0 1937.0 2356.0 
2307.0 1757.0 2305.0 2151.0 2456.0 1893.0 2259.0 
1864.0 2056.0 2109.0 1616.0 2459.0 1812.0 1325.0 
2066.0 1527.0 1641.0 2109.0 1091.0 2048.0 1243.0 
1352.0 1978.0 1203.0 1491.0 1130.0 1436.0 1151.0 
1447.0 967.0 1270.0 1381.0 581.0 1281.0 807.0 
799.0 765.0 1017.0 697.0 542.0 978.0 326.0 
938.0 972.0 279.0 901.0 719.0 306.0 849.0 
579.0 587.0 604.0 27.0 813.0 74.0 -122.0 
987.0 33.0 188.0 92.0 223.0 481.0 270.0 
354.0 163.0 448.0 93.0 539.0 468.0 280.0 
582.0 449.0 579.0 545.0 827.0 540.0 721.0 
981.0 747.0 1010.0 861.0 795.0 838.0 1035.0 
1137.0 631.0 724.0 940.0 1008.0 1094.0 832.0 
1155.0 881.0 1090.0 1185.0 1202.0 1473.0 937.0 
1717.0 1041.0 1360.0 1897.0 1217.0 1727.0 1602.0 
1572.0 1674.0 1804.0 1667.0 1887.0 1829.0 1622.0 
2051.0 1812.0 1874.0 2147.0 1538.0 2099.0 1822.0 
1601.0 2051.0 1679.0 1923.0 1555.0 2125.0 1745.0 
1607.0 1813.0 1553.0 1926.0 1341.0 1671.0 1598.0 
1177.0 1382.0 1389.0 1261.0 1204.0 1334.0 1253.0 
807.0 1118.0 1403.0 1008.0 1105.0 795.0 1275.0 
1017.0 956.0 1636.0 395.0 1075.0 1241.0 747.0 
1334.0 661.0 1029.0 898.0 788.0 1029.0 531.0 
1132.0 604.0 558.0 984.0 479.0 890.0 551.0 
727.0 1021.0 438.0 935.0 833.0 595.0 973.0 
685.0 609.0 850.0 590.0 435.0 995.0 536.0 
295.0 772.0 444.0 607.0 594.0 510.0 659.0 
409.0 410.0 539.0 658.0 723.0 686.0 672.0 
659.0 916.0 936.0 1021.0 1315.0 946.0 1200.0 
1292.0 966.0 1483.0 1186.0 1368.0 1408.0 973.0 
1611.0 1138.0 1245.0 1629.0 1200.0 1408.0 1382.0 
1334.0 1173.0 1364.0 1569.0 1314.0 1589.0 1490.0 
1062.0 1613.0 1860.0 1299.0 1633.0 1628.0 1177.0 
1420.0 1670.0 1485.0 1402.0 1550.0 1136.0 1314.0 
1421.0 1327.0 1404.0 1036.0 1243.0 1063.0 1168.0 
1461.0 1062.0 1389.0 1388.0 1081.0 1456.0 1157.0 
1032.0 1551.0 1058.0 1212.0 1275.0 801.0 1177.0 
1111.0 1229.0 884.0 984.0 1131.0 744.0 1331.0 
889.0 1092.0 1207.0 812.0 1162.0 987.0 1287.0 
770.0 1017.0 1153.0 512.0 952.0 698.0 1231.0 
684.0 762.0 1531.0 343.0 678.0 932.0 953.0 
539.0 393.0 1314.0 519.0 227.0 1152.0 858.0 
749.0 644.0 777.0 1550.0 175.0 1058.0 1650.0 
633.0 927.0 819.0 1593.0 859.0 1167.0 1386.0 
1234.0 1487.0 793.0 1691.0 1620.0 1441.0 1166.0 
1449.0 1780.0 1252.0 1752.0 1379.0 1636.0 1562.0 
1388.0 1907.0 979.0 1220.0 1859.0 1433.0 927.0 
1107.0 1595.0 861.0 1208.0 1401.0 938.0 1353.0 
1131.0 1255.0 892.0 1230.0 1392.0 773.0 788.0 
1166.0 1125.0 407.0 1314.0 904.0 900.0 999.0 
755.0 1280.0 745.0 1648.0 1011.0 582.0 1327.0 
1056.0 1151.0 765.0 1269.0 904.0 776.0 1468.0 
929.0 1134.0 1194.0 1381.0 1118.0 1198.0 1414.0 
1282.0 1701.0 1051.0 1785.0 1595.0 1041.0 1821.0 
1149.0 1582.0 1488.0 905.0 1425.0 1114.0 1049.0 
1053.0 815.0 853.0 955.0 912.0 802.0 785.0 
640.0 895.0 1021.0 1008.0 557.0 765.0 1249.0 
419.0 926.0 957.0 462.0 943.0 955.0 605.0 
783.0 1215.0 685.0 920.0 1260.0 1051.0 836.0 
1142.0 1327.0 937.0 1419.0 980.0 1012.0 1400.0 
1279.0 1479.0 1014.0 1148.0 1310.0 1211.0 1285.0 
1478.0 1214.0 606.0 1411.0 1191.0 362.0 1324.0 
986.0 487.0 860.0 641.0 1042.0 637.0 675.0 
982.0 686.0 1041.0 569.0 834.0 1193.0 711.0 
1127.0 1391.0 760.0 984.0 1186.0 831.0 1150.0 
877.0 887.0 1027.0 675.0 1104.0 1388.0 826.0 
1036.0 1145.0 1370.0 1279.0 790.0 1763.0 1356.0 
1241.0 1531.0 1234.0 1555.0 1585.0 1642.0 1195.0 
1429.0 1584.0 1693.0 1748.0 1104.0 1675.0 1682.0 
1417.0 1505.0 1318.0 1812.0 1423.0 1194.0 1589.0 
1389.0 1621.0 1436.0 1496.0 1351.0 1599.0 1850.0 
1163.0 1179.0 1411.0 1770.0 1106.0 1480.0 1285.0 
1218.0 1688.0 680.0 1551.0 1296.0 1084.0 1161.0 
955.0 1431.0 801.0 1131.0 920.0 662.0 1293.0 
680.0 544.0 1239.0 396.0 517.0 933.0 297.0 
512.0 484.0 807.0 295.0 422.0 757.0 597.0 
862.0 590.0 963.0 587.0 937.0 1268.0 926.0 
984.0 851.0 1313.0 887.0 654.0 1057.0 781.0 
759.0 533.0 660.0 1106.0 211.0 559.0 1173.0 
448.0 786.0 671.0 421.0 940.0 832.0 795.0 
912.0 834.0 1031.0 1070.0 1124.0 1431.0 1114.0 
1398.0 1553.0 1206.0 1608.0 1347.0 1571.0 1593.0 
1500.0 1664.0 1448.0 1785.0 1642.0 1701.0 1798.0 
1690.0 1780.0 1678.0 1767.0 1847.0 1871.0 1674.0 
1644.0 1708.0 1567.0 1686.0 1461.0 1394.0 1247.0 
1877.0 1192.0 662.0 1514.0 1205.0 1552.0 456.0 
1103.0 1170.0 775.0 1246.0 643.0 1513.0 646.0 
1116.0 1066.0 893.0 1610.0 556.0 1583.0 1292.0 
894.0 1693.0 727.0 1512.0 1301.0 918.0 1769.0 
774.0 1265.0 1274.0 802.0 1456.0 981.0 725.0 
959.0 883.0 779.0 1031.0 498.0 567.0 1044.0 
382.0 621.0 665.0 510.0 757.0 960.0 -37.0 
1019.0 1093.0 -58.0 1300.0 569.0 767.0 612.0 
594.0 1253.0 696.0 471.0 698.0 1132.0 766.0 
566.0 815.0 689.0 892.0 1004.0 456.0 1150.0 
786.0 1013.0 1073.0 796.0 1306.0 1046.0 1250.0 
932.0 1591.0 1029.0 1197.0 1387.0 708.0 1672.0 
1184.0 1241.0 1162.0 1057.0 1480.0 977.0 965.0 
1604.0 916.0 753.0 1421.0 809.0 1281.0 872.0 
1147.0 1459.0 571.0 1287.0 1247.0 979.0 1364.0 
1505.0 1216.0 1618.0 1161.0 1531.0 1736.0 1320.0 
1835.0 1011.0 1909.0 1364.0 1206.0 1800.0 1469.0 
2039.0 1083.0 1847.0 1729.0 1460.0 2313.0 1569.0 
1759.0 1900.0 1928.0 1880.0 1941.0 2012.0 1415.0 
1788.0 1879.0 1487.0 1658.0 1356.0 1251.0 1539.0 
1113.0 1218.0 1155.0 850.0 1401.0 843.0 782.0 
1194.0 536.0 881.0 1054.0 941.0 371.0 -43.0 
868.0 282.0 752.0 425.0 -38.0 842.0 -122.0 
796.0 413.0 331.0 548.0 334.0 903.0 -85.0 
1288.0 53.0 28.0 1129.0 -174.0 861.0 413.0 
301.0 762.0 749.0 674.0 774.0 490.0 840.0 
1142.0 141.0 1427.0 1689.0 893.0 1206.0 1045.0 
1470.0 2153.0 1236.0 1444.0 1733.0 1228.0 1737.0 
1942.0 1352.0 1028.0 2173.0 1646.0 1112.0 1862.0 
1182.0 1552.0 2014.0 1152.0 1614.0 1457.0 1137.0 
1731.0 1412.0 1016.0 1419.0 1611.0 676.0 1456.0 
1588.0 575.0 1480.0 1668.0 773.0 1224.0 1369.0 
723.0 1733.0 939.0 755.0 1614.0 794.0 876.0 
744.0 1608.0 1360.0 269.0 1325.0 714.0 826.0 
1757.0 469.0 1085.0 753.0 485.0 1395.0 813.0 
593.0 553.0 1463.0 455.0 675.0 967.0 668.0 
1195.0 682.0 1132.0 440.0 1090.0 1440.0 930.0 
1069.0 1366.0 1119.0 1180.0 1388.0 1108.0 2202.0 
971.0 1365.0 1983.0 1017.0 1544.0 1495.0 1544.0 
1155.0 2095.0 915.0 870.0 2415.0 690.0 1863.0 
1340.0 1129.0 1519.0 622.0 1920.0 1152.0 1192.0 
1010.0 843.0 1226.0 944.0 1254.0 653.0 1489.0 
863.0 414.0 1266.0 740.0 1124.0 659.0 621.0 
1084.0 445.0 469.0 740.0 802.0 881.0 615.0 
724.0 175.0 958.0 646.0 224.0 1583.0 -123.0 
678.0 1064.0 -70.0 1256.0 1166.0 103.0 1296.0 
697.0 594.0 1238.0 646.0 1608.0 425.0 1541.0 
505.0 1201.0 1596.0 672.0 2194.0 524.0 1718.0 
1316.0 1051.0 2200.0 1018.0 1216.0 2114.0 299.0 
2064.0 1577.0 584.0 2674.0 460.0 1782.0 1579.0 
795.0 2035.0 1229.0 978.0 1641.0 1192.0 852.0 
1892.0 932.0 1458.0 1955.0 519.0 1886.0 1559.0 
808.0 2079.0 1018.0 1524.0 1554.0 685.0 1700.0 
1384.0 1342.0 1349.0 1189.0 1336.0 1210.0 1469.0 
1237.0 1481.0 1482.0 890.0 1483.0 1138.0 1127.0 
1268.0 850.0 1317.0 698.0 846.0 1321.0 666.0 
873.0 1088.0 915.0 927.0 896.0 1066.0 821.0 
984.0 1059.0 748.0 929.0 560.0 923.0 957.0 
438.0 712.0 631.0 442.0 714.0 684.0 514.0 
748.0 511.0 681.0 682.0 506.0 643.0 507.0 
683.0 635.0 597.0 541.0 543.0 644.0 695.0 
746.0 747.0 951.0 843.0 790.0 1212.0 1160.0 
1033.0 1398.0 1251.0 1325.0 1522.0 1428.0 1513.0 
1341.0 1777.0 1631.0 1331.0 1656.0 1471.0 1789.0 
1713.0 1718.0 1697.0 1616.0 1911.0 1676.0 1860.0 
1701.0 1844.0 1735.0 1572.0 1948.0 1413.0 1708.0 
1666.0 1539.0 1779.0 1456.0 1650.0 1362.0 1743.0 
1672.0 1137.0 1623.0 1264.0 1175.0 1169.0 1091.0 
1086.0 801.0 871.0 825.0 725.0 660.0 720.0 
620.0 453.0 734.0 507.0 366.0 622.0 372.0 
679.0 546.0 433.0 962.0 509.0 586.0 1050.0 
734.0 711.0 1016.0 987.0 973.0 869.0 1001.0 
1122.0 876.0 1077.0 938.0 1083.0 1078.0 904.0 
1209.0 1153.0 1201.0 906.0 1178.0 1217.0 1020.0 
1373.0 852.0 1151.0 1341.0 1076.0 1520.0 932.0 
1147.0 1484.0 1127.0 1404.0 1060.0 1192.0 1008.0 
1019.0 1392.0 893.0 963.0 1025.0 996.0 1091.0 
1056.0 1093.0 1158.0 971.0 1363.0 1320.0 999.0 
1501.0 1196.0 1163.0 1306.0 1274.0 1284.0 958.0 
1153.0 1166.0 1051.0 1069.0 889.0 1076.0 638.0 
798.0 1139.0 500.0 1042.0 954.0 735.0 901.0 
888.0 1003.0 925.0 1268.0 929.0 1146.0 1163.0 
982.0 1451.0 1081.0 1077.0 1253.0 1288.0 1230.0 
1230.0 1441.0 1309.0 1369.0 1562.0 1381.0 1506.0 
1576.0 1246.0 1604.0 1640.0 1226.0 1453.0 1425.0 
1205.0 1058.0 1295.0 1284.0 654.0 1202.0 1191.0 
865.0 925.0 1008.0 1078.0 854.0 1244.0 823.0 
955.0 1286.0 818.0 1042.0 1351.0 990.0 1011.0 
1114.0 1102.0 1229.0 675.0 1115.0 769.0 773.0 
906.0 533.0 1104.0 531.0 728.0 788.0 880.0 
825.0 719.0 1086.0 892.0 1173.0 1058.0 1184.0 
1070.0 1282.0 1541.0 1052.0 1342.0 1539.0 1295.0 
1413.0 1297.0 1321.0 1381.0 1192.0 1439.0 1079.0 
1162.0 1282.0 1018.0 1355.0 1002.0 1071.0 1446.0 
957.0 1185.0 1285.0 1165.0 1148.0 922.0 1243.0 
1036.0 1050.0 1163.0 1171.0 1067.0 972.0 1480.0 
939.0 1029.0 1320.0 740.0 913.0 954.0 808.0 
631.0 873.0 763.0 534.0 1109.0 499.0 686.0 
1038.0 666.0 1002.0 907.0 953.0 734.0 1210.0 
1204.0 633.0 1319.0 1038.0 1077.0 1297.0 623.0 
1225.0 1231.0 565.0 1122.0 1060.0 923.0 854.0 
1022.0 1210.0 653.0 1201.0 1000.0 1000.0 1400.0 
806.0 1411.0 1436.0 1185.0 1305.0 1601.0 1564.0 
1377.0 1895.0 1294.0 1839.0 1735.0 1367.0 1939.0 
1170.0 1808.0 1597.0 1060.0 1450.0 1442.0 1416.0 
966.0 1416.0 1309.0 1065.0 1436.0 1238.0 1190.0 
1195.0 987.0 1099.0 1330.0 923.0 786.0 1241.0 
868.0 719.0 1239.0 875.0 992.0 1136.0 883.0 
1101.0 783.0 798.0 1002.0 596.0 792.0 775.0 
371.0 739.0 754.0 542.0 690.0 701.0 706.0 
875.0 772.0 883.0 820.0 1052.0 1124.0 701.0 
1192.0 882.0 1057.0 1130.0 1101.0 1297.0 794.0 
1261.0 990.0 1214.0 1280.0 989.0 1381.0 937.0 
1405.0 1053.0 1028.0 1554.0 842.0 1496.0 1369.0 
1011.0 1558.0 1017.0 1284.0 1644.0 1114.0 1537.0 
1297.0 1102.0 1545.0 1282.0 1330.0 1086.0 1255.0 
1187.0 920.0 1162.0 986.0 925.0 918.0 1151.0 
617.0 844.0 1256.0 475.0 1192.0 1128.0 828.0 
1120.0 752.0 1362.0 1124.0 1199.0 1430.0 952.0 
1551.0 1441.0 1370.0 1636.0 1319.0 1535.0 1643.0 
1227.0 1360.0 1318.0 1173.0 1222.0 1105.0 1179.0 
1036.0 951.0 997.0 1088.0 1021.0 742.0 985.0 
1008.0 799.0 983.0 969.0 932.0 823.0 849.0 
1030.0 866.0 835.0 984.0 808.0 620.0 846.0 
1020.0 1095.0 1102.0 814.0 937.0 919.0 794.0 
1232.0 978.0 1138.0 1163.0 860.0 1247.0 972.0 
1366.0 1404.0 1069.0 1553.0 1054.0 1131.0 1453.0 
1372.0 1680.0 1142.0 1108.0 1243.0 1236.0 1290.0 
1189.0 1583.0 1096.0 1068.0 1014.0 952.0 1284.0 
1012.0 1317.0 900.0 992.0 827.0 656.0 1398.0 
622.0 1161.0 1079.0 330.0 933.0 736.0 1006.0 
1091.0 669.0 541.0 920.0 787.0 790.0 1366.0 
952.0 1037.0 922.0 726.0 1444.0 1082.0 1147.0 
1606.0 842.0 1427.0 1462.0 1109.0 1431.0 1458.0 
1638.0 1042.0 1337.0 1117.0 1182.0 1367.0 1043.0 
1485.0 1085.0 1298.0 1344.0 1344.0 1403.0 1481.0 
1523.0 1136.0 1457.0 1250.0 1351.0 1658.0 1424.0 
1420.0 1402.0 1428.0 1553.0 1449.0 1612.0 1695.0 
1318.0 1294.0 1174.0 1447.0 1259.0 816.0 1150.0 
886.0 974.0 898.0 589.0 868.0 922.0 805.0 
698.0 823.0 695.0 626.0 787.0 684.0 628.0 
658.0 516.0 450.0 603.0 803.0 702.0 382.0 
644.0 579.0 623.0 889.0 585.0 772.0 751.0 
746.0 880.0 768.0 927.0 876.0 967.0 1123.0 
981.0 998.0 1141.0 1209.0 1200.0 1233.0 1239.0 
1097.0 1246.0 1343.0 1042.0 1177.0 1127.0 917.0 
1151.0 1109.0 1148.0 1044.0 1126.0 1382.0 1098.0 
1192.0 1369.0 1473.0 1172.0 1341.0 1682.0 1013.0 
1391.0 1523.0 1126.0 1373.0 1247.0 1207.0 1317.0 
1134.0 1470.0 1567.0 1265.0 1672.0 1488.0 1498.0 
1601.0 1814.0 1886.0 1202.0 2101.0 1657.0 939.0 
2292.0 1675.0 1477.0 2038.0 1308.0 2062.0 1737.0 
1294.0 2327.0 1714.0 1424.0 1547.0 1644.0 1698.0 
1661.0 1530.0 1295.0 1455.0 1287.0 1649.0 1121.0 
1211.0 1539.0 861.0 1347.0 896.0 858.0 901.0 
692.0 847.0 382.0 142.0 396.0 739.0 -230.0 
547.0 232.0 84.0 696.0 -940.0 942.0 399.0 
-459.0 389.0 -264.0 292.0 -262.0 41.0 -228.0 
-182.0 -176.0 -443.0 -102.0 -497.0 288.0 -183.0 
-101.0 394.0 -189.0 343.0 542.0 378.0 664.0 
311.0 831.0 941.0 747.0 1309.0 841.0 1442.0 
1184.0 1391.0 1859.0 1220.0 2206.0 1767.0 1803.0 
2350.0 1845.0 2598.0 2334.0 2371.0 2633.0 2327.0 
2863.0 2580.0 2637.0 2865.0 2650.0 2716.0 2734.0 
2750.0 2941.0 2692.0 2596.0 2847.0 2502.0 2409.0 
2512.0 2503.0 1892.0 1840.0 2062.0 1845.0 1762.0 
1337.0 1626.0 1479.0 1195.0 1472.0 1214.0 1106.0 
1056.0 893.0 851.0 618.0 527.0 602.0 289.0 
462.0 488.0 44.0 192.0 432.0 396.0 417.0 
289.0 107.0 232.0 -85.0 460.0 314.0 -222.0 
340.0 -273.0 445.0 109.0 -416.0 658.0 -148.0 
379.0 240.0 -139.0 685.0 110.0 622.0 752.0 
361.0 671.0 532.0 686.0 1054.0 731.0 565.0 
815.0 561.0 986.0 888.0 869.0 1148.0 644.0 
1177.0 1040.0 745.0 1338.0 1145.0 1126.0 1197.0 
900.0 1383.0 1134.0 1489.0 2269.0 1309.0 1847.0 
1857.0 1702.0 2403.0 1507.0 1923.0 1959.0 1793.0 
1809.0 1197.0 2165.0 1571.0 1191.0 2227.0 1049.0 
1285.0 1732.0 876.0 2227.0 1465.0 1137.0 1862.0 
1354.0 1543.0 1627.0 1967.0 1217.0 2112.0 1462.0 
1149.0 2731.0 1101.0 1768.0 1965.0 1088.0 1823.0 
1362.0 1364.0 1534.0 1330.0 2036.0 937.0 474.0 
1984.0 690.0 1427.0 1412.0 400.0 1229.0 449.0 
1142.0 853.0 748.0 741.0 666.0 748.0 132.0 
935.0 719.0 676.0 661.0 469.0 162.0 632.0 
378.0 312.0 1456.0 234.0 347.0 264.0 388.0 
1369.0 854.0 726.0 454.0 824.0 349.0 1079.0 
1355.0 59.0 1367.0 561.0 667.0 1024.0 31.0 
661.0 684.0 1170.0 601.0 228.0 492.0 714.0 
1228.0 863.0 839.0 1195.0 818.0 1093.0 1649.0 
1179.0 1851.0 1494.0 1294.0 1687.0 1610.0 2090.0 
1210.0 1702.0 1829.0 1322.0 1809.0 1418.0 1068.0 
1901.0 1983.0 931.0 1798.0 901.0 1031.0 2306.0 
1244.0 1394.0 1400.0 1103.0 950.0 1447.0 1049.0 
1271.0 1499.0 1164.0 657.0 667.0 1841.0 448.0 
1429.0 973.0 897.0 1582.0 497.0 1062.0 1384.0 
2107.0 228.0 1377.0 1314.0 348.0 1710.0 784.0 
1395.0 1112.0 936.0 825.0 914.0 1313.0 1156.0 
632.0 1462.0 1052.0 -10.0 1611.0 1064.0 708.0 
1286.0 1333.0 155.0 962.0 1215.0 1070.0 1156.0 
840.0 1050.0 289.0 1599.0 397.0 1562.0 1092.0 
867.0 1352.0 194.0 2047.0 580.0 1570.0 1428.0 
701.0 1231.0 1387.0 1254.0 866.0 1863.0 988.0 
1366.0 1079.0 983.0 1291.0 1451.0 1334.0 1025.0 
1699.0 613.0 2101.0 767.0 1491.0 2029.0 -68.0 
3135.0 -791.0 1939.0 2058.0 -624.0 3497.0 -1031.0 
2088.0 1315.0 115.0 2432.0 423.0 1813.0 314.0 
1910.0 632.0 1225.0 1605.0 63.0 1868.0 303.0 
991.0 1239.0 420.0 805.0 1548.0 182.0 1117.0 
1137.0 300.0 2151.0 75.0 1212.0 1286.0 114.0 
1653.0 333.0 1051.0 1122.0 388.0 1215.0 435.0 
970.0 855.0 492.0 1058.0 873.0 1145.0 774.0 
1042.0 1399.0 937.0 1365.0 1126.0 1244.0 1444.0 
960.0 1793.0 1349.0 1101.0 1889.0 1272.0 1435.0 
1622.0 1224.0 1611.0 1183.0 1160.0 1438.0 1062.0 
1155.0 1007.0 1087.0 902.0 1079.0 966.0 984.0 
1260.0 833.0 1098.0 1161.0 1001.0 1177.0 1008.0 
1063.0 1236.0 751.0 1680.0 1083.0 953.0 1791.0 
737.0 1657.0 1270.0 1115.0 1907.0 894.0 1477.0 
1647.0 920.0 1500.0 1441.0 1141.0 1070.0 1415.0 
1174.0 1079.0 1223.0 863.0 1589.0 875.0 1132.0 
1027.0 914.0 1429.0 667.0 1444.0 869.0 854.0 
1211.0 978.0 1248.0 758.0 1068.0 1155.0 699.0 
1011.0 1036.0 830.0 1005.0 769.0 1240.0 910.0 
938.0 1293.0 643.0 1380.0 910.0 881.0 1337.0 
733.0 1067.0 883.0 958.0 969.0 700.0 989.0 
874.0 780.0 810.0 1019.0 657.0 770.0 967.0 
731.0 1028.0 820.0 740.0 1021.0 1009.0 700.0 
1297.0 1117.0 638.0 1018.0 1111.0 995.0 1112.0 
1346.0 798.0 1341.0 1180.0 1098.0 1517.0 1167.0 
1334.0 1431.0 1507.0 1272.0 1704.0 1549.0 1619.0 
1783.0 1538.0 1772.0 1609.0 1604.0 1696.0 1855.0 
1570.0 1715.0 1501.0 1591.0 1725.0 1619.0 1987.0 
1232.0 1557.0 1576.0 1561.0 1706.0 981.0 1449.0 
1298.0 1152.0 1176.0 955.0 1000.0 954.0 863.0 
962.0 815.0 633.0 1032.0 779.0 858.0 581.0 
744.0 967.0 685.0 840.0 693.0 782.0 517.0 
703.0 654.0 574.0 694.0 569.0 473.0 401.0 
504.0 609.0 534.0 246.0 598.0 380.0 368.0 
559.0 535.0 791.0 549.0 551.0 778.0 737.0 
716.0 1005.0 1048.0 955.0 701.0 965.0 1069.0 
895.0 1122.0 1062.0 1129.0 836.0 1272.0 1134.0 
1219.0 1553.0 954.0 1765.0 1490.0 1303.0 1808.0 
1467.0 1934.0 1855.0 1529.0 1741.0 1534.0 1890.0 
1847.0 1649.0 1707.0 1264.0 1561.0 1466.0 1386.0 
1411.0 1196.0 1300.0 1217.0 1251.0 1232.0 1307.0 
1374.0 1313.0 1267.0 1246.0 1421.0 1366.0 1317.0 
1506.0 1582.0 1408.0 1235.0 1549.0 1383.0 1521.0 
1516.0 1191.0 1190.0 1130.0 1215.0 838.0 1312.0 
922.0 867.0 929.0 520.0 938.0 698.0 1103.0 
638.0 1014.0 1087.0 746.0 1240.0 990.0 1312.0 
1026.0 927.0 852.0 1039.0 820.0 655.0 834.0 
618.0 585.0 301.0 785.0 306.0 511.0 906.0 
384.0 490.0 282.0 675.0 763.0 568.0 736.0 
733.0 675.0 682.0 621.0 893.0 1038.0 796.0 
944.0 793.0 842.0 1015.0 1070.0 982.0 917.0 
983.0 859.0 1191.0 1077.0 1057.0 1089.0 1079.0 
1250.0 1142.0 1456.0 1283.0 1494.0 1411.0 1322.0 
1690.0 1295.0 1645.0 1668.0 1595.0 1629.0 1429.0 
1601.0 1556.0 1590.0 1676.0 1716.0 1695.0 1634.0 
1578.0 1662.0 1740.0 1801.0 1823.0 1663.0 1616.0 
1671.0 1608.0 1953.0 1758.0 1363.0 1871.0 1593.0 
1842.0 1901.0 1719.0 1971.0 1708.0 1937.0 1918.0 
1886.0 1629.0 1560.0 1529.0 1505.0 1151.0 1082.0 
1290.0 906.0 1329.0 670.0 743.0 954.0 589.0 
883.0 371.0 650.0 627.0 577.0 499.0 102.0 
682.0 428.0 337.0 205.0 142.0 477.0 166.0 
423.0 181.0 164.0 246.0 262.0 435.0 47.0 
41.0 217.0 315.0 213.0 411.0 278.0 467.0 
603.0 311.0 706.0 808.0 630.0 844.0 1038.0 
704.0 1148.0 968.0 931.0 1370.0 947.0 1311.0 
1151.0 1092.0 1351.0 1128.0 1094.0 1451.0 1337.0 
1060.0 1344.0 1316.0 1503.0 1484.0 1432.0 1553.0 
1450.0 1444.0 1501.0 1599.0 1762.0 1621.0 1505.0 
1356.0 1416.0 1717.0 1626.0 1650.0 1383.0 1608.0 
1736.0 1640.0 1609.0 1668.0 1935.0 1528.0 1883.0 
1830.0 1636.0 1686.0 1818.0 2195.0 1717.0 1644.0 
1576.0 1680.0 1624.0 1738.0 1615.0 1354.0 1442.0 
1114.0 1749.0 1229.0 1024.0 1570.0 1030.0 1254.0 
1136.0 1050.0 1105.0 741.0 1241.0 1158.0 577.0 
775.0 827.0 980.0 900.0 607.0 1050.0 808.0 
612.0 842.0 667.0 790.0 693.0 625.0 576.0 
646.0 566.0 416.0 581.0 476.0 535.0 654.0 
523.0 623.0 558.0 462.0 716.0 564.0 804.0 
878.0 750.0 713.0 725.0 1138.0 983.0 1068.0 
783.0 684.0 908.0 565.0 901.0 1075.0 718.0 
581.0 1330.0 1210.0 579.0 680.0 442.0 1033.0 
1284.0 953.0 1168.0 1047.0 531.0 1736.0 1430.0 
547.0 1530.0 530.0 1550.0 1521.0 638.0 1335.0 
1326.0 1256.0 1131.0 2019.0 1054.0 1117.0 1348.0 
1031.0 1341.0 1213.0 1491.0 694.0 1192.0 1616.0 
913.0 1256.0 1656.0 1079.0 1531.0 1761.0 865.0 
1909.0 1783.0 1596.0 1970.0 1951.0 2135.0 1632.0 
2083.0 1791.0 2301.0 1949.0 1950.0 2039.0 1803.0 
2338.0 958.0 2624.0 1394.0 1889.0 2140.0 264.0 
2406.0 52.0 1385.0 525.0 916.0 2563.0 402.0 
2884.0 -1157.0 1111.0 1863.0 -1701.0 2840.0 32.0 
1195.0 958.0 -10.0 2252.0 -1505.0 1942.0 489.0 
199.0 1341.0 -872.0 1686.0 -1140.0 854.0 1176.0 
-136.0 894.0 -344.0 80.0 -60.0 924.0 130.0 
637.0 118.0 -67.0 493.0 -143.0 1134.0 -137.0 
663.0 317.0 -970.0 1133.0 1003.0 330.0 640.0 
564.0 475.0 828.0 1177.0 1219.0 1209.0 1900.0 
838.0 805.0 2053.0 1098.0 1981.0 1958.0 1514.0 
1983.0 1488.0 1698.0 1942.0 2298.0 2127.0 1647.0 
1922.0 1791.0 1745.0 2084.0 1951.0 1803.0 1691.0 
1477.0 1519.0 1685.0 1598.0 1997.0 1532.0 1043.0 
1624.0 941.0 1544.0 2124.0 977.0 1469.0 1067.0 
786.0 1346.0 1283.0 1574.0 843.0 1087.0 898.0 
998.0 1320.0 1180.0 1342.0 646.0 1548.0 344.0 
623.0 1450.0 687.0 1407.0 281.0 1042.0 851.0 
756.0 1357.0 699.0 1740.0 898.0 991.0 1174.0 
1037.0 1673.0 1024.0 1305.0 891.0 1090.0 1085.0 
796.0 1144.0 863.0 1237.0 580.0 904.0 871.0 
652.0 1290.0 553.0 1000.0 505.0 249.0 1087.0 
370.0 788.0 820.0 575.0 888.0 432.0 962.0 
1051.0 1260.0 1220.0 671.0 1382.0 1431.0 1377.0 
1499.0 1255.0 1608.0 1296.0 1172.0 1791.0 1405.0 
1551.0 1482.0 1174.0 1448.0 1367.0 952.0 1247.0 
1204.0 1103.0 1311.0 651.0 1246.0 811.0 932.0 
1366.0 731.0 1014.0 961.0 1095.0 796.0 1252.0 
1112.0 847.0 1189.0 932.0 1427.0 924.0 1182.0 
1195.0 911.0 1248.0 950.0 1280.0 737.0 1172.0 
1428.0 1001.0 1173.0 1219.0 1515.0 1017.0 1285.0 
1353.0 1254.0 1251.0 1095.0 1507.0 957.0 1087.0 
1558.0 1193.0 1033.0 1186.0 1153.0 1122.0 1258.0 
1299.0 1095.0 1066.0 1173.0 1057.0 1295.0 950.0 
1258.0 1014.0 748.0 1152.0 896.0 1026.0 590.0 
956.0 778.0 888.0 776.0 634.0 1142.0 514.0 
1023.0 818.0 886.0 841.0 675.0 1065.0 959.0 
890.0 828.0 934.0 790.0 1096.0 1001.0 1017.0 
1032.0 1211.0 1028.0 1001.0 1665.0 1292.0 1297.0 
1571.0 1424.0 1305.0 1612.0 1625.0 1648.0 1435.0 
1350.0 1802.0 1244.0 1522.0 1556.0 1348.0 1673.0 
1190.0 1408.0 1316.0 1534.0 1227.0 1151.0 1692.0 
880.0 1501.0 1103.0 1211.0 1421.0 1213.0 1509.0 
549.0 1557.0 1251.0 1224.0 1444.0 977.0 1291.0 
865.0 1218.0 1036.0 1054.0 977.0 1049.0 697.0 
758.0 1484.0 595.0 1152.0 1147.0 484.0 1265.0 
888.0 737.0 987.0 755.0 1018.0 669.0 661.0 
709.0 762.0 974.0 522.0 968.0 527.0 788.0 
1264.0 230.0 1071.0 868.0 340.0 1073.0 477.0 
536.0 895.0 579.0 800.0 855.0 614.0 722.0 
775.0 938.0 889.0 758.0 776.0 827.0 1102.0 
976.0 1038.0 986.0 924.0 878.0 1291.0 1345.0 
724.0 1466.0 1337.0 1141.0 1506.0 1302.0 1660.0 
1426.0 1575.0 1673.0 1662.0 1995.0 1316.0 1921.0 
1842.0 1437.0 2069.0 1531.0 1636.0 1744.0 1837.0 
1857.0 1555.0 1756.0 1666.0 1845.0 1748.0 1456.0 
1516.0 1525.0 1331.0 1297.0 1264.0 1217.0 1226.0 
944.0 1181.0 1111.0 864.0 1054.0 1014.0 896.0 
1017.0 896.0 813.0 1044.0 859.0 885.0 904.0 
885.0 954.0 895.0 855.0 912.0 855.0 648.0 
958.0 860.0 645.0 781.0 678.0 733.0 740.0 
629.0 572.0 623.0 631.0 555.0 626.0 705.0 
517.0 603.0 768.0 653.0 730.0 655.0 766.0 
869.0 936.0 856.0 851.0 1073.0 930.0 975.0 
1064.0 1107.0 933.0 967.0 1085.0 966.0 1138.0 
1185.0 1070.0 1249.0 1295.0 1294.0 1542.0 1283.0 
1451.0 1606.0 1259.0 1578.0 1501.0 1516.0 1642.0 
1514.0 1692.0 1476.0 1660.0 1702.0 1402.0 1696.0 
1772.0 1479.0 1414.0 1528.0 1327.0 1279.0 1440.0 
1278.0 1122.0 1171.0 1186.0 1129.0 973.0 1120.0 
999.0 797.0 1056.0 732.0 1061.0 1034.0 683.0 
1206.0 747.0 1003.0 995.0 765.0 1409.0 852.0 
1129.0 1190.0 808.0 1027.0 1045.0 1100.0 1215.0 
1118.0 920.0 1438.0 876.0 1315.0 1271.0 807.0 
1427.0 653.0 1341.0 1187.0 833.0 1381.0 815.0 
1088.0 1012.0 927.0 1325.0 1013.0 1134.0 1469.0 
733.0 1280.0 1322.0 737.0 1668.0 834.0 1197.0 
1282.0 750.0 1551.0 1054.0 1157.0 1341.0 1044.0 
1450.0 1521.0 998.0 1816.0 1262.0 1121.0 1588.0 
969.0 1390.0 971.0 1361.0 1033.0 972.0 1135.0 
880.0 1334.0 792.0 1171.0 1036.0 890.0 1038.0 
894.0 930.0 878.0 1127.0 691.0 810.0 899.0 
678.0 1116.0 657.0 936.0 1053.0 862.0 1294.0 
729.0 1171.0 1259.0 1037.0 1144.0 1016.0 996.0 
1098.0 1246.0 994.0 1243.0 900.0 1127.0 1172.0 
1048.0 1235.0 943.0 1074.0 994.0 1086.0 911.0 
1033.0 866.0 827.0 1171.0 796.0 909.0 1088.0 
659.0 1045.0 1219.0 818.0 1154.0 858.0 1193.0 
1186.0 866.0 1105.0 980.0 1058.0 910.0 1156.0 
1067.0 887.0 1056.0 918.0 1144.0 1133.0 926.0 
1292.0 1182.0 1235.0 1417.0 1222.0 1420.0 1446.0 
1472.0 1619.0 1534.0 1294.0 1795.0 1583.0 1464.0 
1806.0 1429.0 1834.0 1511.0 1684.0 1735.0 1598.0 
1662.0 1411.0 1790.0 1211.0 1545.0 1572.0 1011.0 
1542.0 1440.0 827.0 1506.0 1082.0 931.0 1565.0 
432.0 1231.0 1075.0 942.0 1019.0 755.0 1184.0 
681.0 964.0 588.0 896.0 660.0 557.0 874.0 
593.0 751.0 532.0 806.0 394.0 754.0 744.0 
386.0 730.0 271.0 814.0 575.0 452.0 707.0 
335.0 727.0 435.0 633.0 621.0 435.0 678.0 
422.0 586.0 542.0 674.0 560.0 625.0 776.0 
450.0 1061.0 698.0 576.0 1143.0 992.0 1169.0 
967.0 1287.0 1403.0 1488.0 1447.0 1452.0 1805.0 
1584.0 1605.0 1427.0 2085.0 1657.0 1580.0 2043.0 
1267.0 2055.0 2033.0 1513.0 1840.0 1618.0 1566.0 
1724.0 1655.0 1716.0 1727.0 1574.0 1627.0 1603.0 
1580.0 1802.0 1711.0 1504.0 1911.0 1693.0 1339.0 
1803.0 1510.0 1400.0 1492.0 1365.0 1371.0 1095.0 
1201.0 1240.0 1250.0 833.0 1113.0 959.0 675.0 
1398.0 476.0 819.0 912.0 443.0 836.0 291.0 
728.0 622.0 272.0 556.0 528.0 280.0 212.0 
641.0 350.0 488.0 492.0 291.0 802.0 500.0 
443.0 877.0 389.0 258.0 841.0 616.0 413.0 
747.0 731.0 466.0 558.0 754.0 665.0 930.0 
715.0 870.0 898.0 818.0 1385.0 763.0 1421.0 
1531.0 1453.0 1469.0 1437.0 2185.0 1277.0 1984.0 
1830.0 1532.0 2135.0 1399.0 1590.0 1992.0 1594.0 
1411.0 1842.0 1324.0 1622.0 1577.0 1164.0 1810.0 
1363.0 1289.0 1403.0 1293.0 1239.0 1284.0 1308.0 
1029.0 1110.0 1163.0 1240.0 1122.0 1008.0 1247.0 
1143.0 921.0 1235.0 997.0 836.0 982.0 792.0 
1087.0 929.0 720.0 1052.0 988.0 720.0 991.0 
1001.0 882.0 871.0 853.0 866.0 967.0 937.0 
633.0 1062.0 803.0 665.0 849.0 787.0 994.0 
668.0 807.0 758.0 800.0 810.0 763.0 934.0 
728.0 1026.0 452.0 1037.0 1277.0 548.0 1442.0 
918.0 1097.0 1306.0 902.0 1579.0 1150.0 1276.0 
1103.0 1059.0 1238.0 891.0 1339.0 1127.0 1181.0 
1211.0 1073.0 1342.0 1300.0 1318.0 1811.0 1051.0 
1335.0 1631.0 1126.0 1956.0 1026.0 1733.0 1565.0 
960.0 1802.0 1175.0 1336.0 1324.0 1286.0 1066.0 
1508.0 902.0 1255.0 1593.0 946.0 1506.0 1093.0 
1757.0 1094.0 1419.0 1824.0 1357.0 1741.0 1617.0 
1797.0 1513.0 1584.0 1577.0 1622.0 1329.0 1372.0 
1241.0 1005.0 986.0 922.0 865.0 460.0 1015.0 
481.0 409.0 894.0 483.0 894.0 440.0 652.0 
1047.0 532.0 977.0 744.0 438.0 1057.0 745.0 
350.0 1125.0 796.0 700.0 1143.0 643.0 1238.0 
980.0 776.0 1440.0 596.0 809.0 1358.0 764.0 
1067.0 1124.0 686.0 1298.0 1025.0 918.0 1511.0 
1093.0 779.0 1494.0 1403.0 1060.0 1694.0 898.0 
1743.0 1247.0 881.0 2001.0 405.0 1303.0 865.0 
871.0 1100.0 76.0 1314.0 530.0 641.0 840.0 
613.0 774.0 495.0 986.0 881.0 913.0 829.0 
822.0 1022.0 800.0 1175.0 1319.0 786.0 1354.0 
1301.0 1102.0 1645.0 1223.0 1458.0 1512.0 1311.0 
1407.0 1461.0 1380.0 1240.0 1615.0 1227.0 1246.0 
1497.0 1456.0 1337.0 1467.0 1575.0 1370.0 1426.0 
1229.0 1703.0 1451.0 1256.0 1590.0 1390.0 1347.0 
1499.0 1683.0 1483.0 1469.0 1305.0 1315.0 1356.0 
1324.0 1259.0 1171.0 1183.0 897.0 1186.0 993.0 
1114.0 1132.0 931.0 1106.0 718.0 1006.0 1098.0 
1169.0 893.0 991.0 1035.0 801.0 1364.0 1038.0 
1075.0 1241.0 942.0 937.0 1051.0 1149.0 844.0 
951.0 1079.0 655.0 1144.0 810.0 744.0 1314.0 
630.0 1146.0 903.0 783.0 1104.0 714.0 1475.0 
987.0 623.0 1050.0 1015.0 997.0 679.0 1010.0 
888.0 359.0 794.0 784.0 670.0 840.0 612.0 
702.0 589.0 895.0 1024.0 636.0 1118.0 964.0 
788.0 1125.0 887.0 779.0 1245.0 1056.0 901.0 
1112.0 949.0 1342.0 1119.0 1102.0 1377.0 885.0 
1223.0 1268.0 1045.0 1245.0 1121.0 1191.0 1238.0 
1030.0 1084.0 1422.0 1287.0 1293.0 1434.0 1297.0 
1478.0 1379.0 1646.0 1695.0 1213.0 1754.0 1421.0 
1400.0 1829.0 1306.0 1623.0 1400.0 1586.0 1570.0 
1216.0 1344.0 1113.0 1308.0 1207.0 1104.0 868.0 
987.0 1017.0 939.0 1030.0 851.0 876.0 849.0 
997.0 990.0 1028.0 1048.0 899.0 1104.0 1106.0 
1005.0 1146.0 1121.0 1039.0 1001.0 1106.0 993.0 
823.0 1142.0 973.0 779.0 1179.0 667.0 661.0 
992.0 836.0 877.0 607.0 1154.0 988.0 1048.0 
1150.0 886.0 1498.0 1138.0 1186.0 1411.0 1236.0 
1437.0 1416.0 1244.0 1477.0 1249.0 1110.0 1452.0 
1311.0 1257.0 1288.0 1098.0 1055.0 1180.0 1444.0 
1052.0 769.0 1434.0 974.0 940.0 884.0 944.0 
1159.0 765.0 1246.0 976.0 1080.0 1147.0 1090.0 
1231.0 952.0 1237.0 973.0 933.0 1120.0 908.0 
984.0 935.0 974.0 570.0 886.0 1172.0 649.0 
976.0 669.0 1029.0 988.0 760.0 1046.0 734.0 
1316.0 579.0 868.0 1482.0 741.0 1263.0 965.0 
1111.0 1211.0 1143.0 1383.0 749.0 1588.0 1066.0 
868.0 1699.0 709.0 1133.0 1147.0 1007.0 1177.0 
884.0 1137.0 901.0 1134.0 1006.0 1127.0 1328.0 
911.0 1415.0 1293.0 1115.0 1543.0 1205.0 1443.0 
1740.0 1228.0 1470.0 1664.0 1630.0 1351.0 1573.0 
1834.0 1463.0 1630.0 1472.0 1588.0 1563.0 1279.0 
1396.0 1474.0 1199.0 1295.0 1361.0 1123.0 1339.0 
1024.0 1002.0 1086.0 985.0 1091.0 700.0 1031.0 
811.0 644.0 765.0 472.0 981.0 106.0 832.0 
620.0 252.0 683.0 81.0 1172.0 303.0 661.0 
347.0 408.0 882.0 319.0 976.0 125.0 509.0 
700.0 703.0 493.0 735.0 729.0 738.0 1077.0 
659.0 782.0 1009.0 1262.0 413.0 1426.0 1039.0 
930.0 1273.0 1113.0 1446.0 888.0 1519.0 792.0 
1581.0 1220.0 1091.0 1570.0 1156.0 1422.0 1099.0 
1655.0 1343.0 1255.0 1567.0 1167.0 1159.0 2003.0 
862.0 1515.0 1578.0 964.0 2196.0 645.0 1480.0 
1791.0 1118.0 2072.0 1235.0 1154.0 2476.0 1435.0 
1602.0 2520.0 1031.0 2782.0 1878.0 1448.0 2967.0 
1285.0 2584.0 2038.0 1567.0 2396.0 1681.0 1842.0 
1524.0 1662.0 1940.0 856.0 1270.0 1784.0 648.0 
1540.0 875.0 518.0 1368.0 198.0 776.0 827.0 
470.0 565.0 18.0 923.0 114.0 318.0 400.0 
-100.0 643.0 -444.0 255.0 222.0 83.0 -4.0 
-128.0 215.0 41.0 -14.0 62.0 281.0 -265.0 
473.0 -57.0 459.0 241.0 513.0 750.0 489.0 
1506.0 -128.0 1784.0 1045.0 691.0 1636.0 720.0 
1925.0 953.0 1410.0 1348.0 1330.0 1337.0 1384.0 
1586.0 1054.0 1637.0 1430.0 1682.0 1349.0 1734.0 
1416.0 1789.0 1595.0 1430.0 2101.0 1136.0 1881.0 
1348.0 1898.0 1626.0 1162.0 1897.0 1645.0 1642.0 
1689.0 1839.0 1316.0 1938.0 1341.0 1676.0 1813.0 
1123.0 1831.0 901.0 1521.0 1619.0 1016.0 1370.0 
1191.0 1108.0 1248.0 1563.0 1028.0 1607.0 900.0 
749.0 1629.0 973.0 1216.0 939.0 1404.0 1318.0 
713.0 1141.0 779.0 865.0 1362.0 534.0 1308.0 
1019.0 393.0 1445.0 539.0 1076.0 789.0 906.0 
761.0 180.0 1154.0 580.0 855.0 1004.0 926.0 
950.0 398.0 764.0 884.0 413.0 1095.0 651.0 
683.0 1100.0 416.0 888.0 1003.0 1306.0 812.0 
654.0 1034.0 1186.0 1284.0 457.0 1050.0 1592.0 
1079.0 668.0 1096.0 992.0 733.0 1607.0 1152.0 
842.0 1233.0 781.0 854.0 1094.0 671.0 1105.0 
1292.0 459.0 1295.0 1524.0 474.0 1132.0 1184.0 
755.0 830.0 1594.0 544.0 900.0 2160.0 -270.0 
2361.0 1129.0 646.0 2704.0 -233.0 2457.0 1215.0 
802.0 2276.0 942.0 2375.0 1088.0 1864.0 2290.0 
649.0 1864.0 1484.0 1291.0 1441.0 1463.0 1464.0 
1313.0 1701.0 1108.0 1230.0 1177.0 1458.0 852.0 
938.0 1709.0 365.0 1792.0 1096.0 457.0 1722.0 
48.0 1429.0 770.0 775.0 1184.0 452.0 1239.0 
472.0 1255.0 676.0 576.0 1275.0 880.0 431.0 
1054.0 1138.0 608.0 1205.0 990.0 864.0 1239.0 
665.0 795.0 1518.0 861.0 619.0 1403.0 662.0 
833.0 1714.0 371.0 1224.0 1077.0 738.0 1159.0 
821.0 1191.0 1249.0 957.0 949.0 1539.0 643.0 
1511.0 876.0 952.0 1868.0 298.0 1532.0 1223.0 
1058.0 1037.0 750.0 1627.0 1330.0 915.0 963.0 
1381.0 613.0 1548.0 1251.0 859.0 1218.0 786.0 
1804.0 673.0 1177.0 1226.0 809.0 1255.0 697.0 
1715.0 373.0 1320.0 1270.0 274.0 1972.0 567.0 
1601.0 577.0 1235.0 1697.0 668.0 1834.0 458.0 
2269.0 700.0 1231.0 1712.0 703.0 1988.0 548.0 
1477.0 1150.0 1214.0 929.0 1147.0 1276.0 584.0 
1458.0 499.0 1086.0 1153.0 351.0 1159.0 1079.0 
775.0 1307.0 919.0 1271.0 1219.0 1239.0 1885.0 
972.0 1724.0 1157.0 953.0 1833.0 1059.0 1354.0 
830.0 891.0 1586.0 769.0 820.0 1187.0 1191.0 
410.0 1327.0 1137.0 332.0 1741.0 284.0 1245.0 
1205.0 515.0 1294.0 656.0 1488.0 683.0 999.0 
1696.0 118.0 1272.0 1367.0 20.0 1787.0 700.0 
433.0 1492.0 535.0 1043.0 1362.0 488.0 1196.0 
1103.0 811.0 1574.0 485.0 1613.0 1440.0 347.0 
1860.0 1296.0 1083.0 1934.0 847.0 1693.0 1444.0 
973.0 1992.0 555.0 1570.0 1332.0 670.0 1676.0 
777.0 1364.0 1102.0 712.0 1588.0 813.0 748.0 
1642.0 101.0 1272.0 1266.0 -113.0 1921.0 -136.0 
1032.0 1321.0 281.0 1329.0 375.0 1401.0 856.0 
1406.0 901.0 1384.0 1512.0 948.0 1905.0 766.0 
1961.0 992.0 1240.0 1533.0 1010.0 1555.0 833.0 
1598.0 1108.0 1371.0 1165.0 999.0 1387.0 902.0 
1245.0 1207.0 839.0 1047.0 1187.0 1061.0 1332.0 
956.0 1147.0 1297.0 1154.0 1131.0 1321.0 1080.0 
1116.0 1443.0 838.0 1537.0 767.0 879.0 1278.0 
447.0 1259.0 718.0 784.0 999.0 690.0 991.0 
870.0 845.0 637.0 1167.0 973.0 777.0 1237.0 
751.0 1014.0 1185.0 736.0 1182.0 1115.0 729.0 
1130.0 1051.0 719.0 1074.0 1125.0 541.0 1429.0 
935.0 889.0 1519.0 703.0 1589.0 1076.0 1074.0 
1548.0 986.0 1333.0 1264.0 1190.0 1481.0 1240.0 
1301.0 1466.0 1235.0 1518.0 1629.0 1517.0 1417.0 
1609.0 1411.0 1734.0 1356.0 1355.0 1996.0 1077.0 
1601.0 1699.0 1336.0 1782.0 1456.0 1320.0 1714.0 
1382.0 1246.0 1277.0 1353.0 1094.0 821.0 1359.0 
564.0 812.0 929.0 601.0 799.0 494.0 874.0 
551.0 507.0 847.0 598.0 643.0 763.0 893.0 
646.0 746.0 1147.0 619.0 1085.0 899.0 1062.0 
1224.0 795.0 1656.0 888.0 1308.0 1565.0 886.0 
1363.0 1406.0 1200.0 1191.0 1218.0 1032.0 1063.0 
1063.0 1145.0 846.0 952.0 907.0 628.0 1043.0 
748.0 456.0 935.0 625.0 544.0 967.0 598.0 
610.0 704.0 838.0 660.0 702.0 950.0 830.0 
718.0 877.0 1226.0 853.0 913.0 916.0 1451.0 
1228.0 994.0 1760.0 1239.0 1380.0 1405.0 1624.0 
1537.0 1555.0 1580.0 1281.0 1754.0 1233.0 1672.0 
1436.0 1219.0 1583.0 1371.0 1557.0 1321.0 1739.0 
1580.0 1354.0 1458.0 1689.0 1591.0 1246.0 1749.0 
1475.0 1467.0 1289.0 1301.0 1646.0 985.0 1144.0 
1271.0 1295.0 1317.0 792.0 1268.0 1247.0 992.0 
1219.0 1180.0 1452.0 889.0 863.0 1425.0 1184.0 
1008.0 1049.0 889.0 1005.0 959.0 724.0 1077.0 
674.0 518.0 757.0 620.0 567.0 755.0 476.0 
483.0 713.0 424.0 665.0 482.0 1041.0 646.0 
415.0 1076.0 534.0 905.0 538.0 841.0 1092.0 
540.0 605.0 574.0 874.0 508.0 726.0 778.0 
510.0 641.0 530.0 793.0 843.0 815.0 956.0 
1048.0 953.0 1006.0 1655.0 1384.0 1224.0 1780.0 
1334.0 1691.0 1844.0 1425.0 1686.0 1623.0 1658.0 
1392.0 1749.0 1697.0 1178.0 1807.0 1589.0 1587.0 
1638.0 1409.0 1665.0 1545.0 1540.0 1651.0 1378.0 
1350.0 1584.0 1374.0 1410.0 1254.0 1361.0 1277.0 
1100.0 1459.0 1267.0 1144.0 1198.0 1419.0 1074.0 
1231.0 1557.0 992.0 1327.0 1259.0 884.0 1212.0 
1134.0 929.0 903.0 1016.0 1049.0 926.0 1061.0 
987.0 1211.0 1137.0 1007.0 1460.0 1200.0 1089.0 
1185.0 1274.0 1162.0 1054.0 1047.0 1033.0 1021.0 
754.0 1085.0 911.0 692.0 1102.0 636.0 710.0 
910.0 657.0 682.0 466.0 835.0 567.0 714.0 
812.0 627.0 1019.0 440.0 1027.0 905.0 561.0 
855.0 641.0 1028.0 717.0 957.0 1009.0 580.0 
1016.0 